 1  1 D   -8 -479
 1  2 D   -8 -482
 1  3 D   -8 -478
 1  4 D   -8 -475
 1  5 D   -8 -476
 1  6 D   -8 -473
 1  7 D   -8 -478
 1  8 D   -8 -481
 1  9 D   -8  NaN
 1 10 D   -8  NaN
 1 11 D   -8  NaN
 1 12 D   -8  NaN
 1 13 D   -8 -485
 1 14 D   -8  NaN
 1 15 D   -8  NaN
 1 16 D   -8  NaN
 1 17 D   -8  NaN
 1 18 D   -8 -476
 1 19 D   -8 -479
 1 20 D   -8 -481
 1 21 D   -8 -480
 1 22 D   -8 -479
 1 23 D   -8 -478
 1 24 D   -8 -477
 1 25 D   -8 -482
 1 26 D   -8 -477
 1 27 D   -8 -478
 1 28 D   -8 -477
 1 29 D   -8 -474
 1 30 D   -8 -477
 1 31 D   -8 -476
 1  1 H  290  477
 1  2 H  290  488
 1  3 H  290  500
 1  4 H  290  504
 1  5 H  290  465
 1  6 H  290  470
 1  7 H  290  491
 1  8 H  290  486
 1  9 H  290  NaN
 1 10 H  290  NaN
 1 11 H  290  NaN
 1 12 H  290  NaN
 1 13 H  290  459
 1 14 H  290  NaN
 1 15 H  290  NaN
 1 16 H  290  NaN
 1 17 H  290  NaN
 1 18 H  290  469
 1 19 H  290  478
 1 20 H  290  457
 1 21 H  290  438
 1 22 H  290  464
 1 23 H  290  480
 1 24 H  290  484
 1 25 H  290  494
 1 26 H  290  498
 1 27 H  290  494
 1 28 H  290  490
 1 29 H  290  488
 1 30 H  290  494
 1 31 H  290  465
 1  1 Z  230  501
 1  2 Z  230  498
 1  3 Z  230  495
 1  4 Z  230  493
 1  5 Z  230  500
 1  6 Z  230  501
 1  7 Z  230  494
 1  8 Z  230  495
 1  9 Z  230  NaN
 1 10 Z  230  NaN
 1 11 Z  230  NaN
 1 12 Z  230  NaN
 1 13 Z  230  499
 1 14 Z  230  NaN
 1 15 Z  230  NaN
 1 16 Z  230  NaN
 1 17 Z  230  NaN
 1 18 Z  230  501
 1 19 Z  230  499
 1 20 Z  230  497
 1 21 Z  230  508
 1 22 Z  230  500
 1 23 Z  230  495
 1 24 Z  230  488
 1 25 Z  230  493
 1 26 Z  230  492
 1 27 Z  230  491
 1 28 Z  230  490
 1 29 Z  230  491
 1 30 Z  230  489
 1 31 Z  230  492
 2  1 D   -8 -469
 2  2 D   -8 -471
 2  3 D   -8 -467
 2  4 D   -8 -473
 2  5 D   -8 -467
 2  6 D   -8 -472
 2  7 D   -8 -465
 2  8 D   -8 -467
 2  9 D   -8 -470
 2 10 D   -8  NaN
 2 11 D   -8  NaN
 2 12 D   -8 -471
 2 13 D   -8 -469
 2 14 D   -8  NaN
 2 15 D   -8  NaN
 2 16 D   -8 -467
 2 17 D   -8 -470
 2 18 D   -8 -466
 2 19 D   -8 -468
 2 20 D   -8 -467
 2 21 D   -8 -466
 2 22 D   -8 -458
 2 23 D   -8 -463
 2 24 D   -8 -470
 2 25 D   -8 -470
 2 26 D   -8 -471
 2 27 D   -8 -464
 2 28 D   -8 -464
 2  1 H  290  458
 2  2 H  290  457
 2  3 H  290  450
 2  4 H  290  470
 2  5 H  290  477
 2  6 H  290  474
 2  7 H  290  476
 2  8 H  290  486
 2  9 H  290  491
 2 10 H  290  482
 2 11 H  290  494
 2 12 H  290  488
 2 13 H  290  479
 2 14 H  290  488
 2 15 H  290  NaN
 2 16 H  290  486
 2 17 H  290  503
 2 18 H  290  505
 2 19 H  290  516
 2 20 H  290  500
 2 21 H  290  505
 2 22 H  290  504
 2 23 H  290  509
 2 24 H  290  508
 2 25 H  290  525
 2 26 H  290  519
 2 27 H  290  511
 2 28 H  290  512
 2  1 Z  230  499
 2  2 Z  230  500
 2  3 Z  230  502
 2  4 Z  230  497
 2  5 Z  230  492
 2  6 Z  230  495
 2  7 Z  230  496
 2  8 Z  230  490
 2  9 Z  230  491
 2 10 Z  230  491
 2 11 Z  230  490
 2 12 Z  230  491
 2 13 Z  230  494
 2 14 Z  230  NaN
 2 15 Z  230  NaN
 2 16 Z  230  488
 2 17 Z  230  492
 2 18 Z  230  487
 2 19 Z  230  487
 2 20 Z  230  487
 2 21 Z  230  488
 2 22 Z  230  489
 2 23 Z  230  484
 2 24 Z  230  482
 2 25 Z  230  481
 2 26 Z  230  483
 2 27 Z  230  482
 2 28 Z  230  478
 3  1 D   -8 -468
 3  2 D   -8 -463
 3  3 D   -8 -464
 3  4 D   -8 -463
 3  5 D   -8 -463
 3  6 D   -8 -465
 3  7 D   -8 -462
 3  8 D   -8 -463
 3  9 D   -8 -456
 3 10 D   -8 -461
 3 11 D   -8 -462
 3 12 D   -8 -459
 3 13 D   -8 -463
 3 14 D   -8 -443
 3 15 D   -8 -455
 3 16 D   -8 -456
 3 17 D   -8 -456
 3 18 D   -8 -461
 3 19 D   -8 -465
 3 20 D   -8 -466
 3 21 D   -8 -459
 3 22 D   -8 -450
 3 23 D   -8 -465
 3 24 D   -8 -464
 3 25 D   -8 -466
 3 26 D   -8 -461
 3 27 D   -8 -465
 3 28 D   -8 -464
 3 29 D   -8 -456
 3 30 D   -8 -456
 3 31 D   -8 -447
 3  1 H  290  500
 3  2 H  290  484
 3  3 H  290  462
 3  4 H  290  480
 3  5 H  290  486
 3  6 H  290  501
 3  7 H  290  496
 3  8 H  290  508
 3  9 H  290  465
 3 10 H  290  476
 3 11 H  290  493
 3 12 H  290  493
 3 13 H  290  NaN
 3 14 H  290  NaN
 3 15 H  290  430
 3 16 H  290  452
 3 17 H  290  439
 3 18 H  290  471
 3 19 H  290  458
 3 20 H  290  470
 3 21 H  290  476
 3 22 H  290  475
 3 23 H  290  457
 3 24 H  290  476
 3 25 H  290  494
 3 26 H  290  503
 3 27 H  290  519
 3 28 H  290  488
 3 29 H  290  455
 3 30 H  290  463
 3 31 H  290  446
 3  1 Z  230  481
 3  2 Z  230  491
 3  3 Z  230  499
 3  4 Z  230  490
 3  5 Z  230  487
 3  6 Z  230  488
 3  7 Z  230  485
 3  8 Z  230  488
 3  9 Z  230  504
 3 10 Z  230  495
 3 11 Z  230  484
 3 12 Z  230  487
 3 13 Z  230  525
 3 14 Z  230  554
 3 15 Z  230  521
 3 16 Z  230  513
 3 17 Z  230  516
 3 18 Z  230  500
 3 19 Z  230  504
 3 20 Z  230  496
 3 21 Z  230  502
 3 22 Z  230  496
 3 23 Z  230  504
 3 24 Z  230  504
 3 25 Z  230  496
 3 26 Z  230  494
 3 27 Z  230  486
 3 28 Z  230  492
 3 29 Z  230  499
 3 30 Z  230  503
 3 31 Z  230  505
 4  1 D   -8 -452
 4  2 D   -8 -458
 4  3 D   -8 -460
 4  4 D   -8 -450
 4  5 D   -8 -447
 4  6 D   -8 -453
 4  7 D   -8 -461
 4  8 D   -8 -458
 4  9 D   -8 -460
 4 10 D   -8 -459
 4 11 D   -8 -464
 4 12 D   -8 -454
 4 13 D   -8 -456
 4 14 D   -8 -446
 4 15 D   -8 -450
 4 16 D   -8 -455
 4 17 D   -8 -450
 4 18 D   -8 -453
 4 19 D   -8 -458
 4 20 D   -8 -448
 4 21 D   -8 -452
 4 22 D   -8 -454
 4 23 D   -8 -456
 4 24 D   -8 -455
 4 25 D   -8 -454
 4 26 D   -8 -433
 4 27 D   -8 -441
 4 28 D   -8 -439
 4 29 D   -8 -447
 4 30 D   -8 -453
 4  1 H  290  465
 4  2 H  290  478
 4  3 H  290  487
 4  4 H  290  470
 4  5 H  290  467
 4  6 H  290  485
 4  7 H  290  474
 4  8 H  290  490
 4  9 H  290  495
 4 10 H  290  501
 4 11 H  290  517
 4 12 H  290  522
 4 13 H  290  499
 4 14 H  290  504
 4 15 H  290  471
 4 16 H  290  490
 4 17 H  290  484
 4 18 H  290  505
 4 19 H  290  516
 4 20 H  290  509
 4 21 H  290  522
 4 22 H  290  521
 4 23 H  290  501
 4 24 H  290  512
 4 25 H  290  507
 4 26 H  290  443
 4 27 H  290  465
 4 28 H  290  470
 4 29 H  290  489
 4 30 H  290  498
 4  1 Z  230  500
 4  2 Z  230  497
 4  3 Z  230  497
 4  4 Z  230  499
 4  5 Z  230  503
 4  6 Z  230  494
 4  7 Z  230  495
 4  8 Z  230  493
 4  9 Z  230  490
 4 10 Z  230  492
 4 11 Z  230  486
 4 12 Z  230  481
 4 13 Z  230  491
 4 14 Z  230  488
 4 15 Z  230  501
 4 16 Z  230  493
 4 17 Z  230  495
 4 18 Z  230  486
 4 19 Z  230  NaN
 4 20 Z  230  485
 4 21 Z  230  476
 4 22 Z  230  478
 4 23 Z  230  483
 4 24 Z  230  475
 4 25 Z  230  482
 4 26 Z  230  504
 4 27 Z  230  496
 4 28 Z  230  505
 4 29 Z  230  491
 4 30 Z  230  487
 5  1 D   -8 -448
 5  2 D   -8  NaN
 5  3 D   -8 -447
 5  4 D   -8 -445
 5  5 D   -8 -438
 5  6 D   -8 -450
 5  7 D   -8 -457
 5  8 D   -8 -456
 5  9 D   -8 -454
 5 10 D   -8 -468
 5 11 D   -8 -457
 5 12 D   -8 -463
 5 13 D   -8 -468
 5 14 D   -8 -459
 5 15 D   -8 -462
 5 16 D   -8 -456
 5 17 D   -8 -451
 5 18 D   -8 -451
 5 19 D   -8 -449
 5 20 D   -8 -445
 5 21 D   -8 -449
 5 22 D   -8 -447
 5 23 D   -8 -452
 5 24 D   -8 -451
 5 25 D   -8 -443
 5 26 D   -8 -445
 5 27 D   -8 -442
 5 28 D   -8 -448
 5 29 D   -8 -444
 5 30 D   -8 -449
 5 31 D   -8 -445
 5  1 H  290  505
 5  2 H  290  NaN
 5  3 H  290  503
 5  4 H  290  505
 5  5 H  290  481
 5  6 H  290  494
 5  7 H  290  482
 5  8 H  290  500
 5  9 H  290  519
 5 10 H  290  521
 5 11 H  290  524
 5 12 H  290  515
 5 13 H  290  520
 5 14 H  290  526
 5 15 H  290  523
 5 16 H  290  524
 5 17 H  290  516
 5 18 H  290  520
 5 19 H  290  528
 5 20 H  290  521
 5 21 H  290  517
 5 22 H  290  521
 5 23 H  290  519
 5 24 H  290  471
 5 25 H  290  485
 5 26 H  290  498
 5 27 H  290  493
 5 28 H  290  503
 5 29 H  290  510
 5 30 H  290  516
 5 31 H  290  512
 5  1 Z  230  486
 5  2 Z  230  NaN
 5  3 Z  230  486
 5  4 Z  230  485
 5  5 Z  230  494
 5  6 Z  230  489
 5  7 Z  230  493
 5  8 Z  230  489
 5  9 Z  230  485
 5 10 Z  230  478
 5 11 Z  230  475
 5 12 Z  230  485
 5 13 Z  230  485
 5 14 Z  230  479
 5 15 Z  230  483
 5 16 Z  230  481
 5 17 Z  230  482
 5 18 Z  230  474
 5 19 Z  230  476
 5 20 Z  230  475
 5 21 Z  230  473
 5 22 Z  230  474
 5 23 Z  230  481
 5 24 Z  230  488
 5 25 Z  230  487
 5 26 Z  230  485
 5 27 Z  230  489
 5 28 Z  230  486
 5 29 Z  230  485
 5 30 Z  230  484
 5 31 Z  230  485
 6  1 D   -8 -448
 6  2 D   -8 -436
 6  3 D   -8 -445
 6  4 D   -8 -446
 6  5 D   -8 -447
 6  6 D   -8 -442
 6  7 D   -8 -430
 6  8 D   -8 -444
 6  9 D   -8 -438
 6 10 D   -8 -437
 6 11 D   -8 -439
 6 12 D   -8 -435
 6 13 D   -8 -439
 6 14 D   -8 -438
 6 15 D   -8 -429
 6 16 D   -8 -433
 6 17 D   -8 -443
 6 18 D   -8 -442
 6 19 D   -8 -442
 6 20 D   -8 -433
 6 21 D   -8 -437
 6 22 D   -8 -433
 6 23 D   -8 -440
 6 24 D   -8 -439
 6 25 D   -8 -433
 6 26 D   -8 -435
 6 27 D   -8 -432
 6 28 D   -8 -434
 6 29 D   -8 -438
 6 30 D   -8 -428
 6  1 H  290  518
 6  2 H  290  511
 6  3 H  290  511
 6  4 H  290  507
 6  5 H  290  517
 6  6 H  290  517
 6  7 H  290  482
 6  8 H  290  519
 6  9 H  290  480
 6 10 H  290  444
 6 11 H  290  480
 6 12 H  290  494
 6 13 H  290  502
 6 14 H  290  486
 6 15 H  290  470
 6 16 H  290  489
 6 17 H  290  513
 6 18 H  290  528
 6 19 H  290  522
 6 20 H  290  510
 6 21 H  290  506
 6 22 H  290  527
 6 23 H  290  524
 6 24 H  290  529
 6 25 H  290  524
 6 26 H  290  525
 6 27 H  290  529
 6 28 H  290  524
 6 29 H  290  497
 6 30 H  290  498
 6  1 Z  230  479
 6  2 Z  230  485
 6  3 Z  230  478
 6  4 Z  230  481
 6  5 Z  230  477
 6  6 Z  230  473
 6  7 Z  230  483
 6  8 Z  230  476
 6  9 Z  230  488
 6 10 Z  230  498
 6 11 Z  230  487
 6 12 Z  230  483
 6 13 Z  230  486
 6 14 Z  230  487
 6 15 Z  230  488
 6 16 Z  230  483
 6 17 Z  230  475
 6 18 Z  230  469
 6 19 Z  230  474
 6 20 Z  230  479
 6 21 Z  230  474
 6 22 Z  230  474
 6 23 Z  230  478
 6 24 Z  230  474
 6 25 Z  230  474
 6 26 Z  230  471
 6 27 Z  230  471
 6 28 Z  230  470
 6 29 Z  230  471
 6 30 Z  230  480
 7  1 D   -8 -435
 7  2 D   -8 -437
 7  3 D   -8 -435
 7  4 D   -8 -438
 7  5 D   -8 -435
 7  6 D   -8 -438
 7  7 D   -8 -436
 7  8 D   -8 -438
 7  9 D   -8 -440
 7 10 D   -8 -437
 7 11 D   -8 -438
 7 12 D   -8 -437
 7 13 D   -8 -439
 7 14 D   -8 -432
 7 15 D   -8 -431
 7 16 D   -8 -434
 7 17 D   -8 -428
 7 18 D   -8 -440
 7 19 D   -8 -428
 7 20 D   -8 -438
 7 21 D   -8 -429
 7 22 D   -8 -427
 7 23 D   -8 -425
 7 24 D   -8 -433
 7 25 D   -8 -426
 7 26 D   -8 -433
 7 27 D   -8 -426
 7 28 D   -8 -428
 7 29 D   -8 -430
 7 30 D   -8 -430
 7 31 D   -8 -430
 7  1 H  290  514
 7  2 H  290  483
 7  3 H  290  505
 7  4 H  290  525
 7  5 H  290  537
 7  6 H  290  529
 7  7 H  290  522
 7  8 H  290  530
 7  9 H  290  535
 7 10 H  290  531
 7 11 H  290  522
 7 12 H  290  537
 7 13 H  290  531
 7 14 H  290  526
 7 15 H  290  535
 7 16 H  290  532
 7 17 H  290  540
 7 18 H  290  505
 7 19 H  290  523
 7 20 H  290  533
 7 21 H  290  527
 7 22 H  290  531
 7 23 H  290  535
 7 24 H  290  535
 7 25 H  290  535
 7 26 H  290  528
 7 27 H  290  528
 7 28 H  290  526
 7 29 H  290  534
 7 30 H  290  530
 7 31 H  290  531
 7  1 Z  230  480
 7  2 Z  230  482
 7  3 Z  230  474
 7  4 Z  230  466
 7  5 Z  230  469
 7  6 Z  230  469
 7  7 Z  230  471
 7  8 Z  230  472
 7  9 Z  230  468
 7 10 Z  230  470
 7 11 Z  230  463
 7 12 Z  230  467
 7 13 Z  230  467
 7 14 Z  230  468
 7 15 Z  230  463
 7 16 Z  230  462
 7 17 Z  230  464
 7 18 Z  230  467
 7 19 Z  230  465
 7 20 Z  230  466
 7 21 Z  230  466
 7 22 Z  230  466
 7 23 Z  230  464
 7 24 Z  230  462
 7 25 Z  230  462
 7 26 Z  230  464
 7 27 Z  230  467
 7 28 Z  230  458
 7 29 Z  230  456
 7 30 Z  230  460
 7 31 Z  230  462
 8  1 D   -8 -434
 8  2 D   -8 -430
 8  3 D   -8 -433
 8  4 D   -8 -432
 8  5 D   -8 -427
 8  6 D   -8 -434
 8  7 D   -8 -427
 8  8 D   -8 -431
 8  9 D   -8 -430
 8 10 D   -8 -423
 8 11 D   -8 -422
 8 12 D   -8 -420
 8 13 D   -8 -428
 8 14 D   -8 -425
 8 15 D   -8 -419
 8 16 D   -8 -421
 8 17 D   -8 -424
 8 18 D   -8 -425
 8 19 D   -8 -417
 8 20 D   -8 -428
 8 21 D   -8 -426
 8 22 D   -8 -426
 8 23 D   -8 -418
 8 24 D   -8 -427
 8 25 D   -8 -424
 8 26 D   -8 -423
 8 27 D   -8 -430
 8 28 D   -8 -422
 8 29 D   -8 -412
 8 30 D   -8 -421
 8 31 D   -8 -424
 8  1 H  290  533
 8  2 H  290  532
 8  3 H  290  541
 8  4 H  290  532
 8  5 H  290  535
 8  6 H  290  539
 8  7 H  290  530
 8  8 H  290  531
 8  9 H  290  539
 8 10 H  290  495
 8 11 H  290  498
 8 12 H  290  505
 8 13 H  290  515
 8 14 H  290  480
 8 15 H  290  466
 8 16 H  290  472
 8 17 H  290  477
 8 18 H  290  489
 8 19 H  290  498
 8 20 H  290  505
 8 21 H  290  491
 8 22 H  290  479
 8 23 H  290  496
 8 24 H  290  515
 8 25 H  290  529
 8 26 H  290  522
 8 27 H  290  519
 8 28 H  290  501
 8 29 H  290  459
 8 30 H  290  486
 8 31 H  290  501
 8  1 Z  230  462
 8  2 Z  230  462
 8  3 Z  230  454
 8  4 Z  230  457
 8  5 Z  230  457
 8  6 Z  230  453
 8  7 Z  230  460
 8  8 Z  230  461
 8  9 Z  230  456
 8 10 Z  230  465
 8 11 Z  230  464
 8 12 Z  230  463
 8 13 Z  230  463
 8 14 Z  230  475
 8 15 Z  230  477
 8 16 Z  230  477
 8 17 Z  230  469
 8 18 Z  230  468
 8 19 Z  230  466
 8 20 Z  230  466
 8 21 Z  230  468
 8 22 Z  230  470
 8 23 Z  230  473
 8 24 Z  230  464
 8 25 Z  230  459
 8 26 Z  230  462
 8 27 Z  230  463
 8 28 Z  230  472
 8 29 Z  230  475
 8 30 Z  230  474
 8 31 Z  230  468
 9  1 D   -8 -419
 9  2 D   -8 -427
 9  3 D   -8 -426
 9  4 D   -8 -415
 9  5 D   -8 -413
 9  6 D   -8 -421
 9  7 D   -8 -425
 9  8 D   -8 -421
 9  9 D   -8 -424
 9 10 D   -8 -419
 9 11 D   -8 -421
 9 12 D   -8 -422
 9 13 D   -8 -419
 9 14 D   -8 -423
 9 15 D   -8 -415
 9 16 D   -8 -413
 9 17 D   -8 -417
 9 18 D   -8 -413
 9 19 D   -8 -400
 9 20 D   -8 -415
 9 21 D   -8 -417
 9 22 D   -8 -421
 9 23 D   -8 -414
 9 24 D   -8 -417
 9 25 D   -8 -416
 9 26 D   -8 -421
 9 27 D   -8 -414
 9 28 D   -8 -415
 9 29 D   -8 -420
 9 30 D   -8 -416
 9  1 H  290  511
 9  2 H  290  512
 9  3 H  290  514
 9  4 H  290  494
 9  5 H  290  497
 9  6 H  290  513
 9  7 H  290  514
 9  8 H  290  516
 9  9 H  290  521
 9 10 H  290  520
 9 11 H  290  527
 9 12 H  290  525
 9 13 H  290  532
 9 14 H  290  524
 9 15 H  290  503
 9 16 H  290  459
 9 17 H  290  502
 9 18 H  290  501
 9 19 H  290  404
 9 20 H  290  474
 9 21 H  290  498
 9 22 H  290  498
 9 23 H  290  510
 9 24 H  290  525
 9 25 H  290  523
 9 26 H  290  471
 9 27 H  290  472
 9 28 H  290  502
 9 29 H  290  525
 9 30 H  290  522
 9  1 Z  230  468
 9  2 Z  230  473
 9  3 Z  230  466
 9  4 Z  230  470
 9  5 Z  230  468
 9  6 Z  230  465
 9  7 Z  230  467
 9  8 Z  230  459
 9  9 Z  230  460
 9 10 Z  230  460
 9 11 Z  230  456
 9 12 Z  230  458
 9 13 Z  230  456
 9 14 Z  230  456
 9 15 Z  230  461
 9 16 Z  230  481
 9 17 Z  230  467
 9 18 Z  230  470
 9 19 Z  230  492
 9 20 Z  230  476
 9 21 Z  230  471
 9 22 Z  230  469
 9 23 Z  230  466
 9 24 Z  230  461
 9 25 Z  230  459
 9 26 Z  230  471
 9 27 Z  230  476
 9 28 Z  230  462
 9 29 Z  230  464
 9 30 Z  230  462
10  1 D   -8 -420
10  2 D   -8 -416
10  3 D   -8 -417
10  4 D   -8 -417
10  5 D   -8 -416
10  6 D   -8 -416
10  7 D   -8 -413
10  8 D   -8 -411
10  9 D   -8 -412
10 10 D   -8 -410
10 11 D   -8 -412
10 12 D   -8 -410
10 13 D   -8 -409
10 14 D   -8 -411
10 15 D   -8 -417
10 16 D   -8 -409
10 17 D   -8 -414
10 18 D   -8 -414
10 19 D   -8 -410
10 20 D   -8 -403
10 21 D   -8 -399
10 22 D   -8 -397
10 23 D   -8 -408
10 24 D   -8 -409
10 25 D   -8 -411
10 26 D   -8  NaN
10 27 D   -8  NaN
10 28 D   -8 -405
10 29 D   -8 -405
10 30 D   -8 -403
10 31 D   -8 -408
10  1 H  290  515
10  2 H  290  546
10  3 H  290  524
10  4 H  290  524
10  5 H  290  531
10  6 H  290  533
10  7 H  290  524
10  8 H  290  529
10  9 H  290  536
10 10 H  290  530
10 11 H  290  529
10 12 H  290  534
10 13 H  290  522
10 14 H  290  536
10 15 H  290  533
10 16 H  290  528
10 17 H  290  509
10 18 H  290  501
10 19 H  290  492
10 20 H  290  420
10 21 H  290  357
10 22 H  290  420
10 23 H  290  474
10 24 H  290  488
10 25 H  290  479
10 26 H  290  NaN
10 27 H  290  NaN
10 28 H  290  493
10 29 H  290  502
10 30 H  290  499
10 31 H  290  495
10  1 Z  230  469
10  2 Z  230  455
10  3 Z  230  459
10  4 Z  230  455
10  5 Z  230  451
10  6 Z  230  455
10  7 Z  230  456
10  8 Z  230  458
10  9 Z  230  454
10 10 Z  230  459
10 11 Z  230  453
10 12 Z  230  453
10 13 Z  230  453
10 14 Z  230  454
10 15 Z  230  456
10 16 Z  230  454
10 17 Z  230  456
10 18 Z  230  452
10 19 Z  230  454
10 20 Z  230  473
10 21 Z  230  486
10 22 Z  230  480
10 23 Z  230  473
10 24 Z  230  464
10 25 Z  230  466
10 26 Z  230  NaN
10 27 Z  230  NaN
10 28 Z  230  461
10 29 Z  230  459
10 30 Z  230  461
10 31 Z  230  459
11  1 D   -8 -404
11  2 D   -8 -404
11  3 D   -8 -403
11  4 D   -8 -404
11  5 D   -8 -401
11  6 D   -8 -407
11  7 D   -8 -399
11  8 D   -8 -403
11  9 D   -8  NaN
11 10 D   -8  NaN
11 11 D   -8 -409
11 12 D   -8 -404
11 13 D   -8 -412
11 14 D   -8 -403
11 15 D   -8 -402
11 16 D   -8 -405
11 17 D   -8 -414
11 18 D   -8 -403
11 19 D   -8 -406
11 20 D   -8 -404
11 21 D   -8 -404
11 22 D   -8 -402
11 23 D   -8 -405
11 24 D   -8 -405
11 25 D   -8 -408
11 26 D   -8 -412
11 27 D   -8 -405
11 28 D   -8 -404
11 29 D   -8 -404
11 30 D   -8 -407
11  1 H  290  506
11  2 H  290  509
11  3 H  290  486
11  4 H  290  495
11  5 H  290  495
11  6 H  290  494
11  7 H  290  498
11  8 H  290  505
11  9 H  290  502
11 10 H  290  511
11 11 H  290  518
11 12 H  290  512
11 13 H  290  460
11 14 H  290  469
11 15 H  290  501
11 16 H  290  514
11 17 H  290  398
11 18 H  290  406
11 19 H  290  472
11 20 H  290  485
11 21 H  290  506
11 22 H  290  510
11 23 H  290  511
11 24 H  290  515
11 25 H  290  530
11 26 H  290  527
11 27 H  290  507
11 28 H  290  501
11 29 H  290  504
11 30 H  290  490
11  1 Z  230  461
11  2 Z  230  461
11  3 Z  230  464
11  4 Z  230  464
11  5 Z  230  458
11  6 Z  230  463
11  7 Z  230  457
11  8 Z  230  460
11  9 Z  230  NaN
11 10 Z  230  454
11 11 Z  230  452
11 12 Z  230  449
11 13 Z  230  456
11 14 Z  230  462
11 15 Z  230  453
11 16 Z  230  450
11 17 Z  230  472
11 18 Z  230  480
11 19 Z  230  468
11 20 Z  230  461
11 21 Z  230  461
11 22 Z  230  456
11 23 Z  230  452
11 24 Z  230  450
11 25 Z  230  443
11 26 Z  230  441
11 27 Z  230  446
11 28 Z  230  452
11 29 Z  230  448
11 30 Z  230  450
12  1 D   -8 -406
12  2 D   -8 -402
12  3 D   -8 -401
12  4 D   -8 -399
12  5 D   -8 -394
12  6 D   -8 -402
12  7 D   -8 -408
12  8 D   -8 -403
12  9 D   -8 -406
12 10 D   -8 -401
12 11 D   -8 -404
12 12 D   -8 -405
12 13 D   -8 -404
12 14 D   -8 -406
12 15 D   -8 -407
12 16 D   -8 -406
12 17 D   -8 -407
12 18 D   -8 -410
12 19 D   -8 -406
12 20 D   -8 -406
12 21 D   -8  NaN
12 22 D   -8  NaN
12 23 D   -8 -406
12 24 D   -8 -406
12 25 D   -8 -404
12 26 D   -8 -405
12 27 D   -8 -408
12 28 D   -8 -400
12 29 D   -8 -399
12 30 D   -8 -402
12 31 D   -8 -401
12  1 H  290  488
12  2 H  290  479
12  3 H  290  493
12  4 H  290  484
12  5 H  290  487
12  6 H  290  511
12  7 H  290  518
12  8 H  290  521
12  9 H  290  525
12 10 H  290  533
12 11 H  290  533
12 12 H  290  520
12 13 H  290  517
12 14 H  290  514
12 15 H  290  515
12 16 H  290  506
12 17 H  290  510
12 18 H  290  525
12 19 H  290  523
12 20 H  290  528
12 21 H  290  530
12 22 H  290  512
12 23 H  290  501
12 24 H  290  502
12 25 H  290  508
12 26 H  290  502
12 27 H  290  492
12 28 H  290  507
12 29 H  290  485
12 30 H  290  444
12 31 H  290  467
12  1 Z  230  456
12  2 Z  230  464
12  3 Z  230  459
12  4 Z  230  462
12  5 Z  230  462
12  6 Z  230  457
12  7 Z  230  451
12  8 Z  230  452
12  9 Z  230  451
12 10 Z  230  450
12 11 Z  230  448
12 12 Z  230  448
12 13 Z  230  451
12 14 Z  230  451
12 15 Z  230  449
12 16 Z  230  453
12 17 Z  230  452
12 18 Z  230  447
12 19 Z  230  446
12 20 Z  230  448
12 21 Z  230  NaN
12 22 Z  230  NaN
12 23 Z  230  448
12 24 Z  230  449
12 25 Z  230  448
12 26 Z  230  450
12 27 Z  230  452
12 28 Z  230  448
12 29 Z  230  450
12 30 Z  230  460
12 31 Z  230  460
