 1  1 D   -8 -651
 1  2 D   -8 -653
 1  3 D   -8 -652
 1  4 D   -8 -652
 1  5 D   -8 -651
 1  6 D   -8 -649
 1  7 D   -8 -646
 1  8 D   -8 -655
 1  9 D   -8 -650
 1 10 D   -8 -650
 1 11 D   -8 -649
 1 12 D   -8 -650
 1 13 D   -8 -650
 1 14 D   -8 -647
 1 15 D   -8 -651
 1 16 D   -8 -650
 1 17 D   -8 -649
 1 18 D   -8 -648
 1 19 D   -8 -653
 1 20 D   -8 -643
 1 21 D   -8 -647
 1 22 D   -8 -646
 1 23 D   -8 -646
 1 24 D   -8 -647
 1 25 D   -8 -649
 1 26 D   -8 -646
 1 27 D   -8 -647
 1 28 D   -8 -641
 1 29 D   -8 -642
 1 30 D   -8 -646
 1 31 D   -8 -642
 1  1 H  290  433
 1  2 H  290  437
 1  3 H  290  439
 1  4 H  290  445
 1  5 H  290  449
 1  6 H  290  448
 1  7 H  290  447
 1  8 H  290  451
 1  9 H  290  441
 1 10 H  290  444
 1 11 H  290  452
 1 12 H  290  446
 1 13 H  290  449
 1 14 H  290  450
 1 15 H  290  451
 1 16 H  290  446
 1 17 H  290  456
 1 18 H  290  444
 1 19 H  290  453
 1 20 H  290  433
 1 21 H  290  438
 1 22 H  290  442
 1 23 H  290  444
 1 24 H  290  440
 1 25 H  290  448
 1 26 H  290  447
 1 27 H  290  449
 1 28 H  290  443
 1 29 H  290  444
 1 30 H  290  454
 1 31 H  290  456
 1  1 Z  230  602
 1  2 Z  230  602
 1  3 Z  230  601
 1  4 Z  230  597
 1  5 Z  230  598
 1  6 Z  230  597
 1  7 Z  230  597
 1  8 Z  230  594
 1  9 Z  230  598
 1 10 Z  230  599
 1 11 Z  230  596
 1 12 Z  230  594
 1 13 Z  230  597
 1 14 Z  230  594
 1 15 Z  230  593
 1 16 Z  230  593
 1 17 Z  230  592
 1 18 Z  230  593
 1 19 Z  230  592
 1 20 Z  230  595
 1 21 Z  230  593
 1 22 Z  230  593
 1 23 Z  230  595
 1 24 Z  230  593
 1 25 Z  230  594
 1 26 Z  230  593
 1 27 Z  230  595
 1 28 Z  230  593
 1 29 Z  230  591
 1 30 Z  230  593
 1 31 Z  230  593
 2  1 D   -8 -647
 2  2 D   -8 -647
 2  3 D   -8 -647
 2  4 D   -8 -647
 2  5 D   -8 -645
 2  6 D   -8 -643
 2  7 D   -8  NaN
 2  8 D   -8  NaN
 2  9 D   -8 -639
 2 10 D   -8 -645
 2 11 D   -8 -644
 2 12 D   -8 -638
 2 13 D   -8 -638
 2 14 D   -8 -640
 2 15 D   -8 -641
 2 16 D   -8 -638
 2 17 D   -8 -642
 2 18 D   -8 -638
 2 19 D   -8 -639
 2 20 D   -8 -636
 2 21 D   -8 -636
 2 22 D   -8 -636
 2 23 D   -8 -633
 2 24 D   -8 -635
 2 25 D   -8 -634
 2 26 D   -8 -639
 2 27 D   -8 -638
 2 28 D   -8 -633
 2  1 H  290  456
 2  2 H  290  455
 2  3 H  290  455
 2  4 H  290  455
 2  5 H  290  467
 2  6 H  290  457
 2  7 H  290  455
 2  8 H  290  447
 2  9 H  290  449
 2 10 H  290  453
 2 11 H  290  454
 2 12 H  290  429
 2 13 H  290  447
 2 14 H  290  458
 2 15 H  290  455
 2 16 H  290  452
 2 17 H  290  457
 2 18 H  290  455
 2 19 H  290  461
 2 20 H  290  441
 2 21 H  290  437
 2 22 H  290  446
 2 23 H  290  445
 2 24 H  290  448
 2 25 H  290  452
 2 26 H  290  455
 2 27 H  290  455
 2 28 H  290  446
 2  1 Z  230  593
 2  2 Z  230  589
 2  3 Z  230  590
 2  4 Z  230  586
 2  5 Z  230  587
 2  6 Z  230  587
 2  7 Z  230  NaN
 2  8 Z  230  NaN
 2  9 Z  230  592
 2 10 Z  230  592
 2 11 Z  230  591
 2 12 Z  230  595
 2 13 Z  230  591
 2 14 Z  230  590
 2 15 Z  230  590
 2 16 Z  230  590
 2 17 Z  230  588
 2 18 Z  230  588
 2 19 Z  230  587
 2 20 Z  230  591
 2 21 Z  230  594
 2 22 Z  230  593
 2 23 Z  230  592
 2 24 Z  230  592
 2 25 Z  230  593
 2 26 Z  230  590
 2 27 Z  230  590
 2 28 Z  230  592
 3  1 D   -8 -631
 3  2 D   -8 -638
 3  3 D   -8 -636
 3  4 D   -8 -636
 3  5 D   -8 -632
 3  6 D   -8 -629
 3  7 D   -8 -632
 3  8 D   -8 -635
 3  9 D   -8 -628
 3 10 D   -8 -632
 3 11 D   -8 -631
 3 12 D   -8 -631
 3 13 D   -8 -635
 3 14 D   -8 -631
 3 15 D   -8 -632
 3 16 D   -8 -627
 3 17 D   -8 -632
 3 18 D   -8 -631
 3 19 D   -8 -628
 3 20 D   -8 -639
 3 21 D   -8 -638
 3 22 D   -8 -631
 3 23 D   -8 -630
 3 24 D   -8 -630
 3 25 D   -8 -630
 3 26 D   -8 -632
 3 27 D   -8 -627
 3 28 D   -8 -633
 3 29 D   -8 -633
 3 30 D   -8 -627
 3 31 D   -8 -634
 3  1 H  290  450
 3  2 H  290  457
 3  3 H  290  462
 3  4 H  290  461
 3  5 H  290  450
 3  6 H  290  451
 3  7 H  290  436
 3  8 H  290  443
 3  9 H  290  451
 3 10 H  290  448
 3 11 H  290  454
 3 12 H  290  461
 3 13 H  290  456
 3 14 H  290  459
 3 15 H  290  454
 3 16 H  290  452
 3 17 H  290  452
 3 18 H  290  463
 3 19 H  290  452
 3 20 H  290  463
 3 21 H  290  453
 3 22 H  290  452
 3 23 H  290  457
 3 24 H  290  464
 3 25 H  290  462
 3 26 H  290  454
 3 27 H  290  450
 3 28 H  290  456
 3 29 H  290  458
 3 30 H  290  462
 3 31 H  290  464
 3  1 Z  230  589
 3  2 Z  230  589
 3  3 Z  230  588
 3  4 Z  230  589
 3  5 Z  230  591
 3  6 Z  230  592
 3  7 Z  230  591
 3  8 Z  230  584
 3  9 Z  230  587
 3 10 Z  230  587
 3 11 Z  230  585
 3 12 Z  230  584
 3 13 Z  230  585
 3 14 Z  230  586
 3 15 Z  230  583
 3 16 Z  230  582
 3 17 Z  230  581
 3 18 Z  230  582
 3 19 Z  230  585
 3 20 Z  230  582
 3 21 Z  230  584
 3 22 Z  230  585
 3 23 Z  230  589
 3 24 Z  230  585
 3 25 Z  230  585
 3 26 Z  230  587
 3 27 Z  230  584
 3 28 Z  230  585
 3 29 Z  230  587
 3 30 Z  230  587
 3 31 Z  230  582
 4  1 D   -8 -622
 4  2 D   -8 -631
 4  3 D   -8 -631
 4  4 D   -8 -633
 4  5 D   -8 -629
 4  6 D   -8 -631
 4  7 D   -8 -634
 4  8 D   -8 -630
 4  9 D   -8 -628
 4 10 D   -8 -632
 4 11 D   -8 -626
 4 12 D   -8 -635
 4 13 D   -8 -630
 4 14 D   -8 -626
 4 15 D   -8 -630
 4 16 D   -8 -635
 4 17 D   -8 -628
 4 18 D   -8 -626
 4 19 D   -8 -628
 4 20 D   -8 -627
 4 21 D   -8 -625
 4 22 D   -8 -626
 4 23 D   -8 -622
 4 24 D   -8 -622
 4 25 D   -8 -624
 4 26 D   -8 -626
 4 27 D   -8 -623
 4 28 D   -8 -623
 4 29 D   -8 -625
 4 30 D   -8 -624
 4  1 H  290  455
 4  2 H  290  459
 4  3 H  290  466
 4  4 H  290  467
 4  5 H  290  458
 4  6 H  290  459
 4  7 H  290  463
 4  8 H  290  461
 4  9 H  290  463
 4 10 H  290  463
 4 11 H  290  461
 4 12 H  290  472
 4 13 H  290  466
 4 14 H  290  463
 4 15 H  290  466
 4 16 H  290  467
 4 17 H  290  465
 4 18 H  290  479
 4 19 H  290  465
 4 20 H  290  456
 4 21 H  290  461
 4 22 H  290  468
 4 23 H  290  468
 4 24 H  290  461
 4 25 H  290  462
 4 26 H  290  467
 4 27 H  290  458
 4 28 H  290  460
 4 29 H  290  471
 4 30 H  290  474
 4  1 Z  230  585
 4  2 Z  230  582
 4  3 Z  230  581
 4  4 Z  230  581
 4  5 Z  230  584
 4  6 Z  230  579
 4  7 Z  230  582
 4  8 Z  230  584
 4  9 Z  230  584
 4 10 Z  230  584
 4 11 Z  230  580
 4 12 Z  230  581
 4 13 Z  230  582
 4 14 Z  230  581
 4 15 Z  230  577
 4 16 Z  230  574
 4 17 Z  230  575
 4 18 Z  230  575
 4 19 Z  230  580
 4 20 Z  230  581
 4 21 Z  230  579
 4 22 Z  230  574
 4 23 Z  230  576
 4 24 Z  230  578
 4 25 Z  230  578
 4 26 Z  230  579
 4 27 Z  230  578
 4 28 Z  230  577
 4 29 Z  230  577
 4 30 Z  230  575
 5  1 D   -8 -623
 5  2 D   -8 -627
 5  3 D   -8 -621
 5  4 D   -8 -619
 5  5 D   -8 -621
 5  6 D   -8 -623
 5  7 D   -8 -615
 5  8 D   -8 -625
 5  9 D   -8 -622
 5 10 D   -8 -621
 5 11 D   -8 -622
 5 12 D   -8 -614
 5 13 D   -8 -622
 5 14 D   -8 -615
 5 15 D   -8 -617
 5 16 D   -8 -615
 5 17 D   -8 -613
 5 18 D   -8  NaN
 5 19 D   -8  NaN
 5 20 D   -8 -615
 5 21 D   -8 -615
 5 22 D   -8 -620
 5 23 D   -8 -617
 5 24 D   -8 -622
 5 25 D   -8 -610
 5 26 D   -8 -617
 5 27 D   -8 -610
 5 28 D   -8 -616
 5 29 D   -8 -615
 5 30 D   -8 -615
 5 31 D   -8 -615
 5  1 H  290  478
 5  2 H  290  470
 5  3 H  290  462
 5  4 H  290  467
 5  5 H  290  468
 5  6 H  290  477
 5  7 H  290  462
 5  8 H  290  466
 5  9 H  290  479
 5 10 H  290  475
 5 11 H  290  472
 5 12 H  290  474
 5 13 H  290  484
 5 14 H  290  467
 5 15 H  290  461
 5 16 H  290  463
 5 17 H  290  475
 5 18 H  290  473
 5 19 H  290  475
 5 20 H  290  479
 5 21 H  290  467
 5 22 H  290  486
 5 23 H  290  477
 5 24 H  290  452
 5 25 H  290  456
 5 26 H  290  450
 5 27 H  290  433
 5 28 H  290  465
 5 29 H  290  435
 5 30 H  290  450
 5 31 H  290  443
 5  1 Z  230  576
 5  2 Z  230  577
 5  3 Z  230  579
 5  4 Z  230  574
 5  5 Z  230  576
 5  6 Z  230  575
 5  7 Z  230  577
 5  8 Z  230  575
 5  9 Z  230  574
 5 10 Z  230  574
 5 11 Z  230  570
 5 12 Z  230  571
 5 13 Z  230  570
 5 14 Z  230  574
 5 15 Z  230  572
 5 16 Z  230  569
 5 17 Z  230  572
 5 18 Z  230  NaN
 5 19 Z  230  NaN
 5 20 Z  230  570
 5 21 Z  230  572
 5 22 Z  230  570
 5 23 Z  230  569
 5 24 Z  230  571
 5 25 Z  230  577
 5 26 Z  230  576
 5 27 Z  230  576
 5 28 Z  230  571
 5 29 Z  230  579
 5 30 Z  230  577
 5 31 Z  230  580
 6  1 D   -8 -618
 6  2 D   -8 -608
 6  3 D   -8 -610
 6  4 D   -8 -610
 6  5 D   -8 -617
 6  6 D   -8 -613
 6  7 D   -8 -615
 6  8 D   -8 -615
 6  9 D   -8 -616
 6 10 D   -8 -618
 6 11 D   -8 -616
 6 12 D   -8 -620
 6 13 D   -8 -614
 6 14 D   -8 -612
 6 15 D   -8 -616
 6 16 D   -8 -610
 6 17 D   -8 -609
 6 18 D   -8 -613
 6 19 D   -8 -606
 6 20 D   -8 -607
 6 21 D   -8 -616
 6 22 D   -8 -609
 6 23 D   -8 -609
 6 24 D   -8 -612
 6 25 D   -8 -613
 6 26 D   -8 -607
 6 27 D   -8 -608
 6 28 D   -8 -615
 6 29 D   -8 -607
 6 30 D   -8 -606
 6  1 H  290  461
 6  2 H  290  456
 6  3 H  290  463
 6  4 H  290  468
 6  5 H  290  472
 6  6 H  290  445
 6  7 H  290  450
 6  8 H  290  452
 6  9 H  290  469
 6 10 H  290  474
 6 11 H  290  479
 6 12 H  290  469
 6 13 H  290  466
 6 14 H  290  468
 6 15 H  290  473
 6 16 H  290  475
 6 17 H  290  474
 6 18 H  290  477
 6 19 H  290  460
 6 20 H  290  454
 6 21 H  290  463
 6 22 H  290  463
 6 23 H  290  466
 6 24 H  290  476
 6 25 H  290  468
 6 26 H  290  454
 6 27 H  290  465
 6 28 H  290  476
 6 29 H  290  475
 6 30 H  290  474
 6  1 Z  230  576
 6  2 Z  230  575
 6  3 Z  230  571
 6  4 Z  230  573
 6  5 Z  230  571
 6  6 Z  230  577
 6  7 Z  230  581
 6  8 Z  230  576
 6  9 Z  230  577
 6 10 Z  230  571
 6 11 Z  230  569
 6 12 Z  230  571
 6 13 Z  230  566
 6 14 Z  230  570
 6 15 Z  230  569
 6 16 Z  230  566
 6 17 Z  230  570
 6 18 Z  230  567
 6 19 Z  230  576
 6 20 Z  230  576
 6 21 Z  230  576
 6 22 Z  230  572
 6 23 Z  230  574
 6 24 Z  230  571
 6 25 Z  230  568
 6 26 Z  230  576
 6 27 Z  230  571
 6 28 Z  230  569
 6 29 Z  230  569
 6 30 Z  230  570
 7  1 D   -8 -611
 7  2 D   -8 -611
 7  3 D   -8 -611
 7  4 D   -8 -611
 7  5 D   -8 -608
 7  6 D   -8 -609
 7  7 D   -8 -609
 7  8 D   -8 -609
 7  9 D   -8 -607
 7 10 D   -8 -609
 7 11 D   -8 -607
 7 12 D   -8 -608
 7 13 D   -8 -609
 7 14 D   -8 -606
 7 15 D   -8 -609
 7 16 D   -8 -606
 7 17 D   -8 -606
 7 18 D   -8 -604
 7 19 D   -8 -608
 7 20 D   -8 -603
 7 21 D   -8 -606
 7 22 D   -8 -604
 7 23 D   -8 -607
 7 24 D   -8 -610
 7 25 D   -8 -603
 7 26 D   -8 -602
 7 27 D   -8 -604
 7 28 D   -8 -614
 7 29 D   -8 -604
 7 30 D   -8 -605
 7 31 D   -8 -603
 7  1 H  290  480
 7  2 H  290  473
 7  3 H  290  483
 7  4 H  290  476
 7  5 H  290  476
 7  6 H  290  468
 7  7 H  290  476
 7  8 H  290  476
 7  9 H  290  477
 7 10 H  290  469
 7 11 H  290  468
 7 12 H  290  475
 7 13 H  290  483
 7 14 H  290  477
 7 15 H  290  470
 7 16 H  290  465
 7 17 H  290  459
 7 18 H  290  462
 7 19 H  290  466
 7 20 H  290  465
 7 21 H  290  466
 7 22 H  290  467
 7 23 H  290  467
 7 24 H  290  477
 7 25 H  290  470
 7 26 H  290  470
 7 27 H  290  479
 7 28 H  290  475
 7 29 H  290  428
 7 30 H  290  450
 7 31 H  290  454
 7  1 Z  230  568
 7  2 Z  230  569
 7  3 Z  230  564
 7  4 Z  230  571
 7  5 Z  230  569
 7  6 Z  230  568
 7  7 Z  230  569
 7  8 Z  230  566
 7  9 Z  230  569
 7 10 Z  230  569
 7 11 Z  230  569
 7 12 Z  230  566
 7 13 Z  230  566
 7 14 Z  230  566
 7 15 Z  230  568
 7 16 Z  230  570
 7 17 Z  230  574
 7 18 Z  230  570
 7 19 Z  230  567
 7 20 Z  230  568
 7 21 Z  230  568
 7 22 Z  230  567
 7 23 Z  230  568
 7 24 Z  230  568
 7 25 Z  230  564
 7 26 Z  230  567
 7 27 Z  230  560
 7 28 Z  230  566
 7 29 Z  230  579
 7 30 Z  230  572
 7 31 Z  230  573
 8  1 D   -8 -610
 8  2 D   -8 -603
 8  3 D   -8 -610
 8  4 D   -8 -607
 8  5 D   -8 -606
 8  6 D   -8 -609
 8  7 D   -8 -603
 8  8 D   -8 -606
 8  9 D   -8  NaN
 8 10 D   -8  NaN
 8 11 D   -8 -610
 8 12 D   -8 -605
 8 13 D   -8 -599
 8 14 D   -8 -596
 8 15 D   -8 -599
 8 16 D   -8 -603
 8 17 D   -8 -605
 8 18 D   -8 -611
 8 19 D   -8 -608
 8 20 D   -8 -608
 8 21 D   -8 -611
 8 22 D   -8 -615
 8 23 D   -8 -607
 8 24 D   -8 -603
 8 25 D   -8 -603
 8 26 D   -8 -596
 8 27 D   -8 -599
 8 28 D   -8 -594
 8 29 D   -8 -598
 8 30 D   -8 -592
 8 31 D   -8 -593
 8  1 H  290  459
 8  2 H  290  456
 8  3 H  290  453
 8  4 H  290  458
 8  5 H  290  456
 8  6 H  290  466
 8  7 H  290  466
 8  8 H  290  471
 8  9 H  290  NaN
 8 10 H  290  NaN
 8 11 H  290  484
 8 12 H  290  467
 8 13 H  290  456
 8 14 H  290  459
 8 15 H  290  458
 8 16 H  290  456
 8 17 H  290  459
 8 18 H  290  465
 8 19 H  290  472
 8 20 H  290  464
 8 21 H  290  469
 8 22 H  290  476
 8 23 H  290  454
 8 24 H  290  469
 8 25 H  290  428
 8 26 H  290  438
 8 27 H  290  449
 8 28 H  290  437
 8 29 H  290  446
 8 30 H  290  455
 8 31 H  290  451
 8  1 Z  230  568
 8  2 Z  230  569
 8  3 Z  230  NaN
 8  4 Z  230  NaN
 8  5 Z  230  571
 8  6 Z  230  567
 8  7 Z  230  567
 8  8 Z  230  563
 8  9 Z  230  NaN
 8 10 Z  230  NaN
 8 11 Z  230  558
 8 12 Z  230  563
 8 13 Z  230  567
 8 14 Z  230  565
 8 15 Z  230  567
 8 16 Z  230  571
 8 17 Z  230  566
 8 18 Z  230  565
 8 19 Z  230  568
 8 20 Z  230  568
 8 21 Z  230  566
 8 22 Z  230  563
 8 23 Z  230  560
 8 24 Z  230  564
 8 25 Z  230  572
 8 26 Z  230  570
 8 27 Z  230  567
 8 28 Z  230  569
 8 29 Z  230  566
 8 30 Z  230  566
 8 31 Z  230  565
 9  1 D   -8 -592
 9  2 D   -8 -594
 9  3 D   -8 -589
 9  4 D   -8 -590
 9  5 D   -8 -595
 9  6 D   -8 -587
 9  7 D   -8 -594
 9  8 D   -8 -593
 9  9 D   -8 -600
 9 10 D   -8 -600
 9 11 D   -8 -595
 9 12 D   -8 -598
 9 13 D   -8 -598
 9 14 D   -8 -603
 9 15 D   -8 -600
 9 16 D   -8 -599
 9 17 D   -8 -593
 9 18 D   -8 -592
 9 19 D   -8 -591
 9 20 D   -8 -592
 9 21 D   -8 -592
 9 22 D   -8 -589
 9 23 D   -8 -583
 9 24 D   -8 -588
 9 25 D   -8 -594
 9 26 D   -8 -589
 9 27 D   -8 -589
 9 28 D   -8 -581
 9 29 D   -8 -576
 9 30 D   -8 -575
 9  1 H  290  450
 9  2 H  290  448
 9  3 H  290  462
 9  4 H  290  458
 9  5 H  290  464
 9  6 H  290  465
 9  7 H  290  465
 9  8 H  290  462
 9  9 H  290  467
 9 10 H  290  452
 9 11 H  290  432
 9 12 H  290  456
 9 13 H  290  457
 9 14 H  290  453
 9 15 H  290  451
 9 16 H  290  452
 9 17 H  290  458
 9 18 H  290  458
 9 19 H  290  465
 9 20 H  290  466
 9 21 H  290  471
 9 22 H  290  459
 9 23 H  290  448
 9 24 H  290  475
 9 25 H  290  439
 9 26 H  290  445
 9 27 H  290  468
 9 28 H  290  451
 9 29 H  290  443
 9 30 H  290  443
 9  1 Z  230  566
 9  2 Z  230  571
 9  3 Z  230  565
 9  4 Z  230  567
 9  5 Z  230  563
 9  6 Z  230  563
 9  7 Z  230  564
 9  8 Z  230  565
 9  9 Z  230  562
 9 10 Z  230  566
 9 11 Z  230  572
 9 12 Z  230  570
 9 13 Z  230  567
 9 14 Z  230  568
 9 15 Z  230  567
 9 16 Z  230  568
 9 17 Z  230  566
 9 18 Z  230  567
 9 19 Z  230  563
 9 20 Z  230  565
 9 21 Z  230  562
 9 22 Z  230  564
 9 23 Z  230  567
 9 24 Z  230  559
 9 25 Z  230  566
 9 26 Z  230  567
 9 27 Z  230  561
 9 28 Z  230  559
 9 29 Z  230  564
 9 30 Z  230  565
10  1 D   -8 -575
10  2 D   -8 -578
10  3 D   -8 -586
10  4 D   -8 -580
10  5 D   -8 -577
10  6 D   -8 -574
10  7 D   -8 -578
10  8 D   -8 -575
10  9 D   -8 -580
10 10 D   -8 -576
10 11 D   -8 -580
10 12 D   -8 -574
10 13 D   -8 -577
10 14 D   -8 -572
10 15 D   -8 -579
10 16 D   -8 -576
10 17 D   -8 -574
10 18 D   -8 -577
10 19 D   -8 -577
10 20 D   -8 -578
10 21 D   -8 -570
10 22 D   -8 -579
10 23 D   -8 -578
10 24 D   -8 -576
10 25 D   -8 -575
10 26 D   -8 -581
10 27 D   -8 -575
10 28 D   -8 -574
10 29 D   -8 -579
10 30 D   -8 -578
10 31 D   -8 -577
10  1 H  290  460
10  2 H  290  460
10  3 H  290  432
10  4 H  290  449
10  5 H  290  461
10  6 H  290  467
10  7 H  290  471
10  8 H  290  465
10  9 H  290  463
10 10 H  290  465
10 11 H  290  455
10 12 H  290  459
10 13 H  290  462
10 14 H  290  461
10 15 H  290  455
10 16 H  290  465
10 17 H  290  462
10 18 H  290  467
10 19 H  290  464
10 20 H  290  462
10 21 H  290  457
10 22 H  290  474
10 23 H  290  458
10 24 H  290  456
10 25 H  290  439
10 26 H  290  448
10 27 H  290  434
10 28 H  290  435
10 29 H  290  447
10 30 H  290  460
10 31 H  290  460
10  1 Z  230  561
10  2 Z  230  560
10  3 Z  230  568
10  4 Z  230  568
10  5 Z  230  561
10  6 Z  230  561
10  7 Z  230  560
10  8 Z  230  560
10  9 Z  230  558
10 10 Z  230  561
10 11 Z  230  562
10 12 Z  230  559
10 13 Z  230  558
10 14 Z  230  562
10 15 Z  230  558
10 16 Z  230  557
10 17 Z  230  558
10 18 Z  230  558
10 19 Z  230  556
10 20 Z  230  557
10 21 Z  230  561
10 22 Z  230  557
10 23 Z  230  557
10 24 Z  230  559
10 25 Z  230  560
10 26 Z  230  560
10 27 Z  230  563
10 28 Z  230  564
10 29 Z  230  561
10 30 Z  230  558
10 31 Z  230  557
11  1 D   -8 -576
11  2 D   -8 -575
11  3 D   -8 -574
11  4 D   -8 -575
11  5 D   -8 -576
11  6 D   -8 -576
11  7 D   -8 -576
11  8 D   -8 -581
11  9 D   -8 -580
11 10 D   -8 -576
11 11 D   -8 -572
11 12 D   -8 -573
11 13 D   -8 -572
11 14 D   -8 -573
11 15 D   -8 -570
11 16 D   -8 -575
11 17 D   -8 -573
11 18 D   -8 -572
11 19 D   -8 -574
11 20 D   -8 -575
11 21 D   -8 -576
11 22 D   -8 -573
11 23 D   -8 -574
11 24 D   -8 -577
11 25 D   -8 -575
11 26 D   -8 -576
11 27 D   -8 -573
11 28 D   -8 -572
11 29 D   -8 -570
11 30 D   -8 -570
11  1 H  290  459
11  2 H  290  444
11  3 H  290  452
11  4 H  290  451
11  5 H  290  459
11  6 H  290  464
11  7 H  290  480
11  8 H  290  476
11  9 H  290  474
11 10 H  290  459
11 11 H  290  459
11 12 H  290  461
11 13 H  290  453
11 14 H  290  461
11 15 H  290  465
11 16 H  290  466
11 17 H  290  464
11 18 H  290  474
11 19 H  290  465
11 20 H  290  459
11 21 H  290  467
11 22 H  290  462
11 23 H  290  447
11 24 H  290  435
11 25 H  290  445
11 26 H  290  450
11 27 H  290  442
11 28 H  290  455
11 29 H  290  464
11 30 H  290  471
11  1 Z  230  559
11  2 Z  230  558
11  3 Z  230  556
11  4 Z  230  557
11  5 Z  230  557
11  6 Z  230  555
11  7 Z  230  556
11  8 Z  230  553
11  9 Z  230  551
11 10 Z  230  554
11 11 Z  230  550
11 12 Z  230  553
11 13 Z  230  554
11 14 Z  230  555
11 15 Z  230  554
11 16 Z  230  554
11 17 Z  230  551
11 18 Z  230  549
11 19 Z  230  551
11 20 Z  230  554
11 21 Z  230  551
11 22 Z  230  552
11 23 Z  230  554
11 24 Z  230  557
11 25 Z  230  557
11 26 Z  230  553
11 27 Z  230  555
11 28 Z  230  554
11 29 Z  230  551
11 30 Z  230  549
12  1 D   -8 -570
12  2 D   -8 -568
12  3 D   -8 -570
12  4 D   -8 -571
12  5 D   -8 -575
12  6 D   -8 -570
12  7 D   -8 -569
12  8 D   -8 -568
12  9 D   -8 -569
12 10 D   -8 -571
12 11 D   -8 -564
12 12 D   -8 -568
12 13 D   -8 -568
12 14 D   -8 -568
12 15 D   -8 -565
12 16 D   -8 -570
12 17 D   -8 -567
12 18 D   -8 -568
12 19 D   -8 -567
12 20 D   -8 -564
12 21 D   -8 -567
12 22 D   -8 -562
12 23 D   -8 -564
12 24 D   -8 -567
12 25 D   -8 -565
12 26 D   -8 -566
12 27 D   -8 -564
12 28 D   -8 -565
12 29 D   -8 -563
12 30 D   -8 -563
12 31 D   -8 -561
12  1 H  290  475
12  2 H  290  478
12  3 H  290  463
12  4 H  290  463
12  5 H  290  465
12  6 H  290  460
12  7 H  290  466
12  8 H  290  468
12  9 H  290  485
12 10 H  290  464
12 11 H  290  454
12 12 H  290  468
12 13 H  290  465
12 14 H  290  473
12 15 H  290  469
12 16 H  290  442
12 17 H  290  448
12 18 H  290  456
12 19 H  290  460
12 20 H  290  465
12 21 H  290  448
12 22 H  290  444
12 23 H  290  456
12 24 H  290  461
12 25 H  290  461
12 26 H  290  467
12 27 H  290  473
12 28 H  290  475
12 29 H  290  481
12 30 H  290  480
12 31 H  290  470
12  1 Z  230  551
12  2 Z  230  551
12  3 Z  230  551
12  4 Z  230  550
12  5 Z  230  553
12  6 Z  230  550
12  7 Z  230  547
12  8 Z  230  543
12  9 Z  230  544
12 10 Z  230  548
12 11 Z  230  552
12 12 Z  230  548
12 13 Z  230  550
12 14 Z  230  546
12 15 Z  230  548
12 16 Z  230  556
12 17 Z  230  556
12 18 Z  230  551
12 19 Z  230  551
12 20 Z  230  550
12 21 Z  230  553
12 22 Z  230  555
12 23 Z  230  551
12 24 Z  230  552
12 25 Z  230  550
12 26 Z  230  548
12 27 Z  230  545
12 28 Z  230  544
12 29 Z  230  543
12 30 Z  230  542
12 31 Z  230  542
