 1  1 D   -9 -212
 1  2 D   -9 -209
 1  3 D   -9 -211
 1  4 D   -9 -210
 1  5 D   -9 -214
 1  6 D   -9 -209
 1  7 D   -9 -212
 1  8 D   -9 -211
 1  9 D   -9 -211
 1 10 D   -9 -214
 1 11 D   -9 -214
 1 12 D   -9 -212
 1 13 D   -9 -211
 1 14 D   -9 -215
 1 15 D   -9 -212
 1 16 D   -9  NaN
 1 17 D   -9  NaN
 1 18 D   -9 -215
 1 19 D   -9 -214
 1 20 D   -9 -215
 1 21 D   -9 -213
 1 22 D   -9 -216
 1 23 D   -9 -208
 1 24 D   -9 -212
 1 25 D   -9 -213
 1 26 D   -9  NaN
 1 27 D   -9 -213
 1 28 D   -9 -207
 1 29 D   -9 -207
 1 30 D   -9 -212
 1 31 D   -9 -211
 1  1 H  290  358
 1  2 H  290  363
 1  3 H  290  366
 1  4 H  290  373
 1  5 H  290  376
 1  6 H  290  378
 1  7 H  290  382
 1  8 H  290  379
 1  9 H  290  353
 1 10 H  290  370
 1 11 H  290  372
 1 12 H  290  367
 1 13 H  290  369
 1 14 H  290  371
 1 15 H  290  367
 1 16 H  290  NaN
 1 17 H  290  NaN
 1 18 H  290  385
 1 19 H  290  383
 1 20 H  290  384
 1 21 H  290  382
 1 22 H  290  387
 1 23 H  290  359
 1 24 H  290  373
 1 25 H  290  377
 1 26 H  290  NaN
 1 27 H  290  375
 1 28 H  290  311
 1 29 H  290  338
 1 30 H  290  363
 1 31 H  290  369
 1  1 Z  230  723
 1  2 Z  230  723
 1  3 Z  230  723
 1  4 Z  230  720
 1  5 Z  230  723
 1  6 Z  230  721
 1  7 Z  230  722
 1  8 Z  230  718
 1  9 Z  230  723
 1 10 Z  230  719
 1 11 Z  230  720
 1 12 Z  230  717
 1 13 Z  230  717
 1 14 Z  230  717
 1 15 Z  230  718
 1 16 Z  230  NaN
 1 17 Z  230  NaN
 1 18 Z  230  712
 1 19 Z  230  710
 1 20 Z  230  709
 1 21 Z  230  711
 1 22 Z  230  710
 1 23 Z  230  713
 1 24 Z  230  712
 1 25 Z  230  710
 1 26 Z  230  NaN
 1 27 Z  230  708
 1 28 Z  230  720
 1 29 Z  230  718
 1 30 Z  230  714
 1 31 Z  230  712
 2  1 D   -9 -215
 2  2 D   -9 -209
 2  3 D   -9 -209
 2  4 D   -9 -210
 2  5 D   -9 -210
 2  6 D   -9 -209
 2  7 D   -9 -211
 2  8 D   -9 -204
 2  9 D   -9 -207
 2 10 D   -9 -205
 2 11 D   -9 -208
 2 12 D   -9 -209
 2 13 D   -9 -208
 2 14 D   -9 -206
 2 15 D   -9 -208
 2 16 D   -9 -203
 2 17 D   -9 -209
 2 18 D   -9 -210
 2 19 D   -9 -209
 2 20 D   -9 -203
 2 21 D   -9 -209
 2 22 D   -9 -208
 2 23 D   -9 -209
 2 24 D   -9 -203
 2 25 D   -9 -206
 2 26 D   -9 -204
 2 27 D   -9 -205
 2 28 D   -9 -200
 2  1 H  290  371
 2  2 H  290  373
 2  3 H  290  378
 2  4 H  290  387
 2  5 H  290  380
 2  6 H  290  366
 2  7 H  290  367
 2  8 H  290  368
 2  9 H  290  366
 2 10 H  290  367
 2 11 H  290  373
 2 12 H  290  380
 2 13 H  290  382
 2 14 H  290  385
 2 15 H  290  383
 2 16 H  290  386
 2 17 H  290  377
 2 18 H  290  384
 2 19 H  290  386
 2 20 H  290  372
 2 21 H  290  376
 2 22 H  290  377
 2 23 H  290  378
 2 24 H  290  372
 2 25 H  290  377
 2 26 H  290  380
 2 27 H  290  390
 2 28 H  290  350
 2  1 Z  230  715
 2  2 Z  230  716
 2  3 Z  230  711
 2  4 Z  230  711
 2  5 Z  230  712
 2  6 Z  230  714
 2  7 Z  230  713
 2  8 Z  230  714
 2  9 Z  230  712
 2 10 Z  230  711
 2 11 Z  230  711
 2 12 Z  230  710
 2 13 Z  230  707
 2 14 Z  230  707
 2 15 Z  230  709
 2 16 Z  230  708
 2 17 Z  230  706
 2 18 Z  230  702
 2 19 Z  230  703
 2 20 Z  230  708
 2 21 Z  230  703
 2 22 Z  230  704
 2 23 Z  230  701
 2 24 Z  230  705
 2 25 Z  230  706
 2 26 Z  230  702
 2 27 Z  230  699
 2 28 Z  230  711
 3  1 D   -9 -203
 3  2 D   -9 -204
 3  3 D   -9 -207
 3  4 D   -9 -206
 3  5 D   -9 -199
 3  6 D   -9 -201
 3  7 D   -9 -203
 3  8 D   -9 -203
 3  9 D   -9 -203
 3 10 D   -9 -207
 3 11 D   -9 -204
 3 12 D   -9 -199
 3 13 D   -9 -203
 3 14 D   -9 -206
 3 15 D   -9 -203
 3 16 D   -9 -204
 3 17 D   -9 -205
 3 18 D   -9 -201
 3 19 D   -9 -200
 3 20 D   -9 -197
 3 21 D   -9 -202
 3 22 D   -9 -202
 3 23 D   -9 -202
 3 24 D   -9 -199
 3 25 D   -9 -205
 3 26 D   -9 -202
 3 27 D   -9 -202
 3 28 D   -9 -197
 3 29 D   -9 -202
 3 30 D   -9 -198
 3 31 D   -9 -200
 3  1 H  290  372
 3  2 H  290  367
 3  3 H  290  375
 3  4 H  290  384
 3  5 H  290  372
 3  6 H  290  372
 3  7 H  290  369
 3  8 H  290  375
 3  9 H  290  380
 3 10 H  290  393
 3 11 H  290  384
 3 12 H  290  384
 3 13 H  290  392
 3 14 H  290  403
 3 15 H  290  385
 3 16 H  290  392
 3 17 H  290  395
 3 18 H  290  394
 3 19 H  290  390
 3 20 H  290  395
 3 21 H  290  403
 3 22 H  290  401
 3 23 H  290  393
 3 24 H  290  400
 3 25 H  290  397
 3 26 H  290  389
 3 27 H  290  388
 3 28 H  290  389
 3 29 H  290  395
 3 30 H  290  400
 3 31 H  290  397
 3  1 Z  230  708
 3  2 Z  230  709
 3  3 Z  230  705
 3  4 Z  230  705
 3  5 Z  230  704
 3  6 Z  230  704
 3  7 Z  230  704
 3  8 Z  230  704
 3  9 Z  230  702
 3 10 Z  230  699
 3 11 Z  230  700
 3 12 Z  230  700
 3 13 Z  230  700
 3 14 Z  230  699
 3 15 Z  230  703
 3 16 Z  230  699
 3 17 Z  230  700
 3 18 Z  230  698
 3 19 Z  230  697
 3 20 Z  230  695
 3 21 Z  230  694
 3 22 Z  230  694
 3 23 Z  230  693
 3 24 Z  230  695
 3 25 Z  230  693
 3 26 Z  230  692
 3 27 Z  230  697
 3 28 Z  230  699
 3 29 Z  230  696
 3 30 Z  230  696
 3 31 Z  230  698
 4  1 D   -9 -203
 4  2 D   -9 -204
 4  3 D   -9 -202
 4  4 D   -9 -199
 4  5 D   -9 -199
 4  6 D   -9 -198
 4  7 D   -9 -197
 4  8 D   -9 -198
 4  9 D   -9 -199
 4 10 D   -9 -202
 4 11 D   -9 -197
 4 12 D   -9 -193
 4 13 D   -9 -193
 4 14 D   -9 -193
 4 15 D   -9 -199
 4 16 D   -9 -197
 4 17 D   -9 -196
 4 18 D   -9 -192
 4 19 D   -9 -190
 4 20 D   -9 -188
 4 21 D   -9 -193
 4 22 D   -9 -192
 4 23 D   -9 -196
 4 24 D   -9 -195
 4 25 D   -9 -197
 4 26 D   -9 -191
 4 27 D   -9 -189
 4 28 D   -9 -199
 4 29 D   -9 -193
 4 30 D   -9 -196
 4  1 H  290  378
 4  2 H  290  384
 4  3 H  290  392
 4  4 H  290  383
 4  5 H  290  389
 4  6 H  290  396
 4  7 H  290  397
 4  8 H  290  398
 4  9 H  290  376
 4 10 H  290  386
 4 11 H  290  384
 4 12 H  290  391
 4 13 H  290  400
 4 14 H  290  394
 4 15 H  290  399
 4 16 H  290  405
 4 17 H  290  403
 4 18 H  290  407
 4 19 H  290  383
 4 20 H  290  357
 4 21 H  290  319
 4 22 H  290  360
 4 23 H  290  378
 4 24 H  290  383
 4 25 H  290  383
 4 26 H  290  388
 4 27 H  290  370
 4 28 H  290  355
 4 29 H  290  366
 4 30 H  290  374
 4  1 Z  230  698
 4  2 Z  230  700
 4  3 Z  230  701
 4  4 Z  230  702
 4  5 Z  230  698
 4  6 Z  230  696
 4  7 Z  230  697
 4  8 Z  230  695
 4  9 Z  230  699
 4 10 Z  230  697
 4 11 Z  230  697
 4 12 Z  230  695
 4 13 Z  230  691
 4 14 Z  230  693
 4 15 Z  230  693
 4 16 Z  230  693
 4 17 Z  230  693
 4 18 Z  230  693
 4 19 Z  230  695
 4 20 Z  230  701
 4 21 Z  230  712
 4 22 Z  230  702
 4 23 Z  230  700
 4 24 Z  230  699
 4 25 Z  230  701
 4 26 Z  230  693
 4 27 Z  230  699
 4 28 Z  230  701
 4 29 Z  230  699
 4 30 Z  230  697
 5  1 D   -9 -189
 5  2 D   -9 -183
 5  3 D   -9 -192
 5  4 D   -9  NaN
 5  5 D   -9 -192
 5  6 D   -9 -185
 5  7 D   -9 -191
 5  8 D   -9 -186
 5  9 D   -9 -187
 5 10 D   -9 -184
 5 11 D   -9 -187
 5 12 D   -9 -190
 5 13 D   -9 -190
 5 14 D   -9 -185
 5 15 D   -9 -190
 5 16 D   -9 -191
 5 17 D   -9 -189
 5 18 D   -9 -189
 5 19 D   -9  NaN
 5 20 D   -9 -192
 5 21 D   -9 -189
 5 22 D   -9 -190
 5 23 D   -9 -186
 5 24 D   -9 -184
 5 25 D   -9 -192
 5 26 D   -9 -185
 5 27 D   -9 -187
 5 28 D   -9 -185
 5 29 D   -9 -182
 5 30 D   -9 -184
 5 31 D   -9 -183
 5  1 H  290  371
 5  2 H  290  370
 5  3 H  290  388
 5  4 H  290  NaN
 5  5 H  290  398
 5  6 H  290  393
 5  7 H  290  397
 5  8 H  290  398
 5  9 H  290  395
 5 10 H  290  402
 5 11 H  290  403
 5 12 H  290  400
 5 13 H  290  393
 5 14 H  290  392
 5 15 H  290  396
 5 16 H  290  393
 5 17 H  290  396
 5 18 H  290  392
 5 19 H  290  NaN
 5 20 H  290  395
 5 21 H  290  405
 5 22 H  290  405
 5 23 H  290  414
 5 24 H  290  421
 5 25 H  290  421
 5 26 H  290  410
 5 27 H  290  406
 5 28 H  290  414
 5 29 H  290  415
 5 30 H  290  421
 5 31 H  290  420
 5  1 Z  230  696
 5  2 Z  230  699
 5  3 Z  230  692
 5  4 Z  230  NaN
 5  5 Z  230  696
 5  6 Z  230  693
 5  7 Z  230  692
 5  8 Z  230  692
 5  9 Z  230  690
 5 10 Z  230  686
 5 11 Z  230  690
 5 12 Z  230  692
 5 13 Z  230  695
 5 14 Z  230  697
 5 15 Z  230  690
 5 16 Z  230  693
 5 17 Z  230  694
 5 18 Z  230  691
 5 19 Z  230  NaN
 5 20 Z  230  692
 5 21 Z  230  687
 5 22 Z  230  686
 5 23 Z  230  687
 5 24 Z  230  691
 5 25 Z  230  686
 5 26 Z  230  690
 5 27 Z  230  687
 5 28 Z  230  689
 5 29 Z  230  691
 5 30 Z  230  685
 5 31 Z  230  688
 6  1 D   -9 -182
 6  2 D   -9 -184
 6  3 D   -9 -186
 6  4 D   -9 -184
 6  5 D   -9 -181
 6  6 D   -9 -186
 6  7 D   -9 -182
 6  8 D   -9 -179
 6  9 D   -9 -172
 6 10 D   -9 -174
 6 11 D   -9 -178
 6 12 D   -9 -182
 6 13 D   -9 -176
 6 14 D   -9 -178
 6 15 D   -9 -175
 6 16 D   -9 -177
 6 17 D   -9 -176
 6 18 D   -9 -173
 6 19 D   -9 -175
 6 20 D   -9 -180
 6 21 D   -9 -170
 6 22 D   -9 -174
 6 23 D   -9 -168
 6 24 D   -9 -175
 6 25 D   -9 -168
 6 26 D   -9 -173
 6 27 D   -9 -173
 6 28 D   -9 -175
 6 29 D   -9 -175
 6 30 D   -9 -175
 6  1 H  290  404
 6  2 H  290  400
 6  3 H  290  405
 6  4 H  290  408
 6  5 H  290  414
 6  6 H  290  405
 6  7 H  290  397
 6  8 H  290  394
 6  9 H  290  400
 6 10 H  290  376
 6 11 H  290  392
 6 12 H  290  394
 6 13 H  290  397
 6 14 H  290  404
 6 15 H  290  401
 6 16 H  290  405
 6 17 H  290  419
 6 18 H  290  412
 6 19 H  290  414
 6 20 H  290  416
 6 21 H  290  413
 6 22 H  290  408
 6 23 H  290  412
 6 24 H  290  419
 6 25 H  290  408
 6 26 H  290  395
 6 27 H  290  399
 6 28 H  290  396
 6 29 H  290  401
 6 30 H  290  401
 6  1 Z  230  688
 6  2 Z  230  689
 6  3 Z  230  687
 6  4 Z  230  685
 6  5 Z  230  686
 6  6 Z  230  686
 6  7 Z  230  694
 6  8 Z  230  696
 6  9 Z  230  692
 6 10 Z  230  697
 6 11 Z  230  697
 6 12 Z  230  700
 6 13 Z  230  695
 6 14 Z  230  693
 6 15 Z  230  693
 6 16 Z  230  686
 6 17 Z  230  685
 6 18 Z  230  683
 6 19 Z  230  682
 6 20 Z  230  682
 6 21 Z  230  681
 6 22 Z  230  685
 6 23 Z  230  681
 6 24 Z  230  682
 6 25 Z  230  686
 6 26 Z  230  690
 6 27 Z  230  690
 6 28 Z  230  688
 6 29 Z  230  688
 6 30 Z  230  687
 7  1 D   -9 -170
 7  2 D   -9 -180
 7  3 D   -9 -176
 7  4 D   -9 -174
 7  5 D   -9 -169
 7  6 D   -9 -171
 7  7 D   -9 -179
 7  8 D   -9 -176
 7  9 D   -9 -177
 7 10 D   -9 -176
 7 11 D   -9 -178
 7 12 D   -9 -170
 7 13 D   -9 -175
 7 14 D   -9 -180
 7 15 D   -9 -170
 7 16 D   -9 -175
 7 17 D   -9 -178
 7 18 D   -9 -173
 7 19 D   -9 -173
 7 20 D   -9 -174
 7 21 D   -9 -175
 7 22 D   -9 -177
 7 23 D   -9 -171
 7 24 D   -9 -177
 7 25 D   -9 -171
 7 26 D   -9 -175
 7 27 D   -9 -169
 7 28 D   -9 -174
 7 29 D   -9 -177
 7 30 D   -9 -175
 7 31 D   -9 -167
 7  1 H  290  400
 7  2 H  290  400
 7  3 H  290  410
 7  4 H  290  399
 7  5 H  290  395
 7  6 H  290  398
 7  7 H  290  391
 7  8 H  290  392
 7  9 H  290  394
 7 10 H  290  403
 7 11 H  290  417
 7 12 H  290  372
 7 13 H  290  393
 7 14 H  290  381
 7 15 H  290  392
 7 16 H  290  400
 7 17 H  290  400
 7 18 H  290  400
 7 19 H  290  403
 7 20 H  290  401
 7 21 H  290  409
 7 22 H  290  421
 7 23 H  290  408
 7 24 H  290  402
 7 25 H  290  410
 7 26 H  290  406
 7 27 H  290  399
 7 28 H  290  398
 7 29 H  290  405
 7 30 H  290  407
 7 31 H  290  389
 7  1 Z  230  686
 7  2 Z  230  689
 7  3 Z  230  682
 7  4 Z  230  688
 7  5 Z  230  685
 7  6 Z  230  687
 7  7 Z  230  690
 7  8 Z  230  688
 7  9 Z  230  689
 7 10 Z  230  686
 7 11 Z  230  684
 7 12 Z  230  694
 7 13 Z  230  689
 7 14 Z  230  689
 7 15 Z  230  688
 7 16 Z  230  687
 7 17 Z  230  689
 7 18 Z  230  689
 7 19 Z  230  686
 7 20 Z  230  686
 7 21 Z  230  685
 7 22 Z  230  680
 7 23 Z  230  686
 7 24 Z  230  686
 7 25 Z  230  684
 7 26 Z  230  685
 7 27 Z  230  688
 7 28 Z  230  685
 7 29 Z  230  681
 7 30 Z  230  683
 7 31 Z  230  686
 8  1 D   -9 -180
 8  2 D   -9 -175
 8  3 D   -9 -173
 8  4 D   -9 -174
 8  5 D   -9 -177
 8  6 D   -9 -176
 8  7 D   -9 -176
 8  8 D   -9 -174
 8  9 D   -9 -173
 8 10 D   -9 -176
 8 11 D   -9 -170
 8 12 D   -9 -174
 8 13 D   -9 -169
 8 14 D   -9 -171
 8 15 D   -9 -173
 8 16 D   -9 -174
 8 17 D   -9 -177
 8 18 D   -9 -170
 8 19 D   -9 -171
 8 20 D   -9 -171
 8 21 D   -9 -166
 8 22 D   -9 -170
 8 23 D   -9 -172
 8 24 D   -9 -163
 8 25 D   -9 -173
 8 26 D   -9 -171
 8 27 D   -9 -161
 8 28 D   -9 -164
 8 29 D   -9 -161
 8 30 D   -9 -163
 8 31 D   -9 -164
 8  1 H  290  395
 8  2 H  290  397
 8  3 H  290  398
 8  4 H  290  406
 8  5 H  290  408
 8  6 H  290  408
 8  7 H  290  415
 8  8 H  290  408
 8  9 H  290  409
 8 10 H  290  411
 8 11 H  290  410
 8 12 H  290  412
 8 13 H  290  382
 8 14 H  290  389
 8 15 H  290  390
 8 16 H  290  394
 8 17 H  290  400
 8 18 H  290  408
 8 19 H  290  399
 8 20 H  290  402
 8 21 H  290  405
 8 22 H  290  396
 8 23 H  290  400
 8 24 H  290  408
 8 25 H  290  404
 8 26 H  290  401
 8 27 H  290  402
 8 28 H  290  405
 8 29 H  290  406
 8 30 H  290  403
 8 31 H  290  380
 8  1 Z  230  686
 8  2 Z  230  684
 8  3 Z  230  680
 8  4 Z  230  684
 8  5 Z  230  681
 8  6 Z  230  677
 8  7 Z  230  678
 8  8 Z  230  679
 8  9 Z  230  677
 8 10 Z  230  681
 8 11 Z  230  676
 8 12 Z  230  675
 8 13 Z  230  685
 8 14 Z  230  685
 8 15 Z  230  683
 8 16 Z  230  683
 8 17 Z  230  683
 8 18 Z  230  679
 8 19 Z  230  679
 8 20 Z  230  679
 8 21 Z  230  677
 8 22 Z  230  680
 8 23 Z  230  680
 8 24 Z  230  682
 8 25 Z  230  681
 8 26 Z  230  676
 8 27 Z  230  678
 8 28 Z  230  679
 8 29 Z  230  678
 8 30 Z  230  677
 8 31 Z  230  685
 9  1 D   -9 -163
 9  2 D   -9 -169
 9  3 D   -9 -162
 9  4 D   -9 -160
 9  5 D   -9 -165
 9  6 D   -9 -159
 9  7 D   -9 -163
 9  8 D   -9 -159
 9  9 D   -9 -164
 9 10 D   -9 -162
 9 11 D   -9 -155
 9 12 D   -9 -162
 9 13 D   -9 -162
 9 14 D   -9 -167
 9 15 D   -9 -158
 9 16 D   -9 -160
 9 17 D   -9 -161
 9 18 D   -9 -162
 9 19 D   -9 -162
 9 20 D   -9 -154
 9 21 D   -9 -156
 9 22 D   -9 -157
 9 23 D   -9 -157
 9 24 D   -9 -157
 9 25 D   -9 -155
 9 26 D   -9 -155
 9 27 D   -9 -155
 9 28 D   -9 -157
 9 29 D   -9 -155
 9 30 D   -9 -158
 9  1 H  290  395
 9  2 H  290  398
 9  3 H  290  406
 9  4 H  290  411
 9  5 H  290  416
 9  6 H  290  400
 9  7 H  290  405
 9  8 H  290  406
 9  9 H  290  400
 9 10 H  290  404
 9 11 H  290  398
 9 12 H  290  406
 9 13 H  290  410
 9 14 H  290  405
 9 15 H  290  400
 9 16 H  290  392
 9 17 H  290  400
 9 18 H  290  409
 9 19 H  290  389
 9 20 H  290  399
 9 21 H  290  395
 9 22 H  290  397
 9 23 H  290  402
 9 24 H  290  404
 9 25 H  290  403
 9 26 H  290  406
 9 27 H  290  404
 9 28 H  290  404
 9 29 H  290  414
 9 30 H  290  411
 9  1 Z  230  681
 9  2 Z  230  680
 9  3 Z  230  678
 9  4 Z  230  679
 9  5 Z  230  674
 9  6 Z  230  679
 9  7 Z  230  677
 9  8 Z  230  676
 9  9 Z  230  676
 9 10 Z  230  675
 9 11 Z  230  675
 9 12 Z  230  674
 9 13 Z  230  674
 9 14 Z  230  675
 9 15 Z  230  678
 9 16 Z  230  677
 9 17 Z  230  676
 9 18 Z  230  674
 9 19 Z  230  679
 9 20 Z  230  677
 9 21 Z  230  677
 9 22 Z  230  676
 9 23 Z  230  676
 9 24 Z  230  675
 9 25 Z  230  674
 9 26 Z  230  676
 9 27 Z  230  676
 9 28 Z  230  673
 9 29 Z  230  672
 9 30 Z  230  674
10  1 D   -9 -156
10  2 D   -9 -159
10  3 D   -9 -157
10  4 D   -9 -158
10  5 D   -9 -153
10  6 D   -9 -154
10  7 D   -9 -153
10  8 D   -9 -154
10  9 D   -9 -153
10 10 D   -9 -154
10 11 D   -9 -159
10 12 D   -9 -150
10 13 D   -9 -153
10 14 D   -9 -159
10 15 D   -9 -155
10 16 D   -9 -158
10 17 D   -9 -158
10 18 D   -9 -156
10 19 D   -9 -156
10 20 D   -9 -155
10 21 D   -9 -155
10 22 D   -9 -147
10 23 D   -9 -152
10 24 D   -9 -153
10 25 D   -9 -152
10 26 D   -9 -153
10 27 D   -9 -154
10 28 D   -9 -155
10 29 D   -9 -156
10 30 D   -9 -156
10 31 D   -9 -152
10  1 H  290  410
10  2 H  290  402
10  3 H  290  411
10  4 H  290  403
10  5 H  290  370
10  6 H  290  372
10  7 H  290  382
10  8 H  290  386
10  9 H  290  399
10 10 H  290  400
10 11 H  290  404
10 12 H  290  404
10 13 H  290  406
10 14 H  290  408
10 15 H  290  402
10 16 H  290  397
10 17 H  290  400
10 18 H  290  395
10 19 H  290  406
10 20 H  290  405
10 21 H  290  408
10 22 H  290  401
10 23 H  290  404
10 24 H  290  406
10 25 H  290  403
10 26 H  290  409
10 27 H  290  414
10 28 H  290  417
10 29 H  290  410
10 30 H  290  415
10 31 H  290  414
10  1 Z  230  676
10  2 Z  230  674
10  3 Z  230  674
10  4 Z  230  674
10  5 Z  230  682
10  6 Z  230  682
10  7 Z  230  680
10  8 Z  230  677
10  9 Z  230  675
10 10 Z  230  672
10 11 Z  230  674
10 12 Z  230  672
10 13 Z  230  674
10 14 Z  230  673
10 15 Z  230  675
10 16 Z  230  673
10 17 Z  230  672
10 18 Z  230  672
10 19 Z  230  673
10 20 Z  230  669
10 21 Z  230  668
10 22 Z  230  672
10 23 Z  230  673
10 24 Z  230  672
10 25 Z  230  672
10 26 Z  230  669
10 27 Z  230  668
10 28 Z  230  669
10 29 Z  230  668
10 30 Z  230  665
10 31 Z  230  665
11  1 D   -9 -150
11  2 D   -9 -152
11  3 D   -9 -147
11  4 D   -9 -149
11  5 D   -9 -152
11  6 D   -9 -151
11  7 D   -9 -153
11  8 D   -9 -150
11  9 D   -9 -159
11 10 D   -9 -152
11 11 D   -9 -155
11 12 D   -9 -151
11 13 D   -9 -150
11 14 D   -9 -149
11 15 D   -9 -147
11 16 D   -9 -149
11 17 D   -9 -150
11 18 D   -9 -150
11 19 D   -9 -150
11 20 D   -9 -146
11 21 D   -9 -145
11 22 D   -9 -144
11 23 D   -9 -144
11 24 D   -9 -145
11 25 D   -9 -142
11 26 D   -9 -142
11 27 D   -9 -145
11 28 D   -9 -144
11 29 D   -9 -130
11 30 D   -9 -140
11  1 H  290  408
11  2 H  290  394
11  3 H  290  393
11  4 H  290  393
11  5 H  290  390
11  6 H  290  396
11  7 H  290  402
11  8 H  290  411
11  9 H  290  409
11 10 H  290  405
11 11 H  290  405
11 12 H  290  413
11 13 H  290  399
11 14 H  290  394
11 15 H  290  398
11 16 H  290  401
11 17 H  290  402
11 18 H  290  398
11 19 H  290  405
11 20 H  290  413
11 21 H  290  416
11 22 H  290  407
11 23 H  290  417
11 24 H  290  417
11 25 H  290  425
11 26 H  290  412
11 27 H  290  400
11 28 H  290  410
11 29 H  290  378
11 30 H  290  354
11  1 Z  230  666
11  2 Z  230  669
11  3 Z  230  671
11  4 Z  230  672
11  5 Z  230  667
11  6 Z  230  668
11  7 Z  230  669
11  8 Z  230  666
11  9 Z  230  666
11 10 Z  230  669
11 11 Z  230  665
11 12 Z  230  663
11 13 Z  230  663
11 14 Z  230  665
11 15 Z  230  664
11 16 Z  230  665
11 17 Z  230  661
11 18 Z  230  663
11 19 Z  230  664
11 20 Z  230  662
11 21 Z  230  660
11 22 Z  230  662
11 23 Z  230  660
11 24 Z  230  659
11 25 Z  230  659
11 26 Z  230  663
11 27 Z  230  661
11 28 Z  230  661
11 29 Z  230  664
11 30 Z  230  677
12  1 D   -9 -141
12  2 D   -9 -140
12  3 D   -9 -140
12  4 D   -9 -141
12  5 D   -9 -141
12  6 D   -9 -142
12  7 D   -9 -144
12  8 D   -9 -141
12  9 D   -9 -142
12 10 D   -9 -142
12 11 D   -9 -141
12 12 D   -9 -141
12 13 D   -9 -139
12 14 D   -9 -139
12 15 D   -9 -141
12 16 D   -9 -141
12 17 D   -9 -139
12 18 D   -9 -140
12 19 D   -9 -144
12 20 D   -9 -138
12 21 D   -9 -138
12 22 D   -9 -140
12 23 D   -9 -139
12 24 D   -9 -138
12 25 D   -9 -140
12 26 D   -9 -137
12 27 D   -9 -140
12 28 D   -9 -137
12 29 D   -9 -138
12 30 D   -9 -134
12 31 D   -9 -135
12  1 H  290  386
12  2 H  290  385
12  3 H  290  397
12  4 H  290  395
12  5 H  290  395
12  6 H  290  404
12  7 H  290  411
12  8 H  290  417
12  9 H  290  415
12 10 H  290  400
12 11 H  290  402
12 12 H  290  408
12 13 H  290  389
12 14 H  290  391
12 15 H  290  399
12 16 H  290  407
12 17 H  290  409
12 18 H  290  415
12 19 H  290  380
12 20 H  290  389
12 21 H  290  398
12 22 H  290  405
12 23 H  290  409
12 24 H  290  403
12 25 H  290  412
12 26 H  290  407
12 27 H  290  413
12 28 H  290  394
12 29 H  290  398
12 30 H  290  387
12 31 H  290  392
12  1 Z  230  670
12  2 Z  230  671
12  3 Z  230  669
12  4 Z  230  669
12  5 Z  230  667
12  6 Z  230  663
12  7 Z  230  663
12  8 Z  230  661
12  9 Z  230  660
12 10 Z  230  661
12 11 Z  230  663
12 12 Z  230  661
12 13 Z  230  665
12 14 Z  230  665
12 15 Z  230  663
12 16 Z  230  658
12 17 Z  230  660
12 18 Z  230  658
12 19 Z  230  666
12 20 Z  230  661
12 21 Z  230  662
12 22 Z  230  658
12 23 Z  230  657
12 24 Z  230  661
12 25 Z  230  657
12 26 Z  230  658
12 27 Z  230  655
12 28 Z  230  659
12 29 Z  230  656
12 30 Z  230  657
12 31 Z  230  660
