 1  1 D  -11 -409
 1  2 D  -11 -423
 1  3 D  -11 -413
 1  4 D  -11 -417
 1  5 D  -11 -412
 1  6 D  -11 -415
 1  7 D  -11 -412
 1  8 D  -11 -416
 1  9 D  -11 -416
 1 10 D  -11 -413
 1 11 D  -11 -418
 1 12 D  -11 -411
 1 13 D  -11 -410
 1 14 D  -11 -407
 1 15 D  -11 -415
 1 16 D  -11 -409
 1 17 D  -11 -413
 1 18 D  -11 -407
 1 19 D  -11 -415
 1 20 D  -11 -410
 1 21 D  -11 -412
 1 22 D  -11 -405
 1 23 D  -11 -415
 1 24 D  -11 -406
 1 25 D  -11 -414
 1 26 D  -11 -408
 1 27 D  -11 -410
 1 28 D  -11 -401
 1 29 D  -11 -406
 1 30 D  -11 -405
 1 31 D  -11 -401
 1  1 H  280  631
 1  2 H  280  626
 1  3 H  280  658
 1  4 H  280  665
 1  5 H  280  666
 1  6 H  280  662
 1  7 H  280  671
 1  8 H  280  679
 1  9 H  280  683
 1 10 H  280  683
 1 11 H  280  677
 1 12 H  280  666
 1 13 H  280  672
 1 14 H  280  667
 1 15 H  280  669
 1 16 H  280  670
 1 17 H  280  680
 1 18 H  280  682
 1 19 H  280  683
 1 20 H  280  680
 1 21 H  280  685
 1 22 H  280  683
 1 23 H  280  690
 1 24 H  280  685
 1 25 H  280  695
 1 26 H  280  688
 1 27 H  280  686
 1 28 H  280  674
 1 29 H  280  677
 1 30 H  280  684
 1 31 H  280  686
 1  1 Z  250  256
 1  2 Z  250  259
 1  3 Z  250  253
 1  4 Z  250  255
 1  5 Z  250  252
 1  6 Z  250  253
 1  7 Z  250  250
 1  8 Z  250  248
 1  9 Z  250  247
 1 10 Z  250  245
 1 11 Z  250  247
 1 12 Z  250  249
 1 13 Z  250  252
 1 14 Z  250  250
 1 15 Z  250  246
 1 16 Z  250  247
 1 17 Z  250  242
 1 18 Z  250  245
 1 19 Z  250  244
 1 20 Z  250  243
 1 21 Z  250  244
 1 22 Z  250  241
 1 23 Z  250  241
 1 24 Z  250  241
 1 25 Z  250  237
 1 26 Z  250  242
 1 27 Z  250  237
 1 28 Z  250  243
 1 29 Z  250  242
 1 30 Z  250  239
 1 31 Z  250  240
 2  1 D  -11  NaN
 2  2 D  -11 -415
 2  3 D  -11 -414
 2  4 D  -11 -407
 2  5 D  -11  NaN
 2  6 D  -11  NaN
 2  7 D  -11 -409
 2  8 D  -11 -411
 2  9 D  -11 -410
 2 10 D  -11 -402
 2 11 D  -11  NaN
 2 12 D  -11  NaN
 2 13 D  -11 -416
 2 14 D  -11 -408
 2 15 D  -11 -411
 2 16 D  -11 -411
 2 17 D  -11 -407
 2 18 D  -11 -414
 2 19 D  -11 -408
 2 20 D  -11 -412
 2 21 D  -11 -413
 2 22 D  -11 -409
 2 23 D  -11 -410
 2 24 D  -11 -409
 2 25 D  -11 -407
 2 26 D  -11 -410
 2 27 D  -11 -407
 2 28 D  -11 -412
 2 29 D  -11 -400
 2  1 H  280  NaN
 2  2 H  280  675
 2  3 H  280  669
 2  4 H  280  670
 2  5 H  280  NaN
 2  6 H  280  NaN
 2  7 H  280  700
 2  8 H  280  689
 2  9 H  280  664
 2 10 H  280  660
 2 11 H  280  NaN
 2 12 H  280  NaN
 2 13 H  280  673
 2 14 H  280  688
 2 15 H  280  684
 2 16 H  280  681
 2 17 H  280  685
 2 18 H  280  673
 2 19 H  280  680
 2 20 H  280  680
 2 21 H  280  673
 2 22 H  280  680
 2 23 H  280  687
 2 24 H  280  691
 2 25 H  280  696
 2 26 H  280  696
 2 27 H  280  695
 2 28 H  280  668
 2 29 H  280  661
 2  1 Z  250  NaN
 2  2 Z  250  243
 2  3 Z  250  243
 2  4 Z  250  245
 2  5 Z  250  NaN
 2  6 Z  250  NaN
 2  7 Z  250  239
 2  8 Z  250  238
 2  9 Z  250  244
 2 10 Z  250  247
 2 11 Z  250  NaN
 2 12 Z  250  NaN
 2 13 Z  250  242
 2 14 Z  250  238
 2 15 Z  250  241
 2 16 Z  250  240
 2 17 Z  250  241
 2 18 Z  250  241
 2 19 Z  250  239
 2 20 Z  250  240
 2 21 Z  250  241
 2 22 Z  250  242
 2 23 Z  250  236
 2 24 Z  250  237
 2 25 Z  250  236
 2 26 Z  250  232
 2 27 Z  250  235
 2 28 Z  250  242
 2 29 Z  250  245
 3  1 D  -11 -404
 3  2 D  -11 -400
 3  3 D  -11 -408
 3  4 D  -11 -400
 3  5 D  -11 -403
 3  6 D  -11 -406
 3  7 D  -11 -402
 3  8 D  -11 -405
 3  9 D  -11 -405
 3 10 D  -11 -403
 3 11 D  -11 -404
 3 12 D  -11 -407
 3 13 D  -11 -406
 3 14 D  -11 -400
 3 15 D  -11 -405
 3 16 D  -11 -399
 3 17 D  -11 -402
 3 18 D  -11 -401
 3 19 D  -11 -402
 3 20 D  -11 -399
 3 21 D  -11 -401
 3 22 D  -11 -402
 3 23 D  -11 -397
 3 24 D  -11 -396
 3 25 D  -11 -389
 3 26 D  -11 -402
 3 27 D  -11 -394
 3 28 D  -11 -399
 3 29 D  -11  NaN
 3 30 D  -11 -398
 3 31 D  -11 -393
 3  1 H  280  668
 3  2 H  280  677
 3  3 H  280  671
 3  4 H  280  669
 3  5 H  280  669
 3  6 H  280  681
 3  7 H  280  688
 3  8 H  280  695
 3  9 H  280  699
 3 10 H  280  690
 3 11 H  280  699
 3 12 H  280  698
 3 13 H  280  701
 3 14 H  280  697
 3 15 H  280  676
 3 16 H  280  685
 3 17 H  280  688
 3 18 H  280  697
 3 19 H  280  699
 3 20 H  280  700
 3 21 H  280  699
 3 22 H  280  704
 3 23 H  280  710
 3 24 H  280  NaN
 3 25 H  280  NaN
 3 26 H  280  695
 3 27 H  280  686
 3 28 H  280  700
 3 29 H  280  NaN
 3 30 H  280  681
 3 31 H  280  689
 3  1 Z  250  245
 3  2 Z  250  236
 3  3 Z  250  237
 3  4 Z  250  238
 3  5 Z  250  238
 3  6 Z  250  238
 3  7 Z  250  237
 3  8 Z  250  235
 3  9 Z  250  230
 3 10 Z  250  231
 3 11 Z  250  235
 3 12 Z  250  234
 3 13 Z  250  235
 3 14 Z  250  235
 3 15 Z  250  237
 3 16 Z  250  236
 3 17 Z  250  231
 3 18 Z  250  233
 3 19 Z  250  229
 3 20 Z  250  230
 3 21 Z  250  229
 3 22 Z  250  232
 3 23 Z  250  229
 3 24 Z  250  233
 3 25 Z  250  235
 3 26 Z  250  230
 3 27 Z  250  NaN
 3 28 Z  250  NaN
 3 29 Z  250  NaN
 3 30 Z  250  232
 3 31 Z  250  233
 4  1 D  -11  NaN
 4  2 D  -11  NaN
 4  3 D  -11  NaN
 4  4 D  -11  NaN
 4  5 D  -11 -400
 4  6 D  -11 -393
 4  7 D  -11 -404
 4  8 D  -11 -404
 4  9 D  -11 -402
 4 10 D  -11 -396
 4 11 D  -11 -402
 4 12 D  -11 -406
 4 13 D  -11 -400
 4 14 D  -11 -397
 4 15 D  -11 -403
 4 16 D  -11 -402
 4 17 D  -11 -402
 4 18 D  -11 -400
 4 19 D  -11 -399
 4 20 D  -11 -398
 4 21 D  -11 -397
 4 22 D  -11 -396
 4 23 D  -11 -382
 4 24 D  -11 -391
 4 25 D  -11 -390
 4 26 D  -11 -384
 4 27 D  -11 -391
 4 28 D  -11 -390
 4 29 D  -11 -394
 4 30 D  -11 -391
 4  1 H  280  NaN
 4  2 H  280  NaN
 4  3 H  280  NaN
 4  4 H  280  NaN
 4  5 H  280  659
 4  6 H  280  644
 4  7 H  280  675
 4  8 H  280  680
 4  9 H  280  690
 4 10 H  280  692
 4 11 H  280  702
 4 12 H  280  698
 4 13 H  280  678
 4 14 H  280  677
 4 15 H  280  685
 4 16 H  280  688
 4 17 H  280  689
 4 18 H  280  691
 4 19 H  280  702
 4 20 H  280  701
 4 21 H  280  711
 4 22 H  280  699
 4 23 H  280  688
 4 24 H  280  693
 4 25 H  280  701
 4 26 H  280  681
 4 27 H  280  680
 4 28 H  280  683
 4 29 H  280  688
 4 30 H  280  691
 4  1 Z  250  NaN
 4  2 Z  250  NaN
 4  3 Z  250  NaN
 4  4 Z  250  NaN
 4  5 Z  250  231
 4  6 Z  250  239
 4  7 Z  250  232
 4  8 Z  250  228
 4  9 Z  250  227
 4 10 Z  250  230
 4 11 Z  250  225
 4 12 Z  250  221
 4 13 Z  250  230
 4 14 Z  250  225
 4 15 Z  250  227
 4 16 Z  250  224
 4 17 Z  250  226
 4 18 Z  250  228
 4 19 Z  250  220
 4 20 Z  250  225
 4 21 Z  250  214
 4 22 Z  250  224
 4 23 Z  250  224
 4 24 Z  250  224
 4 25 Z  250  222
 4 26 Z  250  230
 4 27 Z  250  228
 4 28 Z  250  230
 4 29 Z  250  222
 4 30 Z  250  225
 5  1 D  -11 -394
 5  2 D  -11 -385
 5  3 D  -11 -397
 5  4 D  -11 -389
 5  5 D  -11 -389
 5  6 D  -11  NaN
 5  7 D  -11  NaN
 5  8 D  -11  NaN
 5  9 D  -11  NaN
 5 10 D  -11  NaN
 5 11 D  -11 -390
 5 12 D  -11 -391
 5 13 D  -11 -384
 5 14 D  -11 -388
 5 15 D  -11 -392
 5 16 D  -11 -396
 5 17 D  -11 -388
 5 18 D  -11 -389
 5 19 D  -11 -396
 5 20 D  -11 -394
 5 21 D  -11 -383
 5 22 D  -11 -387
 5 23 D  -11 -394
 5 24 D  -11 -393
 5 25 D  -11 -391
 5 26 D  -11 -387
 5 27 D  -11 -391
 5 28 D  -11 -383
 5 29 D  -11 -388
 5 30 D  -11 -385
 5 31 D  -11 -388
 5  1 H  280  707
 5  2 H  280  707
 5  3 H  280  713
 5  4 H  280  706
 5  5 H  280  718
 5  6 H  280  NaN
 5  7 H  280  NaN
 5  8 H  280  NaN
 5  9 H  280  NaN
 5 10 H  280  NaN
 5 11 H  280  719
 5 12 H  280  703
 5 13 H  280  700
 5 14 H  280  703
 5 15 H  280  708
 5 16 H  280  698
 5 17 H  280  707
 5 18 H  280  707
 5 19 H  280  703
 5 20 H  280  700
 5 21 H  280  690
 5 22 H  280  691
 5 23 H  280  705
 5 24 H  280  700
 5 25 H  280  706
 5 26 H  280  709
 5 27 H  280  725
 5 28 H  280  723
 5 29 H  280  717
 5 30 H  280  719
 5 31 H  280  715
 5  1 Z  250  236
 5  2 Z  250  238
 5  3 Z  250  233
 5  4 Z  250  231
 5  5 Z  250  229
 5  6 Z  250  NaN
 5  7 Z  250  NaN
 5  8 Z  250  NaN
 5  9 Z  250  NaN
 5 10 Z  250  NaN
 5 11 Z  250  216
 5 12 Z  250  222
 5 13 Z  250  222
 5 14 Z  250  217
 5 15 Z  250  217
 5 16 Z  250  221
 5 17 Z  250  220
 5 18 Z  250  223
 5 19 Z  250  226
 5 20 Z  250  227
 5 21 Z  250  223
 5 22 Z  250  222
 5 23 Z  250  224
 5 24 Z  250  224
 5 25 Z  250  225
 5 26 Z  250  222
 5 27 Z  250  219
 5 28 Z  250  217
 5 29 Z  250  219
 5 30 Z  250  221
 5 31 Z  250  217
 6  1 D  -11 -391
 6  2 D  -11 -387
 6  3 D  -11 -390
 6  4 D  -11 -392
 6  5 D  -11 -391
 6  6 D  -11 -386
 6  7 D  -11 -388
 6  8 D  -11 -391
 6  9 D  -11  NaN
 6 10 D  -11 -388
 6 11 D  -11 -372
 6 12 D  -11 -385
 6 13 D  -11 -395
 6 14 D  -11 -389
 6 15 D  -11 -386
 6 16 D  -11 -381
 6 17 D  -11 -385
 6 18 D  -11 -384
 6 19 D  -11 -384
 6 20 D  -11 -385
 6 21 D  -11 -378
 6 22 D  -11 -394
 6 23 D  -11 -385
 6 24 D  -11 -387
 6 25 D  -11 -385
 6 26 D  -11 -379
 6 27 D  -11 -383
 6 28 D  -11 -382
 6 29 D  -11 -381
 6 30 D  -11 -380
 6  1 H  280  716
 6  2 H  280  707
 6  3 H  280  711
 6  4 H  280  714
 6  5 H  280  709
 6  6 H  280  713
 6  7 H  280  721
 6  8 H  280  721
 6  9 H  280  NaN
 6 10 H  280  696
 6 11 H  280  670
 6 12 H  280  672
 6 13 H  280  668
 6 14 H  280  681
 6 15 H  280  699
 6 16 H  280  705
 6 17 H  280  700
 6 18 H  280  701
 6 19 H  280  700
 6 20 H  280  713
 6 21 H  280  724
 6 22 H  280  719
 6 23 H  280  718
 6 24 H  280  723
 6 25 H  280  721
 6 26 H  280  734
 6 27 H  280  724
 6 28 H  280  726
 6 29 H  280  731
 6 30 H  280  718
 6  1 Z  250  214
 6  2 Z  250  214
 6  3 Z  250  214
 6  4 Z  250  215
 6  5 Z  250  215
 6  6 Z  250  210
 6  7 Z  250  214
 6  8 Z  250  213
 6  9 Z  250  NaN
 6 10 Z  250  221
 6 11 Z  250  223
 6 12 Z  250  224
 6 13 Z  250  224
 6 14 Z  250  226
 6 15 Z  250  221
 6 16 Z  250  220
 6 17 Z  250  222
 6 18 Z  250  223
 6 19 Z  250  222
 6 20 Z  250  212
 6 21 Z  250  210
 6 22 Z  250  212
 6 23 Z  250  214
 6 24 Z  250  213
 6 25 Z  250  211
 6 26 Z  250  208
 6 27 Z  250  207
 6 28 Z  250  205
 6 29 Z  250  210
 6 30 Z  250  213
 7  1 D  -11 -383
 7  2 D  -11 -387
 7  3 D  -11 -379
 7  4 D  -11 -384
 7  5 D  -11 -380
 7  6 D  -11 -391
 7  7 D  -11 -378
 7  8 D  -11 -387
 7  9 D  -11 -393
 7 10 D  -11 -383
 7 11 D  -11 -379
 7 12 D  -11 -382
 7 13 D  -11 -379
 7 14 D  -11 -377
 7 15 D  -11 -383
 7 16 D  -11 -375
 7 17 D  -11 -378
 7 18 D  -11 -386
 7 19 D  -11 -370
 7 20 D  -11 -379
 7 21 D  -11 -380
 7 22 D  -11 -381
 7 23 D  -11 -374
 7 24 D  -11 -384
 7 25 D  -11 -381
 7 26 D  -11 -379
 7 27 D  -11 -377
 7 28 D  -11 -381
 7 29 D  -11 -373
 7 30 D  -11 -379
 7 31 D  -11 -380
 7  1 H  280  705
 7  2 H  280  709
 7  3 H  280  709
 7  4 H  280  709
 7  5 H  280  712
 7  6 H  280  721
 7  7 H  280  723
 7  8 H  280  722
 7  9 H  280  728
 7 10 H  280  723
 7 11 H  280  709
 7 12 H  280  712
 7 13 H  280  716
 7 14 H  280  698
 7 15 H  280  714
 7 16 H  280  708
 7 17 H  280  718
 7 18 H  280  708
 7 19 H  280  715
 7 20 H  280  718
 7 21 H  280  726
 7 22 H  280  708
 7 23 H  280  720
 7 24 H  280  712
 7 25 H  280  726
 7 26 H  280  727
 7 27 H  280  719
 7 28 H  280  726
 7 29 H  280  725
 7 30 H  280  737
 7 31 H  280  726
 7  1 Z  250  221
 7  2 Z  250  225
 7  3 Z  250  219
 7  4 Z  250  221
 7  5 Z  250  215
 7  6 Z  250  216
 7  7 Z  250  211
 7  8 Z  250  208
 7  9 Z  250  211
 7 10 Z  250  209
 7 11 Z  250  219
 7 12 Z  250  214
 7 13 Z  250  213
 7 14 Z  250  220
 7 15 Z  250  213
 7 16 Z  250  216
 7 17 Z  250  216
 7 18 Z  250  214
 7 19 Z  250  210
 7 20 Z  250  213
 7 21 Z  250  216
 7 22 Z  250  222
 7 23 Z  250  214
 7 24 Z  250  213
 7 25 Z  250  210
 7 26 Z  250  208
 7 27 Z  250  207
 7 28 Z  250  206
 7 29 Z  250  204
 7 30 Z  250  200
 7 31 Z  250  201
 8  1 D  -11 -370
 8  2 D  -11 -372
 8  3 D  -11 -375
 8  4 D  -11 -376
 8  5 D  -11 -372
 8  6 D  -11 -372
 8  7 D  -11 -378
 8  8 D  -11 -372
 8  9 D  -11 -370
 8 10 D  -11 -372
 8 11 D  -11 -371
 8 12 D  -11 -373
 8 13 D  -11 -372
 8 14 D  -11 -371
 8 15 D  -11 -375
 8 16 D  -11 -367
 8 17 D  -11 -375
 8 18 D  -11 -371
 8 19 D  -11 -370
 8 20 D  -11 -370
 8 21 D  -11 -378
 8 22 D  -11 -374
 8 23 D  -11 -368
 8 24 D  -11 -368
 8 25 D  -11 -369
 8 26 D  -11 -372
 8 27 D  -11 -375
 8 28 D  -11 -370
 8 29 D  -11 -368
 8 30 D  -11 -365
 8 31 D  -11 -371
 8  1 H  280  721
 8  2 H  280  725
 8  3 H  280  724
 8  4 H  280  722
 8  5 H  280  729
 8  6 H  280  728
 8  7 H  280  717
 8  8 H  280  715
 8  9 H  280  716
 8 10 H  280  717
 8 11 H  280  724
 8 12 H  280  727
 8 13 H  280  732
 8 14 H  280  716
 8 15 H  280  710
 8 16 H  280  708
 8 17 H  280  699
 8 18 H  280  710
 8 19 H  280  715
 8 20 H  280  709
 8 21 H  280  709
 8 22 H  280  719
 8 23 H  280  707
 8 24 H  280  707
 8 25 H  280  716
 8 26 H  280  720
 8 27 H  280  730
 8 28 H  280  734
 8 29 H  280  739
 8 30 H  280  738
 8 31 H  280  724
 8  1 Z  250  209
 8  2 Z  250  202
 8  3 Z  250  203
 8  4 Z  250  201
 8  5 Z  250  201
 8  6 Z  250  201
 8  7 Z  250  203
 8  8 Z  250  205
 8  9 Z  250  203
 8 10 Z  250  197
 8 11 Z  250  199
 8 12 Z  250  201
 8 13 Z  250  198
 8 14 Z  250  205
 8 15 Z  250  213
 8 16 Z  250  209
 8 17 Z  250  211
 8 18 Z  250  209
 8 19 Z  250  210
 8 20 Z  250  206
 8 21 Z  250  208
 8 22 Z  250  198
 8 23 Z  250  202
 8 24 Z  250  206
 8 25 Z  250  202
 8 26 Z  250  199
 8 27 Z  250  200
 8 28 Z  250  200
 8 29 Z  250  202
 8 30 Z  250  197
 8 31 Z  250  200
 9  1 D  -11 -374
 9  2 D  -11 -371
 9  3 D  -11 -374
 9  4 D  -11 -368
 9  5 D  -11 -374
 9  6 D  -11 -372
 9  7 D  -11 -376
 9  8 D  -11 -371
 9  9 D  -11 -378
 9 10 D  -11 -372
 9 11 D  -11 -369
 9 12 D  -11 -372
 9 13 D  -11 -366
 9 14 D  -11 -366
 9 15 D  -11 -370
 9 16 D  -11 -370
 9 17 D  -11 -371
 9 18 D  -11 -368
 9 19 D  -11 -370
 9 20 D  -11 -369
 9 21 D  -11 -370
 9 22 D  -11 -372
 9 23 D  -11 -363
 9 24 D  -11 -370
 9 25 D  -11 -368
 9 26 D  -11 -371
 9 27 D  -11 -371
 9 28 D  -11 -373
 9 29 D  -11 -369
 9 30 D  -11 -367
 9  1 H  280  712
 9  2 H  280  723
 9  3 H  280  720
 9  4 H  280  716
 9  5 H  280  715
 9  6 H  280  708
 9  7 H  280  705
 9  8 H  280  661
 9  9 H  280  698
 9 10 H  280  709
 9 11 H  280  715
 9 12 H  280  709
 9 13 H  280  697
 9 14 H  280  705
 9 15 H  280  713
 9 16 H  280  714
 9 17 H  280  715
 9 18 H  280  720
 9 19 H  280  717
 9 20 H  280  716
 9 21 H  280  720
 9 22 H  280  723
 9 23 H  280  708
 9 24 H  280  718
 9 25 H  280  724
 9 26 H  280  739
 9 27 H  280  737
 9 28 H  280  736
 9 29 H  280  739
 9 30 H  280  738
 9  1 Z  250  204
 9  2 Z  250  201
 9  3 Z  250  203
 9  4 Z  250  204
 9  5 Z  250  204
 9  6 Z  250  207
 9  7 Z  250  205
 9  8 Z  250  217
 9  9 Z  250  209
 9 10 Z  250  202
 9 11 Z  250  203
 9 12 Z  250  203
 9 13 Z  250  208
 9 14 Z  250  208
 9 15 Z  250  204
 9 16 Z  250  203
 9 17 Z  250  198
 9 18 Z  250  201
 9 19 Z  250  197
 9 20 Z  250  200
 9 21 Z  250  198
 9 22 Z  250  199
 9 23 Z  250  204
 9 24 Z  250  204
 9 25 Z  250  200
 9 26 Z  250  194
 9 27 Z  250  193
 9 28 Z  250  194
 9 29 Z  250  194
 9 30 Z  250  192
10  1 D  -11 -365
10  2 D  -11 -360
10  3 D  -11 -361
10  4 D  -11 -367
10  5 D  -11 -365
10  6 D  -11 -367
10  7 D  -11 -356
10  8 D  -11 -367
10  9 D  -11 -358
10 10 D  -11 -367
10 11 D  -11 -366
10 12 D  -11 -357
10 13 D  -11 -364
10 14 D  -11 -361
10 15 D  -11 -362
10 16 D  -11 -367
10 17 D  -11 -362
10 18 D  -11 -364
10 19 D  -11 -361
10 20 D  -11 -361
10 21 D  -11 -366
10 22 D  -11 -367
10 23 D  -11  NaN
10 24 D  -11 -365
10 25 D  -11 -362
10 26 D  -11 -364
10 27 D  -11 -364
10 28 D  -11 -364
10 29 D  -11 -368
10 30 D  -11 -367
10 31 D  -11 -372
10  1 H  280  716
10  2 H  280  695
10  3 H  280  702
10  4 H  280  710
10  5 H  280  711
10  6 H  280  731
10  7 H  280  731
10  8 H  280  727
10  9 H  280  733
10 10 H  280  728
10 11 H  280  733
10 12 H  280  NaN
10 13 H  280  NaN
10 14 H  280  NaN
10 15 H  280  NaN
10 16 H  280  NaN
10 17 H  280  NaN
10 18 H  280  NaN
10 19 H  280  NaN
10 20 H  280  NaN
10 21 H  280  NaN
10 22 H  280  738
10 23 H  280  NaN
10 24 H  280  733
10 25 H  280  724
10 26 H  280  736
10 27 H  280  734
10 28 H  280  739
10 29 H  280  713
10 30 H  280  696
10 31 H  280  637
10  1 Z  250  201
10  2 Z  250  206
10  3 Z  250  204
10  4 Z  250  200
10  5 Z  250  197
10  6 Z  250  198
10  7 Z  250  196
10  8 Z  250  197
10  9 Z  250  192
10 10 Z  250  194
10 11 Z  250  195
10 12 Z  250  201
10 13 Z  250  202
10 14 Z  250  200
10 15 Z  250  197
10 16 Z  250  195
10 17 Z  250  191
10 18 Z  250  193
10 19 Z  250  192
10 20 Z  250  196
10 21 Z  250  193
10 22 Z  250  190
10 23 Z  250  NaN
10 24 Z  250  187
10 25 Z  250  190
10 26 Z  250  187
10 27 Z  250  190
10 28 Z  250  186
10 29 Z  250  193
10 30 Z  250  191
10 31 Z  250  206
11  1 D  -11 -353
11  2 D  -11 -364
11  3 D  -11 -347
11  4 D  -11 -362
11  5 D  -11 -357
11  6 D  -11 -360
11  7 D  -11 -359
11  8 D  -11 -356
11  9 D  -11 -360
11 10 D  -11 -359
11 11 D  -11 -357
11 12 D  -11 -358
11 13 D  -11 -359
11 14 D  -11 -357
11 15 D  -11 -358
11 16 D  -11 -358
11 17 D  -11 -354
11 18 D  -11 -354
11 19 D  -11 -356
11 20 D  -11 -361
11 21 D  -11 -355
11 22 D  -11 -355
11 23 D  -11 -355
11 24 D  -11 -362
11 25 D  -11 -364
11 26 D  -11 -364
11 27 D  -11 -360
11 28 D  -11 -360
11 29 D  -11 -361
11 30 D  -11 -358
11  1 H  280  616
11  2 H  280  625
11  3 H  280  654
11  4 H  280  681
11  5 H  280  695
11  6 H  280  706
11  7 H  280  702
11  8 H  280  704
11  9 H  280  703
11 10 H  280  698
11 11 H  280  696
11 12 H  280  710
11 13 H  280  719
11 14 H  280  722
11 15 H  280  725
11 16 H  280  733
11 17 H  280  692
11 18 H  280  691
11 19 H  280  710
11 20 H  280  719
11 21 H  280  712
11 22 H  280  717
11 23 H  280  721
11 24 H  280  738
11 25 H  280  731
11 26 H  280  726
11 27 H  280  725
11 28 H  280  722
11 29 H  280  733
11 30 H  280  729
11  1 Z  250  217
11  2 Z  250  219
11  3 Z  250  209
11  4 Z  250  206
11  5 Z  250  202
11  6 Z  250  201
11  7 Z  250  204
11  8 Z  250  201
11  9 Z  250  204
11 10 Z  250  200
11 11 Z  250  200
11 12 Z  250  197
11 13 Z  250  196
11 14 Z  250  195
11 15 Z  250  192
11 16 Z  250  190
11 17 Z  250  195
11 18 Z  250  200
11 19 Z  250  197
11 20 Z  250  193
11 21 Z  250  196
11 22 Z  250  191
11 23 Z  250  186
11 24 Z  250  182
11 25 Z  250  185
11 26 Z  250  188
11 27 Z  250  188
11 28 Z  250  186
11 29 Z  250  187
11 30 Z  250  187
12  1 D  -11 -356
12  2 D  -11 -349
12  3 D  -11 -352
12  4 D  -11 -356
12  5 D  -11 -353
12  6 D  -11 -350
12  7 D  -11 -350
12  8 D  -11 -355
12  9 D  -11 -354
12 10 D  -11 -354
12 11 D  -11 -356
12 12 D  -11 -353
12 13 D  -11 -352
12 14 D  -11 -352
12 15 D  -11  NaN
12 16 D  -11  NaN
12 17 D  -11 -350
12 18 D  -11 -351
12 19 D  -11 -348
12 20 D  -11 -350
12 21 D  -11 -351
12 22 D  -11 -351
12 23 D  -11 -350
12 24 D  -11 -352
12 25 D  -11 -351
12 26 D  -11 -349
12 27 D  -11 -353
12 28 D  -11 -353
12 29 D  -11 -350
12 30 D  -11 -350
12 31 D  -11 -351
12  1 H  280  713
12  2 H  280  718
12  3 H  280  702
12  4 H  280  698
12  5 H  280  700
12  6 H  280  705
12  7 H  280  712
12  8 H  280  711
12  9 H  280  709
12 10 H  280  717
12 11 H  280  719
12 12 H  280  716
12 13 H  280  715
12 14 H  280  715
12 15 H  280  NaN
12 16 H  280  NaN
12 17 H  280  724
12 18 H  280  733
12 19 H  280  728
12 20 H  280  734
12 21 H  280  726
12 22 H  280  715
12 23 H  280  713
12 24 H  280  720
12 25 H  280  727
12 26 H  280  725
12 27 H  280  717
12 28 H  280  719
12 29 H  280  718
12 30 H  280  721
12 31 H  280  725
12  1 Z  250  184
12  2 Z  250  183
12  3 Z  250  187
12  4 Z  250  189
12  5 Z  250  188
12  6 Z  250  184
12  7 Z  250  186
12  8 Z  250  184
12  9 Z  250  188
12 10 Z  250  188
12 11 Z  250  185
12 12 Z  250  181
12 13 Z  250  185
12 14 Z  250  186
12 15 Z  250  NaN
12 16 Z  250  NaN
12 17 Z  250  183
12 18 Z  250  182
12 19 Z  250  181
12 20 Z  250  185
12 21 Z  250  180
12 22 Z  250  185
12 23 Z  250  184
12 24 Z  250  183
12 25 Z  250  185
12 26 Z  250  180
12 27 Z  250  182
12 28 Z  250  178
12 29 Z  250  182
12 30 Z  250  182
12 31 Z  250  180
