 1  1 D  -10 -425
 1  2 D  -10 -425
 1  3 D  -10 -425
 1  4 D  -10 -423
 1  5 D  -10 -424
 1  6 D  -10 -425
 1  7 D  -10 -422
 1  8 D  -10 -428
 1  9 D  -10 -423
 1 10 D  -10 -427
 1 11 D  -10 -425
 1 12 D  -10 -428
 1 13 D  -10 -427
 1 14 D  -10 -426
 1 15 D  -10 -425
 1 16 D  -10 -424
 1 17 D  -10 -427
 1 18 D  -10 -427
 1 19 D  -10 -428
 1 20 D  -10 -429
 1 21 D  -10 -428
 1 22 D  -10 -422
 1 23 D  -10 -428
 1 24 D  -10 -427
 1 25 D  -10 -430
 1 26 D  -10 -426
 1 27 D  -10 -426
 1 28 D  -10 -427
 1 29 D  -10 -428
 1 30 D  -10 -424
 1 31 D  -10 -424
 1  1 H  285  554
 1  2 H  285  556
 1  3 H  285  551
 1  4 H  285  550
 1  5 H  285  548
 1  6 H  285  550
 1  7 H  285  548
 1  8 H  285  548
 1  9 H  285  551
 1 10 H  285  497
 1 11 H  285  484
 1 12 H  285  514
 1 13 H  285  531
 1 14 H  285  535
 1 15 H  285  539
 1 16 H  285  540
 1 17 H  285  537
 1 18 H  285  537
 1 19 H  285  551
 1 20 H  285  552
 1 21 H  285  548
 1 22 H  285  539
 1 23 H  285  539
 1 24 H  285  545
 1 25 H  285  543
 1 26 H  285  549
 1 27 H  285  552
 1 28 H  285  555
 1 29 H  285  557
 1 30 H  285  549
 1 31 H  285  545
 1  1 Z  240  402
 1  2 Z  240  404
 1  3 Z  240  401
 1  4 Z  240  404
 1  5 Z  240  405
 1  6 Z  240  403
 1  7 Z  240  403
 1  8 Z  240  402
 1  9 Z  240  403
 1 10 Z  240  410
 1 11 Z  240  416
 1 12 Z  240  412
 1 13 Z  240  407
 1 14 Z  240  407
 1 15 Z  240  405
 1 16 Z  240  406
 1 17 Z  240  406
 1 18 Z  240  404
 1 19 Z  240  400
 1 20 Z  240  399
 1 21 Z  240  398
 1 22 Z  240  402
 1 23 Z  240  404
 1 24 Z  240  403
 1 25 Z  240  403
 1 26 Z  240  399
 1 27 Z  240  398
 1 28 Z  240  397
 1 29 Z  240  397
 1 30 Z  240  397
 1 31 Z  240  395
 2  1 D  -10 -423
 2  2 D  -10 -423
 2  3 D  -10 -424
 2  4 D  -10  NaN
 2  5 D  -10  NaN
 2  6 D  -10 -423
 2  7 D  -10 -431
 2  8 D  -10 -422
 2  9 D  -10 -419
 2 10 D  -10 -420
 2 11 D  -10 -422
 2 12 D  -10 -420
 2 13 D  -10 -418
 2 14 D  -10 -421
 2 15 D  -10 -420
 2 16 D  -10 -421
 2 17 D  -10 -422
 2 18 D  -10 -418
 2 19 D  -10 -419
 2 20 D  -10 -420
 2 21 D  -10 -417
 2 22 D  -10 -418
 2 23 D  -10 -421
 2 24 D  -10 -419
 2 25 D  -10 -423
 2 26 D  -10 -423
 2 27 D  -10 -419
 2 28 D  -10 -416
 2 29 D  -10 -419
 2  1 H  285  541
 2  2 H  285  547
 2  3 H  285  546
 2  4 H  285  NaN
 2  5 H  285  NaN
 2  6 H  285  556
 2  7 H  285  533
 2  8 H  285  539
 2  9 H  285  552
 2 10 H  285  546
 2 11 H  285  555
 2 12 H  285  554
 2 13 H  285  551
 2 14 H  285  549
 2 15 H  285  558
 2 16 H  285  560
 2 17 H  285  563
 2 18 H  285  557
 2 19 H  285  555
 2 20 H  285  556
 2 21 H  285  554
 2 22 H  285  560
 2 23 H  285  562
 2 24 H  285  568
 2 25 H  285  576
 2 26 H  285  576
 2 27 H  285  545
 2 28 H  285  544
 2 29 H  285  552
 2  1 Z  240  400
 2  2 Z  240  399
 2  3 Z  240  400
 2  4 Z  240  NaN
 2  5 Z  240  NaN
 2  6 Z  240  398
 2  7 Z  240  402
 2  8 Z  240  404
 2  9 Z  240  401
 2 10 Z  240  401
 2 11 Z  240  398
 2 12 Z  240  397
 2 13 Z  240  397
 2 14 Z  240  398
 2 15 Z  240  394
 2 16 Z  240  392
 2 17 Z  240  394
 2 18 Z  240  394
 2 19 Z  240  394
 2 20 Z  240  395
 2 21 Z  240  395
 2 22 Z  240  394
 2 23 Z  240  394
 2 24 Z  240  391
 2 25 Z  240  391
 2 26 Z  240  391
 2 27 Z  240  395
 2 28 Z  240  396
 2 29 Z  240  394
 3  1 D  -10 -417
 3  2 D  -10 -415
 3  3 D  -10 -414
 3  4 D  -10 -417
 3  5 D  -10 -417
 3  6 D  -10 -415
 3  7 D  -10 -412
 3  8 D  -10 -410
 3  9 D  -10 -415
 3 10 D  -10 -420
 3 11 D  -10 -414
 3 12 D  -10 -416
 3 13 D  -10 -420
 3 14 D  -10 -413
 3 15 D  -10 -422
 3 16 D  -10 -418
 3 17 D  -10 -416
 3 18 D  -10 -414
 3 19 D  -10 -414
 3 20 D  -10 -418
 3 21 D  -10 -415
 3 22 D  -10 -414
 3 23 D  -10 -412
 3 24 D  -10 -412
 3 25 D  -10 -412
 3 26 D  -10 -427
 3 27 D  -10 -407
 3 28 D  -10 -409
 3 29 D  -10 -412
 3 30 D  -10 -408
 3 31 D  -10 -409
 3  1 H  285  553
 3  2 H  285  553
 3  3 H  285  548
 3  4 H  285  556
 3  5 H  285  563
 3  6 H  285  556
 3  7 H  285  547
 3  8 H  285  544
 3  9 H  285  547
 3 10 H  285  546
 3 11 H  285  550
 3 12 H  285  552
 3 13 H  285  555
 3 14 H  285  556
 3 15 H  285  564
 3 16 H  285  562
 3 17 H  285  557
 3 18 H  285  558
 3 19 H  285  564
 3 20 H  285  567
 3 21 H  285  571
 3 22 H  285  571
 3 23 H  285  578
 3 24 H  285  573
 3 25 H  285  586
 3 26 H  285  453
 3 27 H  285  506
 3 28 H  285  525
 3 29 H  285  541
 3 30 H  285  543
 3 31 H  285  558
 3  1 Z  240  392
 3  2 Z  240  391
 3  3 Z  240  393
 3  4 Z  240  391
 3  5 Z  240  391
 3  6 Z  240  392
 3  7 Z  240  397
 3  8 Z  240  396
 3  9 Z  240  393
 3 10 Z  240  393
 3 11 Z  240  395
 3 12 Z  240  394
 3 13 Z  240  393
 3 14 Z  240  392
 3 15 Z  240  389
 3 16 Z  240  388
 3 17 Z  240  390
 3 18 Z  240  388
 3 19 Z  240  388
 3 20 Z  240  385
 3 21 Z  240  387
 3 22 Z  240  386
 3 23 Z  240  386
 3 24 Z  240  385
 3 25 Z  240  380
 3 26 Z  240  406
 3 27 Z  240  403
 3 28 Z  240  396
 3 29 Z  240  396
 3 30 Z  240  392
 3 31 Z  240  388
 4  1 D  -10 -420
 4  2 D  -10 -406
 4  3 D  -10 -418
 4  4 D  -10 -411
 4  5 D  -10 -412
 4  6 D  -10 -414
 4  7 D  -10 -406
 4  8 D  -10 -407
 4  9 D  -10 -406
 4 10 D  -10 -412
 4 11 D  -10 -407
 4 12 D  -10 -410
 4 13 D  -10 -411
 4 14 D  -10 -405
 4 15 D  -10 -407
 4 16 D  -10 -404
 4 17 D  -10 -407
 4 18 D  -10 -405
 4 19 D  -10 -408
 4 20 D  -10 -405
 4 21 D  -10 -410
 4 22 D  -10 -400
 4 23 D  -10 -406
 4 24 D  -10 -406
 4 25 D  -10 -407
 4 26 D  -10 -405
 4 27 D  -10 -401
 4 28 D  -10 -405
 4 29 D  -10 -408
 4 30 D  -10 -408
 4  1 H  285  467
 4  2 H  285  501
 4  3 H  285  511
 4  4 H  285  525
 4  5 H  285  540
 4  6 H  285  538
 4  7 H  285  540
 4  8 H  285  548
 4  9 H  285  556
 4 10 H  285  563
 4 11 H  285  563
 4 12 H  285  570
 4 13 H  285  562
 4 14 H  285  556
 4 15 H  285  563
 4 16 H  285  576
 4 17 H  285  573
 4 18 H  285  576
 4 19 H  285  575
 4 20 H  285  578
 4 21 H  285  577
 4 22 H  285  566
 4 23 H  285  565
 4 24 H  285  558
 4 25 H  285  561
 4 26 H  285  568
 4 27 H  285  574
 4 28 H  285  572
 4 29 H  285  563
 4 30 H  285  560
 4  1 Z  240  404
 4  2 Z  240  397
 4  3 Z  240  399
 4  4 Z  240  399
 4  5 Z  240  397
 4  6 Z  240  395
 4  7 Z  240  392
 4  8 Z  240  395
 4  9 Z  240  390
 4 10 Z  240  390
 4 11 Z  240  389
 4 12 Z  240  388
 4 13 Z  240  385
 4 14 Z  240  390
 4 15 Z  240  386
 4 16 Z  240  385
 4 17 Z  240  382
 4 18 Z  240  382
 4 19 Z  240  382
 4 20 Z  240  381
 4 21 Z  240  380
 4 22 Z  240  384
 4 23 Z  240  383
 4 24 Z  240  385
 4 25 Z  240  387
 4 26 Z  240  382
 4 27 Z  240  387
 4 28 Z  240  387
 4 29 Z  240  382
 4 30 Z  240  382
 5  1 D  -10 -402
 5  2 D  -10 -396
 5  3 D  -10 -387
 5  4 D  -10 -403
 5  5 D  -10 -379
 5  6 D  -10 -401
 5  7 D  -10 -396
 5  8 D  -10 -399
 5  9 D  -10 -398
 5 10 D  -10 -398
 5 11 D  -10 -405
 5 12 D  -10 -402
 5 13 D  -10 -399
 5 14 D  -10 -406
 5 15 D  -10 -396
 5 16 D  -10 -397
 5 17 D  -10 -398
 5 18 D  -10 -402
 5 19 D  -10 -396
 5 20 D  -10 -394
 5 21 D  -10 -404
 5 22 D  -10 -396
 5 23 D  -10 -400
 5 24 D  -10 -394
 5 25 D  -10 -397
 5 26 D  -10 -392
 5 27 D  -10 -399
 5 28 D  -10 -394
 5 29 D  -10 -392
 5 30 D  -10 -395
 5 31 D  -10 -393
 5  1 H  285  567
 5  2 H  285  556
 5  3 H  285  526
 5  4 H  285  538
 5  5 H  285  557
 5  6 H  285  559
 5  7 H  285  556
 5  8 H  285  572
 5  9 H  285  567
 5 10 H  285  577
 5 11 H  285  569
 5 12 H  285  569
 5 13 H  285  575
 5 14 H  285  572
 5 15 H  285  576
 5 16 H  285  572
 5 17 H  285  578
 5 18 H  285  588
 5 19 H  285  587
 5 20 H  285  567
 5 21 H  285  576
 5 22 H  285  583
 5 23 H  285  568
 5 24 H  285  580
 5 25 H  285  581
 5 26 H  285  581
 5 27 H  285  577
 5 28 H  285  568
 5 29 H  285  569
 5 30 H  285  570
 5 31 H  285  572
 5  1 Z  240  379
 5  2 Z  240  382
 5  3 Z  240  387
 5  4 Z  240  387
 5  5 Z  240  381
 5  6 Z  240  381
 5  7 Z  240  384
 5  8 Z  240  381
 5  9 Z  240  380
 5 10 Z  240  380
 5 11 Z  240  377
 5 12 Z  240  382
 5 13 Z  240  375
 5 14 Z  240  377
 5 15 Z  240  376
 5 16 Z  240  373
 5 17 Z  240  370
 5 18 Z  240  371
 5 19 Z  240  373
 5 20 Z  240  377
 5 21 Z  240  376
 5 22 Z  240  375
 5 23 Z  240  375
 5 24 Z  240  374
 5 25 Z  240  377
 5 26 Z  240  374
 5 27 Z  240  371
 5 28 Z  240  375
 5 29 Z  240  377
 5 30 Z  240  376
 5 31 Z  240  374
 6  1 D  -10 -392
 6  2 D  -10 -389
 6  3 D  -10 -394
 6  4 D  -10 -391
 6  5 D  -10 -391
 6  6 D  -10 -389
 6  7 D  -10 -390
 6  8 D  -10 -388
 6  9 D  -10 -388
 6 10 D  -10 -393
 6 11 D  -10 -394
 6 12 D  -10 -389
 6 13 D  -10 -390
 6 14 D  -10 -392
 6 15 D  -10 -391
 6 16 D  -10 -386
 6 17 D  -10 -382
 6 18 D  -10 -391
 6 19 D  -10 -392
 6 20 D  -10 -391
 6 21 D  -10 -395
 6 22 D  -10 -390
 6 23 D  -10 -389
 6 24 D  -10 -392
 6 25 D  -10 -388
 6 26 D  -10 -388
 6 27 D  -10 -391
 6 28 D  -10  NaN
 6 29 D  -10  NaN
 6 30 D  -10  NaN
 6  1 H  285  573
 6  2 H  285  582
 6  3 H  285  580
 6  4 H  285  572
 6  5 H  285  574
 6  6 H  285  576
 6  7 H  285  580
 6  8 H  285  581
 6  9 H  285  578
 6 10 H  285  588
 6 11 H  285  558
 6 12 H  285  575
 6 13 H  285  578
 6 14 H  285  578
 6 15 H  285  593
 6 16 H  285  578
 6 17 H  285  592
 6 18 H  285  578
 6 19 H  285  579
 6 20 H  285  577
 6 21 H  285  587
 6 22 H  285  588
 6 23 H  285  597
 6 24 H  285  591
 6 25 H  285  573
 6 26 H  285  575
 6 27 H  285  586
 6 28 H  285  NaN
 6 29 H  285  NaN
 6 30 H  285  NaN
 6  1 Z  240  375
 6  2 Z  240  375
 6  3 Z  240  374
 6  4 Z  240  376
 6  5 Z  240  373
 6  6 Z  240  374
 6  7 Z  240  374
 6  8 Z  240  369
 6  9 Z  240  373
 6 10 Z  240  369
 6 11 Z  240  376
 6 12 Z  240  372
 6 13 Z  240  373
 6 14 Z  240  368
 6 15 Z  240  367
 6 16 Z  240  369
 6 17 Z  240  367
 6 18 Z  240  370
 6 19 Z  240  371
 6 20 Z  240  370
 6 21 Z  240  368
 6 22 Z  240  368
 6 23 Z  240  366
 6 24 Z  240  366
 6 25 Z  240  371
 6 26 Z  240  371
 6 27 Z  240  366
 6 28 Z  240  NaN
 6 29 Z  240  NaN
 6 30 Z  240  NaN
 7  1 D  -10 -390
 7  2 D  -10 -390
 7  3 D  -10 -394
 7  4 D  -10 -389
 7  5 D  -10  NaN
 7  6 D  -10  NaN
 7  7 D  -10 -389
 7  8 D  -10 -398
 7  9 D  -10 -387
 7 10 D  -10 -390
 7 11 D  -10 -388
 7 12 D  -10 -390
 7 13 D  -10 -390
 7 14 D  -10 -387
 7 15 D  -10 -386
 7 16 D  -10 -383
 7 17 D  -10 -387
 7 18 D  -10 -387
 7 19 D  -10 -383
 7 20 D  -10 -389
 7 21 D  -10 -392
 7 22 D  -10 -389
 7 23 D  -10 -384
 7 24 D  -10 -389
 7 25 D  -10 -384
 7 26 D  -10 -387
 7 27 D  -10 -390
 7 28 D  -10 -387
 7 29 D  -10 -386
 7 30 D  -10 -386
 7 31 D  -10 -390
 7  1 H  285  570
 7  2 H  285  571
 7  3 H  285  576
 7  4 H  285  575
 7  5 H  285  NaN
 7  6 H  285  NaN
 7  7 H  285  576
 7  8 H  285  581
 7  9 H  285  579
 7 10 H  285  584
 7 11 H  285  587
 7 12 H  285  594
 7 13 H  285  593
 7 14 H  285  585
 7 15 H  285  598
 7 16 H  285  574
 7 17 H  285  577
 7 18 H  285  581
 7 19 H  285  579
 7 20 H  285  590
 7 21 H  285  592
 7 22 H  285  587
 7 23 H  285  590
 7 24 H  285  596
 7 25 H  285  586
 7 26 H  285  587
 7 27 H  285  597
 7 28 H  285  585
 7 29 H  285  578
 7 30 H  285  582
 7 31 H  285  581
 7  1 Z  240  369
 7  2 Z  240  369
 7  3 Z  240  370
 7  4 Z  240  372
 7  5 Z  240  NaN
 7  6 Z  240  NaN
 7  7 Z  240  368
 7  8 Z  240  368
 7  9 Z  240  368
 7 10 Z  240  366
 7 11 Z  240  369
 7 12 Z  240  365
 7 13 Z  240  360
 7 14 Z  240  361
 7 15 Z  240  362
 7 16 Z  240  368
 7 17 Z  240  364
 7 18 Z  240  364
 7 19 Z  240  364
 7 20 Z  240  359
 7 21 Z  240  363
 7 22 Z  240  363
 7 23 Z  240  360
 7 24 Z  240  360
 7 25 Z  240  365
 7 26 Z  240  360
 7 27 Z  240  360
 7 28 Z  240  366
 7 29 Z  240  364
 7 30 Z  240  362
 7 31 Z  240  362
 8  1 D  -10 -384
 8  2 D  -10 -383
 8  3 D  -10 -384
 8  4 D  -10 -386
 8  5 D  -10 -377
 8  6 D  -10 -381
 8  7 D  -10 -379
 8  8 D  -10 -383
 8  9 D  -10 -378
 8 10 D  -10 -387
 8 11 D  -10 -384
 8 12 D  -10 -383
 8 13 D  -10 -381
 8 14 D  -10 -385
 8 15 D  -10 -382
 8 16 D  -10 -383
 8 17 D  -10 -382
 8 18 D  -10 -378
 8 19 D  -10  NaN
 8 20 D  -10 -390
 8 21 D  -10 -382
 8 22 D  -10 -384
 8 23 D  -10 -384
 8 24 D  -10 -387
 8 25 D  -10  NaN
 8 26 D  -10 -385
 8 27 D  -10 -384
 8 28 D  -10 -382
 8 29 D  -10 -382
 8 30 D  -10 -384
 8 31 D  -10 -384
 8  1 H  285  581
 8  2 H  285  586
 8  3 H  285  584
 8  4 H  285  598
 8  5 H  285  591
 8  6 H  285  582
 8  7 H  285  586
 8  8 H  285  597
 8  9 H  285  578
 8 10 H  285  580
 8 11 H  285  583
 8 12 H  285  584
 8 13 H  285  587
 8 14 H  285  589
 8 15 H  285  589
 8 16 H  285  596
 8 17 H  285  593
 8 18 H  285  599
 8 19 H  285  NaN
 8 20 H  285  600
 8 21 H  285  594
 8 22 H  285  589
 8 23 H  285  579
 8 24 H  285  572
 8 25 H  285  NaN
 8 26 H  285  569
 8 27 H  285  574
 8 28 H  285  576
 8 29 H  285  581
 8 30 H  285  585
 8 31 H  285  590
 8  1 Z  240  367
 8  2 Z  240  360
 8  3 Z  240  359
 8  4 Z  240  360
 8  5 Z  240  360
 8  6 Z  240  361
 8  7 Z  240  358
 8  8 Z  240  358
 8  9 Z  240  364
 8 10 Z  240  365
 8 11 Z  240  362
 8 12 Z  240  357
 8 13 Z  240  358
 8 14 Z  240  356
 8 15 Z  240  354
 8 16 Z  240  356
 8 17 Z  240  357
 8 18 Z  240  352
 8 19 Z  240  NaN
 8 20 Z  240  356
 8 21 Z  240  355
 8 22 Z  240  353
 8 23 Z  240  351
 8 24 Z  240  356
 8 25 Z  240  NaN
 8 26 Z  240  356
 8 27 Z  240  358
 8 28 Z  240  355
 8 29 Z  240  350
 8 30 Z  240  354
 8 31 Z  240  353
 9  1 D  -10 -376
 9  2 D  -10 -375
 9  3 D  -10 -381
 9  4 D  -10 -378
 9  5 D  -10 -376
 9  6 D  -10 -375
 9  7 D  -10 -373
 9  8 D  -10 -374
 9  9 D  -10 -375
 9 10 D  -10 -375
 9 11 D  -10 -377
 9 12 D  -10 -376
 9 13 D  -10 -376
 9 14 D  -10 -377
 9 15 D  -10 -373
 9 16 D  -10 -375
 9 17 D  -10 -371
 9 18 D  -10 -372
 9 19 D  -10 -374
 9 20 D  -10 -371
 9 21 D  -10 -370
 9 22 D  -10 -373
 9 23 D  -10 -372
 9 24 D  -10 -373
 9 25 D  -10 -375
 9 26 D  -10 -376
 9 27 D  -10 -376
 9 28 D  -10 -368
 9 29 D  -10 -367
 9 30 D  -10 -364
 9  1 H  285  586
 9  2 H  285  580
 9  3 H  285  581
 9  4 H  285  582
 9  5 H  285  578
 9  6 H  285  579
 9  7 H  285  580
 9  8 H  285  577
 9  9 H  285  569
 9 10 H  285  579
 9 11 H  285  583
 9 12 H  285  585
 9 13 H  285  590
 9 14 H  285  595
 9 15 H  285  583
 9 16 H  285  590
 9 17 H  285  587
 9 18 H  285  562
 9 19 H  285  567
 9 20 H  285  557
 9 21 H  285  562
 9 22 H  285  573
 9 23 H  285  571
 9 24 H  285  579
 9 25 H  285  569
 9 26 H  285  576
 9 27 H  285  584
 9 28 H  285  586
 9 29 H  285  592
 9 30 H  285  588
 9  1 Z  240  350
 9  2 Z  240  355
 9  3 Z  240  355
 9  4 Z  240  356
 9  5 Z  240  355
 9  6 Z  240  355
 9  7 Z  240  355
 9  8 Z  240  356
 9  9 Z  240  357
 9 10 Z  240  352
 9 11 Z  240  347
 9 12 Z  240  349
 9 13 Z  240  350
 9 14 Z  240  347
 9 15 Z  240  350
 9 16 Z  240  347
 9 17 Z  240  346
 9 18 Z  240  353
 9 19 Z  240  352
 9 20 Z  240  355
 9 21 Z  240  354
 9 22 Z  240  353
 9 23 Z  240  353
 9 24 Z  240  351
 9 25 Z  240  352
 9 26 Z  240  349
 9 27 Z  240  347
 9 28 Z  240  347
 9 29 Z  240  341
 9 30 Z  240  343
10  1 D  -10 -365
10  2 D  -10 -359
10  3 D  -10 -361
10  4 D  -10 -361
10  5 D  -10 -362
10  6 D  -10 -363
10  7 D  -10 -360
10  8 D  -10 -366
10  9 D  -10 -366
10 10 D  -10 -360
10 11 D  -10 -359
10 12 D  -10  NaN
10 13 D  -10  NaN
10 14 D  -10 -361
10 15 D  -10 -361
10 16 D  -10 -358
10 17 D  -10  NaN
10 18 D  -10 -363
10 19 D  -10 -360
10 20 D  -10 -355
10 21 D  -10 -358
10 22 D  -10 -360
10 23 D  -10 -357
10 24 D  -10 -359
10 25 D  -10 -356
10 26 D  -10 -356
10 27 D  -10 -358
10 28 D  -10 -359
10 29 D  -10 -358
10 30 D  -10 -357
10 31 D  -10 -359
10  1 H  285  579
10  2 H  285  572
10  3 H  285  579
10  4 H  285  586
10  5 H  285  589
10  6 H  285  581
10  7 H  285  586
10  8 H  285  597
10  9 H  285  594
10 10 H  285  588
10 11 H  285  591
10 12 H  285  NaN
10 13 H  285  NaN
10 14 H  285  592
10 15 H  285  576
10 16 H  285  574
10 17 H  285  NaN
10 18 H  285  575
10 19 H  285  NaN
10 20 H  285  585
10 21 H  285  592
10 22 H  285  595
10 23 H  285  596
10 24 H  285  598
10 25 H  285  591
10 26 H  285  601
10 27 H  285  592
10 28 H  285  590
10 29 H  285  599
10 30 H  285  588
10 31 H  285  564
10  1 Z  240  344
10  2 Z  240  347
10  3 Z  240  348
10  4 Z  240  347
10  5 Z  240  345
10  6 Z  240  348
10  7 Z  240  348
10  8 Z  240  344
10  9 Z  240  339
10 10 Z  240  342
10 11 Z  240  341
10 12 Z  240  NaN
10 13 Z  240  NaN
10 14 Z  240  340
10 15 Z  240  344
10 16 Z  240  346
10 17 Z  240  NaN
10 18 Z  240  346
10 19 Z  240  348
10 20 Z  240  343
10 21 Z  240  340
10 22 Z  240  342
10 23 Z  240  344
10 24 Z  240  341
10 25 Z  240  339
10 26 Z  240  335
10 27 Z  240  338
10 28 Z  240  339
10 29 Z  240  337
10 30 Z  240  339
10 31 Z  240  345
11  1 D  -10 -362
11  2 D  -10 -361
11  3 D  -10 -362
11  4 D  -10 -361
11  5 D  -10 -361
11  6 D  -10 -357
11  7 D  -10 -359
11  8 D  -10 -363
11  9 D  -10 -358
11 10 D  -10 -359
11 11 D  -10 -361
11 12 D  -10 -356
11 13 D  -10 -360
11 14 D  -10 -358
11 15 D  -10 -358
11 16 D  -10 -359
11 17 D  -10 -360
11 18 D  -10 -357
11 19 D  -10 -358
11 20 D  -10 -356
11 21 D  -10 -359
11 22 D  -10 -358
11 23 D  -10 -359
11 24 D  -10 -356
11 25 D  -10 -360
11 26 D  -10 -360
11 27 D  -10 -356
11 28 D  -10 -356
11 29 D  -10 -357
11 30 D  -10 -356
11  1 H  285  575
11  2 H  285  575
11  3 H  285  582
11  4 H  285  590
11  5 H  285  598
11  6 H  285  591
11  7 H  285  595
11  8 H  285  596
11  9 H  285  585
11 10 H  285  584
11 11 H  285  568
11 12 H  285  570
11 13 H  285  566
11 14 H  285  573
11 15 H  285  577
11 16 H  285  578
11 17 H  285  577
11 18 H  285  588
11 19 H  285  594
11 20 H  285  589
11 21 H  285  593
11 22 H  285  593
11 23 H  285  592
11 24 H  285  598
11 25 H  285  580
11 26 H  285  577
11 27 H  285  580
11 28 H  285  589
11 29 H  285  594
11 30 H  285  596
11  1 Z  240  338
11  2 Z  240  340
11  3 Z  240  336
11  4 Z  240  335
11  5 Z  240  334
11  6 Z  240  332
11  7 Z  240  331
11  8 Z  240  332
11  9 Z  240  337
11 10 Z  240  335
11 11 Z  240  338
11 12 Z  240  339
11 13 Z  240  340
11 14 Z  240  340
11 15 Z  240  339
11 16 Z  240  336
11 17 Z  240  338
11 18 Z  240  335
11 19 Z  240  335
11 20 Z  240  335
11 21 Z  240  332
11 22 Z  240  332
11 23 Z  240  332
11 24 Z  240  331
11 25 Z  240  332
11 26 Z  240  334
11 27 Z  240  336
11 28 Z  240  333
11 29 Z  240  333
11 30 Z  240  332
12  1 D  -10 -356
12  2 D  -10 -355
12  3 D  -10 -356
12  4 D  -10 -355
12  5 D  -10 -354
12  6 D  -10 -355
12  7 D  -10 -353
12  8 D  -10 -354
12  9 D  -10 -356
12 10 D  -10 -351
12 11 D  -10 -353
12 12 D  -10 -351
12 13 D  -10 -353
12 14 D  -10 -352
12 15 D  -10 -353
12 16 D  -10 -352
12 17 D  -10 -352
12 18 D  -10 -347
12 19 D  -10 -347
12 20 D  -10 -351
12 21 D  -10 -354
12 22 D  -10 -352
12 23 D  -10 -354
12 24 D  -10 -354
12 25 D  -10 -352
12 26 D  -10 -355
12 27 D  -10 -354
12 28 D  -10 -353
12 29 D  -10 -354
12 30 D  -10 -354
12 31 D  -10 -352
12  1 H  285  596
12  2 H  285  600
12  3 H  285  607
12  4 H  285  594
12  5 H  285  594
12  6 H  285  599
12  7 H  285  610
12  8 H  285  575
12  9 H  285  568
12 10 H  285  579
12 11 H  285  584
12 12 H  285  579
12 13 H  285  587
12 14 H  285  589
12 15 H  285  591
12 16 H  285  595
12 17 H  285  591
12 18 H  285  577
12 19 H  285  582
12 20 H  285  593
12 21 H  285  602
12 22 H  285  589
12 23 H  285  595
12 24 H  285  599
12 25 H  285  598
12 26 H  285  596
12 27 H  285  590
12 28 H  285  598
12 29 H  285  551
12 30 H  285  570
12 31 H  285  574
12  1 Z  240  329
12  2 Z  240  330
12  3 Z  240  327
12  4 Z  240  329
12  5 Z  240  329
12  6 Z  240  327
12  7 Z  240  324
12  8 Z  240  330
12  9 Z  240  334
12 10 Z  240  332
12 11 Z  240  332
12 12 Z  240  332
12 13 Z  240  331
12 14 Z  240  332
12 15 Z  240  329
12 16 Z  240  327
12 17 Z  240  328
12 18 Z  240  331
12 19 Z  240  330
12 20 Z  240  329
12 21 Z  240  325
12 22 Z  240  328
12 23 Z  240  325
12 24 Z  240  326
12 25 Z  240  326
12 26 Z  240  326
12 27 Z  240  326
12 28 Z  240  323
12 29 Z  240  331
12 30 Z  240  330
12 31 Z  240  331
