 1  1 D  -12 -361
 1  2 D  -12 -358
 1  3 D  -12 -356
 1  4 D  -12 -358
 1  5 D  -12 -358
 1  6 D  -12 -364
 1  7 D  -12 -361
 1  8 D  -12  NaN
 1  9 D  -12  NaN
 1 10 D  -12 -362
 1 11 D  -12 -361
 1 12 D  -12 -364
 1 13 D  -12  NaN
 1 14 D  -12 -363
 1 15 D  -12 -354
 1 16 D  -12 -359
 1 17 D  -12 -359
 1 18 D  -12 -360
 1 19 D  -12 -354
 1 20 D  -12 -360
 1 21 D  -12 -361
 1 22 D  -12 -360
 1 23 D  -12 -359
 1 24 D  -12 -358
 1 25 D  -12 -352
 1 26 D  -12 -353
 1 27 D  -12 -358
 1 28 D  -12 -348
 1 29 D  -12 -353
 1 30 D  -12 -352
 1 31 D  -12 -355
 1  1 H  280  336
 1  2 H  280  357
 1  3 H  280  356
 1  4 H  280  353
 1  5 H  280  360
 1  6 H  280  363
 1  7 H  280  369
 1  8 H  280  326
 1  9 H  280  NaN
 1 10 H  280  329
 1 11 H  280  348
 1 12 H  280  365
 1 13 H  280  NaN
 1 14 H  280  356
 1 15 H  280  355
 1 16 H  280  353
 1 17 H  280  351
 1 18 H  280  349
 1 19 H  280  327
 1 20 H  280  301
 1 21 H  280  319
 1 22 H  280  334
 1 23 H  280  342
 1 24 H  280  341
 1 25 H  280  318
 1 26 H  280  313
 1 27 H  280  323
 1 28 H  280  319
 1 29 H  280  325
 1 30 H  280  342
 1 31 H  280  347
 1  1 Z  250  622
 1  2 Z  250  622
 1  3 Z  250  618
 1  4 Z  250  622
 1  5 Z  250  616
 1  6 Z  250  623
 1  7 Z  250  622
 1  8 Z  250  625
 1  9 Z  250  NaN
 1 10 Z  250  621
 1 11 Z  250  620
 1 12 Z  250  623
 1 13 Z  250  NaN
 1 14 Z  250  626
 1 15 Z  250  622
 1 16 Z  250  628
 1 17 Z  250  619
 1 18 Z  250  619
 1 19 Z  250  620
 1 20 Z  250  624
 1 21 Z  250  618
 1 22 Z  250  620
 1 23 Z  250  620
 1 24 Z  250  616
 1 25 Z  250  611
 1 26 Z  250  610
 1 27 Z  250  606
 1 28 Z  250  607
 1 29 Z  250  604
 1 30 Z  250  610
 1 31 Z  250  603
 2  1 D  -12 -357
 2  2 D  -12 -359
 2  3 D  -12 -357
 2  4 D  -12 -359
 2  5 D  -12 -357
 2  6 D  -12 -356
 2  7 D  -12 -349
 2  8 D  -12 -352
 2  9 D  -12 -347
 2 10 D  -12 -350
 2 11 D  -12 -349
 2 12 D  -12 -342
 2 13 D  -12 -348
 2 14 D  -12 -343
 2 15 D  -12 -342
 2 16 D  -12 -348
 2 17 D  -12 -334
 2 18 D  -12  NaN
 2 19 D  -12 -348
 2 20 D  -12 -346
 2 21 D  -12  NaN
 2 22 D  -12 -357
 2 23 D  -12 -354
 2 24 D  -12 -358
 2 25 D  -12  NaN
 2 26 D  -12  NaN
 2 27 D  -12  NaN
 2 28 D  -12  NaN
 2  1 H  280  335
 2  2 H  280  339
 2  3 H  280  333
 2  4 H  280  276
 2  5 H  280  249
 2  6 H  280  282
 2  7 H  280  265
 2  8 H  280  274
 2  9 H  280  286
 2 10 H  280  295
 2 11 H  280  295
 2 12 H  280  301
 2 13 H  280  280
 2 14 H  280  283
 2 15 H  280  285
 2 16 H  280  276
 2 17 H  280  278
 2 18 H  280  NaN
 2 19 H  280  301
 2 20 H  280  307
 2 21 H  280  NaN
 2 22 H  280  340
 2 23 H  280  340
 2 24 H  280  337
 2 25 H  280  NaN
 2 26 H  280  NaN
 2 27 H  280  NaN
 2 28 H  280  NaN
 2  1 Z  250  602
 2  2 Z  250  604
 2  3 Z  250  599
 2  4 Z  250  609
 2  5 Z  250  626
 2  6 Z  250  608
 2  7 Z  250  612
 2  8 Z  250  608
 2  9 Z  250  613
 2 10 Z  250  609
 2 11 Z  250  607
 2 12 Z  250  605
 2 13 Z  250  606
 2 14 Z  250  601
 2 15 Z  250  605
 2 16 Z  250  604
 2 17 Z  250  605
 2 18 Z  250  NaN
 2 19 Z  250  610
 2 20 Z  250  607
 2 21 Z  250  NaN
 2 22 Z  250  611
 2 23 Z  250  608
 2 24 Z  250  606
 2 25 Z  250  NaN
 2 26 Z  250  NaN
 2 27 Z  250  NaN
 2 28 Z  250  NaN
 3  1 D  -12 -343
 3  2 D  -12 -346
 3  3 D  -12 -345
 3  4 D  -12 -348
 3  5 D  -12 -334
 3  6 D  -12 -327
 3  7 D  -12 -336
 3  8 D  -12 -335
 3  9 D  -12 -344
 3 10 D  -12 -333
 3 11 D  -12 -339
 3 12 D  -12 -336
 3 13 D  -12 -340
 3 14 D  -12 -338
 3 15 D  -12 -338
 3 16 D  -12 -342
 3 17 D  -12 -344
 3 18 D  -12 -341
 3 19 D  -12 -347
 3 20 D  -12 -343
 3 21 D  -12 -348
 3 22 D  -12  NaN
 3 23 D  -12  NaN
 3 24 D  -12 -347
 3 25 D  -12 -349
 3 26 D  -12 -346
 3 27 D  -12 -354
 3 28 D  -12 -339
 3 29 D  -12 -342
 3 30 D  -12 -339
 3 31 D  -12 -341
 3  1 H  280  305
 3  2 H  280  306
 3  3 H  280  307
 3  4 H  280  308
 3  5 H  280  277
 3  6 H  280  222
 3  7 H  280  262
 3  8 H  280  273
 3  9 H  280  287
 3 10 H  280  248
 3 11 H  280  262
 3 12 H  280  280
 3 13 H  280  300
 3 14 H  280  293
 3 15 H  280  290
 3 16 H  280  278
 3 17 H  280  283
 3 18 H  280  299
 3 19 H  280  298
 3 20 H  280  313
 3 21 H  280  332
 3 22 H  280  NaN
 3 23 H  280  NaN
 3 24 H  280  342
 3 25 H  280  336
 3 26 H  280  NaN
 3 27 H  280  323
 3 28 H  280  313
 3 29 H  280  319
 3 30 H  280  316
 3 31 H  280  331
 3  1 Z  250  597
 3  2 Z  250  598
 3  3 Z  250  598
 3  4 Z  250  593
 3  5 Z  250  590
 3  6 Z  250  603
 3  7 Z  250  597
 3  8 Z  250  601
 3  9 Z  250  600
 3 10 Z  250  609
 3 11 Z  250  605
 3 12 Z  250  606
 3 13 Z  250  605
 3 14 Z  250  603
 3 15 Z  250  600
 3 16 Z  250  596
 3 17 Z  250  593
 3 18 Z  250  597
 3 19 Z  250  594
 3 20 Z  250  598
 3 21 Z  250  600
 3 22 Z  250  NaN
 3 23 Z  250  NaN
 3 24 Z  250  597
 3 25 Z  250  593
 3 26 Z  250  593
 3 27 Z  250  593
 3 28 Z  250  596
 3 29 Z  250  591
 3 30 Z  250  593
 3 31 Z  250  587
 4  1 D  -12 -336
 4  2 D  -12 -336
 4  3 D  -12 -335
 4  4 D  -12 -340
 4  5 D  -12 -336
 4  6 D  -12  NaN
 4  7 D  -12 -335
 4  8 D  -12 -334
 4  9 D  -12 -329
 4 10 D  -12 -333
 4 11 D  -12  NaN
 4 12 D  -12  NaN
 4 13 D  -12 -331
 4 14 D  -12 -331
 4 15 D  -12 -326
 4 16 D  -12 -329
 4 17 D  -12 -328
 4 18 D  -12 -332
 4 19 D  -12 -326
 4 20 D  -12  NaN
 4 21 D  -12  NaN
 4 22 D  -12  NaN
 4 23 D  -12 -324
 4 24 D  -12 -325
 4 25 D  -12 -320
 4 26 D  -12 -319
 4 27 D  -12 -320
 4 28 D  -12 -316
 4 29 D  -12 -324
 4 30 D  -12 -325
 4  1 H  280  301
 4  2 H  280  295
 4  3 H  280  277
 4  4 H  280  297
 4  5 H  280  310
 4  6 H  280  NaN
 4  7 H  280  308
 4  8 H  280  309
 4  9 H  280  291
 4 10 H  280  285
 4 11 H  280  NaN
 4 12 H  280  NaN
 4 13 H  280  283
 4 14 H  280  248
 4 15 H  280  245
 4 16 H  280  263
 4 17 H  280  281
 4 18 H  280  288
 4 19 H  280  294
 4 20 H  280  NaN
 4 21 H  280  NaN
 4 22 H  280  NaN
 4 23 H  280  NaN
 4 24 H  280  261
 4 25 H  280  256
 4 26 H  280  262
 4 27 H  280  265
 4 28 H  280  265
 4 29 H  280  270
 4 30 H  280  283
 4  1 Z  250  591
 4  2 Z  250  593
 4  3 Z  250  598
 4  4 Z  250  593
 4  5 Z  250  593
 4  6 Z  250  NaN
 4  7 Z  250  596
 4  8 Z  250  593
 4  9 Z  250  594
 4 10 Z  250  597
 4 11 Z  250  NaN
 4 12 Z  250  NaN
 4 13 Z  250  591
 4 14 Z  250  598
 4 15 Z  250  599
 4 16 Z  250  597
 4 17 Z  250  596
 4 18 Z  250  593
 4 19 Z  250  590
 4 20 Z  250  NaN
 4 21 Z  250  NaN
 4 22 Z  250  NaN
 4 23 Z  250  NaN
 4 24 Z  250  584
 4 25 Z  250  584
 4 26 Z  250  583
 4 27 Z  250  578
 4 28 Z  250  585
 4 29 Z  250  591
 4 30 Z  250  595
 5  1 D  -12 -322
 5  2 D  -12 -327
 5  3 D  -12 -324
 5  4 D  -12  NaN
 5  5 D  -12 -321
 5  6 D  -12 -320
 5  7 D  -12 -323
 5  8 D  -12 -324
 5  9 D  -12 -330
 5 10 D  -12 -329
 5 11 D  -12 -321
 5 12 D  -12 -321
 5 13 D  -12 -315
 5 14 D  -12 -322
 5 15 D  -12 -323
 5 16 D  -12 -323
 5 17 D  -12 -316
 5 18 D  -12  NaN
 5 19 D  -12  NaN
 5 20 D  -12 -317
 5 21 D  -12 -312
 5 22 D  -12 -308
 5 23 D  -12  NaN
 5 24 D  -12  NaN
 5 25 D  -12 -321
 5 26 D  -12 -325
 5 27 D  -12 -321
 5 28 D  -12 -322
 5 29 D  -12 -318
 5 30 D  -12 -317
 5 31 D  -12 -322
 5  1 H  280  280
 5  2 H  280  270
 5  3 H  280  256
 5  4 H  280  NaN
 5  5 H  280  262
 5  6 H  280  266
 5  7 H  280  286
 5  8 H  280  293
 5  9 H  280  280
 5 10 H  280  283
 5 11 H  280  278
 5 12 H  280  269
 5 13 H  280  260
 5 14 H  280  273
 5 15 H  280  290
 5 16 H  280  271
 5 17 H  280  262
 5 18 H  280  NaN
 5 19 H  280  NaN
 5 20 H  280  262
 5 21 H  280  264
 5 22 H  280  279
 5 23 H  280  268
 5 24 H  280  NaN
 5 25 H  280  271
 5 26 H  280  292
 5 27 H  280  294
 5 28 H  280  298
 5 29 H  280  307
 5 30 H  280  327
 5 31 H  280  300
 5  1 Z  250  597
 5  2 Z  250  599
 5  3 Z  250  589
 5  4 Z  250  NaN
 5  5 Z  250  594
 5  6 Z  250  599
 5  7 Z  250  601
 5  8 Z  250  604
 5  9 Z  250  602
 5 10 Z  250  593
 5 11 Z  250  594
 5 12 Z  250  591
 5 13 Z  250  592
 5 14 Z  250  594
 5 15 Z  250  595
 5 16 Z  250  597
 5 17 Z  250  588
 5 18 Z  250  NaN
 5 19 Z  250  NaN
 5 20 Z  250  591
 5 21 Z  250  586
 5 22 Z  250  578
 5 23 Z  250  583
 5 24 Z  250  NaN
 5 25 Z  250  594
 5 26 Z  250  589
 5 27 Z  250  586
 5 28 Z  250  587
 5 29 Z  250  581
 5 30 Z  250  579
 5 31 Z  250  579
 6  1 D  -12 -319
 6  2 D  -12 -325
 6  3 D  -12 -317
 6  4 D  -12 -320
 6  5 D  -12 -319
 6  6 D  -12  NaN
 6  7 D  -12 -319
 6  8 D  -12 -322
 6  9 D  -12 -315
 6 10 D  -12 -313
 6 11 D  -12 -317
 6 12 D  -12 -316
 6 13 D  -12 -313
 6 14 D  -12 -318
 6 15 D  -12 -313
 6 16 D  -12 -307
 6 17 D  -12 -306
 6 18 D  -12 -313
 6 19 D  -12 -311
 6 20 D  -12 -312
 6 21 D  -12 -308
 6 22 D  -12 -311
 6 23 D  -12 -309
 6 24 D  -12 -308
 6 25 D  -12 -319
 6 26 D  -12 -312
 6 27 D  -12 -309
 6 28 D  -12 -316
 6 29 D  -12 -308
 6 30 D  -12 -311
 6  1 H  280  292
 6  2 H  280  291
 6  3 H  280  288
 6  4 H  280  297
 6  5 H  280  308
 6  6 H  280  NaN
 6  7 H  280  294
 6  8 H  280  294
 6  9 H  280  290
 6 10 H  280  292
 6 11 H  280  300
 6 12 H  280  293
 6 13 H  280  288
 6 14 H  280  300
 6 15 H  280  297
 6 16 H  280  283
 6 17 H  280  298
 6 18 H  280  309
 6 19 H  280  284
 6 20 H  280  294
 6 21 H  280  254
 6 22 H  280  236
 6 23 H  280  248
 6 24 H  280  269
 6 25 H  280  272
 6 26 H  280  272
 6 27 H  280  260
 6 28 H  280  276
 6 29 H  280  265
 6 30 H  280  281
 6  1 Z  250  578
 6  2 Z  250  577
 6  3 Z  250  574
 6  4 Z  250  573
 6  5 Z  250  571
 6  6 Z  250  NaN
 6  7 Z  250  575
 6  8 Z  250  576
 6  9 Z  250  574
 6 10 Z  250  566
 6 11 Z  250  565
 6 12 Z  250  567
 6 13 Z  250  570
 6 14 Z  250  568
 6 15 Z  250  566
 6 16 Z  250  568
 6 17 Z  250  572
 6 18 Z  250  573
 6 19 Z  250  573
 6 20 Z  250  567
 6 21 Z  250  575
 6 22 Z  250  577
 6 23 Z  250  573
 6 24 Z  250  575
 6 25 Z  250  578
 6 26 Z  250  576
 6 27 Z  250  572
 6 28 Z  250  573
 6 29 Z  250  582
 6 30 Z  250  578
 7  1 D  -12 -310
 7  2 D  -12 -315
 7  3 D  -12 -313
 7  4 D  -12 -303
 7  5 D  -12  NaN
 7  6 D  -12 -333
 7  7 D  -12 -332
 7  8 D  -12 -330
 7  9 D  -12 -325
 7 10 D  -12 -313
 7 11 D  -12 -312
 7 12 D  -12 -312
 7 13 D  -12 -324
 7 14 D  -12 -307
 7 15 D  -12 -318
 7 16 D  -12 -312
 7 17 D  -12 -313
 7 18 D  -12 -313
 7 19 D  -12 -314
 7 20 D  -12 -324
 7 21 D  -12  NaN
 7 22 D  -12  NaN
 7 23 D  -12 -323
 7 24 D  -12  NaN
 7 25 D  -12  NaN
 7 26 D  -12  NaN
 7 27 D  -12 -317
 7 28 D  -12 -320
 7 29 D  -12 -320
 7 30 D  -12  NaN
 7 31 D  -12 -318
 7  1 H  280  306
 7  2 H  280  304
 7  3 H  280  299
 7  4 H  280  310
 7  5 H  280  266
 7  6 H  280  273
 7  7 H  280  265
 7  8 H  280  263
 7  9 H  280  235
 7 10 H  280  194
 7 11 H  280  177
 7 12 H  280  197
 7 13 H  280  195
 7 14 H  280  133
 7 15 H  280  154
 7 16 H  280  170
 7 17 H  280  185
 7 18 H  280  162
 7 19 H  280  169
 7 20 H  280  210
 7 21 H  280  NaN
 7 22 H  280  NaN
 7 23 H  280  203
 7 24 H  280  NaN
 7 25 H  280  NaN
 7 26 H  280  NaN
 7 27 H  280  176
 7 28 H  280  173
 7 29 H  280  194
 7 30 H  280  NaN
 7 31 H  280  226
 7  1 Z  250  576
 7  2 Z  250  576
 7  3 Z  250  572
 7  4 Z  250  571
 7  5 Z  250  581
 7  6 Z  250  576
 7  7 Z  250  573
 7  8 Z  250  573
 7  9 Z  250  NaN
 7 10 Z  250  561
 7 11 Z  250  559
 7 12 Z  250  572
 7 13 Z  250  574
 7 14 Z  250  590
 7 15 Z  250  586
 7 16 Z  250  584
 7 17 Z  250  580
 7 18 Z  250  584
 7 19 Z  250  582
 7 20 Z  250  580
 7 21 Z  250  586
 7 22 Z  250  NaN
 7 23 Z  250  570
 7 24 Z  250  NaN
 7 25 Z  250  NaN
 7 26 Z  250  NaN
 7 27 Z  250  589
 7 28 Z  250  582
 7 29 Z  250  568
 7 30 Z  250  572
 7 31 Z  250  575
 8  1 D  -12  NaN
 8  2 D  -12 -323
 8  3 D  -12 -319
 8  4 D  -12  NaN
 8  5 D  -12 -322
 8  6 D  -12 -323
 8  7 D  -12 -322
 8  8 D  -12 -319
 8  9 D  -12 -317
 8 10 D  -12 -325
 8 11 D  -12  NaN
 8 12 D  -12 -323
 8 13 D  -12 -318
 8 14 D  -12 -325
 8 15 D  -12 -320
 8 16 D  -12 -319
 8 17 D  -12 -315
 8 18 D  -12 -310
 8 19 D  -12 -305
 8 20 D  -12 -307
 8 21 D  -12 -313
 8 22 D  -12 -313
 8 23 D  -12 -317
 8 24 D  -12 -313
 8 25 D  -12 -305
 8 26 D  -12 -303
 8 27 D  -12 -303
 8 28 D  -12 -300
 8 29 D  -12 -290
 8 30 D  -12 -293
 8 31 D  -12 -301
 8  1 H  280  NaN
 8  2 H  280  230
 8  3 H  280  229
 8  4 H  280  NaN
 8  5 H  280  225
 8  6 H  280  236
 8  7 H  280  242
 8  8 H  280  NaN
 8  9 H  280  241
 8 10 H  280  244
 8 11 H  280  NaN
 8 12 H  280  260
 8 13 H  280  265
 8 14 H  280  273
 8 15 H  280  274
 8 16 H  280  273
 8 17 H  280  267
 8 18 H  280  231
 8 19 H  280  204
 8 20 H  280  210
 8 21 H  280  229
 8 22 H  280  256
 8 23 H  280  243
 8 24 H  280  244
 8 25 H  280  222
 8 26 H  280  218
 8 27 H  280  197
 8 28 H  280  187
 8 29 H  280  178
 8 30 H  280  155
 8 31 H  280  167
 8  1 Z  250  NaN
 8  2 Z  250  582
 8  3 Z  250  580
 8  4 Z  250  577
 8  5 Z  250  575
 8  6 Z  250  577
 8  7 Z  250  574
 8  8 Z  250  573
 8  9 Z  250  574
 8 10 Z  250  580
 8 11 Z  250  579
 8 12 Z  250  576
 8 13 Z  250  575
 8 14 Z  250  572
 8 15 Z  250  579
 8 16 Z  250  573
 8 17 Z  250  568
 8 18 Z  250  559
 8 19 Z  250  559
 8 20 Z  250  559
 8 21 Z  250  559
 8 22 Z  250  558
 8 23 Z  250  560
 8 24 Z  250  553
 8 25 Z  250  553
 8 26 Z  250  548
 8 27 Z  250  552
 8 28 Z  250  542
 8 29 Z  250  535
 8 30 Z  250  543
 8 31 Z  250  546
 9  1 D  -12  NaN
 9  2 D  -12 -302
 9  3 D  -12 -310
 9  4 D  -12 -311
 9  5 D  -12 -308
 9  6 D  -12 -308
 9  7 D  -12  NaN
 9  8 D  -12 -318
 9  9 D  -12  NaN
 9 10 D  -12  NaN
 9 11 D  -12 -312
 9 12 D  -12 -313
 9 13 D  -12 -314
 9 14 D  -12 -312
 9 15 D  -12  NaN
 9 16 D  -12 -297
 9 17 D  -12 -294
 9 18 D  -12  NaN
 9 19 D  -12  NaN
 9 20 D  -12  NaN
 9 21 D  -12  NaN
 9 22 D  -12 -308
 9 23 D  -12 -314
 9 24 D  -12 -319
 9 25 D  -12 -317
 9 26 D  -12 -316
 9 27 D  -12 -315
 9 28 D  -12 -316
 9 29 D  -12 -320
 9 30 D  -12 -311
 9  1 H  280  NaN
 9  2 H  280  188
 9  3 H  280  198
 9  4 H  280  211
 9  5 H  280  213
 9  6 H  280  232
 9  7 H  280  NaN
 9  8 H  280  236
 9  9 H  280  NaN
 9 10 H  280  NaN
 9 11 H  280  NaN
 9 12 H  280  234
 9 13 H  280  236
 9 14 H  280  NaN
 9 15 H  280  NaN
 9 16 H  280  178
 9 17 H  280  173
 9 18 H  280  NaN
 9 19 H  280  226
 9 20 H  280  236
 9 21 H  280  NaN
 9 22 H  280  244
 9 23 H  280  261
 9 24 H  280  NaN
 9 25 H  280  252
 9 26 H  280  252
 9 27 H  280  245
 9 28 H  280  277
 9 29 H  280  292
 9 30 H  280  NaN
 9  1 Z  250  551
 9  2 Z  250  551
 9  3 Z  250  553
 9  4 Z  250  553
 9  5 Z  250  554
 9  6 Z  250  554
 9  7 Z  250  NaN
 9  8 Z  250  555
 9  9 Z  250  NaN
 9 10 Z  250  NaN
 9 11 Z  250  559
 9 12 Z  250  563
 9 13 Z  250  561
 9 14 Z  250  557
 9 15 Z  250  551
 9 16 Z  250  542
 9 17 Z  250  544
 9 18 Z  250  NaN
 9 19 Z  250  NaN
 9 20 Z  250  NaN
 9 21 Z  250  NaN
 9 22 Z  250  551
 9 23 Z  250  554
 9 24 Z  250  558
 9 25 Z  250  567
 9 26 Z  250  565
 9 27 Z  250  563
 9 28 Z  250  567
 9 29 Z  250  566
 9 30 Z  250  562
10  1 D  -12 -300
10  2 D  -12 -307
10  3 D  -12 -313
10  4 D  -12 -321
10  5 D  -12 -318
10  6 D  -12 -318
10  7 D  -12 -310
10  8 D  -12 -316
10  9 D  -12 -310
10 10 D  -12  NaN
10 11 D  -12  NaN
10 12 D  -12  NaN
10 13 D  -12 -305
10 14 D  -12 -305
10 15 D  -12 -305
10 16 D  -12 -301
10 17 D  -12 -304
10 18 D  -12 -303
10 19 D  -12  NaN
10 20 D  -12  NaN
10 21 D  -12  NaN
10 22 D  -12  NaN
10 23 D  -12 -302
10 24 D  -12 -303
10 25 D  -12 -297
10 26 D  -12 -301
10 27 D  -12 -287
10 28 D  -12 -300
10 29 D  -12 -313
10 30 D  -12  NaN
10 31 D  -12  NaN
10  1 H  280  182
10  2 H  280  217
10  3 H  280  244
10  4 H  280  250
10  5 H  280  268
10  6 H  280  266
10  7 H  280  270
10  8 H  280  268
10  9 H  280  261
10 10 H  280  269
10 11 H  280  NaN
10 12 H  280  244
10 13 H  280  255
10 14 H  280  263
10 15 H  280  NaN
10 16 H  280  NaN
10 17 H  280  NaN
10 18 H  280  NaN
10 19 H  280  NaN
10 20 H  280  265
10 21 H  280  NaN
10 22 H  280  298
10 23 H  280  NaN
10 24 H  280  NaN
10 25 H  280  NaN
10 26 H  280  261
10 27 H  280  231
10 28 H  280  153
10 29 H  280  216
10 30 H  280  NaN
10 31 H  280  NaN
10  1 Z  250  578
10  2 Z  250  567
10  3 Z  250  567
10  4 Z  250  568
10  5 Z  250  566
10  6 Z  250  565
10  7 Z  250  561
10  8 Z  250  558
10  9 Z  250  558
10 10 Z  250  552
10 11 Z  250  NaN
10 12 Z  250  555
10 13 Z  250  557
10 14 Z  250  557
10 15 Z  250  552
10 16 Z  250  552
10 17 Z  250  554
10 18 Z  250  553
10 19 Z  250  NaN
10 20 Z  250  NaN
10 21 Z  250  NaN
10 22 Z  250  NaN
10 23 Z  250  564
10 24 Z  250  564
10 25 Z  250  563
10 26 Z  250  560
10 27 Z  250  561
10 28 Z  250  570
10 29 Z  250  573
10 30 Z  250  NaN
10 31 Z  250  NaN
11  1 D  -12 -295
11  2 D  -12 -298
11  3 D  -12  NaN
11  4 D  -12  NaN
11  5 D  -12 -297
11  6 D  -12 -299
11  7 D  -12 -300
11  8 D  -12 -300
11  9 D  -12 -308
11 10 D  -12  NaN
11 11 D  -12 -301
11 12 D  -12 -301
11 13 D  -12 -300
11 14 D  -12 -302
11 15 D  -12 -305
11 16 D  -12 -304
11 17 D  -12 -300
11 18 D  -12 -308
11 19 D  -12 -306
11 20 D  -12 -302
11 21 D  -12 -298
11 22 D  -12 -301
11 23 D  -12 -305
11 24 D  -12 -296
11 25 D  -12 -298
11 26 D  -12 -294
11 27 D  -12 -301
11 28 D  -12 -299
11 29 D  -12  NaN
11 30 D  -12  NaN
11  1 H  280  264
11  2 H  280  283
11  3 H  280  NaN
11  4 H  280  NaN
11  5 H  280  281
11  6 H  280  285
11  7 H  280  267
11  8 H  280  293
11  9 H  280  311
11 10 H  280  309
11 11 H  280  320
11 12 H  280  308
11 13 H  280  323
11 14 H  280  329
11 15 H  280  340
11 16 H  280  343
11 17 H  280  327
11 18 H  280  301
11 19 H  280  319
11 20 H  280  317
11 21 H  280  333
11 22 H  280  344
11 23 H  280  335
11 24 H  280  312
11 25 H  280  306
11 26 H  280  320
11 27 H  280  334
11 28 H  280  345
11 29 H  280  NaN
11 30 H  280  NaN
11  1 Z  250  556
11  2 Z  250  559
11  3 Z  250  NaN
11  4 Z  250  NaN
11  5 Z  250  557
11  6 Z  250  559
11  7 Z  250  568
11  8 Z  250  571
11  9 Z  250  568
11 10 Z  250  553
11 11 Z  250  552
11 12 Z  250  553
11 13 Z  250  556
11 14 Z  250  556
11 15 Z  250  555
11 16 Z  250  553
11 17 Z  250  552
11 18 Z  250  558
11 19 Z  250  559
11 20 Z  250  559
11 21 Z  250  558
11 22 Z  250  556
11 23 Z  250  552
11 24 Z  250  548
11 25 Z  250  538
11 26 Z  250  543
11 27 Z  250  546
11 28 Z  250  548
11 29 Z  250  NaN
11 30 Z  250  NaN
12  1 D  -12 -304
12  2 D  -12 -295
12  3 D  -12 -300
12  4 D  -12 -298
12  5 D  -12 -294
12  6 D  -12 -297
12  7 D  -12 -285
12  8 D  -12 -284
12  9 D  -12 -287
12 10 D  -12 -286
12 11 D  -12 -295
12 12 D  -12  NaN
12 13 D  -12 -285
12 14 D  -12 -283
12 15 D  -12 -281
12 16 D  -12  NaN
12 17 D  -12 -285
12 18 D  -12  NaN
12 19 D  -12 -285
12 20 D  -12 -289
12 21 D  -12 -286
12 22 D  -12 -288
12 23 D  -12 -287
12 24 D  -12 -291
12 25 D  -12  NaN
12 26 D  -12 -292
12 27 D  -12 -294
12 28 D  -12 -297
12 29 D  -12 -289
12 30 D  -12 -294
12 31 D  -12 -294
12  1 H  280  320
12  2 H  280  286
12  3 H  280  311
12  4 H  280  325
12  5 H  280  312
12  6 H  280  291
12  7 H  280  297
12  8 H  280  300
12  9 H  280  296
12 10 H  280  300
12 11 H  280  287
12 12 H  280  295
12 13 H  280  302
12 14 H  280  300
12 15 H  280  301
12 16 H  280  305
12 17 H  280  NaN
12 18 H  280  NaN
12 19 H  280  331
12 20 H  280  336
12 21 H  280  341
12 22 H  280  330
12 23 H  280  330
12 24 H  280  338
12 25 H  280  NaN
12 26 H  280  NaN
12 27 H  280  364
12 28 H  280  351
12 29 H  280  343
12 30 H  280  340
12 31 H  280  356
12  1 Z  250  563
12  2 Z  250  576
12  3 Z  250  575
12  4 Z  250  566
12  5 Z  250  557
12  6 Z  250  557
12  7 Z  250  550
12  8 Z  250  547
12  9 Z  250  544
12 10 Z  250  548
12 11 Z  250  553
12 12 Z  250  550
12 13 Z  250  544
12 14 Z  250  541
12 15 Z  250  543
12 16 Z  250  542
12 17 Z  250  NaN
12 18 Z  250  NaN
12 19 Z  250  543
12 20 Z  250  544
12 21 Z  250  542
12 22 Z  250  541
12 23 Z  250  545
12 24 Z  250  547
12 25 Z  250  NaN
12 26 Z  250  548
12 27 Z  250  550
12 28 Z  250  553
12 29 Z  250  553
12 30 Z  250  551
12 31 Z  250  556
