 1  1 D  -10  NaN
 1  2 D  -10  NaN
 1  3 D  -10  NaN
 1  4 D  -10  NaN
 1  5 D  -10  NaN
 1  6 D  -10 -253
 1  7 D  -10 -253
 1  8 D  -10  NaN
 1  9 D  -10 -250
 1 10 D  -10 -255
 1 11 D  -10  NaN
 1 12 D  -10 -252
 1 13 D  -10  NaN
 1 14 D  -10 -255
 1 15 D  -10  NaN
 1 16 D  -10  NaN
 1 17 D  -10  NaN
 1 18 D  -10 -250
 1 19 D  -10  NaN
 1 20 D  -10 -247
 1 21 D  -10  NaN
 1 22 D  -10 -247
 1 23 D  -10 -250
 1 24 D  -10 -250
 1 25 D  -10 -251
 1 26 D  -10 -247
 1 27 D  -10 -250
 1 28 D  -10 -252
 1 29 D  -10 -246
 1 30 D  -10 -247
 1 31 D  -10 -245
 1  1 H  285  NaN
 1  2 H  285  NaN
 1  3 H  285  NaN
 1  4 H  285  NaN
 1  5 H  285  578
 1  6 H  285  NaN
 1  7 H  285  NaN
 1  8 H  285  NaN
 1  9 H  285  NaN
 1 10 H  285  606
 1 11 H  285  NaN
 1 12 H  285  NaN
 1 13 H  285  625
 1 14 H  285  627
 1 15 H  285  631
 1 16 H  285  608
 1 17 H  285  NaN
 1 18 H  285  NaN
 1 19 H  285  NaN
 1 20 H  285  NaN
 1 21 H  285  NaN
 1 22 H  285  646
 1 23 H  285  NaN
 1 24 H  285  NaN
 1 25 H  285  NaN
 1 26 H  285  NaN
 1 27 H  285  633
 1 28 H  285  NaN
 1 29 H  285  NaN
 1 30 H  285  NaN
 1 31 H  285  NaN
 1  1 Z  240  NaN
 1  2 Z  240  NaN
 1  3 Z  240  NaN
 1  4 Z  240  257
 1  5 Z  240  253
 1  6 Z  240  249
 1  7 Z  240  248
 1  8 Z  240  NaN
 1  9 Z  240  NaN
 1 10 Z  240  NaN
 1 11 Z  240  NaN
 1 12 Z  240  NaN
 1 13 Z  240  244
 1 14 Z  240  244
 1 15 Z  240  241
 1 16 Z  240  243
 1 17 Z  240  NaN
 1 18 Z  240  NaN
 1 19 Z  240  NaN
 1 20 Z  240  NaN
 1 21 Z  240  NaN
 1 22 Z  240  NaN
 1 23 Z  240  NaN
 1 24 Z  240  NaN
 1 25 Z  240  NaN
 1 26 Z  240  NaN
 1 27 Z  240  NaN
 1 28 Z  240  NaN
 1 29 Z  240  NaN
 1 30 Z  240  NaN
 1 31 Z  240  NaN
 2  1 D  -10 -246
 2  2 D  -10 -244
 2  3 D  -10 -245
 2  4 D  -10 -242
 2  5 D  -10 -245
 2  6 D  -10 -250
 2  7 D  -10 -243
 2  8 D  -10 -239
 2  9 D  -10 -245
 2 10 D  -10 -242
 2 11 D  -10 -252
 2 12 D  -10 -253
 2 13 D  -10 -246
 2 14 D  -10 -242
 2 15 D  -10 -242
 2 16 D  -10 -240
 2 17 D  -10 -237
 2 18 D  -10 -239
 2 19 D  -10 -243
 2 20 D  -10 -234
 2 21 D  -10 -234
 2 22 D  -10 -235
 2 23 D  -10 -243
 2 24 D  -10 -243
 2 25 D  -10 -242
 2 26 D  -10 -232
 2 27 D  -10 -238
 2 28 D  -10 -242
 2  1 H  285  616
 2  2 H  285  619
 2  3 H  285  617
 2  4 H  285  627
 2  5 H  285  612
 2  6 H  285  622
 2  7 H  285  637
 2  8 H  285  628
 2  9 H  285  614
 2 10 H  285  641
 2 11 H  285  643
 2 12 H  285  640
 2 13 H  285  637
 2 14 H  285  635
 2 15 H  285  598
 2 16 H  285  594
 2 17 H  285  615
 2 18 H  285  621
 2 19 H  285  621
 2 20 H  285  623
 2 21 H  285  618
 2 22 H  285  618
 2 23 H  285  640
 2 24 H  285  644
 2 25 H  285  647
 2 26 H  285  616
 2 27 H  285  607
 2 28 H  285  613
 2  1 Z  240  237
 2  2 Z  240  236
 2  3 Z  240  237
 2  4 Z  240  233
 2  5 Z  240  236
 2  6 Z  240  239
 2  7 Z  240  236
 2  8 Z  240  236
 2  9 Z  240  236
 2 10 Z  240  232
 2 11 Z  240  229
 2 12 Z  240  229
 2 13 Z  240  227
 2 14 Z  240  229
 2 15 Z  240  236
 2 16 Z  240  239
 2 17 Z  240  237
 2 18 Z  240  236
 2 19 Z  240  235
 2 20 Z  240  236
 2 21 Z  240  235
 2 22 Z  240  236
 2 23 Z  240  230
 2 24 Z  240  227
 2 25 Z  240  225
 2 26 Z  240  232
 2 27 Z  240  231
 2 28 Z  240  234
 3  1 D  -10 -251
 3  2 D  -10 -249
 3  3 D  -10 -248
 3  4 D  -10 -255
 3  5 D  -10 -250
 3  6 D  -10 -252
 3  7 D  -10 -252
 3  8 D  -10 -250
 3  9 D  -10 -249
 3 10 D  -10 -248
 3 11 D  -10 -245
 3 12 D  -10 -245
 3 13 D  -10 -245
 3 14 D  -10 -248
 3 15 D  -10 -244
 3 16 D  -10 -246
 3 17 D  -10 -242
 3 18 D  -10 -245
 3 19 D  -10 -242
 3 20 D  -10 -237
 3 21 D  -10 -236
 3 22 D  -10 -237
 3 23 D  -10 -237
 3 24 D  -10 -241
 3 25 D  -10 -239
 3 26 D  -10 -242
 3 27 D  -10 -242
 3 28 D  -10 -235
 3 29 D  -10 -237
 3 30 D  -10 -234
 3 31 D  -10 -243
 3  1 H  285  611
 3  2 H  285  618
 3  3 H  285  630
 3  4 H  285  642
 3  5 H  285  640
 3  6 H  285  639
 3  7 H  285  645
 3  8 H  285  634
 3  9 H  285  606
 3 10 H  285  619
 3 11 H  285  637
 3 12 H  285  644
 3 13 H  285  640
 3 14 H  285  643
 3 15 H  285  638
 3 16 H  285  633
 3 17 H  285  628
 3 18 H  285  623
 3 19 H  285  635
 3 20 H  285  642
 3 21 H  285  640
 3 22 H  285  640
 3 23 H  285  632
 3 24 H  285  650
 3 25 H  285  655
 3 26 H  285  631
 3 27 H  285  599
 3 28 H  285  619
 3 29 H  285  629
 3 30 H  285  627
 3 31 H  285  631
 3  1 Z  240  239
 3  2 Z  240  239
 3  3 Z  240  237
 3  4 Z  240  234
 3  5 Z  240  232
 3  6 Z  240  231
 3  7 Z  240  227
 3  8 Z  240  226
 3  9 Z  240  237
 3 10 Z  240  236
 3 11 Z  240  228
 3 12 Z  240  226
 3 13 Z  240  228
 3 14 Z  240  223
 3 15 Z  240  231
 3 16 Z  240  228
 3 17 Z  240  232
 3 18 Z  240  233
 3 19 Z  240  230
 3 20 Z  240  227
 3 21 Z  240  228
 3 22 Z  240  229
 3 23 Z  240  231
 3 24 Z  240  224
 3 25 Z  240  220
 3 26 Z  240  227
 3 27 Z  240  239
 3 28 Z  240  237
 3 29 Z  240  230
 3 30 Z  240  229
 3 31 Z  240  226
 4  1 D  -10 -232
 4  2 D  -10 -236
 4  3 D  -10 -237
 4  4 D  -10 -213
 4  5 D  -10 -215
 4  6 D  -10 -235
 4  7 D  -10 -227
 4  8 D  -10 -229
 4  9 D  -10 -230
 4 10 D  -10 -225
 4 11 D  -10 -224
 4 12 D  -10 -219
 4 13 D  -10 -223
 4 14 D  -10 -220
 4 15 D  -10 -216
 4 16 D  -10 -221
 4 17 D  -10 -226
 4 18 D  -10 -219
 4 19 D  -10 -229
 4 20 D  -10 -227
 4 21 D  -10 -212
 4 22 D  -10 -221
 4 23 D  -10 -223
 4 24 D  -10 -220
 4 25 D  -10 -225
 4 26 D  -10 -215
 4 27 D  -10 -217
 4 28 D  -10 -215
 4 29 D  -10 -214
 4 30 D  -10 -219
 4  1 H  285  635
 4  2 H  285  636
 4  3 H  285  618
 4  4 H  285  596
 4  5 H  285  606
 4  6 H  285  634
 4  7 H  285  640
 4  8 H  285  647
 4  9 H  285  652
 4 10 H  285  658
 4 11 H  285  612
 4 12 H  285  620
 4 13 H  285  638
 4 14 H  285  604
 4 15 H  285  610
 4 16 H  285  633
 4 17 H  285  643
 4 18 H  285  641
 4 19 H  285  629
 4 20 H  285  NaN
 4 21 H  285  632
 4 22 H  285  652
 4 23 H  285  647
 4 24 H  285  622
 4 25 H  285  632
 4 26 H  285  647
 4 27 H  285  647
 4 28 H  285  643
 4 29 H  285  640
 4 30 H  285  640
 4  1 Z  240  232
 4  2 Z  240  230
 4  3 Z  240  232
 4  4 Z  240  240
 4  5 Z  240  239
 4  6 Z  240  232
 4  7 Z  240  229
 4  8 Z  240  223
 4  9 Z  240  225
 4 10 Z  240  221
 4 11 Z  240  234
 4 12 Z  240  233
 4 13 Z  240  225
 4 14 Z  240  233
 4 15 Z  240  232
 4 16 Z  240  231
 4 17 Z  240  226
 4 18 Z  240  229
 4 19 Z  240  229
 4 20 Z  240  235
 4 21 Z  240  231
 4 22 Z  240  227
 4 23 Z  240  226
 4 24 Z  240  232
 4 25 Z  240  230
 4 26 Z  240  228
 4 27 Z  240  225
 4 28 Z  240  229
 4 29 Z  240  226
 4 30 Z  240  232
 5  1 D  -10 -214
 5  2 D  -10 -217
 5  3 D  -10 -220
 5  4 D  -10 -228
 5  5 D  -10 -222
 5  6 D  -10 -220
 5  7 D  -10 -227
 5  8 D  -10 -223
 5  9 D  -10 -220
 5 10 D  -10  NaN
 5 11 D  -10  NaN
 5 12 D  -10 -203
 5 13 D  -10 -205
 5 14 D  -10 -208
 5 15 D  -10 -204
 5 16 D  -10 -216
 5 17 D  -10 -204
 5 18 D  -10 -208
 5 19 D  -10 -210
 5 20 D  -10 -209
 5 21 D  -10 -202
 5 22 D  -10 -211
 5 23 D  -10 -204
 5 24 D  -10 -206
 5 25 D  -10 -207
 5 26 D  -10 -209
 5 27 D  -10 -209
 5 28 D  -10 -207
 5 29 D  -10 -208
 5 30 D  -10 -200
 5 31 D  -10 -210
 5  1 H  285  604
 5  2 H  285  562
 5  3 H  285  583
 5  4 H  285  571
 5  5 H  285  615
 5  6 H  285  628
 5  7 H  285  631
 5  8 H  285  649
 5  9 H  285  594
 5 10 H  285  NaN
 5 11 H  285  NaN
 5 12 H  285  624
 5 13 H  285  632
 5 14 H  285  641
 5 15 H  285  655
 5 16 H  285  652
 5 17 H  285  651
 5 18 H  285  655
 5 19 H  285  657
 5 20 H  285  658
 5 21 H  285  652
 5 22 H  285  615
 5 23 H  285  624
 5 24 H  285  635
 5 25 H  285  644
 5 26 H  285  646
 5 27 H  285  657
 5 28 H  285  648
 5 29 H  285  657
 5 30 H  285  636
 5 31 H  285  649
 5  1 Z  240  237
 5  2 Z  240  NaN
 5  3 Z  240  239
 5  4 Z  240  246
 5  5 Z  240  231
 5  6 Z  240  228
 5  7 Z  240  223
 5  8 Z  240  227
 5  9 Z  240  240
 5 10 Z  240  NaN
 5 11 Z  240  NaN
 5 12 Z  240  227
 5 13 Z  240  224
 5 14 Z  240  225
 5 15 Z  240  224
 5 16 Z  240  222
 5 17 Z  240  232
 5 18 Z  240  223
 5 19 Z  240  215
 5 20 Z  240  216
 5 21 Z  240  220
 5 22 Z  240  232
 5 23 Z  240  228
 5 24 Z  240  NaN
 5 25 Z  240  NaN
 5 26 Z  240  NaN
 5 27 Z  240  223
 5 28 Z  240  NaN
 5 29 Z  240  NaN
 5 30 Z  240  NaN
 5 31 Z  240  NaN
 6  1 D  -10  NaN
 6  2 D  -10  NaN
 6  3 D  -10  NaN
 6  4 D  -10  NaN
 6  5 D  -10  NaN
 6  6 D  -10  NaN
 6  7 D  -10  NaN
 6  8 D  -10  NaN
 6  9 D  -10  NaN
 6 10 D  -10  NaN
 6 11 D  -10  NaN
 6 12 D  -10  NaN
 6 13 D  -10  NaN
 6 14 D  -10  NaN
 6 15 D  -10  NaN
 6 16 D  -10  NaN
 6 17 D  -10  NaN
 6 18 D  -10  NaN
 6 19 D  -10  NaN
 6 20 D  -10  NaN
 6 21 D  -10  NaN
 6 22 D  -10  NaN
 6 23 D  -10  NaN
 6 24 D  -10  NaN
 6 25 D  -10  NaN
 6 26 D  -10  NaN
 6 27 D  -10  NaN
 6 28 D  -10  NaN
 6 29 D  -10  NaN
 6 30 D  -10  NaN
 6  1 H  285  656
 6  2 H  285  654
 6  3 H  285  NaN
 6  4 H  285  NaN
 6  5 H  285  NaN
 6  6 H  285  634
 6  7 H  285  NaN
 6  8 H  285  NaN
 6  9 H  285  NaN
 6 10 H  285  NaN
 6 11 H  285  639
 6 12 H  285  646
 6 13 H  285  654
 6 14 H  285  658
 6 15 H  285  658
 6 16 H  285  663
 6 17 H  285  659
 6 18 H  285  656
 6 19 H  285  NaN
 6 20 H  285  646
 6 21 H  285  640
 6 22 H  285  654
 6 23 H  285  650
 6 24 H  285  644
 6 25 H  285  655
 6 26 H  285  624
 6 27 H  285  632
 6 28 H  285  643
 6 29 H  285  662
 6 30 H  285  617
 6  1 Z  240  220
 6  2 Z  240  216
 6  3 Z  240  226
 6  4 Z  240  221
 6  5 Z  240  220
 6  6 Z  240  215
 6  7 Z  240  NaN
 6  8 Z  240  NaN
 6  9 Z  240  215
 6 10 Z  240  208
 6 11 Z  240  217
 6 12 Z  240  216
 6 13 Z  240  215
 6 14 Z  240  214
 6 15 Z  240  214
 6 16 Z  240  208
 6 17 Z  240  210
 6 18 Z  240  211
 6 19 Z  240  207
 6 20 Z  240  211
 6 21 Z  240  212
 6 22 Z  240  205
 6 23 Z  240  210
 6 24 Z  240  213
 6 25 Z  240  208
 6 26 Z  240  220
 6 27 Z  240  212
 6 28 Z  240  211
 6 29 Z  240  207
 6 30 Z  240  217
 7  1 D  -10 -210
 7  2 D  -10 -225
 7  3 D  -10 -230
 7  4 D  -10 -227
 7  5 D  -10 -226
 7  6 D  -10 -225
 7  7 D  -10 -226
 7  8 D  -10 -236
 7  9 D  -10 -222
 7 10 D  -10 -221
 7 11 D  -10 -227
 7 12 D  -10 -229
 7 13 D  -10 -228
 7 14 D  -10 -225
 7 15 D  -10 -225
 7 16 D  -10 -227
 7 17 D  -10 -223
 7 18 D  -10 -221
 7 19 D  -10 -221
 7 20 D  -10 -223
 7 21 D  -10 -218
 7 22 D  -10 -225
 7 23 D  -10 -220
 7 24 D  -10  NaN
 7 25 D  -10 -213
 7 26 D  -10 -218
 7 27 D  -10 -218
 7 28 D  -10  NaN
 7 29 D  -10 -218
 7 30 D  -10 -219
 7 31 D  -10 -216
 7  1 H  285  640
 7  2 H  285  656
 7  3 H  285  660
 7  4 H  285  640
 7  5 H  285  604
 7  6 H  285  646
 7  7 H  285  652
 7  8 H  285  650
 7  9 H  285  657
 7 10 H  285  660
 7 11 H  285  659
 7 12 H  285  660
 7 13 H  285  660
 7 14 H  285  634
 7 15 H  285  648
 7 16 H  285  661
 7 17 H  285  659
 7 18 H  285  667
 7 19 H  285  657
 7 20 H  285  657
 7 21 H  285  663
 7 22 H  285  661
 7 23 H  285  662
 7 24 H  285  647
 7 25 H  285  652
 7 26 H  285  655
 7 27 H  285  668
 7 28 H  285  672
 7 29 H  285  677
 7 30 H  285  666
 7 31 H  285  671
 7  1 Z  240  212
 7  2 Z  240  209
 7  3 Z  240  210
 7  4 Z  240  214
 7  5 Z  240  224
 7  6 Z  240  212
 7  7 Z  240  210
 7  8 Z  240  214
 7  9 Z  240  212
 7 10 Z  240  210
 7 11 Z  240  203
 7 12 Z  240  202
 7 13 Z  240  201
 7 14 Z  240  211
 7 15 Z  240  208
 7 16 Z  240  206
 7 17 Z  240  205
 7 18 Z  240  206
 7 19 Z  240  204
 7 20 Z  240  203
 7 21 Z  240  201
 7 22 Z  240  201
 7 23 Z  240  203
 7 24 Z  240  202
 7 25 Z  240  203
 7 26 Z  240  202
 7 27 Z  240  199
 7 28 Z  240  198
 7 29 Z  240  202
 7 30 Z  240  201
 7 31 Z  240  198
 8  1 D  -10 -219
 8  2 D  -10 -221
 8  3 D  -10 -220
 8  4 D  -10 -214
 8  5 D  -10  NaN
 8  6 D  -10  NaN
 8  7 D  -10  NaN
 8  8 D  -10  NaN
 8  9 D  -10  NaN
 8 10 D  -10  NaN
 8 11 D  -10  NaN
 8 12 D  -10  NaN
 8 13 D  -10  NaN
 8 14 D  -10  NaN
 8 15 D  -10  NaN
 8 16 D  -10  NaN
 8 17 D  -10  NaN
 8 18 D  -10  NaN
 8 19 D  -10  NaN
 8 20 D  -10  NaN
 8 21 D  -10  NaN
 8 22 D  -10  NaN
 8 23 D  -10  NaN
 8 24 D  -10  NaN
 8 25 D  -10 -214
 8 26 D  -10  NaN
 8 27 D  -10  NaN
 8 28 D  -10  NaN
 8 29 D  -10  NaN
 8 30 D  -10 -218
 8 31 D  -10 -222
 8  1 H  285  667
 8  2 H  285  675
 8  3 H  285  669
 8  4 H  285  647
 8  5 H  285  645
 8  6 H  285  639
 8  7 H  285  654
 8  8 H  285  659
 8  9 H  285  652
 8 10 H  285  658
 8 11 H  285  667
 8 12 H  285  NaN
 8 13 H  285  NaN
 8 14 H  285  665
 8 15 H  285  664
 8 16 H  285  NaN
 8 17 H  285  NaN
 8 18 H  285  NaN
 8 19 H  285  647
 8 20 H  285  654
 8 21 H  285  664
 8 22 H  285  NaN
 8 23 H  285  663
 8 24 H  285  NaN
 8 25 H  285  675
 8 26 H  285  667
 8 27 H  285  NaN
 8 28 H  285  NaN
 8 29 H  285  583
 8 30 H  285  NaN
 8 31 H  285  NaN
 8  1 Z  240  197
 8  2 Z  240  201
 8  3 Z  240  194
 8  4 Z  240  202
 8  5 Z  240  203
 8  6 Z  240  201
 8  7 Z  240  201
 8  8 Z  240  200
 8  9 Z  240  202
 8 10 Z  240  198
 8 11 Z  240  198
 8 12 Z  240  NaN
 8 13 Z  240  NaN
 8 14 Z  240  196
 8 15 Z  240  199
 8 16 Z  240  NaN
 8 17 Z  240  199
 8 18 Z  240  201
 8 19 Z  240  201
 8 20 Z  240  195
 8 21 Z  240  194
 8 22 Z  240  NaN
 8 23 Z  240  190
 8 24 Z  240  189
 8 25 Z  240  187
 8 26 Z  240  193
 8 27 Z  240  NaN
 8 28 Z  240  NaN
 8 29 Z  240  206
 8 30 Z  240  205
 8 31 Z  240  206
 9  1 D  -10 -197
 9  2 D  -10 -181
 9  3 D  -10 -179
 9  4 D  -10  NaN
 9  5 D  -10 -180
 9  6 D  -10 -169
 9  7 D  -10 -175
 9  8 D  -10 -179
 9  9 D  -10 -179
 9 10 D  -10 -182
 9 11 D  -10 -174
 9 12 D  -10 -169
 9 13 D  -10 -164
 9 14 D  -10 -168
 9 15 D  -10 -179
 9 16 D  -10 -181
 9 17 D  -10 -181
 9 18 D  -10  NaN
 9 19 D  -10 -177
 9 20 D  -10 -179
 9 21 D  -10  NaN
 9 22 D  -10  NaN
 9 23 D  -10 -159
 9 24 D  -10 -167
 9 25 D  -10 -160
 9 26 D  -10 -168
 9 27 D  -10 -169
 9 28 D  -10  NaN
 9 29 D  -10 -171
 9 30 D  -10  NaN
 9  1 H  285  621
 9  2 H  285  630
 9  3 H  285  630
 9  4 H  285  NaN
 9  5 H  285  650
 9  6 H  285  637
 9  7 H  285  650
 9  8 H  285  640
 9  9 H  285  631
 9 10 H  285  652
 9 11 H  285  650
 9 12 H  285  636
 9 13 H  285  645
 9 14 H  285  659
 9 15 H  285  662
 9 16 H  285  659
 9 17 H  285  660
 9 18 H  285  669
 9 19 H  285  665
 9 20 H  285  674
 9 21 H  285  665
 9 22 H  285  648
 9 23 H  285  648
 9 24 H  285  659
 9 25 H  285  643
 9 26 H  285  632
 9 27 H  285  626
 9 28 H  285  617
 9 29 H  285  606
 9 30 H  285  NaN
 9  1 Z  240  206
 9  2 Z  240  202
 9  3 Z  240  202
 9  4 Z  240  NaN
 9  5 Z  240  198
 9  6 Z  240  201
 9  7 Z  240  195
 9  8 Z  240  196
 9  9 Z  240  199
 9 10 Z  240  200
 9 11 Z  240  200
 9 12 Z  240  200
 9 13 Z  240  197
 9 14 Z  240  194
 9 15 Z  240  190
 9 16 Z  240  186
 9 17 Z  240  187
 9 18 Z  240  186
 9 19 Z  240  187
 9 20 Z  240  186
 9 21 Z  240  189
 9 22 Z  240  191
 9 23 Z  240  189
 9 24 Z  240  191
 9 25 Z  240  188
 9 26 Z  240  193
 9 27 Z  240  195
 9 28 Z  240  194
 9 29 Z  240  212
 9 30 Z  240  NaN
10  1 D  -10  NaN
10  2 D  -10  NaN
10  3 D  -10 -176
10  4 D  -10 -179
10  5 D  -10 -179
10  6 D  -10 -181
10  7 D  -10 -184
10  8 D  -10 -180
10  9 D  -10 -182
10 10 D  -10 -171
10 11 D  -10 -170
10 12 D  -10 -173
10 13 D  -10 -174
10 14 D  -10 -176
10 15 D  -10 -180
10 16 D  -10 -170
10 17 D  -10 -174
10 18 D  -10 -168
10 19 D  -10 -175
10 20 D  -10 -174
10 21 D  -10 -173
10 22 D  -10 -174
10 23 D  -10 -174
10 24 D  -10 -172
10 25 D  -10 -168
10 26 D  -10 -171
10 27 D  -10 -173
10 28 D  -10 -169
10 29 D  -10 -171
10 30 D  -10 -162
10 31 D  -10 -169
10  1 H  285  NaN
10  2 H  285  NaN
10  3 H  285  641
10  4 H  285  641
10  5 H  285  650
10  6 H  285  658
10  7 H  285  660
10  8 H  285  667
10  9 H  285  667
10 10 H  285  646
10 11 H  285  656
10 12 H  285  670
10 13 H  285  666
10 14 H  285  667
10 15 H  285  676
10 16 H  285  671
10 17 H  285  673
10 18 H  285  631
10 19 H  285  641
10 20 H  285  650
10 21 H  285  653
10 22 H  285  658
10 23 H  285  662
10 24 H  285  665
10 25 H  285  665
10 26 H  285  664
10 27 H  285  617
10 28 H  285  633
10 29 H  285  638
10 30 H  285  608
10 31 H  285  630
10  1 Z  240  NaN
10  2 Z  240  NaN
10  3 Z  240  197
10  4 Z  240  196
10  5 Z  240  193
10  6 Z  240  194
10  7 Z  240  190
10  8 Z  240  187
10  9 Z  240  186
10 10 Z  240  188
10 11 Z  240  188
10 12 Z  240  188
10 13 Z  240  188
10 14 Z  240  187
10 15 Z  240  185
10 16 Z  240  184
10 17 Z  240  179
10 18 Z  240  189
10 19 Z  240  189
10 20 Z  240  184
10 21 Z  240  184
10 22 Z  240  184
10 23 Z  240  187
10 24 Z  240  184
10 25 Z  240  183
10 26 Z  240  181
10 27 Z  240  191
10 28 Z  240  189
10 29 Z  240  188
10 30 Z  240  194
10 31 Z  240  195
11  1 D  -10 -170
11  2 D  -10 -172
11  3 D  -10 -173
11  4 D  -10 -167
11  5 D  -10 -162
11  6 D  -10 -160
11  7 D  -10 -160
11  8 D  -10 -153
11  9 D  -10 -160
11 10 D  -10 -161
11 11 D  -10 -160
11 12 D  -10 -156
11 13 D  -10 -154
11 14 D  -10 -154
11 15 D  -10 -157
11 16 D  -10 -156
11 17 D  -10 -162
11 18 D  -10 -159
11 19 D  -10 -158
11 20 D  -10 -159
11 21 D  -10 -161
11 22 D  -10 -163
11 23 D  -10  NaN
11 24 D  -10  NaN
11 25 D  -10 -157
11 26 D  -10 -158
11 27 D  -10 -162
11 28 D  -10 -163
11 29 D  -10 -162
11 30 D  -10  NaN
11  1 H  285  645
11  2 H  285  640
11  3 H  285  648
11  4 H  285  648
11  5 H  285  664
11  6 H  285  667
11  7 H  285  675
11  8 H  285  646
11  9 H  285  655
11 10 H  285  649
11 11 H  285  639
11 12 H  285  630
11 13 H  285  621
11 14 H  285  634
11 15 H  285  640
11 16 H  285  657
11 17 H  285  669
11 18 H  285  665
11 19 H  285  669
11 20 H  285  653
11 21 H  285  650
11 22 H  285  640
11 23 H  285  NaN
11 24 H  285  NaN
11 25 H  285  584
11 26 H  285  600
11 27 H  285  625
11 28 H  285  648
11 29 H  285  657
11 30 H  285  NaN
11  1 Z  240  190
11  2 Z  240  187
11  3 Z  240  186
11  4 Z  240  185
11  5 Z  240  183
11  6 Z  240  180
11  7 Z  240  179
11  8 Z  240  183
11  9 Z  240  180
11 10 Z  240  180
11 11 Z  240  184
11 12 Z  240  183
11 13 Z  240  188
11 14 Z  240  188
11 15 Z  240  184
11 16 Z  240  177
11 17 Z  240  180
11 18 Z  240  180
11 19 Z  240  176
11 20 Z  240  179
11 21 Z  240  177
11 22 Z  240  182
11 23 Z  240  NaN
11 24 Z  240  NaN
11 25 Z  240  194
11 26 Z  240  193
11 27 Z  240  186
11 28 Z  240  183
11 29 Z  240  181
11 30 Z  240  NaN
12  1 D  -10  NaN
12  2 D  -10 -164
12  3 D  -10 -166
12  4 D  -10 -164
12  5 D  -10 -169
12  6 D  -10 -166
12  7 D  -10 -163
12  8 D  -10  NaN
12  9 D  -10 -162
12 10 D  -10 -164
12 11 D  -10 -161
12 12 D  -10 -163
12 13 D  -10 -155
12 14 D  -10 -160
12 15 D  -10 -159
12 16 D  -10 -161
12 17 D  -10 -161
12 18 D  -10 -162
12 19 D  -10 -163
12 20 D  -10 -169
12 21 D  -10 -160
12 22 D  -10 -161
12 23 D  -10 -153
12 24 D  -10 -155
12 25 D  -10 -156
12 26 D  -10 -155
12 27 D  -10 -148
12 28 D  -10 -156
12 29 D  -10 -156
12 30 D  -10 -149
12 31 D  -10 -151
12  1 H  285  NaN
12  2 H  285  672
12  3 H  285  669
12  4 H  285  676
12  5 H  285  671
12  6 H  285  675
12  7 H  285  675
12  8 H  285  NaN
12  9 H  285  676
12 10 H  285  681
12 11 H  285  687
12 12 H  285  690
12 13 H  285  674
12 14 H  285  668
12 15 H  285  639
12 16 H  285  653
12 17 H  285  668
12 18 H  285  625
12 19 H  285  632
12 20 H  285  641
12 21 H  285  652
12 22 H  285  661
12 23 H  285  662
12 24 H  285  672
12 25 H  285  657
12 26 H  285  656
12 27 H  285  653
12 28 H  285  656
12 29 H  285  655
12 30 H  285  655
12 31 H  285  651
12  1 Z  240  NaN
12  2 Z  240  175
12  3 Z  240  175
12  4 Z  240  173
12  5 Z  240  176
12  6 Z  240  176
12  7 Z  240  174
12  8 Z  240  NaN
12  9 Z  240  172
12 10 Z  240  172
12 11 Z  240  169
12 12 Z  240  168
12 13 Z  240  172
12 14 Z  240  173
12 15 Z  240  178
12 16 Z  240  177
12 17 Z  240  175
12 18 Z  240  181
12 19 Z  240  180
12 20 Z  240  178
12 21 Z  240  179
12 22 Z  240  177
12 23 Z  240  177
12 24 Z  240  173
12 25 Z  240  178
12 26 Z  240  178
12 27 Z  240  179
12 28 Z  240  175
12 29 Z  240  180
12 30 Z  240  177
12 31 Z  240  178
