 1  1 D   -9 -679
 1  2 D   -9 -674
 1  3 D   -9  NaN
 1  4 D   -9  NaN
 1  5 D   -9  NaN
 1  6 D   -9 -677
 1  7 D   -9 -672
 1  8 D   -9 -676
 1  9 D   -9 -673
 1 10 D   -9 -674
 1 11 D   -9 -677
 1 12 D   -9 -672
 1 13 D   -9 -670
 1 14 D   -9 -667
 1 15 D   -9 -670
 1 16 D   -9 -669
 1 17 D   -9 -672
 1 18 D   -9 -666
 1 19 D   -9 -668
 1 20 D   -9 -667
 1 21 D   -9 -672
 1 22 D   -9 -671
 1 23 D   -9 -672
 1 24 D   -9 -676
 1 25 D   -9 -678
 1 26 D   -9 -671
 1 27 D   -9 -674
 1 28 D   -9 -673
 1 29 D   -9 -669
 1 30 D   -9 -673
 1 31 D   -9 -674
 1  1 H  290  171
 1  2 H  290  180
 1  3 H  290  NaN
 1  4 H  290  NaN
 1  5 H  290  NaN
 1  6 H  290  207
 1  7 H  290  206
 1  8 H  290  207
 1  9 H  290  216
 1 10 H  290  219
 1 11 H  290  207
 1 12 H  290  212
 1 13 H  290  183
 1 14 H  290  191
 1 15 H  290  207
 1 16 H  290  204
 1 17 H  290  208
 1 18 H  290  214
 1 19 H  290  217
 1 20 H  290  220
 1 21 H  290  216
 1 22 H  290  229
 1 23 H  290  222
 1 24 H  290  220
 1 25 H  290  228
 1 26 H  290  222
 1 27 H  290  191
 1 28 H  290  191
 1 29 H  290  170
 1 30 H  290  196
 1 31 H  290  205
 1  1 Z  240  NaN
 1  2 Z  240  NaN
 1  3 Z  240  NaN
 1  4 Z  240  NaN
 1  5 Z  240  NaN
 1  6 Z  240   84
 1  7 Z  240   84
 1  8 Z  240   81
 1  9 Z  240   83
 1 10 Z  240   80
 1 11 Z  240   82
 1 12 Z  240   82
 1 13 Z  240   86
 1 14 Z  240   84
 1 15 Z  240   83
 1 16 Z  240   84
 1 17 Z  240   83
 1 18 Z  240   80
 1 19 Z  240   82
 1 20 Z  240   79
 1 21 Z  240   79
 1 22 Z  240   75
 1 23 Z  240   79
 1 24 Z  240   76
 1 25 Z  240   76
 1 26 Z  240   76
 1 27 Z  240   80
 1 28 Z  240   80
 1 29 Z  240   87
 1 30 Z  240   84
 1 31 Z  240   83
 2  1 D   -9 -671
 2  2 D   -9 -672
 2  3 D   -9 -673
 2  4 D   -9 -672
 2  5 D   -9 -670
 2  6 D   -9 -677
 2  7 D   -9 -674
 2  8 D   -9 -669
 2  9 D   -9 -675
 2 10 D   -9 -673
 2 11 D   -9 -671
 2 12 D   -9 -669
 2 13 D   -9 -671
 2 14 D   -9 -677
 2 15 D   -9 -663
 2 16 D   -9 -661
 2 17 D   -9 -672
 2 18 D   -9 -662
 2 19 D   -9 -662
 2 20 D   -9 -664
 2 21 D   -9 -663
 2 22 D   -9 -663
 2 23 D   -9 -665
 2 24 D   -9 -662
 2 25 D   -9 -666
 2 26 D   -9 -660
 2 27 D   -9 -662
 2 28 D   -9 -661
 2 29 D   -9  NaN
 2  1 H  290  215
 2  2 H  290  212
 2  3 H  290  222
 2  4 H  290  228
 2  5 H  290  226
 2  6 H  290  188
 2  7 H  290  187
 2  8 H  290  198
 2  9 H  290  200
 2 10 H  290  215
 2 11 H  290  222
 2 12 H  290  225
 2 13 H  290  236
 2 14 H  290  211
 2 15 H  290  205
 2 16 H  290  156
 2 17 H  290  207
 2 18 H  290  197
 2 19 H  290  208
 2 20 H  290  221
 2 21 H  290  228
 2 22 H  290  238
 2 23 H  290  223
 2 24 H  290  216
 2 25 H  290  223
 2 26 H  290  207
 2 27 H  290  212
 2 28 H  290  219
 2 29 H  290  NaN
 2  1 Z  240   78
 2  2 Z  240   78
 2  3 Z  240   74
 2  4 Z  240   71
 2  5 Z  240   75
 2  6 Z  240   85
 2  7 Z  240   84
 2  8 Z  240   83
 2  9 Z  240   82
 2 10 Z  240   77
 2 11 Z  240   75
 2 12 Z  240   78
 2 13 Z  240   73
 2 14 Z  240   79
 2 15 Z  240   78
 2 16 Z  240   87
 2 17 Z  240   79
 2 18 Z  240   81
 2 19 Z  240   83
 2 20 Z  240   77
 2 21 Z  240   73
 2 22 Z  240   69
 2 23 Z  240   71
 2 24 Z  240   70
 2 25 Z  240   72
 2 26 Z  240   73
 2 27 Z  240   73
 2 28 Z  240   74
 2 29 Z  240  NaN
 3  1 D   -9  NaN
 3  2 D   -9  NaN
 3  3 D   -9 -648
 3  4 D   -9 -654
 3  5 D   -9 -646
 3  6 D   -9 -659
 3  7 D   -9 -651
 3  8 D   -9 -652
 3  9 D   -9 -651
 3 10 D   -9 -651
 3 11 D   -9 -650
 3 12 D   -9 -647
 3 13 D   -9 -647
 3 14 D   -9 -645
 3 15 D   -9 -647
 3 16 D   -9 -640
 3 17 D   -9 -647
 3 18 D   -9 -646
 3 19 D   -9 -657
 3 20 D   -9 -651
 3 21 D   -9 -653
 3 22 D   -9 -646
 3 23 D   -9 -650
 3 24 D   -9 -655
 3 25 D   -9 -651
 3 26 D   -9 -644
 3 27 D   -9 -649
 3 28 D   -9 -656
 3 29 D   -9 -649
 3 30 D   -9 -650
 3 31 D   -9 -645
 3  1 H  290  NaN
 3  2 H  290  NaN
 3  3 H  290  239
 3  4 H  290  244
 3  5 H  290  234
 3  6 H  290  234
 3  7 H  290  240
 3  8 H  290  237
 3  9 H  290  237
 3 10 H  290  239
 3 11 H  290  237
 3 12 H  290  236
 3 13 H  290  244
 3 14 H  290  236
 3 15 H  290  246
 3 16 H  290  251
 3 17 H  290  242
 3 18 H  290  244
 3 19 H  290  250
 3 20 H  290  246
 3 21 H  290  215
 3 22 H  290  214
 3 23 H  290  229
 3 24 H  290  237
 3 25 H  290  248
 3 26 H  290  199
 3 27 H  290  218
 3 28 H  290  235
 3 29 H  290  236
 3 30 H  290  224
 3 31 H  290  223
 3  1 Z  240  NaN
 3  2 Z  240  NaN
 3  3 Z  240   69
 3  4 Z  240   76
 3  5 Z  240   72
 3  6 Z  240   70
 3  7 Z  240   70
 3  8 Z  240   66
 3  9 Z  240   72
 3 10 Z  240   62
 3 11 Z  240   64
 3 12 Z  240   64
 3 13 Z  240   66
 3 14 Z  240   68
 3 15 Z  240   62
 3 16 Z  240   63
 3 17 Z  240   60
 3 18 Z  240   61
 3 19 Z  240   58
 3 20 Z  240   55
 3 21 Z  240   68
 3 22 Z  240   65
 3 23 Z  240   67
 3 24 Z  240   66
 3 25 Z  240   60
 3 26 Z  240   68
 3 27 Z  240   68
 3 28 Z  240   62
 3 29 Z  240   60
 3 30 Z  240   66
 3 31 Z  240   67
 4  1 D   -9  NaN
 4  2 D   -9  NaN
 4  3 D   -9  NaN
 4  4 D   -9 -655
 4  5 D   -9 -651
 4  6 D   -9 -653
 4  7 D   -9 -658
 4  8 D   -9 -650
 4  9 D   -9 -642
 4 10 D   -9 -651
 4 11 D   -9 -655
 4 12 D   -9 -646
 4 13 D   -9 -644
 4 14 D   -9  NaN
 4 15 D   -9 -656
 4 16 D   -9 -655
 4 17 D   -9 -649
 4 18 D   -9 -650
 4 19 D   -9 -656
 4 20 D   -9 -653
 4 21 D   -9 -649
 4 22 D   -9 -648
 4 23 D   -9 -648
 4 24 D   -9 -651
 4 25 D   -9 -649
 4 26 D   -9 -652
 4 27 D   -9 -643
 4 28 D   -9 -643
 4 29 D   -9 -651
 4 30 D   -9 -643
 4  1 H  290  NaN
 4  2 H  290  NaN
 4  3 H  290  NaN
 4  4 H  290  231
 4  5 H  290  241
 4  6 H  290  240
 4  7 H  290  230
 4  8 H  290  231
 4  9 H  290  222
 4 10 H  290  215
 4 11 H  290  205
 4 12 H  290  200
 4 13 H  290  205
 4 14 H  290  NaN
 4 15 H  290  214
 4 16 H  290  220
 4 17 H  290  223
 4 18 H  290  232
 4 19 H  290  243
 4 20 H  290  236
 4 21 H  290  240
 4 22 H  290  258
 4 23 H  290  248
 4 24 H  290  241
 4 25 H  290  240
 4 26 H  290  244
 4 27 H  290  252
 4 28 H  290  245
 4 29 H  290  255
 4 30 H  290  250
 4  1 Z  240  NaN
 4  2 Z  240  NaN
 4  3 Z  240  NaN
 4  4 Z  240   68
 4  5 Z  240   68
 4  6 Z  240   65
 4  7 Z  240   68
 4  8 Z  240   66
 4  9 Z  240   63
 4 10 Z  240   66
 4 11 Z  240   66
 4 12 Z  240   70
 4 13 Z  240   70
 4 14 Z  240  NaN
 4 15 Z  240   62
 4 16 Z  240   60
 4 17 Z  240   65
 4 18 Z  240   59
 4 19 Z  240   60
 4 20 Z  240   60
 4 21 Z  240   61
 4 22 Z  240   61
 4 23 Z  240   60
 4 24 Z  240   57
 4 25 Z  240   58
 4 26 Z  240   60
 4 27 Z  240   59
 4 28 Z  240   55
 4 29 Z  240   58
 4 30 Z  240   52
 5  1 D   -9 -645
 5  2 D   -9  NaN
 5  3 D   -9 -641
 5  4 D   -9 -647
 5  5 D   -9 -645
 5  6 D   -9 -636
 5  7 D   -9 -646
 5  8 D   -9 -640
 5  9 D   -9 -643
 5 10 D   -9  NaN
 5 11 D   -9 -638
 5 12 D   -9 -635
 5 13 D   -9 -646
 5 14 D   -9 -633
 5 15 D   -9 -643
 5 16 D   -9  NaN
 5 17 D   -9 -643
 5 18 D   -9 -639
 5 19 D   -9 -641
 5 20 D   -9 -643
 5 21 D   -9 -644
 5 22 D   -9 -643
 5 23 D   -9  NaN
 5 24 D   -9  NaN
 5 25 D   -9 -642
 5 26 D   -9 -647
 5 27 D   -9 -639
 5 28 D   -9 -641
 5 29 D   -9 -646
 5 30 D   -9 -641
 5 31 D   -9 -636
 5  1 H  290  248
 5  2 H  290  NaN
 5  3 H  290  251
 5  4 H  290  253
 5  5 H  290  259
 5  6 H  290  236
 5  7 H  290  252
 5  8 H  290  244
 5  9 H  290  241
 5 10 H  290  NaN
 5 11 H  290  239
 5 12 H  290  212
 5 13 H  290  229
 5 14 H  290  217
 5 15 H  290  234
 5 16 H  290  NaN
 5 17 H  290  244
 5 18 H  290  249
 5 19 H  290  251
 5 20 H  290  249
 5 21 H  290  262
 5 22 H  290  267
 5 23 H  290  NaN
 5 24 H  290  NaN
 5 25 H  290  205
 5 26 H  290  213
 5 27 H  290  229
 5 28 H  290  241
 5 29 H  290  243
 5 30 H  290  244
 5 31 H  290  237
 5  1 Z  240   55
 5  2 Z  240  NaN
 5  3 Z  240   55
 5  4 Z  240   54
 5  5 Z  240   54
 5  6 Z  240   53
 5  7 Z  240   52
 5  8 Z  240   59
 5  9 Z  240   62
 5 10 Z  240  NaN
 5 11 Z  240   61
 5 12 Z  240   69
 5 13 Z  240   55
 5 14 Z  240   56
 5 15 Z  240   60
 5 16 Z  240  NaN
 5 17 Z  240   54
 5 18 Z  240   51
 5 19 Z  240   52
 5 20 Z  240   55
 5 21 Z  240   53
 5 22 Z  240   53
 5 23 Z  240  NaN
 5 24 Z  240  NaN
 5 25 Z  240   62
 5 26 Z  240   62
 5 27 Z  240   59
 5 28 Z  240   60
 5 29 Z  240   58
 5 30 Z  240   45
 5 31 Z  240   55
 6  1 D   -9  NaN
 6  2 D   -9  NaN
 6  3 D   -9 -637
 6  4 D   -9 -627
 6  5 D   -9 -627
 6  6 D   -9 -640
 6  7 D   -9 -630
 6  8 D   -9 -635
 6  9 D   -9 -632
 6 10 D   -9 -634
 6 11 D   -9 -637
 6 12 D   -9 -636
 6 13 D   -9 -641
 6 14 D   -9 -635
 6 15 D   -9 -632
 6 16 D   -9 -638
 6 17 D   -9 -628
 6 18 D   -9 -637
 6 19 D   -9  NaN
 6 20 D   -9  NaN
 6 21 D   -9  NaN
 6 22 D   -9  NaN
 6 23 D   -9 -634
 6 24 D   -9 -636
 6 25 D   -9 -633
 6 26 D   -9  NaN
 6 27 D   -9 -633
 6 28 D   -9 -630
 6 29 D   -9 -632
 6 30 D   -9 -633
 6  1 H  290  NaN
 6  2 H  290  NaN
 6  3 H  290  240
 6  4 H  290  245
 6  5 H  290  239
 6  6 H  290  257
 6  7 H  290  242
 6  8 H  290  225
 6  9 H  290  233
 6 10 H  290  221
 6 11 H  290  205
 6 12 H  290  199
 6 13 H  290  201
 6 14 H  290  222
 6 15 H  290  237
 6 16 H  290  246
 6 17 H  290  238
 6 18 H  290  249
 6 19 H  290  NaN
 6 20 H  290  NaN
 6 21 H  290  NaN
 6 22 H  290  NaN
 6 23 H  290  245
 6 24 H  290  259
 6 25 H  290  249
 6 26 H  290  NaN
 6 27 H  290  231
 6 28 H  290  246
 6 29 H  290  241
 6 30 H  290  233
 6  1 Z  240  NaN
 6  2 Z  240  NaN
 6  3 Z  240   55
 6  4 Z  240   54
 6  5 Z  240   54
 6  6 Z  240   54
 6  7 Z  240   57
 6  8 Z  240   59
 6  9 Z  240   54
 6 10 Z  240   59
 6 11 Z  240   58
 6 12 Z  240   60
 6 13 Z  240   70
 6 14 Z  240   59
 6 15 Z  240   53
 6 16 Z  240   54
 6 17 Z  240   61
 6 18 Z  240   53
 6 19 Z  240  NaN
 6 20 Z  240  NaN
 6 21 Z  240  NaN
 6 22 Z  240  NaN
 6 23 Z  240   54
 6 24 Z  240   50
 6 25 Z  240   49
 6 26 Z  240  NaN
 6 27 Z  240   51
 6 28 Z  240   48
 6 29 Z  240   48
 6 30 Z  240   45
 7  1 D   -9 -629
 7  2 D   -9  NaN
 7  3 D   -9 -630
 7  4 D   -9 -627
 7  5 D   -9 -631
 7  6 D   -9 -634
 7  7 D   -9 -627
 7  8 D   -9  NaN
 7  9 D   -9  NaN
 7 10 D   -9  NaN
 7 11 D   -9  NaN
 7 12 D   -9 -626
 7 13 D   -9 -625
 7 14 D   -9 -632
 7 15 D   -9 -630
 7 16 D   -9 -629
 7 17 D   -9 -623
 7 18 D   -9 -624
 7 19 D   -9 -622
 7 20 D   -9 -626
 7 21 D   -9 -629
 7 22 D   -9 -628
 7 23 D   -9 -624
 7 24 D   -9 -625
 7 25 D   -9 -628
 7 26 D   -9 -624
 7 27 D   -9 -620
 7 28 D   -9 -623
 7 29 D   -9 -627
 7 30 D   -9 -622
 7 31 D   -9 -620
 7  1 H  290  238
 7  2 H  290  NaN
 7  3 H  290  252
 7  4 H  290  254
 7  5 H  290  252
 7  6 H  290  249
 7  7 H  290  246
 7  8 H  290  NaN
 7  9 H  290  NaN
 7 10 H  290  NaN
 7 11 H  290  NaN
 7 12 H  290  249
 7 13 H  290  244
 7 14 H  290  249
 7 15 H  290  254
 7 16 H  290  255
 7 17 H  290  258
 7 18 H  290  243
 7 19 H  290  194
 7 20 H  290  220
 7 21 H  290  227
 7 22 H  290  230
 7 23 H  290  246
 7 24 H  290  251
 7 25 H  290  248
 7 26 H  290  214
 7 27 H  290  232
 7 28 H  290  231
 7 29 H  290  243
 7 30 H  290  241
 7 31 H  290  243
 7  1 Z  240   36
 7  2 Z  240  NaN
 7  3 Z  240   33
 7  4 Z  240   35
 7  5 Z  240   41
 7  6 Z  240   34
 7  7 Z  240   39
 7  8 Z  240  NaN
 7  9 Z  240  NaN
 7 10 Z  240  NaN
 7 11 Z  240  NaN
 7 12 Z  240   30
 7 13 Z  240   32
 7 14 Z  240   31
 7 15 Z  240   28
 7 16 Z  240   35
 7 17 Z  240   29
 7 18 Z  240   36
 7 19 Z  240   46
 7 20 Z  240   41
 7 21 Z  240   39
 7 22 Z  240   35
 7 23 Z  240   36
 7 24 Z  240   33
 7 25 Z  240   36
 7 26 Z  240   44
 7 27 Z  240   36
 7 28 Z  240   39
 7 29 Z  240   32
 7 30 Z  240   33
 7 31 Z  240   30
 8  1 D   -9 -620
 8  2 D   -9 -621
 8  3 D   -9 -620
 8  4 D   -9 -617
 8  5 D   -9 -628
 8  6 D   -9 -628
 8  7 D   -9 -617
 8  8 D   -9 -622
 8  9 D   -9 -620
 8 10 D   -9 -631
 8 11 D   -9 -626
 8 12 D   -9 -624
 8 13 D   -9 -632
 8 14 D   -9 -625
 8 15 D   -9 -631
 8 16 D   -9 -636
 8 17 D   -9 -629
 8 18 D   -9 -630
 8 19 D   -9 -626
 8 20 D   -9  NaN
 8 21 D   -9  NaN
 8 22 D   -9 -628
 8 23 D   -9 -627
 8 24 D   -9 -629
 8 25 D   -9  NaN
 8 26 D   -9  NaN
 8 27 D   -9 -627
 8 28 D   -9 -629
 8 29 D   -9 -623
 8 30 D   -9 -625
 8 31 D   -9 -621
 8  1 H  290  240
 8  2 H  290  250
 8  3 H  290  226
 8  4 H  290  230
 8  5 H  290  241
 8  6 H  290  253
 8  7 H  290  234
 8  8 H  290  240
 8  9 H  290  253
 8 10 H  290  249
 8 11 H  290  252
 8 12 H  290  244
 8 13 H  290  252
 8 14 H  290  246
 8 15 H  290  254
 8 16 H  290  231
 8 17 H  290  225
 8 18 H  290  235
 8 19 H  290  238
 8 20 H  290  NaN
 8 21 H  290  NaN
 8 22 H  290  243
 8 23 H  290  249
 8 24 H  290  250
 8 25 H  290  260
 8 26 H  290  246
 8 27 H  290  230
 8 28 H  290  234
 8 29 H  290  246
 8 30 H  290  242
 8 31 H  290  242
 8  1 Z  240   44
 8  2 Z  240   40
 8  3 Z  240   43
 8  4 Z  240   45
 8  5 Z  240   47
 8  6 Z  240   38
 8  7 Z  240   46
 8  8 Z  240   46
 8  9 Z  240   47
 8 10 Z  240   41
 8 11 Z  240   42
 8 12 Z  240   42
 8 13 Z  240   40
 8 14 Z  240   39
 8 15 Z  240   39
 8 16 Z  240   37
 8 17 Z  240   42
 8 18 Z  240   43
 8 19 Z  240   40
 8 20 Z  240  NaN
 8 21 Z  240  NaN
 8 22 Z  240   36
 8 23 Z  240   39
 8 24 Z  240   36
 8 25 Z  240  NaN
 8 26 Z  240  NaN
 8 27 Z  240   40
 8 28 Z  240   36
 8 29 Z  240   37
 8 30 Z  240   37
 8 31 Z  240   36
 9  1 D   -9 -617
 9  2 D   -9 -618
 9  3 D   -9 -616
 9  4 D   -9 -616
 9  5 D   -9 -615
 9  6 D   -9 -618
 9  7 D   -9 -612
 9  8 D   -9  NaN
 9  9 D   -9 -619
 9 10 D   -9 -622
 9 11 D   -9 -614
 9 12 D   -9 -618
 9 13 D   -9 -613
 9 14 D   -9 -618
 9 15 D   -9 -622
 9 16 D   -9 -611
 9 17 D   -9 -616
 9 18 D   -9 -613
 9 19 D   -9 -620
 9 20 D   -9 -620
 9 21 D   -9 -618
 9 22 D   -9 -617
 9 23 D   -9 -609
 9 24 D   -9 -614
 9 25 D   -9 -615
 9 26 D   -9 -615
 9 27 D   -9 -616
 9 28 D   -9 -618
 9 29 D   -9 -607
 9 30 D   -9 -616
 9  1 H  290  258
 9  2 H  290  253
 9  3 H  290  249
 9  4 H  290  229
 9  5 H  290  219
 9  6 H  290  238
 9  7 H  290  235
 9  8 H  290  NaN
 9  9 H  290  241
 9 10 H  290  239
 9 11 H  290  239
 9 12 H  290  216
 9 13 H  290  215
 9 14 H  290  235
 9 15 H  290  234
 9 16 H  290  247
 9 17 H  290  244
 9 18 H  290  247
 9 19 H  290  251
 9 20 H  290  259
 9 21 H  290  250
 9 22 H  290  250
 9 23 H  290  247
 9 24 H  290  249
 9 25 H  290  247
 9 26 H  290  249
 9 27 H  290  262
 9 28 H  290  264
 9 29 H  290  261
 9 30 H  290  247
 9  1 Z  240   36
 9  2 Z  240   38
 9  3 Z  240   34
 9  4 Z  240   37
 9  5 Z  240   43
 9  6 Z  240   34
 9  7 Z  240   35
 9  8 Z  240  NaN
 9  9 Z  240   34
 9 10 Z  240   32
 9 11 Z  240   30
 9 12 Z  240   35
 9 13 Z  240   39
 9 14 Z  240   37
 9 15 Z  240   38
 9 16 Z  240   34
 9 17 Z  240   34
 9 18 Z  240   36
 9 19 Z  240   34
 9 20 Z  240   29
 9 21 Z  240   25
 9 22 Z  240   28
 9 23 Z  240   27
 9 24 Z  240   27
 9 25 Z  240   28
 9 26 Z  240   29
 9 27 Z  240   24
 9 28 Z  240   20
 9 29 Z  240   19
 9 30 Z  240   17
10  1 D   -9 -612
10  2 D   -9 -610
10  3 D   -9 -606
10  4 D   -9 -611
10  5 D   -9 -604
10  6 D   -9 -610
10  7 D   -9 -610
10  8 D   -9 -612
10  9 D   -9 -609
10 10 D   -9 -612
10 11 D   -9 -607
10 12 D   -9 -607
10 13 D   -9 -607
10 14 D   -9 -609
10 15 D   -9 -602
10 16 D   -9 -607
10 17 D   -9 -610
10 18 D   -9 -608
10 19 D   -9 -611
10 20 D   -9 -607
10 21 D   -9 -608
10 22 D   -9 -611
10 23 D   -9 -607
10 24 D   -9 -607
10 25 D   -9 -603
10 26 D   -9 -606
10 27 D   -9 -607
10 28 D   -9 -607
10 29 D   -9 -605
10 30 D   -9 -599
10 31 D   -9 -600
10  1 H  290  260
10  2 H  290  266
10  3 H  290  263
10  4 H  290  214
10  5 H  290  209
10  6 H  290  234
10  7 H  290  251
10  8 H  290  246
10  9 H  290  245
10 10 H  290  239
10 11 H  290  201
10 12 H  290  215
10 13 H  290  234
10 14 H  290  243
10 15 H  290  233
10 16 H  290  244
10 17 H  290  244
10 18 H  290  235
10 19 H  290  216
10 20 H  290  232
10 21 H  290  239
10 22 H  290  237
10 23 H  290  195
10 24 H  290  217
10 25 H  290  225
10 26 H  290  228
10 27 H  290  233
10 28 H  290  244
10 29 H  290  245
10 30 H  290  245
10 31 H  290  230
10  1 Z  240   21
10  2 Z  240   20
10  3 Z  240   25
10  4 Z  240   34
10  5 Z  240   38
10  6 Z  240   28
10  7 Z  240   26
10  8 Z  240   27
10  9 Z  240   31
10 10 Z  240   26
10 11 Z  240   35
10 12 Z  240   32
10 13 Z  240   32
10 14 Z  240   27
10 15 Z  240   30
10 16 Z  240   28
10 17 Z  240   24
10 18 Z  240   28
10 19 Z  240   26
10 20 Z  240   26
10 21 Z  240   28
10 22 Z  240   29
10 23 Z  240   37
10 24 Z  240   32
10 25 Z  240   31
10 26 Z  240   33
10 27 Z  240   27
10 28 Z  240   25
10 29 Z  240   22
10 30 Z  240   24
10 31 Z  240   29
11  1 D   -9 -611
11  2 D   -9 -604
11  3 D   -9 -609
11  4 D   -9 -607
11  5 D   -9 -606
11  6 D   -9 -608
11  7 D   -9 -603
11  8 D   -9 -607
11  9 D   -9 -608
11 10 D   -9 -602
11 11 D   -9 -600
11 12 D   -9 -600
11 13 D   -9 -605
11 14 D   -9 -604
11 15 D   -9 -600
11 16 D   -9 -603
11 17 D   -9 -603
11 18 D   -9 -599
11 19 D   -9 -602
11 20 D   -9 -604
11 21 D   -9 -597
11 22 D   -9 -596
11 23 D   -9 -600
11 24 D   -9 -598
11 25 D   -9 -601
11 26 D   -9 -598
11 27 D   -9 -597
11 28 D   -9 -599
11 29 D   -9 -599
11 30 D   -9 -594
11  1 H  290  216
11  2 H  290  235
11  3 H  290  239
11  4 H  290  232
11  5 H  290  247
11  6 H  290  247
11  7 H  290  250
11  8 H  290  254
11  9 H  290  250
11 10 H  290  237
11 11 H  290  234
11 12 H  290  226
11 13 H  290  246
11 14 H  290  245
11 15 H  290  216
11 16 H  290  214
11 17 H  290  224
11 18 H  290  226
11 19 H  290  226
11 20 H  290  238
11 21 H  290  242
11 22 H  290  245
11 23 H  290  239
11 24 H  290  236
11 25 H  290  250
11 26 H  290  237
11 27 H  290  223
11 28 H  290  220
11 29 H  290  229
11 30 H  290  222
11  1 Z  240   28
11  2 Z  240   27
11  3 Z  240   24
11  4 Z  240   21
11  5 Z  240   21
11  6 Z  240   18
11  7 Z  240   20
11  8 Z  240   17
11  9 Z  240   18
11 10 Z  240   17
11 11 Z  240   16
11 12 Z  240   18
11 13 Z  240   12
11 14 Z  240   16
11 15 Z  240   24
11 16 Z  240   23
11 17 Z  240   18
11 18 Z  240   21
11 19 Z  240   22
11 20 Z  240   20
11 21 Z  240   24
11 22 Z  240   18
11 23 Z  240   17
11 24 Z  240   18
11 25 Z  240   14
11 26 Z  240   18
11 27 Z  240   21
11 28 Z  240   20
11 29 Z  240   18
11 30 Z  240   19
12  1 D   -9 -599
12  2 D   -9 -598
12  3 D   -9 -594
12  4 D   -9 -591
12  5 D   -9 -596
12  6 D   -9 -597
12  7 D   -9 -591
12  8 D   -9 -597
12  9 D   -9 -594
12 10 D   -9 -590
12 11 D   -9 -596
12 12 D   -9 -588
12 13 D   -9 -593
12 14 D   -9 -589
12 15 D   -9 -594
12 16 D   -9 -593
12 17 D   -9 -592
12 18 D   -9 -590
12 19 D   -9 -599
12 20 D   -9 -593
12 21 D   -9 -592
12 22 D   -9 -589
12 23 D   -9 -591
12 24 D   -9 -593
12 25 D   -9 -589
12 26 D   -9 -592
12 27 D   -9 -591
12 28 D   -9 -591
12 29 D   -9 -591
12 30 D   -9 -589
12 31 D   -9 -588
12  1 H  290  232
12  2 H  290  243
12  3 H  290  229
12  4 H  290  230
12  5 H  290  241
12  6 H  290  249
12  7 H  290  251
12  8 H  290  251
12  9 H  290  244
12 10 H  290  240
12 11 H  290  242
12 12 H  290  236
12 13 H  290  239
12 14 H  290  237
12 15 H  290  236
12 16 H  290  223
12 17 H  290  228
12 18 H  290  223
12 19 H  290  148
12 20 H  290  167
12 21 H  290  207
12 22 H  290  222
12 23 H  290  240
12 24 H  290  250
12 25 H  290  254
12 26 H  290  248
12 27 H  290  240
12 28 H  290  243
12 29 H  290  242
12 30 H  290  232
12 31 H  290  222
12  1 Z  240   23
12  2 Z  240   22
12  3 Z  240   23
12  4 Z  240   22
12  5 Z  240   20
12  6 Z  240   16
12  7 Z  240   12
12  8 Z  240   14
12  9 Z  240   12
12 10 Z  240   16
12 11 Z  240   12
12 12 Z  240   15
12 13 Z  240   13
12 14 Z  240   12
12 15 Z  240   14
12 16 Z  240   10
12 17 Z  240   13
12 18 Z  240   13
12 19 Z  240   27
12 20 Z  240   27
12 21 Z  240   20
12 22 Z  240   16
12 23 Z  240   12
12 24 Z  240   12
12 25 Z  240    9
12 26 Z  240   12
12 27 Z  240   13
12 28 Z  240    9
12 29 Z  240   10
12 30 Z  240    8
12 31 Z  240   11
