 1  1 D   -8 -560
 1  2 D   -8 -556
 1  3 D   -8 -557
 1  4 D   -8 -558
 1  5 D   -8 -560
 1  6 D   -8 -561
 1  7 D   -8 -551
 1  8 D   -8 -561
 1  9 D   -8 -558
 1 10 D   -8 -560
 1 11 D   -8 -558
 1 12 D   -8 -561
 1 13 D   -8 -560
 1 14 D   -8 -563
 1 15 D   -8 -552
 1 16 D   -8 -556
 1 17 D   -8 -556
 1 18 D   -8 -556
 1 19 D   -8 -558
 1 20 D   -8 -559
 1 21 D   -8 -552
 1 22 D   -8 -559
 1 23 D   -8 -559
 1 24 D   -8 -562
 1 25 D   -8 -565
 1 26 D   -8 -560
 1 27 D   -8 -557
 1 28 D   -8 -558
 1 29 D   -8 -554
 1 30 D   -8 -555
 1 31 D   -8 -556
 1  1 H  290  483
 1  2 H  290  424
 1  3 H  290  440
 1  4 H  290  455
 1  5 H  290  456
 1  6 H  290  441
 1  7 H  290  438
 1  8 H  290  451
 1  9 H  290  454
 1 10 H  290  469
 1 11 H  290  475
 1 12 H  290  467
 1 13 H  290  465
 1 14 H  290  438
 1 15 H  290  406
 1 16 H  290  433
 1 17 H  290  443
 1 18 H  290  448
 1 19 H  290  457
 1 20 H  290  460
 1 21 H  290  465
 1 22 H  290  464
 1 23 H  290  471
 1 24 H  290  471
 1 25 H  290  466
 1 26 H  290  468
 1 27 H  290  462
 1 28 H  290  474
 1 29 H  290  473
 1 30 H  290  477
 1 31 H  290  481
 1  1 Z  230  543
 1  2 Z  230  551
 1  3 Z  230  550
 1  4 Z  230  547
 1  5 Z  230  551
 1  6 Z  230  549
 1  7 Z  230  553
 1  8 Z  230  552
 1  9 Z  230  549
 1 10 Z  230  547
 1 11 Z  230  544
 1 12 Z  230  545
 1 13 Z  230  544
 1 14 Z  230  552
 1 15 Z  230  561
 1 16 Z  230  555
 1 17 Z  230  552
 1 18 Z  230  550
 1 19 Z  230  551
 1 20 Z  230  546
 1 21 Z  230  544
 1 22 Z  230  544
 1 23 Z  230  545
 1 24 Z  230  543
 1 25 Z  230  546
 1 26 Z  230  544
 1 27 Z  230  543
 1 28 Z  230  542
 1 29 Z  230  538
 1 30 Z  230  540
 1 31 Z  230  541
 2  1 D   -8 -559
 2  2 D   -8 -560
 2  3 D   -8 -558
 2  4 D   -8 -553
 2  5 D   -8 -552
 2  6 D   -8 -554
 2  7 D   -8 -557
 2  8 D   -8 -558
 2  9 D   -8 -560
 2 10 D   -8 -555
 2 11 D   -8 -560
 2 12 D   -8 -550
 2 13 D   -8 -557
 2 14 D   -8 -552
 2 15 D   -8 -555
 2 16 D   -8 -551
 2 17 D   -8 -546
 2 18 D   -8 -547
 2 19 D   -8 -548
 2 20 D   -8 -553
 2 21 D   -8 -544
 2 22 D   -8 -571
 2 23 D   -8 -543
 2 24 D   -8  NaN
 2 25 D   -8 -550
 2 26 D   -8 -549
 2 27 D   -8 -549
 2 28 D   -8 -549
 2 29 D   -8 -547
 2  1 H  290  488
 2  2 H  290  486
 2  3 H  290  478
 2  4 H  290  478
 2  5 H  290  447
 2  6 H  290  459
 2  7 H  290  465
 2  8 H  290  469
 2  9 H  290  469
 2 10 H  290  468
 2 11 H  290  470
 2 12 H  290  469
 2 13 H  290  470
 2 14 H  290  474
 2 15 H  290  457
 2 16 H  290  454
 2 17 H  290  459
 2 18 H  290  460
 2 19 H  290  465
 2 20 H  290  478
 2 21 H  290  463
 2 22 H  290  397
 2 23 H  290  431
 2 24 H  290  448
 2 25 H  290  457
 2 26 H  290  449
 2 27 H  290  467
 2 28 H  290  473
 2 29 H  290  484
 2  1 Z  230  540
 2  2 Z  230  538
 2  3 Z  230  538
 2  4 Z  230  535
 2  5 Z  230  544
 2  6 Z  230  546
 2  7 Z  230  541
 2  8 Z  230  544
 2  9 Z  230  541
 2 10 Z  230  543
 2 11 Z  230  541
 2 12 Z  230  543
 2 13 Z  230  540
 2 14 Z  230  540
 2 15 Z  230  542
 2 16 Z  230  541
 2 17 Z  230  538
 2 18 Z  230  540
 2 19 Z  230  538
 2 20 Z  230  536
 2 21 Z  230  538
 2 22 Z  230  553
 2 23 Z  230  551
 2 24 Z  230  NaN
 2 25 Z  230  545
 2 26 Z  230  550
 2 27 Z  230  545
 2 28 Z  230  539
 2 29 Z  230  534
 3  1 D   -8 -546
 3  2 D   -8 -546
 3  3 D   -8 -547
 3  4 D   -8 -541
 3  5 D   -8 -541
 3  6 D   -8 -536
 3  7 D   -8 -540
 3  8 D   -8 -542
 3  9 D   -8 -543
 3 10 D   -8 -545
 3 11 D   -8 -544
 3 12 D   -8 -548
 3 13 D   -8 -547
 3 14 D   -8 -548
 3 15 D   -8 -549
 3 16 D   -8 -549
 3 17 D   -8 -549
 3 18 D   -8 -546
 3 19 D   -8 -548
 3 20 D   -8 -549
 3 21 D   -8 -545
 3 22 D   -8 -550
 3 23 D   -8 -550
 3 24 D   -8 -546
 3 25 D   -8 -546
 3 26 D   -8 -542
 3 27 D   -8 -535
 3 28 D   -8 -543
 3 29 D   -8 -543
 3 30 D   -8 -545
 3 31 D   -8 -546
 3  1 H  290  480
 3  2 H  290  481
 3  3 H  290  489
 3  4 H  290  468
 3  5 H  290  473
 3  6 H  290  462
 3  7 H  290  475
 3  8 H  290  465
 3  9 H  290  469
 3 10 H  290  472
 3 11 H  290  472
 3 12 H  290  482
 3 13 H  290  485
 3 14 H  290  486
 3 15 H  290  476
 3 16 H  290  470
 3 17 H  290  482
 3 18 H  290  480
 3 19 H  290  483
 3 20 H  290  484
 3 21 H  290  490
 3 22 H  290  493
 3 23 H  290  493
 3 24 H  290  495
 3 25 H  290  482
 3 26 H  290  443
 3 27 H  290  411
 3 28 H  290  432
 3 29 H  290  433
 3 30 H  290  448
 3 31 H  290  462
 3  1 Z  230  529
 3  2 Z  230  531
 3  3 Z  230  529
 3  4 Z  230  534
 3  5 Z  230  537
 3  6 Z  230  535
 3  7 Z  230  533
 3  8 Z  230  533
 3  9 Z  230  534
 3 10 Z  230  534
 3 11 Z  230  539
 3 12 Z  230  537
 3 13 Z  230  533
 3 14 Z  230  533
 3 15 Z  230  537
 3 16 Z  230  536
 3 17 Z  230  531
 3 18 Z  230  530
 3 19 Z  230  532
 3 20 Z  230  530
 3 21 Z  230  529
 3 22 Z  230  527
 3 23 Z  230  529
 3 24 Z  230  527
 3 25 Z  230  530
 3 26 Z  230  543
 3 27 Z  230  552
 3 28 Z  230  546
 3 29 Z  230  549
 3 30 Z  230  545
 3 31 Z  230  539
 4  1 D   -8 -548
 4  2 D   -8 -545
 4  3 D   -8 -543
 4  4 D   -8 -553
 4  5 D   -8 -545
 4  6 D   -8 -534
 4  7 D   -8 -541
 4  8 D   -8 -541
 4  9 D   -8 -537
 4 10 D   -8 -545
 4 11 D   -8 -541
 4 12 D   -8 -538
 4 13 D   -8 -538
 4 14 D   -8 -539
 4 15 D   -8 -541
 4 16 D   -8 -537
 4 17 D   -8 -544
 4 18 D   -8 -541
 4 19 D   -8 -540
 4 20 D   -8 -539
 4 21 D   -8 -538
 4 22 D   -8 -535
 4 23 D   -8 -532
 4 24 D   -8 -535
 4 25 D   -8 -541
 4 26 D   -8 -540
 4 27 D   -8 -540
 4 28 D   -8 -536
 4 29 D   -8 -541
 4 30 D   -8 -537
 4  1 H  290  460
 4  2 H  290  455
 4  3 H  290  452
 4  4 H  290  406
 4  5 H  290  443
 4  6 H  290  440
 4  7 H  290  457
 4  8 H  290  473
 4  9 H  290  483
 4 10 H  290  477
 4 11 H  290  484
 4 12 H  290  481
 4 13 H  290  482
 4 14 H  290  484
 4 15 H  290  494
 4 16 H  290  488
 4 17 H  290  498
 4 18 H  290  487
 4 19 H  290  504
 4 20 H  290  487
 4 21 H  290  495
 4 22 H  290  445
 4 23 H  290  471
 4 24 H  290  482
 4 25 H  290  483
 4 26 H  290  493
 4 27 H  290  491
 4 28 H  290  478
 4 29 H  290  479
 4 30 H  290  496
 4  1 Z  230  537
 4  2 Z  230  540
 4  3 Z  230  536
 4  4 Z  230  553
 4  5 Z  230  539
 4  6 Z  230  540
 4  7 Z  230  533
 4  8 Z  230  530
 4  9 Z  230  531
 4 10 Z  230  536
 4 11 Z  230  535
 4 12 Z  230  531
 4 13 Z  230  535
 4 14 Z  230  533
 4 15 Z  230  532
 4 16 Z  230  534
 4 17 Z  230  528
 4 18 Z  230  527
 4 19 Z  230  528
 4 20 Z  230  525
 4 21 Z  230  528
 4 22 Z  230  538
 4 23 Z  230  536
 4 24 Z  230  534
 4 25 Z  230  533
 4 26 Z  230  530
 4 27 Z  230  529
 4 28 Z  230  535
 4 29 Z  230  533
 4 30 Z  230  528
 5  1 D   -8 -540
 5  2 D   -8 -539
 5  3 D   -8 -539
 5  4 D   -8 -539
 5  5 D   -8 -540
 5  6 D   -8 -531
 5  7 D   -8 -539
 5  8 D   -8 -533
 5  9 D   -8 -536
 5 10 D   -8 -531
 5 11 D   -8 -536
 5 12 D   -8 -534
 5 13 D   -8 -536
 5 14 D   -8 -534
 5 15 D   -8 -531
 5 16 D   -8 -534
 5 17 D   -8 -531
 5 18 D   -8 -527
 5 19 D   -8 -525
 5 20 D   -8 -532
 5 21 D   -8 -528
 5 22 D   -8 -527
 5 23 D   -8 -531
 5 24 D   -8 -525
 5 25 D   -8 -528
 5 26 D   -8 -528
 5 27 D   -8 -525
 5 28 D   -8 -528
 5 29 D   -8 -528
 5 30 D   -8 -523
 5 31 D   -8 -523
 5  1 H  290  490
 5  2 H  290  492
 5  3 H  290  490
 5  4 H  290  481
 5  5 H  290  492
 5  6 H  290  399
 5  7 H  290  453
 5  8 H  290  460
 5  9 H  290  469
 5 10 H  290  478
 5 11 H  290  478
 5 12 H  290  487
 5 13 H  290  483
 5 14 H  290  481
 5 15 H  290  493
 5 16 H  290  476
 5 17 H  290  464
 5 18 H  290  461
 5 19 H  290  472
 5 20 H  290  483
 5 21 H  290  490
 5 22 H  290  486
 5 23 H  290  499
 5 24 H  290  496
 5 25 H  290  502
 5 26 H  290  491
 5 27 H  290  497
 5 28 H  290  503
 5 29 H  290  504
 5 30 H  290  497
 5 31 H  290  489
 5  1 Z  230  525
 5  2 Z  230  529
 5  3 Z  230  528
 5  4 Z  230  533
 5  5 Z  230  529
 5  6 Z  230  547
 5  7 Z  230  534
 5  8 Z  230  539
 5  9 Z  230  538
 5 10 Z  230  534
 5 11 Z  230  530
 5 12 Z  230  531
 5 13 Z  230  529
 5 14 Z  230  510
 5 15 Z  230  514
 5 16 Z  230  522
 5 17 Z  230  526
 5 18 Z  230  523
 5 19 Z  230  525
 5 20 Z  230  524
 5 21 Z  230  528
 5 22 Z  230  533
 5 23 Z  230  529
 5 24 Z  230  529
 5 25 Z  230  524
 5 26 Z  230  529
 5 27 Z  230  527
 5 28 Z  230  525
 5 29 Z  230  519
 5 30 Z  230  525
 5 31 Z  230  527
 6  1 D   -8 -522
 6  2 D   -8 -524
 6  3 D   -8 -529
 6  4 D   -8 -532
 6  5 D   -8 -525
 6  6 D   -8 -520
 6  7 D   -8 -523
 6  8 D   -8 -524
 6  9 D   -8 -524
 6 10 D   -8 -523
 6 11 D   -8 -527
 6 12 D   -8 -526
 6 13 D   -8 -521
 6 14 D   -8 -524
 6 15 D   -8 -525
 6 16 D   -8 -523
 6 17 D   -8 -523
 6 18 D   -8 -526
 6 19 D   -8 -525
 6 20 D   -8 -521
 6 21 D   -8 -520
 6 22 D   -8 -519
 6 23 D   -8 -520
 6 24 D   -8 -518
 6 25 D   -8 -518
 6 26 D   -8 -514
 6 27 D   -8 -515
 6 28 D   -8 -518
 6 29 D   -8 -515
 6 30 D   -8 -521
 6  1 H  290  498
 6  2 H  290  499
 6  3 H  290  508
 6  4 H  290  509
 6  5 H  290  506
 6  6 H  290  486
 6  7 H  290  502
 6  8 H  290  490
 6  9 H  290  508
 6 10 H  290  500
 6 11 H  290  498
 6 12 H  290  496
 6 13 H  290  508
 6 14 H  290  483
 6 15 H  290  486
 6 16 H  290  489
 6 17 H  290  491
 6 18 H  290  491
 6 19 H  290  495
 6 20 H  290  484
 6 21 H  290  494
 6 22 H  290  499
 6 23 H  290  496
 6 24 H  290  496
 6 25 H  290  491
 6 26 H  290  483
 6 27 H  290  481
 6 28 H  290  487
 6 29 H  290  492
 6 30 H  290  472
 6  1 Z  230  525
 6  2 Z  230  523
 6  3 Z  230  525
 6  4 Z  230  517
 6  5 Z  230  520
 6  6 Z  230  526
 6  7 Z  230  524
 6  8 Z  230  528
 6  9 Z  230  523
 6 10 Z  230  524
 6 11 Z  230  525
 6 12 Z  230  519
 6 13 Z  230  521
 6 14 Z  230  524
 6 15 Z  230  524
 6 16 Z  230  522
 6 17 Z  230  522
 6 18 Z  230  521
 6 19 Z  230  524
 6 20 Z  230  528
 6 21 Z  230  525
 6 22 Z  230  520
 6 23 Z  230  523
 6 24 Z  230  522
 6 25 Z  230  530
 6 26 Z  230  530
 6 27 Z  230  529
 6 28 Z  230  523
 6 29 Z  230  526
 6 30 Z  230  525
 7  1 D   -8 -515
 7  2 D   -8 -517
 7  3 D   -8 -522
 7  4 D   -8 -510
 7  5 D   -8 -521
 7  6 D   -8 -514
 7  7 D   -8 -511
 7  8 D   -8 -516
 7  9 D   -8 -519
 7 10 D   -8 -517
 7 11 D   -8 -514
 7 12 D   -8 -516
 7 13 D   -8 -513
 7 14 D   -8 -516
 7 15 D   -8 -524
 7 16 D   -8 -524
 7 17 D   -8 -528
 7 18 D   -8 -527
 7 19 D   -8 -519
 7 20 D   -8 -516
 7 21 D   -8 -525
 7 22 D   -8 -512
 7 23 D   -8 -514
 7 24 D   -8 -515
 7 25 D   -8 -515
 7 26 D   -8 -511
 7 27 D   -8 -525
 7 28 D   -8 -510
 7 29 D   -8 -516
 7 30 D   -8 -522
 7 31 D   -8 -526
 7  1 H  290  474
 7  2 H  290  492
 7  3 H  290  495
 7  4 H  290  493
 7  5 H  290  500
 7  6 H  290  494
 7  7 H  290  491
 7  8 H  290  486
 7  9 H  290  495
 7 10 H  290  506
 7 11 H  290  505
 7 12 H  290  487
 7 13 H  290  493
 7 14 H  290  494
 7 15 H  290  501
 7 16 H  290  490
 7 17 H  290  491
 7 18 H  290  489
 7 19 H  290  484
 7 20 H  290  493
 7 21 H  290  487
 7 22 H  290  467
 7 23 H  290  475
 7 24 H  290  490
 7 25 H  290  497
 7 26 H  290  487
 7 27 H  290  479
 7 28 H  290  490
 7 29 H  290  493
 7 30 H  290  490
 7 31 H  290  492
 7  1 Z  230  521
 7  2 Z  230  523
 7  3 Z  230  518
 7  4 Z  230  522
 7  5 Z  230  519
 7  6 Z  230  519
 7  7 Z  230  523
 7  8 Z  230  523
 7  9 Z  230  517
 7 10 Z  230  516
 7 11 Z  230  518
 7 12 Z  230  519
 7 13 Z  230  520
 7 14 Z  230  521
 7 15 Z  230  516
 7 16 Z  230  523
 7 17 Z  230  521
 7 18 Z  230  518
 7 19 Z  230  521
 7 20 Z  230  516
 7 21 Z  230  522
 7 22 Z  230  526
 7 23 Z  230  525
 7 24 Z  230  520
 7 25 Z  230  517
 7 26 Z  230  518
 7 27 Z  230  526
 7 28 Z  230  516
 7 29 Z  230  521
 7 30 Z  230  518
 7 31 Z  230  517
 8  1 D   -8 -536
 8  2 D   -8 -535
 8  3 D   -8 -541
 8  4 D   -8 -520
 8  5 D   -8 -518
 8  6 D   -8 -512
 8  7 D   -8 -503
 8  8 D   -8 -509
 8  9 D   -8 -504
 8 10 D   -8 -510
 8 11 D   -8 -506
 8 12 D   -8 -506
 8 13 D   -8 -511
 8 14 D   -8 -502
 8 15 D   -8 -505
 8 16 D   -8 -505
 8 17 D   -8 -508
 8 18 D   -8 -518
 8 19 D   -8 -519
 8 20 D   -8 -517
 8 21 D   -8 -516
 8 22 D   -8 -508
 8 23 D   -8 -515
 8 24 D   -8 -516
 8 25 D   -8 -509
 8 26 D   -8 -503
 8 27 D   -8 -497
 8 28 D   -8 -513
 8 29 D   -8 -520
 8 30 D   -8 -519
 8 31 D   -8 -518
 8  1 H  290  499
 8  2 H  290  501
 8  3 H  290  501
 8  4 H  290  493
 8  5 H  290  495
 8  6 H  290  507
 8  7 H  290  499
 8  8 H  290  508
 8  9 H  290  494
 8 10 H  290  485
 8 11 H  290  488
 8 12 H  290  490
 8 13 H  290  482
 8 14 H  290  475
 8 15 H  290  475
 8 16 H  290  480
 8 17 H  290  497
 8 18 H  290  489
 8 19 H  290  493
 8 20 H  290  499
 8 21 H  290  499
 8 22 H  290  476
 8 23 H  290  489
 8 24 H  290  490
 8 25 H  290  496
 8 26 H  290  499
 8 27 H  290  485
 8 28 H  290  488
 8 29 H  290  474
 8 30 H  290  485
 8 31 H  290  493
 8  1 Z  230  516
 8  2 Z  230  513
 8  3 Z  230  513
 8  4 Z  230  516
 8  5 Z  230  512
 8  6 Z  230  509
 8  7 Z  230  513
 8  8 Z  230  508
 8  9 Z  230  511
 8 10 Z  230  514
 8 11 Z  230  514
 8 12 Z  230  510
 8 13 Z  230  515
 8 14 Z  230  511
 8 15 Z  230  515
 8 16 Z  230  513
 8 17 Z  230  511
 8 18 Z  230  520
 8 19 Z  230  520
 8 20 Z  230  519
 8 21 Z  230  514
 8 22 Z  230  518
 8 23 Z  230  517
 8 24 Z  230  516
 8 25 Z  230  511
 8 26 Z  230  508
 8 27 Z  230  511
 8 28 Z  230  515
 8 29 Z  230  517
 8 30 Z  230  510
 8 31 Z  230  512
 9  1 D   -8 -508
 9  2 D   -8 -498
 9  3 D   -8 -500
 9  4 D   -8 -498
 9  5 D   -8 -500
 9  6 D   -8 -505
 9  7 D   -8 -499
 9  8 D   -8 -501
 9  9 D   -8 -499
 9 10 D   -8 -514
 9 11 D   -8 -517
 9 12 D   -8 -516
 9 13 D   -8 -516
 9 14 D   -8 -513
 9 15 D   -8 -514
 9 16 D   -8 -508
 9 17 D   -8 -504
 9 18 D   -8 -493
 9 19 D   -8 -496
 9 20 D   -8 -496
 9 21 D   -8 -497
 9 22 D   -8 -499
 9 23 D   -8 -494
 9 24 D   -8 -499
 9 25 D   -8 -494
 9 26 D   -8 -497
 9 27 D   -8 -495
 9 28 D   -8 -496
 9 29 D   -8 -500
 9 30 D   -8 -504
 9  1 H  290  483
 9  2 H  290  485
 9  3 H  290  487
 9  4 H  290  491
 9  5 H  290  492
 9  6 H  290  499
 9  7 H  290  496
 9  8 H  290  497
 9  9 H  290  497
 9 10 H  290  506
 9 11 H  290  449
 9 12 H  290  457
 9 13 H  290  470
 9 14 H  290  484
 9 15 H  290  485
 9 16 H  290  489
 9 17 H  290  479
 9 18 H  290  466
 9 19 H  290  469
 9 20 H  290  483
 9 21 H  290  495
 9 22 H  290  482
 9 23 H  290  487
 9 24 H  290  492
 9 25 H  290  483
 9 26 H  290  499
 9 27 H  290  495
 9 28 H  290  506
 9 29 H  290  503
 9 30 H  290  509
 9  1 Z  230  513
 9  2 Z  230  513
 9  3 Z  230  511
 9  4 Z  230  509
 9  5 Z  230  507
 9  6 Z  230  504
 9  7 Z  230  507
 9  8 Z  230  506
 9  9 Z  230  507
 9 10 Z  230  509
 9 11 Z  230  524
 9 12 Z  230  524
 9 13 Z  230  514
 9 14 Z  230  512
 9 15 Z  230  511
 9 16 Z  230  514
 9 17 Z  230  510
 9 18 Z  230  514
 9 19 Z  230  518
 9 20 Z  230  513
 9 21 Z  230  508
 9 22 Z  230  511
 9 23 Z  230  506
 9 24 Z  230  505
 9 25 Z  230  508
 9 26 Z  230  504
 9 27 Z  230  504
 9 28 Z  230  502
 9 29 Z  230  502
 9 30 Z  230  502
10  1 D   -8 -496
10  2 D   -8 -497
10  3 D   -8 -500
10  4 D   -8 -499
10  5 D   -8 -498
10  6 D   -8 -499
10  7 D   -8 -499
10  8 D   -8 -505
10  9 D   -8 -497
10 10 D   -8 -501
10 11 D   -8 -497
10 12 D   -8 -496
10 13 D   -8 -495
10 14 D   -8 -497
10 15 D   -8 -499
10 16 D   -8 -498
10 17 D   -8 -494
10 18 D   -8 -496
10 19 D   -8 -488
10 20 D   -8 -490
10 21 D   -8 -495
10 22 D   -8 -494
10 23 D   -8 -493
10 24 D   -8 -491
10 25 D   -8 -496
10 26 D   -8 -494
10 27 D   -8 -501
10 28 D   -8 -493
10 29 D   -8 -491
10 30 D   -8 -495
10 31 D   -8 -493
10  1 H  290  494
10  2 H  290  497
10  3 H  290  497
10  4 H  290  507
10  5 H  290  489
10  6 H  290  480
10  7 H  290  476
10  8 H  290  487
10  9 H  290  478
10 10 H  290  416
10 11 H  290  431
10 12 H  290  459
10 13 H  290  470
10 14 H  290  478
10 15 H  290  492
10 16 H  290  499
10 17 H  290  499
10 18 H  290  459
10 19 H  290  473
10 20 H  290  482
10 21 H  290  484
10 22 H  290  487
10 23 H  290  495
10 24 H  290  501
10 25 H  290  498
10 26 H  290  499
10 27 H  290  495
10 28 H  290  496
10 29 H  290  498
10 30 H  290  501
10 31 H  290  493
10  1 Z  230  504
10  2 Z  230  503
10  3 Z  230  502
10  4 Z  230  501
10  5 Z  230  502
10  6 Z  230  508
10  7 Z  230  507
10  8 Z  230  506
10  9 Z  230  505
10 10 Z  230  521
10 11 Z  230  516
10 12 Z  230  515
10 13 Z  230  512
10 14 Z  230  507
10 15 Z  230  502
10 16 Z  230  498
10 17 Z  230  497
10 18 Z  230  510
10 19 Z  230  510
10 20 Z  230  510
10 21 Z  230  511
10 22 Z  230  504
10 23 Z  230  502
10 24 Z  230  501
10 25 Z  230  500
10 26 Z  230  499
10 27 Z  230  496
10 28 Z  230  500
10 29 Z  230  500
10 30 Z  230  499
10 31 Z  230  501
11  1 D   -8 -491
11  2 D   -8 -482
11  3 D   -8 -486
11  4 D   -8 -485
11  5 D   -8 -489
11  6 D   -8 -487
11  7 D   -8 -489
11  8 D   -8 -491
11  9 D   -8 -491
11 10 D   -8 -486
11 11 D   -8 -491
11 12 D   -8 -490
11 13 D   -8 -489
11 14 D   -8 -486
11 15 D   -8 -486
11 16 D   -8 -494
11 17 D   -8 -488
11 18 D   -8 -487
11 19 D   -8 -483
11 20 D   -8 -486
11 21 D   -8 -483
11 22 D   -8 -484
11 23 D   -8 -481
11 24 D   -8 -484
11 25 D   -8 -488
11 26 D   -8 -484
11 27 D   -8 -485
11 28 D   -8 -484
11 29 D   -8 -487
11 30 D   -8 -489
11  1 H  290  489
11  2 H  290  461
11  3 H  290  465
11  4 H  290  468
11  5 H  290  473
11  6 H  290  475
11  7 H  290  470
11  8 H  290  461
11  9 H  290  470
11 10 H  290  482
11 11 H  290  488
11 12 H  290  492
11 13 H  290  488
11 14 H  290  495
11 15 H  290  495
11 16 H  290  481
11 17 H  290  481
11 18 H  290  482
11 19 H  290  493
11 20 H  290  500
11 21 H  290  501
11 22 H  290  493
11 23 H  290  501
11 24 H  290  502
11 25 H  290  497
11 26 H  290  478
11 27 H  290  486
11 28 H  290  486
11 29 H  290  484
11 30 H  290  455
11  1 Z  230  503
11  2 Z  230  508
11  3 Z  230  506
11  4 Z  230  507
11  5 Z  230  507
11  6 Z  230  505
11  7 Z  230  507
11  8 Z  230  513
11  9 Z  230  510
11 10 Z  230  503
11 11 Z  230  497
11 12 Z  230  499
11 13 Z  230  504
11 14 Z  230  502
11 15 Z  230  501
11 16 Z  230  502
11 17 Z  230  506
11 18 Z  230  504
11 19 Z  230  502
11 20 Z  230  498
11 21 Z  230  498
11 22 Z  230  496
11 23 Z  230  495
11 24 Z  230  495
11 25 Z  230  495
11 26 Z  230  498
11 27 Z  230  498
11 28 Z  230  499
11 29 Z  230  496
11 30 Z  230  505
12  1 D   -8 -485
12  2 D   -8 -486
12  3 D   -8 -482
12  4 D   -8 -479
12  5 D   -8 -484
12  6 D   -8 -484
12  7 D   -8 -483
12  8 D   -8 -483
12  9 D   -8 -485
12 10 D   -8 -487
12 11 D   -8 -486
12 12 D   -8 -480
12 13 D   -8 -485
12 14 D   -8 -482
12 15 D   -8 -475
12 16 D   -8 -487
12 17 D   -8 -485
12 18 D   -8 -482
12 19 D   -8 -483
12 20 D   -8 -479
12 21 D   -8 -481
12 22 D   -8 -478
12 23 D   -8 -483
12 24 D   -8 -481
12 25 D   -8 -485
12 26 D   -8 -483
12 27 D   -8 -482
12 28 D   -8 -479
12 29 D   -8 -480
12 30 D   -8 -480
12 31 D   -8 -477
12  1 H  290  455
12  2 H  290  469
12  3 H  290  474
12  4 H  290  478
12  5 H  290  490
12  6 H  290  492
12  7 H  290  494
12  8 H  290  499
12  9 H  290  501
12 10 H  290  497
12 11 H  290  489
12 12 H  290  493
12 13 H  290  486
12 14 H  290  474
12 15 H  290  481
12 16 H  290  467
12 17 H  290  452
12 18 H  290  452
12 19 H  290  460
12 20 H  290  479
12 21 H  290  479
12 22 H  290  484
12 23 H  290  488
12 24 H  290  496
12 25 H  290  461
12 26 H  290  455
12 27 H  290  471
12 28 H  290  472
12 29 H  290  471
12 30 H  290  478
12 31 H  290  481
12  1 Z  230  506
12  2 Z  230  502
12  3 Z  230  503
12  4 Z  230  500
12  5 Z  230  495
12  6 Z  230  493
12  7 Z  230  494
12  8 Z  230  493
12  9 Z  230  493
12 10 Z  230  495
12 11 Z  230  496
12 12 Z  230  495
12 13 Z  230  499
12 14 Z  230  499
12 15 Z  230  500
12 16 Z  230  502
12 17 Z  230  505
12 18 Z  230  505
12 19 Z  230  504
12 20 Z  230  498
12 21 Z  230  497
12 22 Z  230  499
12 23 Z  230  499
12 24 Z  230  493
12 25 Z  230  499
12 26 Z  230  505
12 27 Z  230  500
12 28 Z  230  501
12 29 Z  230  500
12 30 Z  230  499
12 31 Z  230  499
