 1  1 H  280  891
 1  2 H  280  890
 1  3 H  280  893
 1  4 H  280  897
 1  5 H  280  897
 1  6 H  280  901
 1  7 H  280  898
 1  8 H  280  895
 1  9 H  280  897
 1 10 H  280  892
 1 11 H  280  882
 1 12 H  280  886
 1 13 H  280  899
 1 14 H  280  903
 1 15 H  280  881
 1 16 H  280  867
 1 17 H  280  877
 1 18 H  280  884
 1 19 H  280  888
 1 20 H  280  891
 1 21 H  280  871
 1 22 H  280  859
 1 23 H  280  861
 1 24 H  280  873
 1 25 H  280  881
 1 26 H  280  883
 1 27 H  280  881
 1 28 H  280  874
 1 29 H  280  877
 1 30 H  280  891
 1 31 H  280  893
 1  1 Z  245  489
 1  2 Z  245  490
 1  3 Z  245  488
 1  4 Z  245  487
 1  5 Z  245  483
 1  6 Z  245  484
 1  7 Z  245  483
 1  8 Z  245  485
 1  9 Z  245  487
 1 10 Z  245  489
 1 11 Z  245  490
 1 12 Z  245  488
 1 13 Z  245  485
 1 14 Z  245  483
 1 15 Z  245  488
 1 16 Z  245  489
 1 17 Z  245  488
 1 18 Z  245  487
 1 19 Z  245  485
 1 20 Z  245  485
 1 21 Z  245  486
 1 22 Z  245  491
 1 23 Z  245  489
 1 24 Z  245  487
 1 25 Z  245  487
 1 26 Z  245  487
 1 27 Z  245  489
 1 28 Z  245  488
 1 29 Z  245  490
 1 30 Z  245  487
 1 31 Z  245  485
 2  1 H  280  904
 2  2 H  280  909
 2  3 H  280  897
 2  4 H  280  901
 2  5 H  280  899
 2  6 H  280  901
 2  7 H  280  900
 2  8 H  280  903
 2  9 H  280  913
 2 10 H  280  916
 2 11 H  280  914
 2 12 H  280  915
 2 13 H  280  901
 2 14 H  280  900
 2 15 H  280  914
 2 16 H  280  917
 2 17 H  280  897
 2 18 H  280  897
 2 19 H  280  891
 2 20 H  280  897
 2 21 H  280  899
 2 22 H  280  907
 2 23 H  280  914
 2 24 H  280  873
 2 25 H  280  883
 2 26 H  280  906
 2 27 H  280  911
 2 28 H  280  NaN
 2 29 H  280  NaN
 2  1 Z  245  485
 2  2 Z  245  484
 2  3 Z  245  488
 2  4 Z  245  490
 2  5 Z  245  486
 2  6 Z  245  481
 2  7 Z  245  483
 2  8 Z  245  484
 2  9 Z  245  481
 2 10 Z  245  479
 2 11 Z  245  482
 2 12 Z  245  481
 2 13 Z  245  479
 2 14 Z  245  483
 2 15 Z  245  480
 2 16 Z  245  482
 2 17 Z  245  485
 2 18 Z  245  484
 2 19 Z  245  485
 2 20 Z  245  481
 2 21 Z  245  478
 2 22 Z  245  476
 2 23 Z  245  474
 2 24 Z  245  481
 2 25 Z  245  487
 2 26 Z  245  481
 2 27 Z  245  478
 2 28 Z  245  NaN
 2 29 Z  245  NaN
 3  1 D  -11  NaN
 3  2 D  -11  NaN
 3  3 D  -11  NaN
 3  4 D  -11 -118
 3  5 D  -11 -116
 3  6 D  -11 -113
 3  7 D  -11  NaN
 3  8 D  -11  NaN
 3  9 D  -11  NaN
 3 10 D  -11 -119
 3 11 D  -11 -121
 3 12 D  -11 -122
 3 13 D  -11 -119
 3 14 D  -11 -120
 3 15 D  -11 -122
 3 16 D  -11 -112
 3 17 D  -11 -110
 3 18 D  -11 -113
 3 19 D  -11 -118
 3 20 D  -11 -120
 3 21 D  -11 -118
 3 22 D  -11 -113
 3 23 D  -11 -114
 3 24 D  -11 -107
 3 25 D  -11 -105
 3 26 D  -11 -110
 3 27 D  -11  -97
 3 28 D  -11 -102
 3 29 D  -11  NaN
 3 30 D  -11 -113
 3 31 D  -11 -117
 3  1 H  280  920
 3  2 H  280  910
 3  3 H  280  NaN
 3  4 H  280  912
 3  5 H  280  917
 3  6 H  280  921
 3  7 H  280  NaN
 3  8 H  280  NaN
 3  9 H  280  NaN
 3 10 H  280  914
 3 11 H  280  907
 3 12 H  280  920
 3 13 H  280  916
 3 14 H  280  921
 3 15 H  280  928
 3 16 H  280  901
 3 17 H  280  900
 3 18 H  280  912
 3 19 H  280  919
 3 20 H  280  917
 3 21 H  280  921
 3 22 H  280  915
 3 23 H  280  915
 3 24 H  280  897
 3 25 H  280  903
 3 26 H  280  913
 3 27 H  280  908
 3 28 H  280  916
 3 29 H  280  NaN
 3 30 H  280  895
 3 31 H  280  903
 3  1 Z  245  464
 3  2 Z  245  467
 3  3 Z  245  NaN
 3  4 Z  245  477
 3  5 Z  245  483
 3  6 Z  245  481
 3  7 Z  245  NaN
 3  8 Z  245  NaN
 3  9 Z  245  NaN
 3 10 Z  245  478
 3 11 Z  245  479
 3 12 Z  245  473
 3 13 Z  245  474
 3 14 Z  245  470
 3 15 Z  245  471
 3 16 Z  245  476
 3 17 Z  245  479
 3 18 Z  245  476
 3 19 Z  245  471
 3 20 Z  245  468
 3 21 Z  245  464
 3 22 Z  245  462
 3 23 Z  245  465
 3 24 Z  245  466
 3 25 Z  245  464
 3 26 Z  245  459
 3 27 Z  245  460
 3 28 Z  245  461
 3 29 Z  245  NaN
 3 30 Z  245  465
 3 31 Z  245  464
 4  1 D  -11 -116
 4  2 D  -11 -110
 4  3 D  -11  NaN
 4  4 D  -11 -103
 4  5 D  -11 -111
 4  6 D  -11 -110
 4  7 D  -11 -113
 4  8 D  -11 -111
 4  9 D  -11 -111
 4 10 D  -11 -122
 4 11 D  -11 -117
 4 12 D  -11 -122
 4 13 D  -11 -112
 4 14 D  -11  NaN
 4 15 D  -11 -112
 4 16 D  -11 -115
 4 17 D  -11 -119
 4 18 D  -11 -114
 4 19 D  -11  NaN
 4 20 D  -11 -115
 4 21 D  -11  NaN
 4 22 D  -11 -114
 4 23 D  -11 -113
 4 24 D  -11  NaN
 4 25 D  -11  NaN
 4 26 D  -11  NaN
 4 27 D  -11  NaN
 4 28 D  -11  NaN
 4 29 D  -11 -107
 4 30 D  -11 -105
 4  1 H  280  906
 4  2 H  280  903
 4  3 H  280  NaN
 4  4 H  280  919
 4  5 H  280  NaN
 4  6 H  280  NaN
 4  7 H  280  NaN
 4  8 H  280  NaN
 4  9 H  280  NaN
 4 10 H  280  NaN
 4 11 H  280  NaN
 4 12 H  280  NaN
 4 13 H  280  NaN
 4 14 H  280  NaN
 4 15 H  280  NaN
 4 16 H  280  NaN
 4 17 H  280  NaN
 4 18 H  280  NaN
 4 19 H  280  NaN
 4 20 H  280  NaN
 4 21 H  280  NaN
 4 22 H  280  NaN
 4 23 H  280  NaN
 4 24 H  280  NaN
 4 25 H  280  NaN
 4 26 H  280  NaN
 4 27 H  280  NaN
 4 28 H  280  NaN
 4 29 H  280  NaN
 4 30 H  280  NaN
 4  1 Z  245  463
 4  2 Z  245  467
 4  3 Z  245  NaN
 4  4 Z  245  464
 4  5 Z  245  464
 4  6 Z  245  467
 4  7 Z  245  471
 4  8 Z  245  475
 4  9 Z  245  476
 4 10 Z  245  470
 4 11 Z  245  473
 4 12 Z  245  472
 4 13 Z  245  472
 4 14 Z  245  NaN
 4 15 Z  245  459
 4 16 Z  245  461
 4 17 Z  245  458
 4 18 Z  245  467
 4 19 Z  245  NaN
 4 20 Z  245  466
 4 21 Z  245  NaN
 4 22 Z  245  488
 4 23 Z  245  490
 4 24 Z  245  NaN
 4 25 Z  245  NaN
 4 26 Z  245  NaN
 4 27 Z  245  NaN
 4 28 Z  245  NaN
 4 29 Z  245  484
 4 30 Z  245  483
 5  1 D  -11 -115
 5  2 D  -11  NaN
 5  3 D  -11  NaN
 5  4 D  -11  NaN
 5  5 D  -11  NaN
 5  6 D  -11 -118
 5  7 D  -11 -121
 5  8 D  -11  NaN
 5  9 D  -11  NaN
 5 10 D  -11 -111
 5 11 D  -11 -110
 5 12 D  -11 -110
 5 13 D  -11 -117
 5 14 D  -11 -104
 5 15 D  -11  NaN
 5 16 D  -11 -100
 5 17 D  -11 -112
 5 18 D  -11 -109
 5 19 D  -11 -108
 5 20 D  -11 -104
 5 21 D  -11 -114
 5 22 D  -11 -107
 5 23 D  -11 -102
 5 24 D  -11 -106
 5 25 D  -11 -108
 5 26 D  -11  -93
 5 27 D  -11  -96
 5 28 D  -11 -105
 5 29 D  -11  -96
 5 30 D  -11 -102
 5 31 D  -11  -91
 5  1 H  280  NaN
 5  2 H  280  NaN
 5  3 H  280  NaN
 5  4 H  280  NaN
 5  5 H  280  NaN
 5  6 H  280  NaN
 5  7 H  280  NaN
 5  8 H  280  NaN
 5  9 H  280  NaN
 5 10 H  280  887
 5 11 H  280  897
 5 12 H  280  899
 5 13 H  280  903
 5 14 H  280  897
 5 15 H  280  NaN
 5 16 H  280  881
 5 17 H  280  902
 5 18 H  280  912
 5 19 H  280  914
 5 20 H  280  926
 5 21 H  280  934
 5 22 H  280  928
 5 23 H  280  921
 5 24 H  280  912
 5 25 H  280  928
 5 26 H  280  919
 5 27 H  280  911
 5 28 H  280  920
 5 29 H  280  915
 5 30 H  280  933
 5 31 H  280  917
 5  1 Z  245  478
 5  2 Z  245  NaN
 5  3 Z  245  NaN
 5  4 Z  245  NaN
 5  5 Z  245  NaN
 5  6 Z  245  475
 5  7 Z  245  475
 5  8 Z  245  NaN
 5  9 Z  245  NaN
 5 10 Z  245  477
 5 11 Z  245  473
 5 12 Z  245  472
 5 13 Z  245  468
 5 14 Z  245  476
 5 15 Z  245  NaN
 5 16 Z  245  480
 5 17 Z  245  474
 5 18 Z  245  467
 5 19 Z  245  471
 5 20 Z  245  474
 5 21 Z  245  464
 5 22 Z  245  467
 5 23 Z  245  464
 5 24 Z  245  466
 5 25 Z  245  464
 5 26 Z  245  471
 5 27 Z  245  468
 5 28 Z  245  461
 5 29 Z  245  461
 5 30 Z  245  457
 5 31 Z  245  470
 6  1 D  -11  -99
 6  2 D  -11 -104
 6  3 D  -11 -100
 6  4 D  -11  NaN
 6  5 D  -11 -102
 6  6 D  -11 -110
 6  7 D  -11 -104
 6  8 D  -11 -108
 6  9 D  -11 -107
 6 10 D  -11 -111
 6 11 D  -11 -106
 6 12 D  -11 -118
 6 13 D  -11 -109
 6 14 D  -11 -114
 6 15 D  -11 -110
 6 16 D  -11 -109
 6 17 D  -11 -115
 6 18 D  -11 -119
 6 19 D  -11 -110
 6 20 D  -11 -104
 6 21 D  -11 -107
 6 22 D  -11 -109
 6 23 D  -11 -103
 6 24 D  -11 -105
 6 25 D  -11 -108
 6 26 D  -11 -101
 6 27 D  -11 -102
 6 28 D  -11 -110
 6 29 D  -11 -102
 6 30 D  -11 -102
 6  1 H  280  912
 6  2 H  280  920
 6  3 H  280  920
 6  4 H  280  NaN
 6  5 H  280  918
 6  6 H  280  926
 6  7 H  280  925
 6  8 H  280  923
 6  9 H  280  923
 6 10 H  280  934
 6 11 H  280  936
 6 12 H  280  938
 6 13 H  280  944
 6 14 H  280  945
 6 15 H  280  934
 6 16 H  280  939
 6 17 H  280  928
 6 18 H  280  819
 6 19 H  280  868
 6 20 H  280  898
 6 21 H  280  903
 6 22 H  280  907
 6 23 H  280  902
 6 24 H  280  912
 6 25 H  280  922
 6 26 H  280  919
 6 27 H  280  931
 6 28 H  280  915
 6 29 H  280  924
 6 30 H  280  924
 6  1 Z  245  469
 6  2 Z  245  462
 6  3 Z  245  461
 6  4 Z  245  461
 6  5 Z  245  464
 6  6 Z  245  466
 6  7 Z  245  469
 6  8 Z  245  467
 6  9 Z  245  462
 6 10 Z  245  463
 6 11 Z  245  462
 6 12 Z  245  451
 6 13 Z  245  455
 6 14 Z  245  458
 6 15 Z  245  458
 6 16 Z  245  458
 6 17 Z  245  466
 6 18 Z  245  492
 6 19 Z  245  478
 6 20 Z  245  469
 6 21 Z  245  473
 6 22 Z  245  470
 6 23 Z  245  469
 6 24 Z  245  470
 6 25 Z  245  468
 6 26 Z  245  468
 6 27 Z  245  465
 6 28 Z  245  466
 6 29 Z  245  462
 6 30 Z  245  466
 7  1 D  -11 -101
 7  2 D  -11 -108
 7  3 D  -11 -101
 7  4 D  -11  -95
 7  5 D  -11  -97
 7  6 D  -11 -102
 7  7 D  -11  NaN
 7  8 D  -11  NaN
 7  9 D  -11  NaN
 7 10 D  -11  NaN
 7 11 D  -11 -109
 7 12 D  -11  NaN
 7 13 D  -11 -109
 7 14 D  -11  NaN
 7 15 D  -11 -103
 7 16 D  -11  NaN
 7 17 D  -11  NaN
 7 18 D  -11  NaN
 7 19 D  -11 -105
 7 20 D  -11 -101
 7 21 D  -11  -97
 7 22 D  -11 -104
 7 23 D  -11  -97
 7 24 D  -11  -91
 7 25 D  -11  -82
 7 26 D  -11  -84
 7 27 D  -11  -93
 7 28 D  -11  -98
 7 29 D  -11  -90
 7 30 D  -11  -85
 7 31 D  -11  -93
 7  1 H  280  931
 7  2 H  280  936
 7  3 H  280  935
 7  4 H  280  929
 7  5 H  280  932
 7  6 H  280  943
 7  7 H  280  NaN
 7  8 H  280  NaN
 7  9 H  280  NaN
 7 10 H  280  NaN
 7 11 H  280  937
 7 12 H  280  NaN
 7 13 H  280  933
 7 14 H  280  NaN
 7 15 H  280  937
 7 16 H  280  NaN
 7 17 H  280  NaN
 7 18 H  280  NaN
 7 19 H  280  934
 7 20 H  280  932
 7 21 H  280  935
 7 22 H  280  949
 7 23 H  280  937
 7 24 H  280  925
 7 25 H  280  904
 7 26 H  280  910
 7 27 H  280  917
 7 28 H  280  927
 7 29 H  280  935
 7 30 H  280  941
 7 31 H  280  954
 7  1 Z  245  NaN
 7  2 Z  245  461
 7  3 Z  245  459
 7  4 Z  245  460
 7  5 Z  245  461
 7  6 Z  245  458
 7  7 Z  245  NaN
 7  8 Z  245  NaN
 7  9 Z  245  NaN
 7 10 Z  245  NaN
 7 11 Z  245  456
 7 12 Z  245  NaN
 7 13 Z  245  465
 7 14 Z  245  NaN
 7 15 Z  245  458
 7 16 Z  245  NaN
 7 17 Z  245  NaN
 7 18 Z  245  NaN
 7 19 Z  245  458
 7 20 Z  245  458
 7 21 Z  245  458
 7 22 Z  245  454
 7 23 Z  245  457
 7 24 Z  245  462
 7 25 Z  245  468
 7 26 Z  245  467
 7 27 Z  245  458
 7 28 Z  245  459
 7 29 Z  245  454
 7 30 Z  245  451
 7 31 Z  245  448
 8  1 D  -11  -87
 8  2 D  -11  -94
 8  3 D  -11  -91
 8  4 D  -11  NaN
 8  5 D  -11  -83
 8  6 D  -11  -99
 8  7 D  -11  -97
 8  8 D  -11  -98
 8  9 D  -11  -92
 8 10 D  -11  -88
 8 11 D  -11  -88
 8 12 D  -11  NaN
 8 13 D  -11  -91
 8 14 D  -11  -88
 8 15 D  -11  -91
 8 16 D  -11  -88
 8 17 D  -11  -90
 8 18 D  -11  -90
 8 19 D  -11  -93
 8 20 D  -11  -94
 8 21 D  -11  -96
 8 22 D  -11  -98
 8 23 D  -11  -92
 8 24 D  -11  -93
 8 25 D  -11  -93
 8 26 D  -11  -88
 8 27 D  -11  -94
 8 28 D  -11  -93
 8 29 D  -11  -94
 8 30 D  -11  -99
 8 31 D  -11  -93
 8  1 H  280  919
 8  2 H  280  936
 8  3 H  280  944
 8  4 H  280  NaN
 8  5 H  280  NaN
 8  6 H  280  NaN
 8  7 H  280  893
 8  8 H  280  906
 8  9 H  280  NaN
 8 10 H  280  879
 8 11 H  280  897
 8 12 H  280  NaN
 8 13 H  280  914
 8 14 H  280  927
 8 15 H  280  924
 8 16 H  280  919
 8 17 H  280  926
 8 18 H  280  915
 8 19 H  280  923
 8 20 H  280  923
 8 21 H  280  924
 8 22 H  280  925
 8 23 H  280  929
 8 24 H  280  931
 8 25 H  280  936
 8 26 H  280  928
 8 27 H  280  905
 8 28 H  280  913
 8 29 H  280  923
 8 30 H  280  932
 8 31 H  280  939
 8  1 Z  245  455
 8  2 Z  245  451
 8  3 Z  245  451
 8  4 Z  245  NaN
 8  5 Z  245  475
 8  6 Z  245  469
 8  7 Z  245  469
 8  8 Z  245  459
 8  9 Z  245  468
 8 10 Z  245  463
 8 11 Z  245  461
 8 12 Z  245  NaN
 8 13 Z  245  460
 8 14 Z  245  452
 8 15 Z  245  454
 8 16 Z  245  453
 8 17 Z  245  449
 8 18 Z  245  455
 8 19 Z  245  448
 8 20 Z  245  451
 8 21 Z  245  455
 8 22 Z  245  455
 8 23 Z  245  453
 8 24 Z  245  447
 8 25 Z  245  446
 8 26 Z  245  448
 8 27 Z  245  454
 8 28 Z  245  453
 8 29 Z  245  451
 8 30 Z  245  449
 8 31 Z  245  447
 9  1 D  -11  -93
 9  2 D  -11  -94
 9  3 D  -11  -92
 9  4 D  -11  -96
 9  5 D  -11  -96
 9  6 D  -11  -92
 9  7 D  -11  -94
 9  8 D  -11  -94
 9  9 D  -11  -96
 9 10 D  -11  -93
 9 11 D  -11  -89
 9 12 D  -11  -88
 9 13 D  -11  -79
 9 14 D  -11  -84
 9 15 D  -11  -85
 9 16 D  -11  -85
 9 17 D  -11  -87
 9 18 D  -11  -88
 9 19 D  -11  -92
 9 20 D  -11  -91
 9 21 D  -11  -88
 9 22 D  -11  -86
 9 23 D  -11  -92
 9 24 D  -11  -90
 9 25 D  -11  -91
 9 26 D  -11  -90
 9 27 D  -11  -92
 9 28 D  -11  -90
 9 29 D  -11  -90
 9 30 D  -11  -84
 9  1 H  280  940
 9  2 H  280  933
 9  3 H  280  937
 9  4 H  280  944
 9  5 H  280  944
 9  6 H  280  939
 9  7 H  280  948
 9  8 H  280  935
 9  9 H  280  933
 9 10 H  280  947
 9 11 H  280  931
 9 12 H  280  933
 9 13 H  280  901
 9 14 H  280  872
 9 15 H  280  894
 9 16 H  280  909
 9 17 H  280  915
 9 18 H  280  916
 9 19 H  280  923
 9 20 H  280  933
 9 21 H  280  937
 9 22 H  280  943
 9 23 H  280  939
 9 24 H  280  927
 9 25 H  280  935
 9 26 H  280  933
 9 27 H  280  933
 9 28 H  280  935
 9 29 H  280  913
 9 30 H  280  923
 9  1 Z  245  448
 9  2 Z  245  447
 9  3 Z  245  449
 9  4 Z  245  443
 9  5 Z  245  445
 9  6 Z  245  444
 9  7 Z  245  444
 9  8 Z  245  446
 9  9 Z  245  447
 9 10 Z  245  444
 9 11 Z  245  444
 9 12 Z  245  442
 9 13 Z  245  450
 9 14 Z  245  458
 9 15 Z  245  452
 9 16 Z  245  450
 9 17 Z  245  448
 9 18 Z  245  447
 9 19 Z  245  446
 9 20 Z  245  444
 9 21 Z  245  441
 9 22 Z  245  435
 9 23 Z  245  437
 9 24 Z  245  442
 9 25 Z  245  441
 9 26 Z  245  440
 9 27 Z  245  440
 9 28 Z  245  436
 9 29 Z  245  441
 9 30 Z  245  444
10  1 D  -11  -82
10  2 D  -11  -85
10  3 D  -11  -87
10  4 D  -11  -82
10  5 D  -11  -80
10  6 D  -11  -74
10  7 D  -11  -82
10  8 D  -11  -78
10  9 D  -11  -77
10 10 D  -11  -85
10 11 D  -11  -79
10 12 D  -11  -74
10 13 D  -11  -79
10 14 D  -11  -83
10 15 D  -11  -79
10 16 D  -11  -81
10 17 D  -11  -83
10 18 D  -11  -81
10 19 D  -11  -78
10 20 D  -11  -81
10 21 D  -11  -85
10 22 D  -11  -85
10 23 D  -11  -87
10 24 D  -11  -79
10 25 D  -11  -83
10 26 D  -11  -82
10 27 D  -11  -82
10 28 D  -11  -74
10 29 D  -11  -75
10 30 D  -11  -73
10 31 D  -11  -66
10  1 H  280  935
10  2 H  280  935
10  3 H  280  941
10  4 H  280  936
10  5 H  280  937
10  6 H  280  945
10  7 H  280  947
10  8 H  280  936
10  9 H  280  945
10 10 H  280  936
10 11 H  280  921
10 12 H  280  926
10 13 H  280  917
10 14 H  280  925
10 15 H  280  931
10 16 H  280  925
10 17 H  280  937
10 18 H  280  938
10 19 H  280  903
10 20 H  280  924
10 21 H  280  931
10 22 H  280  930
10 23 H  280  927
10 24 H  280  931
10 25 H  280  937
10 26 H  280  939
10 27 H  280  950
10 28 H  280  940
10 29 H  280  929
10 30 H  280  928
10 31 H  280  932
10  1 Z  245  438
10  2 Z  245  439
10  3 Z  245  438
10  4 Z  245  441
10  5 Z  245  436
10  6 Z  245  433
10  7 Z  245  432
10  8 Z  245  430
10  9 Z  245  428
10 10 Z  245  429
10 11 Z  245  439
10 12 Z  245  436
10 13 Z  245  437
10 14 Z  245  441
10 15 Z  245  437
10 16 Z  245  436
10 17 Z  245  431
10 18 Z  245  428
10 19 Z  245  439
10 20 Z  245  434
10 21 Z  245  432
10 22 Z  245  432
10 23 Z  245  435
10 24 Z  245  433
10 25 Z  245  431
10 26 Z  245  430
10 27 Z  245  430
10 28 Z  245  434
10 29 Z  245  435
10 30 Z  245  437
10 31 Z  245  438
11  1 D  -11  -86
11  2 D  -11  -81
11  3 D  -11  -85
11  4 D  -11  -84
11  5 D  -11  -82
11  6 D  -11  -85
11  7 D  -11  -87
11  8 D  -11  -81
11  9 D  -11  -84
11 10 D  -11  -83
11 11 D  -11  -82
11 12 D  -11  -80
11 13 D  -11  -80
11 14 D  -11  -82
11 15 D  -11  -82
11 16 D  -11  -81
11 17 D  -11  -77
11 18 D  -11  NaN
11 19 D  -11  -79
11 20 D  -11  -77
11 21 D  -11  -78
11 22 D  -11  -81
11 23 D  -11  -79
11 24 D  -11  -74
11 25 D  -11  -77
11 26 D  -11  -80
11 27 D  -11  -80
11 28 D  -11  -82
11 29 D  -11  -83
11 30 D  -11  -79
11  1 H  280  843
11  2 H  280  883
11  3 H  280  904
11  4 H  280  921
11  5 H  280  932
11  6 H  280  940
11  7 H  280  932
11  8 H  280  930
11  9 H  280  938
11 10 H  280  937
11 11 H  280  942
11 12 H  280  943
11 13 H  280  944
11 14 H  280  943
11 15 H  280  936
11 16 H  280  920
11 17 H  280  924
11 18 H  280  932
11 19 H  280  932
11 20 H  280  921
11 21 H  280  932
11 22 H  280  924
11 23 H  280  929
11 24 H  280  948
11 25 H  280  950
11 26 H  280  927
11 27 H  280  929
11 28 H  280  928
11 29 H  280  935
11 30 H  280  947
11  1 Z  245  453
11  2 Z  245  441
11  3 Z  245  439
11  4 Z  245  439
11  5 Z  245  436
11  6 Z  245  433
11  7 Z  245  433
11  8 Z  245  434
11  9 Z  245  432
11 10 Z  245  425
11 11 Z  245  428
11 12 Z  245  426
11 13 Z  245  425
11 14 Z  245  426
11 15 Z  245  429
11 16 Z  245  434
11 17 Z  245  434
11 18 Z  245  433
11 19 Z  245  435
11 20 Z  245  438
11 21 Z  245  437
11 22 Z  245  436
11 23 Z  245  436
11 24 Z  245  434
11 25 Z  245  429
11 26 Z  245  433
11 27 Z  245  431
11 28 Z  245  432
11 29 Z  245  432
11 30 Z  245  428
12  1 D  -11  -75
12  2 D  -11  -77
12  3 D  -11  -75
12  4 D  -11  -76
12  5 D  -11  -75
12  6 D  -11  -78
12  7 D  -11  -74
12  8 D  -11  NaN
12  9 D  -11  -76
12 10 D  -11  -79
12 11 D  -11  -75
12 12 D  -11  -77
12 13 D  -11  -71
12 14 D  -11  -74
12 15 D  -11  -69
12 16 D  -11  -70
12 17 D  -11  -71
12 18 D  -11  -71
12 19 D  -11  -77
12 20 D  -11  -77
12 21 D  -11  -77
12 22 D  -11  -76
12 23 D  -11  -65
12 24 D  -11  -72
12 25 D  -11  -74
12 26 D  -11  -71
12 27 D  -11  -73
12 28 D  -11  -72
12 29 D  -11  -71
12 30 D  -11  NaN
12 31 D  -11  -75
12  1 H  285  445
12  2 H  285  451
12  3 H  285  450
12  4 H  285  453
12  5 H  285  454
12  6 H  285  463
12  7 H  285  466
12  8 H  285  NaN
12  9 H  285  453
12 10 H  285  453
12 11 H  285  458
12 12 H  285  466
12 13 H  285  421
12 14 H  285  429
12 15 H  285  429
12 16 H  285  414
12 17 H  285  427
12 18 H  285  432
12 19 H  285  439
12 20 H  285  444
12 21 H  285  452
12 22 H  285  451
12 23 H  285  431
12 24 H  285  440
12 25 H  285  454
12 26 H  285  451
12 27 H  285  450
12 28 H  285  454
12 29 H  285  442
12 30 H  285  435
12 31 H  285  442
12  1 Z  245  425
12  2 Z  245  425
12  3 Z  245  424
12  4 Z  245  421
12  5 Z  245  426
12  6 Z  245  420
12  7 Z  245  419
12  8 Z  245  NaN
12  9 Z  245  421
12 10 Z  245  420
12 11 Z  245  419
12 12 Z  245  416
12 13 Z  245  426
12 14 Z  245  427
12 15 Z  245  427
12 16 Z  245  432
12 17 Z  245  431
12 18 Z  245  429
12 19 Z  245  431
12 20 Z  245  431
12 21 Z  245  428
12 22 Z  245  428
12 23 Z  245  432
12 24 Z  245  432
12 25 Z  245  427
12 26 Z  245  429
12 27 Z  245  428
12 28 Z  245  425
12 29 Z  245  426
12 30 Z  245  425
12 31 Z  245  423
