 1  1 D   -9 -306
 1  2 D   -9 -309
 1  3 D   -9 -309
 1  4 D   -9 -304
 1  5 D   -9 -307
 1  6 D   -9 -306
 1  7 D   -9 -305
 1  8 D   -9 -308
 1  9 D   -9 -310
 1 10 D   -9 -310
 1 11 D   -9 -306
 1 12 D   -9 -302
 1 13 D   -9 -309
 1 14 D   -9 -303
 1 15 D   -9 -305
 1 16 D   -9 -305
 1 17 D   -9 -300
 1 18 D   -9 -305
 1 19 D   -9 -302
 1 20 D   -9 -303
 1 21 D   -9 -305
 1 22 D   -9 -301
 1 23 D   -9 -302
 1 24 D   -9 -300
 1 25 D   -9 -304
 1 26 D   -9 -305
 1 27 D   -9 -301
 1 28 D   -9 -300
 1 29 D   -9 -302
 1 30 D   -9 -297
 1 31 D   -9 -299
 1  1 H  290  326
 1  2 H  290  333
 1  3 H  290  333
 1  4 H  290  330
 1  5 H  290  335
 1  6 H  290  340
 1  7 H  290  347
 1  8 H  290  350
 1  9 H  290  357
 1 10 H  290  352
 1 11 H  290  337
 1 12 H  290  347
 1 13 H  290  352
 1 14 H  290  348
 1 15 H  290  355
 1 16 H  290  355
 1 17 H  290  351
 1 18 H  290  359
 1 19 H  290  342
 1 20 H  290  351
 1 21 H  290  354
 1 22 H  290  356
 1 23 H  290  360
 1 24 H  290  368
 1 25 H  290  359
 1 26 H  290  342
 1 27 H  290  344
 1 28 H  290  345
 1 29 H  290  346
 1 30 H  290  336
 1 31 H  290  339
 1  1 Z  230  792
 1  2 Z  230  788
 1  3 Z  230  789
 1  4 Z  230  789
 1  5 Z  230  788
 1  6 Z  230  786
 1  7 Z  230  785
 1  8 Z  230  785
 1  9 Z  230  782
 1 10 Z  230  781
 1 11 Z  230  785
 1 12 Z  230  784
 1 13 Z  230  781
 1 14 Z  230  783
 1 15 Z  230  783
 1 16 Z  230  782
 1 17 Z  230  782
 1 18 Z  230  781
 1 19 Z  230  782
 1 20 Z  230  783
 1 21 Z  230  780
 1 22 Z  230  779
 1 23 Z  230  775
 1 24 Z  230  775
 1 25 Z  230  774
 1 26 Z  230  778
 1 27 Z  230  778
 1 28 Z  230  776
 1 29 Z  230  777
 1 30 Z  230  777
 1 31 Z  230  778
 2  1 D   -9 -298
 2  2 D   -9 -297
 2  3 D   -9 -295
 2  4 D   -9 -295
 2  5 D   -9 -296
 2  6 D   -9 -299
 2  7 D   -9 -297
 2  8 D   -9 -300
 2  9 D   -9 -298
 2 10 D   -9 -300
 2 11 D   -9 -301
 2 12 D   -9 -301
 2 13 D   -9 -295
 2 14 D   -9 -298
 2 15 D   -9 -296
 2 16 D   -9 -300
 2 17 D   -9 -304
 2 18 D   -9 -298
 2 19 D   -9 -299
 2 20 D   -9 -299
 2 21 D   -9 -293
 2 22 D   -9 -294
 2 23 D   -9 -294
 2 24 D   -9 -290
 2 25 D   -9 -295
 2 26 D   -9 -297
 2 27 D   -9 -292
 2 28 D   -9 -293
 2 29 D   -9 -295
 2  1 H  290  344
 2  2 H  290  340
 2  3 H  290  319
 2  4 H  290  291
 2  5 H  290  318
 2  6 H  290  337
 2  7 H  290  336
 2  8 H  290  348
 2  9 H  290  351
 2 10 H  290  339
 2 11 H  290  329
 2 12 H  290  344
 2 13 H  290  313
 2 14 H  290  333
 2 15 H  290  339
 2 16 H  290  353
 2 17 H  290  355
 2 18 H  290  346
 2 19 H  290  359
 2 20 H  290  370
 2 21 H  290  350
 2 22 H  290  355
 2 23 H  290  358
 2 24 H  290  361
 2 25 H  290  361
 2 26 H  290  353
 2 27 H  290  343
 2 28 H  290  354
 2 29 H  290  361
 2  1 Z  230  777
 2  2 Z  230  777
 2  3 Z  230  782
 2  4 Z  230  787
 2  5 Z  230  785
 2  6 Z  230  781
 2  7 Z  230  779
 2  8 Z  230  783
 2  9 Z  230  779
 2 10 Z  230  782
 2 11 Z  230  784
 2 12 Z  230  780
 2 13 Z  230  785
 2 14 Z  230  785
 2 15 Z  230  784
 2 16 Z  230  779
 2 17 Z  230  775
 2 18 Z  230  777
 2 19 Z  230  773
 2 20 Z  230  771
 2 21 Z  230  776
 2 22 Z  230  775
 2 23 Z  230  772
 2 24 Z  230  773
 2 25 Z  230  775
 2 26 Z  230  772
 2 27 Z  230  776
 2 28 Z  230  773
 2 29 Z  230  769
 3  1 D   -9 -288
 3  2 D   -9 -283
 3  3 D   -9 -289
 3  4 D   -9 -288
 3  5 D   -9 -291
 3  6 D   -9 -284
 3  7 D   -9 -286
 3  8 D   -9 -291
 3  9 D   -9 -293
 3 10 D   -9 -294
 3 11 D   -9 -293
 3 12 D   -9 -294
 3 13 D   -9 -286
 3 14 D   -9 -293
 3 15 D   -9 -293
 3 16 D   -9 -296
 3 17 D   -9 -291
 3 18 D   -9 -291
 3 19 D   -9 -290
 3 20 D   -9 -290
 3 21 D   -9 -290
 3 22 D   -9 -285
 3 23 D   -9 -290
 3 24 D   -9 -291
 3 25 D   -9 -288
 3 26 D   -9 -287
 3 27 D   -9 -285
 3 28 D   -9 -279
 3 29 D   -9 -281
 3 30 D   -9 -280
 3 31 D   -9 -281
 3  1 H  290  340
 3  2 H  290  320
 3  3 H  290  333
 3  4 H  290  345
 3  5 H  290  356
 3  6 H  290  335
 3  7 H  290  339
 3  8 H  290  342
 3  9 H  290  354
 3 10 H  290  359
 3 11 H  290  352
 3 12 H  290  352
 3 13 H  290  346
 3 14 H  290  357
 3 15 H  290  368
 3 16 H  290  361
 3 17 H  290  353
 3 18 H  290  351
 3 19 H  290  361
 3 20 H  290  368
 3 21 H  290  366
 3 22 H  290  351
 3 23 H  290  344
 3 24 H  290  361
 3 25 H  290  342
 3 26 H  290  355
 3 27 H  290  359
 3 28 H  290  339
 3 29 H  290  329
 3 30 H  290  333
 3 31 H  290  344
 3  1 Z  230  773
 3  2 Z  230  783
 3  3 Z  230  785
 3  4 Z  230  781
 3  5 Z  230  774
 3  6 Z  230  777
 3  7 Z  230  777
 3  8 Z  230  777
 3  9 Z  230  778
 3 10 Z  230  778
 3 11 Z  230  777
 3 12 Z  230  778
 3 13 Z  230  776
 3 14 Z  230  772
 3 15 Z  230  769
 3 16 Z  230  766
 3 17 Z  230  767
 3 18 Z  230  768
 3 19 Z  230  772
 3 20 Z  230  767
 3 21 Z  230  763
 3 22 Z  230  770
 3 23 Z  230  775
 3 24 Z  230  769
 3 25 Z  230  774
 3 26 Z  230  772
 3 27 Z  230  770
 3 28 Z  230  774
 3 29 Z  230  782
 3 30 Z  230  779
 3 31 Z  230  776
 4  1 D   -9 -282
 4  2 D   -9 -282
 4  3 D   -9 -279
 4  4 D   -9 -269
 4  5 D   -9 -286
 4  6 D   -9 -280
 4  7 D   -9 -281
 4  8 D   -9 -278
 4  9 D   -9 -281
 4 10 D   -9 -280
 4 11 D   -9 -279
 4 12 D   -9 -280
 4 13 D   -9 -276
 4 14 D   -9 -280
 4 15 D   -9 -279
 4 16 D   -9 -281
 4 17 D   -9 -288
 4 18 D   -9 -283
 4 19 D   -9 -273
 4 20 D   -9 -276
 4 21 D   -9 -274
 4 22 D   -9 -275
 4 23 D   -9 -291
 4 24 D   -9 -275
 4 25 D   -9 -278
 4 26 D   -9 -273
 4 27 D   -9 -276
 4 28 D   -9 -276
 4 29 D   -9 -278
 4 30 D   -9 -271
 4  1 H  290  337
 4  2 H  290  332
 4  3 H  290  325
 4  4 H  290  322
 4  5 H  290  303
 4  6 H  290  324
 4  7 H  290  340
 4  8 H  290  322
 4  9 H  290  333
 4 10 H  290  356
 4 11 H  290  353
 4 12 H  290  359
 4 13 H  290  362
 4 14 H  290  363
 4 15 H  290  364
 4 16 H  290  373
 4 17 H  290  381
 4 18 H  290  383
 4 19 H  290  398
 4 20 H  290  372
 4 21 H  290  377
 4 22 H  290  374
 4 23 H  290  377
 4 24 H  290  374
 4 25 H  290  363
 4 26 H  290  314
 4 27 H  290  331
 4 28 H  290  341
 4 29 H  290  345
 4 30 H  290  348
 4  1 Z  230  774
 4  2 Z  230  774
 4  3 Z  230  776
 4  4 Z  230  783
 4  5 Z  230  788
 4  6 Z  230  782
 4  7 Z  230  776
 4  8 Z  230  776
 4  9 Z  230  777
 4 10 Z  230  772
 4 11 Z  230  774
 4 12 Z  230  773
 4 13 Z  230  771
 4 14 Z  230  765
 4 15 Z  230  768
 4 16 Z  230  761
 4 17 Z  230  765
 4 18 Z  230  762
 4 19 Z  230  758
 4 20 Z  230  764
 4 21 Z  230  761
 4 22 Z  230  762
 4 23 Z  230  759
 4 24 Z  230  767
 4 25 Z  230  768
 4 26 Z  230  778
 4 27 Z  230  777
 4 28 Z  230  769
 4 29 Z  230  768
 4 30 Z  230  771
 5  1 D   -9 -274
 5  2 D   -9 -267
 5  3 D   -9 -279
 5  4 D   -9 -274
 5  5 D   -9 -276
 5  6 D   -9 -270
 5  7 D   -9 -277
 5  8 D   -9 -277
 5  9 D   -9 -275
 5 10 D   -9 -282
 5 11 D   -9 -277
 5 12 D   -9 -276
 5 13 D   -9 -269
 5 14 D   -9 -277
 5 15 D   -9 -275
 5 16 D   -9 -274
 5 17 D   -9 -275
 5 18 D   -9 -269
 5 19 D   -9 -271
 5 20 D   -9 -272
 5 21 D   -9 -259
 5 22 D   -9 -264
 5 23 D   -9 -268
 5 24 D   -9 -271
 5 25 D   -9 -272
 5 26 D   -9 -273
 5 27 D   -9 -268
 5 28 D   -9 -270
 5 29 D   -9 -263
 5 30 D   -9 -268
 5 31 D   -9 -260
 5  1 H  290  331
 5  2 H  290  347
 5  3 H  290  370
 5  4 H  290  367
 5  5 H  290  351
 5  6 H  290  350
 5  7 H  290  370
 5  8 H  290  377
 5  9 H  290  371
 5 10 H  290  359
 5 11 H  290  379
 5 12 H  290  386
 5 13 H  290  373
 5 14 H  290  362
 5 15 H  290  364
 5 16 H  290  376
 5 17 H  290  384
 5 18 H  290  374
 5 19 H  290  347
 5 20 H  290  349
 5 21 H  290  341
 5 22 H  290  351
 5 23 H  290  349
 5 24 H  290  355
 5 25 H  290  356
 5 26 H  290  357
 5 27 H  290  354
 5 28 H  290  353
 5 29 H  290  359
 5 30 H  290  353
 5 31 H  290  365
 5  1 Z  230  778
 5  2 Z  230  772
 5  3 Z  230  760
 5  4 Z  230  764
 5  5 Z  230  773
 5  6 Z  230  773
 5  7 Z  230  767
 5  8 Z  230  762
 5  9 Z  230  760
 5 10 Z  230  768
 5 11 Z  230  765
 5 12 Z  230  768
 5 13 Z  230  765
 5 14 Z  230  760
 5 15 Z  230  765
 5 16 Z  230  760
 5 17 Z  230  761
 5 18 Z  230  760
 5 19 Z  230  765
 5 20 Z  230  761
 5 21 Z  230  765
 5 22 Z  230  764
 5 23 Z  230  767
 5 24 Z  230  769
 5 25 Z  230  762
 5 26 Z  230  762
 5 27 Z  230  761
 5 28 Z  230  765
 5 29 Z  230  766
 5 30 Z  230  765
 5 31 Z  230  760
 6  1 D   -9 -271
 6  2 D   -9 -271
 6  3 D   -9 -269
 6  4 D   -9 -265
 6  5 D   -9 -255
 6  6 D   -9 -264
 6  7 D   -9 -266
 6  8 D   -9 -270
 6  9 D   -9 -265
 6 10 D   -9 -270
 6 11 D   -9 -266
 6 12 D   -9 -267
 6 13 D   -9 -264
 6 14 D   -9 -270
 6 15 D   -9 -271
 6 16 D   -9 -267
 6 17 D   -9 -268
 6 18 D   -9 -268
 6 19 D   -9 -265
 6 20 D   -9 -262
 6 21 D   -9 -268
 6 22 D   -9 -262
 6 23 D   -9 -265
 6 24 D   -9 -261
 6 25 D   -9 -265
 6 26 D   -9 -267
 6 27 D   -9 -265
 6 28 D   -9 -267
 6 29 D   -9 -267
 6 30 D   -9 -270
 6  1 H  290  378
 6  2 H  290  377
 6  3 H  290  367
 6  4 H  290  353
 6  5 H  290  358
 6  6 H  290  368
 6  7 H  290  367
 6  8 H  290  382
 6  9 H  290  367
 6 10 H  290  369
 6 11 H  290  372
 6 12 H  290  372
 6 13 H  290  376
 6 14 H  290  380
 6 15 H  290  397
 6 16 H  290  351
 6 17 H  290  368
 6 18 H  290  371
 6 19 H  290  358
 6 20 H  290  351
 6 21 H  290  361
 6 22 H  290  354
 6 23 H  290  369
 6 24 H  290  353
 6 25 H  290  360
 6 26 H  290  369
 6 27 H  290  362
 6 28 H  290  354
 6 29 H  290  368
 6 30 H  290  371
 6  1 Z  230  754
 6  2 Z  230  757
 6  3 Z  230  756
 6  4 Z  230  761
 6  5 Z  230  759
 6  6 Z  230  760
 6  7 Z  230  760
 6  8 Z  230  755
 6  9 Z  230  761
 6 10 Z  230  756
 6 11 Z  230  759
 6 12 Z  230  758
 6 13 Z  230  755
 6 14 Z  230  759
 6 15 Z  230  754
 6 16 Z  230  763
 6 17 Z  230  757
 6 18 Z  230  754
 6 19 Z  230  755
 6 20 Z  230  760
 6 21 Z  230  759
 6 22 Z  230  761
 6 23 Z  230  758
 6 24 Z  230  760
 6 25 Z  230  758
 6 26 Z  230  755
 6 27 Z  230  759
 6 28 Z  230  759
 6 29 Z  230  756
 6 30 Z  230  757
 7  1 D   -9 -269
 7  2 D   -9 -273
 7  3 D   -9 -265
 7  4 D   -9 -272
 7  5 D   -9 -270
 7  6 D   -9 -273
 7  7 D   -9 -273
 7  8 D   -9 -273
 7  9 D   -9 -273
 7 10 D   -9 -269
 7 11 D   -9 -273
 7 12 D   -9 -269
 7 13 D   -9 -273
 7 14 D   -9 -268
 7 15 D   -9 -267
 7 16 D   -9 -261
 7 17 D   -9 -267
 7 18 D   -9 -267
 7 19 D   -9 -264
 7 20 D   -9 -266
 7 21 D   -9 -261
 7 22 D   -9 -264
 7 23 D   -9 -262
 7 24 D   -9 -262
 7 25 D   -9 -261
 7 26 D   -9 -261
 7 27 D   -9 -260
 7 28 D   -9 -263
 7 29 D   -9 -269
 7 30 D   -9 -268
 7 31 D   -9 -265
 7  1 H  290  374
 7  2 H  290  372
 7  3 H  290  374
 7  4 H  290  377
 7  5 H  290  376
 7  6 H  290  378
 7  7 H  290  379
 7  8 H  290  380
 7  9 H  290  377
 7 10 H  290  377
 7 11 H  290  371
 7 12 H  290  378
 7 13 H  290  342
 7 14 H  290  346
 7 15 H  290  355
 7 16 H  290  357
 7 17 H  290  358
 7 18 H  290  359
 7 19 H  290  361
 7 20 H  290  360
 7 21 H  290  364
 7 22 H  290  371
 7 23 H  290  374
 7 24 H  290  368
 7 25 H  290  369
 7 26 H  290  365
 7 27 H  290  376
 7 28 H  290  378
 7 29 H  290  374
 7 30 H  290  375
 7 31 H  290  393
 7  1 Z  230  756
 7  2 Z  230  753
 7  3 Z  230  755
 7  4 Z  230  753
 7  5 Z  230  755
 7  6 Z  230  754
 7  7 Z  230  755
 7  8 Z  230  754
 7  9 Z  230  752
 7 10 Z  230  751
 7 11 Z  230  755
 7 12 Z  230  748
 7 13 Z  230  758
 7 14 Z  230  758
 7 15 Z  230  757
 7 16 Z  230  755
 7 17 Z  230  755
 7 18 Z  230  757
 7 19 Z  230  755
 7 20 Z  230  755
 7 21 Z  230  752
 7 22 Z  230  751
 7 23 Z  230  751
 7 24 Z  230  750
 7 25 Z  230  751
 7 26 Z  230  754
 7 27 Z  230  751
 7 28 Z  230  749
 7 29 Z  230  751
 7 30 Z  230  749
 7 31 Z  230  749
 8  1 D   -9 -261
 8  2 D   -9 -260
 8  3 D   -9 -260
 8  4 D   -9 -265
 8  5 D   -9 -261
 8  6 D   -9 -255
 8  7 D   -9 -260
 8  8 D   -9 -250
 8  9 D   -9 -258
 8 10 D   -9 -260
 8 11 D   -9 -259
 8 12 D   -9 -251
 8 13 D   -9 -253
 8 14 D   -9 -258
 8 15 D   -9 -253
 8 16 D   -9 -257
 8 17 D   -9 -252
 8 18 D   -9 -257
 8 19 D   -9 -261
 8 20 D   -9 -254
 8 21 D   -9 -254
 8 22 D   -9 -256
 8 23 D   -9 -255
 8 24 D   -9 -250
 8 25 D   -9 -252
 8 26 D   -9 -255
 8 27 D   -9 -252
 8 28 D   -9 -256
 8 29 D   -9 -257
 8 30 D   -9 -254
 8 31 D   -9 -254
 8  1 H  290  327
 8  2 H  290  350
 8  3 H  290  355
 8  4 H  290  359
 8  5 H  290  364
 8  6 H  290  364
 8  7 H  290  383
 8  8 H  290  380
 8  9 H  290  373
 8 10 H  290  369
 8 11 H  290  373
 8 12 H  290  367
 8 13 H  290  376
 8 14 H  290  379
 8 15 H  290  372
 8 16 H  290  373
 8 17 H  290  366
 8 18 H  290  376
 8 19 H  290  369
 8 20 H  290  361
 8 21 H  290  374
 8 22 H  290  379
 8 23 H  290  384
 8 24 H  290  366
 8 25 H  290  365
 8 26 H  290  367
 8 27 H  290  367
 8 28 H  290  345
 8 29 H  290  354
 8 30 H  290  357
 8 31 H  290  363
 8  1 Z  230  758
 8  2 Z  230  752
 8  3 Z  230  750
 8  4 Z  230  754
 8  5 Z  230  751
 8  6 Z  230  744
 8  7 Z  230  748
 8  8 Z  230  747
 8  9 Z  230  748
 8 10 Z  230  750
 8 11 Z  230  747
 8 12 Z  230  749
 8 13 Z  230  746
 8 14 Z  230  746
 8 15 Z  230  749
 8 16 Z  230  747
 8 17 Z  230  749
 8 18 Z  230  746
 8 19 Z  230  745
 8 20 Z  230  749
 8 21 Z  230  746
 8 22 Z  230  746
 8 23 Z  230  744
 8 24 Z  230  749
 8 25 Z  230  747
 8 26 Z  230  743
 8 27 Z  230  748
 8 28 Z  230  749
 8 29 Z  230  747
 8 30 Z  230  746
 8 31 Z  230  743
 9  1 D   -9 -255
 9  2 D   -9 -251
 9  3 D   -9 -250
 9  4 D   -9  NaN
 9  5 D   -9  NaN
 9  6 D   -9 -260
 9  7 D   -9 -253
 9  8 D   -9 -252
 9  9 D   -9 -253
 9 10 D   -9 -255
 9 11 D   -9 -251
 9 12 D   -9 -254
 9 13 D   -9 -258
 9 14 D   -9 -252
 9 15 D   -9  NaN
 9 16 D   -9  NaN
 9 17 D   -9  NaN
 9 18 D   -9 -251
 9 19 D   -9 -252
 9 20 D   -9 -244
 9 21 D   -9 -243
 9 22 D   -9 -235
 9 23 D   -9 -244
 9 24 D   -9 -245
 9 25 D   -9 -249
 9 26 D   -9 -251
 9 27 D   -9 -247
 9 28 D   -9 -240
 9 29 D   -9 -240
 9 30 D   -9 -236
 9  1 H  290  366
 9  2 H  290  370
 9  3 H  290  369
 9  4 H  290  NaN
 9  5 H  290  NaN
 9  6 H  290  350
 9  7 H  290  368
 9  8 H  290  378
 9  9 H  290  372
 9 10 H  290  361
 9 11 H  290  357
 9 12 H  290  365
 9 13 H  290  374
 9 14 H  290  373
 9 15 H  290  NaN
 9 16 H  290  NaN
 9 17 H  290  NaN
 9 18 H  290  385
 9 19 H  290  361
 9 20 H  290  353
 9 21 H  290  363
 9 22 H  290  364
 9 23 H  290  341
 9 24 H  290  343
 9 25 H  290  346
 9 26 H  290  342
 9 27 H  290  353
 9 28 H  290  352
 9 29 H  290  362
 9 30 H  290  366
 9  1 Z  230  745
 9  2 Z  230  745
 9  3 Z  230  746
 9  4 Z  230  NaN
 9  5 Z  230  NaN
 9  6 Z  230  754
 9  7 Z  230  747
 9  8 Z  230  743
 9  9 Z  230  745
 9 10 Z  230  749
 9 11 Z  230  748
 9 12 Z  230  745
 9 13 Z  230  745
 9 14 Z  230  742
 9 15 Z  230  NaN
 9 16 Z  230  NaN
 9 17 Z  230  NaN
 9 18 Z  230  739
 9 19 Z  230  740
 9 20 Z  230  742
 9 21 Z  230  740
 9 22 Z  230  740
 9 23 Z  230  746
 9 24 Z  230  747
 9 25 Z  230  747
 9 26 Z  230  750
 9 27 Z  230  746
 9 28 Z  230  739
 9 29 Z  230  739
 9 30 Z  230  740
10  1 D   -9 -238
10  2 D   -9 -240
10  3 D   -9 -230
10  4 D   -9 -237
10  5 D   -9 -234
10  6 D   -9 -237
10  7 D   -9 -234
10  8 D   -9 -237
10  9 D   -9 -234
10 10 D   -9 -240
10 11 D   -9 -236
10 12 D   -9 -236
10 13 D   -9 -237
10 14 D   -9 -236
10 15 D   -9 -236
10 16 D   -9 -243
10 17 D   -9 -238
10 18 D   -9 -246
10 19 D   -9 -236
10 20 D   -9 -238
10 21 D   -9 -231
10 22 D   -9 -232
10 23 D   -9 -233
10 24 D   -9 -232
10 25 D   -9 -231
10 26 D   -9 -235
10 27 D   -9 -238
10 28 D   -9 -236
10 29 D   -9 -230
10 30 D   -9 -236
10 31 D   -9 -233
10  1 H  290  373
10  2 H  290  375
10  3 H  290  365
10  4 H  290  375
10  5 H  290  392
10  6 H  290  388
10  7 H  290  344
10  8 H  290  360
10  9 H  290  365
10 10 H  290  363
10 11 H  290  369
10 12 H  290  367
10 13 H  290  360
10 14 H  290  377
10 15 H  290  377
10 16 H  290  362
10 17 H  290  371
10 18 H  290  347
10 19 H  290  330
10 20 H  290  336
10 21 H  290  348
10 22 H  290  341
10 23 H  290  347
10 24 H  290  353
10 25 H  290  349
10 26 H  290  362
10 27 H  290  368
10 28 H  290  377
10 29 H  290  375
10 30 H  290  378
10 31 H  290  386
10  1 Z  230  739
10  2 Z  230  740
10  3 Z  230  739
10  4 Z  230  740
10  5 Z  230  734
10  6 Z  230  731
10  7 Z  230  741
10  8 Z  230  742
10  9 Z  230  742
10 10 Z  230  739
10 11 Z  230  736
10 12 Z  230  742
10 13 Z  230  738
10 14 Z  230  739
10 15 Z  230  736
10 16 Z  230  737
10 17 Z  230  736
10 18 Z  230  737
10 19 Z  230  742
10 20 Z  230  742
10 21 Z  230  741
10 22 Z  230  741
10 23 Z  230  740
10 24 Z  230  738
10 25 Z  230  739
10 26 Z  230  735
10 27 Z  230  737
10 28 Z  230  730
10 29 Z  230  731
10 30 Z  230  730
10 31 Z  230  727
11  1 D   -9 -239
11  2 D   -9 -231
11  3 D   -9 -232
11  4 D   -9 -230
11  5 D   -9 -231
11  6 D   -9 -233
11  7 D   -9 -230
11  8 D   -9 -229
11  9 D   -9 -234
11 10 D   -9 -235
11 11 D   -9 -230
11 12 D   -9 -231
11 13 D   -9 -233
11 14 D   -9 -231
11 15 D   -9 -224
11 16 D   -9 -213
11 17 D   -9 -230
11 18 D   -9 -226
11 19 D   -9 -223
11 20 D   -9 -227
11 21 D   -9 -227
11 22 D   -9 -226
11 23 D   -9 -224
11 24 D   -9 -228
11 25 D   -9 -225
11 26 D   -9 -224
11 27 D   -9 -226
11 28 D   -9 -225
11 29 D   -9 -226
11 30 D   -9 -228
11  1 H  290  370
11  2 H  290  373
11  3 H  290  369
11  4 H  290  368
11  5 H  290  370
11  6 H  290  376
11  7 H  290  369
11  8 H  290  370
11  9 H  290  374
11 10 H  290  376
11 11 H  290  369
11 12 H  290  371
11 13 H  290  377
11 14 H  290  373
11 15 H  290  351
11 16 H  290  295
11 17 H  290  332
11 18 H  290  347
11 19 H  290  356
11 20 H  290  350
11 21 H  290  363
11 22 H  290  373
11 23 H  290  372
11 24 H  290  375
11 25 H  290  380
11 26 H  290  372
11 27 H  290  375
11 28 H  290  376
11 29 H  290  375
11 30 H  290  359
11  1 Z  230  735
11  2 Z  230  732
11  3 Z  230  734
11  4 Z  230  735
11  5 Z  230  732
11  6 Z  230  731
11  7 Z  230  731
11  8 Z  230  731
11  9 Z  230  730
11 10 Z  230  729
11 11 Z  230  729
11 12 Z  230  730
11 13 Z  230  730
11 14 Z  230  728
11 15 Z  230  729
11 16 Z  230  744
11 17 Z  230  738
11 18 Z  230  737
11 19 Z  230  736
11 20 Z  230  734
11 21 Z  230  733
11 22 Z  230  731
11 23 Z  230  730
11 24 Z  230  727
11 25 Z  230  728
11 26 Z  230  728
11 27 Z  230  726
11 28 Z  230  727
11 29 Z  230  727
11 30 Z  230  730
12  1 D   -9 -225
12  2 D   -9 -217
12  3 D   -9 -223
12  4 D   -9 -218
12  5 D   -9 -221
12  6 D   -9 -220
12  7 D   -9 -219
12  8 D   -9 -221
12  9 D   -9 -224
12 10 D   -9 -222
12 11 D   -9 -222
12 12 D   -9 -226
12 13 D   -9 -224
12 14 D   -9 -221
12 15 D   -9 -221
12 16 D   -9 -222
12 17 D   -9 -224
12 18 D   -9 -221
12 19 D   -9 -218
12 20 D   -9 -223
12 21 D   -9 -223
12 22 D   -9 -220
12 23 D   -9 -220
12 24 D   -9 -221
12 25 D   -9 -220
12 26 D   -9 -221
12 27 D   -9 -215
12 28 D   -9 -215
12 29 D   -9 -218
12 30 D   -9 -217
12 31 D   -9 -216
12  1 H  290  369
12  2 H  290  359
12  3 H  290  366
12  4 H  290  364
12  5 H  290  367
12  6 H  290  371
12  7 H  290  367
12  8 H  290  373
12  9 H  290  377
12 10 H  290  380
12 11 H  290  373
12 12 H  290  366
12 13 H  290  369
12 14 H  290  364
12 15 H  290  369
12 16 H  290  363
12 17 H  290  358
12 18 H  290  365
12 19 H  290  374
12 20 H  290  377
12 21 H  290  382
12 22 H  290  376
12 23 H  290  380
12 24 H  290  381
12 25 H  290  383
12 26 H  290  361
12 27 H  290  356
12 28 H  290  357
12 29 H  290  362
12 30 H  290  369
12 31 H  290  361
12  1 Z  230  731
12  2 Z  230  734
12  3 Z  230  732
12  4 Z  230  731
12  5 Z  230  731
12  6 Z  230  731
12  7 Z  230  732
12  8 Z  230  729
12  9 Z  230  726
12 10 Z  230  725
12 11 Z  230  725
12 12 Z  230  729
12 13 Z  230  729
12 14 Z  230  729
12 15 Z  230  727
12 16 Z  230  727
12 17 Z  230  728
12 18 Z  230  728
12 19 Z  230  723
12 20 Z  230  724
12 21 Z  230  724
12 22 Z  230  725
12 23 Z  230  722
12 24 Z  230  723
12 25 Z  230  721
12 26 Z  230  726
12 27 Z  230  724
12 28 Z  230  727
12 29 Z  230  725
12 30 Z  230  722
12 31 Z  230  724
