 1  1 D   -9 -510
 1  2 D   -9 -503
 1  3 D   -9 -506
 1  4 D   -9 -505
 1  5 D   -9 -503
 1  6 D   -9 -507
 1  7 D   -9 -502
 1  8 D   -9 -502
 1  9 D   -9 -500
 1 10 D   -9 -500
 1 11 D   -9 -499
 1 12 D   -9 -498
 1 13 D   -9 -501
 1 14 D   -9 -497
 1 15 D   -9 -498
 1 16 D   -9 -500
 1 17 D   -9 -500
 1 18 D   -9 -494
 1 19 D   -9 -495
 1 20 D   -9 -498
 1 21 D   -9 -492
 1 22 D   -9 -493
 1 23 D   -9 -491
 1 24 D   -9 -493
 1 25 D   -9 -492
 1 26 D   -9 -498
 1 27 D   -9 -491
 1 28 D   -9 -499
 1 29 D   -9 -496
 1 30 D   -9 -493
 1 31 D   -9 -498
 1  1 H  290  269
 1  2 H  290  259
 1  3 H  290  260
 1  4 H  290  259
 1  5 H  290  278
 1  6 H  290  280
 1  7 H  290  274
 1  8 H  290  277
 1  9 H  290  279
 1 10 H  290  291
 1 11 H  290  293
 1 12 H  290  293
 1 13 H  290  303
 1 14 H  290  307
 1 15 H  290  292
 1 16 H  290  273
 1 17 H  290  272
 1 18 H  290  270
 1 19 H  290  276
 1 20 H  290  291
 1 21 H  290  299
 1 22 H  290  262
 1 23 H  290  270
 1 24 H  290  275
 1 25 H  290  277
 1 26 H  290  289
 1 27 H  290  283
 1 28 H  290  281
 1 29 H  290  293
 1 30 H  290  269
 1 31 H  290  261
 1  1 Z  230  935
 1  2 Z  230  935
 1  3 Z  230  936
 1  4 Z  230  937
 1  5 Z  230  933
 1  6 Z  230  933
 1  7 Z  230  933
 1  8 Z  230  934
 1  9 Z  230  931
 1 10 Z  230  928
 1 11 Z  230  928
 1 12 Z  230  925
 1 13 Z  230  923
 1 14 Z  230  923
 1 15 Z  230  924
 1 16 Z  230  928
 1 17 Z  230  930
 1 18 Z  230  927
 1 19 Z  230  927
 1 20 Z  230  926
 1 21 Z  230  922
 1 22 Z  230  929
 1 23 Z  230  927
 1 24 Z  230  925
 1 25 Z  230  925
 1 26 Z  230  926
 1 27 Z  230  924
 1 28 Z  230  923
 1 29 Z  230  922
 1 30 Z  230  921
 1 31 Z  230  926
 2  1 D   -9 -494
 2  2 D   -9 -489
 2  3 D   -9 -492
 2  4 D   -9 -495
 2  5 D   -9 -485
 2  6 D   -9 -493
 2  7 D   -9 -489
 2  8 D   -9 -493
 2  9 D   -9 -493
 2 10 D   -9 -495
 2 11 D   -9 -496
 2 12 D   -9 -490
 2 13 D   -9 -488
 2 14 D   -9 -497
 2 15 D   -9 -493
 2 16 D   -9 -496
 2 17 D   -9 -494
 2 18 D   -9 -489
 2 19 D   -9 -490
 2 20 D   -9 -486
 2 21 D   -9 -494
 2 22 D   -9 -484
 2 23 D   -9 -487
 2 24 D   -9 -492
 2 25 D   -9 -485
 2 26 D   -9 -484
 2 27 D   -9 -489
 2 28 D   -9 -488
 2  1 H  290  228
 2  2 H  290  227
 2  3 H  290  243
 2  4 H  290  NaN
 2  5 H  290  233
 2  6 H  290  226
 2  7 H  290  244
 2  8 H  290  254
 2  9 H  290  271
 2 10 H  290  249
 2 11 H  290  249
 2 12 H  290  239
 2 13 H  290  214
 2 14 H  290  230
 2 15 H  290  246
 2 16 H  290  270
 2 17 H  290  274
 2 18 H  290  274
 2 19 H  290  263
 2 20 H  290  272
 2 21 H  290  274
 2 22 H  290  243
 2 23 H  290  230
 2 24 H  290  264
 2 25 H  290  263
 2 26 H  290  265
 2 27 H  290  272
 2 28 H  290  296
 2  1 Z  230  933
 2  2 Z  230  938
 2  3 Z  230  NaN
 2  4 Z  230  NaN
 2  5 Z  230  935
 2  6 Z  230  937
 2  7 Z  230  935
 2  8 Z  230  932
 2  9 Z  230  934
 2 10 Z  230  933
 2 11 Z  230  936
 2 12 Z  230  935
 2 13 Z  230  939
 2 14 Z  230  942
 2 15 Z  230  937
 2 16 Z  230  931
 2 17 Z  230  931
 2 18 Z  230  932
 2 19 Z  230  933
 2 20 Z  230  927
 2 21 Z  230  926
 2 22 Z  230  934
 2 23 Z  230  939
 2 24 Z  230  932
 2 25 Z  230  931
 2 26 Z  230  930
 2 27 Z  230  928
 2 28 Z  230  925
 3  1 D   -9 -489
 3  2 D   -9 -477
 3  3 D   -9 -496
 3  4 D   -9 -494
 3  5 D   -9 -489
 3  6 D   -9 -493
 3  7 D   -9 -490
 3  8 D   -9 -490
 3  9 D   -9 -484
 3 10 D   -9 -483
 3 11 D   -9 -485
 3 12 D   -9 -489
 3 13 D   -9 -482
 3 14 D   -9 -494
 3 15 D   -9 -490
 3 16 D   -9 -489
 3 17 D   -9 -492
 3 18 D   -9 -482
 3 19 D   -9 -474
 3 20 D   -9 -482
 3 21 D   -9 -484
 3 22 D   -9 -483
 3 23 D   -9 -482
 3 24 D   -9 -489
 3 25 D   -9 -482
 3 26 D   -9 -485
 3 27 D   -9 -488
 3 28 D   -9 -485
 3 29 D   -9 -487
 3 30 D   -9 -482
 3 31 D   -9 -475
 3  1 H  290  271
 3  2 H  290  160
 3  3 H  290  249
 3  4 H  290  279
 3  5 H  290  285
 3  6 H  290  287
 3  7 H  290  299
 3  8 H  290  285
 3  9 H  290  267
 3 10 H  290  277
 3 11 H  290  283
 3 12 H  290  294
 3 13 H  290  293
 3 14 H  290  292
 3 15 H  290  294
 3 16 H  290  300
 3 17 H  290  326
 3 18 H  290  309
 3 19 H  290  295
 3 20 H  290  291
 3 21 H  290  292
 3 22 H  290  289
 3 23 H  290  293
 3 24 H  290  312
 3 25 H  290  294
 3 26 H  290  302
 3 27 H  290  304
 3 28 H  290  298
 3 29 H  290  294
 3 30 H  290  287
 3 31 H  290  NaN
 3  1 Z  230  926
 3  2 Z  230  954
 3  3 Z  230  932
 3  4 Z  230  927
 3  5 Z  230  932
 3  6 Z  230  930
 3  7 Z  230  923
 3  8 Z  230  926
 3  9 Z  230  928
 3 10 Z  230  926
 3 11 Z  230  926
 3 12 Z  230  927
 3 13 Z  230  923
 3 14 Z  230  924
 3 15 Z  230  924
 3 16 Z  230  921
 3 17 Z  230  917
 3 18 Z  230  922
 3 19 Z  230  918
 3 20 Z  230  916
 3 21 Z  230  923
 3 22 Z  230  920
 3 23 Z  230  913
 3 24 Z  230  917
 3 25 Z  230  918
 3 26 Z  230  918
 3 27 Z  230  911
 3 28 Z  230  911
 3 29 Z  230  910
 3 30 Z  230  910
 3 31 Z  230  NaN
 4  1 D   -9 -480
 4  2 D   -9 -473
 4  3 D   -9 -477
 4  4 D   -9 -478
 4  5 D   -9 -476
 4  6 D   -9 -483
 4  7 D   -9 -487
 4  8 D   -9 -482
 4  9 D   -9 -485
 4 10 D   -9 -484
 4 11 D   -9 -476
 4 12 D   -9 -484
 4 13 D   -9 -482
 4 14 D   -9 -480
 4 15 D   -9 -479
 4 16 D   -9 -480
 4 17 D   -9 -476
 4 18 D   -9 -476
 4 19 D   -9 -477
 4 20 D   -9 -478
 4 21 D   -9 -475
 4 22 D   -9 -474
 4 23 D   -9 -482
 4 24 D   -9 -481
 4 25 D   -9 -470
 4 26 D   -9 -479
 4 27 D   -9 -477
 4 28 D   -9 -472
 4 29 D   -9 -469
 4 30 D   -9 -468
 4  1 H  290  292
 4  2 H  290  248
 4  3 H  290  234
 4  4 H  290  270
 4  5 H  290  268
 4  6 H  290  280
 4  7 H  290  296
 4  8 H  290  297
 4  9 H  290  300
 4 10 H  290  237
 4 11 H  290  245
 4 12 H  290  273
 4 13 H  290  292
 4 14 H  290  300
 4 15 H  290  305
 4 16 H  290  304
 4 17 H  290  286
 4 18 H  290  287
 4 19 H  290  300
 4 20 H  290  299
 4 21 H  290  289
 4 22 H  290  292
 4 23 H  290  302
 4 24 H  290  313
 4 25 H  290  270
 4 26 H  290  282
 4 27 H  290  290
 4 28 H  290  287
 4 29 H  290  282
 4 30 H  290  270
 4  1 Z  230  913
 4  2 Z  230  926
 4  3 Z  230  933
 4  4 Z  230  922
 4  5 Z  230  927
 4  6 Z  230  922
 4  7 Z  230  920
 4  8 Z  230  923
 4  9 Z  230  920
 4 10 Z  230  926
 4 11 Z  230  931
 4 12 Z  230  921
 4 13 Z  230  917
 4 14 Z  230  914
 4 15 Z  230  912
 4 16 Z  230  912
 4 17 Z  230  916
 4 18 Z  230  916
 4 19 Z  230  915
 4 20 Z  230  916
 4 21 Z  230  914
 4 22 Z  230  914
 4 23 Z  230  911
 4 24 Z  230  910
 4 25 Z  230  917
 4 26 Z  230  911
 4 27 Z  230  915
 4 28 Z  230  919
 4 29 Z  230  921
 4 30 Z  230  915
 5  1 D   -9 -475
 5  2 D   -9 -475
 5  3 D   -9 -474
 5  4 D   -9 -474
 5  5 D   -9 -473
 5  6 D   -9 -475
 5  7 D   -9 -476
 5  8 D   -9 -465
 5  9 D   -9 -475
 5 10 D   -9 -470
 5 11 D   -9 -467
 5 12 D   -9 -467
 5 13 D   -9 -468
 5 14 D   -9 -474
 5 15 D   -9 -465
 5 16 D   -9 -470
 5 17 D   -9 -472
 5 18 D   -9 -468
 5 19 D   -9 -467
 5 20 D   -9 -468
 5 21 D   -9 -466
 5 22 D   -9 -470
 5 23 D   -9  NaN
 5 24 D   -9 -459
 5 25 D   -9 -468
 5 26 D   -9 -464
 5 27 D   -9 -466
 5 28 D   -9 -465
 5 29 D   -9 -466
 5 30 D   -9 -466
 5 31 D   -9 -461
 5  1 H  290  276
 5  2 H  290  281
 5  3 H  290  265
 5  4 H  290  283
 5  5 H  290  291
 5  6 H  290  294
 5  7 H  290  298
 5  8 H  290  308
 5  9 H  290  305
 5 10 H  290  310
 5 11 H  290  306
 5 12 H  290  313
 5 13 H  290  317
 5 14 H  290  317
 5 15 H  290  309
 5 16 H  290  314
 5 17 H  290  313
 5 18 H  290  304
 5 19 H  290  299
 5 20 H  290  312
 5 21 H  290  313
 5 22 H  290  312
 5 23 H  290  NaN
 5 24 H  290  319
 5 25 H  290  335
 5 26 H  290  322
 5 27 H  290  282
 5 28 H  290  273
 5 29 H  290  281
 5 30 H  290  287
 5 31 H  290  284
 5  1 Z  230  912
 5  2 Z  230  916
 5  3 Z  230  920
 5  4 Z  230  916
 5  5 Z  230  914
 5  6 Z  230  910
 5  7 Z  230  906
 5  8 Z  230  904
 5  9 Z  230  904
 5 10 Z  230  907
 5 11 Z  230  906
 5 12 Z  230  901
 5 13 Z  230  905
 5 14 Z  230  904
 5 15 Z  230  905
 5 16 Z  230  904
 5 17 Z  230  905
 5 18 Z  230  908
 5 19 Z  230  907
 5 20 Z  230  906
 5 21 Z  230  904
 5 22 Z  230  906
 5 23 Z  230  NaN
 5 24 Z  230  899
 5 25 Z  230  898
 5 26 Z  230  899
 5 27 Z  230  NaN
 5 28 Z  230  906
 5 29 Z  230  913
 5 30 Z  230  911
 5 31 Z  230  910
 6  1 D   -9 -463
 6  2 D   -9 -469
 6  3 D   -9 -466
 6  4 D   -9 -461
 6  5 D   -9 -462
 6  6 D   -9 -460
 6  7 D   -9 -465
 6  8 D   -9 -457
 6  9 D   -9 -462
 6 10 D   -9 -463
 6 11 D   -9 -462
 6 12 D   -9 -453
 6 13 D   -9 -446
 6 14 D   -9 -456
 6 15 D   -9 -463
 6 16 D   -9 -455
 6 17 D   -9 -459
 6 18 D   -9 -456
 6 19 D   -9 -464
 6 20 D   -9 -458
 6 21 D   -9 -465
 6 22 D   -9 -457
 6 23 D   -9 -462
 6 24 D   -9 -447
 6 25 D   -9 -456
 6 26 D   -9 -449
 6 27 D   -9 -457
 6 28 D   -9 -451
 6 29 D   -9 -459
 6 30 D   -9 -449
 6  1 H  290  285
 6  2 H  290  283
 6  3 H  290  300
 6  4 H  290  305
 6  5 H  290  314
 6  6 H  290  321
 6  7 H  290  291
 6  8 H  290  300
 6  9 H  290  322
 6 10 H  290  275
 6 11 H  290  287
 6 12 H  290  275
 6 13 H  290  271
 6 14 H  290  284
 6 15 H  290  293
 6 16 H  290  299
 6 17 H  290  306
 6 18 H  290  317
 6 19 H  290  297
 6 20 H  290  287
 6 21 H  290  302
 6 22 H  290  298
 6 23 H  290  264
 6 24 H  290  295
 6 25 H  290  280
 6 26 H  290  282
 6 27 H  290  274
 6 28 H  290  287
 6 29 H  290  298
 6 30 H  290  279
 6  1 Z  230  912
 6  2 Z  230  911
 6  3 Z  230  908
 6  4 Z  230  901
 6  5 Z  230  900
 6  6 Z  230  903
 6  7 Z  230  903
 6  8 Z  230  902
 6  9 Z  230  901
 6 10 Z  230  905
 6 11 Z  230  905
 6 12 Z  230  908
 6 13 Z  230  914
 6 14 Z  230  909
 6 15 Z  230  905
 6 16 Z  230  904
 6 17 Z  230  900
 6 18 Z  230  903
 6 19 Z  230  904
 6 20 Z  230  904
 6 21 Z  230  904
 6 22 Z  230  904
 6 23 Z  230  910
 6 24 Z  230  903
 6 25 Z  230  905
 6 26 Z  230  907
 6 27 Z  230  907
 6 28 Z  230  905
 6 29 Z  230  899
 6 30 Z  230  903
 7  1 D   -9 -453
 7  2 D   -9 -457
 7  3 D   -9 -457
 7  4 D   -9 -457
 7  5 D   -9 -463
 7  6 D   -9 -457
 7  7 D   -9 -460
 7  8 D   -9 -453
 7  9 D   -9 -455
 7 10 D   -9 -454
 7 11 D   -9 -456
 7 12 D   -9 -460
 7 13 D   -9 -458
 7 14 D   -9 -445
 7 15 D   -9 -440
 7 16 D   -9  NaN
 7 17 D   -9  NaN
 7 18 D   -9  NaN
 7 19 D   -9 -439
 7 20 D   -9 -447
 7 21 D   -9 -445
 7 22 D   -9 -454
 7 23 D   -9 -455
 7 24 D   -9 -454
 7 25 D   -9 -445
 7 26 D   -9 -449
 7 27 D   -9 -445
 7 28 D   -9 -446
 7 29 D   -9 -447
 7 30 D   -9 -455
 7 31 D   -9 -446
 7  1 H  290  292
 7  2 H  290  302
 7  3 H  290  300
 7  4 H  290  300
 7  5 H  290  322
 7  6 H  290  320
 7  7 H  290  306
 7  8 H  290  313
 7  9 H  290  307
 7 10 H  290  314
 7 11 H  290  314
 7 12 H  290  281
 7 13 H  290  251
 7 14 H  290  142
 7 15 H  290  219
 7 16 H  290  257
 7 17 H  290  NaN
 7 18 H  290  NaN
 7 19 H  290  271
 7 20 H  290  263
 7 21 H  290  282
 7 22 H  290  284
 7 23 H  290  282
 7 24 H  290  263
 7 25 H  290  276
 7 26 H  290  276
 7 27 H  290  282
 7 28 H  290  281
 7 29 H  290  281
 7 30 H  290  291
 7 31 H  290  279
 7  1 Z  230  904
 7  2 Z  230  901
 7  3 Z  230  898
 7  4 Z  230  898
 7  5 Z  230  894
 7  6 Z  230  894
 7  7 Z  230  898
 7  8 Z  230  899
 7  9 Z  230  896
 7 10 Z  230  896
 7 11 Z  230  895
 7 12 Z  230  901
 7 13 Z  230  914
 7 14 Z  230  933
 7 15 Z  230  917
 7 16 Z  230  NaN
 7 17 Z  230  NaN
 7 18 Z  230  NaN
 7 19 Z  230  903
 7 20 Z  230  902
 7 21 Z  230  900
 7 22 Z  230  901
 7 23 Z  230  900
 7 24 Z  230  909
 7 25 Z  230  907
 7 26 Z  230  909
 7 27 Z  230  906
 7 28 Z  230  904
 7 29 Z  230  902
 7 30 Z  230  903
 7 31 Z  230  903
 8  1 D   -9 -444
 8  2 D   -9 -445
 8  3 D   -9 -444
 8  4 D   -9 -447
 8  5 D   -9 -446
 8  6 D   -9 -450
 8  7 D   -9 -453
 8  8 D   -9 -444
 8  9 D   -9 -450
 8 10 D   -9 -443
 8 11 D   -9 -449
 8 12 D   -9 -444
 8 13 D   -9 -442
 8 14 D   -9 -445
 8 15 D   -9 -446
 8 16 D   -9 -451
 8 17 D   -9 -452
 8 18 D   -9 -445
 8 19 D   -9 -447
 8 20 D   -9 -448
 8 21 D   -9 -448
 8 22 D   -9 -449
 8 23 D   -9 -441
 8 24 D   -9 -444
 8 25 D   -9 -440
 8 26 D   -9 -439
 8 27 D   -9 -445
 8 28 D   -9 -446
 8 29 D   -9 -434
 8 30 D   -9 -435
 8 31 D   -9 -440
 8  1 H  290  290
 8  2 H  290  272
 8  3 H  290  268
 8  4 H  290  291
 8  5 H  290  283
 8  6 H  290  302
 8  7 H  290  228
 8  8 H  290  283
 8  9 H  290  280
 8 10 H  290  271
 8 11 H  290  272
 8 12 H  290  275
 8 13 H  290  284
 8 14 H  290  290
 8 15 H  290  286
 8 16 H  290  304
 8 17 H  290  303
 8 18 H  290  299
 8 19 H  290  308
 8 20 H  290  307
 8 21 H  290  305
 8 22 H  290  309
 8 23 H  290  308
 8 24 H  290  305
 8 25 H  290  304
 8 26 H  290  302
 8 27 H  290  306
 8 28 H  290  308
 8 29 H  290  277
 8 30 H  290  280
 8 31 H  290  288
 8  1 Z  230  906
 8  2 Z  230  905
 8  3 Z  230  899
 8  4 Z  230  897
 8  5 Z  230  896
 8  6 Z  230  893
 8  7 Z  230  910
 8  8 Z  230  902
 8  9 Z  230  901
 8 10 Z  230  902
 8 11 Z  230  896
 8 12 Z  230  900
 8 13 Z  230  901
 8 14 Z  230  902
 8 15 Z  230  901
 8 16 Z  230  895
 8 17 Z  230  898
 8 18 Z  230  898
 8 19 Z  230  894
 8 20 Z  230  897
 8 21 Z  230  896
 8 22 Z  230  896
 8 23 Z  230  895
 8 24 Z  230  896
 8 25 Z  230  896
 8 26 Z  230  891
 8 27 Z  230  888
 8 28 Z  230  890
 8 29 Z  230  896
 8 30 Z  230  893
 8 31 Z  230  892
 9  1 D   -9 -436
 9  2 D   -9 -436
 9  3 D   -9 -440
 9  4 D   -9 -436
 9  5 D   -9 -434
 9  6 D   -9 -448
 9  7 D   -9 -432
 9  8 D   -9 -447
 9  9 D   -9 -433
 9 10 D   -9 -430
 9 11 D   -9 -435
 9 12 D   -9 -439
 9 13 D   -9 -432
 9 14 D   -9 -430
 9 15 D   -9 -439
 9 16 D   -9 -438
 9 17 D   -9 -440
 9 18 D   -9 -440
 9 19 D   -9 -439
 9 20 D   -9 -439
 9 21 D   -9 -423
 9 22 D   -9 -435
 9 23 D   -9 -439
 9 24 D   -9 -437
 9 25 D   -9 -439
 9 26 D   -9 -443
 9 27 D   -9 -431
 9 28 D   -9 -433
 9 29 D   -9 -428
 9 30 D   -9 -435
 9  1 H  290  300
 9  2 H  290  302
 9  3 H  290  286
 9  4 H  290  281
 9  5 H  290  277
 9  6 H  290  122
 9  7 H  290  188
 9  8 H  290  258
 9  9 H  290  276
 9 10 H  290  283
 9 11 H  290  291
 9 12 H  290  292
 9 13 H  290  275
 9 14 H  290  288
 9 15 H  290  300
 9 16 H  290  300
 9 17 H  290  287
 9 18 H  290  279
 9 19 H  290  276
 9 20 H  290  284
 9 21 H  290  293
 9 22 H  290  211
 9 23 H  290  264
 9 24 H  290  272
 9 25 H  290  294
 9 26 H  290  221
 9 27 H  290  228
 9 28 H  290  285
 9 29 H  290  286
 9 30 H  290  286
 9  1 Z  230  889
 9  2 Z  230  890
 9  3 Z  230  891
 9  4 Z  230  892
 9  5 Z  230  892
 9  6 Z  230  921
 9  7 Z  230  911
 9  8 Z  230  901
 9  9 Z  230  896
 9 10 Z  230  899
 9 11 Z  230  898
 9 12 Z  230  890
 9 13 Z  230  895
 9 14 Z  230  892
 9 15 Z  230  891
 9 16 Z  230  889
 9 17 Z  230  889
 9 18 Z  230  889
 9 19 Z  230  893
 9 20 Z  230  893
 9 21 Z  230  890
 9 22 Z  230  902
 9 23 Z  230  892
 9 24 Z  230  894
 9 25 Z  230  887
 9 26 Z  230  901
 9 27 Z  230  901
 9 28 Z  230  889
 9 29 Z  230  891
 9 30 Z  230  891
10  1 D   -9 -429
10  2 D   -9 -432
10  3 D   -9 -438
10  4 D   -9 -438
10  5 D   -9 -437
10  6 D   -9 -436
10  7 D   -9 -435
10  8 D   -9 -433
10  9 D   -9 -433
10 10 D   -9 -427
10 11 D   -9 -429
10 12 D   -9 -420
10 13 D   -9 -425
10 14 D   -9 -433
10 15 D   -9 -425
10 16 D   -9 -426
10 17 D   -9 -423
10 18 D   -9 -425
10 19 D   -9 -427
10 20 D   -9 -429
10 21 D   -9 -424
10 22 D   -9 -427
10 23 D   -9 -428
10 24 D   -9 -426
10 25 D   -9 -427
10 26 D   -9 -424
10 27 D   -9 -423
10 28 D   -9 -422
10 29 D   -9 -423
10 30 D   -9 -417
10 31 D   -9 -421
10  1 H  290  272
10  2 H  290  262
10  3 H  290  277
10  4 H  290  282
10  5 H  290  298
10  6 H  290  286
10  7 H  290  259
10  8 H  290  281
10  9 H  290  303
10 10 H  290  313
10 11 H  290  308
10 12 H  290  303
10 13 H  290  276
10 14 H  290  267
10 15 H  290  291
10 16 H  290  303
10 17 H  290  295
10 18 H  290  288
10 19 H  290  302
10 20 H  290  300
10 21 H  290  309
10 22 H  290  315
10 23 H  290  313
10 24 H  290  316
10 25 H  290  287
10 26 H  290  286
10 27 H  290  298
10 28 H  290  314
10 29 H  290  277
10 30 H  290  267
10 31 H  290  281
10  1 Z  230  892
10  2 Z  230  893
10  3 Z  230  888
10  4 Z  230  885
10  5 Z  230  882
10  6 Z  230  886
10  7 Z  230  895
10  8 Z  230  890
10  9 Z  230  885
10 10 Z  230  881
10 11 Z  230  883
10 12 Z  230  878
10 13 Z  230  885
10 14 Z  230  892
10 15 Z  230  885
10 16 Z  230  879
10 17 Z  230  882
10 18 Z  230  882
10 19 Z  230  878
10 20 Z  230  879
10 21 Z  230  873
10 22 Z  230  871
10 23 Z  230  871
10 24 Z  230  871
10 25 Z  230  877
10 26 Z  230  878
10 27 Z  230  875
10 28 Z  230  874
10 29 Z  230  878
10 30 Z  230  879
10 31 Z  230  878
11  1 D   -9 -418
11  2 D   -9 -418
11  3 D   -9 -425
11  4 D   -9 -419
11  5 D   -9 -424
11  6 D   -9 -419
11  7 D   -9 -424
11  8 D   -9 -428
11  9 D   -9 -426
11 10 D   -9 -425
11 11 D   -9 -415
11 12 D   -9 -418
11 13 D   -9 -414
11 14 D   -9 -419
11 15 D   -9 -419
11 16 D   -9 -424
11 17 D   -9 -422
11 18 D   -9 -421
11 19 D   -9 -422
11 20 D   -9 -420
11 21 D   -9 -420
11 22 D   -9 -410
11 23 D   -9 -416
11 24 D   -9 -408
11 25 D   -9 -422
11 26 D   -9 -416
11 27 D   -9 -417
11 28 D   -9 -418
11 29 D   -9 -416
11 30 D   -9 -417
11  1 H  290  262
11  2 H  290  265
11  3 H  290  273
11  4 H  290  288
11  5 H  290  304
11  6 H  290  305
11  7 H  290  304
11  8 H  290  319
11  9 H  290  314
11 10 H  290  308
11 11 H  290  301
11 12 H  290  303
11 13 H  290  304
11 14 H  290  307
11 15 H  290  304
11 16 H  290  306
11 17 H  290  315
11 18 H  290  298
11 19 H  290  305
11 20 H  290  313
11 21 H  290  287
11 22 H  290  253
11 23 H  290  265
11 24 H  290  200
11 25 H  290  208
11 26 H  290  261
11 27 H  290  273
11 28 H  290  284
11 29 H  290  269
11 30 H  290  278
11  1 Z  230  884
11  2 Z  230  884
11  3 Z  230  879
11  4 Z  230  876
11  5 Z  230  876
11  6 Z  230  872
11  7 Z  230  870
11  8 Z  230  868
11  9 Z  230  869
11 10 Z  230  869
11 11 Z  230  872
11 12 Z  230  871
11 13 Z  230  869
11 14 Z  230  870
11 15 Z  230  867
11 16 Z  230  871
11 17 Z  230  868
11 18 Z  230  868
11 19 Z  230  869
11 20 Z  230  867
11 21 Z  230  868
11 22 Z  230  878
11 23 Z  230  872
11 24 Z  230  887
11 25 Z  230  891
11 26 Z  230  884
11 27 Z  230  878
11 28 Z  230  875
11 29 Z  230  877
11 30 Z  230  875
12  1 D   -9 -413
12  2 D   -9 -419
12  3 D   -9 -417
12  4 D   -9 -415
12  5 D   -9 -412
12  6 D   -9 -414
12  7 D   -9 -419
12  8 D   -9 -418
12  9 D   -9 -414
12 10 D   -9 -411
12 11 D   -9 -410
12 12 D   -9 -411
12 13 D   -9 -411
12 14 D   -9 -409
12 15 D   -9 -408
12 16 D   -9 -408
12 17 D   -9 -403
12 18 D   -9 -415
12 19 D   -9 -420
12 20 D   -9 -411
12 21 D   -9  NaN
12 22 D   -9 -411
12 23 D   -9 -411
12 24 D   -9 -410
12 25 D   -9 -409
12 26 D   -9 -411
12 27 D   -9 -405
12 28 D   -9 -408
12 29 D   -9 -407
12 30 D   -9 -402
12 31 D   -9 -401
12  1 H  290  297
12  2 H  290  307
12  3 H  290  308
12  4 H  290  310
12  5 H  290  280
12  6 H  290  309
12  7 H  290  280
12  8 H  290  246
12  9 H  290  283
12 10 H  290  282
12 11 H  290  268
12 12 H  290  287
12 13 H  290  297
12 14 H  290  301
12 15 H  290  315
12 16 H  290  293
12 17 H  290  260
12 18 H  290  262
12 19 H  290  306
12 20 H  290  273
12 21 H  290  NaN
12 22 H  290  262
12 23 H  290  267
12 24 H  290  284
12 25 H  290  296
12 26 H  290  296
12 27 H  290  310
12 28 H  290  292
12 29 H  290  295
12 30 H  290  300
12 31 H  290  306
12  1 Z  230  871
12  2 Z  230  866
12  3 Z  230  868
12  4 Z  230  866
12  5 Z  230  876
12  6 Z  230  869
12  7 Z  230  871
12  8 Z  230  875
12  9 Z  230  869
12 10 Z  230  872
12 11 Z  230  872
12 12 Z  230  870
12 13 Z  230  869
12 14 Z  230  867
12 15 Z  230  863
12 16 Z  230  868
12 17 Z  230  873
12 18 Z  230  873
12 19 Z  230  867
12 20 Z  230  872
12 21 Z  230  NaN
12 22 Z  230  875
12 23 Z  230  873
12 24 Z  230  870
12 25 Z  230  866
12 26 Z  230  867
12 27 Z  230  865
12 28 Z  230  868
12 29 Z  230  866
12 30 Z  230  867
12 31 Z  230  864
