 1  1 D -013  483
 1  2 D -013  479
 1  3 D -013  481
 1  4 D -013  480
 1  5 D -013  478
 1  6 D -013  480
 1  7 D -013  480
 1  8 D -013  482
 1  9 D -013  488
 1 10 D -013  481
 1 11 D -013  484
 1 12 D -013  482
 1 13 D -013  482
 1 14 D -013  481
 1 15 D -013  482
 1 16 D -013  483
 1 17 D -013  482
 1 18 D -013  486
 1 19 D -013  483
 1 20 D -013  485
 1 21 D -013  487
 1 22 D -013  481
 1 23 D -013  482
 1 24 D -013  479
 1 25 D -013  492
 1 26 D -013  487
 1 27 D -013  489
 1 28 D -013  484
 1 29 D -013  486
 1 30 D -013  482
 1 31 D -013  482
 1  1 H  280  467
 1  2 H  280  415
 1  3 H  280  437
 1  4 H  280  450
 1  5 H  280  462
 1  6 H  280  455
 1  7 H  280  450
 1  8 H  280  450
 1  9 H  280  445
 1 10 H  280  457
 1 11 H  280  453
 1 12 H  280  464
 1 13 H  280  468
 1 14 H  280  465
 1 15 H  280  472
 1 16 H  280  447
 1 17 H  280  441
 1 18 H  280  440
 1 19 H  280  446
 1 20 H  280  445
 1 21 H  280  450
 1 22 H  280  450
 1 23 H  280  464
 1 24 H  280  445
 1 25 H  280  444
 1 26 H  280  445
 1 27 H  280  460
 1 28 H  280  473
 1 29 H  280  463
 1 30 H  280  474
 1 31 H  280  477
 1  1 Z  250  420
 1  2 Z  250  425
 1  3 Z  250  425
 1  4 Z  250  426
 1  5 Z  250  428
 1  6 Z  250  426
 1  7 Z  250  423
 1  8 Z  250  421
 1  9 Z  250  422
 1 10 Z  250  425
 1 11 Z  250  422
 1 12 Z  250  420
 1 13 Z  250  416
 1 14 Z  250  414
 1 15 Z  250  414
 1 16 Z  250  414
 1 17 Z  250  415
 1 18 Z  250  411
 1 19 Z  250  416
 1 20 Z  250  416
 1 21 Z  250  412
 1 22 Z  250  415
 1 23 Z  250  414
 1 24 Z  250  417
 1 25 Z  250  418
 1 26 Z  250  419
 1 27 Z  250  420
 1 28 Z  250  421
 1 29 Z  250  428
 1 30 Z  250  425
 1 31 Z  250  428
 2  1 D -013  491
 2  2 D -013  494
 2  3 D -013  495
 2  4 D -013  496
 2  5 D -013  499
 2  6 D -013  498
 2  7 D -013  495
 2  8 D -013  502
 2  9 D -013  499
 2 10 D -013  500
 2 11 D -013  502
 2 12 D -013  499
 2 13 D -013  494
 2 14 D -013  502
 2 15 D -013  495
 2 16 D -013  498
 2 17 D -013  502
 2 18 D -013  500
 2 19 D -013  500
 2 20 D -013  501
 2 21 D -013  503
 2 22 D -013  509
 2 23 D -013  507
 2 24 D -013  509
 2 25 D -013  507
 2 26 D -013  506
 2 27 D -013  510
 2 28 D -013  506
 2 29 D -013  505
 2  1 H  280  478
 2  2 H  280  468
 2  3 H  280  464
 2  4 H  280  453
 2  5 H  280  452
 2  6 H  280  430
 2  7 H  280  428
 2  8 H  280  436
 2  9 H  280  438
 2 10 H  280  443
 2 11 H  280  448
 2 12 H  280  460
 2 13 H  280  427
 2 14 H  280  438
 2 15 H  280  456
 2 16 H  280  458
 2 17 H  280  447
 2 18 H  280  447
 2 19 H  280  441
 2 20 H  280  458
 2 21 H  280  412
 2 22 H  280  418
 2 23 H  280  421
 2 24 H  280  430
 2 25 H  280  430
 2 26 H  280  423
 2 27 H  280  429
 2 28 H  280  445
 2 29 H  280  451
 2  1 Z  250  421
 2  2 Z  250  414
 2  3 Z  250  412
 2  4 Z  250  404
 2  5 Z  250  404
 2  6 Z  250  406
 2  7 Z  250  405
 2  8 Z  250  408
 2  9 Z  250  410
 2 10 Z  250  407
 2 11 Z  250  406
 2 12 Z  250  406
 2 13 Z  250  408
 2 14 Z  250  406
 2 15 Z  250  408
 2 16 Z  250  404
 2 17 Z  250  401
 2 18 Z  250  401
 2 19 Z  250  399
 2 20 Z  250  394
 2 21 Z  250  401
 2 22 Z  250  395
 2 23 Z  250  395
 2 24 Z  250  393
 2 25 Z  250  390
 2 26 Z  250  396
 2 27 Z  250  396
 2 28 Z  250  401
 2 29 Z  250  400
 3  1 D -013  488
 3  2 D -013  489
 3  3 D -013  491
 3  4 D -013  498
 3  5 D -013  496
 3  6 D -013  491
 3  7 D -013  491
 3  8 D -013  492
 3  9 D -013  493
 3 10 D -013  494
 3 11 D -013  488
 3 12 D -013  498
 3 13 D -013  489
 3 14 D -013  493
 3 15 D -013  494
 3 16 D -013  498
 3 17 D -013  501
 3 18 D -013  499
 3 19 D -013  498
 3 20 D -013  498
 3 21 D -013  507
 3 22 D -013  506
 3 23 D -013  508
 3 24 D -013  505
 3 25 D -013  505
 3 26 D -013  503
 3 27 D -013  505
 3 28 D -013  504
 3 29 D -013  503
 3 30 D -013  495
 3 31 D -013  499
 3  1 H  280  478
 3  2 H  280  490
 3  3 H  280  486
 3  4 H  280  434
 3  5 H  280  427
 3  6 H  280  433
 3  7 H  280  435
 3  8 H  280  449
 3  9 H  280  455
 3 10 H  280  459
 3 11 H  280  458
 3 12 H  280  458
 3 13 H  280  470
 3 14 H  280  447
 3 15 H  280  430
 3 16 H  280  441
 3 17 H  280  432
 3 18 H  280  442
 3 19 H  280  443
 3 20 H  280  442
 3 21 H  280  429
 3 22 H  280  416
 3 23 H  280  402
 3 24 H  280  389
 3 25 H  280  408
 3 26 H  280  411
 3 27 H  280  426
 3 28 H  280  436
 3 29 H  280  451
 3 30 H  280  440
 3 31 H  280  444
 3  1 Z  250  399
 3  2 Z  250  398
 3  3 Z  250  396
 3  4 Z  250  404
 3  5 Z  250  400
 3  6 Z  250  394
 3  7 Z  250  393
 3  8 Z  250  396
 3  9 Z  250  397
 3 10 Z  250  398
 3 11 Z  250  400
 3 12 Z  250  397
 3 13 Z  250  396
 3 14 Z  250  395
 3 15 Z  250  386
 3 16 Z  250  385
 3 17 Z  250  382
 3 18 Z  250  381
 3 19 Z  250  381
 3 20 Z  250  379
 3 21 Z  250  380
 3 22 Z  250  379
 3 23 Z  250  377
 3 24 Z  250  373
 3 25 Z  250  375
 3 26 Z  250  377
 3 27 Z  250  377
 3 28 Z  250  376
 3 29 Z  250  377
 3 30 Z  250  382
 3 31 Z  250  384
 4  1 D -013  488
 4  2 D -013  490
 4  3 D -013  499
 4  4 D -013  498
 4  5 D -013  492
 4  6 D -013  492
 4  7 D -013  490
 4  8 D -013  487
 4  9 D -013  491
 4 10 D -013  490
 4 11 D -013  488
 4 12 D -013  485
 4 13 D -013  495
 4 14 D -013  493
 4 15 D -013  491
 4 16 D -013  501
 4 17 D -013  500
 4 18 D -013  492
 4 19 D -013  502
 4 20 D -013  500
 4 21 D -013  500
 4 22 D -013  497
 4 23 D -013  493
 4 24 D -013  499
 4 25 D -013  507
 4 26 D -013  520
 4 27 D -013  512
 4 28 D -013  519
 4 29 D -013  521
 4 30 D -013  513
 4  1 H  280  451
 4  2 H  280  453
 4  3 H  280  470
 4  4 H  280  478
 4  5 H  280  493
 4  6 H  280  497
 4  7 H  280  500
 4  8 H  280  504
 4  9 H  280  512
 4 10 H  280  499
 4 11 H  280  491
 4 12 H  280  499
 4 13 H  280  519
 4 14 H  280  488
 4 15 H  280  483
 4 16 H  280  477
 4 17 H  280  475
 4 18 H  280  477
 4 19 H  280  481
 4 20 H  280  476
 4 21 H  280  476
 4 22 H  280  491
 4 23 H  280  495
 4 24 H  280  482
 4 25 H  280  455
 4 26 H  280  415
 4 27 H  280  398
 4 28 H  280  386
 4 29 H  280  394
 4 30 H  280  405
 4  1 Z  250  397
 4  2 Z  250  402
 4  3 Z  250  401
 4  4 Z  250  398
 4  5 Z  250  402
 4  6 Z  250  402
 4  7 Z  250  401
 4  8 Z  250  399
 4  9 Z  250  399
 4 10 Z  250  398
 4 11 Z  250  400
 4 12 Z  250  394
 4 13 Z  250  400
 4 14 Z  250  392
 4 15 Z  250  387
 4 16 Z  250  390
 4 17 Z  250  391
 4 18 Z  250  387
 4 19 Z  250  393
 4 20 Z  250  388
 4 21 Z  250  391
 4 22 Z  250  390
 4 23 Z  250  391
 4 24 Z  250  385
 4 25 Z  250  377
 4 26 Z  250  370
 4 27 Z  250  370
 4 28 Z  250  369
 4 29 Z  250  368
 4 30 Z  250  367
 5  1 D -013  496
 5  2 D -013  500
 5  3 D -013  506
 5  4 D -013  503
 5  5 D -013  505
 5  6 D -013  508
 5  7 D -013  507
 5  8 D -013  504
 5  9 D -013  505
 5 10 D -013  513
 5 11 D -013  527
 5 12 D -013  512
 5 13 D -013  520
 5 14 D -013  522
 5 15 D -013  528
 5 16 D -013  539
 5 17 D -013  539
 5 18 D -013  533
 5 19 D -013  529
 5 20 D -013  521
 5 21 D -013  524
 5 22 D -013  523
 5 23 D -013  520
 5 24 D -013  512
 5 25 D -013  519
 5 26 D -013  517
 5 27 D -013  519
 5 28 D -013  518
 5 29 D -013  520
 5 30 D -013  519
 5 31 D -013  513
 5  1 H  280  404
 5  2 H  280  418
 5  3 H  280  425
 5  4 H  280  437
 5  5 H  280  437
 5  6 H  280  432
 5  7 H  280  429
 5  8 H  280  441
 5  9 H  280  436
 5 10 H  280  408
 5 11 H  280  370
 5 12 H  280  387
 5 13 H  280  375
 5 14 H  280  360
 5 15 H  280  336
 5 16 H  280  324
 5 17 H  280  320
 5 18 H  280  350
 5 19 H  280  368
 5 20 H  280  373
 5 21 H  280  388
 5 22 H  280  NaN
 5 23 H  280  NaN
 5 24 H  280  NaN
 5 25 H  280  NaN
 5 26 H  280  NaN
 5 27 H  280  NaN
 5 28 H  280  448
 5 29 H  280  440
 5 30 H  280  436
 5 31 H  280  442
 5  1 Z  250  377
 5  2 Z  250  373
 5  3 Z  250  372
 5  4 Z  250  371
 5  5 Z  250  369
 5  6 Z  250  367
 5  7 Z  250  366
 5  8 Z  250  361
 5  9 Z  250  365
 5 10 Z  250  365
 5 11 Z  250  365
 5 12 Z  250  361
 5 13 Z  250  353
 5 14 Z  250  347
 5 15 Z  250  343
 5 16 Z  250  336
 5 17 Z  250  337
 5 18 Z  250  338
 5 19 Z  250  345
 5 20 Z  250  347
 5 21 Z  250  347
 5 22 Z  250  349
 5 23 Z  250  352
 5 24 Z  250  358
 5 25 Z  250  363
 5 26 Z  250  361
 5 27 Z  250  358
 5 28 Z  250  363
 5 29 Z  250  361
 5 30 Z  250  360
 5 31 Z  250  358
 6  1 D -013  NaN
 6  2 D -013  506
 6  3 D -013  508
 6  4 D -013  509
 6  5 D -013  511
 6  6 D -013  521
 6  7 D -013  513
 6  8 D -013  517
 6  9 D -013  522
 6 10 D -013  516
 6 11 D -013  519
 6 12 D -013  513
 6 13 D -013  516
 6 14 D -013  516
 6 15 D -013  519
 6 16 D -013  518
 6 17 D -013  518
 6 18 D -013  516
 6 19 D -013  514
 6 20 D -013  522
 6 21 D -013  517
 6 22 D -013  512
 6 23 D -013  515
 6 24 D -013  521
 6 25 D -013  523
 6 26 D -013  515
 6 27 D -013  518
 6 28 D -013  519
 6 29 D -013  523
 6 30 D -013  523
 6  1 H  280  NaN
 6  2 H  280  451
 6  3 H  280  445
 6  4 H  280  439
 6  5 H  280  436
 6  6 H  280  427
 6  7 H  280  422
 6  8 H  280  420
 6  9 H  280  413
 6 10 H  280  386
 6 11 H  280  387
 6 12 H  280  407
 6 13 H  280  422
 6 14 H  280  432
 6 15 H  280  423
 6 16 H  280  412
 6 17 H  280  412
 6 18 H  280  423
 6 19 H  280  427
 6 20 H  280  426
 6 21 H  280  442
 6 22 H  280  444
 6 23 H  280  441
 6 24 H  280  429
 6 25 H  280  419
 6 26 H  280  419
 6 27 H  280  427
 6 28 H  280  415
 6 29 H  280  419
 6 30 H  280  424
 6  1 Z  250  NaN
 6  2 Z  250  358
 6  3 Z  250  360
 6  4 Z  250  360
 6  5 Z  250  359
 6  6 Z  250  359
 6  7 Z  250  351
 6  8 Z  250  350
 6  9 Z  250  350
 6 10 Z  250  355
 6 11 Z  250  357
 6 12 Z  250  359
 6 13 Z  250  358
 6 14 Z  250  359
 6 15 Z  250  356
 6 16 Z  250  355
 6 17 Z  250  351
 6 18 Z  250  352
 6 19 Z  250  355
 6 20 Z  250  360
 6 21 Z  250  362
 6 22 Z  250  363
 6 23 Z  250  361
 6 24 Z  250  362
 6 25 Z  250  354
 6 26 Z  250  355
 6 27 Z  250  353
 6 28 Z  250  355
 6 29 Z  250  356
 6 30 Z  250  351
 7  1 D -013  521
 7  2 D -013  516
 7  3 D -013  NaN
 7  4 D -013  520
 7  5 D -013  526
 7  6 D -013  525
 7  7 D -013  527
 7  8 D -013  529
 7  9 D -013  528
 7 10 D -013  531
 7 11 D -013  528
 7 12 D -013  524
 7 13 D -013  528
 7 14 D -013  526
 7 15 D -013  531
 7 16 D -013  537
 7 17 D -013  536
 7 18 D -013  542
 7 19 D -013  541
 7 20 D -013  551
 7 21 D -013  540
 7 22 D -013  539
 7 23 D -013  536
 7 24 D -013  533
 7 25 D -013  538
 7 26 D -013  537
 7 27 D -013  538
 7 28 D -013  546
 7 29 D -013  544
 7 30 D -013  549
 7 31 D -013  547
 7  1 H  280  439
 7  2 H  280  441
 7  3 H  280  NaN
 7  4 H  280  416
 7  5 H  280  410
 7  6 H  280  417
 7  7 H  280  422
 7  8 H  280  404
 7  9 H  280  403
 7 10 H  280  385
 7 11 H  280  388
 7 12 H  280  415
 7 13 H  280  409
 7 14 H  280  413
 7 15 H  280  404
 7 16 H  280  395
 7 17 H  280  369
 7 18 H  280  348
 7 19 H  280  352
 7 20 H  280  349
 7 21 H  280  371
 7 22 H  280  373
 7 23 H  280  386
 7 24 H  280  395
 7 25 H  280  397
 7 26 H  280  388
 7 27 H  280  370
 7 28 H  280  377
 7 29 H  280  382
 7 30 H  280  377
 7 31 H  280  370
 7  1 Z  250  345
 7  2 Z  250  343
 7  3 Z  250  NaN
 7  4 Z  250  345
 7  5 Z  250  346
 7  6 Z  250  340
 7  7 Z  250  341
 7  8 Z  250  344
 7  9 Z  250  338
 7 10 Z  250  337
 7 11 Z  250  333
 7 12 Z  250  340
 7 13 Z  250  344
 7 14 Z  250  338
 7 15 Z  250  334
 7 16 Z  250  330
 7 17 Z  250  324
 7 18 Z  250  322
 7 19 Z  250  321
 7 20 Z  250  324
 7 21 Z  250  327
 7 22 Z  250  325
 7 23 Z  250  328
 7 24 Z  250  329
 7 25 Z  250  328
 7 26 Z  250  326
 7 27 Z  250  319
 7 28 Z  250  320
 7 29 Z  250  321
 7 30 Z  250  320
 7 31 Z  250  320
 8  1 D -013  549
 8  2 D -013  549
 8  3 D -013  546
 8  4 D -013  551
 8  5 D -013  548
 8  6 D -013  547
 8  7 D -013  547
 8  8 D -013  542
 8  9 D -013  534
 8 10 D -013  538
 8 11 D -013  539
 8 12 D -013  540
 8 13 D -013  537
 8 14 D -013  532
 8 15 D -013  534
 8 16 D -013  537
 8 17 D -013  539
 8 18 D -013  542
 8 19 D -013  536
 8 20 D -013  535
 8 21 D -013  538
 8 22 D -013  536
 8 23 D -013  543
 8 24 D -013  542
 8 25 D -013  544
 8 26 D -013  547
 8 27 D -013  547
 8 28 D -013  553
 8 29 D -013  558
 8 30 D -013  554
 8 31 D -013  559
 8  1 H  280  370
 8  2 H  280  374
 8  3 H  280  376
 8  4 H  280  355
 8  5 H  280  358
 8  6 H  280  365
 8  7 H  280  364
 8  8 H  280  376
 8  9 H  280  387
 8 10 H  280  402
 8 11 H  280  406
 8 12 H  280  405
 8 13 H  280  408
 8 14 H  280  410
 8 15 H  280  411
 8 16 H  280  414
 8 17 H  280  406
 8 18 H  280  410
 8 19 H  280  408
 8 20 H  280  416
 8 21 H  280  424
 8 22 H  280  409
 8 23 H  280  405
 8 24 H  280  406
 8 25 H  280  392
 8 26 H  280  379
 8 27 H  280  369
 8 28 H  280  357
 8 29 H  280  357
 8 30 H  280  378
 8 31 H  280  392
 8  1 Z  250  318
 8  2 Z  250  317
 8  3 Z  250  315
 8  4 Z  250  315
 8  5 Z  250  316
 8  6 Z  250  317
 8  7 Z  250  314
 8  8 Z  250  321
 8  9 Z  250  322
 8 10 Z  250  323
 8 11 Z  250  322
 8 12 Z  250  325
 8 13 Z  250  323
 8 14 Z  250  324
 8 15 Z  250  327
 8 16 Z  250  325
 8 17 Z  250  324
 8 18 Z  250  320
 8 19 Z  250  321
 8 20 Z  250  324
 8 21 Z  250  320
 8 22 Z  250  318
 8 23 Z  250  318
 8 24 Z  250  318
 8 25 Z  250  312
 8 26 Z  250  313
 8 27 Z  250  313
 8 28 Z  250  306
 8 29 Z  250  300
 8 30 Z  250  303
 8 31 Z  250  308
 9  1 D -013  553
 9  2 D -013  552
 9  3 D -013  555
 9  4 D -013  552
 9  5 D -013  552
 9  6 D -013  NaN
 9  7 D -013  553
 9  8 D -013  544
 9  9 D -013  551
 9 10 D -013  560
 9 11 D -013  557
 9 12 D -013  548
 9 13 D -013  551
 9 14 D -013  548
 9 15 D -013  546
 9 16 D -013  540
 9 17 D -013  540
 9 18 D -013  542
 9 19 D -013  543
 9 20 D -013  546
 9 21 D -013  552
 9 22 D -013  NaN
 9 23 D -013  553
 9 24 D -013  549
 9 25 D -013  553
 9 26 D -013  550
 9 27 D -013  553
 9 28 D -013  552
 9 29 D -013  554
 9 30 D -013  559
 9  1 H  280  376
 9  2 H  280  372
 9  3 H  280  369
 9  4 H  280  367
 9  5 H  280  375
 9  6 H  280  NaN
 9  7 H  280  383
 9  8 H  280  392
 9  9 H  280  385
 9 10 H  280  389
 9 11 H  280  NaN
 9 12 H  280  403
 9 13 H  280  403
 9 14 H  280  407
 9 15 H  280  422
 9 16 H  280  419
 9 17 H  280  434
 9 18 H  280  439
 9 19 H  280  430
 9 20 H  280  425
 9 21 H  280  419
 9 22 H  280  NaN
 9 23 H  280  392
 9 24 H  280  409
 9 25 H  280  414
 9 26 H  280  421
 9 27 H  280  417
 9 28 H  280  388
 9 29 H  280  389
 9 30 H  280  392
 9  1 Z  250  318
 9  2 Z  250  316
 9  3 Z  250  313
 9  4 Z  250  313
 9  5 Z  250  314
 9  6 Z  250  322
 9  7 Z  250  322
 9  8 Z  250  320
 9  9 Z  250  NaN
 9 10 Z  250  320
 9 11 Z  250  NaN
 9 12 Z  250  314
 9 13 Z  250  318
 9 14 Z  250  319
 9 15 Z  250  316
 9 16 Z  250  321
 9 17 Z  250  326
 9 18 Z  250  326
 9 19 Z  250  322
 9 20 Z  250  315
 9 21 Z  250  312
 9 22 Z  250  NaN
 9 23 Z  250  NaN
 9 24 Z  250  314
 9 25 Z  250  319
 9 26 Z  250  317
 9 27 Z  250  313
 9 28 Z  250  316
 9 29 Z  250  314
 9 30 Z  250  313
10  1 D -013  557
10  2 D -013  555
10  3 D -013  552
10  4 D -013  558
10  5 D -013  557
10  6 D -013  554
10  7 D -013  556
10  8 D -013  555
10  9 D -013  562
10 10 D -013  555
10 11 D -013  552
10 12 D -013  550
10 13 D -013  552
10 14 D -013  550
10 15 D -013  551
10 16 D -013  549
10 17 D -013  550
10 18 D -013  556
10 19 D -013  NaN
10 20 D -013  552
10 21 D -013  548
10 22 D -013  548
10 23 D -013  546
10 24 D -013  550
10 25 D -013  549
10 26 D -013  544
10 27 D -013  547
10 28 D -013  549
10 29 D -013  545
10 30 D -013  545
10 31 D -013  545
10  1 H  280  381
10  2 H  280  391
10  3 H  280  400
10  4 H  280  415
10  5 H  280  401
10  6 H  280  406
10  7 H  280  394
10  8 H  280  386
10  9 H  280  373
10 10 H  280  400
10 11 H  280  422
10 12 H  280  411
10 13 H  280  416
10 14 H  280  431
10 15 H  280  434
10 16 H  280  441
10 17 H  280  453
10 18 H  280  445
10 19 H  280  NaN
10 20 H  280  426
10 21 H  280  423
10 22 H  280  427
10 23 H  280  435
10 24 H  280  455
10 25 H  280  468
10 26 H  280  455
10 27 H  280  450
10 28 H  280  453
10 29 H  280  453
10 30 H  280  464
10 31 H  280  460
10  1 Z  250  315
10  2 Z  250  317
10  3 Z  250  314
10  4 Z  250  319
10  5 Z  250  319
10  6 Z  250  316
10  7 Z  250  317
10  8 Z  250  317
10  9 Z  250  314
10 10 Z  250  316
10 11 Z  250  320
10 12 Z  250  323
10 13 Z  250  322
10 14 Z  250  324
10 15 Z  250  325
10 16 Z  250  322
10 17 Z  250  324
10 18 Z  250  323
10 19 Z  250  NaN
10 20 Z  250  321
10 21 Z  250  322
10 22 Z  250  322
10 23 Z  250  322
10 24 Z  250  321
10 25 Z  250  326
10 26 Z  250  328
10 27 Z  250  328
10 28 Z  250  327
10 29 Z  250  329
10 30 Z  250  329
10 31 Z  250  328
11  1 D -013  551
11  2 D -013  551
11  3 D -013  547
11  4 D -013  549
11  5 D -013  550
11  6 D -013  552
11  7 D -013  548
11  8 D -013  547
11  9 D -013  548
11 10 D -013  550
11 11 D -013  549
11 12 D -013  548
11 13 D -013  550
11 14 D -013  550
11 15 D -013  548
11 16 D -013  554
11 17 D -013  553
11 18 D -013  554
11 19 D -013  556
11 20 D -013  553
11 21 D -013  553
11 22 D -013  550
11 23 D -013  545
11 24 D -013  549
11 25 D -013  550
11 26 D -013  548
11 27 D -013  552
11 28 D -013  555
11 29 D -013  553
11 30 D -013  549
11  1 H  280  458
11  2 H  280  447
11  3 H  280  456
11  4 H  280  451
11  5 H  280  453
11  6 H  280  459
11  7 H  280  468
11  8 H  280  471
11  9 H  280  456
11 10 H  280  458
11 11 H  280  457
11 12 H  280  453
11 13 H  280  448
11 14 H  280  454
11 15 H  280  459
11 16 H  280  444
11 17 H  280  451
11 18 H  280  457
11 19 H  280  460
11 20 H  280  464
11 21 H  280  470
11 22 H  280  469
11 23 H  280  451
11 24 H  280  460
11 25 H  280  480
11 26 H  280  463
11 27 H  280  459
11 28 H  280  458
11 29 H  280  471
11 30 H  280  479
11  1 Z  250  325
11  2 Z  250  327
11  3 Z  250  328
11  4 Z  250  323
11  5 Z  250  326
11  6 Z  250  326
11  7 Z  250  325
11  8 Z  250  326
11  9 Z  250  327
11 10 Z  250  327
11 11 Z  250  322
11 12 Z  250  326
11 13 Z  250  325
11 14 Z  250  323
11 15 Z  250  321
11 16 Z  250  324
11 17 Z  250  322
11 18 Z  250  322
11 19 Z  250  322
11 20 Z  250  322
11 21 Z  250  321
11 22 Z  250  320
11 23 Z  250  327
11 24 Z  250  325
11 25 Z  250  324
11 26 Z  250  326
11 27 Z  250  325
11 28 Z  250  323
11 29 Z  250  323
11 30 Z  250  326
12  1 D -013  553
12  2 D -013  553
12  3 D -013  551
12  4 D -013  554
12  5 D -013  554
12  6 D -013  555
12  7 D -013  551
12  8 D -013  553
12  9 D -013  552
12 10 D -013  551
12 11 D -013  557
12 12 D -013  559
12 13 D -013  557
12 14 D -013  561
12 15 D -013  561
12 16 D -013  558
12 17 D -013  557
12 18 D -013  554
12 19 D -013  556
12 20 D -013  552
12 21 D -013  547
12 22 D -013  545
12 23 D -013  546
12 24 D -013  550
12 25 D -013  547
12 26 D -013  550
12 27 D -013  546
12 28 D -013  550
12 29 D -013  552
12 30 D -013  551
12 31 D -013  550
12  1 H  280  496
12  2 H  280  NaN
12  3 H  280  NaN
12  4 H  280  NaN
12  5 H  280  NaN
12  6 H  280  NaN
12  7 H  280  NaN
12  8 H  280  NaN
12  9 H  280  NaN
12 10 H  280  NaN
12 11 H  280  231
12 12 H  280  433
12 13 H  280  442
12 14 H  280  424
12 15 H  280  429
12 16 H  280  436
12 17 H  280  435
12 18 H  280  455
12 19 H  280  461
12 20 H  280  474
12 21 H  280  NaN
12 22 H  280  NaN
12 23 H  280  519
12 24 H  280  527
12 25 H  280  510
12 26 H  280  504
12 27 H  280  526
12 28 H  280  534
12 29 H  280  529
12 30 H  280  527
12 31 H  280  533
12  1 Z  250  341
12  2 Z  250  342
12  3 Z  250  348
12  4 Z  250  345
12  5 Z  250  344
12  6 Z  250  344
12  7 Z  250  341
12  8 Z  250  343
12  9 Z  250  343
12 10 Z  250  345
12 11 Z  250  NaN
12 12 Z  250  340
12 13 Z  250  342
12 14 Z  250  343
12 15 Z  250  345
12 16 Z  250  344
12 17 Z  250  353
12 18 Z  250  354
12 19 Z  250  357
12 20 Z  250  358
12 21 Z  250  358
12 22 Z  250  357
12 23 Z  250  353
12 24 Z  250  354
12 25 Z  250  350
12 26 Z  250  349
12 27 Z  250  349
12 28 Z  250  353
12 29 Z  250  352
12 30 Z  250  352
12 31 Z  250  351
