 1  1 D  -10 -163
 1  2 D  -10 -173
 1  3 D  -10 -170
 1  4 D  -10 -168
 1  5 D  -10 -174
 1  6 D  -10 -147
 1  7 D  -10 -167
 1  8 D  -10 -163
 1  9 D  -10  NaN
 1 10 D  -10 -162
 1 11 D  -10 -164
 1 12 D  -10 -163
 1 13 D  -10 -162
 1 14 D  -10 -164
 1 15 D  -10 -169
 1 16 D  -10 -165
 1 17 D  -10 -168
 1 18 D  -10 -167
 1 19 D  -10 -160
 1 20 D  -10 -163
 1 21 D  -10 -164
 1 22 D  -10 -162
 1 23 D  -10 -165
 1 24 D  -10 -157
 1 25 D  -10 -155
 1 26 D  -10 -160
 1 27 D  -10 -161
 1 28 D  -10 -160
 1 29 D  -10 -160
 1 30 D  -10 -163
 1 31 D  -10 -163
 1  1 H  290  168
 1  2 H  290  160
 1  3 H  290  146
 1  4 H  290  117
 1  5 H  290  129
 1  6 H  290  151
 1  7 H  290  139
 1  8 H  290  137
 1  9 H  290  NaN
 1 10 H  290  166
 1 11 H  290  177
 1 12 H  290  174
 1 13 H  290  176
 1 14 H  290  169
 1 15 H  290  164
 1 16 H  290  164
 1 17 H  290  175
 1 18 H  290  169
 1 19 H  290  159
 1 20 H  290  164
 1 21 H  290  173
 1 22 H  290  168
 1 23 H  290  134
 1 24 H  290  143
 1 25 H  290  144
 1 26 H  290  146
 1 27 H  290  153
 1 28 H  290  165
 1 29 H  290  172
 1 30 H  290  173
 1 31 H  290  181
 1  1 Z  240  173
 1  2 Z  240  171
 1  3 Z  240  174
 1  4 Z  240  177
 1  5 Z  240  175
 1  6 Z  240  168
 1  7 Z  240  170
 1  8 Z  240  172
 1  9 Z  240  NaN
 1 10 Z  240  169
 1 11 Z  240  168
 1 12 Z  240  171
 1 13 Z  240  168
 1 14 Z  240  168
 1 15 Z  240  167
 1 16 Z  240  168
 1 17 Z  240  165
 1 18 Z  240  165
 1 19 Z  240  169
 1 20 Z  240  170
 1 21 Z  240  164
 1 22 Z  240  165
 1 23 Z  240  171
 1 24 Z  240  171
 1 25 Z  240  171
 1 26 Z  240  172
 1 27 Z  240  171
 1 28 Z  240  168
 1 29 Z  240  168
 1 30 Z  240  165
 1 31 Z  240  163
 2  1 D  -10 -165
 2  2 D  -10 -161
 2  3 D  -10 -167
 2  4 D  -10 -161
 2  5 D  -10 -162
 2  6 D  -10 -159
 2  7 D  -10 -162
 2  8 D  -10 -161
 2  9 D  -10 -155
 2 10 D  -10 -158
 2 11 D  -10 -160
 2 12 D  -10 -159
 2 13 D  -10 -163
 2 14 D  -10 -164
 2 15 D  -10 -162
 2 16 D  -10 -161
 2 17 D  -10 -162
 2 18 D  -10 -160
 2 19 D  -10 -160
 2 20 D  -10 -160
 2 21 D  -10 -163
 2 22 D  -10 -163
 2 23 D  -10 -155
 2 24 D  -10 -152
 2 25 D  -10 -155
 2 26 D  -10 -146
 2 27 D  -10 -147
 2 28 D  -10 -158
 2  1 H  290  179
 2  2 H  290  170
 2  3 H  290  172
 2  4 H  290  157
 2  5 H  290  163
 2  6 H  290  161
 2  7 H  290  173
 2  8 H  290  180
 2  9 H  290  179
 2 10 H  290  183
 2 11 H  290  176
 2 12 H  290  170
 2 13 H  290  183
 2 14 H  290  187
 2 15 H  290  176
 2 16 H  290  181
 2 17 H  290  194
 2 18 H  290  194
 2 19 H  290  182
 2 20 H  290  189
 2 21 H  290  151
 2 22 H  290  148
 2 23 H  290  173
 2 24 H  290  166
 2 25 H  290  176
 2 26 H  290  155
 2 27 H  290  156
 2 28 H  290  164
 2  1 Z  240  166
 2  2 Z  240  170
 2  3 Z  240  168
 2  4 Z  240  166
 2  5 Z  240  168
 2  6 Z  240  167
 2  7 Z  240  165
 2  8 Z  240  164
 2  9 Z  240  159
 2 10 Z  240  160
 2 11 Z  240  159
 2 12 Z  240  161
 2 13 Z  240  156
 2 14 Z  240  160
 2 15 Z  240  162
 2 16 Z  240  158
 2 17 Z  240  158
 2 18 Z  240  158
 2 19 Z  240  162
 2 20 Z  240  159
 2 21 Z  240  168
 2 22 Z  240  166
 2 23 Z  240  161
 2 24 Z  240  162
 2 25 Z  240  164
 2 26 Z  240  168
 2 27 Z  240  164
 2 28 Z  240  164
 3  1 D  -10 -150
 3  2 D  -10 -149
 3  3 D  -10 -150
 3  4 D  -10 -148
 3  5 D  -10 -149
 3  6 D  -10 -152
 3  7 D  -10 -150
 3  8 D  -10 -148
 3  9 D  -10 -149
 3 10 D  -10 -144
 3 11 D  -10 -143
 3 12 D  -10 -149
 3 13 D  -10 -142
 3 14 D  -10 -148
 3 15 D  -10 -143
 3 16 D  -10 -142
 3 17 D  -10 -146
 3 18 D  -10 -135
 3 19 D  -10 -139
 3 20 D  -10 -143
 3 21 D  -10 -137
 3 22 D  -10 -149
 3 23 D  -10 -148
 3 24 D  -10 -145
 3 25 D  -10 -138
 3 26 D  -10 -135
 3 27 D  -10 -139
 3 28 D  -10 -140
 3 29 D  -10 -138
 3 30 D  -10 -144
 3 31 D  -10 -132
 3  1 H  290  169
 3  2 H  290  171
 3  3 H  290  167
 3  4 H  290  167
 3  5 H  290  174
 3  6 H  290  146
 3  7 H  290  169
 3  8 H  290  175
 3  9 H  290  184
 3 10 H  290  165
 3 11 H  290  126
 3 12 H  290  174
 3 13 H  290  185
 3 14 H  290  199
 3 15 H  290  207
 3 16 H  290  200
 3 17 H  290  192
 3 18 H  290  184
 3 19 H  290  194
 3 20 H  290  199
 3 21 H  290  203
 3 22 H  290  188
 3 23 H  290  173
 3 24 H  290  183
 3 25 H  290  180
 3 26 H  290  161
 3 27 H  290  164
 3 28 H  290  166
 3 29 H  290  128
 3 30 H  290  148
 3 31 H  290  167
 3  1 Z  240  167
 3  2 Z  240  165
 3  3 Z  240  163
 3  4 Z  240  162
 3  5 Z  240  164
 3  6 Z  240  168
 3  7 Z  240  165
 3  8 Z  240  163
 3  9 Z  240  161
 3 10 Z  240  159
 3 11 Z  240  166
 3 12 Z  240  162
 3 13 Z  240  156
 3 14 Z  240  157
 3 15 Z  240  151
 3 16 Z  240  151
 3 17 Z  240  154
 3 18 Z  240  148
 3 19 Z  240  150
 3 20 Z  240  152
 3 21 Z  240  151
 3 22 Z  240  157
 3 23 Z  240  160
 3 24 Z  240  161
 3 25 Z  240  159
 3 26 Z  240  162
 3 27 Z  240  155
 3 28 Z  240  159
 3 29 Z  240  164
 3 30 Z  240  165
 3 31 Z  240  150
 4  1 D  -10 -141
 4  2 D  -10 -140
 4  3 D  -10 -143
 4  4 D  -10 -123
 4  5 D  -10 -145
 4  6 D  -10 -142
 4  7 D  -10 -143
 4  8 D  -10 -140
 4  9 D  -10 -134
 4 10 D  -10 -149
 4 11 D  -10 -138
 4 12 D  -10 -138
 4 13 D  -10 -143
 4 14 D  -10 -145
 4 15 D  -10 -140
 4 16 D  -10 -138
 4 17 D  -10 -139
 4 18 D  -10 -136
 4 19 D  -10 -140
 4 20 D  -10 -140
 4 21 D  -10 -140
 4 22 D  -10 -127
 4 23 D  -10 -136
 4 24 D  -10 -139
 4 25 D  -10 -122
 4 26 D  -10 -140
 4 27 D  -10 -151
 4 28 D  -10 -148
 4 29 D  -10 -152
 4 30 D  -10 -155
 4  1 H  290  163
 4  2 H  290  148
 4  3 H  290  144
 4  4 H  290   96
 4  5 H  290  182
 4  6 H  290  174
 4  7 H  290  187
 4  8 H  290  190
 4  9 H  290  195
 4 10 H  290  199
 4 11 H  290  200
 4 12 H  290  205
 4 13 H  290  192
 4 14 H  290  200
 4 15 H  290  191
 4 16 H  290  189
 4 17 H  290  195
 4 18 H  290  202
 4 19 H  290  199
 4 20 H  290  206
 4 21 H  290  192
 4 22 H  290  149
 4 23 H  290  174
 4 24 H  290  190
 4 25 H  290  137
 4 26 H  290  156
 4 27 H  290  164
 4 28 H  290  154
 4 29 H  290  159
 4 30 H  290  167
 4  1 Z  240  161
 4  2 Z  240  162
 4  3 Z  240  164
 4  4 Z  240  179
 4  5 Z  240  162
 4  6 Z  240  166
 4  7 Z  240  165
 4  8 Z  240  159
 4  9 Z  240  158
 4 10 Z  240  157
 4 11 Z  240  150
 4 12 Z  240  151
 4 13 Z  240  149
 4 14 Z  240  149
 4 15 Z  240  151
 4 16 Z  240  155
 4 17 Z  240  149
 4 18 Z  240  151
 4 19 Z  240  146
 4 20 Z  240  145
 4 21 Z  240  149
 4 22 Z  240  161
 4 23 Z  240  161
 4 24 Z  240  158
 4 25 Z  240  163
 4 26 Z  240  156
 4 27 Z  240  156
 4 28 Z  240  157
 4 29 Z  240  161
 4 30 Z  240  158
 5  1 D  -10 -167
 5  2 D  -10 -177
 5  3 D  -10 -190
 5  4 D  -10 -185
 5  5 D  -10 -180
 5  6 D  -10 -178
 5  7 D  -10 -176
 5  8 D  -10 -181
 5  9 D  -10 -173
 5 10 D  -10  NaN
 5 11 D  -10  NaN
 5 12 D  -10  NaN
 5 13 D  -10 -143
 5 14 D  -10 -138
 5 15 D  -10 -136
 5 16 D  -10 -128
 5 17 D  -10 -134
 5 18 D  -10 -133
 5 19 D  -10 -122
 5 20 D  -10 -132
 5 21 D  -10 -133
 5 22 D  -10 -138
 5 23 D  -10 -135
 5 24 D  -10 -136
 5 25 D  -10 -130
 5 26 D  -10 -130
 5 27 D  -10 -136
 5 28 D  -10 -130
 5 29 D  -10 -132
 5 30 D  -10 -123
 5 31 D  -10 -137
 5  1 H  290  180
 5  2 H  290  174
 5  3 H  290  192
 5  4 H  290  190
 5  5 H  290  201
 5  6 H  290  209
 5  7 H  290  199
 5  8 H  290  203
 5  9 H  290  205
 5 10 H  290  NaN
 5 11 H  290  NaN
 5 12 H  290  NaN
 5 13 H  290  217
 5 14 H  290  218
 5 15 H  290  209
 5 16 H  290  211
 5 17 H  290  217
 5 18 H  290  218
 5 19 H  290  182
 5 20 H  290  193
 5 21 H  290  190
 5 22 H  290  172
 5 23 H  290  180
 5 24 H  290  179
 5 25 H  290  181
 5 26 H  290  186
 5 27 H  290  191
 5 28 H  290  193
 5 29 H  290  211
 5 30 H  290  211
 5 31 H  290  212
 5  1 Z  240  155
 5  2 Z  240  153
 5  3 Z  240  154
 5  4 Z  240  153
 5  5 Z  240  151
 5  6 Z  240  144
 5  7 Z  240  143
 5  8 Z  240  146
 5  9 Z  240  140
 5 10 Z  240  NaN
 5 11 Z  240  NaN
 5 12 Z  240  NaN
 5 13 Z  240  144
 5 14 Z  240  150
 5 15 Z  240  146
 5 16 Z  240  140
 5 17 Z  240  136
 5 18 Z  240  141
 5 19 Z  240  150
 5 20 Z  240  145
 5 21 Z  240  147
 5 22 Z  240  152
 5 23 Z  240  145
 5 24 Z  240  146
 5 25 Z  240  147
 5 26 Z  240  145
 5 27 Z  240  149
 5 28 Z  240  147
 5 29 Z  240  143
 5 30 Z  240  146
 5 31 Z  240  144
 6  1 D  -10 -126
 6  2 D  -10 -127
 6  3 D  -10 -130
 6  4 D  -10 -130
 6  5 D  -10 -130
 6  6 D  -10 -132
 6  7 D  -10 -126
 6  8 D  -10 -127
 6  9 D  -10 -132
 6 10 D  -10 -133
 6 11 D  -10 -124
 6 12 D  -10 -128
 6 13 D  -10 -130
 6 14 D  -10 -119
 6 15 D  -10 -122
 6 16 D  -10 -118
 6 17 D  -10 -123
 6 18 D  -10 -118
 6 19 D  -10 -115
 6 20 D  -10 -116
 6 21 D  -10 -120
 6 22 D  -10 -119
 6 23 D  -10 -123
 6 24 D  -10 -118
 6 25 D  -10 -114
 6 26 D  -10 -123
 6 27 D  -10 -120
 6 28 D  -10 -121
 6 29 D  -10 -127
 6 30 D  -10 -119
 6  1 H  290  217
 6  2 H  290  214
 6  3 H  290  217
 6  4 H  290  220
 6  5 H  290  228
 6  6 H  290  226
 6  7 H  290  194
 6  8 H  290  203
 6  9 H  290  197
 6 10 H  290  196
 6 11 H  290  210
 6 12 H  290  203
 6 13 H  290  209
 6 14 H  290  205
 6 15 H  290  212
 6 16 H  290  203
 6 17 H  290  197
 6 18 H  290  205
 6 19 H  290  207
 6 20 H  290  206
 6 21 H  290  205
 6 22 H  290  193
 6 23 H  290  193
 6 24 H  290  198
 6 25 H  290  203
 6 26 H  290  208
 6 27 H  290  194
 6 28 H  290  216
 6 29 H  290  214
 6 30 H  290  218
 6  1 Z  240  143
 6  2 Z  240  141
 6  3 Z  240  140
 6  4 Z  240  137
 6  5 Z  240  137
 6  6 Z  240  132
 6  7 Z  240  146
 6  8 Z  240  141
 6  9 Z  240  144
 6 10 Z  240  142
 6 11 Z  240  141
 6 12 Z  240  138
 6 13 Z  240  142
 6 14 Z  240  142
 6 15 Z  240  134
 6 16 Z  240  139
 6 17 Z  240  140
 6 18 Z  240  135
 6 19 Z  240  138
 6 20 Z  240  134
 6 21 Z  240  134
 6 22 Z  240  143
 6 23 Z  240  138
 6 24 Z  240  137
 6 25 Z  240  133
 6 26 Z  240  131
 6 27 Z  240  135
 6 28 Z  240  135
 6 29 Z  240  134
 6 30 Z  240  135
 7  1 D  -10 -118
 7  2 D  -10 -121
 7  3 D  -10 -116
 7  4 D  -10 -119
 7  5 D  -10 -118
 7  6 D  -10 -123
 7  7 D  -10 -119
 7  8 D  -10 -119
 7  9 D  -10 -111
 7 10 D  -10 -101
 7 11 D  -10  NaN
 7 12 D  -10  NaN
 7 13 D  -10 -112
 7 14 D  -10 -103
 7 15 D  -10 -113
 7 16 D  -10 -112
 7 17 D  -10 -117
 7 18 D  -10 -111
 7 19 D  -10 -119
 7 20 D  -10 -126
 7 21 D  -10 -118
 7 22 D  -10 -115
 7 23 D  -10 -119
 7 24 D  -10 -116
 7 25 D  -10 -126
 7 26 D  -10 -115
 7 27 D  -10 -117
 7 28 D  -10 -122
 7 29 D  -10 -103
 7 30 D  -10 -109
 7 31 D  -10 -106
 7  1 H  290  218
 7  2 H  290  227
 7  3 H  290  231
 7  4 H  290  200
 7  5 H  290  218
 7  6 H  290  216
 7  7 H  290  202
 7  8 H  290  210
 7  9 H  290  209
 7 10 H  290  214
 7 11 H  290  NaN
 7 12 H  290  NaN
 7 13 H  290  205
 7 14 H  290  214
 7 15 H  290  198
 7 16 H  290  211
 7 17 H  290  217
 7 18 H  290  211
 7 19 H  290  209
 7 20 H  290  216
 7 21 H  290  207
 7 22 H  290  207
 7 23 H  290  213
 7 24 H  290  219
 7 25 H  290  215
 7 26 H  290  214
 7 27 H  290  191
 7 28 H  290  212
 7 29 H  290  226
 7 30 H  290  215
 7 31 H  290  206
 7  1 Z  240  133
 7  2 Z  240  131
 7  3 Z  240  125
 7  4 Z  240  130
 7  5 Z  240  130
 7  6 Z  240  131
 7  7 Z  240  133
 7  8 Z  240  125
 7  9 Z  240  129
 7 10 Z  240  128
 7 11 Z  240  NaN
 7 12 Z  240  NaN
 7 13 Z  240  130
 7 14 Z  240  126
 7 15 Z  240  132
 7 16 Z  240  127
 7 17 Z  240  130
 7 18 Z  240  130
 7 19 Z  240  129
 7 20 Z  240  124
 7 21 Z  240  129
 7 22 Z  240  127
 7 23 Z  240  124
 7 24 Z  240  129
 7 25 Z  240  127
 7 26 Z  240  121
 7 27 Z  240  128
 7 28 Z  240  125
 7 29 Z  240  128
 7 30 Z  240  129
 7 31 Z  240  129
 8  1 D  -10 -101
 8  2 D  -10 -116
 8  3 D  -10 -115
 8  4 D  -10 -116
 8  5 D  -10 -113
 8  6 D  -10 -115
 8  7 D  -10 -119
 8  8 D  -10 -110
 8  9 D  -10 -108
 8 10 D  -10 -107
 8 11 D  -10 -107
 8 12 D  -10 -105
 8 13 D  -10 -116
 8 14 D  -10 -115
 8 15 D  -10 -113
 8 16 D  -10 -117
 8 17 D  -10 -107
 8 18 D  -10 -107
 8 19 D  -10 -103
 8 20 D  -10 -111
 8 21 D  -10 -106
 8 22 D  -10 -107
 8 23 D  -10 -108
 8 24 D  -10 -108
 8 25 D  -10 -114
 8 26 D  -10 -109
 8 27 D  -10 -104
 8 28 D  -10 -101
 8 29 D  -10 -101
 8 30 D  -10 -104
 8 31 D  -10 -112
 8  1 H  290  228
 8  2 H  290  210
 8  3 H  290  199
 8  4 H  290  192
 8  5 H  290  207
 8  6 H  290  195
 8  7 H  290  197
 8  8 H  290  199
 8  9 H  290  209
 8 10 H  290  205
 8 11 H  290  212
 8 12 H  290  208
 8 13 H  290  186
 8 14 H  290  175
 8 15 H  290  195
 8 16 H  290  202
 8 17 H  290  213
 8 18 H  290  219
 8 19 H  290  188
 8 20 H  290  204
 8 21 H  290  188
 8 22 H  290  199
 8 23 H  290  209
 8 24 H  290  220
 8 25 H  290  211
 8 26 H  290  199
 8 27 H  290  199
 8 28 H  290  203
 8 29 H  290  144
 8 30 H  290  154
 8 31 H  290  185
 8  1 Z  240  122
 8  2 Z  240  123
 8  3 Z  240  122
 8  4 Z  240  122
 8  5 Z  240  117
 8  6 Z  240  118
 8  7 Z  240  121
 8  8 Z  240  114
 8  9 Z  240  114
 8 10 Z  240  111
 8 11 Z  240  114
 8 12 Z  240  115
 8 13 Z  240  125
 8 14 Z  240  128
 8 15 Z  240  132
 8 16 Z  240  123
 8 17 Z  240  123
 8 18 Z  240  116
 8 19 Z  240  127
 8 20 Z  240  129
 8 21 Z  240  127
 8 22 Z  240  121
 8 23 Z  240  116
 8 24 Z  240  116
 8 25 Z  240  114
 8 26 Z  240  120
 8 27 Z  240  122
 8 28 Z  240  120
 8 29 Z  240  131
 8 30 Z  240  132
 8 31 Z  240  129
 9  1 D  -10 -109
 9  2 D  -10 -106
 9  3 D  -10 -110
 9  4 D  -10 -103
 9  5 D  -10  -98
 9  6 D  -10 -103
 9  7 D  -10 -104
 9  8 D  -10 -112
 9  9 D  -10 -105
 9 10 D  -10 -105
 9 11 D  -10 -104
 9 12 D  -10 -101
 9 13 D  -10 -104
 9 14 D  -10 -100
 9 15 D  -10 -108
 9 16 D  -10 -102
 9 17 D  -10 -103
 9 18 D  -10 -102
 9 19 D  -10 -104
 9 20 D  -10 -105
 9 21 D  -10 -100
 9 22 D  -10 -104
 9 23 D  -10 -102
 9 24 D  -10 -105
 9 25 D  -10  NaN
 9 26 D  -10  NaN
 9 27 D  -10  -90
 9 28 D  -10  -96
 9 29 D  -10  -96
 9 30 D  -10  -96
 9  1 H  290  191
 9  2 H  290  198
 9  3 H  290  197
 9  4 H  290  207
 9  5 H  290  191
 9  6 H  290  198
 9  7 H  290  208
 9  8 H  290  205
 9  9 H  290  203
 9 10 H  290  189
 9 11 H  290  185
 9 12 H  290  204
 9 13 H  290  208
 9 14 H  290  213
 9 15 H  290  214
 9 16 H  290  214
 9 17 H  290  222
 9 18 H  290  123
 9 19 H  290  169
 9 20 H  290  177
 9 21 H  290  177
 9 22 H  290  201
 9 23 H  290  196
 9 24 H  290  189
 9 25 H  290  NaN
 9 26 H  290  NaN
 9 27 H  290  189
 9 28 H  290  192
 9 29 H  290  197
 9 30 H  290  199
 9  1 Z  240  123
 9  2 Z  240  122
 9  3 Z  240  120
 9  4 Z  240  120
 9  5 Z  240  122
 9  6 Z  240  122
 9  7 Z  240  119
 9  8 Z  240  135
 9  9 Z  240  121
 9 10 Z  240  119
 9 11 Z  240  118
 9 12 Z  240  115
 9 13 Z  240  115
 9 14 Z  240  118
 9 15 Z  240  115
 9 16 Z  240  118
 9 17 Z  240  112
 9 18 Z  240  126
 9 19 Z  240  125
 9 20 Z  240  118
 9 21 Z  240  124
 9 22 Z  240  119
 9 23 Z  240  116
 9 24 Z  240  114
 9 25 Z  240  NaN
 9 26 Z  240  NaN
 9 27 Z  240  118
 9 28 Z  240  115
 9 29 Z  240  126
 9 30 Z  240  114
10  1 D  -10 -101
10  2 D  -10 -100
10  3 D  -10 -108
10  4 D  -10 -101
10  5 D  -10 -108
10  6 D  -10 -100
10  7 D  -10 -101
10  8 D  -10  -99
10  9 D  -10 -103
10 10 D  -10 -101
10 11 D  -10  NaN
10 12 D  -10  NaN
10 13 D  -10 -100
10 14 D  -10  -97
10 15 D  -10  -98
10 16 D  -10  -92
10 17 D  -10  -93
10 18 D  -10  -94
10 19 D  -10  -97
10 20 D  -10 -100
10 21 D  -10  -96
10 22 D  -10  -95
10 23 D  -10  -94
10 24 D  -10  -96
10 25 D  -10 -101
10 26 D  -10  -97
10 27 D  -10  -97
10 28 D  -10  -96
10 29 D  -10  -92
10 30 D  -10  -90
10 31 D  -10  -95
10  1 H  290  196
10  2 H  290  201
10  3 H  290  201
10  4 H  290  207
10  5 H  290  207
10  6 H  290  184
10  7 H  290  178
10  8 H  290  163
10  9 H  290  173
10 10 H  290  187
10 11 H  290  NaN
10 12 H  290  NaN
10 13 H  290  197
10 14 H  290  212
10 15 H  290  201
10 16 H  290  206
10 17 H  290  209
10 18 H  290  210
10 19 H  290  212
10 20 H  290  209
10 21 H  290  202
10 22 H  290  190
10 23 H  290  193
10 24 H  290  195
10 25 H  290  189
10 26 H  290  195
10 27 H  290  205
10 28 H  290  199
10 29 H  290  191
10 30 H  290  200
10 31 H  290  201
10  1 Z  240  106
10  2 Z  240  108
10  3 Z  240  109
10  4 Z  240  109
10  5 Z  240  108
10  6 Z  240  107
10  7 Z  240  106
10  8 Z  240  106
10  9 Z  240  107
10 10 Z  240  102
10 11 Z  240  NaN
10 12 Z  240  NaN
10 13 Z  240  100
10 14 Z  240   99
10 15 Z  240   99
10 16 Z  240   96
10 17 Z  240   93
10 18 Z  240   88
10 19 Z  240   88
10 20 Z  240   88
10 21 Z  240   90
10 22 Z  240   92
10 23 Z  240   91
10 24 Z  240   90
10 25 Z  240   94
10 26 Z  240   94
10 27 Z  240   91
10 28 Z  240   90
10 29 Z  240   93
10 30 Z  240   91
10 31 Z  240   91
11  1 D  -10  -88
11  2 D  -10  -84
11  3 D  -10  -92
11  4 D  -10  -91
11  5 D  -10  -97
11  6 D  -10  -90
11  7 D  -10  -91
11  8 D  -10  -95
11  9 D  -10  -96
11 10 D  -10  -97
11 11 D  -10  -94
11 12 D  -10  -85
11 13 D  -10  -94
11 14 D  -10  -85
11 15 D  -10  -91
11 16 D  -10  -93
11 17 D  -10  -88
11 18 D  -10  -90
11 19 D  -10  -89
11 20 D  -10  -86
11 21 D  -10  -82
11 22 D  -10  -85
11 23 D  -10  -88
11 24 D  -10  -82
11 25 D  -10  -84
11 26 D  -10  -85
11 27 D  -10  -84
11 28 D  -10  -85
11 29 D  -10  -84
11 30 D  -10  -84
11  1 H  290  198
11  2 H  290  190
11  3 H  290  196
11  4 H  290  203
11  5 H  290  210
11  6 H  290  215
11  7 H  290  203
11  8 H  290  189
11  9 H  290  187
11 10 H  290  191
11 11 H  290  210
11 12 H  290  207
11 13 H  290  150
11 14 H  290  163
11 15 H  290  189
11 16 H  290  193
11 17 H  290  197
11 18 H  290  205
11 19 H  290  207
11 20 H  290  207
11 21 H  290  203
11 22 H  290  208
11 23 H  290  206
11 24 H  290  179
11 25 H  290  180
11 26 H  290  199
11 27 H  290  210
11 28 H  290  210
11 29 H  290  217
11 30 H  290  225
11  1 Z  240   92
11  2 Z  240   95
11  3 Z  240   93
11  4 Z  240   95
11  5 Z  240   95
11  6 Z  240   94
11  7 Z  240   96
11  8 Z  240   93
11  9 Z  240   92
11 10 Z  240   93
11 11 Z  240   91
11 12 Z  240   90
11 13 Z  240   91
11 14 Z  240   91
11 15 Z  240   91
11 16 Z  240   88
11 17 Z  240   83
11 18 Z  240   80
11 19 Z  240   80
11 20 Z  240   79
11 21 Z  240   80
11 22 Z  240   80
11 23 Z  240   82
11 24 Z  240   83
11 25 Z  240   84
11 26 Z  240   85
11 27 Z  240   84
11 28 Z  240   83
11 29 Z  240   83
11 30 Z  240   83
12  1 D  -10  -83
12  2 D  -10  -82
12  3 D  -10  -83
12  4 D  -10  -85
12  5 D  -10  -82
12  6 D  -10  -80
12  7 D  -10  -83
12  8 D  -10  -79
12  9 D  -10  -85
12 10 D  -10  -78
12 11 D  -10  -82
12 12 D  -10  -83
12 13 D  -10  -82
12 14 D  -10  -79
12 15 D  -10  -79
12 16 D  -10  -79
12 17 D  -10  NaN
12 18 D  -10  -78
12 19 D  -10  -80
12 20 D  -10  -79
12 21 D  -10  -82
12 22 D  -10  -79
12 23 D  -10  -82
12 24 D  -10  -80
12 25 D  -10  -78
12 26 D  -10  -76
12 27 D  -10  -74
12 28 D  -10  -76
12 29 D  -10  -68
12 30 D  -10  -80
12 31 D  -10  -77
12  1 H  290  201
12  2 H  290  206
12  3 H  290  205
12  4 H  290  183
12  5 H  290  195
12  6 H  290  208
12  7 H  290  216
12  8 H  290  220
12  9 H  290  211
12 10 H  290  211
12 11 H  290  214
12 12 H  290  218
12 13 H  290  220
12 14 H  290  220
12 15 H  290  207
12 16 H  290  214
12 17 H  290  NaN
12 18 H  290  204
12 19 H  290  209
12 20 H  290  205
12 21 H  290  202
12 22 H  290  206
12 23 H  290  213
12 24 H  290  208
12 25 H  290  224
12 26 H  290  219
12 27 H  290  207
12 28 H  290  203
12 29 H  290  176
12 30 H  290  188
12 31 H  290  209
12  1 Z  240   85
12  2 Z  240   85
12  3 Z  240   84
12  4 Z  240   85
12  5 Z  240   85
12  6 Z  240   85
12  7 Z  240   86
12  8 Z  240   84
12  9 Z  240   84
12 10 Z  240   84
12 11 Z  240   83
12 12 Z  240   82
12 13 Z  240   81
12 14 Z  240   81
12 15 Z  240   81
12 16 Z  240   81
12 17 Z  240  NaN
12 18 Z  240   82
12 19 Z  240   81
12 20 Z  240   79
12 21 Z  240   73
12 22 Z  240   70
12 23 Z  240   68
12 24 Z  240   70
12 25 Z  240   68
12 26 Z  240   68
12 27 Z  240   70
12 28 Z  240   71
12 29 Z  240  NaN
12 30 Z  240  NaN
12 31 Z  240  NaN
