 1  1 D  -10 -339
 1  2 D  -10 -341
 1  3 D  -10 -341
 1  4 D  -10 -347
 1  5 D  -10 -343
 1  6 D  -10 -343
 1  7 D  -10 -346
 1  8 D  -10 -338
 1  9 D  -10 -343
 1 10 D  -10 -342
 1 11 D  -10 -343
 1 12 D  -10 -341
 1 13 D  -10 -337
 1 14 D  -10 -340
 1 15 D  -10 -340
 1 16 D  -10 -344
 1 17 D  -10 -343
 1 18 D  -10 -339
 1 19 D  -10 -334
 1 20 D  -10 -337
 1 21 D  -10 -337
 1 22 D  -10 -341
 1 23 D  -10 -342
 1 24 D  -10 -342
 1 25 D  -10 -336
 1 26 D  -10 -335
 1 27 D  -10 -337
 1 28 D  -10 -339
 1 29 D  -10 -343
 1 30 D  -10 -343
 1 31 D  -10 -336
 1  1 H  285  586
 1  2 H  285  587
 1  3 H  285  589
 1  4 H  285  581
 1  5 H  285  592
 1  6 H  285  598
 1  7 H  285  593
 1  8 H  285  606
 1  9 H  285  611
 1 10 H  285  613
 1 11 H  285  604
 1 12 H  285  593
 1 13 H  285  595
 1 14 H  285  591
 1 15 H  285  592
 1 16 H  285  595
 1 17 H  285  600
 1 18 H  285  604
 1 19 H  285  597
 1 20 H  285  599
 1 21 H  285  599
 1 22 H  285  605
 1 23 H  285  610
 1 24 H  285  610
 1 25 H  285  603
 1 26 H  285  602
 1 27 H  285  609
 1 28 H  285  600
 1 29 H  285  581
 1 30 H  285  557
 1 31 H  285  572
 1  1 Z  240  331
 1  2 Z  240  328
 1  3 Z  240  327
 1  4 Z  240  329
 1  5 Z  240  324
 1  6 Z  240  326
 1  7 Z  240  326
 1  8 Z  240  322
 1  9 Z  240  321
 1 10 Z  240  320
 1 11 Z  240  321
 1 12 Z  240  325
 1 13 Z  240  324
 1 14 Z  240  324
 1 15 Z  240  325
 1 16 Z  240  323
 1 17 Z  240  323
 1 18 Z  240  322
 1 19 Z  240  323
 1 20 Z  240  320
 1 21 Z  240  323
 1 22 Z  240  321
 1 23 Z  240  320
 1 24 Z  240  315
 1 25 Z  240  318
 1 26 Z  240  318
 1 27 Z  240  317
 1 28 Z  240  315
 1 29 Z  240  321
 1 30 Z  240  324
 1 31 Z  240  320
 2  1 D  -10 -341
 2  2 D  -10 -348
 2  3 D  -10 -351
 2  4 D  -10 -348
 2  5 D  -10 -349
 2  6 D  -10 -350
 2  7 D  -10 -348
 2  8 D  -10 -355
 2  9 D  -10 -351
 2 10 D  -10 -348
 2 11 D  -10 -342
 2 12 D  -10 -347
 2 13 D  -10 -347
 2 14 D  -10 -346
 2 15 D  -10 -344
 2 16 D  -10 -342
 2 17 D  -10 -346
 2 18 D  -10 -346
 2 19 D  -10 -347
 2 20 D  -10 -347
 2 21 D  -10 -343
 2 22 D  -10 -343
 2 23 D  -10 -344
 2 24 D  -10 -340
 2 25 D  -10 -341
 2 26 D  -10 -339
 2 27 D  -10 -344
 2 28 D  -10 -342
 2  1 H  285  593
 2  2 H  285  592
 2  3 H  285  601
 2  4 H  285  605
 2  5 H  285  609
 2  6 H  285  592
 2  7 H  285  593
 2  8 H  285  587
 2  9 H  285  583
 2 10 H  285  591
 2 11 H  285  584
 2 12 H  285  597
 2 13 H  285  593
 2 14 H  285  591
 2 15 H  285  595
 2 16 H  285  593
 2 17 H  285  594
 2 18 H  285  601
 2 19 H  285  611
 2 20 H  285  614
 2 21 H  285  608
 2 22 H  285  603
 2 23 H  285  602
 2 24 H  285  598
 2 25 H  285  600
 2 26 H  285  602
 2 27 H  285  606
 2 28 H  285  613
 2  1 Z  240  317
 2  2 Z  240  317
 2  3 Z  240  315
 2  4 Z  240  313
 2  5 Z  240  315
 2  6 Z  240  318
 2  7 Z  240  318
 2  8 Z  240  317
 2  9 Z  240  322
 2 10 Z  240  318
 2 11 Z  240  317
 2 12 Z  240  316
 2 13 Z  240  317
 2 14 Z  240  317
 2 15 Z  240  316
 2 16 Z  240  317
 2 17 Z  240  314
 2 18 Z  240  313
 2 19 Z  240  311
 2 20 Z  240  311
 2 21 Z  240  310
 2 22 Z  240  309
 2 23 Z  240  310
 2 24 Z  240  312
 2 25 Z  240  311
 2 26 Z  240  310
 2 27 Z  240  307
 2 28 Z  240  308
 3  1 D  -10 -348
 3  2 D  -10 -342
 3  3 D  -10 -346
 3  4 D  -10 -343
 3  5 D  -10 -341
 3  6 D  -10 -344
 3  7 D  -10 -345
 3  8 D  -10 -346
 3  9 D  -10 -338
 3 10 D  -10 -338
 3 11 D  -10 -337
 3 12 D  -10 -334
 3 13 D  -10 -341
 3 14 D  -10 -335
 3 15 D  -10 -340
 3 16 D  -10 -341
 3 17 D  -10 -339
 3 18 D  -10 -336
 3 19 D  -10 -340
 3 20 D  -10 -338
 3 21 D  -10 -341
 3 22 D  -10 -341
 3 23 D  -10 -337
 3 24 D  -10 -334
 3 25 D  -10 -338
 3 26 D  -10 -335
 3 27 D  -10 -334
 3 28 D  -10 -336
 3 29 D  -10 -330
 3 30 D  -10 -338
 3 31 D  -10 -338
 3  1 H  285  612
 3  2 H  285  611
 3  3 H  285  622
 3  4 H  285  622
 3  5 H  285  618
 3  6 H  285  609
 3  7 H  285  607
 3  8 H  285  614
 3  9 H  285  590
 3 10 H  285  592
 3 11 H  285  596
 3 12 H  285  591
 3 13 H  285  597
 3 14 H  285  604
 3 15 H  285  607
 3 16 H  285  601
 3 17 H  285  596
 3 18 H  285  609
 3 19 H  285  619
 3 20 H  285  610
 3 21 H  285  602
 3 22 H  285  605
 3 23 H  285  602
 3 24 H  285  594
 3 25 H  285  614
 3 26 H  285  604
 3 27 H  285  620
 3 28 H  285  601
 3 29 H  285  614
 3 30 H  285  611
 3 31 H  285  623
 3  1 Z  240  312
 3  2 Z  240  314
 3  3 Z  240  312
 3  4 Z  240  311
 3  5 Z  240  310
 3  6 Z  240  310
 3  7 Z  240  307
 3  8 Z  240  304
 3  9 Z  240  312
 3 10 Z  240  313
 3 11 Z  240  311
 3 12 Z  240  314
 3 13 Z  240  313
 3 14 Z  240  311
 3 15 Z  240  310
 3 16 Z  240  308
 3 17 Z  240  310
 3 18 Z  240  306
 3 19 Z  240  302
 3 20 Z  240  304
 3 21 Z  240  306
 3 22 Z  240  308
 3 23 Z  240  302
 3 24 Z  240  306
 3 25 Z  240  303
 3 26 Z  240  308
 3 27 Z  240  304
 3 28 Z  240  311
 3 29 Z  240  308
 3 30 Z  240  304
 3 31 Z  240  303
 4  1 D  -10 -340
 4  2 D  -10 -335
 4  3 D  -10 -328
 4  4 D  -10 -329
 4  5 D  -10 -332
 4  6 D  -10 -325
 4  7 D  -10 -327
 4  8 D  -10 -332
 4  9 D  -10 -334
 4 10 D  -10 -332
 4 11 D  -10 -330
 4 12 D  -10 -331
 4 13 D  -10 -329
 4 14 D  -10 -325
 4 15 D  -10 -328
 4 16 D  -10 -335
 4 17 D  -10 -329
 4 18 D  -10 -333
 4 19 D  -10 -336
 4 20 D  -10 -333
 4 21 D  -10 -332
 4 22 D  -10 -327
 4 23 D  -10 -328
 4 24 D  -10 -330
 4 25 D  -10 -334
 4 26 D  -10 -333
 4 27 D  -10 -331
 4 28 D  -10 -334
 4 29 D  -10 -328
 4 30 D  -10 -326
 4  1 H  285  623
 4  2 H  285  621
 4  3 H  285  614
 4  4 H  285  604
 4  5 H  285  603
 4  6 H  285  583
 4  7 H  285  578
 4  8 H  285  582
 4  9 H  285  590
 4 10 H  285  593
 4 11 H  285  594
 4 12 H  285  610
 4 13 H  285  603
 4 14 H  285  614
 4 15 H  285  606
 4 16 H  285  609
 4 17 H  285  598
 4 18 H  285  607
 4 19 H  285  581
 4 20 H  285  591
 4 21 H  285  600
 4 22 H  285  602
 4 23 H  285  609
 4 24 H  285  616
 4 25 H  285  609
 4 26 H  285  619
 4 27 H  285  622
 4 28 H  285  620
 4 29 H  285  609
 4 30 H  285  612
 4  1 Z  240  301
 4  2 Z  240  301
 4  3 Z  240  303
 4  4 Z  240  303
 4  5 Z  240  303
 4  6 Z  240  308
 4  7 Z  240  313
 4  8 Z  240  309
 4  9 Z  240  310
 4 10 Z  240  311
 4 11 Z  240  307
 4 12 Z  240  304
 4 13 Z  240  305
 4 14 Z  240  303
 4 15 Z  240  306
 4 16 Z  240  301
 4 17 Z  240  304
 4 18 Z  240  303
 4 19 Z  240  306
 4 20 Z  240  307
 4 21 Z  240  308
 4 22 Z  240  308
 4 23 Z  240  305
 4 24 Z  240  301
 4 25 Z  240  305
 4 26 Z  240  305
 4 27 Z  240  300
 4 28 Z  240  300
 4 29 Z  240  302
 4 30 Z  240  304
 5  1 D  -10 -328
 5  2 D  -10 -317
 5  3 D  -10 -326
 5  4 D  -10 -333
 5  5 D  -10 -326
 5  6 D  -10 -324
 5  7 D  -10 -323
 5  8 D  -10 -330
 5  9 D  -10 -327
 5 10 D  -10 -322
 5 11 D  -10 -325
 5 12 D  -10 -324
 5 13 D  -10 -325
 5 14 D  -10 -326
 5 15 D  -10 -324
 5 16 D  -10 -325
 5 17 D  -10 -320
 5 18 D  -10 -320
 5 19 D  -10 -326
 5 20 D  -10 -324
 5 21 D  -10 -322
 5 22 D  -10 -325
 5 23 D  -10 -320
 5 24 D  -10 -321
 5 25 D  -10 -325
 5 26 D  -10 -320
 5 27 D  -10 -318
 5 28 D  -10 -322
 5 29 D  -10 -322
 5 30 D  -10 -325
 5 31 D  -10 -323
 5  1 H  285  606
 5  2 H  285  572
 5  3 H  285  587
 5  4 H  285  621
 5  5 H  285  606
 5  6 H  285  608
 5  7 H  285  613
 5  8 H  285  615
 5  9 H  285  618
 5 10 H  285  609
 5 11 H  285  600
 5 12 H  285  593
 5 13 H  285  608
 5 14 H  285  614
 5 15 H  285  604
 5 16 H  285  607
 5 17 H  285  607
 5 18 H  285  613
 5 19 H  285  617
 5 20 H  285  621
 5 21 H  285  620
 5 22 H  285  623
 5 23 H  285  619
 5 24 H  285  624
 5 25 H  285  626
 5 26 H  285  627
 5 27 H  285  626
 5 28 H  285  629
 5 29 H  285  630
 5 30 H  285  630
 5 31 H  285  630
 5  1 Z  240  299
 5  2 Z  240  308
 5  3 Z  240  302
 5  4 Z  240  292
 5  5 Z  240  300
 5  6 Z  240  299
 5  7 Z  240  296
 5  8 Z  240  296
 5  9 Z  240  296
 5 10 Z  240  298
 5 11 Z  240  299
 5 12 Z  240  301
 5 13 Z  240  298
 5 14 Z  240  292
 5 15 Z  240  296
 5 16 Z  240  298
 5 17 Z  240  300
 5 18 Z  240  294
 5 19 Z  240  291
 5 20 Z  240  295
 5 21 Z  240  292
 5 22 Z  240  291
 5 23 Z  240  291
 5 24 Z  240  288
 5 25 Z  240  292
 5 26 Z  240  294
 5 27 Z  240  290
 5 28 Z  240  286
 5 29 Z  240  290
 5 30 Z  240  286
 5 31 Z  240  285
 6  1 D  -10 -319
 6  2 D  -10 -317
 6  3 D  -10 -321
 6  4 D  -10 -322
 6  5 D  -10 -315
 6  6 D  -10 -322
 6  7 D  -10 -321
 6  8 D  -10 -318
 6  9 D  -10 -315
 6 10 D  -10 -316
 6 11 D  -10 -313
 6 12 D  -10 -320
 6 13 D  -10 -317
 6 14 D  -10 -310
 6 15 D  -10 -315
 6 16 D  -10 -316
 6 17 D  -10 -315
 6 18 D  -10 -316
 6 19 D  -10 -310
 6 20 D  -10 -311
 6 21 D  -10 -318
 6 22 D  -10 -318
 6 23 D  -10 -314
 6 24 D  -10 -317
 6 25 D  -10 -314
 6 26 D  -10 -340
 6 27 D  -10 -353
 6 28 D  -10 -355
 6 29 D  -10 -350
 6 30 D  -10 -358
 6  1 H  285  625
 6  2 H  285  616
 6  3 H  285  619
 6  4 H  285  624
 6  5 H  285  626
 6  6 H  285  624
 6  7 H  285  626
 6  8 H  285  630
 6  9 H  285  631
 6 10 H  285  627
 6 11 H  285  619
 6 12 H  285  619
 6 13 H  285  613
 6 14 H  285  623
 6 15 H  285  621
 6 16 H  285  633
 6 17 H  285  632
 6 18 H  285  622
 6 19 H  285  623
 6 20 H  285  630
 6 21 H  285  628
 6 22 H  285  632
 6 23 H  285  627
 6 24 H  285  625
 6 25 H  285  631
 6 26 H  285  637
 6 27 H  285  635
 6 28 H  285  630
 6 29 H  285  621
 6 30 H  285  632
 6  1 Z  240  289
 6  2 Z  240  289
 6  3 Z  240  292
 6  4 Z  240  290
 6  5 Z  240  287
 6  6 Z  240  287
 6  7 Z  240  288
 6  8 Z  240  287
 6  9 Z  240  288
 6 10 Z  240  288
 6 11 Z  240  285
 6 12 Z  240  289
 6 13 Z  240  286
 6 14 Z  240  287
 6 15 Z  240  285
 6 16 Z  240  282
 6 17 Z  240  280
 6 18 Z  240  285
 6 19 Z  240  284
 6 20 Z  240  285
 6 21 Z  240  284
 6 22 Z  240  283
 6 23 Z  240  284
 6 24 Z  240  282
 6 25 Z  240  284
 6 26 Z  240  287
 6 27 Z  240  285
 6 28 Z  240  286
 6 29 Z  240  286
 6 30 Z  240  286
 7  1 D  -10 -326
 7  2 D  -10 -310
 7  3 D  -10 -305
 7  4 D  -10 -304
 7  5 D  -10 -306
 7  6 D  -10 -305
 7  7 D  -10 -302
 7  8 D  -10 -305
 7  9 D  -10 -308
 7 10 D  -10 -301
 7 11 D  -10 -302
 7 12 D  -10 -308
 7 13 D  -10 -304
 7 14 D  -10 -301
 7 15 D  -10 -301
 7 16 D  -10 -306
 7 17 D  -10 -304
 7 18 D  -10 -312
 7 19 D  -10 -305
 7 20 D  -10 -307
 7 21 D  -10 -304
 7 22 D  -10 -300
 7 23 D  -10 -302
 7 24 D  -10 -304
 7 25 D  -10 -304
 7 26 D  -10 -304
 7 27 D  -10 -302
 7 28 D  -10 -299
 7 29 D  -10 -299
 7 30 D  -10 -304
 7 31 D  -10 -304
 7  1 H  285  620
 7  2 H  285  615
 7  3 H  285  613
 7  4 H  285  621
 7  5 H  285  618
 7  6 H  285  636
 7  7 H  285  614
 7  8 H  285  618
 7  9 H  285  619
 7 10 H  285  618
 7 11 H  285  617
 7 12 H  285  623
 7 13 H  285  633
 7 14 H  285  627
 7 15 H  285  617
 7 16 H  285  611
 7 17 H  285  610
 7 18 H  285  612
 7 19 H  285  614
 7 20 H  285  608
 7 21 H  285  618
 7 22 H  285  618
 7 23 H  285  624
 7 24 H  285  625
 7 25 H  285  625
 7 26 H  285  631
 7 27 H  285  633
 7 28 H  285  638
 7 29 H  285  603
 7 30 H  285  597
 7 31 H  285  605
 7  1 Z  240  286
 7  2 Z  240  285
 7  3 Z  240  285
 7  4 Z  240  279
 7  5 Z  240  281
 7  6 Z  240  280
 7  7 Z  240  281
 7  8 Z  240  281
 7  9 Z  240  281
 7 10 Z  240  281
 7 11 Z  240  279
 7 12 Z  240  281
 7 13 Z  240  277
 7 14 Z  240  279
 7 15 Z  240  281
 7 16 Z  240  282
 7 17 Z  240  286
 7 18 Z  240  282
 7 19 Z  240  282
 7 20 Z  240  284
 7 21 Z  240  280
 7 22 Z  240  280
 7 23 Z  240  277
 7 24 Z  240  278
 7 25 Z  240  279
 7 26 Z  240  278
 7 27 Z  240  277
 7 28 Z  240  274
 7 29 Z  240  283
 7 30 Z  240  281
 7 31 Z  240  279
 8  1 D  -10 -305
 8  2 D  -10 -301
 8  3 D  -10 -297
 8  4 D  -10  NaN
 8  5 D  -10  NaN
 8  6 D  -10  NaN
 8  7 D  -10 -302
 8  8 D  -10 -305
 8  9 D  -10 -306
 8 10 D  -10 -306
 8 11 D  -10 -308
 8 12 D  -10 -305
 8 13 D  -10 -298
 8 14 D  -10 -301
 8 15 D  -10 -303
 8 16 D  -10 -305
 8 17 D  -10 -306
 8 18 D  -10 -306
 8 19 D  -10 -306
 8 20 D  -10 -305
 8 21 D  -10 -309
 8 22 D  -10 -299
 8 23 D  -10 -305
 8 24 D  -10 -300
 8 25 D  -10 -296
 8 26 D  -10 -294
 8 27 D  -10 -297
 8 28 D  -10 -294
 8 29 D  -10 -298
 8 30 D  -10 -298
 8 31 D  -10 -299
 8  1 H  285  617
 8  2 H  285  620
 8  3 H  285  626
 8  4 H  285  NaN
 8  5 H  285  NaN
 8  6 H  285  NaN
 8  7 H  285  614
 8  8 H  285  623
 8  9 H  285  616
 8 10 H  285  621
 8 11 H  285  619
 8 12 H  285  612
 8 13 H  285  616
 8 14 H  285  623
 8 15 H  285  622
 8 16 H  285  624
 8 17 H  285  608
 8 18 H  285  622
 8 19 H  285  617
 8 20 H  285  620
 8 21 H  285  626
 8 22 H  285  623
 8 23 H  285  625
 8 24 H  285  620
 8 25 H  285  618
 8 26 H  285  618
 8 27 H  285  614
 8 28 H  285  624
 8 29 H  285  625
 8 30 H  285  627
 8 31 H  285  632
 8  1 Z  240  281
 8  2 Z  240  278
 8  3 Z  240  278
 8  4 Z  240  NaN
 8  5 Z  240  NaN
 8  6 Z  240  NaN
 8  7 Z  240  284
 8  8 Z  240  282
 8  9 Z  240  281
 8 10 Z  240  281
 8 11 Z  240  278
 8 12 Z  240  282
 8 13 Z  240  279
 8 14 Z  240  282
 8 15 Z  240  280
 8 16 Z  240  280
 8 17 Z  240  281
 8 18 Z  240  283
 8 19 Z  240  280
 8 20 Z  240  279
 8 21 Z  240  282
 8 22 Z  240  278
 8 23 Z  240  273
 8 24 Z  240  276
 8 25 Z  240  275
 8 26 Z  240  279
 8 27 Z  240  280
 8 28 Z  240  274
 8 29 Z  240  275
 8 30 Z  240  274
 8 31 Z  240  272
 9  1 D  -10 -301
 9  2 D  -10 -308
 9  3 D  -10 -300
 9  4 D  -10 -304
 9  5 D  -10 -299
 9  6 D  -10 -301
 9  7 D  -10 -304
 9  8 D  -10 -305
 9  9 D  -10 -303
 9 10 D  -10 -296
 9 11 D  -10 -300
 9 12 D  -10 -299
 9 13 D  -10 -304
 9 14 D  -10 -293
 9 15 D  -10 -294
 9 16 D  -10 -295
 9 17 D  -10 -301
 9 18 D  -10 -302
 9 19 D  -10 -299
 9 20 D  -10 -299
 9 21 D  -10 -301
 9 22 D  -10 -294
 9 23 D  -10 -296
 9 24 D  -10 -296
 9 25 D  -10 -292
 9 26 D  -10 -301
 9 27 D  -10 -289
 9 28 D  -10 -297
 9 29 D  -10 -298
 9 30 D  -10 -296
 9  1 H  285  645
 9  2 H  285  651
 9  3 H  285  628
 9  4 H  285  630
 9  5 H  285  629
 9  6 H  285  636
 9  7 H  285  644
 9  8 H  285  644
 9  9 H  285  629
 9 10 H  285  621
 9 11 H  285  612
 9 12 H  285  622
 9 13 H  285  609
 9 14 H  285  611
 9 15 H  285  613
 9 16 H  285  634
 9 17 H  285  625
 9 18 H  285  626
 9 19 H  285  610
 9 20 H  285  578
 9 21 H  285  597
 9 22 H  285  577
 9 23 H  285  593
 9 24 H  285  601
 9 25 H  285  608
 9 26 H  285  612
 9 27 H  285  600
 9 28 H  285  608
 9 29 H  285  617
 9 30 H  285  628
 9  1 Z  240  266
 9  2 Z  240  266
 9  3 Z  240  270
 9  4 Z  240  273
 9  5 Z  240  270
 9  6 Z  240  267
 9  7 Z  240  265
 9  8 Z  240  265
 9  9 Z  240  271
 9 10 Z  240  271
 9 11 Z  240  271
 9 12 Z  240  268
 9 13 Z  240  274
 9 14 Z  240  274
 9 15 Z  240  271
 9 16 Z  240  262
 9 17 Z  240  267
 9 18 Z  240  266
 9 19 Z  240  266
 9 20 Z  240  271
 9 21 Z  240  275
 9 22 Z  240  279
 9 23 Z  240  275
 9 24 Z  240  276
 9 25 Z  240  274
 9 26 Z  240  274
 9 27 Z  240  277
 9 28 Z  240  273
 9 29 Z  240  269
 9 30 Z  240  267
10  1 D  -10 -292
10  2 D  -10 -291
10  3 D  -10 -298
10  4 D  -10 -289
10  5 D  -10 -295
10  6 D  -10 -305
10  7 D  -10 -298
10  8 D  -10 -301
10  9 D  -10  NaN
10 10 D  -10 -293
10 11 D  -10 -294
10 12 D  -10 -294
10 13 D  -10 -298
10 14 D  -10 -298
10 15 D  -10 -295
10 16 D  -10 -298
10 17 D  -10 -291
10 18 D  -10 -292
10 19 D  -10 -291
10 20 D  -10 -302
10 21 D  -10 -296
10 22 D  -10 -294
10 23 D  -10 -290
10 24 D  -10 -295
10 25 D  -10 -299
10 26 D  -10 -300
10 27 D  -10 -297
10 28 D  -10 -289
10 29 D  -10 -298
10 30 D  -10 -298
10 31 D  -10 -293
10  1 H  285  633
10  2 H  285  633
10  3 H  285  628
10  4 H  285  623
10  5 H  285  639
10  6 H  285  640
10  7 H  285  629
10  8 H  285  635
10  9 H  285  NaN
10 10 H  285  637
10 11 H  285  640
10 12 H  285  604
10 13 H  285  622
10 14 H  285  634
10 15 H  285  613
10 16 H  285  615
10 17 H  285  615
10 18 H  285  606
10 19 H  285  583
10 20 H  285  604
10 21 H  285  609
10 22 H  285  603
10 23 H  285  615
10 24 H  285  617
10 25 H  285  627
10 26 H  285  632
10 27 H  285  576
10 28 H  285  567
10 29 H  285  604
10 30 H  285  612
10 31 H  285  617
10  1 Z  240  263
10  2 Z  240  265
10  3 Z  240  264
10  4 Z  240  264
10  5 Z  240  262
10  6 Z  240  256
10  7 Z  240  259
10  8 Z  240  258
10  9 Z  240  NaN
10 10 Z  240  262
10 11 Z  240  258
10 12 Z  240  264
10 13 Z  240  261
10 14 Z  240  256
10 15 Z  240  267
10 16 Z  240  264
10 17 Z  240  263
10 18 Z  240  261
10 19 Z  240  271
10 20 Z  240  263
10 21 Z  240  265
10 22 Z  240  270
10 23 Z  240  265
10 24 Z  240  260
10 25 Z  240  257
10 26 Z  240  257
10 27 Z  240  265
10 28 Z  240  272
10 29 Z  240  263
10 30 Z  240  261
10 31 Z  240  261
11  1 D  -10 -286
11  2 D  -10 -283
11  3 D  -10 -281
11  4 D  -10 -281
11  5 D  -10 -284
11  6 D  -10 -283
11  7 D  -10 -286
11  8 D  -10 -286
11  9 D  -10 -283
11 10 D  -10 -283
11 11 D  -10 -283
11 12 D  -10 -285
11 13 D  -10 -285
11 14 D  -10 -279
11 15 D  -10 -280
11 16 D  -10 -280
11 17 D  -10 -281
11 18 D  -10 -282
11 19 D  -10 -281
11 20 D  -10 -280
11 21 D  -10 -277
11 22 D  -10 -278
11 23 D  -10 -278
11 24 D  -10 -279
11 25 D  -10 -287
11 26 D  -10 -280
11 27 D  -10 -279
11 28 D  -10 -280
11 29 D  -10 -278
11 30 D  -10 -276
11  1 H  285  625
11  2 H  285  626
11  3 H  285  631
11  4 H  285  621
11  5 H  285  617
11  6 H  285  623
11  7 H  285  623
11  8 H  285  625
11  9 H  285  632
11 10 H  285  632
11 11 H  285  634
11 12 H  285  622
11 13 H  285  604
11 14 H  285  589
11 15 H  285  601
11 16 H  285  608
11 17 H  285  614
11 18 H  285  613
11 19 H  285  622
11 20 H  285  627
11 21 H  285  637
11 22 H  285  638
11 23 H  285  641
11 24 H  285  639
11 25 H  285  629
11 26 H  285  604
11 27 H  285  620
11 28 H  285  623
11 29 H  285  619
11 30 H  285  622
11  1 Z  240  257
11  2 Z  240  258
11  3 Z  240  258
11  4 Z  240  256
11  5 Z  240  258
11  6 Z  240  258
11  7 Z  240  258
11  8 Z  240  256
11  9 Z  240  254
11 10 Z  240  255
11 11 Z  240  256
11 12 Z  240  256
11 13 Z  240  258
11 14 Z  240  262
11 15 Z  240  262
11 16 Z  240  262
11 17 Z  240  259
11 18 Z  240  259
11 19 Z  240  259
11 20 Z  240  256
11 21 Z  240  256
11 22 Z  240  255
11 23 Z  240  251
11 24 Z  240  250
11 25 Z  240  252
11 26 Z  240  259
11 27 Z  240  253
11 28 Z  240  253
11 29 Z  240  251
11 30 Z  240  251
12  1 D  -10 -280
12  2 D  -10 -271
12  3 D  -10 -278
12  4 D  -10 -274
12  5 D  -10 -280
12  6 D  -10 -278
12  7 D  -10 -277
12  8 D  -10 -272
12  9 D  -10 -277
12 10 D  -10 -277
12 11 D  -10 -278
12 12 D  -10 -274
12 13 D  -10 -277
12 14 D  -10 -277
12 15 D  -10 -275
12 16 D  -10 -272
12 17 D  -10 -271
12 18 D  -10 -274
12 19 D  -10 -276
12 20 D  -10 -280
12 21 D  -10 -276
12 22 D  -10 -276
12 23 D  -10 -277
12 24 D  -10 -278
12 25 D  -10 -273
12 26 D  -10 -274
12 27 D  -10 -279
12 28 D  -10 -274
12 29 D  -10 -278
12 30 D  -10  NaN
12 31 D  -10 -277
12  1 H  285  624
12  2 H  285  561
12  3 H  285  587
12  4 H  285  603
12  5 H  285  614
12  6 H  285  627
12  7 H  285  631
12  8 H  285  633
12  9 H  285  632
12 10 H  285  636
12 11 H  285  583
12 12 H  285  601
12 13 H  285  613
12 14 H  285  617
12 15 H  285  626
12 16 H  285  622
12 17 H  285  613
12 18 H  285  629
12 19 H  285  639
12 20 H  285  636
12 21 H  285  643
12 22 H  285  634
12 23 H  285  641
12 24 H  285  640
12 25 H  285  641
12 26 H  285  641
12 27 H  285  637
12 28 H  285  635
12 29 H  285  628
12 30 H  285  NaN
12 31 H  285  632
12  1 Z  240  251
12  2 Z  240  265
12  3 Z  240  262
12  4 Z  240  259
12  5 Z  240  259
12  6 Z  240  254
12  7 Z  240  252
12  8 Z  240  252
12  9 Z  240  252
12 10 Z  240  250
12 11 Z  240  258
12 12 Z  240  256
12 13 Z  240  254
12 14 Z  240  252
12 15 Z  240  249
12 16 Z  240  250
12 17 Z  240  252
12 18 Z  240  250
12 19 Z  240  248
12 20 Z  240  248
12 21 Z  240  248
12 22 Z  240  249
12 23 Z  240  247
12 24 Z  240  248
12 25 Z  240  248
12 26 Z  240  247
12 27 Z  240  246
12 28 Z  240  246
12 29 Z  240  246
12 30 Z  240  NaN
12 31 Z  240  249
