 1  1 D   -8 -229
 1  2 D   -8 -225
 1  3 D   -8 -228
 1  4 D   -8 -229
 1  5 D   -8 -228
 1  6 D   -8 -229
 1  7 D   -8 -229
 1  8 D   -8 -237
 1  9 D   -8 -234
 1 10 D   -8 -234
 1 11 D   -8 -232
 1 12 D   -8 -235
 1 13 D   -8 -230
 1 14 D   -8 -234
 1 15 D   -8 -227
 1 16 D   -8 -226
 1 17 D   -8 -223
 1 18 D   -8 -226
 1 19 D   -8 -231
 1 20 D   -8 -232
 1 21 D   -8 -228
 1 22 D   -8 -230
 1 23 D   -8 -231
 1 24 D   -8 -239
 1 25 D   -8 -230
 1 26 D   -8 -236
 1 27 D   -8 -229
 1 28 D   -8 -233
 1 29 D   -8 -227
 1 30 D   -8 -230
 1 31 D   -8 -226
 1  1 H  290  571
 1  2 H  290  565
 1  3 H  290  557
 1  4 H  290  559
 1  5 H  290  557
 1  6 H  290  568
 1  7 H  290  570
 1  8 H  290  552
 1  9 H  290  569
 1 10 H  290  563
 1 11 H  290  527
 1 12 H  290  552
 1 13 H  290  542
 1 14 H  290  559
 1 15 H  290  560
 1 16 H  290  564
 1 17 H  290  564
 1 18 H  290  577
 1 19 H  290  581
 1 20 H  290  564
 1 21 H  290  574
 1 22 H  290  576
 1 23 H  290  587
 1 24 H  290  595
 1 25 H  290  581
 1 26 H  290  595
 1 27 H  290  560
 1 28 H  290  560
 1 29 H  290  562
 1 30 H  290  549
 1 31 H  290  563
 1  1 Z  230  351
 1  2 Z  230  350
 1  3 Z  230  350
 1  4 Z  230  352
 1  5 Z  230  348
 1  6 Z  230  346
 1  7 Z  230  348
 1  8 Z  230  353
 1  9 Z  230  349
 1 10 Z  230  341
 1 11 Z  230  352
 1 12 Z  230  353
 1 13 Z  230  353
 1 14 Z  230  347
 1 15 Z  230  347
 1 16 Z  230  357
 1 17 Z  230  353
 1 18 Z  230  348
 1 19 Z  230  343
 1 20 Z  230  346
 1 21 Z  230  344
 1 22 Z  230  341
 1 23 Z  230  335
 1 24 Z  230  331
 1 25 Z  230  331
 1 26 Z  230  324
 1 27 Z  230  335
 1 28 Z  230  336
 1 29 Z  230  334
 1 30 Z  230  333
 1 31 Z  230  341
 2  1 D   -8  NaN
 2  2 D   -8 -220
 2  3 D   -8 -224
 2  4 D   -8 -227
 2  5 D   -8 -231
 2  6 D   -8 -231
 2  7 D   -8 -231
 2  8 D   -8 -230
 2  9 D   -8 -231
 2 10 D   -8 -225
 2 11 D   -8 -228
 2 12 D   -8 -229
 2 13 D   -8 -221
 2 14 D   -8 -215
 2 15 D   -8 -222
 2 16 D   -8 -219
 2 17 D   -8 -224
 2 18 D   -8 -224
 2 19 D   -8 -226
 2 20 D   -8  NaN
 2 21 D   -8  NaN
 2 22 D   -8  NaN
 2 23 D   -8 -213
 2 24 D   -8  NaN
 2 25 D   -8 -207
 2 26 D   -8 -227
 2 27 D   -8  NaN
 2 28 D   -8 -226
 2 29 D   -8 -232
 2  1 H  290  NaN
 2  2 H  290  506
 2  3 H  290  497
 2  4 H  290  523
 2  5 H  290  551
 2  6 H  290  566
 2  7 H  290  560
 2  8 H  290  540
 2  9 H  290  451
 2 10 H  290  526
 2 11 H  290  560
 2 12 H  290  572
 2 13 H  290  574
 2 14 H  290  577
 2 15 H  290  589
 2 16 H  290  590
 2 17 H  290  594
 2 18 H  290  578
 2 19 H  290  586
 2 20 H  290  NaN
 2 21 H  290  NaN
 2 22 H  290  NaN
 2 23 H  290  552
 2 24 H  290  NaN
 2 25 H  290  513
 2 26 H  290  517
 2 27 H  290  NaN
 2 28 H  290  545
 2 29 H  290  532
 2  1 Z  230  NaN
 2  2 Z  230  360
 2  3 Z  230  377
 2  4 Z  230  361
 2  5 Z  230  348
 2  6 Z  230  344
 2  7 Z  230  343
 2  8 Z  230  350
 2  9 Z  230  376
 2 10 Z  230  355
 2 11 Z  230  346
 2 12 Z  230  344
 2 13 Z  230  NaN
 2 14 Z  230  NaN
 2 15 Z  230  NaN
 2 16 Z  230  332
 2 17 Z  230  NaN
 2 18 Z  230  NaN
 2 19 Z  230  NaN
 2 20 Z  230  NaN
 2 21 Z  230  NaN
 2 22 Z  230  NaN
 2 23 Z  230  NaN
 2 24 Z  230  NaN
 2 25 Z  230  353
 2 26 Z  230  353
 2 27 Z  230  NaN
 2 28 Z  230  342
 2 29 Z  230  338
 3  1 D   -8 -215
 3  2 D   -8 -213
 3  3 D   -8 -213
 3  4 D   -8 -221
 3  5 D   -8 -215
 3  6 D   -8 -212
 3  7 D   -8 -214
 3  8 D   -8 -216
 3  9 D   -8 -212
 3 10 D   -8 -210
 3 11 D   -8 -218
 3 12 D   -8 -215
 3 13 D   -8 -214
 3 14 D   -8 -224
 3 15 D   -8 -224
 3 16 D   -8 -215
 3 17 D   -8 -211
 3 18 D   -8 -214
 3 19 D   -8 -216
 3 20 D   -8 -217
 3 21 D   -8 -213
 3 22 D   -8 -205
 3 23 D   -8 -207
 3 24 D   -8 -206
 3 25 D   -8 -213
 3 26 D   -8 -215
 3 27 D   -8 -210
 3 28 D   -8 -212
 3 29 D   -8 -214
 3 30 D   -8 -205
 3 31 D   -8 -210
 3  1 H  290  548
 3  2 H  290  572
 3  3 H  290  580
 3  4 H  290  592
 3  5 H  290  587
 3  6 H  290  594
 3  7 H  290  596
 3  8 H  290  601
 3  9 H  290  592
 3 10 H  290  585
 3 11 H  290  589
 3 12 H  290  592
 3 13 H  290  601
 3 14 H  290  603
 3 15 H  290  616
 3 16 H  290  585
 3 17 H  290  599
 3 18 H  290  581
 3 19 H  290  598
 3 20 H  290  604
 3 21 H  290  583
 3 22 H  290  569
 3 23 H  290  573
 3 24 H  290  577
 3 25 H  290  579
 3 26 H  290  583
 3 27 H  290  591
 3 28 H  290  585
 3 29 H  290  580
 3 30 H  290  581
 3 31 H  290  589
 3  1 Z  230  333
 3  2 Z  230  329
 3  3 Z  230  325
 3  4 Z  230  325
 3  5 Z  230  329
 3  6 Z  230  329
 3  7 Z  230  326
 3  8 Z  230  328
 3  9 Z  230  329
 3 10 Z  230  330
 3 11 Z  230  332
 3 12 Z  230  329
 3 13 Z  230  331
 3 14 Z  230  326
 3 15 Z  230  327
 3 16 Z  230  333
 3 17 Z  230  324
 3 18 Z  230  328
 3 19 Z  230  322
 3 20 Z  230  324
 3 21 Z  230  332
 3 22 Z  230  337
 3 23 Z  230  339
 3 24 Z  230  339
 3 25 Z  230  334
 3 26 Z  230  334
 3 27 Z  230  323
 3 28 Z  230  325
 3 29 Z  230  327
 3 30 Z  230  334
 3 31 Z  230  333
 4  1 D   -8 -201
 4  2 D   -8 -213
 4  3 D   -8 -212
 4  4 D   -8 -206
 4  5 D   -8 -214
 4  6 D   -8 -212
 4  7 D   -8 -211
 4  8 D   -8 -209
 4  9 D   -8 -205
 4 10 D   -8 -213
 4 11 D   -8 -209
 4 12 D   -8 -210
 4 13 D   -8 -211
 4 14 D   -8 -215
 4 15 D   -8 -208
 4 16 D   -8 -215
 4 17 D   -8 -213
 4 18 D   -8 -222
 4 19 D   -8 -205
 4 20 D   -8 -204
 4 21 D   -8  NaN
 4 22 D   -8 -202
 4 23 D   -8 -208
 4 24 D   -8 -203
 4 25 D   -8 -200
 4 26 D   -8 -199
 4 27 D   -8 -205
 4 28 D   -8 -212
 4 29 D   -8 -202
 4 30 D   -8 -204
 4  1 H  290  600
 4  2 H  290  601
 4  3 H  290  565
 4  4 H  290  575
 4  5 H  290  585
 4  6 H  290  584
 4  7 H  290  587
 4  8 H  290  595
 4  9 H  290  603
 4 10 H  290  614
 4 11 H  290  611
 4 12 H  290  614
 4 13 H  290  608
 4 14 H  290  615
 4 15 H  290  617
 4 16 H  290  613
 4 17 H  290  612
 4 18 H  290  610
 4 19 H  290  578
 4 20 H  290  579
 4 21 H  290  NaN
 4 22 H  290  592
 4 23 H  290  599
 4 24 H  290  591
 4 25 H  290  601
 4 26 H  290  597
 4 27 H  290  595
 4 28 H  290  599
 4 29 H  290  606
 4 30 H  290  605
 4  1 Z  230  325
 4  2 Z  230  319
 4  3 Z  230  326
 4  4 Z  230  334
 4  5 Z  230  331
 4  6 Z  230  333
 4  7 Z  230  332
 4  8 Z  230  NaN
 4  9 Z  230  330
 4 10 Z  230  329
 4 11 Z  230  328
 4 12 Z  230  328
 4 13 Z  230  320
 4 14 Z  230  321
 4 15 Z  230  322
 4 16 Z  230  318
 4 17 Z  230  324
 4 18 Z  230  321
 4 19 Z  230  339
 4 20 Z  230  335
 4 21 Z  230  NaN
 4 22 Z  230  328
 4 23 Z  230  321
 4 24 Z  230  331
 4 25 Z  230  331
 4 26 Z  230  327
 4 27 Z  230  328
 4 28 Z  230  337
 4 29 Z  230  331
 4 30 Z  230  334
 5  1 D   -8 -199
 5  2 D   -8 -200
 5  3 D   -8 -200
 5  4 D   -8 -193
 5  5 D   -8 -207
 5  6 D   -8 -199
 5  7 D   -8 -197
 5  8 D   -8 -208
 5  9 D   -8 -203
 5 10 D   -8 -191
 5 11 D   -8 -199
 5 12 D   -8 -194
 5 13 D   -8 -199
 5 14 D   -8 -199
 5 15 D   -8 -203
 5 16 D   -8 -206
 5 17 D   -8 -199
 5 18 D   -8 -196
 5 19 D   -8 -199
 5 20 D   -8 -196
 5 21 D   -8 -200
 5 22 D   -8 -199
 5 23 D   -8 -196
 5 24 D   -8 -205
 5 25 D   -8 -202
 5 26 D   -8 -202
 5 27 D   -8 -203
 5 28 D   -8 -197
 5 29 D   -8 -194
 5 30 D   -8  NaN
 5 31 D   -8  NaN
 5  1 H  290  611
 5  2 H  290  605
 5  3 H  290  608
 5  4 H  290  598
 5  5 H  290  609
 5  6 H  290  614
 5  7 H  290  620
 5  8 H  290  566
 5  9 H  290  594
 5 10 H  290  451
 5 11 H  290  519
 5 12 H  290  544
 5 13 H  290  546
 5 14 H  290  569
 5 15 H  290  577
 5 16 H  290  588
 5 17 H  290  588
 5 18 H  290  580
 5 19 H  290  573
 5 20 H  290  587
 5 21 H  290  593
 5 22 H  290  557
 5 23 H  290  571
 5 24 H  290  589
 5 25 H  290  594
 5 26 H  290  604
 5 27 H  290  600
 5 28 H  290  605
 5 29 H  290  596
 5 30 H  290  NaN
 5 31 H  290  NaN
 5  1 Z  230  325
 5  2 Z  230  323
 5  3 Z  230  324
 5  4 Z  230  327
 5  5 Z  230  322
 5  6 Z  230  316
 5  7 Z  230  311
 5  8 Z  230  327
 5  9 Z  230  327
 5 10 Z  230  356
 5 11 Z  230  351
 5 12 Z  230  349
 5 13 Z  230  345
 5 14 Z  230  337
 5 15 Z  230  332
 5 16 Z  230  328
 5 17 Z  230  328
 5 18 Z  230  331
 5 19 Z  230  332
 5 20 Z  230  341
 5 21 Z  230  334
 5 22 Z  230  335
 5 23 Z  230  337
 5 24 Z  230  329
 5 25 Z  230  327
 5 26 Z  230  333
 5 27 Z  230  326
 5 28 Z  230  329
 5 29 Z  230  328
 5 30 Z  230  NaN
 5 31 Z  230  NaN
 6  1 D   -8 -186
 6  2 D   -8 -191
 6  3 D   -8 -195
 6  4 D   -8 -189
 6  5 D   -8 -185
 6  6 D   -8 -187
 6  7 D   -8 -188
 6  8 D   -8 -182
 6  9 D   -8 -185
 6 10 D   -8 -181
 6 11 D   -8 -188
 6 12 D   -8 -189
 6 13 D   -8 -191
 6 14 D   -8 -194
 6 15 D   -8 -195
 6 16 D   -8 -184
 6 17 D   -8 -188
 6 18 D   -8 -186
 6 19 D   -8 -187
 6 20 D   -8 -184
 6 21 D   -8 -187
 6 22 D   -8 -184
 6 23 D   -8 -185
 6 24 D   -8 -186
 6 25 D   -8 -197
 6 26 D   -8 -186
 6 27 D   -8 -191
 6 28 D   -8 -188
 6 29 D   -8 -195
 6 30 D   -8 -183
 6  1 H  290  591
 6  2 H  290  600
 6  3 H  290  614
 6  4 H  290  608
 6  5 H  290  621
 6  6 H  290  611
 6  7 H  290  607
 6  8 H  290  549
 6  9 H  290  575
 6 10 H  290  598
 6 11 H  290  583
 6 12 H  290  582
 6 13 H  290  587
 6 14 H  290  600
 6 15 H  290  599
 6 16 H  290  601
 6 17 H  290  608
 6 18 H  290  597
 6 19 H  290  580
 6 20 H  290  597
 6 21 H  290  602
 6 22 H  290  610
 6 23 H  290  601
 6 24 H  290  600
 6 25 H  290  597
 6 26 H  290  601
 6 27 H  290  610
 6 28 H  290  602
 6 29 H  290  582
 6 30 H  290  572
 6  1 Z  230  317
 6  2 Z  230  318
 6  3 Z  230  310
 6  4 Z  230  315
 6  5 Z  230  313
 6  6 Z  230  311
 6  7 Z  230  315
 6  8 Z  230  336
 6  9 Z  230  332
 6 10 Z  230  327
 6 11 Z  230  325
 6 12 Z  230  327
 6 13 Z  230  327
 6 14 Z  230  317
 6 15 Z  230  318
 6 16 Z  230  313
 6 17 Z  230  315
 6 18 Z  230  320
 6 19 Z  230  326
 6 20 Z  230  322
 6 21 Z  230  320
 6 22 Z  230  319
 6 23 Z  230  322
 6 24 Z  230  325
 6 25 Z  230  317
 6 26 Z  230  320
 6 27 Z  230  319
 6 28 Z  230  321
 6 29 Z  230  324
 6 30 Z  230  331
 7  1 D   -8 -186
 7  2 D   -8 -183
 7  3 D   -8 -189
 7  4 D   -8 -180
 7  5 D   -8 -183
 7  6 D   -8 -180
 7  7 D   -8 -189
 7  8 D   -8 -186
 7  9 D   -8 -185
 7 10 D   -8 -184
 7 11 D   -8  NaN
 7 12 D   -8 -187
 7 13 D   -8 -186
 7 14 D   -8 -193
 7 15 D   -8 -183
 7 16 D   -8 -182
 7 17 D   -8 -184
 7 18 D   -8 -191
 7 19 D   -8 -181
 7 20 D   -8 -186
 7 21 D   -8 -181
 7 22 D   -8 -189
 7 23 D   -8 -181
 7 24 D   -8 -189
 7 25 D   -8 -189
 7 26 D   -8 -190
 7 27 D   -8 -192
 7 28 D   -8 -180
 7 29 D   -8 -185
 7 30 D   -8 -184
 7 31 D   -8 -181
 7  1 H  290  592
 7  2 H  290  592
 7  3 H  290  601
 7  4 H  290  606
 7  5 H  290  610
 7  6 H  290  614
 7  7 H  290  614
 7  8 H  290  625
 7  9 H  290  623
 7 10 H  290  615
 7 11 H  290  NaN
 7 12 H  290  614
 7 13 H  290  602
 7 14 H  290  598
 7 15 H  290  605
 7 16 H  290  594
 7 17 H  290  595
 7 18 H  290  613
 7 19 H  290  617
 7 20 H  290  614
 7 21 H  290  609
 7 22 H  290  580
 7 23 H  290  583
 7 24 H  290  598
 7 25 H  290  602
 7 26 H  290  602
 7 27 H  290  619
 7 28 H  290  593
 7 29 H  290  603
 7 30 H  290  609
 7 31 H  290  617
 7  1 Z  230  324
 7  2 Z  230  323
 7  3 Z  230  324
 7  4 Z  230  324
 7  5 Z  230  312
 7  6 Z  230  312
 7  7 Z  230  319
 7  8 Z  230  305
 7  9 Z  230  309
 7 10 Z  230  310
 7 11 Z  230  NaN
 7 12 Z  230  315
 7 13 Z  230  318
 7 14 Z  230  311
 7 15 Z  230  310
 7 16 Z  230  314
 7 17 Z  230  315
 7 18 Z  230  316
 7 19 Z  230  314
 7 20 Z  230  313
 7 21 Z  230  311
 7 22 Z  230  317
 7 23 Z  230  326
 7 24 Z  230  319
 7 25 Z  230  314
 7 26 Z  230  316
 7 27 Z  230  309
 7 28 Z  230  315
 7 29 Z  230  316
 7 30 Z  230  315
 7 31 Z  230  311
 8  1 D   -8 -182
 8  2 D   -8 -183
 8  3 D   -8 -183
 8  4 D   -8 -185
 8  5 D   -8 -178
 8  6 D   -8 -184
 8  7 D   -8 -186
 8  8 D   -8 -175
 8  9 D   -8 -183
 8 10 D   -8 -179
 8 11 D   -8 -175
 8 12 D   -8 -175
 8 13 D   -8 -177
 8 14 D   -8 -172
 8 15 D   -8 -170
 8 16 D   -8 -175
 8 17 D   -8 -172
 8 18 D   -8 -175
 8 19 D   -8 -173
 8 20 D   -8 -169
 8 21 D   -8 -182
 8 22 D   -8 -170
 8 23 D   -8 -145
 8 24 D   -8 -179
 8 25 D   -8 -176
 8 26 D   -8 -175
 8 27 D   -8 -170
 8 28 D   -8 -167
 8 29 D   -8 -164
 8 30 D   -8 -170
 8 31 D   -8 -175
 8  1 H  290  607
 8  2 H  290  614
 8  3 H  290  617
 8  4 H  290  628
 8  5 H  290  590
 8  6 H  290  595
 8  7 H  290  582
 8  8 H  290  582
 8  9 H  290  593
 8 10 H  290  597
 8 11 H  290  597
 8 12 H  290  592
 8 13 H  290  601
 8 14 H  290  599
 8 15 H  290  599
 8 16 H  290  603
 8 17 H  290  604
 8 18 H  290  623
 8 19 H  290  619
 8 20 H  290  607
 8 21 H  290  602
 8 22 H  290  595
 8 23 H  290  562
 8 24 H  290  585
 8 25 H  290  591
 8 26 H  290  593
 8 27 H  290  591
 8 28 H  290  595
 8 29 H  290  596
 8 30 H  290  605
 8 31 H  290  612
 8  1 Z  230  308
 8  2 Z  230  308
 8  3 Z  230  298
 8  4 Z  230  304
 8  5 Z  230  317
 8  6 Z  230  316
 8  7 Z  230  318
 8  8 Z  230  322
 8  9 Z  230  317
 8 10 Z  230  315
 8 11 Z  230  314
 8 12 Z  230  316
 8 13 Z  230  313
 8 14 Z  230  316
 8 15 Z  230  312
 8 16 Z  230  305
 8 17 Z  230  309
 8 18 Z  230  301
 8 19 Z  230  303
 8 20 Z  230  309
 8 21 Z  230  302
 8 22 Z  230  311
 8 23 Z  230  322
 8 24 Z  230  314
 8 25 Z  230  316
 8 26 Z  230  314
 8 27 Z  230  315
 8 28 Z  230  314
 8 29 Z  230  317
 8 30 Z  230  306
 8 31 Z  230  307
 9  1 D   -8 -169
 9  2 D   -8 -178
 9  3 D   -8 -176
 9  4 D   -8 -171
 9  5 D   -8 -168
 9  6 D   -8 -170
 9  7 D   -8 -174
 9  8 D   -8 -169
 9  9 D   -8 -162
 9 10 D   -8 -167
 9 11 D   -8 -168
 9 12 D   -8 -169
 9 13 D   -8 -166
 9 14 D   -8 -170
 9 15 D   -8 -177
 9 16 D   -8 -164
 9 17 D   -8 -171
 9 18 D   -8 -171
 9 19 D   -8 -170
 9 20 D   -8 -169
 9 21 D   -8 -167
 9 22 D   -8 -164
 9 23 D   -8 -174
 9 24 D   -8 -171
 9 25 D   -8 -174
 9 26 D   -8 -164
 9 27 D   -8 -166
 9 28 D   -8 -166
 9 29 D   -8 -165
 9 30 D   -8 -162
 9  1 H  290  615
 9  2 H  290  617
 9  3 H  290  577
 9  4 H  290  576
 9  5 H  290  579
 9  6 H  290  588
 9  7 H  290  586
 9  8 H  290  581
 9  9 H  290  556
 9 10 H  290  525
 9 11 H  290  546
 9 12 H  290  579
 9 13 H  290  603
 9 14 H  290  602
 9 15 H  290  594
 9 16 H  290  599
 9 17 H  290  544
 9 18 H  290  568
 9 19 H  290  582
 9 20 H  290  593
 9 21 H  290  594
 9 22 H  290  585
 9 23 H  290  588
 9 24 H  290  606
 9 25 H  290  605
 9 26 H  290  603
 9 27 H  290  607
 9 28 H  290  599
 9 29 H  290  557
 9 30 H  290  567
 9  1 Z  230  306
 9  2 Z  230  306
 9  3 Z  230  319
 9  4 Z  230  321
 9  5 Z  230  324
 9  6 Z  230  320
 9  7 Z  230  320
 9  8 Z  230  319
 9  9 Z  230  318
 9 10 Z  230  331
 9 11 Z  230  333
 9 12 Z  230  318
 9 13 Z  230  310
 9 14 Z  230  312
 9 15 Z  230  316
 9 16 Z  230  314
 9 17 Z  230  330
 9 18 Z  230  323
 9 19 Z  230  320
 9 20 Z  230  320
 9 21 Z  230  320
 9 22 Z  230  318
 9 23 Z  230  316
 9 24 Z  230  313
 9 25 Z  230  309
 9 26 Z  230  305
 9 27 Z  230  302
 9 28 Z  230  310
 9 29 Z  230  325
 9 30 Z  230  321
10  1 D   -8 -183
10  2 D   -8 -184
10  3 D   -8  NaN
10  4 D   -8 -179
10  5 D   -8 -185
10  6 D   -8 -180
10  7 D   -8 -181
10  8 D   -8 -178
10  9 D   -8 -181
10 10 D   -8 -175
10 11 D   -8 -180
10 12 D   -8 -182
10 13 D   -8  NaN
10 14 D   -8  NaN
10 15 D   -8  NaN
10 16 D   -8  NaN
10 17 D   -8  NaN
10 18 D   -8  NaN
10 19 D   -8  NaN
10 20 D   -8  NaN
10 21 D   -8  NaN
10 22 D   -8  NaN
10 23 D   -8  NaN
10 24 D   -8  NaN
10 25 D   -8  NaN
10 26 D   -8 -167
10 27 D   -8 -177
10 28 D   -8 -175
10 29 D   -8 -176
10 30 D   -8 -173
10 31 D   -8 -169
10  1 H  290  569
10  2 H  290  578
10  3 H  290  NaN
10  4 H  290  592
10  5 H  290  609
10  6 H  290  600
10  7 H  290  605
10  8 H  290  614
10  9 H  290  599
10 10 H  290  598
10 11 H  290  581
10 12 H  290  579
10 13 H  290  NaN
10 14 H  290  NaN
10 15 H  290  NaN
10 16 H  290  NaN
10 17 H  290  NaN
10 18 H  290  NaN
10 19 H  290  NaN
10 20 H  290  NaN
10 21 H  290  NaN
10 22 H  290  NaN
10 23 H  290  NaN
10 24 H  290  NaN
10 25 H  290  NaN
10 26 H  290  612
10 27 H  290  585
10 28 H  290  581
10 29 H  290  582
10 30 H  290  586
10 31 H  290  593
10  1 Z  230  319
10  2 Z  230  318
10  3 Z  230  NaN
10  4 Z  230  312
10  5 Z  230  312
10  6 Z  230  311
10  7 Z  230  312
10  8 Z  230  308
10  9 Z  230  307
10 10 Z  230  312
10 11 Z  230  313
10 12 Z  230  320
10 13 Z  230  NaN
10 14 Z  230  NaN
10 15 Z  230  NaN
10 16 Z  230  NaN
10 17 Z  230  NaN
10 18 Z  230  NaN
10 19 Z  230  NaN
10 20 Z  230  NaN
10 21 Z  230  NaN
10 22 Z  230  NaN
10 23 Z  230  NaN
10 24 Z  230  NaN
10 25 Z  230  NaN
10 26 Z  230  310
10 27 Z  230  311
10 28 Z  230  316
10 29 Z  230  319
10 30 Z  230  315
10 31 Z  230  315
11  1 D   -8 -165
11  2 D   -8 -159
11  3 D   -8 -165
11  4 D   -8 -164
11  5 D   -8 -161
11  6 D   -8 -163
11  7 D   -8 -159
11  8 D   -8 -164
11  9 D   -8 -155
11 10 D   -8 -161
11 11 D   -8 -166
11 12 D   -8 -153
11 13 D   -8 -158
11 14 D   -8  NaN
11 15 D   -8 -158
11 16 D   -8 -154
11 17 D   -8 -155
11 18 D   -8 -155
11 19 D   -8 -156
11 20 D   -8 -147
11 21 D   -8 -149
11 22 D   -8 -148
11 23 D   -8 -147
11 24 D   -8 -145
11 25 D   -8 -145
11 26 D   -8 -150
11 27 D   -8 -144
11 28 D   -8 -143
11 29 D   -8 -145
11 30 D   -8 -142
11  1 H  290  607
11  2 H  290  581
11  3 H  290  573
11  4 H  290  568
11  5 H  290  577
11  6 H  290  578
11  7 H  290  582
11  8 H  290  596
11  9 H  290  572
11 10 H  290  584
11 11 H  290  598
11 12 H  290  603
11 13 H  290  602
11 14 H  290  NaN
11 15 H  290  597
11 16 H  290  589
11 17 H  290  598
11 18 H  290  599
11 19 H  290  597
11 20 H  290  603
11 21 H  290  591
11 22 H  290  591
11 23 H  290  577
11 24 H  290  589
11 25 H  290  596
11 26 H  290  598
11 27 H  290  614
11 28 H  290  606
11 29 H  290  610
11 30 H  290  594
11  1 Z  230  308
11  2 Z  230  319
11  3 Z  230  317
11  4 Z  230  317
11  5 Z  230  320
11  6 Z  230  322
11  7 Z  230  318
11  8 Z  230  313
11  9 Z  230  325
11 10 Z  230  320
11 11 Z  230  320
11 12 Z  230  316
11 13 Z  230  314
11 14 Z  230  NaN
11 15 Z  230  314
11 16 Z  230  318
11 17 Z  230  317
11 18 Z  230  316
11 19 Z  230  313
11 20 Z  230  311
11 21 Z  230  312
11 22 Z  230  313
11 23 Z  230  321
11 24 Z  230  316
11 25 Z  230  317
11 26 Z  230  317
11 27 Z  230  317
11 28 Z  230  315
11 29 Z  230  311
11 30 Z  230  314
12  1 D   -8 -138
12  2 D   -8 -131
12  3 D   -8 -133
12  4 D   -8 -141
12  5 D   -8 -134
12  6 D   -8 -136
12  7 D   -8 -139
12  8 D   -8 -136
12  9 D   -8 -139
12 10 D   -8 -140
12 11 D   -8 -139
12 12 D   -8 -139
12 13 D   -8 -139
12 14 D   -8 -144
12 15 D   -8 -134
12 16 D   -8 -134
12 17 D   -8 -144
12 18 D   -8 -139
12 19 D   -8 -140
12 20 D   -8 -143
12 21 D   -8 -139
12 22 D   -8 -141
12 23 D   -8 -137
12 24 D   -8 -146
12 25 D   -8 -142
12 26 D   -8 -140
12 27 D   -8 -142
12 28 D   -8 -141
12 29 D   -8 -139
12 30 D   -8 -144
12 31 D   -8 -147
12  1 H  290  581
12  2 H  290  594
12  3 H  290  583
12  4 H  290  590
12  5 H  290  600
12  6 H  290  606
12  7 H  290  615
12  8 H  290  584
12  9 H  290  589
12 10 H  290  592
12 11 H  290  599
12 12 H  290  605
12 13 H  290  604
12 14 H  290  597
12 15 H  290  598
12 16 H  290  600
12 17 H  290  588
12 18 H  290  573
12 19 H  290  591
12 20 H  290  591
12 21 H  290  588
12 22 H  290  596
12 23 H  290  599
12 24 H  290  600
12 25 H  290  602
12 26 H  290  609
12 27 H  290  620
12 28 H  290  569
12 29 H  290  540
12 30 H  290  575
12 31 H  290  587
12  1 Z  230  320
12  2 Z  230  316
12  3 Z  230  318
12  4 Z  230  322
12  5 Z  230  318
12  6 Z  230  317
12  7 Z  230  316
12  8 Z  230  324
12  9 Z  230  320
12 10 Z  230  317
12 11 Z  230  316
12 12 Z  230  312
12 13 Z  230  307
12 14 Z  230  313
12 15 Z  230  316
12 16 Z  230  317
12 17 Z  230  318
12 18 Z  230  323
12 19 Z  230  323
12 20 Z  230  315
12 21 Z  230  321
12 22 Z  230  317
12 23 Z  230  315
12 24 Z  230  317
12 25 Z  230  314
12 26 Z  230  313
12 27 Z  230  311
12 28 Z  230  319
12 29 Z  230  331
12 30 Z  230  321
12 31 Z  230  317
