 1  1 D   -9 -592
 1  2 D   -9 -592
 1  3 D   -9 -592
 1  4 D   -9 -588
 1  5 D   -9 -589
 1  6 D   -9 -590
 1  7 D   -9 -591
 1  8 D   -9 -589
 1  9 D   -9 -588
 1 10 D   -9 -588
 1 11 D   -9 -585
 1 12 D   -9 -593
 1 13 D   -9 -589
 1 14 D   -9 -591
 1 15 D   -9 -586
 1 16 D   -9 -584
 1 17 D   -9 -588
 1 18 D   -9 -588
 1 19 D   -9 -585
 1 20 D   -9 -584
 1 21 D   -9 -584
 1 22 D   -9 -588
 1 23 D   -9 -589
 1 24 D   -9 -592
 1 25 D   -9 -590
 1 26 D   -9 -591
 1 27 D   -9 -587
 1 28 D   -9 -589
 1 29 D   -9 -587
 1 30 D   -9 -589
 1 31 D   -9 -585
 1  1 H  290  230
 1  2 H  290  235
 1  3 H  290  243
 1  4 H  290  241
 1  5 H  290  249
 1  6 H  290  249
 1  7 H  290  249
 1  8 H  290  248
 1  9 H  290  253
 1 10 H  290  265
 1 11 H  290  237
 1 12 H  290  242
 1 13 H  290  241
 1 14 H  290  247
 1 15 H  290  254
 1 16 H  290  254
 1 17 H  290  255
 1 18 H  290  259
 1 19 H  290  261
 1 20 H  290  261
 1 21 H  290  270
 1 22 H  290  267
 1 23 H  290  257
 1 24 H  290  257
 1 25 H  290  258
 1 26 H  290  268
 1 27 H  290  253
 1 28 H  290  251
 1 29 H  290  249
 1 30 H  290  259
 1 31 H  290  242
 1  1 Z  235  515
 1  2 Z  235  516
 1  3 Z  235  513
 1  4 Z  235  514
 1  5 Z  235  509
 1  6 Z  235  510
 1  7 Z  235  507
 1  8 Z  235  512
 1  9 Z  235  510
 1 10 Z  235  508
 1 11 Z  235  511
 1 12 Z  235  511
 1 13 Z  235  511
 1 14 Z  235  507
 1 15 Z  235  505
 1 16 Z  235  503
 1 17 Z  235  504
 1 18 Z  235  502
 1 19 Z  235  502
 1 20 Z  235  503
 1 21 Z  235  500
 1 22 Z  235  498
 1 23 Z  235  502
 1 24 Z  235  500
 1 25 Z  235  503
 1 26 Z  235  498
 1 27 Z  235  498
 1 28 Z  235  503
 1 29 Z  235  502
 1 30 Z  235  502
 1 31 Z  235  504
 2  1 D   -9 -585
 2  2 D   -9 -582
 2  3 D   -9 -583
 2  4 D   -9 -581
 2  5 D   -9 -585
 2  6 D   -9 -581
 2  7 D   -9 -573
 2  8 D   -9 -579
 2  9 D   -9 -582
 2 10 D   -9 -581
 2 11 D   -9 -584
 2 12 D   -9 -585
 2 13 D   -9 -583
 2 14 D   -9 -579
 2 15 D   -9 -578
 2 16 D   -9 -576
 2 17 D   -9  NaN
 2 18 D   -9 -577
 2 19 D   -9 -571
 2 20 D   -9 -579
 2 21 D   -9 -576
 2 22 D   -9 -572
 2 23 D   -9 -572
 2 24 D   -9 -586
 2 25 D   -9 -571
 2 26 D   -9 -571
 2 27 D   -9 -564
 2 28 D   -9 -574
 2  1 H  290  244
 2  2 H  290  231
 2  3 H  290  241
 2  4 H  290  244
 2  5 H  290  226
 2  6 H  290  200
 2  7 H  290  197
 2  8 H  290  237
 2  9 H  290  219
 2 10 H  290  238
 2 11 H  290  245
 2 12 H  290  245
 2 13 H  290  248
 2 14 H  290  255
 2 15 H  290  251
 2 16 H  290  244
 2 17 H  290  NaN
 2 18 H  290  268
 2 19 H  290  261
 2 20 H  290  255
 2 21 H  290  258
 2 22 H  290  271
 2 23 H  290  255
 2 24 H  290  250
 2 25 H  290  219
 2 26 H  290  218
 2 27 H  290  223
 2 28 H  290  232
 2  1 Z  235  503
 2  2 Z  235  506
 2  3 Z  235  505
 2  4 Z  235  503
 2  5 Z  235  504
 2  6 Z  235  511
 2  7 Z  235  514
 2  8 Z  235  507
 2  9 Z  235  511
 2 10 Z  235  506
 2 11 Z  235  500
 2 12 Z  235  500
 2 13 Z  235  498
 2 14 Z  235  495
 2 15 Z  235  492
 2 16 Z  235  495
 2 17 Z  235  NaN
 2 18 Z  235  495
 2 19 Z  235  495
 2 20 Z  235  494
 2 21 Z  235  495
 2 22 Z  235  494
 2 23 Z  235  492
 2 24 Z  235  495
 2 25 Z  235  501
 2 26 Z  235  504
 2 27 Z  235  506
 2 28 Z  235  501
 3  1 D   -9 -568
 3  2 D   -9 -568
 3  3 D   -9 -574
 3  4 D   -9 -566
 3  5 D   -9 -570
 3  6 D   -9 -568
 3  7 D   -9 -575
 3  8 D   -9 -575
 3  9 D   -9 -573
 3 10 D   -9 -566
 3 11 D   -9 -568
 3 12 D   -9 -565
 3 13 D   -9 -562
 3 14 D   -9 -568
 3 15 D   -9 -565
 3 16 D   -9 -550
 3 17 D   -9 -564
 3 18 D   -9 -571
 3 19 D   -9 -565
 3 20 D   -9 -569
 3 21 D   -9 -562
 3 22 D   -9 -572
 3 23 D   -9 -573
 3 24 D   -9 -577
 3 25 D   -9 -572
 3 26 D   -9 -567
 3 27 D   -9 -568
 3 28 D   -9 -564
 3 29 D   -9 -567
 3 30 D   -9 -566
 3 31 D   -9 -562
 3  1 H  290  232
 3  2 H  290  218
 3  3 H  290  237
 3  4 H  290  232
 3  5 H  290  171
 3  6 H  290  199
 3  7 H  290  215
 3  8 H  290  234
 3  9 H  290  252
 3 10 H  290  262
 3 11 H  290  262
 3 12 H  290  260
 3 13 H  290  258
 3 14 H  290  228
 3 15 H  290  238
 3 16 H  290  250
 3 17 H  290  246
 3 18 H  290  247
 3 19 H  290  245
 3 20 H  290  256
 3 21 H  290  263
 3 22 H  290  262
 3 23 H  290  267
 3 24 H  290  277
 3 25 H  290  255
 3 26 H  290  231
 3 27 H  290  245
 3 28 H  290  252
 3 29 H  290  241
 3 30 H  290  249
 3 31 H  290  236
 3  1 Z  235  502
 3  2 Z  235  500
 3  3 Z  235  500
 3  4 Z  235  505
 3  5 Z  235  518
 3  6 Z  235  512
 3  7 Z  235  509
 3  8 Z  235  506
 3  9 Z  235  501
 3 10 Z  235  504
 3 11 Z  235  504
 3 12 Z  235  506
 3 13 Z  235  504
 3 14 Z  235  511
 3 15 Z  235  508
 3 16 Z  235  505
 3 17 Z  235  501
 3 18 Z  235  501
 3 19 Z  235  499
 3 20 Z  235  495
 3 21 Z  235  496
 3 22 Z  235  493
 3 23 Z  235  494
 3 24 Z  235  492
 3 25 Z  235  494
 3 26 Z  235  504
 3 27 Z  235  499
 3 28 Z  235  497
 3 29 Z  235  496
 3 30 Z  235  498
 3 31 Z  235  496
 4  1 D   -9 -560
 4  2 D   -9 -572
 4  3 D   -9 -568
 4  4 D   -9 -565
 4  5 D   -9 -569
 4  6 D   -9 -570
 4  7 D   -9 -573
 4  8 D   -9 -571
 4  9 D   -9 -564
 4 10 D   -9 -570
 4 11 D   -9 -568
 4 12 D   -9 -561
 4 13 D   -9 -548
 4 14 D   -9 -561
 4 15 D   -9 -560
 4 16 D   -9  NaN
 4 17 D   -9  NaN
 4 18 D   -9 -562
 4 19 D   -9 -556
 4 20 D   -9 -563
 4 21 D   -9 -569
 4 22 D   -9 -558
 4 23 D   -9 -558
 4 24 D   -9 -564
 4 25 D   -9 -556
 4 26 D   -9 -554
 4 27 D   -9 -551
 4 28 D   -9 -554
 4 29 D   -9 -553
 4 30 D   -9 -554
 4  1 H  290  238
 4  2 H  290  258
 4  3 H  290  266
 4  4 H  290  263
 4  5 H  290  270
 4  6 H  290  280
 4  7 H  290  275
 4  8 H  290  272
 4  9 H  290  270
 4 10 H  290  278
 4 11 H  290  273
 4 12 H  290  190
 4 13 H  290  137
 4 14 H  290  205
 4 15 H  290  247
 4 16 H  290  NaN
 4 17 H  290  NaN
 4 18 H  290  266
 4 19 H  290  236
 4 20 H  290  219
 4 21 H  290  222
 4 22 H  290  225
 4 23 H  290  235
 4 24 H  290  255
 4 25 H  290  252
 4 26 H  290  240
 4 27 H  290  227
 4 28 H  290  247
 4 29 H  290  242
 4 30 H  290  263
 4  1 Z  235  499
 4  2 Z  235  496
 4  3 Z  235  490
 4  4 Z  235  490
 4  5 Z  235  488
 4  6 Z  235  487
 4  7 Z  235  488
 4  8 Z  235  490
 4  9 Z  235  484
 4 10 Z  235  485
 4 11 Z  235  484
 4 12 Z  235  515
 4 13 Z  235  517
 4 14 Z  235  506
 4 15 Z  235  493
 4 16 Z  235  NaN
 4 17 Z  235  NaN
 4 18 Z  235  497
 4 19 Z  235  502
 4 20 Z  235  505
 4 21 Z  235  502
 4 22 Z  235  504
 4 23 Z  235  499
 4 24 Z  235  495
 4 25 Z  235  495
 4 26 Z  235  498
 4 27 Z  235  500
 4 28 Z  235  491
 4 29 Z  235  495
 4 30 Z  235  494
 5  1 D   -9 -554
 5  2 D   -9 -557
 5  3 D   -9 -556
 5  4 D   -9 -556
 5  5 D   -9 -556
 5  6 D   -9 -559
 5  7 D   -9 -560
 5  8 D   -9 -545
 5  9 D   -9 -557
 5 10 D   -9 -548
 5 11 D   -9 -542
 5 12 D   -9 -553
 5 13 D   -9 -558
 5 14 D   -9 -564
 5 15 D   -9 -551
 5 16 D   -9 -543
 5 17 D   -9 -545
 5 18 D   -9 -542
 5 19 D   -9 -554
 5 20 D   -9 -542
 5 21 D   -9 -553
 5 22 D   -9 -553
 5 23 D   -9 -546
 5 24 D   -9 -546
 5 25 D   -9 -544
 5 26 D   -9 -547
 5 27 D   -9 -546
 5 28 D   -9 -549
 5 29 D   -9 -553
 5 30 D   -9 -552
 5 31 D   -9 -551
 5  1 H  290  264
 5  2 H  290  264
 5  3 H  290  273
 5  4 H  290  274
 5  5 H  290  280
 5  6 H  290  284
 5  7 H  290  286
 5  8 H  290  288
 5  9 H  290  245
 5 10 H  290  240
 5 11 H  290  205
 5 12 H  290  235
 5 13 H  290  258
 5 14 H  290  264
 5 15 H  290  217
 5 16 H  290  206
 5 17 H  290  244
 5 18 H  290  216
 5 19 H  290  243
 5 20 H  290  238
 5 21 H  290  249
 5 22 H  290  259
 5 23 H  290  253
 5 24 H  290  242
 5 25 H  290  237
 5 26 H  290  248
 5 27 H  290  269
 5 28 H  290  272
 5 29 H  290  270
 5 30 H  290  273
 5 31 H  290  282
 5  1 Z  235  496
 5  2 Z  235  484
 5  3 Z  235  482
 5  4 Z  235  486
 5  5 Z  235  489
 5  6 Z  235  486
 5  7 Z  235  486
 5  8 Z  235  479
 5  9 Z  235  494
 5 10 Z  235  493
 5 11 Z  235  507
 5 12 Z  235  494
 5 13 Z  235  494
 5 14 Z  235  497
 5 15 Z  235  507
 5 16 Z  235  499
 5 17 Z  235  493
 5 18 Z  235  502
 5 19 Z  235  493
 5 20 Z  235  496
 5 21 Z  235  491
 5 22 Z  235  490
 5 23 Z  235  491
 5 24 Z  235  492
 5 25 Z  235  497
 5 26 Z  235  494
 5 27 Z  235  485
 5 28 Z  235  485
 5 29 Z  235  482
 5 30 Z  235  485
 5 31 Z  235  485
 6  1 D   -9 -554
 6  2 D   -9 -556
 6  3 D   -9 -560
 6  4 D   -9 -561
 6  5 D   -9 -553
 6  6 D   -9 -555
 6  7 D   -9 -555
 6  8 D   -9  NaN
 6  9 D   -9  NaN
 6 10 D   -9  NaN
 6 11 D   -9 -551
 6 12 D   -9 -548
 6 13 D   -9 -552
 6 14 D   -9 -547
 6 15 D   -9 -549
 6 16 D   -9 -548
 6 17 D   -9 -543
 6 18 D   -9 -551
 6 19 D   -9 -549
 6 20 D   -9 -548
 6 21 D   -9 -541
 6 22 D   -9 -550
 6 23 D   -9 -543
 6 24 D   -9 -545
 6 25 D   -9 -553
 6 26 D   -9 -549
 6 27 D   -9 -544
 6 28 D   -9 -546
 6 29 D   -9 -547
 6 30 D   -9 -546
 6  1 H  290  277
 6  2 H  290  276
 6  3 H  290  273
 6  4 H  290  270
 6  5 H  290  285
 6  6 H  290  282
 6  7 H  290  284
 6  8 H  290  NaN
 6  9 H  290  NaN
 6 10 H  290  NaN
 6 11 H  290  273
 6 12 H  290  277
 6 13 H  290  278
 6 14 H  290  280
 6 15 H  290  285
 6 16 H  290  270
 6 17 H  290  264
 6 18 H  290  267
 6 19 H  290  273
 6 20 H  290  275
 6 21 H  290  282
 6 22 H  290  283
 6 23 H  290  290
 6 24 H  290  289
 6 25 H  290  282
 6 26 H  290  284
 6 27 H  290  275
 6 28 H  290  269
 6 29 H  290  242
 6 30 H  290  265
 6  1 Z  235  484
 6  2 Z  235  484
 6  3 Z  235  483
 6  4 Z  235  482
 6  5 Z  235  476
 6  6 Z  235  481
 6  7 Z  235  480
 6  8 Z  235  NaN
 6  9 Z  235  NaN
 6 10 Z  235  NaN
 6 11 Z  235  482
 6 12 Z  235  481
 6 13 Z  235  477
 6 14 Z  235  481
 6 15 Z  235  477
 6 16 Z  235  480
 6 17 Z  235  481
 6 18 Z  235  475
 6 19 Z  235  478
 6 20 Z  235  477
 6 21 Z  235  476
 6 22 Z  235  475
 6 23 Z  235  475
 6 24 Z  235  475
 6 25 Z  235  476
 6 26 Z  235  478
 6 27 Z  235  473
 6 28 Z  235  479
 6 29 Z  235  480
 6 30 Z  235  477
 7  1 D   -9 -543
 7  2 D   -9 -552
 7  3 D   -9 -537
 7  4 D   -9 -537
 7  5 D   -9 -544
 7  6 D   -9 -551
 7  7 D   -9 -540
 7  8 D   -9 -541
 7  9 D   -9 -548
 7 10 D   -9 -543
 7 11 D   -9 -541
 7 12 D   -9 -547
 7 13 D   -9 -544
 7 14 D   -9 -547
 7 15 D   -9 -548
 7 16 D   -9 -541
 7 17 D   -9 -536
 7 18 D   -9 -537
 7 19 D   -9 -546
 7 20 D   -9 -552
 7 21 D   -9 -542
 7 22 D   -9 -546
 7 23 D   -9 -546
 7 24 D   -9 -546
 7 25 D   -9 -549
 7 26 D   -9 -535
 7 27 D   -9 -532
 7 28 D   -9 -531
 7 29 D   -9 -534
 7 30 D   -9  NaN
 7 31 D   -9 -532
 7  1 H  290  256
 7  2 H  290  270
 7  3 H  290  272
 7  4 H  290  272
 7  5 H  290  277
 7  6 H  290  267
 7  7 H  290  272
 7  8 H  290  278
 7  9 H  290  279
 7 10 H  290  282
 7 11 H  290  295
 7 12 H  290  275
 7 13 H  290  279
 7 14 H  290  285
 7 15 H  290  285
 7 16 H  290  287
 7 17 H  290  275
 7 18 H  290  251
 7 19 H  290  281
 7 20 H  290  288
 7 21 H  290  290
 7 22 H  290  282
 7 23 H  290  246
 7 24 H  290  247
 7 25 H  290  185
 7 26 H  290  191
 7 27 H  290  209
 7 28 H  290  236
 7 29 H  290  249
 7 30 H  290  NaN
 7 31 H  290  252
 7  1 Z  235  479
 7  2 Z  235  480
 7  3 Z  235  474
 7  4 Z  235  476
 7  5 Z  235  474
 7  6 Z  235  477
 7  7 Z  235  475
 7  8 Z  235  478
 7  9 Z  235  472
 7 10 Z  235  475
 7 11 Z  235  472
 7 12 Z  235  475
 7 13 Z  235  473
 7 14 Z  235  468
 7 15 Z  235  470
 7 16 Z  235  471
 7 17 Z  235  475
 7 18 Z  235  476
 7 19 Z  235  468
 7 20 Z  235  463
 7 21 Z  235  467
 7 22 Z  235  469
 7 23 Z  235  481
 7 24 Z  235  476
 7 25 Z  235  491
 7 26 Z  235  490
 7 27 Z  235  490
 7 28 Z  235  474
 7 29 Z  235  477
 7 30 Z  235  NaN
 7 31 Z  235  474
 8  1 D   -9 -530
 8  2 D   -9 -534
 8  3 D   -9 -534
 8  4 D   -9 -537
 8  5 D   -9 -536
 8  6 D   -9 -538
 8  7 D   -9 -535
 8  8 D   -9 -531
 8  9 D   -9 -533
 8 10 D   -9 -532
 8 11 D   -9 -531
 8 12 D   -9 -533
 8 13 D   -9 -531
 8 14 D   -9 -536
 8 15 D   -9 -536
 8 16 D   -9 -534
 8 17 D   -9 -522
 8 18 D   -9 -531
 8 19 D   -9 -526
 8 20 D   -9 -532
 8 21 D   -9 -531
 8 22 D   -9 -529
 8 23 D   -9 -526
 8 24 D   -9 -524
 8 25 D   -9 -531
 8 26 D   -9 -530
 8 27 D   -9 -529
 8 28 D   -9 -524
 8 29 D   -9 -527
 8 30 D   -9 -531
 8 31 D   -9 -529
 8  1 H  290  244
 8  2 H  290  251
 8  3 H  290  245
 8  4 H  290  255
 8  5 H  290  264
 8  6 H  290  246
 8  7 H  290  258
 8  8 H  290  268
 8  9 H  290  270
 8 10 H  290  303
 8 11 H  290  272
 8 12 H  290  270
 8 13 H  290  275
 8 14 H  290  267
 8 15 H  290  274
 8 16 H  290  269
 8 17 H  290  264
 8 18 H  290  248
 8 19 H  290  261
 8 20 H  290  275
 8 21 H  290  263
 8 22 H  290  263
 8 23 H  290  231
 8 24 H  290  228
 8 25 H  290  247
 8 26 H  290  266
 8 27 H  290  268
 8 28 H  290  257
 8 29 H  290  246
 8 30 H  290  254
 8 31 H  290  267
 8  1 Z  235  479
 8  2 Z  235  475
 8  3 Z  235  477
 8  4 Z  235  472
 8  5 Z  235  473
 8  6 Z  235  480
 8  7 Z  235  476
 8  8 Z  235  473
 8  9 Z  235  471
 8 10 Z  235  464
 8 11 Z  235  468
 8 12 Z  235  466
 8 13 Z  235  467
 8 14 Z  235  470
 8 15 Z  235  465
 8 16 Z  235  464
 8 17 Z  235  464
 8 18 Z  235  473
 8 19 Z  235  469
 8 20 Z  235  466
 8 21 Z  235  467
 8 22 Z  235  467
 8 23 Z  235  472
 8 24 Z  235  473
 8 25 Z  235  467
 8 26 Z  235  468
 8 27 Z  235  469
 8 28 Z  235  475
 8 29 Z  235  473
 8 30 Z  235  462
 8 31 Z  235  464
 9  1 D   -9 -536
 9  2 D   -9 -542
 9  3 D   -9 -529
 9  4 D   -9 -534
 9  5 D   -9 -523
 9  6 D   -9 -536
 9  7 D   -9 -534
 9  8 D   -9 -527
 9  9 D   -9 -527
 9 10 D   -9 -539
 9 11 D   -9 -521
 9 12 D   -9 -535
 9 13 D   -9 -533
 9 14 D   -9 -528
 9 15 D   -9 -529
 9 16 D   -9 -530
 9 17 D   -9 -531
 9 18 D   -9 -529
 9 19 D   -9 -522
 9 20 D   -9 -531
 9 21 D   -9 -525
 9 22 D   -9 -523
 9 23 D   -9 -528
 9 24 D   -9 -522
 9 25 D   -9 -526
 9 26 D   -9 -525
 9 27 D   -9 -528
 9 28 D   -9 -530
 9 29 D   -9 -530
 9 30 D   -9 -524
 9  1 H  290  272
 9  2 H  290  NaN
 9  3 H  290  269
 9  4 H  290  268
 9  5 H  290  257
 9  6 H  290  272
 9  7 H  290  276
 9  8 H  290  284
 9  9 H  290  288
 9 10 H  290  288
 9 11 H  290  255
 9 12 H  290  265
 9 13 H  290  256
 9 14 H  290  268
 9 15 H  290  270
 9 16 H  290  271
 9 17 H  290  277
 9 18 H  290  273
 9 19 H  290  256
 9 20 H  290  261
 9 21 H  290  274
 9 22 H  290  265
 9 23 H  290  276
 9 24 H  290  280
 9 25 H  290  276
 9 26 H  290  240
 9 27 H  290  237
 9 28 H  290  266
 9 29 H  290  277
 9 30 H  290  274
 9  1 Z  235  461
 9  2 Z  235  466
 9  3 Z  235  458
 9  4 Z  235  463
 9  5 Z  235  469
 9  6 Z  235  457
 9  7 Z  235  458
 9  8 Z  235  458
 9  9 Z  235  459
 9 10 Z  235  460
 9 11 Z  235  465
 9 12 Z  235  462
 9 13 Z  235  467
 9 14 Z  235  459
 9 15 Z  235  461
 9 16 Z  235  460
 9 17 Z  235  455
 9 18 Z  235  455
 9 19 Z  235  463
 9 20 Z  235  458
 9 21 Z  235  458
 9 22 Z  235  457
 9 23 Z  235  454
 9 24 Z  235  451
 9 25 Z  235  452
 9 26 Z  235  462
 9 27 Z  235  465
 9 28 Z  235  458
 9 29 Z  235  453
 9 30 Z  235  450
10  1 D   -9 -529
10  2 D   -9 -530
10  3 D   -9 -528
10  4 D   -9 -526
10  5 D   -9 -532
10  6 D   -9 -532
10  7 D   -9 -527
10  8 D   -9 -527
10  9 D   -9 -523
10 10 D   -9 -526
10 11 D   -9 -529
10 12 D   -9 -523
10 13 D   -9 -523
10 14 D   -9 -523
10 15 D   -9 -523
10 16 D   -9 -526
10 17 D   -9 -521
10 18 D   -9 -524
10 19 D   -9 -531
10 20 D   -9 -528
10 21 D   -9 -514
10 22 D   -9 -522
10 23 D   -9 -522
10 24 D   -9 -520
10 25 D   -9 -527
10 26 D   -9  NaN
10 27 D   -9 -527
10 28 D   -9 -518
10 29 D   -9 -516
10 30 D   -9 -521
10 31 D   -9 -521
10  1 H  290  276
10  2 H  290  281
10  3 H  290  266
10  4 H  290  262
10  5 H  290  261
10  6 H  290  273
10  7 H  290  252
10  8 H  290  231
10  9 H  290  250
10 10 H  290  252
10 11 H  290  218
10 12 H  290  238
10 13 H  290  263
10 14 H  290  202
10 15 H  290  240
10 16 H  290  262
10 17 H  290  273
10 18 H  290  275
10 19 H  290  261
10 20 H  290  197
10 21 H  290  187
10 22 H  290  178
10 23 H  290  194
10 24 H  290  226
10 25 H  290  242
10 26 H  290  NaN
10 27 H  290  267
10 28 H  290  269
10 29 H  290  269
10 30 H  290  265
10 31 H  290  281
10  1 Z  235  451
10  2 Z  235  451
10  3 Z  235  454
10  4 Z  235  456
10  5 Z  235  452
10  6 Z  235  451
10  7 Z  235  451
10  8 Z  235  456
10  9 Z  235  456
10 10 Z  235  458
10 11 Z  235  465
10 12 Z  235  458
10 13 Z  235  456
10 14 Z  235  465
10 15 Z  235  461
10 16 Z  235  454
10 17 Z  235  448
10 18 Z  235  447
10 19 Z  235  448
10 20 Z  235  463
10 21 Z  235  464
10 22 Z  235  470
10 23 Z  235  469
10 24 Z  235  460
10 25 Z  235  454
10 26 Z  235  NaN
10 27 Z  235  446
10 28 Z  235  449
10 29 Z  235  451
10 30 Z  235  445
10 31 Z  235  447
11  1 D   -9 -521
11  2 D   -9 -521
11  3 D   -9 -521
11  4 D   -9  NaN
11  5 D   -9  NaN
11  6 D   -9  NaN
11  7 D   -9 -518
11  8 D   -9 -521
11  9 D   -9 -517
11 10 D   -9 -518
11 11 D   -9 -520
11 12 D   -9 -506
11 13 D   -9 -512
11 14 D   -9 -522
11 15 D   -9 -514
11 16 D   -9 -512
11 17 D   -9 -518
11 18 D   -9 -515
11 19 D   -9 -513
11 20 D   -9 -512
11 21 D   -9 -514
11 22 D   -9 -514
11 23 D   -9 -511
11 24 D   -9 -513
11 25 D   -9 -515
11 26 D   -9 -511
11 27 D   -9 -512
11 28 D   -9 -510
11 29 D   -9 -512
11 30 D   -9 -511
11  1 H  290  280
11  2 H  290  280
11  3 H  290  276
11  4 H  290  287
11  5 H  290  270
11  6 H  290  NaN
11  7 H  290  245
11  8 H  290  269
11  9 H  290  267
11 10 H  290  278
11 11 H  290  258
11 12 H  290  231
11 13 H  290  256
11 14 H  290  243
11 15 H  290  244
11 16 H  290  260
11 17 H  290  235
11 18 H  290  232
11 19 H  290  245
11 20 H  290  253
11 21 H  290  249
11 22 H  290  255
11 23 H  290  230
11 24 H  290  243
11 25 H  290  287
11 26 H  290  267
11 27 H  290  274
11 28 H  290  281
11 29 H  290  284
11 30 H  290  284
11  1 Z  235  446
11  2 Z  235  445
11  3 Z  235  442
11  4 Z  235  440
11  5 Z  235  447
11  6 Z  235  NaN
11  7 Z  235  450
11  8 Z  235  449
11  9 Z  235  446
11 10 Z  235  444
11 11 Z  235  445
11 12 Z  235  454
11 13 Z  235  450
11 14 Z  235  449
11 15 Z  235  450
11 16 Z  235  444
11 17 Z  235  451
11 18 Z  235  453
11 19 Z  235  452
11 20 Z  235  450
11 21 Z  235  450
11 22 Z  235  449
11 23 Z  235  452
11 24 Z  235  452
11 25 Z  235  445
11 26 Z  235  445
11 27 Z  235  442
11 28 Z  235  440
11 29 Z  235  440
11 30 Z  235  441
12  1 D   -9 -510
12  2 D   -9 -511
12  3 D   -9 -509
12  4 D   -9 -510
12  5 D   -9 -508
12  6 D   -9 -512
12  7 D   -9 -508
12  8 D   -9 -504
12  9 D   -9 -515
12 10 D   -9 -508
12 11 D   -9 -505
12 12 D   -9 -509
12 13 D   -9 -506
12 14 D   -9 -507
12 15 D   -9 -506
12 16 D   -9 -504
12 17 D   -9 -503
12 18 D   -9 -506
12 19 D   -9 -505
12 20 D   -9 -503
12 21 D   -9 -502
12 22 D   -9 -502
12 23 D   -9 -502
12 24 D   -9 -500
12 25 D   -9 -501
12 26 D   -9 -501
12 27 D   -9 -502
12 28 D   -9 -502
12 29 D   -9 -507
12 30 D   -9 -503
12 31 D   -9 -502
12  1 H  290  289
12  2 H  290  287
12  3 H  290  289
12  4 H  290  270
12  5 H  290  267
12  6 H  290  271
12  7 H  290  277
12  8 H  290  267
12  9 H  290  269
12 10 H  290  273
12 11 H  290  284
12 12 H  290  258
12 13 H  290  254
12 14 H  290  270
12 15 H  290  279
12 16 H  290  279
12 17 H  290  293
12 18 H  290  265
12 19 H  290  274
12 20 H  290  280
12 21 H  290  278
12 22 H  290  288
12 23 H  290  295
12 24 H  290  275
12 25 H  290  281
12 26 H  290  287
12 27 H  290  285
12 28 H  290  280
12 29 H  290  264
12 30 H  290  242
12 31 H  290  255
12  1 Z  235  439
12  2 Z  235  438
12  3 Z  235  436
12  4 Z  235  441
12  5 Z  235  440
12  6 Z  235  441
12  7 Z  235  438
12  8 Z  235  440
12  9 Z  235  440
12 10 Z  235  439
12 11 Z  235  436
12 12 Z  235  438
12 13 Z  235  440
12 14 Z  235  439
12 15 Z  235  438
12 16 Z  235  436
12 17 Z  235  432
12 18 Z  235  439
12 19 Z  235  435
12 20 Z  235  433
12 21 Z  235  434
12 22 Z  235  432
12 23 Z  235  430
12 24 Z  235  436
12 25 Z  235  433
12 26 Z  235  434
12 27 Z  235  433
12 28 Z  235  433
12 29 Z  235  436
12 30 Z  235  437
12 31 Z  235  432
