 1  1 D -013  556
 1  2 D -013  558
 1  3 D -013  560
 1  4 D -013  564
 1  5 D -013  559
 1  6 D -013  557
 1  7 D -013  553
 1  8 D -013  554
 1  9 D -013  557
 1 10 D -013  558
 1 11 D -013  557
 1 12 D -013  554
 1 13 D -013  556
 1 14 D -013  556
 1 15 D -013  553
 1 16 D -013  557
 1 17 D -013  555
 1 18 D -013  560
 1 19 D -013  553
 1 20 D -013  558
 1 21 D -013  564
 1 22 D -013  NaN
 1 23 D -013  NaN
 1 24 D -013  549
 1 25 D -013  562
 1 26 D -013  562
 1 27 D -013  563
 1 28 D -013  562
 1 29 D -013  569
 1 30 D -013  568
 1 31 D -013  565
 1  1 H  280  538
 1  2 H  280  525
 1  3 H  280  529
 1  4 H  280  523
 1  5 H  280  547
 1  6 H  280  NaN
 1  7 H  280  NaN
 1  8 H  280  NaN
 1  9 H  280  NaN
 1 10 H  280  NaN
 1 11 H  280  NaN
 1 12 H  280  NaN
 1 13 H  280  555
 1 14 H  280  554
 1 15 H  280  566
 1 16 H  280  556
 1 17 H  280  543
 1 18 H  280  538
 1 19 H  280  568
 1 20 H  280  569
 1 21 H  280  558
 1 22 H  280  NaN
 1 23 H  280  NaN
 1 24 H  280  571
 1 25 H  280  580
 1 26 H  280  591
 1 27 H  280  581
 1 28 H  280  569
 1 29 H  280  556
 1 30 H  280  552
 1 31 H  280  554
 1  1 Z  250  344
 1  2 Z  250  341
 1  3 Z  250  343
 1  4 Z  250  341
 1  5 Z  250  345
 1  6 Z  250  349
 1  7 Z  250  350
 1  8 Z  250  355
 1  9 Z  250  355
 1 10 Z  250  354
 1 11 Z  250  353
 1 12 Z  250  351
 1 13 Z  250  353
 1 14 Z  250  350
 1 15 Z  250  350
 1 16 Z  250  351
 1 17 Z  250  347
 1 18 Z  250  345
 1 19 Z  250  344
 1 20 Z  250  344
 1 21 Z  250  343
 1 22 Z  250  NaN
 1 23 Z  250  NaN
 1 24 Z  250  341
 1 25 Z  250  342
 1 26 Z  250  344
 1 27 Z  250  343
 1 28 Z  250  341
 1 29 Z  250  340
 1 30 Z  250  338
 1 31 Z  250  335
 2  1 D -013  565
 2  2 D -013  565
 2  3 D -013  567
 2  4 D -013  563
 2  5 D -013  566
 2  6 D -013  558
 2  7 D -013  552
 2  8 D -013  565
 2  9 D -013  559
 2 10 D -013  561
 2 11 D -013  567
 2 12 D -013  564
 2 13 D -013  562
 2 14 D -013  561
 2 15 D -013  568
 2 16 D -013  572
 2 17 D -013  565
 2 18 D -013  567
 2 19 D -013  567
 2 20 D -013  570
 2 21 D -013  567
 2 22 D -013  567
 2 23 D -013  564
 2 24 D -013  571
 2 25 D -013  571
 2 26 D -013  570
 2 27 D -013  574
 2 28 D -013  568
 2  1 H  280  536
 2  2 H  280  538
 2  3 H  280  541
 2  4 H  280  527
 2  5 H  280  542
 2  6 H  280  555
 2  7 H  280  523
 2  8 H  280  549
 2  9 H  280  551
 2 10 H  280  540
 2 11 H  280  553
 2 12 H  280  550
 2 13 H  280  568
 2 14 H  280  551
 2 15 H  280  531
 2 16 H  280  537
 2 17 H  280  541
 2 18 H  280  527
 2 19 H  280  522
 2 20 H  280  529
 2 21 H  280  534
 2 22 H  280  541
 2 23 H  280  538
 2 24 H  280  522
 2 25 H  280  537
 2 26 H  280  538
 2 27 H  280  525
 2 28 H  280  533
 2  1 Z  250  339
 2  2 Z  250  337
 2  3 Z  250  336
 2  4 Z  250  336
 2  5 Z  250  337
 2  6 Z  250  338
 2  7 Z  250  351
 2  8 Z  250  345
 2  9 Z  250  344
 2 10 Z  250  343
 2 11 Z  250  342
 2 12 Z  250  344
 2 13 Z  250  343
 2 14 Z  250  341
 2 15 Z  250  339
 2 16 Z  250  338
 2 17 Z  250  336
 2 18 Z  250  334
 2 19 Z  250  331
 2 20 Z  250  332
 2 21 Z  250  331
 2 22 Z  250  337
 2 23 Z  250  336
 2 24 Z  250  337
 2 25 Z  250  336
 2 26 Z  250  338
 2 27 Z  250  334
 2 28 Z  250  333
 3  1 D -013  563
 3  2 D -013  566
 3  3 D -013  561
 3  4 D -013  575
 3  5 D -013  568
 3  6 D -013  567
 3  7 D -013  571
 3  8 D -013  572
 3  9 D -013  573
 3 10 D -013  572
 3 11 D -013  577
 3 12 D -013  NaN
 3 13 D -013  575
 3 14 D -013  578
 3 15 D -013  579
 3 16 D -013  582
 3 17 D -013  579
 3 18 D -013  580
 3 19 D -013  579
 3 20 D -013  582
 3 21 D -013  586
 3 22 D -013  595
 3 23 D -013  593
 3 24 D -013  587
 3 25 D -013  590
 3 26 D -013  591
 3 27 D -013  595
 3 28 D -013  592
 3 29 D -013  590
 3 30 D -013  590
 3 31 D -013  591
 3  1 H  280  535
 3  2 H  280  539
 3  3 H  280  530
 3  4 H  280  507
 3  5 H  280  531
 3  6 H  280  538
 3  7 H  280  538
 3  8 H  280  551
 3  9 H  280  544
 3 10 H  280  523
 3 11 H  280  511
 3 12 H  280  NaN
 3 13 H  280  500
 3 14 H  280  491
 3 15 H  280  489
 3 16 H  280  488
 3 17 H  280  491
 3 18 H  280  488
 3 19 H  280  496
 3 20 H  280  491
 3 21 H  280  476
 3 22 H  280  468
 3 23 H  280  459
 3 24 H  280  469
 3 25 H  280  450
 3 26 H  280  436
 3 27 H  280  448
 3 28 H  280  449
 3 29 H  280  469
 3 30 H  280  483
 3 31 H  280  478
 3  1 Z  250  329
 3  2 Z  250  330
 3  3 Z  250  330
 3  4 Z  250  337
 3  5 Z  250  333
 3  6 Z  250  332
 3  7 Z  250  333
 3  8 Z  250  334
 3  9 Z  250  329
 3 10 Z  250  324
 3 11 Z  250  320
 3 12 Z  250  NaN
 3 13 Z  250  316
 3 14 Z  250  317
 3 15 Z  250  315
 3 16 Z  250  313
 3 17 Z  250  312
 3 18 Z  250  310
 3 19 Z  250  306
 3 20 Z  250  308
 3 21 Z  250  304
 3 22 Z  250  302
 3 23 Z  250  304
 3 24 Z  250  307
 3 25 Z  250  301
 3 26 Z  250  298
 3 27 Z  250  298
 3 28 Z  250  299
 3 29 Z  250  302
 3 30 Z  250  303
 3 31 Z  250  302
 4  1 D -013  585
 4  2 D -013  586
 4  3 D -013  580
 4  4 D -013  583
 4  5 D -013  NaN
 4  6 D -013  NaN
 4  7 D -013  NaN
 4  8 D -013  NaN
 4  9 D -013  NaN
 4 10 D -013  NaN
 4 11 D -013  NaN
 4 12 D -013  NaN
 4 13 D -013  NaN
 4 14 D -013  NaN
 4 15 D -013  NaN
 4 16 D -013  NaN
 4 17 D -013  569
 4 18 D -013  588
 4 19 D -013  591
 4 20 D -013  589
 4 21 D -013  586
 4 22 D -013  584
 4 23 D -013  582
 4 24 D -013  585
 4 25 D -013  584
 4 26 D -013  592
 4 27 D -013  587
 4 28 D -013  586
 4 29 D -013  589
 4 30 D -013  589
 4  1 H  280  478
 4  2 H  280  478
 4  3 H  280  492
 4  4 H  280  500
 4  5 H  280  NaN
 4  6 H  280  NaN
 4  7 H  280  NaN
 4  8 H  280  NaN
 4  9 H  280  NaN
 4 10 H  280  NaN
 4 11 H  280  NaN
 4 12 H  280  NaN
 4 13 H  280  NaN
 4 14 H  280  NaN
 4 15 H  280  NaN
 4 16 H  280  NaN
 4 17 H  280  489
 4 18 H  280  397
 4 19 H  280  408
 4 20 H  280  428
 4 21 H  280  465
 4 22 H  280  488
 4 23 H  280  498
 4 24 H  280  495
 4 25 H  280  520
 4 26 H  280  515
 4 27 H  280  496
 4 28 H  280  483
 4 29 H  280  495
 4 30 H  280  492
 4  1 Z  250  300
 4  2 Z  250  299
 4  3 Z  250  300
 4  4 Z  250  302
 4  5 Z  250  NaN
 4  6 Z  250  NaN
 4  7 Z  250  NaN
 4  8 Z  250  NaN
 4  9 Z  250  NaN
 4 10 Z  250  NaN
 4 11 Z  250  NaN
 4 12 Z  250  NaN
 4 13 Z  250  NaN
 4 14 Z  250  NaN
 4 15 Z  250  NaN
 4 16 Z  250  NaN
 4 17 Z  250  288
 4 18 Z  250  304
 4 19 Z  250  301
 4 20 Z  250  301
 4 21 Z  250  304
 4 22 Z  250  309
 4 23 Z  250  310
 4 24 Z  250  311
 4 25 Z  250  314
 4 26 Z  250  308
 4 27 Z  250  308
 4 28 Z  250  304
 4 29 Z  250  301
 4 30 Z  250  302
 5  1 D -013  578
 5  2 D -013  578
 5  3 D -013  583
 5  4 D -013  584
 5  5 D -013  588
 5  6 D -013  586
 5  7 D -013  591
 5  8 D -013  592
 5  9 D -013  594
 5 10 D -013  597
 5 11 D -013  591
 5 12 D -013  599
 5 13 D -013  593
 5 14 D -013  594
 5 15 D -013  594
 5 16 D -013  600
 5 17 D -013  580
 5 18 D -013  594
 5 19 D -013  594
 5 20 D -013  593
 5 21 D -013  592
 5 22 D -013  590
 5 23 D -013  596
 5 24 D -013  591
 5 25 D -013  591
 5 26 D -013  593
 5 27 D -013  592
 5 28 D -013  595
 5 29 D -013  595
 5 30 D -013  602
 5 31 D -013  594
 5  1 H  280  517
 5  2 H  280  530
 5  3 H  280  527
 5  4 H  280  518
 5  5 H  280  482
 5  6 H  280  476
 5  7 H  280  475
 5  8 H  280  486
 5  9 H  280  459
 5 10 H  280  455
 5 11 H  280  470
 5 12 H  280  472
 5 13 H  280  476
 5 14 H  280  482
 5 15 H  280  489
 5 16 H  280  472
 5 17 H  280  473
 5 18 H  280  483
 5 19 H  280  481
 5 20 H  280  502
 5 21 H  280  503
 5 22 H  280  497
 5 23 H  280  494
 5 24 H  280  502
 5 25 H  280  503
 5 26 H  280  510
 5 27 H  280  507
 5 28 H  280  495
 5 29 H  280  486
 5 30 H  280  487
 5 31 H  280  503
 5  1 Z  250  306
 5  2 Z  250  306
 5  3 Z  250  307
 5  4 Z  250  303
 5  5 Z  250  302
 5  6 Z  250  298
 5  7 Z  250  294
 5  8 Z  250  294
 5  9 Z  250  296
 5 10 Z  250  291
 5 11 Z  250  292
 5 12 Z  250  291
 5 13 Z  250  289
 5 14 Z  250  292
 5 15 Z  250  287
 5 16 Z  250  287
 5 17 Z  250  289
 5 18 Z  250  286
 5 19 Z  250  283
 5 20 Z  250  288
 5 21 Z  250  291
 5 22 Z  250  293
 5 23 Z  250  293
 5 24 Z  250  294
 5 25 Z  250  290
 5 26 Z  250  293
 5 27 Z  250  290
 5 28 Z  250  292
 5 29 Z  250  285
 5 30 Z  250  282
 5 31 Z  250  286
 6  1 D -013  601
 6  2 D -013  597
 6  3 D -013  617
 6  4 D -013  602
 6  5 D -013  603
 6  6 D -013  605
 6  7 D -013  602
 6  8 D -013  604
 6  9 D -013  605
 6 10 D -013  607
 6 11 D -013  608
 6 12 D -013  607
 6 13 D -013  609
 6 14 D -013  613
 6 15 D -013  614
 6 16 D -013  616
 6 17 D -013  613
 6 18 D -013  623
 6 19 D -013  625
 6 20 D -013  614
 6 21 D -013  621
 6 22 D -013  623
 6 23 D -013  624
 6 24 D -013  622
 6 25 D -013  613
 6 26 D -013  621
 6 27 D -013  624
 6 28 D -013  623
 6 29 D -013  622
 6 30 D -013  626
 6  1 H  280  516
 6  2 H  280  509
 6  3 H  280  498
 6  4 H  280  504
 6  5 H  280  502
 6  6 H  280  503
 6  7 H  280  499
 6  8 H  280  501
 6  9 H  280  473
 6 10 H  280  482
 6 11 H  280  492
 6 12 H  280  494
 6 13 H  280  491
 6 14 H  280  473
 6 15 H  280  451
 6 16 H  280  375
 6 17 H  280  409
 6 18 H  280  425
 6 19 H  280  434
 6 20 H  280  437
 6 21 H  280  429
 6 22 H  280  409
 6 23 H  280  407
 6 24 H  280  423
 6 25 H  280  444
 6 26 H  280  447
 6 27 H  280  425
 6 28 H  280  428
 6 29 H  280  439
 6 30 H  280  426
 6  1 Z  250  285
 6  2 Z  250  288
 6  3 Z  250  292
 6  4 Z  250  293
 6  5 Z  250  289
 6  6 Z  250  291
 6  7 Z  250  287
 6  8 Z  250  286
 6  9 Z  250  288
 6 10 Z  250  285
 6 11 Z  250  281
 6 12 Z  250  281
 6 13 Z  250  281
 6 14 Z  250  276
 6 15 Z  250  272
 6 16 Z  250  281
 6 17 Z  250  279
 6 18 Z  250  278
 6 19 Z  250  277
 6 20 Z  250  270
 6 21 Z  250  268
 6 22 Z  250  259
 6 23 Z  250  260
 6 24 Z  250  259
 6 25 Z  250  264
 6 26 Z  250  270
 6 27 Z  250  268
 6 28 Z  250  264
 6 29 Z  250  262
 6 30 Z  250  264
 7  1 D -013  595
 7  2 D -013  589
 7  3 D -013  589
 7  4 D -013  587
 7  5 D -013  588
 7  6 D -013  590
 7  7 D -013  588
 7  8 D -013  588
 7  9 D -013  591
 7 10 D -013  593
 7 11 D -013  593
 7 12 D -013  592
 7 13 D -013  597
 7 14 D -013  597
 7 15 D -013  595
 7 16 D -013  596
 7 17 D -013  592
 7 18 D -013  594
 7 19 D -013  595
 7 20 D -013  595
 7 21 D -013  594
 7 22 D -013  594
 7 23 D -013  602
 7 24 D -013  598
 7 25 D -013  595
 7 26 D -013  593
 7 27 D -013  597
 7 28 D -013  593
 7 29 D -013  600
 7 30 D -013  602
 7 31 D -013  607
 7  1 H  280  435
 7  2 H  280  444
 7  3 H  280  454
 7  4 H  280  454
 7  5 H  280  466
 7  6 H  280  452
 7  7 H  280  441
 7  8 H  280  459
 7  9 H  280  446
 7 10 H  280  445
 7 11 H  280  446
 7 12 H  280  457
 7 13 H  280  455
 7 14 H  280  449
 7 15 H  280  445
 7 16 H  280  443
 7 17 H  280  457
 7 18 H  280  463
 7 19 H  280  426
 7 20 H  280  435
 7 21 H  280  455
 7 22 H  280  471
 7 23 H  280  460
 7 24 H  280  453
 7 25 H  280  445
 7 26 H  280  450
 7 27 H  280  460
 7 28 H  280  446
 7 29 H  280  436
 7 30 H  280  427
 7 31 H  280  430
 7  1 Z  250  266
 7  2 Z  250  266
 7  3 Z  250  267
 7  4 Z  250  270
 7  5 Z  250  266
 7  6 Z  250  269
 7  7 Z  250  269
 7  8 Z  250  266
 7  9 Z  250  267
 7 10 Z  250  267
 7 11 Z  250  269
 7 12 Z  250  262
 7 13 Z  250  262
 7 14 Z  250  262
 7 15 Z  250  261
 7 16 Z  250  263
 7 17 Z  250  260
 7 18 Z  250  258
 7 19 Z  250  260
 7 20 Z  250  262
 7 21 Z  250  264
 7 22 Z  250  265
 7 23 Z  250  264
 7 24 Z  250  262
 7 25 Z  250  260
 7 26 Z  250  257
 7 27 Z  250  260
 7 28 Z  250  264
 7 29 Z  250  261
 7 30 Z  250  258
 7 31 Z  250  258
 8  1 D -013  600
 8  2 D -013  598
 8  3 D -013  606
 8  4 D -013  606
 8  5 D -013  606
 8  6 D -013  609
 8  7 D -013  607
 8  8 D -013  604
 8  9 D -013  603
 8 10 D -013  608
 8 11 D -013  609
 8 12 D -013  606
 8 13 D -013  608
 8 14 D -013  627
 8 15 D -013  609
 8 16 D -013  606
 8 17 D -013  618
 8 18 D -013  611
 8 19 D -013  616
 8 20 D -013  611
 8 21 D -013  606
 8 22 D -013  604
 8 23 D -013  608
 8 24 D -013  614
 8 25 D -013  604
 8 26 D -013  601
 8 27 D -013  606
 8 28 D -013  608
 8 29 D -013  607
 8 30 D -013  607
 8 31 D -013  605
 8  1 H  280  452
 8  2 H  280  452
 8  3 H  280  437
 8  4 H  280  436
 8  5 H  280  425
 8  6 H  280  412
 8  7 H  280  439
 8  8 H  280  449
 8  9 H  280  437
 8 10 H  280  439
 8 11 H  280  431
 8 12 H  280  435
 8 13 H  280  443
 8 14 H  280  423
 8 15 H  280  434
 8 16 H  280  436
 8 17 H  280  402
 8 18 H  280  409
 8 19 H  280  403
 8 20 H  280  421
 8 21 H  280  439
 8 22 H  280  432
 8 23 H  280  433
 8 24 H  280  440
 8 25 H  280  445
 8 26 H  280  459
 8 27 H  280  450
 8 28 H  280  443
 8 29 H  280  446
 8 30 H  280  450
 8 31 H  280  448
 8  1 Z  250  260
 8  2 Z  250  262
 8  3 Z  250  260
 8  4 Z  250  255
 8  5 Z  250  252
 8  6 Z  250  248
 8  7 Z  250  248
 8  8 Z  250  251
 8  9 Z  250  250
 8 10 Z  250  253
 8 11 Z  250  249
 8 12 Z  250  247
 8 13 Z  250  250
 8 14 Z  250  253
 8 15 Z  250  252
 8 16 Z  250  242
 8 17 Z  250  240
 8 18 Z  250  241
 8 19 Z  250  247
 8 20 Z  250  249
 8 21 Z  250  252
 8 22 Z  250  253
 8 23 Z  250  252
 8 24 Z  250  251
 8 25 Z  250  253
 8 26 Z  250  254
 8 27 Z  250  252
 8 28 Z  250  249
 8 29 Z  250  243
 8 30 Z  250  245
 8 31 Z  250  251
 9  1 D -013  610
 9  2 D -013  609
 9  3 D -013  605
 9  4 D -013  611
 9  5 D -013  604
 9  6 D -013  605
 9  7 D -013  606
 9  8 D -013  607
 9  9 D -013  608
 9 10 D -013  609
 9 11 D -013  601
 9 12 D -013  610
 9 13 D -013  602
 9 14 D -013  602
 9 15 D -013  605
 9 16 D -013  610
 9 17 D -013  604
 9 18 D -013  608
 9 19 D -013  606
 9 20 D -013  610
 9 21 D -013  614
 9 22 D -013  612
 9 23 D -013  604
 9 24 D -013  612
 9 25 D -013  610
 9 26 D -013  611
 9 27 D -013  612
 9 28 D -013  598
 9 29 D -013  603
 9 30 D -013  606
 9  1 H  280  432
 9  2 H  280  437
 9  3 H  280  459
 9  4 H  280  454
 9  5 H  280  456
 9  6 H  280  453
 9  7 H  280  457
 9  8 H  280  452
 9  9 H  280  456
 9 10 H  280  458
 9 11 H  280  487
 9 12 H  280  491
 9 13 H  280  492
 9 14 H  280  480
 9 15 H  280  453
 9 16 H  280  436
 9 17 H  280  445
 9 18 H  280  445
 9 19 H  280  446
 9 20 H  280  442
 9 21 H  280  446
 9 22 H  280  458
 9 23 H  280  467
 9 24 H  280  465
 9 25 H  280  458
 9 26 H  280  461
 9 27 H  280  464
 9 28 H  280  449
 9 29 H  280  461
 9 30 H  280  472
 9  1 Z  250  255
 9  2 Z  250  251
 9  3 Z  250  254
 9  4 Z  250  254
 9  5 Z  250  256
 9  6 Z  250  254
 9  7 Z  250  253
 9  8 Z  250  253
 9  9 Z  250  256
 9 10 Z  250  252
 9 11 Z  250  251
 9 12 Z  250  256
 9 13 Z  250  258
 9 14 Z  250  259
 9 15 Z  250  259
 9 16 Z  250  259
 9 17 Z  250  258
 9 18 Z  250  259
 9 19 Z  250  258
 9 20 Z  250  254
 9 21 Z  250  252
 9 22 Z  250  250
 9 23 Z  250  251
 9 24 Z  250  253
 9 25 Z  250  256
 9 26 Z  250  255
 9 27 Z  250  259
 9 28 Z  250  261
 9 29 Z  250  259
 9 30 Z  250  259
10  1 D -013  604
10  2 D -013  608
10  3 D -013  603
10  4 D -013  603
10  5 D -013  604
10  6 D -013  604
10  7 D -013  599
10  8 D -013  604
10  9 D -013  598
10 10 D -013  602
10 11 D -013  600
10 12 D -013  604
10 13 D -013  605
10 14 D -013  605
10 15 D -013  601
10 16 D -013  606
10 17 D -013  601
10 18 D -013  601
10 19 D -013  599
10 20 D -013  602
10 21 D -013  605
10 22 D -013  598
10 23 D -013  613
10 24 D -013  653
10 25 D -013  600
10 26 D -013  609
10 27 D -013  NaN
10 28 D -013  NaN
10 29 D -013  600
10 30 D -013  NaN
10 31 D -013  592
10  1 H  280  397
10  2 H  280  387
10  3 H  280  405
10  4 H  280  419
10  5 H  280  441
10  6 H  280  429
10  7 H  280  450
10  8 H  280  460
10  9 H  280  459
10 10 H  280  463
10 11 H  280  463
10 12 H  280  458
10 13 H  280  453
10 14 H  280  446
10 15 H  280  460
10 16 H  280  470
10 17 H  280  498
10 18 H  280  514
10 19 H  280  513
10 20 H  280  498
10 21 H  280  481
10 22 H  280  460
10 23 H  280  427
10 24 H  280  433
10 25 H  280  453
10 26 H  280  484
10 27 H  280  532
10 28 H  280  531
10 29 H  280  532
10 30 H  280  518
10 31 H  280  508
10  1 Z  250  256
10  2 Z  250  257
10  3 Z  250  264
10  4 Z  250  264
10  5 Z  250  263
10  6 Z  250  263
10  7 Z  250  261
10  8 Z  250  264
10  9 Z  250  266
10 10 Z  250  267
10 11 Z  250  265
10 12 Z  250  267
10 13 Z  250  262
10 14 Z  250  263
10 15 Z  250  264
10 16 Z  250  263
10 17 Z  250  264
10 18 Z  250  268
10 19 Z  250  267
10 20 Z  250  265
10 21 Z  250  264
10 22 Z  250  262
10 23 Z  250  264
10 24 Z  250  265
10 25 Z  250  267
10 26 Z  250  267
10 27 Z  250  269
10 28 Z  250  273
10 29 Z  250  275
10 30 Z  250  272
10 31 Z  250  271
11  1 D -013  601
11  2 D -013  603
11  3 D -013  606
11  4 D -013  605
11  5 D -013  599
11  6 D -013  606
11  7 D -013  597
11  8 D -013  598
11  9 D -013  605
11 10 D -013  601
11 11 D -013  602
11 12 D -013  607
11 13 D -013  604
11 14 D -013  604
11 15 D -013  604
11 16 D -013  607
11 17 D -013  609
11 18 D -013  604
11 19 D -013  608
11 20 D -013  606
11 21 D -013  603
11 22 D -013  605
11 23 D -013  NaN
11 24 D -013  609
11 25 D -013  604
11 26 D -013  607
11 27 D -013  608
11 28 D -013  606
11 29 D -013  604
11 30 D -013  580
11  1 H  280  509
11  2 H  280  494
11  3 H  280  493
11  4 H  280  555
11  5 H  280  592
11  6 H  280  589
11  7 H  280  577
11  8 H  280  578
11  9 H  280  564
11 10 H  280  560
11 11 H  280  553
11 12 H  280  533
11 13 H  280  527
11 14 H  280  563
11 15 H  280  563
11 16 H  280  583
11 17 H  280  578
11 18 H  280  582
11 19 H  280  568
11 20 H  280  558
11 21 H  280  570
11 22 H  280  523
11 23 H  280  NaN
11 24 H  280  556
11 25 H  280  558
11 26 H  280  554
11 27 H  280  549
11 28 H  280  542
11 29 H  280  548
11 30 H  280  NaN
11  1 Z  250  266
11  2 Z  250  266
11  3 Z  250  265
11  4 Z  250  266
11  5 Z  250  273
11  6 Z  250  280
11  7 Z  250  280
11  8 Z  250  275
11  9 Z  250  272
11 10 Z  250  270
11 11 Z  250  268
11 12 Z  250  265
11 13 Z  250  268
11 14 Z  250  267
11 15 Z  250  267
11 16 Z  250  265
11 17 Z  250  265
11 18 Z  250  266
11 19 Z  250  270
11 20 Z  250  269
11 21 Z  250  271
11 22 Z  250  265
11 23 Z  250  NaN
11 24 Z  250  267
11 25 Z  250  265
11 26 Z  250  264
11 27 Z  250  266
11 28 Z  250  264
11 29 Z  250  264
11 30 Z  250  NaN
12  1 D -013  613
12  2 D -013  614
12  3 D -013  610
12  4 D -013  613
12  5 D -013  611
12  6 D -013  613
12  7 D -013  620
12  8 D -013  616
12  9 D -013  613
12 10 D -013  608
12 11 D -013  608
12 12 D -013  611
12 13 D -013  610
12 14 D -013  613
12 15 D -013  614
12 16 D -013  615
12 17 D -013  614
12 18 D -013  608
12 19 D -013  615
12 20 D -013  614
12 21 D -013  614
12 22 D -013  614
12 23 D -013  612
12 24 D -013  616
12 25 D -013  614
12 26 D -013  611
12 27 D -013  610
12 28 D -013  610
12 29 D -013  614
12 30 D -013  609
12 31 D -013  609
12  1 H  280  562
12  2 H  280  590
12  3 H  280  589
12  4 H  280  583
12  5 H  280  584
12  6 H  280  582
12  7 H  280  560
12  8 H  280  613
12  9 H  280  653
12 10 H  280  659
12 11 H  280  639
12 12 H  280  625
12 13 H  280  621
12 14 H  280  614
12 15 H  280  614
12 16 H  280  614
12 17 H  280  619
12 18 H  280  603
12 19 H  280  583
12 20 H  280  585
12 21 H  280  591
12 22 H  280  603
12 23 H  280  614
12 24 H  280  623
12 25 H  280  614
12 26 H  280  618
12 27 H  280  618
12 28 H  280  625
12 29 H  280  630
12 30 H  280  638
12 31 H  280  640
12  1 Z  250  271
12  2 Z  250  276
12  3 Z  250  274
12  4 Z  250  272
12  5 Z  250  273
12  6 Z  250  269
12  7 Z  250  268
12  8 Z  250  267
12  9 Z  250  275
12 10 Z  250  278
12 11 Z  250  278
12 12 Z  250  277
12 13 Z  250  277
12 14 Z  250  274
12 15 Z  250  271
12 16 Z  250  269
12 17 Z  250  268
12 18 Z  250  270
12 19 Z  250  273
12 20 Z  250  272
12 21 Z  250  270
12 22 Z  250  271
12 23 Z  250  274
12 24 Z  250  270
12 25 Z  250  273
12 26 Z  250  274
12 27 Z  250  276
12 28 Z  250  278
12 29 Z  250  277
12 30 Z  250  276
12 31 Z  250  276
