 1  1 D  -11  NaN
 1  2 D  -11 -243
 1  3 D  -11 -241
 1  4 D  -11 -247
 1  5 D  -11 -243
 1  6 D  -11 -240
 1  7 D  -11 -243
 1  8 D  -11 -240
 1  9 D  -11 -242
 1 10 D  -11 -240
 1 11 D  -11 -240
 1 12 D  -11 -238
 1 13 D  -11 -239
 1 14 D  -11 -238
 1 15 D  -11 -244
 1 16 D  -11 -239
 1 17 D  -11 -241
 1 18 D  -11 -245
 1 19 D  -11 -242
 1 20 D  -11 -239
 1 21 D  -11 -238
 1 22 D  -11 -239
 1 23 D  -11 -237
 1 24 D  -11 -238
 1 25 D  -11 -233
 1 26 D  -11 -237
 1 27 D  -11 -232
 1 28 D  -11 -240
 1 29 D  -11 -232
 1 30 D  -11  NaN
 1 31 D  -11 -233
 1  1 H  280  848
 1  2 H  280  847
 1  3 H  280  836
 1  4 H  280  841
 1  5 H  280  841
 1  6 H  280  840
 1  7 H  280  847
 1  8 H  280  848
 1  9 H  280  851
 1 10 H  280  856
 1 11 H  280  852
 1 12 H  280  851
 1 13 H  280  863
 1 14 H  280  845
 1 15 H  280  841
 1 16 H  280  850
 1 17 H  280  849
 1 18 H  280  852
 1 19 H  280  837
 1 20 H  280  826
 1 21 H  280  836
 1 22 H  280  843
 1 23 H  280  840
 1 24 H  280  848
 1 25 H  280  843
 1 26 H  280  865
 1 27 H  280  814
 1 28 H  280  804
 1 29 H  280  820
 1 30 H  280  NaN
 1 31 H  280  833
 1  1 Z  250  NaN
 1  2 Z  250   50
 1  3 Z  250   53
 1  4 Z  250   53
 1  5 Z  250   52
 1  6 Z  250   56
 1  7 Z  250   51
 1  8 Z  250   52
 1  9 Z  250   49
 1 10 Z  250   48
 1 11 Z  250   50
 1 12 Z  250   49
 1 13 Z  250   49
 1 14 Z  250   50
 1 15 Z  250   53
 1 16 Z  250   48
 1 17 Z  250   47
 1 18 Z  250   45
 1 19 Z  250   52
 1 20 Z  250   53
 1 21 Z  250   49
 1 22 Z  250   48
 1 23 Z  250   46
 1 24 Z  250   46
 1 25 Z  250   49
 1 26 Z  250   44
 1 27 Z  250   53
 1 28 Z  250   56
 1 29 Z  250   52
 1 30 Z  250  NaN
 1 31 Z  250   49
 2  1 D  -11 -235
 2  2 D  -11 -236
 2  3 D  -11 -236
 2  4 D  -11 -239
 2  5 D  -11 -236
 2  6 D  -11 -235
 2  7 D  -11 -232
 2  8 D  -11 -236
 2  9 D  -11 -232
 2 10 D  -11 -235
 2 11 D  -11 -232
 2 12 D  -11 -237
 2 13 D  -11 -236
 2 14 D  -11 -242
 2 15 D  -11 -235
 2 16 D  -11 -230
 2 17 D  -11 -237
 2 18 D  -11 -235
 2 19 D  -11 -235
 2 20 D  -11 -232
 2 21 D  -11 -230
 2 22 D  -11 -232
 2 23 D  -11 -226
 2 24 D  -11 -232
 2 25 D  -11 -229
 2 26 D  -11 -234
 2 27 D  -11 -229
 2 28 D  -11 -229
 2  1 H  280  843
 2  2 H  280  841
 2  3 H  280  850
 2  4 H  280  855
 2  5 H  280  862
 2  6 H  280  858
 2  7 H  280  860
 2  8 H  280  861
 2  9 H  280  857
 2 10 H  280  858
 2 11 H  280  853
 2 12 H  280  858
 2 13 H  280  857
 2 14 H  280  852
 2 15 H  280  839
 2 16 H  280  826
 2 17 H  280  839
 2 18 H  280  840
 2 19 H  280  842
 2 20 H  280  846
 2 21 H  280  848
 2 22 H  280  862
 2 23 H  280  858
 2 24 H  280  855
 2 25 H  280  820
 2 26 H  280  825
 2 27 H  280  844
 2 28 H  280  855
 2  1 Z  250   49
 2  2 Z  250   48
 2  3 Z  250   46
 2  4 Z  250   43
 2  5 Z  250   42
 2  6 Z  250   45
 2  7 Z  250   44
 2  8 Z  250   41
 2  9 Z  250   41
 2 10 Z  250   43
 2 11 Z  250   44
 2 12 Z  250   42
 2 13 Z  250   42
 2 14 Z  250   43
 2 15 Z  250   47
 2 16 Z  250   50
 2 17 Z  250   47
 2 18 Z  250   43
 2 19 Z  250   44
 2 20 Z  250   43
 2 21 Z  250   46
 2 22 Z  250   42
 2 23 Z  250   43
 2 24 Z  250   44
 2 25 Z  250   51
 2 26 Z  250   46
 2 27 Z  250   47
 2 28 Z  250   41
 3  1 H  280  862
 3  2 H  280  863
 3  3 H  280  859
 3  4 H  280  847
 3  5 H  280  860
 3  6 H  280  861
 3  7 H  280  865
 3  8 H  280  867
 3  9 H  280  867
 3 10 H  280  863
 3 11 H  280  864
 3 12 H  280  850
 3 13 H  280  835
 3 14 H  280  841
 3 15 H  280  843
 3 16 H  280  852
 3 17 H  280  858
 3 18 H  280  858
 3 19 H  280  860
 3 20 H  280  854
 3 21 H  280  865
 3 22 H  280  869
 3 23 H  280  877
 3 24 H  280  868
 3 25 H  280  858
 3 26 H  280  854
 3 27 H  280  860
 3 28 H  280  872
 3 29 H  280  876
 3 30 H  280  869
 3 31 H  280  841
 3  1 Z  250   38
 3  2 Z  250   39
 3  3 Z  250   38
 3  4 Z  250   41
 3  5 Z  250   37
 3  6 Z  250   37
 3  7 Z  250   36
 3  8 Z  250   36
 3  9 Z  250   38
 3 10 Z  250   35
 3 11 Z  250   37
 3 12 Z  250   40
 3 13 Z  250   48
 3 14 Z  250   45
 3 15 Z  250   41
 3 16 Z  250   36
 3 17 Z  250   38
 3 18 Z  250   38
 3 19 Z  250   35
 3 20 Z  250   37
 3 21 Z  250   35
 3 22 Z  250   34
 3 23 Z  250   29
 3 24 Z  250   30
 3 25 Z  250   37
 3 26 Z  250   34
 3 27 Z  250   33
 3 28 Z  250   27
 3 29 Z  250   29
 3 30 Z  250   32
 3 31 Z  250   35
 4  1 H  280  851
 4  2 H  280  852
 4  3 H  280  855
 4  4 H  280  844
 4  5 H  280  846
 4  6 H  280  852
 4  7 H  280  859
 4  8 H  280  854
 4  9 H  280  826
 4 10 H  280  835
 4 11 H  280  838
 4 12 H  280  843
 4 13 H  280  845
 4 14 H  280  846
 4 15 H  280  807
 4 16 H  280  840
 4 17 H  280  855
 4 18 H  280  863
 4 19 H  280  862
 4 20 H  280  869
 4 21 H  280  852
 4 22 H  280  836
 4 23 H  280  854
 4 24 H  280  857
 4 25 H  280  858
 4 26 H  280  871
 4 27 H  280  865
 4 28 H  280  860
 4 29 H  280  876
 4 30 H  280  867
 4  1 Z  250   40
 4  2 Z  250   39
 4  3 Z  250   36
 4  4 Z  250   34
 4  5 Z  250   36
 4  6 Z  250   37
 4  7 Z  250   36
 4  8 Z  250   34
 4  9 Z  250   42
 4 10 Z  250   41
 4 11 Z  250   41
 4 12 Z  250   36
 4 13 Z  250   34
 4 14 Z  250   34
 4 15 Z  250   42
 4 16 Z  250   37
 4 17 Z  250   34
 4 18 Z  250   32
 4 19 Z  250   34
 4 20 Z  250   30
 4 21 Z  250   38
 4 22 Z  250   35
 4 23 Z  250   32
 4 24 Z  250   33
 4 25 Z  250   31
 4 26 Z  250   31
 4 27 Z  250   33
 4 28 Z  250   30
 4 29 Z  250   29
 4 30 Z  250   30
 5  1 H  280  872
 5  2 H  280  NaN
 5  3 H  280  862
 5  4 H  280  870
 5  5 H  280  873
 5  6 H  280  857
 5  7 H  280  845
 5  8 H  280  857
 5  9 H  280  852
 5 10 H  280  860
 5 11 H  280  865
 5 12 H  280  872
 5 13 H  280  868
 5 14 H  280  863
 5 15 H  280  861
 5 16 H  280  879
 5 17 H  280  847
 5 18 H  280  NaN
 5 19 H  280  856
 5 20 H  280  864
 5 21 H  280  875
 5 22 H  280  873
 5 23 H  280  875
 5 24 H  280  878
 5 25 H  280  876
 5 26 H  280  873
 5 27 H  280  873
 5 28 H  280  885
 5 29 H  280  889
 5 30 H  280  880
 5 31 H  280  875
 5  1 Z  250   28
 5  2 Z  250  NaN
 5  3 Z  250   33
 5  4 Z  250   35
 5  5 Z  250   33
 5  6 Z  250   38
 5  7 Z  250   38
 5  8 Z  250   35
 5  9 Z  250   34
 5 10 Z  250   32
 5 11 Z  250   35
 5 12 Z  250   33
 5 13 Z  250   31
 5 14 Z  250   32
 5 15 Z  250   34
 5 16 Z  250   35
 5 17 Z  250   35
 5 18 Z  250  NaN
 5 19 Z  250   39
 5 20 Z  250   41
 5 21 Z  250   43
 5 22 Z  250   38
 5 23 Z  250   35
 5 24 Z  250   38
 5 25 Z  250   42
 5 26 Z  250   35
 5 27 Z  250   36
 5 28 Z  250   36
 5 29 Z  250   33
 5 30 Z  250   37
 5 31 Z  250   32
 6  1 H  280  873
 6  2 H  280  863
 6  3 H  280  861
 6  4 H  280  876
 6  5 H  280  869
 6  6 H  280  863
 6  7 H  280  876
 6  8 H  280  875
 6  9 H  280  876
 6 10 H  280  880
 6 11 H  280  877
 6 12 H  280  880
 6 13 H  280  874
 6 14 H  280  871
 6 15 H  280  880
 6 16 H  280  885
 6 17 H  280  883
 6 18 H  280  884
 6 19 H  280  885
 6 20 H  280  890
 6 21 H  280  890
 6 22 H  280  890
 6 23 H  280  878
 6 24 H  280  888
 6 25 H  280  856
 6 26 H  280  864
 6 27 H  280  NaN
 6 28 H  280  897
 6 29 H  280  NaN
 6 30 H  280  NaN
 6  1 Z  249  133
 6  2 Z  249  133
 6  3 Z  249  132
 6  4 Z  249  130
 6  5 Z  249  133
 6  6 Z  249  130
 6  7 Z  249  129
 6  8 Z  249  127
 6  9 Z  249  123
 6 10 Z  249  120
 6 11 Z  249  129
 6 12 Z  249  126
 6 13 Z  249  128
 6 14 Z  249  126
 6 15 Z  249  124
 6 16 Z  249  128
 6 17 Z  249  127
 6 18 Z  249  128
 6 19 Z  249  125
 6 20 Z  249  126
 6 21 Z  249  118
 6 22 Z  249  120
 6 23 Z  249  129
 6 24 Z  249  125
 6 25 Z  249  127
 6 26 Z  249  132
 6 27 Z  249  NaN
 6 28 Z  249  128
 6 29 Z  249  NaN
 6 30 Z  249  NaN
 7  1 H  280  NaN
 7  2 H  280  NaN
 7  3 H  280  NaN
 7  4 H  280  872
 7  5 H  280  881
 7  6 H  280  888
 7  7 H  280  893
 7  8 H  280  883
 7  9 H  280  878
 7 10 H  280  888
 7 11 H  280  900
 7 12 H  280  905
 7 13 H  280  894
 7 14 H  280  894
 7 15 H  280  NaN
 7 16 H  280  883
 7 17 H  280  NaN
 7 18 H  280  890
 7 19 H  280  889
 7 20 H  280  887
 7 21 H  280  873
 7 22 H  280  879
 7 23 H  280  897
 7 24 H  280  NaN
 7 25 H  280  887
 7 26 H  280  NaN
 7 27 H  280  889
 7 28 H  280  NaN
 7 29 H  280  881
 7 30 H  280  874
 7 31 H  280  881
 7  1 Z  245  NaN
 7  2 Z  245  NaN
 7  3 Z  245  NaN
 7  4 Z  245  530
 7  5 Z  245  524
 7  6 Z  245  522
 7  7 Z  245  519
 7  8 Z  245  527
 7  9 Z  245  528
 7 10 Z  245  520
 7 11 Z  245  515
 7 12 Z  245  517
 7 13 Z  245  520
 7 14 Z  245  518
 7 15 Z  245  NaN
 7 16 Z  245  519
 7 17 Z  245  NaN
 7 18 Z  245  523
 7 19 Z  245  519
 7 20 Z  245  524
 7 21 Z  245  528
 7 22 Z  245  527
 7 23 Z  245  519
 7 24 Z  245  NaN
 7 25 Z  245  518
 7 26 Z  245  NaN
 7 27 Z  245  522
 7 28 Z  245  NaN
 7 29 Z  245  513
 7 30 Z  245  516
 7 31 Z  245  514
 8  1 H  280  894
 8  2 H  280  879
 8  3 H  280  881
 8  4 H  280  882
 8  5 H  280  875
 8  6 H  280  881
 8  7 H  280  893
 8  8 H  280  870
 8  9 H  280  875
 8 10 H  280  879
 8 11 H  280  884
 8 12 H  280  882
 8 13 H  280  888
 8 14 H  280  890
 8 15 H  280  895
 8 16 H  280  893
 8 17 H  280  899
 8 18 H  280  890
 8 19 H  280  885
 8 20 H  280  899
 8 21 H  280  887
 8 22 H  280  877
 8 23 H  280  883
 8 24 H  280  893
 8 25 H  280  891
 8 26 H  280  872
 8 27 H  280  889
 8 28 H  280  898
 8 29 H  280  899
 8 30 H  280  896
 8 31 H  280  889
 8  1 Z  245  514
 8  2 Z  245  517
 8  3 Z  245  513
 8  4 Z  245  513
 8  5 Z  245  514
 8  6 Z  245  511
 8  7 Z  245  508
 8  8 Z  245  514
 8  9 Z  245  511
 8 10 Z  245  511
 8 11 Z  245  510
 8 12 Z  245  513
 8 13 Z  245  513
 8 14 Z  245  510
 8 15 Z  245  507
 8 16 Z  245  505
 8 17 Z  245  509
 8 18 Z  245  510
 8 19 Z  245  507
 8 20 Z  245  507
 8 21 Z  245  511
 8 22 Z  245  511
 8 23 Z  245  510
 8 24 Z  245  508
 8 25 Z  245  505
 8 26 Z  245  509
 8 27 Z  245  508
 8 28 Z  245  506
 8 29 Z  245  503
 8 30 Z  245  503
 8 31 Z  245  505
 9  1 H  280  881
 9  2 H  280  890
 9  3 H  280  887
 9  4 H  280  887
 9  5 H  280  877
 9  6 H  280  884
 9  7 H  280  872
 9  8 H  280  879
 9  9 H  280  893
 9 10 H  280  894
 9 11 H  280  894
 9 12 H  280  895
 9 13 H  280  888
 9 14 H  280  880
 9 15 H  280  875
 9 16 H  280  893
 9 17 H  280  897
 9 18 H  280  854
 9 19 H  280  872
 9 20 H  280  871
 9 21 H  280  875
 9 22 H  280  882
 9 23 H  280  889
 9 24 H  280  NaN
 9 25 H  280  NaN
 9 26 H  280  NaN
 9 27 H  280  NaN
 9 28 H  280  NaN
 9 29 H  280  868
 9 30 H  280  858
 9  1 Z  245  517
 9  2 Z  245  513
 9  3 Z  245  515
 9  4 Z  245  515
 9  5 Z  245  518
 9  6 Z  245  516
 9  7 Z  245  515
 9  8 Z  245  517
 9  9 Z  245  512
 9 10 Z  245  513
 9 11 Z  245  508
 9 12 Z  245  510
 9 13 Z  245  510
 9 14 Z  245  510
 9 15 Z  245  509
 9 16 Z  245  510
 9 17 Z  245  508
 9 18 Z  245  517
 9 19 Z  245  514
 9 20 Z  245  514
 9 21 Z  245  514
 9 22 Z  245  511
 9 23 Z  245  509
 9 24 Z  245  NaN
 9 25 Z  245  NaN
 9 26 Z  245  NaN
 9 27 Z  245  NaN
 9 28 Z  245  NaN
 9 29 Z  245  495
 9 30 Z  245  499
10  1 H  280  867
10  2 H  280  871
10  3 H  280  884
10  4 H  280  886
10  5 H  280  880
10  6 H  280  891
10  7 H  280  880
10  8 H  280  872
10  9 H  280  879
10 10 H  280  891
10 11 H  280  881
10 12 H  280  885
10 13 H  280  889
10 14 H  280  900
10 15 H  280  898
10 16 H  280  889
10 17 H  280  891
10 18 H  280  892
10 19 H  280  896
10 20 H  280  902
10 21 H  280  900
10 22 H  280  893
10 23 H  280  911
10 24 H  280  893
10 25 H  280  885
10 26 H  280  893
10 27 H  280  901
10 28 H  280  905
10 29 H  280  872
10 30 H  280  873
10 31 H  280  878
10  1 Z  245  502
10  2 Z  245  506
10  3 Z  245  505
10  4 Z  245  506
10  5 Z  245  503
10  6 Z  245  501
10  7 Z  245  503
10  8 Z  245  505
10  9 Z  245  504
10 10 Z  245  504
10 11 Z  245  503
10 12 Z  245  504
10 13 Z  245  502
10 14 Z  245  501
10 15 Z  245  503
10 16 Z  245  502
10 17 Z  245  501
10 18 Z  245  499
10 19 Z  245  497
10 20 Z  245  498
10 21 Z  245  498
10 22 Z  245  498
10 23 Z  245  493
10 24 Z  245  498
10 25 Z  245  499
10 26 Z  245  496
10 27 Z  245  495
10 28 Z  245  493
10 29 Z  245  500
10 30 Z  245  500
10 31 Z  245  497
11  1 H  280  888
11  2 H  280  893
11  3 H  280  899
11  4 H  280  899
11  5 H  280  894
11  6 H  280  903
11  7 H  280  904
11  8 H  280  900
11  9 H  280  892
11 10 H  280  909
11 11 H  280  873
11 12 H  280  886
11 13 H  280  891
11 14 H  280  894
11 15 H  280  897
11 16 H  280  896
11 17 H  280  901
11 18 H  280  897
11 19 H  280  898
11 20 H  280  893
11 21 H  280  877
11 22 H  280  869
11 23 H  280  866
11 24 H  280  867
11 25 H  280  858
11 26 H  280  873
11 27 H  280  881
11 28 H  280  880
11 29 H  280  883
11 30 H  280  893
11  1 Z  245  504
11  2 Z  245  500
11  3 Z  245  498
11  4 Z  245  493
11  5 Z  245  496
11  6 Z  245  496
11  7 Z  245  499
11  8 Z  245  495
11  9 Z  245  496
11 10 Z  245  492
11 11 Z  245  498
11 12 Z  245  499
11 13 Z  245  491
11 14 Z  245  488
11 15 Z  245  487
11 16 Z  245  487
11 17 Z  245  485
11 18 Z  245  484
11 19 Z  245  485
11 20 Z  245  487
11 21 Z  245  491
11 22 Z  245  492
11 23 Z  245  497
11 24 Z  245  494
11 25 Z  245  497
11 26 Z  245  494
11 27 Z  245  492
11 28 Z  245  492
11 29 Z  245  491
11 30 Z  245  490
12  1 H  280  893
12  2 H  280  894
12  3 H  280  884
12  4 H  280  892
12  5 H  280  892
12  6 H  280  899
12  7 H  280  898
12  8 H  280  906
12  9 H  280  905
12 10 H  280  895
12 11 H  280  896
12 12 H  280  887
12 13 H  280  878
12 14 H  280  891
12 15 H  280  895
12 16 H  280  899
12 17 H  280  837
12 18 H  280  841
12 19 H  280  861
12 20 H  280  875
12 21 H  280  884
12 22 H  280  884
12 23 H  280  885
12 24 H  280  895
12 25 H  280  893
12 26 H  280  882
12 27 H  280  884
12 28 H  280  891
12 29 H  280  882
12 30 H  280  878
12 31 H  280  894
12  1 Z  245  495
12  2 Z  245  492
12  3 Z  245  493
12  4 Z  245  492
12  5 Z  245  491
12  6 Z  245  490
12  7 Z  245  487
12  8 Z  245  487
12  9 Z  245  484
12 10 Z  245  489
12 11 Z  245  488
12 12 Z  245  488
12 13 Z  245  492
12 14 Z  245  488
12 15 Z  245  487
12 16 Z  245  487
12 17 Z  245  500
12 18 Z  245  500
12 19 Z  245  499
12 20 Z  245  496
12 21 Z  245  495
12 22 Z  245  494
12 23 Z  245  494
12 24 Z  245  492
12 25 Z  245  489
12 26 Z  245  491
12 27 Z  245  491
12 28 Z  245  490
12 29 Z  245  491
12 30 Z  245  491
12 31 Z  245  488
