 1  1 D  -11 -352
 1  2 D  -11 -354
 1  3 D  -11 -352
 1  4 D  -11 -355
 1  5 D  -11 -356
 1  6 D  -11 -353
 1  7 D  -11 -359
 1  8 D  -11 -357
 1  9 D  -11 -358
 1 10 D  -11  NaN
 1 11 D  -11  NaN
 1 12 D  -11 -358
 1 13 D  -11 -358
 1 14 D  -11 -353
 1 15 D  -11 -353
 1 16 D  -11 -352
 1 17 D  -11 -347
 1 18 D  -11 -355
 1 19 D  -11  NaN
 1 20 D  -11  NaN
 1 21 D  -11  NaN
 1 22 D  -11 -353
 1 23 D  -11  NaN
 1 24 D  -11 -353
 1 25 D  -11 -354
 1 26 D  -11 -355
 1 27 D  -11 -355
 1 28 D  -11 -349
 1 29 D  -11  NaN
 1 30 D  -11  NaN
 1 31 D  -11  NaN
 1  1 H  280  726
 1  2 H  280  735
 1  3 H  280  743
 1  4 H  280  742
 1  5 H  280  743
 1  6 H  280  737
 1  7 H  280  741
 1  8 H  280  735
 1  9 H  280  728
 1 10 H  280  NaN
 1 11 H  280  NaN
 1 12 H  280  722
 1 13 H  280  732
 1 14 H  280  729
 1 15 H  280  722
 1 16 H  280  728
 1 17 H  280  719
 1 18 H  280  726
 1 19 H  280  NaN
 1 20 H  280  NaN
 1 21 H  280  NaN
 1 22 H  280  735
 1 23 H  280  NaN
 1 24 H  280  730
 1 25 H  280  712
 1 26 H  280  722
 1 27 H  280  721
 1 28 H  280  732
 1 29 H  280  NaN
 1 30 H  280  NaN
 1 31 H  280  NaN
 1  1 Z  250  181
 1  2 Z  250  178
 1  3 Z  250  176
 1  4 Z  250  174
 1  5 Z  250  179
 1  6 Z  250  180
 1  7 Z  250  178
 1  8 Z  250  177
 1  9 Z  250  178
 1 10 Z  250  NaN
 1 11 Z  250  NaN
 1 12 Z  250  178
 1 13 Z  250  177
 1 14 Z  250  177
 1 15 Z  250  181
 1 16 Z  250  178
 1 17 Z  250  182
 1 18 Z  250  177
 1 19 Z  250  NaN
 1 20 Z  250  NaN
 1 21 Z  250  NaN
 1 22 Z  250  175
 1 23 Z  250  NaN
 1 24 Z  250  177
 1 25 Z  250  182
 1 26 Z  250  178
 1 27 Z  250  182
 1 28 Z  250  180
 1 29 Z  250  NaN
 1 30 Z  250  NaN
 1 31 Z  250  NaN
 2  1 D  -11 -354
 2  2 D  -11 -353
 2  3 D  -11 -344
 2  4 D  -11 -360
 2  5 D  -11 -358
 2  6 D  -11 -351
 2  7 D  -11 -351
 2  8 D  -11  NaN
 2  9 D  -11  NaN
 2 10 D  -11  NaN
 2 11 D  -11  NaN
 2 12 D  -11  NaN
 2 13 D  -11  NaN
 2 14 D  -11  NaN
 2 15 D  -11  NaN
 2 16 D  -11  NaN
 2 17 D  -11  NaN
 2 18 D  -11  NaN
 2 19 D  -11  NaN
 2 20 D  -11  NaN
 2 21 D  -11  NaN
 2 22 D  -11  NaN
 2 23 D  -11  NaN
 2 24 D  -11  NaN
 2 25 D  -11  NaN
 2 26 D  -11  NaN
 2 27 D  -11  NaN
 2 28 D  -11 -347
 2  1 H  280  734
 2  2 H  280  690
 2  3 H  280  651
 2  4 H  280  709
 2  5 H  280  717
 2  6 H  280  729
 2  7 H  280  716
 2  8 H  280  NaN
 2  9 H  280  NaN
 2 10 H  280  NaN
 2 11 H  280  NaN
 2 12 H  280  NaN
 2 13 H  280  NaN
 2 14 H  280  NaN
 2 15 H  280  NaN
 2 16 H  280  NaN
 2 17 H  280  NaN
 2 18 H  280  NaN
 2 19 H  280  NaN
 2 20 H  280  NaN
 2 21 H  280  NaN
 2 22 H  280  NaN
 2 23 H  280  NaN
 2 24 H  280  NaN
 2 25 H  280  NaN
 2 26 H  280  NaN
 2 27 H  280  NaN
 2 28 H  280  731
 2  1 Z  250  175
 2  2 Z  250  183
 2  3 Z  250  197
 2  4 Z  250  183
 2  5 Z  250  177
 2  6 Z  250  179
 2  7 Z  250  177
 2  8 Z  250  NaN
 2  9 Z  250  NaN
 2 10 Z  250  NaN
 2 11 Z  250  NaN
 2 12 Z  250  NaN
 2 13 Z  250  NaN
 2 14 Z  250  NaN
 2 15 Z  250  NaN
 2 16 Z  250  NaN
 2 17 Z  250  NaN
 2 18 Z  250  NaN
 2 19 Z  250  NaN
 2 20 Z  250  NaN
 2 21 Z  250  NaN
 2 22 Z  250  NaN
 2 23 Z  250  NaN
 2 24 Z  250  NaN
 2 25 Z  250  NaN
 2 26 Z  250  NaN
 2 27 Z  250  NaN
 2 28 Z  250  173
 3  1 D  -11 -337
 3  2 D  -11 -342
 3  3 D  -11 -345
 3  4 D  -11  NaN
 3  5 D  -11  NaN
 3  6 D  -11 -339
 3  7 D  -11 -343
 3  8 D  -11 -338
 3  9 D  -11 -340
 3 10 D  -11 -339
 3 11 D  -11 -335
 3 12 D  -11 -334
 3 13 D  -11 -335
 3 14 D  -11 -331
 3 15 D  -11 -331
 3 16 D  -11 -338
 3 17 D  -11 -332
 3 18 D  -11 -333
 3 19 D  -11 -339
 3 20 D  -11 -335
 3 21 D  -11 -333
 3 22 D  -11 -332
 3 23 D  -11 -333
 3 24 D  -11 -320
 3 25 D  -11 -339
 3 26 D  -11 -340
 3 27 D  -11 -333
 3 28 D  -11 -337
 3 29 D  -11 -341
 3 30 D  -11 -336
 3 31 D  -11 -343
 3  1 H  280  735
 3  2 H  280  738
 3  3 H  280  740
 3  4 H  280  NaN
 3  5 H  280  NaN
 3  6 H  280  744
 3  7 H  280  740
 3  8 H  280  744
 3  9 H  280  748
 3 10 H  280  751
 3 11 H  280  734
 3 12 H  280  707
 3 13 H  280  727
 3 14 H  280  741
 3 15 H  280  732
 3 16 H  280  749
 3 17 H  280  733
 3 18 H  280  744
 3 19 H  280  761
 3 20 H  280  727
 3 21 H  280  745
 3 22 H  280  751
 3 23 H  280  730
 3 24 H  280  635
 3 25 H  280  702
 3 26 H  280  732
 3 27 H  280  748
 3 28 H  280  755
 3 29 H  280  749
 3 30 H  280  743
 3 31 H  280  755
 3  1 Z  250  178
 3  2 Z  250  178
 3  3 Z  250  171
 3  4 Z  250  NaN
 3  5 Z  250  NaN
 3  6 Z  250  172
 3  7 Z  250  173
 3  8 Z  250  176
 3  9 Z  250  172
 3 10 Z  250  171
 3 11 Z  250  175
 3 12 Z  250  186
 3 13 Z  250  178
 3 14 Z  250  176
 3 15 Z  250  180
 3 16 Z  250  179
 3 17 Z  250  179
 3 18 Z  250  180
 3 19 Z  250  177
 3 20 Z  250  182
 3 21 Z  250  180
 3 22 Z  250  177
 3 23 Z  250  179
 3 24 Z  250  208
 3 25 Z  250  187
 3 26 Z  250  181
 3 27 Z  250  178
 3 28 Z  250  176
 3 29 Z  250  174
 3 30 Z  250  174
 3 31 Z  250  171
 4  1 D  -11 -337
 4  2 D  -11 -338
 4  3 D  -11 -337
 4  4 D  -11 -338
 4  5 D  -11 -335
 4  6 D  -11 -336
 4  7 D  -11 -335
 4  8 D  -11 -336
 4  9 D  -11 -334
 4 10 D  -11 -336
 4 11 D  -11 -334
 4 12 D  -11 -335
 4 13 D  -11 -337
 4 14 D  -11 -336
 4 15 D  -11 -334
 4 16 D  -11 -337
 4 17 D  -11 -334
 4 18 D  -11 -329
 4 19 D  -11 -338
 4 20 D  -11 -336
 4 21 D  -11 -331
 4 22 D  -11 -329
 4 23 D  -11 -329
 4 24 D  -11 -336
 4 25 D  -11 -331
 4 26 D  -11 -330
 4 27 D  -11 -328
 4 28 D  -11 -330
 4 29 D  -11 -326
 4 30 D  -11 -325
 4  1 H  280  744
 4  2 H  280  733
 4  3 H  280  731
 4  4 H  280  741
 4  5 H  280  735
 4  6 H  280  744
 4  7 H  280  727
 4  8 H  280  744
 4  9 H  280  736
 4 10 H  280  742
 4 11 H  280  745
 4 12 H  280  760
 4 13 H  280  744
 4 14 H  280  742
 4 15 H  280  742
 4 16 H  280  751
 4 17 H  280  739
 4 18 H  280  747
 4 19 H  280  760
 4 20 H  280  765
 4 21 H  280  764
 4 22 H  280  777
 4 23 H  280  770
 4 24 H  280  770
 4 25 H  280  767
 4 26 H  280  764
 4 27 H  280  768
 4 28 H  280  733
 4 29 H  280  740
 4 30 H  280  738
 4  1 Z  250  171
 4  2 Z  250  173
 4  3 Z  250  180
 4  4 Z  250  178
 4  5 Z  250  175
 4  6 Z  250  169
 4  7 Z  250  175
 4  8 Z  250  173
 4  9 Z  250  175
 4 10 Z  250  174
 4 11 Z  250  177
 4 12 Z  250  178
 4 13 Z  250  185
 4 14 Z  250  186
 4 15 Z  250  181
 4 16 Z  250  181
 4 17 Z  250  192
 4 18 Z  250  185
 4 19 Z  250  184
 4 20 Z  250  178
 4 21 Z  250  181
 4 22 Z  250  181
 4 23 Z  250  180
 4 24 Z  250  170
 4 25 Z  250  175
 4 26 Z  250  173
 4 27 Z  250  176
 4 28 Z  250  183
 4 29 Z  250  177
 4 30 Z  250  183
 5  1 D  -11 -322
 5  2 D  -11 -330
 5  3 D  -11 -331
 5  4 D  -11 -332
 5  5 D  -11 -321
 5  6 D  -11 -328
 5  7 D  -11 -325
 5  8 D  -11 -330
 5  9 D  -11 -321
 5 10 D  -11 -333
 5 11 D  -11 -327
 5 12 D  -11 -334
 5 13 D  -11 -322
 5 14 D  -11 -322
 5 15 D  -11 -322
 5 16 D  -11 -318
 5 17 D  -11 -324
 5 18 D  -11 -321
 5 19 D  -11 -326
 5 20 D  -11 -326
 5 21 D  -11 -320
 5 22 D  -11 -326
 5 23 D  -11 -323
 5 24 D  -11 -320
 5 25 D  -11 -313
 5 26 D  -11 -316
 5 27 D  -11 -316
 5 28 D  -11 -319
 5 29 D  -11 -318
 5 30 D  -11 -315
 5 31 D  -11 -322
 5  1 H  280  756
 5  2 H  280  761
 5  3 H  280  757
 5  4 H  280  763
 5  5 H  280  754
 5  6 H  280  764
 5  7 H  280  763
 5  8 H  280  774
 5  9 H  280  765
 5 10 H  280  768
 5 11 H  280  770
 5 12 H  280  784
 5 13 H  280  738
 5 14 H  280  751
 5 15 H  280  689
 5 16 H  280  733
 5 17 H  280  740
 5 18 H  280  757
 5 19 H  280  765
 5 20 H  280  773
 5 21 H  280  771
 5 22 H  280  770
 5 23 H  280  776
 5 24 H  280  769
 5 25 H  280  764
 5 26 H  280  775
 5 27 H  280  776
 5 28 H  280  772
 5 29 H  280  778
 5 30 H  280  772
 5 31 H  280  768
 5  1 Z  250  181
 5  2 Z  250  177
 5  3 Z  250  178
 5  4 Z  250  173
 5  5 Z  250  176
 5  6 Z  250  179
 5  7 Z  250  179
 5  8 Z  250  180
 5  9 Z  250  184
 5 10 Z  250  185
 5 11 Z  250  182
 5 12 Z  250  182
 5 13 Z  250  191
 5 14 Z  250  185
 5 15 Z  250  200
 5 16 Z  250  190
 5 17 Z  250  181
 5 18 Z  250  182
 5 19 Z  250  177
 5 20 Z  250  178
 5 21 Z  250  182
 5 22 Z  250  179
 5 23 Z  250  182
 5 24 Z  250  177
 5 25 Z  250  180
 5 26 Z  250  177
 5 27 Z  250  175
 5 28 Z  250  179
 5 29 Z  250  180
 5 30 Z  250  177
 5 31 Z  250  175
 6  1 D  -11 -319
 6  2 D  -11 -319
 6  3 D  -11  NaN
 6  4 D  -11 -315
 6  5 D  -11 -316
 6  6 D  -11 -314
 6  7 D  -11 -306
 6  8 D  -11 -310
 6  9 D  -11 -316
 6 10 D  -11 -316
 6 11 D  -11  NaN
 6 12 D  -11  NaN
 6 13 D  -11 -317
 6 14 D  -11 -318
 6 15 D  -11 -319
 6 16 D  -11 -321
 6 17 D  -11 -318
 6 18 D  -11 -317
 6 19 D  -11 -321
 6 20 D  -11 -317
 6 21 D  -11 -311
 6 22 D  -11 -316
 6 23 D  -11 -313
 6 24 D  -11 -317
 6 25 D  -11 -311
 6 26 D  -11  NaN
 6 27 D  -11  NaN
 6 28 D  -11 -317
 6 29 D  -11 -310
 6 30 D  -11 -315
 6  1 H  280  755
 6  2 H  280  761
 6  3 H  280  757
 6  4 H  280  767
 6  5 H  280  777
 6  6 H  280  784
 6  7 H  280  774
 6  8 H  280  778
 6  9 H  280  766
 6 10 H  280  757
 6 11 H  280  NaN
 6 12 H  280  NaN
 6 13 H  280  755
 6 14 H  280  771
 6 15 H  280  766
 6 16 H  280  772
 6 17 H  280  777
 6 18 H  280  777
 6 19 H  280  771
 6 20 H  280  769
 6 21 H  280  773
 6 22 H  280  774
 6 23 H  280  777
 6 24 H  280  766
 6 25 H  280  761
 6 26 H  280  NaN
 6 27 H  280  NaN
 6 28 H  280  778
 6 29 H  280  781
 6 30 H  280  788
 6  1 Z  250  170
 6  2 Z  250  168
 6  3 Z  250  NaN
 6  4 Z  250  171
 6  5 Z  250  163
 6  6 Z  250  164
 6  7 Z  250  166
 6  8 Z  250  165
 6  9 Z  250  161
 6 10 Z  250  159
 6 11 Z  250  NaN
 6 12 Z  250  NaN
 6 13 Z  250  163
 6 14 Z  250  163
 6 15 Z  250  160
 6 16 Z  250  164
 6 17 Z  250  164
 6 18 Z  250  169
 6 19 Z  250  163
 6 20 Z  250  161
 6 21 Z  250  161
 6 22 Z  250  161
 6 23 Z  250  160
 6 24 Z  250  162
 6 25 Z  250  162
 6 26 Z  250  NaN
 6 27 Z  250  NaN
 6 28 Z  250  167
 6 29 Z  250  171
 6 30 Z  250  161
 7  1 D  -11 -316
 7  2 D  -11 -315
 7  3 D  -11 -313
 7  4 D  -11 -313
 7  5 D  -11  NaN
 7  6 D  -11 -316
 7  7 D  -11 -312
 7  8 D  -11 -314
 7  9 D  -11 -311
 7 10 D  -11  NaN
 7 11 D  -11 -313
 7 12 D  -11 -307
 7 13 D  -11 -308
 7 14 D  -11 -313
 7 15 D  -11 -314
 7 16 D  -11 -311
 7 17 D  -11 -312
 7 18 D  -11 -311
 7 19 D  -11 -309
 7 20 D  -11 -311
 7 21 D  -11 -307
 7 22 D  -11 -301
 7 23 D  -11 -309
 7 24 D  -11 -303
 7 25 D  -11 -302
 7 26 D  -11 -308
 7 27 D  -11 -298
 7 28 D  -11 -307
 7 29 D  -11 -300
 7 30 D  -11 -305
 7 31 D  -11 -308
 7  1 H  280  772
 7  2 H  280  769
 7  3 H  280  778
 7  4 H  280  782
 7  5 H  280  NaN
 7  6 H  280  791
 7  7 H  280  786
 7  8 H  280  781
 7  9 H  280  774
 7 10 H  280  NaN
 7 11 H  280  787
 7 12 H  280  777
 7 13 H  280  773
 7 14 H  280  769
 7 15 H  280  776
 7 16 H  280  776
 7 17 H  280  773
 7 18 H  280  776
 7 19 H  280  784
 7 20 H  280  786
 7 21 H  280  797
 7 22 H  280  777
 7 23 H  280  784
 7 24 H  280  782
 7 25 H  280  785
 7 26 H  280  792
 7 27 H  280  742
 7 28 H  280  759
 7 29 H  280  775
 7 30 H  280  786
 7 31 H  280  783
 7  1 Z  250  155
 7  2 Z  250  154
 7  3 Z  250  151
 7  4 Z  250  150
 7  5 Z  250  NaN
 7  6 Z  250  144
 7  7 Z  250  145
 7  8 Z  250  142
 7  9 Z  250  149
 7 10 Z  250  NaN
 7 11 Z  250  149
 7 12 Z  250  151
 7 13 Z  250  158
 7 14 Z  250  160
 7 15 Z  250  152
 7 16 Z  250  150
 7 17 Z  250  148
 7 18 Z  250  152
 7 19 Z  250  151
 7 20 Z  250  154
 7 21 Z  250  154
 7 22 Z  250  158
 7 23 Z  250  153
 7 24 Z  250  153
 7 25 Z  250  148
 7 26 Z  250  148
 7 27 Z  250  159
 7 28 Z  250  152
 7 29 Z  250  147
 7 30 Z  250  142
 7 31 Z  250  145
 8  1 D  -11 -301
 8  2 D  -11 -307
 8  3 D  -11 -304
 8  4 D  -11 -308
 8  5 D  -11 -310
 8  6 D  -11 -309
 8  7 D  -11 -310
 8  8 D  -11 -304
 8  9 D  -11 -301
 8 10 D  -11 -302
 8 11 D  -11 -306
 8 12 D  -11 -302
 8 13 D  -11 -301
 8 14 D  -11 -306
 8 15 D  -11 -301
 8 16 D  -11 -303
 8 17 D  -11 -298
 8 18 D  -11 -299
 8 19 D  -11 -300
 8 20 D  -11 -298
 8 21 D  -11 -300
 8 22 D  -11 -301
 8 23 D  -11 -293
 8 24 D  -11 -300
 8 25 D  -11 -299
 8 26 D  -11 -303
 8 27 D  -11  NaN
 8 28 D  -11 -295
 8 29 D  -11 -299
 8 30 D  -11 -298
 8 31 D  -11 -295
 8  1 H  280  780
 8  2 H  280  792
 8  3 H  280  789
 8  4 H  280  772
 8  5 H  280  779
 8  6 H  280  783
 8  7 H  280  792
 8  8 H  280  785
 8  9 H  280  783
 8 10 H  280  772
 8 11 H  280  791
 8 12 H  280  780
 8 13 H  280  786
 8 14 H  280  785
 8 15 H  280  797
 8 16 H  280  793
 8 17 H  280  784
 8 18 H  280  799
 8 19 H  280  783
 8 20 H  280  785
 8 21 H  280  785
 8 22 H  280  791
 8 23 H  280  790
 8 24 H  280  795
 8 25 H  280  795
 8 26 H  280  800
 8 27 H  280  NaN
 8 28 H  280  766
 8 29 H  280  784
 8 30 H  280  784
 8 31 H  280  786
 8  1 Z  250  151
 8  2 Z  250  146
 8  3 Z  250  143
 8  4 Z  250  151
 8  5 Z  250  149
 8  6 Z  250  151
 8  7 Z  250  151
 8  8 Z  250  154
 8  9 Z  250  153
 8 10 Z  250  149
 8 11 Z  250  145
 8 12 Z  250  144
 8 13 Z  250  142
 8 14 Z  250  142
 8 15 Z  250  140
 8 16 Z  250  146
 8 17 Z  250  144
 8 18 Z  250  143
 8 19 Z  250  145
 8 20 Z  250  145
 8 21 Z  250  142
 8 22 Z  250  143
 8 23 Z  250  146
 8 24 Z  250  143
 8 25 Z  250  143
 8 26 Z  250  139
 8 27 Z  250  NaN
 8 28 Z  250  145
 8 29 Z  250  144
 8 30 Z  250  138
 8 31 Z  250  139
 9  1 D  -11 -293
 9  2 D  -11 -286
 9  3 D  -11 -292
 9  4 D  -11 -288
 9  5 D  -11 -290
 9  6 D  -11 -287
 9  7 D  -11 -288
 9  8 D  -11 -285
 9  9 D  -11 -294
 9 10 D  -11 -291
 9 11 D  -11 -290
 9 12 D  -11 -297
 9 13 D  -11 -291
 9 14 D  -11 -290
 9 15 D  -11 -295
 9 16 D  -11 -294
 9 17 D  -11 -295
 9 18 D  -11 -291
 9 19 D  -11 -292
 9 20 D  -11 -294
 9 21 D  -11 -291
 9 22 D  -11 -289
 9 23 D  -11 -293
 9 24 D  -11 -287
 9 25 D  -11 -288
 9 26 D  -11 -293
 9 27 D  -11 -288
 9 28 D  -11 -290
 9 29 D  -11 -292
 9 30 D  -11 -286
 9  1 H  280  780
 9  2 H  280  790
 9  3 H  280  796
 9  4 H  280  785
 9  5 H  280  772
 9  6 H  280  770
 9  7 H  280  768
 9  8 H  280  757
 9  9 H  280  769
 9 10 H  280  773
 9 11 H  280  774
 9 12 H  280  781
 9 13 H  280  780
 9 14 H  280  783
 9 15 H  280  754
 9 16 H  280  772
 9 17 H  280  785
 9 18 H  280  777
 9 19 H  280  772
 9 20 H  280  778
 9 21 H  280  786
 9 22 H  280  NaN
 9 23 H  280  NaN
 9 24 H  280  NaN
 9 25 H  280  773
 9 26 H  280  778
 9 27 H  280  786
 9 28 H  280  777
 9 29 H  280  754
 9 30 H  280  703
 9  1 Z  250  140
 9  2 Z  250  139
 9  3 Z  250  131
 9  4 Z  250  134
 9  5 Z  250  139
 9  6 Z  250  143
 9  7 Z  250  144
 9  8 Z  250  147
 9  9 Z  250  140
 9 10 Z  250  142
 9 11 Z  250  141
 9 12 Z  250  139
 9 13 Z  250  133
 9 14 Z  250  134
 9 15 Z  250  142
 9 16 Z  250  141
 9 17 Z  250  138
 9 18 Z  250  136
 9 19 Z  250  133
 9 20 Z  250  130
 9 21 Z  250  129
 9 22 Z  250  NaN
 9 23 Z  250  NaN
 9 24 Z  250  NaN
 9 25 Z  250  138
 9 26 Z  250  138
 9 27 Z  250  133
 9 28 Z  250  133
 9 29 Z  250  138
 9 30 Z  250  150
10  1 D  -11 -289
10  2 D  -11 -285
10  3 D  -11 -284
10  4 D  -11 -284
10  5 D  -11 -285
10  6 D  -11 -284
10  7 D  -11 -290
10  8 D  -11 -284
10  9 D  -11 -283
10 10 D  -11 -288
10 11 D  -11 -286
10 12 D  -11 -286
10 13 D  -11 -289
10 14 D  -11 -284
10 15 D  -11 -289
10 16 D  -11 -286
10 17 D  -11 -284
10 18 D  -11 -282
10 19 D  -11 -282
10 20 D  -11 -281
10 21 D  -11 -280
10 22 D  -11 -282
10 23 D  -11 -284
10 24 D  -11 -278
10 25 D  -11 -283
10 26 D  -11 -289
10 27 D  -11 -285
10 28 D  -11 -278
10 29 D  -11 -281
10 30 D  -11 -283
10 31 D  -11 -284
10  1 H  280  740
10  2 H  280  735
10  3 H  280  746
10  4 H  280  760
10  5 H  280  765
10  6 H  280  763
10  7 H  280  766
10  8 H  280  776
10  9 H  280  775
10 10 H  280  767
10 11 H  280  765
10 12 H  280  767
10 13 H  280  775
10 14 H  280  783
10 15 H  280  786
10 16 H  280  782
10 17 H  280  785
10 18 H  280  780
10 19 H  280  786
10 20 H  280  788
10 21 H  280  787
10 22 H  280  785
10 23 H  280  790
10 24 H  280  794
10 25 H  280  791
10 26 H  280  789
10 27 H  280  786
10 28 H  280  779
10 29 H  280  787
10 30 H  280  788
10 31 H  280  785
10  1 Z  250  144
10  2 Z  250  146
10  3 Z  250  143
10  4 Z  250  138
10  5 Z  250  140
10  6 Z  250  140
10  7 Z  250  140
10  8 Z  250  137
10  9 Z  250  136
10 10 Z  250  135
10 11 Z  250  138
10 12 Z  250  140
10 13 Z  250  139
10 14 Z  250  140
10 15 Z  250  133
10 16 Z  250  137
10 17 Z  250  133
10 18 Z  250  128
10 19 Z  250  125
10 20 Z  250  128
10 21 Z  250  127
10 22 Z  250  129
10 23 Z  250  126
10 24 Z  250  126
10 25 Z  250  127
10 26 Z  250  121
10 27 Z  250  126
10 28 Z  250  125
10 29 Z  250  126
10 30 Z  250  125
10 31 Z  250  129
11  1 D  -11 -285
11  2 D  -11  NaN
11  3 D  -11  NaN
11  4 D  -11 -281
11  5 D  -11 -275
11  6 D  -11 -279
11  7 D  -11 -275
11  8 D  -11 -274
11  9 D  -11 -280
11 10 D  -11 -280
11 11 D  -11 -279
11 12 D  -11 -278
11 13 D  -11 -279
11 14 D  -11 -280
11 15 D  -11 -277
11 16 D  -11 -279
11 17 D  -11 -280
11 18 D  -11 -281
11 19 D  -11 -274
11 20 D  -11 -280
11 21 D  -11 -281
11 22 D  -11 -278
11 23 D  -11 -278
11 24 D  -11 -282
11 25 D  -11 -285
11 26 D  -11 -279
11 27 D  -11 -284
11 28 D  -11 -280
11 29 D  -11 -281
11 30 D  -11 -273
11  1 H  280  780
11  2 H  280  NaN
11  3 H  280  NaN
11  4 H  280  772
11  5 H  280  780
11  6 H  280  791
11  7 H  280  779
11  8 H  280  771
11  9 H  280  760
11 10 H  280  757
11 11 H  280  771
11 12 H  280  773
11 13 H  280  778
11 14 H  280  772
11 15 H  280  779
11 16 H  280  785
11 17 H  280  787
11 18 H  280  786
11 19 H  280  780
11 20 H  280  782
11 21 H  280  788
11 22 H  280  792
11 23 H  280  788
11 24 H  280  790
11 25 H  280  786
11 26 H  280  771
11 27 H  280  765
11 28 H  280  772
11 29 H  280  766
11 30 H  280  760
11  1 Z  250  128
11  2 Z  250  NaN
11  3 Z  250  NaN
11  4 Z  250  128
11  5 Z  250  128
11  6 Z  250  125
11  7 Z  250  126
11  8 Z  250  131
11  9 Z  250  130
11 10 Z  250  130
11 11 Z  250  130
11 12 Z  250  125
11 13 Z  250  128
11 14 Z  250  125
11 15 Z  250  125
11 16 Z  250  121
11 17 Z  250  123
11 18 Z  250  122
11 19 Z  250  125
11 20 Z  250  120
11 21 Z  250  121
11 22 Z  250  115
11 23 Z  250  118
11 24 Z  250  117
11 25 Z  250  120
11 26 Z  250  124
11 27 Z  250  126
11 28 Z  250  124
11 29 Z  250  124
11 30 Z  250  125
12  1 D  -11 -282
12  2 D  -11 -281
12  3 D  -11 -280
12  4 D  -11 -280
12  5 D  -11 -283
12  6 D  -11 -281
12  7 D  -11 -280
12  8 D  -11 -281
12  9 D  -11 -281
12 10 D  -11 -279
12 11 D  -11 -285
12 12 D  -11 -278
12 13 D  -11  NaN
12 14 D  -11 -274
12 15 D  -11 -275
12 16 D  -11 -276
12 17 D  -11 -276
12 18 D  -11 -273
12 19 D  -11 -274
12 20 D  -11 -274
12 21 D  -11 -271
12 22 D  -11 -273
12 23 D  -11 -271
12 24 D  -11 -271
12 25 D  -11 -272
12 26 D  -11 -272
12 27 D  -11 -273
12 28 D  -11 -272
12 29 D  -11 -272
12 30 D  -11 -265
12 31 D  -11 -270
12  1 H  280  766
12  2 H  280  772
12  3 H  280  780
12  4 H  280  783
12  5 H  280  778
12  6 H  280  770
12  7 H  280  774
12  8 H  280  778
12  9 H  280  785
12 10 H  280  780
12 11 H  280  771
12 12 H  280  780
12 13 H  280  NaN
12 14 H  280  787
12 15 H  280  784
12 16 H  280  770
12 17 H  280  780
12 18 H  280  787
12 19 H  280  793
12 20 H  280  798
12 21 H  280  797
12 22 H  280  799
12 23 H  280  786
12 24 H  280  784
12 25 H  280  784
12 26 H  280  786
12 27 H  280  783
12 28 H  280  788
12 29 H  280  789
12 30 H  280  795
12 31 H  280  797
12  1 Z  250  125
12  2 Z  250  119
12  3 Z  250  119
12  4 Z  250  117
12  5 Z  250  119
12  6 Z  250  123
12  7 Z  250  120
12  8 Z  250  119
12  9 Z  250  119
12 10 Z  250  118
12 11 Z  250  119
12 12 Z  250  119
12 13 Z  250  NaN
12 14 Z  250  115
12 15 Z  250  115
12 16 Z  250  119
12 17 Z  250  118
12 18 Z  250  117
12 19 Z  250  116
12 20 Z  250  114
12 21 Z  250  116
12 22 Z  250  113
12 23 Z  250  115
12 24 Z  250  117
12 25 Z  250  116
12 26 Z  250  115
12 27 Z  250  116
12 28 Z  250  113
12 29 Z  250  116
12 30 Z  250  114
12 31 Z  250  113
