 1  1 D  -10 -667
 1  2 D  -10 -666
 1  3 D  -10 -671
 1  4 D  -10 -670
 1  5 D  -10 -671
 1  6 D  -10 -666
 1  7 D  -10 -664
 1  8 D  -10 -666
 1  9 D  -10 -661
 1 10 D  -10 -669
 1 11 D  -10 -666
 1 12 D  -10 -669
 1 13 D  -10 -668
 1 14 D  -10 -665
 1 15 D  -10 -662
 1 16 D  -10 -664
 1 17 D  -10 -662
 1 18 D  -10 -664
 1 19 D  -10 -665
 1 20 D  -10 -652
 1 21 D  -10 -661
 1 22 D  -10 -665
 1 23 D  -10 -666
 1 24 D  -10 -667
 1 25 D  -10 -664
 1 26 D  -10 -665
 1 27 D  -10 -658
 1 28 D  -10 -660
 1 29 D  -10 -654
 1 30 D  -10 -659
 1 31 D  -10 -657
 1  1 H  285  408
 1  2 H  285  412
 1  3 H  285  422
 1  4 H  285  418
 1  5 H  285  400
 1  6 H  285  397
 1  7 H  285  407
 1  8 H  285  406
 1  9 H  285  410
 1 10 H  285  404
 1 11 H  285  409
 1 12 H  285  404
 1 13 H  285  408
 1 14 H  285  412
 1 15 H  285  416
 1 16 H  285  415
 1 17 H  285  413
 1 18 H  285  422
 1 19 H  285  428
 1 20 H  285  390
 1 21 H  285  388
 1 22 H  285  408
 1 23 H  285  409
 1 24 H  285  408
 1 25 H  285  406
 1 26 H  285  410
 1 27 H  285  402
 1 28 H  285  402
 1 29 H  285  406
 1 30 H  285  410
 1 31 H  285  415
 1  1 Z  240  652
 1  2 Z  240  653
 1  3 Z  240  652
 1  4 Z  240  651
 1  5 Z  240  655
 1  6 Z  240  659
 1  7 Z  240  658
 1  8 Z  240  658
 1  9 Z  240  654
 1 10 Z  240  656
 1 11 Z  240  655
 1 12 Z  240  656
 1 13 Z  240  655
 1 14 Z  240  654
 1 15 Z  240  653
 1 16 Z  240  653
 1 17 Z  240  651
 1 18 Z  240  650
 1 19 Z  240  645
 1 20 Z  240  654
 1 21 Z  240  657
 1 22 Z  240  650
 1 23 Z  240  649
 1 24 Z  240  651
 1 25 Z  240  651
 1 26 Z  240  651
 1 27 Z  240  654
 1 28 Z  240  650
 1 29 Z  240  655
 1 30 Z  240  652
 1 31 Z  240  650
 2  1 D  -10 -660
 2  2 D  -10 -656
 2  3 D  -10 -654
 2  4 D  -10 -652
 2  5 D  -10  NaN
 2  6 D  -10 -655
 2  7 D  -10 -656
 2  8 D  -10 -653
 2  9 D  -10 -653
 2 10 D  -10 -653
 2 11 D  -10 -653
 2 12 D  -10 -654
 2 13 D  -10 -654
 2 14 D  -10 -654
 2 15 D  -10 -653
 2 16 D  -10 -655
 2 17 D  -10 -655
 2 18 D  -10  NaN
 2 19 D  -10 -660
 2 20 D  -10 -661
 2 21 D  -10 -653
 2 22 D  -10 -656
 2 23 D  -10 -652
 2 24 D  -10 -655
 2 25 D  -10 -654
 2 26 D  -10 -644
 2 27 D  -10 -651
 2 28 D  -10 -651
 2  1 H  285  410
 2  2 H  285  411
 2  3 H  285  419
 2  4 H  285  421
 2  5 H  285  424
 2  6 H  285  426
 2  7 H  285  431
 2  8 H  285  414
 2  9 H  285  419
 2 10 H  285  418
 2 11 H  285  423
 2 12 H  285  422
 2 13 H  285  433
 2 14 H  285  437
 2 15 H  285  423
 2 16 H  285  429
 2 17 H  285  410
 2 18 H  285  NaN
 2 19 H  285  426
 2 20 H  285  422
 2 21 H  285  398
 2 22 H  285  362
 2 23 H  285  383
 2 24 H  285  389
 2 25 H  285  400
 2 26 H  285  405
 2 27 H  285  400
 2 28 H  285  413
 2  1 Z  240  653
 2  2 Z  240  652
 2  3 Z  240  648
 2  4 Z  240  650
 2  5 Z  240  647
 2  6 Z  240  647
 2  7 Z  240  646
 2  8 Z  240  648
 2  9 Z  240  647
 2 10 Z  240  646
 2 11 Z  240  641
 2 12 Z  240  645
 2 13 Z  240  642
 2 14 Z  240  641
 2 15 Z  240  645
 2 16 Z  240  640
 2 17 Z  240  647
 2 18 Z  240  NaN
 2 19 Z  240  643
 2 20 Z  240  644
 2 21 Z  240  649
 2 22 Z  240  656
 2 23 Z  240  651
 2 24 Z  240  655
 2 25 Z  240  655
 2 26 Z  240  651
 2 27 Z  240  652
 2 28 Z  240  647
 3  1 D  -10 -663
 3  2 D  -10 -659
 3  3 D  -10 -665
 3  4 D  -10 -663
 3  5 D  -10 -669
 3  6 D  -10 -657
 3  7 D  -10 -658
 3  8 D  -10 -653
 3  9 D  -10 -655
 3 10 D  -10 -653
 3 11 D  -10 -666
 3 12 D  -10 -663
 3 13 D  -10 -664
 3 14 D  -10 -664
 3 15 D  -10 -655
 3 16 D  -10 -662
 3 17 D  -10 -661
 3 18 D  -10 -664
 3 19 D  -10 -656
 3 20 D  -10 -654
 3 21 D  -10 -662
 3 22 D  -10 -659
 3 23 D  -10 -657
 3 24 D  -10 -660
 3 25 D  -10 -656
 3 26 D  -10 -653
 3 27 D  -10 -655
 3 28 D  -10 -659
 3 29 D  -10 -657
 3 30 D  -10 -657
 3 31 D  -10 -654
 3  1 H  285  408
 3  2 H  285  399
 3  3 H  285  415
 3  4 H  285  417
 3  5 H  285  427
 3  6 H  285  418
 3  7 H  285  422
 3  8 H  285  431
 3  9 H  285  431
 3 10 H  285  433
 3 11 H  285  432
 3 12 H  285  428
 3 13 H  285  431
 3 14 H  285  435
 3 15 H  285  441
 3 16 H  285  442
 3 17 H  285  433
 3 18 H  285  427
 3 19 H  285  395
 3 20 H  285  385
 3 21 H  285  390
 3 22 H  285  403
 3 23 H  285  398
 3 24 H  285  400
 3 25 H  285  400
 3 26 H  285  405
 3 27 H  285  404
 3 28 H  285  415
 3 29 H  285  417
 3 30 H  285  412
 3 31 H  285  410
 3  1 Z  240  650
 3  2 Z  240  653
 3  3 Z  240  650
 3  4 Z  240  650
 3  5 Z  240  649
 3  6 Z  240  652
 3  7 Z  240  650
 3  8 Z  240  647
 3  9 Z  240  645
 3 10 Z  240  642
 3 11 Z  240  637
 3 12 Z  240  641
 3 13 Z  240  641
 3 14 Z  240  642
 3 15 Z  240  640
 3 16 Z  240  637
 3 17 Z  240  640
 3 18 Z  240  642
 3 19 Z  240  651
 3 20 Z  240  654
 3 21 Z  240  652
 3 22 Z  240  649
 3 23 Z  240  652
 3 24 Z  240  652
 3 25 Z  240  651
 3 26 Z  240  648
 3 27 Z  240  648
 3 28 Z  240  648
 3 29 Z  240  647
 3 30 Z  240  644
 3 31 Z  240  648
 4  1 D  -10 -655
 4  2 D  -10 -657
 4  3 D  -10 -657
 4  4 D  -10 -656
 4  5 D  -10 -652
 4  6 D  -10 -645
 4  7 D  -10 -644
 4  8 D  -10 -646
 4  9 D  -10 -646
 4 10 D  -10 -655
 4 11 D  -10  NaN
 4 12 D  -10  NaN
 4 13 D  -10 -650
 4 14 D  -10 -659
 4 15 D  -10  NaN
 4 16 D  -10 -674
 4 17 D  -10 -673
 4 18 D  -10 -671
 4 19 D  -10 -665
 4 20 D  -10 -664
 4 21 D  -10 -660
 4 22 D  -10 -673
 4 23 D  -10 -675
 4 24 D  -10 -671
 4 25 D  -10 -660
 4 26 D  -10 -656
 4 27 D  -10 -661
 4 28 D  -10 -652
 4 29 D  -10 -650
 4 30 D  -10 -649
 4  1 H  285  342
 4  2 H  285  354
 4  3 H  285  402
 4  4 H  285  417
 4  5 H  285  426
 4  6 H  285  430
 4  7 H  285  437
 4  8 H  285  432
 4  9 H  285  435
 4 10 H  285  439
 4 11 H  285  NaN
 4 12 H  285  NaN
 4 13 H  285  408
 4 14 H  285  389
 4 15 H  285  NaN
 4 16 H  285  389
 4 17 H  285  399
 4 18 H  285  413
 4 19 H  285  407
 4 20 H  285  410
 4 21 H  285  406
 4 22 H  285  407
 4 23 H  285  407
 4 24 H  285  420
 4 25 H  285  419
 4 26 H  285  423
 4 27 H  285  415
 4 28 H  285  429
 4 29 H  285  417
 4 30 H  285  417
 4  1 Z  240  663
 4  2 Z  240  668
 4  3 Z  240  653
 4  4 Z  240  647
 4  5 Z  240  650
 4  6 Z  240  646
 4  7 Z  240  640
 4  8 Z  240  637
 4  9 Z  240  636
 4 10 Z  240  634
 4 11 Z  240  NaN
 4 12 Z  240  NaN
 4 13 Z  240  640
 4 14 Z  240  644
 4 15 Z  240  NaN
 4 16 Z  240  639
 4 17 Z  240  644
 4 18 Z  240  645
 4 19 Z  240  644
 4 20 Z  240  643
 4 21 Z  240  641
 4 22 Z  240  638
 4 23 Z  240  641
 4 24 Z  240  644
 4 25 Z  240  638
 4 26 Z  240  640
 4 27 Z  240  638
 4 28 Z  240  634
 4 29 Z  240  634
 4 30 Z  240  639
 5  1 D  -10 -653
 5  2 D  -10 -648
 5  3 D  -10 -650
 5  4 D  -10 -655
 5  5 D  -10 -664
 5  6 D  -10 -669
 5  7 D  -10 -661
 5  8 D  -10 -652
 5  9 D  -10 -644
 5 10 D  -10 -632
 5 11 D  -10 -628
 5 12 D  -10 -625
 5 13 D  -10 -622
 5 14 D  -10 -618
 5 15 D  -10 -630
 5 16 D  -10 -634
 5 17 D  -10 -639
 5 18 D  -10 -638
 5 19 D  -10 -648
 5 20 D  -10 -645
 5 21 D  -10 -643
 5 22 D  -10 -643
 5 23 D  -10 -644
 5 24 D  -10 -637
 5 25 D  -10  NaN
 5 26 D  -10 -626
 5 27 D  -10 -625
 5 28 D  -10 -629
 5 29 D  -10 -627
 5 30 D  -10 -635
 5 31 D  -10 -630
 5  1 H  285  427
 5  2 H  285  425
 5  3 H  285  435
 5  4 H  285  431
 5  5 H  285  433
 5  6 H  285  449
 5  7 H  285  437
 5  8 H  285  433
 5  9 H  285  442
 5 10 H  285  442
 5 11 H  285  442
 5 12 H  285  443
 5 13 H  285  442
 5 14 H  285  392
 5 15 H  285  408
 5 16 H  285  425
 5 17 H  285  417
 5 18 H  285  426
 5 19 H  285  429
 5 20 H  285  431
 5 21 H  285  402
 5 22 H  285  419
 5 23 H  285  421
 5 24 H  285  428
 5 25 H  285  NaN
 5 26 H  285  441
 5 27 H  285  441
 5 28 H  285  438
 5 29 H  285  447
 5 30 H  285  450
 5 31 H  285  450
 5  1 Z  240  636
 5  2 Z  240  641
 5  3 Z  240  637
 5  4 Z  240  633
 5  5 Z  240  633
 5  6 Z  240  626
 5  7 Z  240  635
 5  8 Z  240  632
 5  9 Z  240  636
 5 10 Z  240  636
 5 11 Z  240  NaN
 5 12 Z  240  NaN
 5 13 Z  240  633
 5 14 Z  240  648
 5 15 Z  240  641
 5 16 Z  240  637
 5 17 Z  240  639
 5 18 Z  240  637
 5 19 Z  240  637
 5 20 Z  240  635
 5 21 Z  240  639
 5 22 Z  240  634
 5 23 Z  240  635
 5 24 Z  240  635
 5 25 Z  240  NaN
 5 26 Z  240  632
 5 27 Z  240  631
 5 28 Z  240  631
 5 29 Z  240  631
 5 30 Z  240  629
 5 31 Z  240  631
 6  1 D  -10 -636
 6  2 D  -10 -636
 6  3 D  -10 -639
 6  4 D  -10 -639
 6  5 D  -10 -638
 6  6 D  -10 -638
 6  7 D  -10 -641
 6  8 D  -10 -642
 6  9 D  -10 -635
 6 10 D  -10 -631
 6 11 D  -10 -632
 6 12 D  -10 -628
 6 13 D  -10 -637
 6 14 D  -10 -634
 6 15 D  -10 -638
 6 16 D  -10 -636
 6 17 D  -10 -644
 6 18 D  -10 -638
 6 19 D  -10 -628
 6 20 D  -10 -623
 6 21 D  -10 -631
 6 22 D  -10 -631
 6 23 D  -10 -634
 6 24 D  -10 -643
 6 25 D  -10 -642
 6 26 D  -10 -641
 6 27 D  -10 -638
 6 28 D  -10 -634
 6 29 D  -10 -629
 6 30 D  -10 -608
 6  1 H  285  452
 6  2 H  285  457
 6  3 H  285  447
 6  4 H  285  443
 6  5 H  285  440
 6  6 H  285  441
 6  7 H  285  440
 6  8 H  285  450
 6  9 H  285  452
 6 10 H  285  447
 6 11 H  285  418
 6 12 H  285  426
 6 13 H  285  433
 6 14 H  285  434
 6 15 H  285  436
 6 16 H  285  438
 6 17 H  285  435
 6 18 H  285  423
 6 19 H  285  431
 6 20 H  285  432
 6 21 H  285  436
 6 22 H  285  445
 6 23 H  285  455
 6 24 H  285  419
 6 25 H  285  426
 6 26 H  285  441
 6 27 H  285  450
 6 28 H  285  454
 6 29 H  285  435
 6 30 H  285  436
 6  1 Z  240  626
 6  2 Z  240  625
 6  3 Z  240  628
 6  4 Z  240  631
 6  5 Z  240  629
 6  6 Z  240  631
 6  7 Z  240  632
 6  8 Z  240  NaN
 6  9 Z  240  NaN
 6 10 Z  240  627
 6 11 Z  240  633
 6 12 Z  240  630
 6 13 Z  240  628
 6 14 Z  240  627
 6 15 Z  240  628
 6 16 Z  240  625
 6 17 Z  240  625
 6 18 Z  240  629
 6 19 Z  240  632
 6 20 Z  240  NaN
 6 21 Z  240  627
 6 22 Z  240  623
 6 23 Z  240  622
 6 24 Z  240  631
 6 25 Z  240  633
 6 26 Z  240  628
 6 27 Z  240  625
 6 28 Z  240  622
 6 29 Z  240  631
 6 30 Z  240  631
 7  1 D  -10 -615
 7  2 D  -10 -606
 7  3 D  -10 -607
 7  4 D  -10 -600
 7  5 D  -10 -604
 7  6 D  -10 -604
 7  7 D  -10 -614
 7  8 D  -10 -614
 7  9 D  -10 -622
 7 10 D  -10 -615
 7 11 D  -10 -619
 7 12 D  -10 -618
 7 13 D  -10 -622
 7 14 D  -10 -628
 7 15 D  -10 -620
 7 16 D  -10 -620
 7 17 D  -10 -613
 7 18 D  -10 -624
 7 19 D  -10 -621
 7 20 D  -10 -621
 7 21 D  -10 -619
 7 22 D  -10 -616
 7 23 D  -10 -607
 7 24 D  -10 -607
 7 25 D  -10 -616
 7 26 D  -10 -611
 7 27 D  -10 -602
 7 28 D  -10 -594
 7 29 D  -10 -590
 7 30 D  -10 -596
 7 31 D  -10 -606
 7  1 H  285  437
 7  2 H  285  442
 7  3 H  285  445
 7  4 H  285  443
 7  5 H  285  449
 7  6 H  285  451
 7  7 H  285  457
 7  8 H  285  454
 7  9 H  285  448
 7 10 H  285  454
 7 11 H  285  455
 7 12 H  285  456
 7 13 H  285  460
 7 14 H  285  462
 7 15 H  285  458
 7 16 H  285  438
 7 17 H  285  449
 7 18 H  285  455
 7 19 H  285  462
 7 20 H  285  455
 7 21 H  285  451
 7 22 H  285  456
 7 23 H  285  454
 7 24 H  285  452
 7 25 H  285  455
 7 26 H  285  447
 7 27 H  285  432
 7 28 H  285  441
 7 29 H  285  443
 7 30 H  285  442
 7 31 H  285  441
 7  1 Z  240  628
 7  2 Z  240  630
 7  3 Z  240  631
 7  4 Z  240  629
 7  5 Z  240  626
 7  6 Z  240  623
 7  7 Z  240  621
 7  8 Z  240  620
 7  9 Z  240  622
 7 10 Z  240  620
 7 11 Z  240  620
 7 12 Z  240  616
 7 13 Z  240  617
 7 14 Z  240  617
 7 15 Z  240  616
 7 16 Z  240  623
 7 17 Z  240  613
 7 18 Z  240  611
 7 19 Z  240  613
 7 20 Z  240  616
 7 21 Z  240  616
 7 22 Z  240  614
 7 23 Z  240  616
 7 24 Z  240  614
 7 25 Z  240  614
 7 26 Z  240  616
 7 27 Z  240  622
 7 28 Z  240  618
 7 29 Z  240  620
 7 30 Z  240  617
 7 31 Z  240  615
 8  1 D  -10 -627
 8  2 D  -10  NaN
 8  3 D  -10 -628
 8  4 D  -10 -624
 8  5 D  -10 -631
 8  6 D  -10 -633
 8  7 D  -10 -625
 8  8 D  -10 -620
 8  9 D  -10 -612
 8 10 D  -10 -617
 8 11 D  -10 -624
 8 12 D  -10 -620
 8 13 D  -10 -616
 8 14 D  -10 -604
 8 15 D  -10 -594
 8 16 D  -10 -588
 8 17 D  -10 -597
 8 18 D  -10 -603
 8 19 D  -10 -610
 8 20 D  -10 -615
 8 21 D  -10 -614
 8 22 D  -10 -618
 8 23 D  -10 -622
 8 24 D  -10 -624
 8 25 D  -10 -624
 8 26 D  -10 -627
 8 27 D  -10 -632
 8 28 D  -10 -627
 8 29 D  -10 -625
 8 30 D  -10 -620
 8 31 D  -10 -615
 8  1 H  285  445
 8  2 H  285  NaN
 8  3 H  285  452
 8  4 H  285  450
 8  5 H  285  456
 8  6 H  285  453
 8  7 H  285  454
 8  8 H  285  454
 8  9 H  285  450
 8 10 H  285  460
 8 11 H  285  465
 8 12 H  285  476
 8 13 H  285  461
 8 14 H  285  461
 8 15 H  285  458
 8 16 H  285  456
 8 17 H  285  466
 8 18 H  285  469
 8 19 H  285  462
 8 20 H  285  464
 8 21 H  285  462
 8 22 H  285  465
 8 23 H  285  447
 8 24 H  285  433
 8 25 H  285  436
 8 26 H  285  438
 8 27 H  285  443
 8 28 H  285  441
 8 29 H  285  444
 8 30 H  285  446
 8 31 H  285  453
 8  1 Z  240  614
 8  2 Z  240  NaN
 8  3 Z  240  616
 8  4 Z  240  613
 8  5 Z  240  614
 8  6 Z  240  615
 8  7 Z  240  613
 8  8 Z  240  618
 8  9 Z  240  617
 8 10 Z  240  613
 8 11 Z  240  612
 8 12 Z  240  611
 8 13 Z  240  614
 8 14 Z  240  618
 8 15 Z  240  616
 8 16 Z  240  615
 8 17 Z  240  610
 8 18 Z  240  611
 8 19 Z  240  611
 8 20 Z  240  611
 8 21 Z  240  613
 8 22 Z  240  612
 8 23 Z  240  615
 8 24 Z  240  619
 8 25 Z  240  622
 8 26 Z  240  620
 8 27 Z  240  620
 8 28 Z  240  618
 8 29 Z  240  620
 8 30 Z  240  619
 8 31 Z  240  618
 9  1 D  -10 -608
 9  2 D  -10 -606
 9  3 D  -10 -603
 9  4 D  -10 -596
 9  5 D  -10 -601
 9  6 D  -10 -603
 9  7 D  -10 -604
 9  8 D  -10 -610
 9  9 D  -10 -609
 9 10 D  -10 -620
 9 11 D  -10 -622
 9 12 D  -10 -624
 9 13 D  -10 -618
 9 14 D  -10 -616
 9 15 D  -10 -615
 9 16 D  -10 -607
 9 17 D  -10 -601
 9 18 D  -10 -604
 9 19 D  -10 -611
 9 20 D  -10 -609
 9 21 D  -10 -613
 9 22 D  -10 -608
 9 23 D  -10 -620
 9 24 D  -10 -618
 9 25 D  -10 -621
 9 26 D  -10 -616
 9 27 D  -10 -618
 9 28 D  -10 -607
 9 29 D  -10 -607
 9 30 D  -10 -605
 9  1 H  285  449
 9  2 H  285  456
 9  3 H  285  454
 9  4 H  285  442
 9  5 H  285  440
 9  6 H  285  443
 9  7 H  285  451
 9  8 H  285  453
 9  9 H  285  438
 9 10 H  285  426
 9 11 H  285  432
 9 12 H  285  450
 9 13 H  285  438
 9 14 H  285  453
 9 15 H  285  451
 9 16 H  285  444
 9 17 H  285  452
 9 18 H  285  451
 9 19 H  285  458
 9 20 H  285  454
 9 21 H  285  447
 9 22 H  285  458
 9 23 H  285  413
 9 24 H  285  429
 9 25 H  285  432
 9 26 H  285  420
 9 27 H  285  431
 9 28 H  285  449
 9 29 H  285  456
 9 30 H  285  459
 9  1 Z  240  615
 9  2 Z  240  612
 9  3 Z  240  611
 9  4 Z  240  611
 9  5 Z  240  613
 9  6 Z  240  613
 9  7 Z  240  605
 9  8 Z  240  606
 9  9 Z  240  612
 9 10 Z  240  615
 9 11 Z  240  616
 9 12 Z  240  608
 9 13 Z  240  609
 9 14 Z  240  606
 9 15 Z  240  603
 9 16 Z  240  608
 9 17 Z  240  604
 9 18 Z  240  603
 9 19 Z  240  601
 9 20 Z  240  601
 9 21 Z  240  605
 9 22 Z  240  601
 9 23 Z  240  609
 9 24 Z  240  609
 9 25 Z  240  604
 9 26 Z  240  608
 9 27 Z  240  609
 9 28 Z  240  606
 9 29 Z  240  603
 9 30 Z  240  601
10  1 D  -10 -604
10  2 D  -10 -610
10  3 D  -10 -610
10  4 D  -10 -613
10  5 D  -10 -613
10  6 D  -10 -612
10  7 D  -10 -609
10  8 D  -10 -612
10  9 D  -10 -610
10 10 D  -10 -604
10 11 D  -10 -608
10 12 D  -10 -601
10 13 D  -10 -597
10 14 D  -10 -595
10 15 D  -10 -596
10 16 D  -10 -590
10 17 D  -10 -594
10 18 D  -10 -607
10 19 D  -10 -611
10 20 D  -10 -613
10 21 D  -10 -607
10 22 D  -10 -609
10 23 D  -10 -611
10 24 D  -10 -602
10 25 D  -10 -597
10 26 D  -10 -590
10 27 D  -10 -598
10 28 D  -10 -593
10 29 D  -10 -582
10 30 D  -10 -575
10 31 D  -10 -577
10  1 H  285  463
10  2 H  285  435
10  3 H  285  418
10  4 H  285  429
10  5 H  285  436
10  6 H  285  440
10  7 H  285  446
10  8 H  285  459
10  9 H  285  455
10 10 H  285  457
10 11 H  285  458
10 12 H  285  458
10 13 H  285  455
10 14 H  285  452
10 15 H  285  457
10 16 H  285  453
10 17 H  285  441
10 18 H  285  443
10 19 H  285  434
10 20 H  285  440
10 21 H  285  433
10 22 H  285  438
10 23 H  285  447
10 24 H  285  449
10 25 H  285  456
10 26 H  285  456
10 27 H  285  455
10 28 H  285  444
10 29 H  285  407
10 30 H  285  422
10 31 H  285  426
10  1 Z  240  597
10  2 Z  240  602
10  3 Z  240  606
10  4 Z  240  602
10  5 Z  240  602
10  6 Z  240  601
10  7 Z  240  604
10  8 Z  240  599
10  9 Z  240  598
10 10 Z  240  599
10 11 Z  240  596
10 12 Z  240  600
10 13 Z  240  599
10 14 Z  240  597
10 15 Z  240  597
10 16 Z  240  599
10 17 Z  240  601
10 18 Z  240  599
10 19 Z  240  601
10 20 Z  240  602
10 21 Z  240  601
10 22 Z  240  598
10 23 Z  240  596
10 24 Z  240  595
10 25 Z  240  595
10 26 Z  240  592
10 27 Z  240  592
10 28 Z  240  592
10 29 Z  240  601
10 30 Z  240  601
10 31 Z  240  603
11  1 D  -10 -583
11  2 D  -10 -580
11  3 D  -10 -588
11  4 D  -10 -595
11  5 D  -10 -596
11  6 D  -10 -595
11  7 D  -10 -591
11  8 D  -10 -599
11  9 D  -10 -603
11 10 D  -10 -602
11 11 D  -10 -602
11 12 D  -10 -604
11 13 D  -10 -612
11 14 D  -10 -606
11 15 D  -10 -601
11 16 D  -10 -603
11 17 D  -10 -599
11 18 D  -10 -598
11 19 D  -10 -599
11 20 D  -10 -595
11 21 D  -10 -592
11 22 D  -10 -586
11 23 D  -10 -594
11 24 D  -10 -591
11 25 D  -10 -587
11 26 D  -10 -585
11 27 D  -10 -583
11 28 D  -10 -586
11 29 D  -10 -587
11 30 D  -10 -588
11  1 H  285  442
11  2 H  285  437
11  3 H  285  447
11  4 H  285  446
11  5 H  285  448
11  6 H  285  448
11  7 H  285  447
11  8 H  285  447
11  9 H  285  446
11 10 H  285  456
11 11 H  285  457
11 12 H  285  460
11 13 H  285  452
11 14 H  285  451
11 15 H  285  452
11 16 H  285  453
11 17 H  285  447
11 18 H  285  446
11 19 H  285  456
11 20 H  285  457
11 21 H  285  444
11 22 H  285  438
11 23 H  285  454
11 24 H  285  437
11 25 H  285  427
11 26 H  285  442
11 27 H  285  442
11 28 H  285  449
11 29 H  285  456
11 30 H  285  456
11  1 Z  240  600
11  2 Z  240  599
11  3 Z  240  596
11  4 Z  240  596
11  5 Z  240  596
11  6 Z  240  594
11  7 Z  240  598
11  8 Z  240  597
11  9 Z  240  596
11 10 Z  240  596
11 11 Z  240  594
11 12 Z  240  593
11 13 Z  240  593
11 14 Z  240  591
11 15 Z  240  594
11 16 Z  240  593
11 17 Z  240  594
11 18 Z  240  594
11 19 Z  240  593
11 20 Z  240  594
11 21 Z  240  592
11 22 Z  240  594
11 23 Z  240  591
11 24 Z  240  596
11 25 Z  240  597
11 26 Z  240  596
11 27 Z  240  592
11 28 Z  240  590
11 29 Z  240  592
11 30 Z  240  589
12  1 D  -10 -585
12  2 D  -10 -583
12  3 D  -10 -586
12  4 D  -10 -590
12  5 D  -10 -591
12  6 D  -10 -593
12  7 D  -10 -594
12  8 D  -10 -594
12  9 D  -10 -592
12 10 D  -10 -593
12 11 D  -10 -594
12 12 D  -10 -593
12 13 D  -10 -594
12 14 D  -10 -596
12 15 D  -10 -595
12 16 D  -10 -592
12 17 D  -10 -590
12 18 D  -10 -592
12 19 D  -10 -587
12 20 D  -10 -590
12 21 D  -10 -595
12 22 D  -10 -596
12 23 D  -10 -588
12 24 D  -10 -595
12 25 D  -10 -599
12 26 D  -10  NaN
12 27 D  -10  NaN
12 28 D  -10 -593
12 29 D  -10 -590
12 30 D  -10 -595
12 31 D  -10 -588
12  1 H  285  454
12  2 H  285  464
12  3 H  285  460
12  4 H  285  432
12  5 H  285  428
12  6 H  285  448
12  7 H  285  456
12  8 H  285  461
12  9 H  285  452
12 10 H  285  459
12 11 H  285  468
12 12 H  285  469
12 13 H  285  468
12 14 H  285  469
12 15 H  285  462
12 16 H  285  472
12 17 H  285  465
12 18 H  285  470
12 19 H  285  470
12 20 H  285  450
12 21 H  285  438
12 22 H  285  444
12 23 H  285  450
12 24 H  285  458
12 25 H  285  462
12 26 H  285  NaN
12 27 H  285  NaN
12 28 H  285  459
12 29 H  285  457
12 30 H  285  452
12 31 H  285  452
12  1 Z  240  590
12  2 Z  240  589
12  3 Z  240  589
12  4 Z  240  593
12  5 Z  240  595
12  6 Z  240  594
12  7 Z  240  592
12  8 Z  240  590
12  9 Z  240  591
12 10 Z  240  589
12 11 Z  240  588
12 12 Z  240  586
12 13 Z  240  586
12 14 Z  240  584
12 15 Z  240  586
12 16 Z  240  586
12 17 Z  240  585
12 18 Z  240  583
12 19 Z  240  582
12 20 Z  240  589
12 21 Z  240  590
12 22 Z  240  590
12 23 Z  240  587
12 24 Z  240  588
12 25 Z  240  586
12 26 Z  240  NaN
12 27 Z  240  NaN
12 28 Z  240  584
12 29 Z  240  586
12 30 Z  240  587
12 31 Z  240  587
