 1  1 D  -10 -597
 1  2 D  -10 -597
 1  3 D  -10 -594
 1  4 D  -10 -590
 1  5 D  -10 -587
 1  6 D  -10 -590
 1  7 D  -10 -588
 1  8 D  -10 -593
 1  9 D  -10 -591
 1 10 D  -10 -594
 1 11 D  -10 -592
 1 12 D  -10 -593
 1 13 D  -10 -599
 1 14 D  -10 -594
 1 15 D  -10 -592
 1 16 D  -10 -590
 1 17 D  -10 -592
 1 18 D  -10 -589
 1 19 D  -10 -589
 1 20 D  -10 -593
 1 21 D  -10 -592
 1 22 D  -10 -590
 1 23 D  -10 -591
 1 24 D  -10 -593
 1 25 D  -10 -592
 1 26 D  -10 -590
 1 27 D  -10 -592
 1 28 D  -10 -591
 1 29 D  -10 -593
 1 30 D  -10 -592
 1 31 D  -10 -592
 1  1 H  285  454
 1  2 H  285  452
 1  3 H  285  460
 1  4 H  285  457
 1  5 H  285  461
 1  6 H  285  460
 1  7 H  285  467
 1  8 H  285  457
 1  9 H  285  472
 1 10 H  285  458
 1 11 H  285  468
 1 12 H  285  469
 1 13 H  285  471
 1 14 H  285  473
 1 15 H  285  468
 1 16 H  285  456
 1 17 H  285  464
 1 18 H  285  458
 1 19 H  285  457
 1 20 H  285  459
 1 21 H  285  456
 1 22 H  285  467
 1 23 H  285  469
 1 24 H  285  476
 1 25 H  285  446
 1 26 H  285  440
 1 27 H  285  444
 1 28 H  285  453
 1 29 H  285  445
 1 30 H  285  454
 1 31 H  285  453
 1  1 Z  240  586
 1  2 Z  240  585
 1  3 Z  240  585
 1  4 Z  240  583
 1  5 Z  240  582
 1  6 Z  240  584
 1  7 Z  240  584
 1  8 Z  240  583
 1  9 Z  240  580
 1 10 Z  240  582
 1 11 Z  240  582
 1 12 Z  240  581
 1 13 Z  240  579
 1 14 Z  240  578
 1 15 Z  240  580
 1 16 Z  240  581
 1 17 Z  240  580
 1 18 Z  240  580
 1 19 Z  240  581
 1 20 Z  240  581
 1 21 Z  240  583
 1 22 Z  240  579
 1 23 Z  240  578
 1 24 Z  240  574
 1 25 Z  240  581
 1 26 Z  240  582
 1 27 Z  240  582
 1 28 Z  240  579
 1 29 Z  240  583
 1 30 Z  240  579
 1 31 Z  240  579
 2  1 D  -10 -590
 2  2 D  -10 -587
 2  3 D  -10 -587
 2  4 D  -10 -591
 2  5 D  -10 -590
 2  6 D  -10 -585
 2  7 D  -10 -587
 2  8 D  -10 -592
 2  9 D  -10 -589
 2 10 D  -10 -588
 2 11 D  -10 -583
 2 12 D  -10 -589
 2 13 D  -10 -584
 2 14 D  -10 -577
 2 15 D  -10 -580
 2 16 D  -10 -585
 2 17 D  -10 -590
 2 18 D  -10 -592
 2 19 D  -10 -595
 2 20 D  -10 -597
 2 21 D  -10 -594
 2 22 D  -10 -592
 2 23 D  -10 -584
 2 24 D  -10 -580
 2 25 D  -10 -577
 2 26 D  -10 -572
 2 27 D  -10 -579
 2 28 D  -10 -578
 2  1 H  285  456
 2  2 H  285  456
 2  3 H  285  462
 2  4 H  285  464
 2  5 H  285  464
 2  6 H  285  462
 2  7 H  285  464
 2  8 H  285  468
 2  9 H  285  473
 2 10 H  285  470
 2 11 H  285  456
 2 12 H  285  453
 2 13 H  285  459
 2 14 H  285  468
 2 15 H  285  473
 2 16 H  285  470
 2 17 H  285  463
 2 18 H  285  474
 2 19 H  285  475
 2 20 H  285  472
 2 21 H  285  458
 2 22 H  285  458
 2 23 H  285  450
 2 24 H  285  452
 2 25 H  285  453
 2 26 H  285  458
 2 27 H  285  463
 2 28 H  285  457
 2  1 Z  240  579
 2  2 Z  240  579
 2  3 Z  240  578
 2  4 Z  240  575
 2  5 Z  240  576
 2  6 Z  240  575
 2  7 Z  240  576
 2  8 Z  240  576
 2  9 Z  240  575
 2 10 Z  240  573
 2 11 Z  240  NaN
 2 12 Z  240  581
 2 13 Z  240  580
 2 14 Z  240  577
 2 15 Z  240  577
 2 16 Z  240  575
 2 17 Z  240  576
 2 18 Z  240  573
 2 19 Z  240  573
 2 20 Z  240  572
 2 21 Z  240  572
 2 22 Z  240  573
 2 23 Z  240  575
 2 24 Z  240  578
 2 25 Z  240  577
 2 26 Z  240  575
 2 27 Z  240  573
 2 28 Z  240  576
 3  1 D  -10 -576
 3  2 D  -10 -573
 3  3 D  -10 -576
 3  4 D  -10 -571
 3  5 D  -10 -566
 3  6 D  -10 -568
 3  7 D  -10 -578
 3  8 D  -10 -579
 3  9 D  -10 -572
 3 10 D  -10 -573
 3 11 D  -10 -572
 3 12 D  -10 -573
 3 13 D  -10 -575
 3 14 D  -10 -579
 3 15 D  -10 -578
 3 16 D  -10 -577
 3 17 D  -10 -569
 3 18 D  -10 -564
 3 19 D  -10 -570
 3 20 D  -10 -568
 3 21 D  -10 -561
 3 22 D  -10 -570
 3 23 D  -10 -580
 3 24 D  -10 -584
 3 25 D  -10 -579
 3 26 D  -10 -581
 3 27 D  -10 -583
 3 28 D  -10 -586
 3 29 D  -10 -583
 3 30 D  -10 -573
 3 31 D  -10 -568
 3  1 H  285  470
 3  2 H  285  468
 3  3 H  285  469
 3  4 H  285  472
 3  5 H  285  462
 3  6 H  285  461
 3  7 H  285  466
 3  8 H  285  463
 3  9 H  285  466
 3 10 H  285  467
 3 11 H  285  466
 3 12 H  285  471
 3 13 H  285  474
 3 14 H  285  468
 3 15 H  285  475
 3 16 H  285  439
 3 17 H  285  450
 3 18 H  285  469
 3 19 H  285  483
 3 20 H  285  467
 3 21 H  285  430
 3 22 H  285  441
 3 23 H  285  453
 3 24 H  285  452
 3 25 H  285  456
 3 26 H  285  462
 3 27 H  285  466
 3 28 H  285  467
 3 29 H  285  455
 3 30 H  285  456
 3 31 H  285  463
 3  1 Z  240  576
 3  2 Z  240  577
 3  3 Z  240  575
 3  4 Z  240  574
 3  5 Z  240  577
 3  6 Z  240  577
 3  7 Z  240  573
 3  8 Z  240  573
 3  9 Z  240  574
 3 10 Z  240  574
 3 11 Z  240  572
 3 12 Z  240  573
 3 13 Z  240  569
 3 14 Z  240  572
 3 15 Z  240  572
 3 16 Z  240  576
 3 17 Z  240  581
 3 18 Z  240  572
 3 19 Z  240  565
 3 20 Z  240  572
 3 21 Z  240  576
 3 22 Z  240  578
 3 23 Z  240  574
 3 24 Z  240  575
 3 25 Z  240  576
 3 26 Z  240  570
 3 27 Z  240  568
 3 28 Z  240  568
 3 29 Z  240  570
 3 30 Z  240  573
 3 31 Z  240  572
 4  1 D  -10 -571
 4  2 D  -10 -562
 4  3 D  -10 -566
 4  4 D  -10 -568
 4  5 D  -10 -571
 4  6 D  -10 -565
 4  7 D  -10 -565
 4  8 D  -10 -573
 4  9 D  -10 -578
 4 10 D  -10 -578
 4 11 D  -10 -567
 4 12 D  -10 -569
 4 13 D  -10 -572
 4 14 D  -10 -565
 4 15 D  -10 -566
 4 16 D  -10  NaN
 4 17 D  -10 -563
 4 18 D  -10 -548
 4 19 D  -10 -563
 4 20 D  -10 -557
 4 21 D  -10 -560
 4 22 D  -10 -568
 4 23 D  -10 -565
 4 24 D  -10 -562
 4 25 D  -10 -564
 4 26 D  -10 -564
 4 27 D  -10 -569
 4 28 D  -10 -572
 4 29 D  -10 -570
 4 30 D  -10 -565
 4  1 H  285  463
 4  2 H  285  467
 4  3 H  285  449
 4  4 H  285  450
 4  5 H  285  469
 4  6 H  285  472
 4  7 H  285  469
 4  8 H  285  472
 4  9 H  285  477
 4 10 H  285  479
 4 11 H  285  477
 4 12 H  285  479
 4 13 H  285  482
 4 14 H  285  484
 4 15 H  285  486
 4 16 H  285  NaN
 4 17 H  285  480
 4 18 H  285  443
 4 19 H  285  448
 4 20 H  285  461
 4 21 H  285  461
 4 22 H  285  449
 4 23 H  285  457
 4 24 H  285  469
 4 25 H  285  468
 4 26 H  285  470
 4 27 H  285  468
 4 28 H  285  469
 4 29 H  285  466
 4 30 H  285  468
 4  1 Z  240  574
 4  2 Z  240  573
 4  3 Z  240  574
 4  4 Z  240  571
 4  5 Z  240  568
 4  6 Z  240  568
 4  7 Z  240  568
 4  8 Z  240  568
 4  9 Z  240  569
 4 10 Z  240  564
 4 11 Z  240  567
 4 12 Z  240  565
 4 13 Z  240  564
 4 14 Z  240  562
 4 15 Z  240  561
 4 16 Z  240  561
 4 17 Z  240  564
 4 18 Z  240  572
 4 19 Z  240  575
 4 20 Z  240  571
 4 21 Z  240  570
 4 22 Z  240  571
 4 23 Z  240  572
 4 24 Z  240  568
 4 25 Z  240  568
 4 26 Z  240  564
 4 27 Z  240  564
 4 28 Z  240  567
 4 29 Z  240  568
 4 30 Z  240  569
 5  1 D  -10 -569
 5  2 D  -10 -578
 5  3 D  -10 -571
 5  4 D  -10 -565
 5  5 D  -10 -565
 5  6 D  -10 -566
 5  7 D  -10 -567
 5  8 D  -10 -574
 5  9 D  -10 -563
 5 10 D  -10 -564
 5 11 D  -10 -566
 5 12 D  -10 -565
 5 13 D  -10 -561
 5 14 D  -10 -556
 5 15 D  -10 -563
 5 16 D  -10 -561
 5 17 D  -10 -554
 5 18 D  -10 -561
 5 19 D  -10 -569
 5 20 D  -10 -565
 5 21 D  -10 -563
 5 22 D  -10 -567
 5 23 D  -10 -561
 5 24 D  -10 -554
 5 25 D  -10 -555
 5 26 D  -10 -557
 5 27 D  -10 -547
 5 28 D  -10 -550
 5 29 D  -10 -554
 5 30 D  -10 -563
 5 31 D  -10 -560
 5  1 H  285  478
 5  2 H  285  477
 5  3 H  285  477
 5  4 H  285  472
 5  5 H  285  463
 5  6 H  285  479
 5  7 H  285  479
 5  8 H  285  479
 5  9 H  285  473
 5 10 H  285  477
 5 11 H  285  483
 5 12 H  285  495
 5 13 H  285  490
 5 14 H  285  489
 5 15 H  285  458
 5 16 H  285  466
 5 17 H  285  459
 5 18 H  285  470
 5 19 H  285  476
 5 20 H  285  472
 5 21 H  285  475
 5 22 H  285  471
 5 23 H  285  474
 5 24 H  285  470
 5 25 H  285  471
 5 26 H  285  473
 5 27 H  285  486
 5 28 H  285  477
 5 29 H  285  482
 5 30 H  285  494
 5 31 H  285  483
 5  1 Z  240  569
 5  2 Z  240  564
 5  3 Z  240  566
 5  4 Z  240  566
 5  5 Z  240  566
 5  6 Z  240  563
 5  7 Z  240  565
 5  8 Z  240  562
 5  9 Z  240  564
 5 10 Z  240  562
 5 11 Z  240  560
 5 12 Z  240  563
 5 13 Z  240  557
 5 14 Z  240  555
 5 15 Z  240  565
 5 16 Z  240  564
 5 17 Z  240  566
 5 18 Z  240  562
 5 19 Z  240  561
 5 20 Z  240  566
 5 21 Z  240  561
 5 22 Z  240  559
 5 23 Z  240  562
 5 24 Z  240  564
 5 25 Z  240  563
 5 26 Z  240  561
 5 27 Z  240  561
 5 28 Z  240  564
 5 29 Z  240  560
 5 30 Z  240  554
 5 31 Z  240  560
 6  1 D  -10 -564
 6  2 D  -10 -566
 6  3 D  -10 -556
 6  4 D  -10 -552
 6  5 D  -10 -544
 6  6 D  -10 -539
 6  7 D  -10 -544
 6  8 D  -10 -549
 6  9 D  -10 -549
 6 10 D  -10 -543
 6 11 D  -10 -550
 6 12 D  -10 -546
 6 13 D  -10 -551
 6 14 D  -10 -557
 6 15 D  -10 -561
 6 16 D  -10 -562
 6 17 D  -10 -557
 6 18 D  -10 -553
 6 19 D  -10 -544
 6 20 D  -10  NaN
 6 21 D  -10 -551
 6 22 D  -10 -555
 6 23 D  -10 -560
 6 24 D  -10 -553
 6 25 D  -10 -549
 6 26 D  -10 -549
 6 27 D  -10 -551
 6 28 D  -10 -553
 6 29 D  -10 -554
 6 30 D  -10  NaN
 6  1 H  285  472
 6  2 H  285  477
 6  3 H  285  478
 6  4 H  285  480
 6  5 H  285  487
 6  6 H  285  492
 6  7 H  285  494
 6  8 H  285  489
 6  9 H  285  495
 6 10 H  285  484
 6 11 H  285  483
 6 12 H  285  474
 6 13 H  285  484
 6 14 H  285  474
 6 15 H  285  478
 6 16 H  285  478
 6 17 H  285  478
 6 18 H  285  483
 6 19 H  285  484
 6 20 H  285  NaN
 6 21 H  285  478
 6 22 H  285  486
 6 23 H  285  497
 6 24 H  285  493
 6 25 H  285  489
 6 26 H  285  491
 6 27 H  285  474
 6 28 H  285  479
 6 29 H  285  479
 6 30 H  285  NaN
 6  1 Z  240  560
 6  2 Z  240  560
 6  3 Z  240  559
 6  4 Z  240  554
 6  5 Z  240  559
 6  6 Z  240  557
 6  7 Z  240  554
 6  8 Z  240  554
 6  9 Z  240  554
 6 10 Z  240  558
 6 11 Z  240  558
 6 12 Z  240  560
 6 13 Z  240  560
 6 14 Z  240  559
 6 15 Z  240  556
 6 16 Z  240  555
 6 17 Z  240  557
 6 18 Z  240  556
 6 19 Z  240  558
 6 20 Z  240  NaN
 6 21 Z  240  557
 6 22 Z  240  553
 6 23 Z  240  551
 6 24 Z  240  549
 6 25 Z  240  556
 6 26 Z  240  553
 6 27 Z  240  560
 6 28 Z  240  555
 6 29 Z  240  560
 6 30 Z  240  NaN
 7  1 D  -10 -560
 7  2 D  -10 -543
 7  3 D  -10 -537
 7  4 D  -10 -526
 7  5 D  -10 -545
 7  6 D  -10 -553
 7  7 D  -10 -552
 7  8 D  -10 -544
 7  9 D  -10 -544
 7 10 D  -10 -544
 7 11 D  -10 -555
 7 12 D  -10 -549
 7 13 D  -10 -546
 7 14 D  -10 -547
 7 15 D  -10 -549
 7 16 D  -10 -557
 7 17 D  -10 -556
 7 18 D  -10 -557
 7 19 D  -10 -559
 7 20 D  -10 -556
 7 21 D  -10 -545
 7 22 D  -10 -540
 7 23 D  -10 -522
 7 24 D  -10 -524
 7 25 D  -10 -536
 7 26 D  -10 -534
 7 27 D  -10 -544
 7 28 D  -10 -549
 7 29 D  -10 -548
 7 30 D  -10 -534
 7 31 D  -10 -529
 7  1 H  285  485
 7  2 H  285  485
 7  3 H  285  482
 7  4 H  285  471
 7  5 H  285  443
 7  6 H  285  384
 7  7 H  285  430
 7  8 H  285  449
 7  9 H  285  458
 7 10 H  285  460
 7 11 H  285  463
 7 12 H  285  471
 7 13 H  285  469
 7 14 H  285  471
 7 15 H  285  471
 7 16 H  285  477
 7 17 H  285  483
 7 18 H  285  488
 7 19 H  285  497
 7 20 H  285  490
 7 21 H  285  492
 7 22 H  285  501
 7 23 H  285  464
 7 24 H  285  464
 7 25 H  285  465
 7 26 H  285  474
 7 27 H  285  477
 7 28 H  285  477
 7 29 H  285  479
 7 30 H  285  482
 7 31 H  285  484
 7  1 Z  240  552
 7  2 Z  240  558
 7  3 Z  240  551
 7  4 Z  240  551
 7  5 Z  240  561
 7  6 Z  240  575
 7  7 Z  240  560
 7  8 Z  240  565
 7  9 Z  240  557
 7 10 Z  240  559
 7 11 Z  240  555
 7 12 Z  240  555
 7 13 Z  240  556
 7 14 Z  240  556
 7 15 Z  240  554
 7 16 Z  240  553
 7 17 Z  240  552
 7 18 Z  240  549
 7 19 Z  240  544
 7 20 Z  240  547
 7 21 Z  240  548
 7 22 Z  240  548
 7 23 Z  240  554
 7 24 Z  240  558
 7 25 Z  240  555
 7 26 Z  240  552
 7 27 Z  240  551
 7 28 Z  240  554
 7 29 Z  240  550
 7 30 Z  240  552
 7 31 Z  240  551
 8  1 D  -10 -540
 8  2 D  -10 -536
 8  3 D  -10 -543
 8  4 D  -10 -555
 8  5 D  -10 -553
 8  6 D  -10 -539
 8  7 D  -10 -514
 8  8 D  -10 -508
 8  9 D  -10 -519
 8 10 D  -10 -524
 8 11 D  -10 -515
 8 12 D  -10 -521
 8 13 D  -10 -521
 8 14 D  -10 -521
 8 15 D  -10 -524
 8 16 D  -10 -516
 8 17 D  -10 -514
 8 18 D  -10 -521
 8 19 D  -10 -522
 8 20 D  -10 -527
 8 21 D  -10 -538
 8 22 D  -10 -538
 8 23 D  -10 -541
 8 24 D  -10 -534
 8 25 D  -10 -520
 8 26 D  -10 -514
 8 27 D  -10 -519
 8 28 D  -10 -514
 8 29 D  -10 -524
 8 30 D  -10 -530
 8 31 D  -10 -533
 8  1 H  285  488
 8  2 H  285  479
 8  3 H  285  468
 8  4 H  285  471
 8  5 H  285  483
 8  6 H  285  487
 8  7 H  285  485
 8  8 H  285  483
 8  9 H  285  483
 8 10 H  285  487
 8 11 H  285  482
 8 12 H  285  495
 8 13 H  285  495
 8 14 H  285  499
 8 15 H  285  505
 8 16 H  285  502
 8 17 H  285  500
 8 18 H  285  504
 8 19 H  285  474
 8 20 H  285  475
 8 21 H  285  468
 8 22 H  285  473
 8 23 H  285  475
 8 24 H  285  473
 8 25 H  285  476
 8 26 H  285  484
 8 27 H  285  482
 8 28 H  285  479
 8 29 H  285  481
 8 30 H  285  489
 8 31 H  285  493
 8  1 Z  240  551
 8  2 Z  240  553
 8  3 Z  240  556
 8  4 Z  240  553
 8  5 Z  240  553
 8  6 Z  240  549
 8  7 Z  240  552
 8  8 Z  240  552
 8  9 Z  240  547
 8 10 Z  240  550
 8 11 Z  240  549
 8 12 Z  240  547
 8 13 Z  240  544
 8 14 Z  240  541
 8 15 Z  240  542
 8 16 Z  240  542
 8 17 Z  240  542
 8 18 Z  240  534
 8 19 Z  240  542
 8 20 Z  240  547
 8 21 Z  240  548
 8 22 Z  240  547
 8 23 Z  240  549
 8 24 Z  240  545
 8 25 Z  240  549
 8 26 Z  240  545
 8 27 Z  240  545
 8 28 Z  240  546
 8 29 Z  240  546
 8 30 Z  240  548
 8 31 Z  240  545
 9  1 D  -10 -545
 9  2 D  -10 -543
 9  3 D  -10 -549
 9  4 D  -10 -549
 9  5 D  -10 -544
 9  6 D  -10 -538
 9  7 D  -10 -538
 9  8 D  -10 -534
 9  9 D  -10 -526
 9 10 D  -10 -514
 9 11 D  -10 -501
 9 12 D  -10 -499
 9 13 D  -10 -510
 9 14 D  -10 -516
 9 15 D  -10 -522
 9 16 D  -10 -534
 9 17 D  -10 -543
 9 18 D  -10 -559
 9 19 D  -10 -547
 9 20 D  -10 -544
 9 21 D  -10 -536
 9 22 D  -10 -542
 9 23 D  -10 -541
 9 24 D  -10 -540
 9 25 D  -10 -534
 9 26 D  -10 -542
 9 27 D  -10 -537
 9 28 D  -10 -527
 9 29 D  -10 -526
 9 30 D  -10 -527
 9  1 H  285  485
 9  2 H  285  482
 9  3 H  285  484
 9  4 H  285  491
 9  5 H  285  484
 9  6 H  285  486
 9  7 H  285  488
 9  8 H  285  495
 9  9 H  285  500
 9 10 H  285  497
 9 11 H  285  505
 9 12 H  285  501
 9 13 H  285  493
 9 14 H  285  492
 9 15 H  285  437
 9 16 H  285  422
 9 17 H  285  457
 9 18 H  285  468
 9 19 H  285  469
 9 20 H  285  469
 9 21 H  285  474
 9 22 H  285  468
 9 23 H  285  479
 9 24 H  285  489
 9 25 H  285  489
 9 26 H  285  479
 9 27 H  285  472
 9 28 H  285  489
 9 29 H  285  488
 9 30 H  285  485
 9  1 Z  240  544
 9  2 Z  240  547
 9  3 Z  240  543
 9  4 Z  240  541
 9  5 Z  240  545
 9  6 Z  240  543
 9  7 Z  240  542
 9  8 Z  240  541
 9  9 Z  240  538
 9 10 Z  240  540
 9 11 Z  240  538
 9 12 Z  240  537
 9 13 Z  240  540
 9 14 Z  240  539
 9 15 Z  240  548
 9 16 Z  240  555
 9 17 Z  240  547
 9 18 Z  240  543
 9 19 Z  240  546
 9 20 Z  240  545
 9 21 Z  240  544
 9 22 Z  240  545
 9 23 Z  240  543
 9 24 Z  240  539
 9 25 Z  240  538
 9 26 Z  240  537
 9 27 Z  240  542
 9 28 Z  240  538
 9 29 Z  240  538
 9 30 Z  240  539
10  1 D  -10 -536
10  2 D  -10 -533
10  3 D  -10 -537
10  4 D  -10 -538
10  5 D  -10 -535
10  6 D  -10 -522
10  7 D  -10  NaN
10  8 D  -10 -529
10  9 D  -10 -525
10 10 D  -10 -530
10 11 D  -10 -535
10 12 D  -10 -533
10 13 D  -10 -517
10 14 D  -10 -520
10 15 D  -10 -536
10 16 D  -10 -536
10 17 D  -10 -525
10 18 D  -10 -519
10 19 D  -10 -510
10 20 D  -10 -507
10 21 D  -10 -501
10 22 D  -10 -505
10 23 D  -10 -510
10 24 D  -10 -511
10 25 D  -10 -521
10 26 D  -10 -524
10 27 D  -10 -530
10 28 D  -10 -540
10 29 D  -10 -551
10 30 D  -10 -558
10 31 D  -10 -569
10  1 H  285  482
10  2 H  285  486
10  3 H  285  486
10  4 H  285  494
10  5 H  285  499
10  6 H  285  493
10  7 H  285  NaN
10  8 H  285  498
10  9 H  285  477
10 10 H  285  492
10 11 H  285  495
10 12 H  285  507
10 13 H  285  412
10 14 H  285  464
10 15 H  285  466
10 16 H  285  452
10 17 H  285  451
10 18 H  285  462
10 19 H  285  469
10 20 H  285  463
10 21 H  285  480
10 22 H  285  487
10 23 H  285  491
10 24 H  285  491
10 25 H  285  487
10 26 H  285  485
10 27 H  285  489
10 28 H  285  491
10 29 H  285  486
10 30 H  285  497
10 31 H  285  497
10  1 Z  240  538
10  2 Z  240  537
10  3 Z  240  538
10  4 Z  240  537
10  5 Z  240  536
10  6 Z  240  537
10  7 Z  240  NaN
10  8 Z  240  533
10  9 Z  240  542
10 10 Z  240  538
10 11 Z  240  539
10 12 Z  240  533
10 13 Z  240  549
10 14 Z  240  540
10 15 Z  240  542
10 16 Z  240  539
10 17 Z  240  544
10 18 Z  240  543
10 19 Z  240  541
10 20 Z  240  539
10 21 Z  240  538
10 22 Z  240  537
10 23 Z  240  536
10 24 Z  240  533
10 25 Z  240  532
10 26 Z  240  535
10 27 Z  240  533
10 28 Z  240  534
10 29 Z  240  531
10 30 Z  240  532
10 31 Z  240  530
11  1 D  -10 -573
11  2 D  -10 -577
11  3 D  -10  NaN
11  4 D  -10  NaN
11  5 D  -10 -520
11  6 D  -10 -526
11  7 D  -10 -529
11  8 D  -10 -525
11  9 D  -10 -524
11 10 D  -10 -521
11 11 D  -10 -522
11 12 D  -10 -524
11 13 D  -10 -529
11 14 D  -10 -532
11 15 D  -10 -531
11 16 D  -10 -530
11 17 D  -10 -529
11 18 D  -10 -536
11 19 D  -10 -538
11 20 D  -10 -531
11 21 D  -10 -537
11 22 D  -10 -529
11 23 D  -10 -533
11 24 D  -10 -527
11 25 D  -10 -527
11 26 D  -10 -529
11 27 D  -10 -523
11 28 D  -10 -519
11 29 D  -10 -524
11 30 D  -10 -529
11  1 H  285  500
11  2 H  285  507
11  3 H  285  NaN
11  4 H  285  NaN
11  5 H  285  507
11  6 H  285  499
11  7 H  285  504
11  8 H  285  491
11  9 H  285  448
11 10 H  285  473
11 11 H  285  460
11 12 H  285  445
11 13 H  285  454
11 14 H  285  460
11 15 H  285  480
11 16 H  285  476
11 17 H  285  467
11 18 H  285  479
11 19 H  285  505
11 20 H  285  495
11 21 H  285  485
11 22 H  285  487
11 23 H  285  492
11 24 H  285  487
11 25 H  285  491
11 26 H  285  491
11 27 H  285  497
11 28 H  285  500
11 29 H  285  507
11 30 H  285  510
11  1 Z  240  530
11  2 Z  240  528
11  3 Z  240  NaN
11  4 Z  240  NaN
11  5 Z  240  527
11  6 Z  240  526
11  7 Z  240  524
11  8 Z  240  529
11  9 Z  240  536
11 10 Z  240  531
11 11 Z  240  532
11 12 Z  240  538
11 13 Z  240  534
11 14 Z  240  534
11 15 Z  240  531
11 16 Z  240  530
11 17 Z  240  529
11 18 Z  240  529
11 19 Z  240  524
11 20 Z  240  526
11 21 Z  240  526
11 22 Z  240  529
11 23 Z  240  529
11 24 Z  240  531
11 25 Z  240  530
11 26 Z  240  528
11 27 Z  240  530
11 28 Z  240  529
11 29 Z  240  527
11 30 Z  240  525
12  1 D  -10 -533
12  2 D  -10 -536
12  3 D  -10 -529
12  4 D  -10 -526
12  5 D  -10 -524
12  6 D  -10 -526
12  7 D  -10 -523
12  8 D  -10 -523
12  9 D  -10 -523
12 10 D  -10 -524
12 11 D  -10 -525
12 12 D  -10 -525
12 13 D  -10 -520
12 14 D  -10 -525
12 15 D  -10 -522
12 16 D  -10 -519
12 17 D  -10 -524
12 18 D  -10 -528
12 19 D  -10 -524
12 20 D  -10 -524
12 21 D  -10 -524
12 22 D  -10 -529
12 23 D  -10 -528
12 24 D  -10 -527
12 25 D  -10 -528
12 26 D  -10 -523
12 27 D  -10 -527
12 28 D  -10 -525
12 29 D  -10 -524
12 30 D  -10 -523
12 31 D  -10 -520
12  1 H  285  506
12  2 H  285  495
12  3 H  285  496
12  4 H  285  498
12  5 H  285  502
12  6 H  285  510
12  7 H  285  509
12  8 H  285  503
12  9 H  285  479
12 10 H  285  486
12 11 H  285  486
12 12 H  285  492
12 13 H  285  496
12 14 H  285  493
12 15 H  285  493
12 16 H  285  500
12 17 H  285  503
12 18 H  285  486
12 19 H  285  488
12 20 H  285  487
12 21 H  285  494
12 22 H  285  498
12 23 H  285  492
12 24 H  285  495
12 25 H  285  494
12 26 H  285  491
12 27 H  285  492
12 28 H  285  501
12 29 H  285  504
12 30 H  285  509
12 31 H  285  501
12  1 Z  240  526
12  2 Z  240  530
12  3 Z  240  529
12  4 Z  240  529
12  5 Z  240  527
12  6 Z  240  525
12  7 Z  240  524
12  8 Z  240  526
12  9 Z  240  531
12 10 Z  240  530
12 11 Z  240  529
12 12 Z  240  529
12 13 Z  240  528
12 14 Z  240  528
12 15 Z  240  527
12 16 Z  240  527
12 17 Z  240  524
12 18 Z  240  529
12 19 Z  240  528
12 20 Z  240  528
12 21 Z  240  527
12 22 Z  240  527
12 23 Z  240  526
12 24 Z  240  523
12 25 Z  240  528
12 26 Z  240  526
12 27 Z  240  527
12 28 Z  240  525
12 29 Z  240  524
12 30 Z  240  523
12 31 Z  240  521
