 1  1 D  -11 -276
 1  2 D  -11 -275
 1  3 D  -11 -278
 1  4 D  -11 -268
 1  5 D  -11 -268
 1  6 D  -11 -268
 1  7 D  -11 -267
 1  8 D  -11 -269
 1  9 D  -11 -267
 1 10 D  -11 -268
 1 11 D  -11 -270
 1 12 D  -11 -268
 1 13 D  -11 -273
 1 14 D  -11 -268
 1 15 D  -11 -265
 1 16 D  -11 -269
 1 17 D  -11 -269
 1 18 D  -11 -266
 1 19 D  -11 -268
 1 20 D  -11 -274
 1 21 D  -11 -267
 1 22 D  -11 -264
 1 23 D  -11 -268
 1 24 D  -11 -266
 1 25 D  -11 -268
 1 26 D  -11 -268
 1 27 D  -11 -267
 1 28 D  -11 -269
 1 29 D  -11 -263
 1 30 D  -11 -273
 1 31 D  -11 -263
 1  1 H  280  791
 1  2 H  280  773
 1  3 H  280  776
 1  4 H  280  783
 1  5 H  280  788
 1  6 H  280  780
 1  7 H  280  787
 1  8 H  280  792
 1  9 H  280  786
 1 10 H  280  793
 1 11 H  280  795
 1 12 H  280  794
 1 13 H  280  795
 1 14 H  280  796
 1 15 H  280  795
 1 16 H  280  761
 1 17 H  280  768
 1 18 H  280  782
 1 19 H  280  791
 1 20 H  280  790
 1 21 H  280  795
 1 22 H  280  796
 1 23 H  280  797
 1 24 H  280  794
 1 25 H  280  798
 1 26 H  280  806
 1 27 H  280  800
 1 28 H  280  809
 1 29 H  280  807
 1 30 H  280  810
 1 31 H  280  801
 1  1 Z  250  112
 1  2 Z  250  114
 1  3 Z  250  114
 1  4 Z  250  113
 1  5 Z  250  108
 1  6 Z  250  113
 1  7 Z  250  112
 1  8 Z  250  109
 1  9 Z  250  112
 1 10 Z  250  111
 1 11 Z  250  111
 1 12 Z  250  109
 1 13 Z  250  110
 1 14 Z  250  107
 1 15 Z  250  109
 1 16 Z  250  116
 1 17 Z  250  114
 1 18 Z  250  108
 1 19 Z  250  107
 1 20 Z  250  110
 1 21 Z  250  108
 1 22 Z  250  111
 1 23 Z  250  107
 1 24 Z  250  108
 1 25 Z  250  105
 1 26 Z  250  109
 1 27 Z  250  107
 1 28 Z  250  106
 1 29 Z  250  105
 1 30 Z  250  108
 1 31 Z  250  105
 2  1 D  -11 -270
 2  2 D  -11 -268
 2  3 D  -11 -268
 2  4 D  -11 -265
 2  5 D  -11 -264
 2  6 D  -11 -264
 2  7 D  -11 -269
 2  8 D  -11 -271
 2  9 D  -11 -271
 2 10 D  -11 -274
 2 11 D  -11 -271
 2 12 D  -11 -268
 2 13 D  -11 -263
 2 14 D  -11 -266
 2 15 D  -11 -267
 2 16 D  -11 -267
 2 17 D  -11 -267
 2 18 D  -11 -266
 2 19 D  -11 -270
 2 20 D  -11 -270
 2 21 D  -11 -268
 2 22 D  -11 -266
 2 23 D  -11 -266
 2 24 D  -11 -272
 2 25 D  -11 -269
 2 26 D  -11 -265
 2 27 D  -11 -266
 2 28 D  -11 -259
 2  1 H  280  801
 2  2 H  280  791
 2  3 H  280  791
 2  4 H  280  790
 2  5 H  280  796
 2  6 H  280  798
 2  7 H  280  795
 2  8 H  280  793
 2  9 H  280  799
 2 10 H  280  798
 2 11 H  280  797
 2 12 H  280  806
 2 13 H  280  809
 2 14 H  280  795
 2 15 H  280  797
 2 16 H  280  805
 2 17 H  280  798
 2 18 H  280  799
 2 19 H  280  804
 2 20 H  280  808
 2 21 H  280  812
 2 22 H  280  809
 2 23 H  280  819
 2 24 H  280  818
 2 25 H  280  814
 2 26 H  280  797
 2 27 H  280  792
 2 28 H  280  790
 2  1 Z  250  107
 2  2 Z  250  113
 2  3 Z  250  113
 2  4 Z  250  110
 2  5 Z  250  112
 2  6 Z  250  110
 2  7 Z  250  108
 2  8 Z  250  111
 2  9 Z  250  109
 2 10 Z  250  107
 2 11 Z  250  107
 2 12 Z  250  106
 2 13 Z  250  105
 2 14 Z  250  104
 2 15 Z  250  110
 2 16 Z  250  109
 2 17 Z  250  106
 2 18 Z  250  108
 2 19 Z  250  111
 2 20 Z  250  106
 2 21 Z  250  104
 2 22 Z  250  104
 2 23 Z  250  103
 2 24 Z  250   98
 2 25 Z  250  102
 2 26 Z  250  109
 2 27 Z  250  106
 2 28 Z  250  109
 3  1 D  -11 -262
 3  2 D  -11 -262
 3  3 D  -11 -268
 3  4 D  -11 -270
 3  5 D  -11 -266
 3  6 D  -11 -258
 3  7 D  -11 -265
 3  8 D  -11 -273
 3  9 D  -11 -265
 3 10 D  -11 -269
 3 11 D  -11 -269
 3 12 D  -11 -269
 3 13 D  -11 -266
 3 14 D  -11 -266
 3 15 D  -11 -268
 3 16 D  -11 -263
 3 17 D  -11 -264
 3 18 D  -11 -260
 3 19 D  -11 -263
 3 20 D  -11 -260
 3 21 D  -11 -263
 3 22 D  -11 -263
 3 23 D  -11 -262
 3 24 D  -11 -264
 3 25 D  -11 -260
 3 26 D  -11 -262
 3 27 D  -11 -263
 3 28 D  -11 -260
 3 29 D  -11 -256
 3 30 D  -11 -258
 3 31 D  -11 -258
 3  1 H  280  772
 3  2 H  280  784
 3  3 H  280  794
 3  4 H  280  786
 3  5 H  280  797
 3  6 H  280  782
 3  7 H  280  772
 3  8 H  280  714
 3  9 H  280  679
 3 10 H  280  751
 3 11 H  280  775
 3 12 H  280  779
 3 13 H  280  780
 3 14 H  280  784
 3 15 H  280  786
 3 16 H  280  794
 3 17 H  280  800
 3 18 H  280  793
 3 19 H  280  796
 3 20 H  280  798
 3 21 H  280  810
 3 22 H  280  812
 3 23 H  280  807
 3 24 H  280  816
 3 25 H  280  811
 3 26 H  280  817
 3 27 H  280  815
 3 28 H  280  786
 3 29 H  280  781
 3 30 H  280  794
 3 31 H  280  793
 3  1 Z  250  110
 3  2 Z  250  105
 3  3 Z  250  107
 3  4 Z  250  106
 3  5 Z  250  107
 3  6 Z  250  110
 3  7 Z  250  114
 3  8 Z  250  119
 3  9 Z  250  126
 3 10 Z  250  115
 3 11 Z  250  117
 3 12 Z  250  112
 3 13 Z  250  110
 3 14 Z  250  106
 3 15 Z  250  106
 3 16 Z  250  106
 3 17 Z  250  104
 3 18 Z  250  104
 3 19 Z  250  102
 3 20 Z  250  104
 3 21 Z  250  103
 3 22 Z  250  101
 3 23 Z  250  101
 3 24 Z  250   99
 3 25 Z  250   95
 3 26 Z  250   99
 3 27 Z  250   95
 3 28 Z  250  101
 3 29 Z  250  105
 3 30 Z  250  101
 3 31 Z  250  105
 4  1 D  -11 -260
 4  2 D  -11 -260
 4  3 D  -11 -256
 4  4 D  -11 -262
 4  5 D  -11 -257
 4  6 D  -11 -261
 4  7 D  -11 -263
 4  8 D  -11 -256
 4  9 D  -11 -262
 4 10 D  -11 -256
 4 11 D  -11 -253
 4 12 D  -11 -254
 4 13 D  -11 -257
 4 14 D  -11 -257
 4 15 D  -11 -254
 4 16 D  -11 -244
 4 17 D  -11 -247
 4 18 D  -11 -255
 4 19 D  -11 -249
 4 20 D  -11 -256
 4 21 D  -11 -255
 4 22 D  -11 -237
 4 23 D  -11 -248
 4 24 D  -11 -252
 4 25 D  -11 -242
 4 26 D  -11 -243
 4 27 D  -11 -245
 4 28 D  -11 -242
 4 29 D  -11 -247
 4 30 D  -11 -245
 4  1 H  280  789
 4  2 H  280  796
 4  3 H  280  802
 4  4 H  280  811
 4  5 H  280  819
 4  6 H  280  799
 4  7 H  280  810
 4  8 H  280  811
 4  9 H  280  814
 4 10 H  280  813
 4 11 H  280  815
 4 12 H  280  818
 4 13 H  280  823
 4 14 H  280  822
 4 15 H  280  820
 4 16 H  280  801
 4 17 H  280  784
 4 18 H  280  806
 4 19 H  280  796
 4 20 H  280  799
 4 21 H  280  746
 4 22 H  280  760
 4 23 H  280  775
 4 24 H  280  779
 4 25 H  280  793
 4 26 H  280  796
 4 27 H  280  803
 4 28 H  280  809
 4 29 H  280  811
 4 30 H  280  809
 4  1 Z  250  105
 4  2 Z  250  103
 4  3 Z  250  102
 4  4 Z  250   99
 4  5 Z  250   95
 4  6 Z  250   99
 4  7 Z  250   97
 4  8 Z  250  103
 4  9 Z  250  101
 4 10 Z  250  102
 4 11 Z  250  100
 4 12 Z  250   97
 4 13 Z  250   95
 4 14 Z  250   93
 4 15 Z  250   95
 4 16 Z  250   97
 4 17 Z  250  100
 4 18 Z  250   98
 4 19 Z  250  104
 4 20 Z  250   97
 4 21 Z  250  110
 4 22 Z  250  110
 4 23 Z  250  103
 4 24 Z  250  104
 4 25 Z  250  101
 4 26 Z  250  102
 4 27 Z  250  101
 4 28 Z  250   93
 4 29 Z  250   97
 4 30 Z  250  103
 5  1 D  -11 -247
 5  2 D  -11 -248
 5  3 D  -11 -247
 5  4 D  -11 -248
 5  5 D  -11 -250
 5  6 D  -11 -242
 5  7 D  -11 -248
 5  8 D  -11 -245
 5  9 D  -11 -248
 5 10 D  -11 -252
 5 11 D  -11 -245
 5 12 D  -11 -250
 5 13 D  -11 -244
 5 14 D  -11 -252
 5 15 D  -11 -242
 5 16 D  -11 -255
 5 17 D  -11 -245
 5 18 D  -11 -240
 5 19 D  -11 -245
 5 20 D  -11 -245
 5 21 D  -11 -242
 5 22 D  -11 -240
 5 23 D  -11 -242
 5 24 D  -11 -236
 5 25 D  -11 -241
 5 26 D  -11 -235
 5 27 D  -11 -235
 5 28 D  -11 -239
 5 29 D  -11 -236
 5 30 D  -11 -240
 5 31 D  -11 -236
 5  1 H  280  803
 5  2 H  280  813
 5  3 H  280  821
 5  4 H  280  816
 5  5 H  280  813
 5  6 H  280  808
 5  7 H  280  829
 5  8 H  280  824
 5  9 H  280  819
 5 10 H  280  821
 5 11 H  280  838
 5 12 H  280  824
 5 13 H  280  819
 5 14 H  280  817
 5 15 H  280  817
 5 16 H  280  824
 5 17 H  280  824
 5 18 H  280  821
 5 19 H  280  830
 5 20 H  280  814
 5 21 H  280  810
 5 22 H  280  819
 5 23 H  280  821
 5 24 H  280  814
 5 25 H  280  815
 5 26 H  280  825
 5 27 H  280  824
 5 28 H  280  788
 5 29 H  280  792
 5 30 H  280  811
 5 31 H  280  814
 5  1 Z  250  105
 5  2 Z  250  102
 5  3 Z  250   99
 5  4 Z  250   97
 5  5 Z  250   94
 5  6 Z  250   98
 5  7 Z  250   93
 5  8 Z  250   93
 5  9 Z  250   95
 5 10 Z  250   95
 5 11 Z  250   90
 5 12 Z  250   96
 5 13 Z  250   96
 5 14 Z  250   96
 5 15 Z  250  101
 5 16 Z  250  101
 5 17 Z  250   89
 5 18 Z  250   89
 5 19 Z  250   88
 5 20 Z  250   92
 5 21 Z  250   91
 5 22 Z  250   93
 5 23 Z  250   91
 5 24 Z  250   91
 5 25 Z  250   87
 5 26 Z  250   89
 5 27 Z  250   89
 5 28 Z  250   96
 5 29 Z  250   99
 5 30 Z  250  101
 5 31 Z  250   94
 6  1 D  -11 -233
 6  2 D  -11 -234
 6  3 D  -11 -239
 6  4 D  -11 -239
 6  5 D  -11 -240
 6  6 D  -11 -241
 6  7 D  -11 -236
 6  8 D  -11 -233
 6  9 D  -11 -229
 6 10 D  -11 -235
 6 11 D  -11 -236
 6 12 D  -11 -242
 6 13 D  -11 -235
 6 14 D  -11 -240
 6 15 D  -11 -234
 6 16 D  -11 -234
 6 17 D  -11 -235
 6 18 D  -11 -241
 6 19 D  -11 -230
 6 20 D  -11 -230
 6 21 D  -11  NaN
 6 22 D  -11 -233
 6 23 D  -11 -241
 6 24 D  -11 -231
 6 25 D  -11 -231
 6 26 D  -11 -239
 6 27 D  -11 -237
 6 28 D  -11 -238
 6 29 D  -11 -239
 6 30 D  -11 -230
 6  1 H  280  811
 6  2 H  280  819
 6  3 H  280  808
 6  4 H  280  813
 6  5 H  280  816
 6  6 H  280  825
 6  7 H  280  831
 6  8 H  280  815
 6  9 H  280  819
 6 10 H  280  813
 6 11 H  280  826
 6 12 H  280  828
 6 13 H  280  824
 6 14 H  280  823
 6 15 H  280  811
 6 16 H  280  818
 6 17 H  280  828
 6 18 H  280  805
 6 19 H  280  800
 6 20 H  280  791
 6 21 H  280  NaN
 6 22 H  280  819
 6 23 H  280  822
 6 24 H  280  836
 6 25 H  280  826
 6 26 H  280  823
 6 27 H  280  810
 6 28 H  280  809
 6 29 H  280  812
 6 30 H  280  818
 6  1 Z  250   99
 6  2 Z  250   96
 6  3 Z  250   95
 6  4 Z  250   92
 6  5 Z  250   92
 6  6 Z  250   89
 6  7 Z  250   87
 6  8 Z  250   92
 6  9 Z  250   91
 6 10 Z  250   93
 6 11 Z  250   91
 6 12 Z  250   91
 6 13 Z  250   91
 6 14 Z  250   90
 6 15 Z  250   93
 6 16 Z  250   88
 6 17 Z  250   89
 6 18 Z  250   89
 6 19 Z  250   88
 6 20 Z  250   95
 6 21 Z  250  NaN
 6 22 Z  250   88
 6 23 Z  250   89
 6 24 Z  250   87
 6 25 Z  250   90
 6 26 Z  250   90
 6 27 Z  250   96
 6 28 Z  250   91
 6 29 Z  250   91
 6 30 Z  250   88
 7  1 D  -11 -235
 7  2 D  -11 -233
 7  3 D  -11 -232
 7  4 D  -11 -229
 7  5 D  -11 -230
 7  6 D  -11 -235
 7  7 D  -11 -236
 7  8 D  -11 -228
 7  9 D  -11 -219
 7 10 D  -11 -227
 7 11 D  -11 -231
 7 12 D  -11 -230
 7 13 D  -11 -232
 7 14 D  -11 -230
 7 15 D  -11 -229
 7 16 D  -11 -225
 7 17 D  -11 -234
 7 18 D  -11 -229
 7 19 D  -11 -223
 7 20 D  -11 -226
 7 21 D  -11 -223
 7 22 D  -11 -223
 7 23 D  -11 -227
 7 24 D  -11 -229
 7 25 D  -11 -219
 7 26 D  -11 -220
 7 27 D  -11 -226
 7 28 D  -11 -226
 7 29 D  -11 -240
 7 30 D  -11 -223
 7 31 D  -11 -232
 7  1 H  280  822
 7  2 H  280  824
 7  3 H  280  819
 7  4 H  280  801
 7  5 H  280  818
 7  6 H  280  821
 7  7 H  280  825
 7  8 H  280  812
 7  9 H  280  801
 7 10 H  280  801
 7 11 H  280  809
 7 12 H  280  815
 7 13 H  280  820
 7 14 H  280  826
 7 15 H  280  825
 7 16 H  280  829
 7 17 H  280  832
 7 18 H  280  827
 7 19 H  280  829
 7 20 H  280  831
 7 21 H  280  820
 7 22 H  280  819
 7 23 H  280  830
 7 24 H  280  820
 7 25 H  280  780
 7 26 H  280  801
 7 27 H  280  810
 7 28 H  280  818
 7 29 H  280  785
 7 30 H  280  813
 7 31 H  280  811
 7  1 Z  250   85
 7  2 Z  250   91
 7  3 Z  250   92
 7  4 Z  250   94
 7  5 Z  250   90
 7  6 Z  250   87
 7  7 Z  250   84
 7  8 Z  250   87
 7  9 Z  250   90
 7 10 Z  250   91
 7 11 Z  250   93
 7 12 Z  250   88
 7 13 Z  250   93
 7 14 Z  250   89
 7 15 Z  250   91
 7 16 Z  250   85
 7 17 Z  250   83
 7 18 Z  250   88
 7 19 Z  250   84
 7 20 Z  250   86
 7 21 Z  250   88
 7 22 Z  250   88
 7 23 Z  250   86
 7 24 Z  250   84
 7 25 Z  250   94
 7 26 Z  250   89
 7 27 Z  250   87
 7 28 Z  250   86
 7 29 Z  250   95
 7 30 Z  250   86
 7 31 Z  250   87
 8  1 D  -11 -221
 8  2 D  -11 -232
 8  3 D  -11 -221
 8  4 D  -11 -228
 8  5 D  -11 -233
 8  6 D  -11 -231
 8  7 D  -11 -222
 8  8 D  -11 -225
 8  9 D  -11 -221
 8 10 D  -11 -226
 8 11 D  -11 -217
 8 12 D  -11 -221
 8 13 D  -11 -224
 8 14 D  -11 -223
 8 15 D  -11 -223
 8 16 D  -11 -227
 8 17 D  -11 -225
 8 18 D  -11 -225
 8 19 D  -11 -227
 8 20 D  -11 -224
 8 21 D  -11 -223
 8 22 D  -11 -225
 8 23 D  -11 -223
 8 24 D  -11 -217
 8 25 D  -11 -228
 8 26 D  -11 -227
 8 27 D  -11 -225
 8 28 D  -11 -222
 8 29 D  -11 -231
 8 30 D  -11 -221
 8 31 D  -11 -223
 8  1 H  280  821
 8  2 H  280  832
 8  3 H  280  832
 8  4 H  280  830
 8  5 H  280  828
 8  6 H  280  843
 8  7 H  280  837
 8  8 H  280  810
 8  9 H  280  809
 8 10 H  280  822
 8 11 H  280  822
 8 12 H  280  825
 8 13 H  280  821
 8 14 H  280  827
 8 15 H  280  829
 8 16 H  280  836
 8 17 H  280  754
 8 18 H  280  767
 8 19 H  280  802
 8 20 H  280  810
 8 21 H  280  819
 8 22 H  280  824
 8 23 H  280  820
 8 24 H  280  830
 8 25 H  280  817
 8 26 H  280  810
 8 27 H  280  812
 8 28 H  280  820
 8 29 H  280  821
 8 30 H  280  833
 8 31 H  280  827
 8  1 Z  250   73
 8  2 Z  250   75
 8  3 Z  250   74
 8  4 Z  250   75
 8  5 Z  250   72
 8  6 Z  250   71
 8  7 Z  250   72
 8  8 Z  250   77
 8  9 Z  250   78
 8 10 Z  250   78
 8 11 Z  250   73
 8 12 Z  250   73
 8 13 Z  250   70
 8 14 Z  250   75
 8 15 Z  250   67
 8 16 Z  250   71
 8 17 Z  250   92
 8 18 Z  250   88
 8 19 Z  250   81
 8 20 Z  250   77
 8 21 Z  250   71
 8 22 Z  250   74
 8 23 Z  250   73
 8 24 Z  250   71
 8 25 Z  250   74
 8 26 Z  250   78
 8 27 Z  250   75
 8 28 Z  250   70
 8 29 Z  250   72
 8 30 Z  250   70
 8 31 Z  250   72
 9  1 D  -11 -231
 9  2 D  -11 -223
 9  3 D  -11 -230
 9  4 D  -11 -218
 9  5 D  -11 -221
 9  6 D  -11 -225
 9  7 D  -11 -224
 9  8 D  -11 -226
 9  9 D  -11 -221
 9 10 D  -11 -215
 9 11 D  -11 -222
 9 12 D  -11 -224
 9 13 D  -11 -227
 9 14 D  -11 -217
 9 15 D  -11 -222
 9 16 D  -11 -223
 9 17 D  -11 -221
 9 18 D  -11 -223
 9 19 D  -11 -222
 9 20 D  -11 -219
 9 21 D  -11 -221
 9 22 D  -11 -213
 9 23 D  -11 -218
 9 24 D  -11 -217
 9 25 D  -11 -215
 9 26 D  -11 -215
 9 27 D  -11 -210
 9 28 D  -11 -217
 9 29 D  -11 -217
 9 30 D  -11 -221
 9  1 H  280  818
 9  2 H  280  819
 9  3 H  280  817
 9  4 H  280  827
 9  5 H  280  829
 9  6 H  280  834
 9  7 H  280  836
 9  8 H  280  833
 9  9 H  280  830
 9 10 H  280  826
 9 11 H  280  838
 9 12 H  280  840
 9 13 H  280  820
 9 14 H  280  810
 9 15 H  280  811
 9 16 H  280  824
 9 17 H  280  824
 9 18 H  280  824
 9 19 H  280  818
 9 20 H  280  823
 9 21 H  280  824
 9 22 H  280  829
 9 23 H  280  828
 9 24 H  280  833
 9 25 H  280  835
 9 26 H  280  845
 9 27 H  280  821
 9 28 H  280  827
 9 29 H  280  843
 9 30 H  280  848
 9  1 Z  250   81
 9  2 Z  250   82
 9  3 Z  250   83
 9  4 Z  250   82
 9  5 Z  250   81
 9  6 Z  250   79
 9  7 Z  250   80
 9  8 Z  250   79
 9  9 Z  250   80
 9 10 Z  250   79
 9 11 Z  250   76
 9 12 Z  250   77
 9 13 Z  250   80
 9 14 Z  250   81
 9 15 Z  250   78
 9 16 Z  250   78
 9 17 Z  250   76
 9 18 Z  250   76
 9 19 Z  250   78
 9 20 Z  250   78
 9 21 Z  250   79
 9 22 Z  250   77
 9 23 Z  250   74
 9 24 Z  250   71
 9 25 Z  250   74
 9 26 Z  250   71
 9 27 Z  250   76
 9 28 Z  250   71
 9 29 Z  250   72
 9 30 Z  250   69
10  1 D  -11 -224
10  2 D  -11 -218
10  3 D  -11 -217
10  4 D  -11 -211
10  5 D  -11 -217
10  6 D  -11 -215
10  7 D  -11 -213
10  8 D  -11 -215
10  9 D  -11 -213
10 10 D  -11 -215
10 11 D  -11 -211
10 12 D  -11 -212
10 13 D  -11 -215
10 14 D  -11 -216
10 15 D  -11 -214
10 16 D  -11 -220
10 17 D  -11 -222
10 18 D  -11 -204
10 19 D  -11 -219
10 20 D  -11 -216
10 21 D  -11 -216
10 22 D  -11 -221
10 23 D  -11 -218
10 24 D  -11 -218
10 25 D  -11 -218
10 26 D  -11 -219
10 27 D  -11 -218
10 28 D  -11 -213
10 29 D  -11 -216
10 30 D  -11 -213
10 31 D  -11 -216
10  1 H  280  835
10  2 H  280  837
10  3 H  280  839
10  4 H  280  828
10  5 H  280  834
10  6 H  280  839
10  7 H  280  840
10  8 H  280  838
10  9 H  280  844
10 10 H  280  833
10 11 H  280  811
10 12 H  280  824
10 13 H  280  830
10 14 H  280  826
10 15 H  280  834
10 16 H  280  804
10 17 H  280  769
10 18 H  280  781
10 19 H  280  817
10 20 H  280  822
10 21 H  280  833
10 22 H  280  802
10 23 H  280  791
10 24 H  280  811
10 25 H  280  835
10 26 H  280  835
10 27 H  280  843
10 28 H  280  835
10 29 H  280  830
10 30 H  280  833
10 31 H  280  839
10  1 Z  250   72
10  2 Z  250   71
10  3 Z  250   71
10  4 Z  250   73
10  5 Z  250   71
10  6 Z  250   73
10  7 Z  250   69
10  8 Z  250   68
10  9 Z  250   64
10 10 Z  250   62
10 11 Z  250   72
10 12 Z  250   71
10 13 Z  250   70
10 14 Z  250   71
10 15 Z  250   69
10 16 Z  250   75
10 17 Z  250   84
10 18 Z  250   78
10 19 Z  250   76
10 20 Z  250   78
10 21 Z  250   73
10 22 Z  250   75
10 23 Z  250   78
10 24 Z  250   75
10 25 Z  250   71
10 26 Z  250   69
10 27 Z  250   66
10 28 Z  250   72
10 29 Z  250   69
10 30 Z  250   68
10 31 Z  250   63
11  1 D  -11 -217
11  2 D  -11 -221
11  3 D  -11 -214
11  4 D  -11 -212
11  5 D  -11 -210
11  6 D  -11 -215
11  7 D  -11 -212
11  8 D  -11 -209
11  9 D  -11 -213
11 10 D  -11 -212
11 11 D  -11 -211
11 12 D  -11 -214
11 13 D  -11 -214
11 14 D  -11 -215
11 15 D  -11 -214
11 16 D  -11 -215
11 17 D  -11 -214
11 18 D  -11 -215
11 19 D  -11 -208
11 20 D  -11 -212
11 21 D  -11 -212
11 22 D  -11 -214
11 23 D  -11 -217
11 24 D  -11 -219
11 25 D  -11 -212
11 26 D  -11 -213
11 27 D  -11 -214
11 28 D  -11 -212
11 29 D  -11 -215
11 30 D  -11 -214
11  1 H  280  837
11  2 H  280  839
11  3 H  280  825
11  4 H  280  825
11  5 H  280  832
11  6 H  280  820
11  7 H  280  792
11  8 H  280  799
11  9 H  280  814
11 10 H  280  813
11 11 H  280  811
11 12 H  280  820
11 13 H  280  817
11 14 H  280  825
11 15 H  280  837
11 16 H  280  845
11 17 H  280  847
11 18 H  280  839
11 19 H  280  802
11 20 H  280  832
11 21 H  280  802
11 22 H  280  793
11 23 H  280  798
11 24 H  280  825
11 25 H  280  834
11 26 H  280  833
11 27 H  280  835
11 28 H  280  837
11 29 H  280  844
11 30 H  280  845
11  1 Z  250   59
11  2 Z  250   59
11  3 Z  250   63
11  4 Z  250   62
11  5 Z  250   60
11  6 Z  250   65
11  7 Z  250   70
11  8 Z  250   67
11  9 Z  250   62
11 10 Z  250   63
11 11 Z  250   63
11 12 Z  250   64
11 13 Z  250   63
11 14 Z  250   64
11 15 Z  250   57
11 16 Z  250   57
11 17 Z  250   55
11 18 Z  250   53
11 19 Z  250   65
11 20 Z  250   61
11 21 Z  250   67
11 22 Z  250   70
11 23 Z  250   69
11 24 Z  250   63
11 25 Z  250   62
11 26 Z  250   61
11 27 Z  250   63
11 28 Z  250   59
11 29 Z  250   58
11 30 Z  250   55
12  1 D  -11 -214
12  2 D  -11 -216
12  3 D  -11 -212
12  4 D  -11 -212
12  5 D  -11  NaN
12  6 D  -11  NaN
12  7 D  -11  NaN
12  8 D  -11 -207
12  9 D  -11 -213
12 10 D  -11  NaN
12 11 D  -11 -210
12 12 D  -11 -210
12 13 D  -11 -206
12 14 D  -11 -203
12 15 D  -11 -211
12 16 D  -11 -210
12 17 D  -11 -206
12 18 D  -11 -206
12 19 D  -11 -210
12 20 D  -11 -210
12 21 D  -11 -206
12 22 D  -11 -207
12 23 D  -11 -208
12 24 D  -11 -203
12 25 D  -11 -209
12 26 D  -11 -207
12 27 D  -11 -210
12 28 D  -11 -207
12 29 D  -11 -208
12 30 D  -11 -207
12 31 D  -11  NaN
12  1 H  280  850
12  2 H  280  851
12  3 H  280  844
12  4 H  280  841
12  5 H  280  NaN
12  6 H  280  NaN
12  7 H  280  NaN
12  8 H  280  816
12  9 H  280  828
12 10 H  280  NaN
12 11 H  280  837
12 12 H  280  841
12 13 H  280  842
12 14 H  280  779
12 15 H  280  789
12 16 H  280  807
12 17 H  280  819
12 18 H  280  830
12 19 H  280  841
12 20 H  280  824
12 21 H  280  829
12 22 H  280  833
12 23 H  280  837
12 24 H  280  825
12 25 H  280  837
12 26 H  280  834
12 27 H  280  837
12 28 H  280  813
12 29 H  280  829
12 30 H  280  833
12 31 H  280  NaN
12  1 Z  250   54
12  2 Z  250   55
12  3 Z  250   57
12  4 Z  250   54
12  5 Z  250  NaN
12  6 Z  250  NaN
12  7 Z  250  NaN
12  8 Z  250   58
12  9 Z  250   56
12 10 Z  250  NaN
12 11 Z  250   56
12 12 Z  250   53
12 13 Z  250   54
12 14 Z  250   67
12 15 Z  250   65
12 16 Z  250   63
12 17 Z  250   62
12 18 Z  250   57
12 19 Z  250   55
12 20 Z  250   61
12 21 Z  250   59
12 22 Z  250   56
12 23 Z  250   54
12 24 Z  250   59
12 25 Z  250   58
12 26 Z  250   55
12 27 Z  250   57
12 28 Z  250   59
12 29 Z  250   57
12 30 Z  250   57
12 31 Z  250  NaN
