 1  1 D   -8 -396
 1  2 D   -8 -400
 1  3 D   -8 -396
 1  4 D   -8 -395
 1  5 D   -8 -388
 1  6 D   -8 -388
 1  7 D   -8 -385
 1  8 D   -8 -384
 1  9 D   -8 -377
 1 10 D   -8 -383
 1 11 D   -8 -383
 1 12 D   -8 -380
 1 13 D   -8 -384
 1 14 D   -8 -384
 1 15 D   -8 -384
 1 16 D   -8 -382
 1 17 D   -8  NaN
 1 18 D   -8  NaN
 1 19 D   -8 -384
 1 20 D   -8 -389
 1 21 D   -8 -383
 1 22 D   -8 -383
 1 23 D   -8 -380
 1 24 D   -8 -381
 1 25 D   -8 -380
 1 26 D   -8 -389
 1 27 D   -8 -386
 1 28 D   -8 -390
 1 29 D   -8 -381
 1 30 D   -8 -386
 1 31 D   -8 -380
 1  1 H  290  483
 1  2 H  290  498
 1  3 H  290  498
 1  4 H  290  517
 1  5 H  290  514
 1  6 H  290  517
 1  7 H  290  520
 1  8 H  290  514
 1  9 H  290  511
 1 10 H  290  505
 1 11 H  290  505
 1 12 H  290  513
 1 13 H  290  522
 1 14 H  290  529
 1 15 H  290  532
 1 16 H  290  528
 1 17 H  290  522
 1 18 H  290  527
 1 19 H  290  543
 1 20 H  290  526
 1 21 H  290  511
 1 22 H  290  511
 1 23 H  290  510
 1 24 H  290  499
 1 25 H  290  502
 1 26 H  290  514
 1 27 H  290  527
 1 28 H  290  544
 1 29 H  290  509
 1 30 H  290  502
 1 31 H  290  502
 1  1 Z  230  459
 1  2 Z  230  457
 1  3 Z  230  458
 1  4 Z  230  449
 1  5 Z  230  450
 1  6 Z  230  447
 1  7 Z  230  449
 1  8 Z  230  447
 1  9 Z  230  451
 1 10 Z  230  450
 1 11 Z  230  447
 1 12 Z  230  447
 1 13 Z  230  444
 1 14 Z  230  442
 1 15 Z  230  441
 1 16 Z  230  438
 1 17 Z  230  NaN
 1 18 Z  230  NaN
 1 19 Z  230  435
 1 20 Z  230  436
 1 21 Z  230  443
 1 22 Z  230  447
 1 23 Z  230  446
 1 24 Z  230  447
 1 25 Z  230  447
 1 26 Z  230  444
 1 27 Z  230  440
 1 28 Z  230  432
 1 29 Z  230  437
 1 30 Z  230  437
 1 31 Z  230  441
 2  1 D   -8 -388
 2  2 D   -8 -382
 2  3 D   -8 -388
 2  4 D   -8 -386
 2  5 D   -8 -386
 2  6 D   -8 -390
 2  7 D   -8 -391
 2  8 D   -8 -387
 2  9 D   -8 -388
 2 10 D   -8 -385
 2 11 D   -8 -388
 2 12 D   -8 -391
 2 13 D   -8 -389
 2 14 D   -8 -379
 2 15 D   -8 -372
 2 16 D   -8 -378
 2 17 D   -8 -381
 2 18 D   -8 -384
 2 19 D   -8 -382
 2 20 D   -8 -383
 2 21 D   -8 -384
 2 22 D   -8 -385
 2 23 D   -8 -383
 2 24 D   -8 -380
 2 25 D   -8 -383
 2 26 D   -8 -381
 2 27 D   -8 -377
 2 28 D   -8 -378
 2  1 H  290  504
 2  2 H  290  493
 2  3 H  290  507
 2  4 H  290  500
 2  5 H  290  492
 2  6 H  290  514
 2  7 H  290  489
 2  8 H  290  507
 2  9 H  290  525
 2 10 H  290  531
 2 11 H  290  533
 2 12 H  290  532
 2 13 H  290  556
 2 14 H  290  512
 2 15 H  290  496
 2 16 H  290  474
 2 17 H  290  476
 2 18 H  290  499
 2 19 H  290  492
 2 20 H  290  496
 2 21 H  290  511
 2 22 H  290  518
 2 23 H  290  515
 2 24 H  290  489
 2 25 H  290  490
 2 26 H  290  504
 2 27 H  290  506
 2 28 H  290  512
 2  1 Z  230  440
 2  2 Z  230  447
 2  3 Z  230  442
 2  4 Z  230  443
 2  5 Z  230  446
 2  6 Z  230  446
 2  7 Z  230  452
 2  8 Z  230  448
 2  9 Z  230  440
 2 10 Z  230  437
 2 11 Z  230  428
 2 12 Z  230  435
 2 13 Z  230  433
 2 14 Z  230  444
 2 15 Z  230  445
 2 16 Z  230  449
 2 17 Z  230  444
 2 18 Z  230  441
 2 19 Z  230  448
 2 20 Z  230  445
 2 21 Z  230  446
 2 22 Z  230  441
 2 23 Z  230  444
 2 24 Z  230  451
 2 25 Z  230  455
 2 26 Z  230  448
 2 27 Z  230  446
 2 28 Z  230  445
 3  1 D   -8 -376
 3  2 D   -8 -381
 3  3 D   -8 -378
 3  4 D   -8 -376
 3  5 D   -8 -376
 3  6 D   -8 -370
 3  7 D   -8 -376
 3  8 D   -8 -375
 3  9 D   -8 -377
 3 10 D   -8 -381
 3 11 D   -8 -377
 3 12 D   -8 -376
 3 13 D   -8 -368
 3 14 D   -8 -373
 3 15 D   -8 -378
 3 16 D   -8 -372
 3 17 D   -8 -374
 3 18 D   -8 -376
 3 19 D   -8 -373
 3 20 D   -8 -375
 3 21 D   -8 -363
 3 22 D   -8 -359
 3 23 D   -8 -362
 3 24 D   -8 -364
 3 25 D   -8 -361
 3 26 D   -8 -366
 3 27 D   -8 -368
 3 28 D   -8 -370
 3 29 D   -8 -373
 3 30 D   -8 -372
 3 31 D   -8 -372
 3  1 H  290  513
 3  2 H  290  518
 3  3 H  290  523
 3  4 H  290  525
 3  5 H  290  517
 3  6 H  290  516
 3  7 H  290  524
 3  8 H  290  533
 3  9 H  290  537
 3 10 H  290  541
 3 11 H  290  544
 3 12 H  290  519
 3 13 H  290  455
 3 14 H  290  506
 3 15 H  290  531
 3 16 H  290  532
 3 17 H  290  547
 3 18 H  290  531
 3 19 H  290  517
 3 20 H  290  527
 3 21 H  290  460
 3 22 H  290  476
 3 23 H  290  493
 3 24 H  290  519
 3 25 H  290  489
 3 26 H  290  487
 3 27 H  290  499
 3 28 H  290  496
 3 29 H  290  495
 3 30 H  290  459
 3 31 H  290  498
 3  1 Z  230  438
 3  2 Z  230  438
 3  3 Z  230  435
 3  4 Z  230  431
 3  5 Z  230  433
 3  6 Z  230  433
 3  7 Z  230  430
 3  8 Z  230  430
 3  9 Z  230  424
 3 10 Z  230  426
 3 11 Z  230  427
 3 12 Z  230  430
 3 13 Z  230  453
 3 14 Z  230  438
 3 15 Z  230  431
 3 16 Z  230  434
 3 17 Z  230  432
 3 18 Z  230  431
 3 19 Z  230  436
 3 20 Z  230  439
 3 21 Z  230  454
 3 22 Z  230  455
 3 23 Z  230  448
 3 24 Z  230  442
 3 25 Z  230  448
 3 26 Z  230  449
 3 27 Z  230  447
 3 28 Z  230  447
 3 29 Z  230  440
 3 30 Z  230  444
 3 31 Z  230  437
 4  1 D   -8 -371
 4  2 D   -8 -377
 4  3 D   -8  NaN
 4  4 D   -8  NaN
 4  5 D   -8  NaN
 4  6 D   -8  NaN
 4  7 D   -8  NaN
 4  8 D   -8  NaN
 4  9 D   -8 -371
 4 10 D   -8 -365
 4 11 D   -8 -365
 4 12 D   -8 -361
 4 13 D   -8 -369
 4 14 D   -8 -371
 4 15 D   -8 -368
 4 16 D   -8 -366
 4 17 D   -8 -358
 4 18 D   -8 -361
 4 19 D   -8 -371
 4 20 D   -8 -373
 4 21 D   -8 -370
 4 22 D   -8 -367
 4 23 D   -8 -363
 4 24 D   -8 -361
 4 25 D   -8 -359
 4 26 D   -8 -360
 4 27 D   -8 -363
 4 28 D   -8 -363
 4 29 D   -8 -353
 4 30 D   -8 -356
 4  1 H  290  524
 4  2 H  290  542
 4  3 H  290  NaN
 4  4 H  290  NaN
 4  5 H  290  NaN
 4  6 H  290  NaN
 4  7 H  290  NaN
 4  8 H  290  NaN
 4  9 H  290  536
 4 10 H  290  403
 4 11 H  290  446
 4 12 H  290  469
 4 13 H  290  469
 4 14 H  290  478
 4 15 H  290  497
 4 16 H  290  517
 4 17 H  290  486
 4 18 H  290  501
 4 19 H  290  522
 4 20 H  290  520
 4 21 H  290  517
 4 22 H  290  528
 4 23 H  290  500
 4 24 H  290  488
 4 25 H  290  511
 4 26 H  290  525
 4 27 H  290  519
 4 28 H  290  510
 4 29 H  290  500
 4 30 H  290  508
 4  1 Z  230  438
 4  2 Z  230  432
 4  3 Z  230  NaN
 4  4 Z  230  NaN
 4  5 Z  230  NaN
 4  6 Z  230  NaN
 4  7 Z  230  NaN
 4  8 Z  230  NaN
 4  9 Z  230  424
 4 10 Z  230  453
 4 11 Z  230  450
 4 12 Z  230  459
 4 13 Z  230  453
 4 14 Z  230  451
 4 15 Z  230  442
 4 16 Z  230  440
 4 17 Z  230  446
 4 18 Z  230  455
 4 19 Z  230  447
 4 20 Z  230  441
 4 21 Z  230  448
 4 22 Z  230  444
 4 23 Z  230  443
 4 24 Z  230  449
 4 25 Z  230  446
 4 26 Z  230  438
 4 27 Z  230  444
 4 28 Z  230  444
 4 29 Z  230  450
 4 30 Z  230  454
 5  1 D   -8 -363
 5  2 D   -8 -364
 5  3 D   -8 -362
 5  4 D   -8 -358
 5  5 D   -8 -361
 5  6 D   -8 -364
 5  7 D   -8 -357
 5  8 D   -8 -361
 5  9 D   -8 -362
 5 10 D   -8 -358
 5 11 D   -8 -361
 5 12 D   -8 -358
 5 13 D   -8 -356
 5 14 D   -8 -367
 5 15 D   -8 -360
 5 16 D   -8 -365
 5 17 D   -8 -367
 5 18 D   -8 -356
 5 19 D   -8 -353
 5 20 D   -8 -364
 5 21 D   -8 -359
 5 22 D   -8 -360
 5 23 D   -8 -354
 5 24 D   -8 -362
 5 25 D   -8 -360
 5 26 D   -8 -357
 5 27 D   -8 -354
 5 28 D   -8 -352
 5 29 D   -8 -351
 5 30 D   -8 -350
 5 31 D   -8 -347
 5  1 H  290  536
 5  2 H  290  541
 5  3 H  290  536
 5  4 H  290  534
 5  5 H  290  545
 5  6 H  290  547
 5  7 H  290  556
 5  8 H  290  560
 5  9 H  290  540
 5 10 H  290  529
 5 11 H  290  512
 5 12 H  290  522
 5 13 H  290  543
 5 14 H  290  552
 5 15 H  290  565
 5 16 H  290  572
 5 17 H  290  567
 5 18 H  290  540
 5 19 H  290  527
 5 20 H  290  521
 5 21 H  290  528
 5 22 H  290  502
 5 23 H  290  513
 5 24 H  290  532
 5 25 H  290  526
 5 26 H  290  536
 5 27 H  290  506
 5 28 H  290  531
 5 29 H  290  548
 5 30 H  290  548
 5 31 H  290  547
 5  1 Z  230  444
 5  2 Z  230  444
 5  3 Z  230  443
 5  4 Z  230  442
 5  5 Z  230  440
 5  6 Z  230  434
 5  7 Z  230  436
 5  8 Z  230  430
 5  9 Z  230  439
 5 10 Z  230  444
 5 11 Z  230  439
 5 12 Z  230  440
 5 13 Z  230  438
 5 14 Z  230  433
 5 15 Z  230  433
 5 16 Z  230  428
 5 17 Z  230  430
 5 18 Z  230  434
 5 19 Z  230  442
 5 20 Z  230  446
 5 21 Z  230  441
 5 22 Z  230  445
 5 23 Z  230  447
 5 24 Z  230  435
 5 25 Z  230  443
 5 26 Z  230  442
 5 27 Z  230  458
 5 28 Z  230  447
 5 29 Z  230  434
 5 30 Z  230  439
 5 31 Z  230  442
 6  1 D   -8 -353
 6  2 D   -8 -353
 6  3 D   -8 -354
 6  4 D   -8 -359
 6  5 D   -8 -362
 6  6 D   -8 -352
 6  7 D   -8 -359
 6  8 D   -8 -351
 6  9 D   -8 -353
 6 10 D   -8 -349
 6 11 D   -8 -347
 6 12 D   -8 -357
 6 13 D   -8 -344
 6 14 D   -8 -345
 6 15 D   -8 -354
 6 16 D   -8 -351
 6 17 D   -8 -354
 6 18 D   -8 -352
 6 19 D   -8 -353
 6 20 D   -8 -351
 6 21 D   -8 -354
 6 22 D   -8 -350
 6 23 D   -8 -350
 6 24 D   -8 -355
 6 25 D   -8 -355
 6 26 D   -8 -346
 6 27 D   -8 -345
 6 28 D   -8 -349
 6 29 D   -8 -347
 6 30 D   -8 -343
 6  1 H  290  545
 6  2 H  290  546
 6  3 H  290  552
 6  4 H  290  550
 6  5 H  290  554
 6  6 H  290  554
 6  7 H  290  534
 6  8 H  290  536
 6  9 H  290  519
 6 10 H  290  531
 6 11 H  290  543
 6 12 H  290  521
 6 13 H  290  481
 6 14 H  290  502
 6 15 H  290  508
 6 16 H  290  530
 6 17 H  290  535
 6 18 H  290  536
 6 19 H  290  532
 6 20 H  290  545
 6 21 H  290  548
 6 22 H  290  542
 6 23 H  290  549
 6 24 H  290  558
 6 25 H  290  549
 6 26 H  290  550
 6 27 H  290  555
 6 28 H  290  552
 6 29 H  290  556
 6 30 H  290  555
 6  1 Z  230  434
 6  2 Z  230  434
 6  3 Z  230  431
 6  4 Z  230  433
 6  5 Z  230  432
 6  6 Z  230  431
 6  7 Z  230  432
 6  8 Z  230  433
 6  9 Z  230  432
 6 10 Z  230  434
 6 11 Z  230  435
 6 12 Z  230  439
 6 13 Z  230  453
 6 14 Z  230  443
 6 15 Z  230  440
 6 16 Z  230  435
 6 17 Z  230  431
 6 18 Z  230  429
 6 19 Z  230  430
 6 20 Z  230  429
 6 21 Z  230  428
 6 22 Z  230  426
 6 23 Z  230  426
 6 24 Z  230  428
 6 25 Z  230  427
 6 26 Z  230  427
 6 27 Z  230  425
 6 28 Z  230  429
 6 29 Z  230  426
 6 30 Z  230  420
 7  1 D   -8 -349
 7  2 D   -8 -355
 7  3 D   -8 -349
 7  4 D   -8 -353
 7  5 D   -8 -346
 7  6 D   -8 -345
 7  7 D   -8 -348
 7  8 D   -8 -343
 7  9 D   -8 -341
 7 10 D   -8 -338
 7 11 D   -8 -343
 7 12 D   -8 -343
 7 13 D   -8 -345
 7 14 D   -8 -344
 7 15 D   -8 -340
 7 16 D   -8 -346
 7 17 D   -8 -347
 7 18 D   -8 -342
 7 19 D   -8 -344
 7 20 D   -8 -342
 7 21 D   -8 -342
 7 22 D   -8 -343
 7 23 D   -8 -342
 7 24 D   -8 -342
 7 25 D   -8 -340
 7 26 D   -8 -343
 7 27 D   -8 -349
 7 28 D   -8 -345
 7 29 D   -8 -335
 7 30 D   -8 -344
 7 31 D   -8 -344
 7  1 H  290  552
 7  2 H  290  549
 7  3 H  290  554
 7  4 H  290  564
 7  5 H  290  548
 7  6 H  290  551
 7  7 H  290  556
 7  8 H  290  543
 7  9 H  290  553
 7 10 H  290  566
 7 11 H  290  561
 7 12 H  290  550
 7 13 H  290  537
 7 14 H  290  550
 7 15 H  290  548
 7 16 H  290  553
 7 17 H  290  566
 7 18 H  290  552
 7 19 H  290  555
 7 20 H  290  543
 7 21 H  290  542
 7 22 H  290  554
 7 23 H  290  551
 7 24 H  290  554
 7 25 H  290  567
 7 26 H  290  573
 7 27 H  290  567
 7 28 H  290  536
 7 29 H  290  485
 7 30 H  290  528
 7 31 H  290  530
 7  1 Z  230  425
 7  2 Z  230  423
 7  3 Z  230  418
 7  4 Z  230  419
 7  5 Z  230  418
 7  6 Z  230  429
 7  7 Z  230  425
 7  8 Z  230  424
 7  9 Z  230  429
 7 10 Z  230  417
 7 11 Z  230  421
 7 12 Z  230  425
 7 13 Z  230  423
 7 14 Z  230  421
 7 15 Z  230  423
 7 16 Z  230  421
 7 17 Z  230  415
 7 18 Z  230  425
 7 19 Z  230  422
 7 20 Z  230  419
 7 21 Z  230  425
 7 22 Z  230  419
 7 23 Z  230  421
 7 24 Z  230  418
 7 25 Z  230  415
 7 26 Z  230  416
 7 27 Z  230  418
 7 28 Z  230  428
 7 29 Z  230  438
 7 30 Z  230  422
 7 31 Z  230  423
 8  1 D   -8 -349
 8  2 D   -8 -338
 8  3 D   -8 -344
 8  4 D   -8 -349
 8  5 D   -8 -348
 8  6 D   -8 -350
 8  7 D   -8 -352
 8  8 D   -8 -350
 8  9 D   -8 -348
 8 10 D   -8 -349
 8 11 D   -8 -347
 8 12 D   -8 -353
 8 13 D   -8 -357
 8 14 D   -8 -352
 8 15 D   -8 -353
 8 16 D   -8 -355
 8 17 D   -8 -359
 8 18 D   -8 -360
 8 19 D   -8 -347
 8 20 D   -8 -351
 8 21 D   -8 -351
 8 22 D   -8 -348
 8 23 D   -8 -351
 8 24 D   -8 -346
 8 25 D   -8 -353
 8 26 D   -8 -355
 8 27 D   -8 -351
 8 28 D   -8 -351
 8 29 D   -8 -358
 8 30 D   -8 -356
 8 31 D   -8 -307
 8  1 H  290  538
 8  2 H  290  521
 8  3 H  290  525
 8  4 H  290  530
 8  5 H  290  540
 8  6 H  290  551
 8  7 H  290  541
 8  8 H  290  549
 8  9 H  290  556
 8 10 H  290  559
 8 11 H  290  550
 8 12 H  290  552
 8 13 H  290  547
 8 14 H  290  546
 8 15 H  290  536
 8 16 H  290  522
 8 17 H  290  540
 8 18 H  290  543
 8 19 H  290  538
 8 20 H  290  533
 8 21 H  290  534
 8 22 H  290  493
 8 23 H  290  495
 8 24 H  290  502
 8 25 H  290  532
 8 26 H  290  502
 8 27 H  290  521
 8 28 H  290  541
 8 29 H  290  551
 8 30 H  290  542
 8 31 H  290  505
 8  1 Z  230  421
 8  2 Z  230  421
 8  3 Z  230  422
 8  4 Z  230  423
 8  5 Z  230  421
 8  6 Z  230  421
 8  7 Z  230  423
 8  8 Z  230  417
 8  9 Z  230  415
 8 10 Z  230  416
 8 11 Z  230  409
 8 12 Z  230  412
 8 13 Z  230  413
 8 14 Z  230  416
 8 15 Z  230  412
 8 16 Z  230  418
 8 17 Z  230  407
 8 18 Z  230  407
 8 19 Z  230  411
 8 20 Z  230  413
 8 21 Z  230  406
 8 22 Z  230  421
 8 23 Z  230  422
 8 24 Z  230  421
 8 25 Z  230  412
 8 26 Z  230  418
 8 27 Z  230  418
 8 28 Z  230  423
 8 29 Z  230  413
 8 30 Z  230  413
 8 31 Z  230  416
 9  1 D   -8 -356
 9  2 D   -8 -346
 9  3 D   -8 -344
 9  4 D   -8 -351
 9  5 D   -8 -345
 9  6 D   -8 -344
 9  7 D   -8 -344
 9  8 D   -8  NaN
 9  9 D   -8 -347
 9 10 D   -8 -346
 9 11 D   -8  NaN
 9 12 D   -8 -339
 9 13 D   -8 -337
 9 14 D   -8 -335
 9 15 D   -8 -335
 9 16 D   -8 -337
 9 17 D   -8 -334
 9 18 D   -8 -337
 9 19 D   -8 -337
 9 20 D   -8 -336
 9 21 D   -8 -333
 9 22 D   -8 -330
 9 23 D   -8 -335
 9 24 D   -8 -338
 9 25 D   -8 -340
 9 26 D   -8 -337
 9 27 D   -8 -338
 9 28 D   -8 -339
 9 29 D   -8 -336
 9 30 D   -8 -334
 9  1 H  290  543
 9  2 H  290  534
 9  3 H  290  550
 9  4 H  290  548
 9  5 H  290  550
 9  6 H  290  NaN
 9  7 H  290  542
 9  8 H  290  NaN
 9  9 H  290  545
 9 10 H  290  NaN
 9 11 H  290  536
 9 12 H  290  543
 9 13 H  290  534
 9 14 H  290  536
 9 15 H  290  540
 9 16 H  290  542
 9 17 H  290  540
 9 18 H  290  527
 9 19 H  290  524
 9 20 H  290  536
 9 21 H  290  531
 9 22 H  290  534
 9 23 H  290  539
 9 24 H  290  539
 9 25 H  290  546
 9 26 H  290  551
 9 27 H  290  548
 9 28 H  290  551
 9 29 H  290  555
 9 30 H  290  556
 9  1 Z  230  416
 9  2 Z  230  415
 9  3 Z  230  414
 9  4 Z  230  414
 9  5 Z  230  412
 9  6 Z  230  404
 9  7 Z  230  408
 9  8 Z  230  405
 9  9 Z  230  408
 9 10 Z  230  407
 9 11 Z  230  408
 9 12 Z  230  409
 9 13 Z  230  413
 9 14 Z  230  413
 9 15 Z  230  413
 9 16 Z  230  418
 9 17 Z  230  413
 9 18 Z  230  414
 9 19 Z  230  414
 9 20 Z  230  412
 9 21 Z  230  412
 9 22 Z  230  412
 9 23 Z  230  409
 9 24 Z  230  412
 9 25 Z  230  407
 9 26 Z  230  401
 9 27 Z  230  410
 9 28 Z  230  407
 9 29 Z  230  409
 9 30 Z  230  407
10  1 D   -8 -329
10  2 D   -8 -329
10  3 D   -8 -332
10  4 D   -8 -331
10  5 D   -8 -331
10  6 D   -8 -333
10  7 D   -8 -330
10  8 D   -8 -332
10  9 D   -8 -332
10 10 D   -8 -327
10 11 D   -8 -325
10 12 D   -8 -329
10 13 D   -8 -328
10 14 D   -8 -325
10 15 D   -8 -327
10 16 D   -8 -325
10 17 D   -8 -327
10 18 D   -8 -331
10 19 D   -8 -331
10 20 D   -8 -327
10 21 D   -8 -330
10 22 D   -8 -327
10 23 D   -8 -327
10 24 D   -8 -322
10 25 D   -8 -326
10 26 D   -8 -324
10 27 D   -8 -324
10 28 D   -8 -323
10 29 D   -8 -325
10 30 D   -8 -318
10 31 D   -8 -322
10  1 H  290  560
10  2 H  290  568
10  3 H  290  571
10  4 H  290  557
10  5 H  290  550
10  6 H  290  540
10  7 H  290  549
10  8 H  290  556
10  9 H  290  551
10 10 H  290  498
10 11 H  290  509
10 12 H  290  510
10 13 H  290  524
10 14 H  290  534
10 15 H  290  521
10 16 H  290  535
10 17 H  290  539
10 18 H  290  539
10 19 H  290  539
10 20 H  290  529
10 21 H  290  523
10 22 H  290  546
10 23 H  290  551
10 24 H  290  513
10 25 H  290  533
10 26 H  290  546
10 27 H  290  539
10 28 H  290  544
10 29 H  290  549
10 30 H  290  533
10 31 H  290  527
10  1 Z  230  405
10  2 Z  230  402
10  3 Z  230  401
10  4 Z  230  408
10  5 Z  230  405
10  6 Z  230  408
10  7 Z  230  406
10  8 Z  230  401
10  9 Z  230  401
10 10 Z  230  417
10 11 Z  230  412
10 12 Z  230  415
10 13 Z  230  407
10 14 Z  230  404
10 15 Z  230  410
10 16 Z  230  407
10 17 Z  230  404
10 18 Z  230  400
10 19 Z  230  401
10 20 Z  230  406
10 21 Z  230  406
10 22 Z  230  402
10 23 Z  230  401
10 24 Z  230  406
10 25 Z  230  402
10 26 Z  230  402
10 27 Z  230  405
10 28 Z  230  404
10 29 Z  230  404
10 30 Z  230  408
10 31 Z  230  410
11  1 D   -8 -317
11  2 D   -8 -320
11  3 D   -8 -320
11  4 D   -8 -320
11  5 D   -8 -318
11  6 D   -8 -324
11  7 D   -8 -323
11  8 D   -8 -323
11  9 D   -8 -320
11 10 D   -8 -316
11 11 D   -8 -322
11 12 D   -8 -315
11 13 D   -8 -319
11 14 D   -8 -320
11 15 D   -8 -317
11 16 D   -8 -314
11 17 D   -8 -314
11 18 D   -8 -317
11 19 D   -8 -313
11 20 D   -8 -311
11 21 D   -8 -315
11 22 D   -8 -319
11 23 D   -8 -319
11 24 D   -8 -315
11 25 D   -8 -321
11 26 D   -8 -317
11 27 D   -8 -312
11 28 D   -8 -318
11 29 D   -8 -318
11 30 D   -8 -317
11  1 H  290  540
11  2 H  290  544
11  3 H  290  553
11  4 H  290  553
11  5 H  290  558
11  6 H  290  566
11  7 H  290  555
11  8 H  290  552
11  9 H  290  539
11 10 H  290  533
11 11 H  290  543
11 12 H  290  553
11 13 H  290  554
11 14 H  290  557
11 15 H  290  565
11 16 H  290  528
11 17 H  290  527
11 18 H  290  535
11 19 H  290  547
11 20 H  290  552
11 21 H  290  546
11 22 H  290  553
11 23 H  290  553
11 24 H  290  556
11 25 H  290  557
11 26 H  290  549
11 27 H  290  498
11 28 H  290  496
11 29 H  290  527
11 30 H  290  531
11  1 Z  230  409
11  2 Z  230  404
11  3 Z  230  400
11  4 Z  230  399
11  5 Z  230  395
11  6 Z  230  390
11  7 Z  230  396
11  8 Z  230  397
11  9 Z  230  400
11 10 Z  230  403
11 11 Z  230  399
11 12 Z  230  398
11 13 Z  230  392
11 14 Z  230  393
11 15 Z  230  394
11 16 Z  230  401
11 17 Z  230  403
11 18 Z  230  404
11 19 Z  230  402
11 20 Z  230  399
11 21 Z  230  399
11 22 Z  230  394
11 23 Z  230  395
11 24 Z  230  395
11 25 Z  230  394
11 26 Z  230  393
11 27 Z  230  406
11 28 Z  230  412
11 29 Z  230  403
11 30 Z  230  401
12  1 D   -8 -313
12  2 D   -8 -320
12  3 D   -8 -314
12  4 D   -8 -312
12  5 D   -8 -316
12  6 D   -8 -314
12  7 D   -8 -316
12  8 D   -8 -318
12  9 D   -8 -317
12 10 D   -8 -318
12 11 D   -8 -315
12 12 D   -8  NaN
12 13 D   -8 -313
12 14 D   -8  NaN
12 15 D   -8 -312
12 16 D   -8 -313
12 17 D   -8 -313
12 18 D   -8 -314
12 19 D   -8 -313
12 20 D   -8 -312
12 21 D   -8 -314
12 22 D   -8 -315
12 23 D   -8 -316
12 24 D   -8 -313
12 25 D   -8 -312
12 26 D   -8 -318
12 27 D   -8 -318
12 28 D   -8 -316
12 29 D   -8 -317
12 30 D   -8 -317
12 31 D   -8 -317
12  1 H  290  539
12  2 H  290  547
12  3 H  290  547
12  4 H  290  534
12  5 H  290  537
12  6 H  290  541
12  7 H  290  546
12  8 H  290  550
12  9 H  290  550
12 10 H  290  556
12 11 H  290  562
12 12 H  290  NaN
12 13 H  290  537
12 14 H  290  NaN
12 15 H  290  538
12 16 H  290  545
12 17 H  290  549
12 18 H  290  545
12 19 H  290  552
12 20 H  290  538
12 21 H  290  547
12 22 H  290  553
12 23 H  290  555
12 24 H  290  524
12 25 H  290  525
12 26 H  290  544
12 27 H  290  550
12 28 H  290  556
12 29 H  290  558
12 30 H  290  563
12 31 H  290  549
12  1 Z  230  405
12  2 Z  230  401
12  3 Z  230  404
12  4 Z  230  405
12  5 Z  230  402
12  6 Z  230  402
12  7 Z  230  401
12  8 Z  230  399
12  9 Z  230  399
12 10 Z  230  398
12 11 Z  230  395
12 12 Z  230  NaN
12 13 Z  230  397
12 14 Z  230  NaN
12 15 Z  230  391
12 16 Z  230  391
12 17 Z  230  387
12 18 Z  230  388
12 19 Z  230  388
12 20 Z  230  388
12 21 Z  230  386
12 22 Z  230  387
12 23 Z  230  387
12 24 Z  230  392
12 25 Z  230  396
12 26 Z  230  388
12 27 Z  230  387
12 28 Z  230  384
12 29 Z  230  379
12 30 Z  230  378
12 31 Z  230  380
