 1  1 D   -9 -133
 1  2 D   -9 -135
 1  3 D   -9 -138
 1  4 D   -9 -138
 1  5 D   -9 -139
 1  6 D   -9 -136
 1  7 D   -9 -132
 1  8 D   -9 -132
 1  9 D   -9 -136
 1 10 D   -9 -134
 1 11 D   -9 -132
 1 12 D   -9 -131
 1 13 D   -9 -136
 1 14 D   -9 -136
 1 15 D   -9 -136
 1 16 D   -9 -135
 1 17 D   -9 -136
 1 18 D   -9 -132
 1 19 D   -9 -135
 1 20 D   -9 -129
 1 21 D   -9 -130
 1 22 D   -9 -130
 1 23 D   -9 -130
 1 24 D   -9 -131
 1 25 D   -9 -129
 1 26 D   -9 -132
 1 27 D   -9 -129
 1 28 D   -9 -129
 1 29 D   -9 -126
 1 30 D   -9 -129
 1 31 D   -9 -129
 1  1 H  290  NaN
 1  2 H  290  NaN
 1  3 H  290  NaN
 1  4 H  290  NaN
 1  5 H  290  416
 1  6 H  290  410
 1  7 H  290  380
 1  8 H  290  395
 1  9 H  290  399
 1 10 H  290  400
 1 11 H  290  410
 1 12 H  290  418
 1 13 H  290  422
 1 14 H  290  425
 1 15 H  290  426
 1 16 H  290  421
 1 17 H  290  425
 1 18 H  290  413
 1 19 H  290  412
 1 20 H  290  414
 1 21 H  290  378
 1 22 H  290  394
 1 23 H  290  402
 1 24 H  290  405
 1 25 H  290  409
 1 26 H  290  407
 1 27 H  290  396
 1 28 H  290  398
 1 29 H  290  398
 1 30 H  290  407
 1 31 H  290  410
 1  1 Z  230  660
 1  2 Z  230  659
 1  3 Z  230  659
 1  4 Z  230  657
 1  5 Z  230  653
 1  6 Z  230  652
 1  7 Z  230  662
 1  8 Z  230  659
 1  9 Z  230  660
 1 10 Z  230  661
 1 11 Z  230  658
 1 12 Z  230  655
 1 13 Z  230  654
 1 14 Z  230  652
 1 15 Z  230  650
 1 16 Z  230  650
 1 17 Z  230  649
 1 18 Z  230  651
 1 19 Z  230  651
 1 20 Z  230  653
 1 21 Z  230  660
 1 22 Z  230  659
 1 23 Z  230  656
 1 24 Z  230  656
 1 25 Z  230  654
 1 26 Z  230  657
 1 27 Z  230  656
 1 28 Z  230  654
 1 29 Z  230  651
 1 30 Z  230  650
 1 31 Z  230  651
 2  1 D   -9 -132
 2  2 D   -9 -130
 2  3 D   -9 -128
 2  4 D   -9 -128
 2  5 D   -9 -129
 2  6 D   -9 -127
 2  7 D   -9 -121
 2  8 D   -9 -112
 2  9 D   -9 -118
 2 10 D   -9 -124
 2 11 D   -9 -127
 2 12 D   -9 -126
 2 13 D   -9 -126
 2 14 D   -9 -130
 2 15 D   -9 -127
 2 16 D   -9 -129
 2 17 D   -9 -126
 2 18 D   -9 -123
 2 19 D   -9 -124
 2 20 D   -9 -124
 2 21 D   -9 -127
 2 22 D   -9 -126
 2 23 D   -9 -131
 2 24 D   -9 -127
 2 25 D   -9 -123
 2 26 D   -9 -127
 2 27 D   -9 -127
 2 28 D   -9 -128
 2  1 H  290  417
 2  2 H  290  420
 2  3 H  290  426
 2  4 H  290  422
 2  5 H  290  424
 2  6 H  290  418
 2  7 H  290  360
 2  8 H  290  276
 2  9 H  290  296
 2 10 H  290  335
 2 11 H  290  349
 2 12 H  290  357
 2 13 H  290  373
 2 14 H  290  386
 2 15 H  290  392
 2 16 H  290  402
 2 17 H  290  404
 2 18 H  290  389
 2 19 H  290  403
 2 20 H  290  395
 2 21 H  290  394
 2 22 H  290  388
 2 23 H  290  387
 2 24 H  290  392
 2 25 H  290  398
 2 26 H  290  393
 2 27 H  290  400
 2 28 H  290  392
 2  1 Z  230  649
 2  2 Z  230  646
 2  3 Z  230  642
 2  4 Z  230  647
 2  5 Z  230  643
 2  6 Z  230  645
 2  7 Z  230  653
 2  8 Z  230  679
 2  9 Z  230  682
 2 10 Z  230  673
 2 11 Z  230  668
 2 12 Z  230  670
 2 13 Z  230  664
 2 14 Z  230  662
 2 15 Z  230  659
 2 16 Z  230  657
 2 17 Z  230  656
 2 18 Z  230  659
 2 19 Z  230  654
 2 20 Z  230  655
 2 21 Z  230  658
 2 22 Z  230  662
 2 23 Z  230  664
 2 24 Z  230  661
 2 25 Z  230  659
 2 26 Z  230  657
 2 27 Z  230  656
 2 28 Z  230  655
 3  1 D   -9 -128
 3  2 D   -9 -127
 3  3 D   -9 -123
 3  4 D   -9 -122
 3  5 D   -9 -123
 3  6 D   -9 -125
 3  7 D   -9 -117
 3  8 D   -9 -117
 3  9 D   -9 -123
 3 10 D   -9 -125
 3 11 D   -9 -125
 3 12 D   -9 -125
 3 13 D   -9 -126
 3 14 D   -9 -119
 3 15 D   -9 -116
 3 16 D   -9 -118
 3 17 D   -9 -116
 3 18 D   -9 -120
 3 19 D   -9 -118
 3 20 D   -9 -119
 3 21 D   -9 -116
 3 22 D   -9 -116
 3 23 D   -9 -115
 3 24 D   -9 -121
 3 25 D   -9 -122
 3 26 D   -9 -116
 3 27 D   -9 -116
 3 28 D   -9 -117
 3 29 D   -9 -120
 3 30 D   -9 -120
 3 31 D   -9 -118
 3  1 H  290  396
 3  2 H  290  404
 3  3 H  290  402
 3  4 H  290  398
 3  5 H  290  397
 3  6 H  290  375
 3  7 H  290  380
 3  8 H  290  389
 3  9 H  290  408
 3 10 H  290  419
 3 11 H  290  415
 3 12 H  290  420
 3 13 H  290  404
 3 14 H  290  411
 3 15 H  290  415
 3 16 H  290  409
 3 17 H  290  420
 3 18 H  290  428
 3 19 H  290  419
 3 20 H  290  426
 3 21 H  290  423
 3 22 H  290  407
 3 23 H  290  412
 3 24 H  290  414
 3 25 H  290  414
 3 26 H  290  408
 3 27 H  290  408
 3 28 H  290  414
 3 29 H  290  412
 3 30 H  290  421
 3 31 H  290  429
 3  1 Z  230  654
 3  2 Z  230  652
 3  3 Z  230  650
 3  4 Z  230  652
 3  5 Z  230  651
 3  6 Z  230  655
 3  7 Z  230  659
 3  8 Z  230  659
 3  9 Z  230  654
 3 10 Z  230  652
 3 11 Z  230  649
 3 12 Z  230  647
 3 13 Z  230  651
 3 14 Z  230  651
 3 15 Z  230  649
 3 16 Z  230  649
 3 17 Z  230  645
 3 18 Z  230  644
 3 19 Z  230  648
 3 20 Z  230  643
 3 21 Z  230  645
 3 22 Z  230  649
 3 23 Z  230  648
 3 24 Z  230  648
 3 25 Z  230  651
 3 26 Z  230  651
 3 27 Z  230  648
 3 28 Z  230  646
 3 29 Z  230  646
 3 30 Z  230  645
 3 31 Z  230  645
 4  1 D   -9 -118
 4  2 D   -9 -111
 4  3 D   -9 -112
 4  4 D   -9 -114
 4  5 D   -9 -109
 4  6 D   -9 -112
 4  7 D   -9 -112
 4  8 D   -9 -116
 4  9 D   -9 -110
 4 10 D   -9 -108
 4 11 D   -9 -112
 4 12 D   -9 -112
 4 13 D   -9 -111
 4 14 D   -9 -110
 4 15 D   -9 -110
 4 16 D   -9 -109
 4 17 D   -9 -109
 4 18 D   -9 -108
 4 19 D   -9 -107
 4 20 D   -9 -106
 4 21 D   -9 -106
 4 22 D   -9 -109
 4 23 D   -9 -104
 4 24 D   -9 -104
 4 25 D   -9 -106
 4 26 D   -9 -108
 4 27 D   -9 -111
 4 28 D   -9 -107
 4 29 D   -9 -107
 4 30 D   -9 -108
 4  1 H  290  426
 4  2 H  290  426
 4  3 H  290  423
 4  4 H  290  417
 4  5 H  290  418
 4  6 H  290  427
 4  7 H  290  423
 4  8 H  290  431
 4  9 H  290  420
 4 10 H  290  411
 4 11 H  290  417
 4 12 H  290  413
 4 13 H  290  421
 4 14 H  290  426
 4 15 H  290  435
 4 16 H  290  424
 4 17 H  290  428
 4 18 H  290  433
 4 19 H  290  424
 4 20 H  290  430
 4 21 H  290  433
 4 22 H  290  427
 4 23 H  290  433
 4 24 H  290  430
 4 25 H  290  428
 4 26 H  290  430
 4 27 H  290  443
 4 28 H  290  428
 4 29 H  290  423
 4 30 H  290  432
 4  1 Z  230  647
 4  2 Z  230  646
 4  3 Z  230  644
 4  4 Z  230  640
 4  5 Z  230  642
 4  6 Z  230  640
 4  7 Z  230  642
 4  8 Z  230  639
 4  9 Z  230  643
 4 10 Z  230  643
 4 11 Z  230  644
 4 12 Z  230  644
 4 13 Z  230  641
 4 14 Z  230  641
 4 15 Z  230  641
 4 16 Z  230  640
 4 17 Z  230  644
 4 18 Z  230  638
 4 19 Z  230  638
 4 20 Z  230  635
 4 21 Z  230  639
 4 22 Z  230  641
 4 23 Z  230  638
 4 24 Z  230  637
 4 25 Z  230  640
 4 26 Z  230  637
 4 27 Z  230  636
 4 28 Z  230  637
 4 29 Z  230  637
 4 30 Z  230  637
 5  1 D   -9 -107
 5  2 D   -9 -108
 5  3 D   -9 -108
 5  4 D   -9 -107
 5  5 D   -9 -111
 5  6 D   -9 -110
 5  7 D   -9 -110
 5  8 D   -9 -113
 5  9 D   -9 -111
 5 10 D   -9 -112
 5 11 D   -9 -113
 5 12 D   -9 -113
 5 13 D   -9 -110
 5 14 D   -9 -103
 5 15 D   -9 -108
 5 16 D   -9 -105
 5 17 D   -9 -104
 5 18 D   -9 -106
 5 19 D   -9 -107
 5 20 D   -9 -109
 5 21 D   -9 -104
 5 22 D   -9 -106
 5 23 D   -9 -100
 5 24 D   -9  -99
 5 25 D   -9 -105
 5 26 D   -9 -102
 5 27 D   -9 -103
 5 28 D   -9 -102
 5 29 D   -9 -108
 5 30 D   -9 -104
 5 31 D   -9 -100
 5  1 H  290  436
 5  2 H  290  405
 5  3 H  290  393
 5  4 H  290  414
 5  5 H  290  403
 5  6 H  290  377
 5  7 H  290  400
 5  8 H  290  417
 5  9 H  290  422
 5 10 H  290  425
 5 11 H  290  434
 5 12 H  290  429
 5 13 H  290  434
 5 14 H  290  433
 5 15 H  290  431
 5 16 H  290  422
 5 17 H  290  425
 5 18 H  290  429
 5 19 H  290  432
 5 20 H  290  437
 5 21 H  290  435
 5 22 H  290  445
 5 23 H  290  436
 5 24 H  290  436
 5 25 H  290  432
 5 26 H  290  430
 5 27 H  290  436
 5 28 H  290  429
 5 29 H  290  442
 5 30 H  290  443
 5 31 H  290  428
 5  1 Z  230  637
 5  2 Z  230  642
 5  3 Z  230  648
 5  4 Z  230  645
 5  5 Z  230  645
 5  6 Z  230  652
 5  7 Z  230  651
 5  8 Z  230  643
 5  9 Z  230  641
 5 10 Z  230  640
 5 11 Z  230  635
 5 12 Z  230  643
 5 13 Z  230  642
 5 14 Z  230  641
 5 15 Z  230  640
 5 16 Z  230  641
 5 17 Z  230  641
 5 18 Z  230  637
 5 19 Z  230  635
 5 20 Z  230  639
 5 21 Z  230  636
 5 22 Z  230  627
 5 23 Z  230  630
 5 24 Z  230  631
 5 25 Z  230  638
 5 26 Z  230  639
 5 27 Z  230  639
 5 28 Z  230  638
 5 29 Z  230  631
 5 30 Z  230  632
 5 31 Z  230  638
 6  1 D   -9  -93
 6  2 D   -9 -100
 6  3 D   -9 -102
 6  4 D   -9  -97
 6  5 D   -9 -102
 6  6 D   -9 -101
 6  7 D   -9 -108
 6  8 D   -9  -99
 6  9 D   -9 -102
 6 10 D   -9  -95
 6 11 D   -9 -100
 6 12 D   -9  -97
 6 13 D   -9  -98
 6 14 D   -9  -98
 6 15 D   -9  -96
 6 16 D   -9  -99
 6 17 D   -9 -100
 6 18 D   -9  -95
 6 19 D   -9  -97
 6 20 D   -9  -93
 6 21 D   -9  -95
 6 22 D   -9 -100
 6 23 D   -9  -91
 6 24 D   -9  -97
 6 25 D   -9  -97
 6 26 D   -9  -94
 6 27 D   -9  -93
 6 28 D   -9  -86
 6 29 D   -9  -92
 6 30 D   -9  -91
 6  1 H  290  427
 6  2 H  290  426
 6  3 H  290  425
 6  4 H  290  425
 6  5 H  290  427
 6  6 H  290  434
 6  7 H  290  434
 6  8 H  290  432
 6  9 H  290  431
 6 10 H  290  430
 6 11 H  290  438
 6 12 H  290  439
 6 13 H  290  440
 6 14 H  290  441
 6 15 H  290  439
 6 16 H  290  444
 6 17 H  290  445
 6 18 H  290  438
 6 19 H  290  438
 6 20 H  290  435
 6 21 H  290  440
 6 22 H  290  440
 6 23 H  290  438
 6 24 H  290  440
 6 25 H  290  437
 6 26 H  290  439
 6 27 H  290  430
 6 28 H  290  418
 6 29 H  290  422
 6 30 H  290  428
 6  1 Z  230  633
 6  2 Z  230  632
 6  3 Z  230  634
 6  4 Z  230  639
 6  5 Z  230  635
 6  6 Z  230  631
 6  7 Z  230  628
 6  8 Z  230  631
 6  9 Z  230  633
 6 10 Z  230  632
 6 11 Z  230  630
 6 12 Z  230  631
 6 13 Z  230  631
 6 14 Z  230  631
 6 15 Z  230  632
 6 16 Z  230  629
 6 17 Z  230  628
 6 18 Z  230  629
 6 19 Z  230  628
 6 20 Z  230  629
 6 21 Z  230  624
 6 22 Z  230  623
 6 23 Z  230  626
 6 24 Z  230  627
 6 25 Z  230  628
 6 26 Z  230  624
 6 27 Z  230  627
 6 28 Z  230  634
 6 29 Z  230  633
 6 30 Z  230  633
 7  1 D   -9  -96
 7  2 D   -9  -94
 7  3 D   -9  -94
 7  4 D   -9  -90
 7  5 D   -9  -93
 7  6 D   -9  -98
 7  7 D   -9  -94
 7  8 D   -9  -95
 7  9 D   -9  -94
 7 10 D   -9  -92
 7 11 D   -9  -87
 7 12 D   -9 -101
 7 13 D   -9  -98
 7 14 D   -9  -94
 7 15 D   -9  -97
 7 16 D   -9  -95
 7 17 D   -9  -92
 7 18 D   -9  -88
 7 19 D   -9  -92
 7 20 D   -9  -93
 7 21 D   -9  -88
 7 22 D   -9  -90
 7 23 D   -9  -93
 7 24 D   -9  -88
 7 25 D   -9  -82
 7 26 D   -9  -84
 7 27 D   -9  -82
 7 28 D   -9  -82
 7 29 D   -9  -80
 7 30 D   -9  -82
 7 31 D   -9  -78
 7  1 H  290  426
 7  2 H  290  433
 7  3 H  290  428
 7  4 H  290  430
 7  5 H  290  432
 7  6 H  290  439
 7  7 H  290  444
 7  8 H  290  438
 7  9 H  290  440
 7 10 H  290  436
 7 11 H  290  441
 7 12 H  290  447
 7 13 H  290  441
 7 14 H  290  437
 7 15 H  290  452
 7 16 H  290  449
 7 17 H  290  437
 7 18 H  290  437
 7 19 H  290  441
 7 20 H  290  446
 7 21 H  290  453
 7 22 H  290  432
 7 23 H  290  435
 7 24 H  290  446
 7 25 H  290  432
 7 26 H  290  419
 7 27 H  290  415
 7 28 H  290  422
 7 29 H  290  421
 7 30 H  290  425
 7 31 H  290  428
 7  1 Z  230  632
 7  2 Z  230  632
 7  3 Z  230  630
 7  4 Z  230  629
 7  5 Z  230  628
 7  6 Z  230  627
 7  7 Z  230  625
 7  8 Z  230  625
 7  9 Z  230  624
 7 10 Z  230  625
 7 11 Z  230  622
 7 12 Z  230  625
 7 13 Z  230  628
 7 14 Z  230  627
 7 15 Z  230  622
 7 16 Z  230  624
 7 17 Z  230  626
 7 18 Z  230  624
 7 19 Z  230  625
 7 20 Z  230  620
 7 21 Z  230  622
 7 22 Z  230  622
 7 23 Z  230  627
 7 24 Z  230  621
 7 25 Z  230  624
 7 26 Z  230  628
 7 27 Z  230  625
 7 28 Z  230  624
 7 29 Z  230  623
 7 30 Z  230  625
 7 31 Z  230  624
 8  1 D   -9  -86
 8  2 D   -9  -84
 8  3 D   -9  -81
 8  4 D   -9  -81
 8  5 D   -9  -90
 8  6 D   -9  -84
 8  7 D   -9  -83
 8  8 D   -9  -85
 8  9 D   -9  -85
 8 10 D   -9  -86
 8 11 D   -9  -86
 8 12 D   -9  -84
 8 13 D   -9  -77
 8 14 D   -9  -81
 8 15 D   -9  -80
 8 16 D   -9  -82
 8 17 D   -9  -85
 8 18 D   -9  -85
 8 19 D   -9  -83
 8 20 D   -9  -82
 8 21 D   -9  -84
 8 22 D   -9  -79
 8 23 D   -9  -82
 8 24 D   -9  -80
 8 25 D   -9  -80
 8 26 D   -9  -82
 8 27 D   -9  -83
 8 28 D   -9  -79
 8 29 D   -9  -79
 8 30 D   -9  -75
 8 31 D   -9  -76
 8  1 H  290  426
 8  2 H  290  437
 8  3 H  290  435
 8  4 H  290  425
 8  5 H  290  430
 8  6 H  290  429
 8  7 H  290  437
 8  8 H  290  435
 8  9 H  290  439
 8 10 H  290  441
 8 11 H  290  440
 8 12 H  290  438
 8 13 H  290  426
 8 14 H  290  436
 8 15 H  290  433
 8 16 H  290  439
 8 17 H  290  440
 8 18 H  290  441
 8 19 H  290  440
 8 20 H  290  436
 8 21 H  290  413
 8 22 H  290  411
 8 23 H  290  417
 8 24 H  290  428
 8 25 H  290  428
 8 26 H  290  427
 8 27 H  290  429
 8 28 H  290  432
 8 29 H  290  421
 8 30 H  290  422
 8 31 H  290  418
 8  1 Z  230  629
 8  2 Z  230  627
 8  3 Z  230  627
 8  4 Z  230  628
 8  5 Z  230  624
 8  6 Z  230  624
 8  7 Z  230  624
 8  8 Z  230  623
 8  9 Z  230  625
 8 10 Z  230  621
 8 11 Z  230  623
 8 12 Z  230  623
 8 13 Z  230  623
 8 14 Z  230  622
 8 15 Z  230  621
 8 16 Z  230  613
 8 17 Z  230  616
 8 18 Z  230  617
 8 19 Z  230  619
 8 20 Z  230  618
 8 21 Z  230  625
 8 22 Z  230  630
 8 23 Z  230  629
 8 24 Z  230  623
 8 25 Z  230  623
 8 26 Z  230  624
 8 27 Z  230  623
 8 28 Z  230  625
 8 29 Z  230  623
 8 30 Z  230  623
 8 31 Z  230  623
 9  1 D   -9  -76
 9  2 D   -9  -72
 9  3 D   -9  -73
 9  4 D   -9  -76
 9  5 D   -9  -73
 9  6 D   -9  -76
 9  7 D   -9  -74
 9  8 D   -9  -77
 9  9 D   -9  -80
 9 10 D   -9  -76
 9 11 D   -9  -74
 9 12 D   -9  -68
 9 13 D   -9  -69
 9 14 D   -9  -77
 9 15 D   -9  -82
 9 16 D   -9  -76
 9 17 D   -9  -69
 9 18 D   -9  -74
 9 19 D   -9  -72
 9 20 D   -9  -72
 9 21 D   -9  -70
 9 22 D   -9  -76
 9 23 D   -9  -70
 9 24 D   -9  -76
 9 25 D   -9  -76
 9 26 D   -9  -75
 9 27 D   -9  -71
 9 28 D   -9  -73
 9 29 D   -9  -67
 9 30 D   -9  -69
 9  1 H  290  430
 9  2 H  290  427
 9  3 H  290  432
 9  4 H  290  431
 9  5 H  290  432
 9  6 H  290  426
 9  7 H  290  445
 9  8 H  290  443
 9  9 H  290  446
 9 10 H  290  454
 9 11 H  290  442
 9 12 H  290  365
 9 13 H  290  397
 9 14 H  290  408
 9 15 H  290  414
 9 16 H  290  423
 9 17 H  290  421
 9 18 H  290  425
 9 19 H  290  415
 9 20 H  290  417
 9 21 H  290  420
 9 22 H  290  436
 9 23 H  290  409
 9 24 H  290  417
 9 25 H  290  421
 9 26 H  290  412
 9 27 H  290  418
 9 28 H  290  426
 9 29 H  290  432
 9 30 H  290  430
 9  1 Z  230  617
 9  2 Z  230  619
 9  3 Z  230  617
 9  4 Z  230  617
 9  5 Z  230  620
 9  6 Z  230  624
 9  7 Z  230  620
 9  8 Z  230  617
 9  9 Z  230  NaN
 9 10 Z  230  614
 9 11 Z  230  NaN
 9 12 Z  230  634
 9 13 Z  230  629
 9 14 Z  230  625
 9 15 Z  230  624
 9 16 Z  230  625
 9 17 Z  230  619
 9 18 Z  230  617
 9 19 Z  230  618
 9 20 Z  230  619
 9 21 Z  230  619
 9 22 Z  230  616
 9 23 Z  230  623
 9 24 Z  230  627
 9 25 Z  230  622
 9 26 Z  230  623
 9 27 Z  230  621
 9 28 Z  230  617
 9 29 Z  230  622
 9 30 Z  230  620
10  1 D   -9  -76
10  2 D   -9  -75
10  3 D   -9  -75
10  4 D   -9  -75
10  5 D   -9  -71
10  6 D   -9  -75
10  7 D   -9  -76
10  8 D   -9  -77
10  9 D   -9  -74
10 10 D   -9  -74
10 11 D   -9  -76
10 12 D   -9  -71
10 13 D   -9  -74
10 14 D   -9  -63
10 15 D   -9  -67
10 16 D   -9  -70
10 17 D   -9  -68
10 18 D   -9  -72
10 19 D   -9  -70
10 20 D   -9  -67
10 21 D   -9  NaN
10 22 D   -9  -69
10 23 D   -9  NaN
10 24 D   -9  -67
10 25 D   -9  -67
10 26 D   -9  -67
10 27 D   -9  -67
10 28 D   -9  -63
10 29 D   -9  -61
10 30 D   -9  -59
10 31 D   -9  -64
10  1 H  290  434
10  2 H  290  423
10  3 H  290  430
10  4 H  290  433
10  5 H  290  429
10  6 H  290  428
10  7 H  290  435
10  8 H  290  440
10  9 H  290  441
10 10 H  290  443
10 11 H  290  443
10 12 H  290  448
10 13 H  290  427
10 14 H  290  397
10 15 H  290  417
10 16 H  290  425
10 17 H  290  435
10 18 H  290  435
10 19 H  290  429
10 20 H  290  429
10 21 H  290  NaN
10 22 H  290  432
10 23 H  290  NaN
10 24 H  290  436
10 25 H  290  439
10 26 H  290  445
10 27 H  290  410
10 28 H  290  425
10 29 H  290  430
10 30 H  290  425
10 31 H  290  424
10  1 Z  230  617
10  2 Z  230  619
10  3 Z  230  615
10  4 Z  230  613
10  5 Z  230  614
10  6 Z  230  614
10  7 Z  230  613
10  8 Z  230  611
10  9 Z  230  612
10 10 Z  230  612
10 11 Z  230  609
10 12 Z  230  611
10 13 Z  230  614
10 14 Z  230  624
10 15 Z  230  617
10 16 Z  230  614
10 17 Z  230  613
10 18 Z  230  615
10 19 Z  230  614
10 20 Z  230  614
10 21 Z  230  NaN
10 22 Z  230  612
10 23 Z  230  NaN
10 24 Z  230  607
10 25 Z  230  610
10 26 Z  230  612
10 27 Z  230  616
10 28 Z  230  616
10 29 Z  230  613
10 30 Z  230  613
10 31 Z  230  615
11  1 D   -9  -63
11  2 D   -9  -64
11  3 D   -9  -64
11  4 D   -9  -63
11  5 D   -9  -62
11  6 D   -9  -65
11  7 D   -9  -68
11  8 D   -9  -64
11  9 D   -9  -66
11 10 D   -9  -67
11 11 D   -9  -61
11 12 D   -9  -63
11 13 D   -9  -65
11 14 D   -9  -68
11 15 D   -9  -66
11 16 D   -9  -64
11 17 D   -9  -65
11 18 D   -9  -64
11 19 D   -9  -65
11 20 D   -9  -65
11 21 D   -9  -62
11 22 D   -9  -63
11 23 D   -9  -64
11 24 D   -9  -61
11 25 D   -9  -60
11 26 D   -9  -65
11 27 D   -9  -63
11 28 D   -9  -61
11 29 D   -9  -63
11 30 D   -9  -58
11  1 H  290  436
11  2 H  290  448
11  3 H  290  440
11  4 H  290  376
11  5 H  290  410
11  6 H  290  416
11  7 H  290  428
11  8 H  290  433
11  9 H  290  434
11 10 H  290  442
11 11 H  290  425
11 12 H  290  427
11 13 H  290  439
11 14 H  290  442
11 15 H  290  436
11 16 H  290  434
11 17 H  290  439
11 18 H  290  441
11 19 H  290  443
11 20 H  290  441
11 21 H  290  450
11 22 H  290  451
11 23 H  290  445
11 24 H  290  405
11 25 H  290  366
11 26 H  290  402
11 27 H  290  414
11 28 H  290  426
11 29 H  290  415
11 30 H  290  414
11  1 Z  230  611
11  2 Z  230  610
11  3 Z  230  609
11  4 Z  230  620
11  5 Z  230  616
11  6 Z  230  615
11  7 Z  230  612
11  8 Z  230  614
11  9 Z  230  611
11 10 Z  230  612
11 11 Z  230  614
11 12 Z  230  611
11 13 Z  230  608
11 14 Z  230  608
11 15 Z  230  609
11 16 Z  230  610
11 17 Z  230  608
11 18 Z  230  608
11 19 Z  230  606
11 20 Z  230  605
11 21 Z  230  601
11 22 Z  230  604
11 23 Z  230  605
11 24 Z  230  612
11 25 Z  230  617
11 26 Z  230  614
11 27 Z  230  611
11 28 Z  230  610
11 29 Z  230  609
11 30 Z  230  610
12  1 D   -9  -59
12  2 D   -9  -58
12  3 D   -9  -57
12  4 D   -9  -61
12  5 D   -9  -57
12  6 D   -9  -59
12  7 D   -9  -59
12  8 D   -9  -59
12  9 D   -9  -57
12 10 D   -9  -55
12 11 D   -9  -57
12 12 D   -9  -57
12 13 D   -9  -58
12 14 D   -9  -57
12 15 D   -9  -55
12 16 D   -9  -54
12 17 D   -9  -58
12 18 D   -9  -56
12 19 D   -9  -59
12 20 D   -9  -60
12 21 D   -9  -57
12 22 D   -9  -58
12 23 D   -9  -54
12 24 D   -9  -56
12 25 D   -9  -55
12 26 D   -9  -57
12 27 D   -9  -56
12 28 D   -9  -56
12 29 D   -9  -58
12 30 D   -9  -57
12 31 D   -9  -59
12  1 H  290  427
12  2 H  290  430
12  3 H  290  433
12  4 H  290  436
12  5 H  290  438
12  6 H  290  442
12  7 H  290  443
12  8 H  290  440
12  9 H  290  444
12 10 H  290  435
12 11 H  290  437
12 12 H  290  444
12 13 H  290  444
12 14 H  290  426
12 15 H  290  437
12 16 H  290  436
12 17 H  290  444
12 18 H  290  448
12 19 H  290  445
12 20 H  290  446
12 21 H  290  446
12 22 H  290  433
12 23 H  290  428
12 24 H  290  427
12 25 H  290  434
12 26 H  290  432
12 27 H  290  437
12 28 H  290  438
12 29 H  290  445
12 30 H  290  442
12 31 H  290  444
12  1 Z  230  613
12  2 Z  230  611
12  3 Z  230  609
12  4 Z  230  608
12  5 Z  230  609
12  6 Z  230  605
12  7 Z  230  603
12  8 Z  230  605
12  9 Z  230  604
12 10 Z  230  605
12 11 Z  230  604
12 12 Z  230  603
12 13 Z  230  603
12 14 Z  230  608
12 15 Z  230  606
12 16 Z  230  605
12 17 Z  230  601
12 18 Z  230  601
12 19 Z  230  602
12 20 Z  230  600
12 21 Z  230  600
12 22 Z  230  602
12 23 Z  230  602
12 24 Z  230  604
12 25 Z  230  602
12 26 Z  230  603
12 27 Z  230  601
12 28 Z  230  600
12 29 Z  230  600
12 30 Z  230  599
12 31 Z  230  598
