 1  1 D   -9 -410
 1  2 D   -9 -411
 1  3 D   -9 -416
 1  4 D   -9 -415
 1  5 D   -9 -415
 1  6 D   -9 -416
 1  7 D   -9 -414
 1  8 D   -9 -408
 1  9 D   -9 -414
 1 10 D   -9 -397
 1 11 D   -9 -407
 1 12 D   -9 -409
 1 13 D   -9 -404
 1 14 D   -9 -406
 1 15 D   -9 -407
 1 16 D   -9 -410
 1 17 D   -9 -404
 1 18 D   -9 -411
 1 19 D   -9 -406
 1 20 D   -9 -404
 1 21 D   -9 -405
 1 22 D   -9 -403
 1 23 D   -9 -404
 1 24 D   -9 -404
 1 25 D   -9 -409
 1 26 D   -9 -404
 1 27 D   -9 -404
 1 28 D   -9 -408
 1 29 D   -9 -408
 1 30 D   -9 -407
 1 31 D   -9 -400
 1  1 H  290  307
 1  2 H  290  321
 1  3 H  290  311
 1  4 H  290  310
 1  5 H  290  311
 1  6 H  290  313
 1  7 H  290  320
 1  8 H  290  318
 1  9 H  290  302
 1 10 H  290  228
 1 11 H  290  290
 1 12 H  290  294
 1 13 H  290  294
 1 14 H  290  302
 1 15 H  290  301
 1 16 H  290  291
 1 17 H  290  295
 1 18 H  290  291
 1 19 H  290  295
 1 20 H  290  297
 1 21 H  290  306
 1 22 H  290  307
 1 23 H  290  316
 1 24 H  290  303
 1 25 H  290  292
 1 26 H  290  299
 1 27 H  290  304
 1 28 H  290  NaN
 1 29 H  290  302
 1 30 H  290  302
 1 31 H  290  300
 1  1 Z  230  864
 1  2 Z  230  860
 1  3 Z  230  859
 1  4 Z  230  859
 1  5 Z  230  858
 1  6 Z  230  855
 1  7 Z  230  856
 1  8 Z  230  856
 1  9 Z  230  862
 1 10 Z  230  872
 1 11 Z  230  864
 1 12 Z  230  860
 1 13 Z  230  858
 1 14 Z  230  861
 1 15 Z  230  862
 1 16 Z  230  861
 1 17 Z  230  859
 1 18 Z  230  865
 1 19 Z  230  860
 1 20 Z  230  860
 1 21 Z  230  858
 1 22 Z  230  858
 1 23 Z  230  855
 1 24 Z  230  856
 1 25 Z  230  859
 1 26 Z  230  857
 1 27 Z  230  857
 1 28 Z  230  854
 1 29 Z  230  855
 1 30 Z  230  856
 1 31 Z  230  856
 2  1 D   -9 -410
 2  2 D   -9 -412
 2  3 D   -9 -406
 2  4 D   -9 -410
 2  5 D   -9 -400
 2  6 D   -9 -420
 2  7 D   -9 -407
 2  8 D   -9 -399
 2  9 D   -9 -407
 2 10 D   -9 -401
 2 11 D   -9 -408
 2 12 D   -9 -409
 2 13 D   -9 -408
 2 14 D   -9 -405
 2 15 D   -9 -400
 2 16 D   -9 -405
 2 17 D   -9 -404
 2 18 D   -9 -405
 2 19 D   -9 -406
 2 20 D   -9 -395
 2 21 D   -9 -389
 2 22 D   -9 -403
 2 23 D   -9 -396
 2 24 D   -9 -402
 2 25 D   -9 -400
 2 26 D   -9 -403
 2 27 D   -9 -399
 2 28 D   -9 -402
 2  1 H  290  312
 2  2 H  290  326
 2  3 H  290  334
 2  4 H  290  281
 2  5 H  290  195
 2  6 H  290  243
 2  7 H  290  250
 2  8 H  290  286
 2  9 H  290  289
 2 10 H  290  301
 2 11 H  290  310
 2 12 H  290  285
 2 13 H  290  291
 2 14 H  290  297
 2 15 H  290  294
 2 16 H  290  293
 2 17 H  290  305
 2 18 H  290  305
 2 19 H  290  317
 2 20 H  290  287
 2 21 H  290  279
 2 22 H  290  292
 2 23 H  290  307
 2 24 H  290  304
 2 25 H  290  312
 2 26 H  290  322
 2 27 H  290  332
 2 28 H  290  336
 2  1 Z  230  852
 2  2 Z  230  851
 2  3 Z  230  851
 2  4 Z  230  857
 2  5 Z  230  876
 2  6 Z  230  869
 2  7 Z  230  870
 2  8 Z  230  861
 2  9 Z  230  858
 2 10 Z  230  860
 2 11 Z  230  853
 2 12 Z  230  857
 2 13 Z  230  860
 2 14 Z  230  857
 2 15 Z  230  858
 2 16 Z  230  855
 2 17 Z  230  855
 2 18 Z  230  856
 2 19 Z  230  855
 2 20 Z  230  858
 2 21 Z  230  859
 2 22 Z  230  857
 2 23 Z  230  852
 2 24 Z  230  854
 2 25 Z  230  851
 2 26 Z  230  850
 2 27 Z  230  845
 2 28 Z  230  844
 3  1 D   -9 -398
 3  2 D   -9 -394
 3  3 D   -9 -393
 3  4 D   -9 -390
 3  5 D   -9 -389
 3  6 D   -9 -389
 3  7 D   -9 -388
 3  8 D   -9 -393
 3  9 D   -9 -390
 3 10 D   -9 -391
 3 11 D   -9 -387
 3 12 D   -9 -385
 3 13 D   -9 -392
 3 14 D   -9 -389
 3 15 D   -9 -388
 3 16 D   -9 -389
 3 17 D   -9 -386
 3 18 D   -9 -389
 3 19 D   -9 -383
 3 20 D   -9 -383
 3 21 D   -9 -384
 3 22 D   -9 -380
 3 23 D   -9 -385
 3 24 D   -9 -383
 3 25 D   -9 -384
 3 26 D   -9 -381
 3 27 D   -9 -386
 3 28 D   -9 -385
 3 29 D   -9 -383
 3 30 D   -9 -381
 3 31 D   -9 -376
 3  1 H  290  331
 3  2 H  290  227
 3  3 H  290  270
 3  4 H  290  289
 3  5 H  290  285
 3  6 H  290  292
 3  7 H  290  312
 3  8 H  290  315
 3  9 H  290  334
 3 10 H  290  335
 3 11 H  290  321
 3 12 H  290  272
 3 13 H  290  277
 3 14 H  290  301
 3 15 H  290  312
 3 16 H  290  318
 3 17 H  290  320
 3 18 H  290  318
 3 19 H  290  301
 3 20 H  290  305
 3 21 H  290  316
 3 22 H  290  318
 3 23 H  290  321
 3 24 H  290  327
 3 25 H  290  281
 3 26 H  290  306
 3 27 H  290  323
 3 28 H  290  300
 3 29 H  290  285
 3 30 H  290  301
 3 31 H  290  308
 3  1 Z  230  847
 3  2 Z  230  864
 3  3 Z  230  856
 3  4 Z  230  855
 3  5 Z  230  857
 3  6 Z  230  859
 3  7 Z  230  852
 3  8 Z  230  851
 3  9 Z  230  848
 3 10 Z  230  846
 3 11 Z  230  847
 3 12 Z  230  860
 3 13 Z  230  865
 3 14 Z  230  855
 3 15 Z  230  851
 3 16 Z  230  848
 3 17 Z  230  847
 3 18 Z  230  847
 3 19 Z  230  850
 3 20 Z  230  851
 3 21 Z  230  848
 3 22 Z  230  849
 3 23 Z  230  846
 3 24 Z  230  846
 3 25 Z  230  854
 3 26 Z  230  852
 3 27 Z  230  846
 3 28 Z  230  849
 3 29 Z  230  853
 3 30 Z  230  852
 3 31 Z  230  849
 4  1 D   -9 -389
 4  2 D   -9 -380
 4  3 D   -9 -382
 4  4 D   -9 -379
 4  5 D   -9 -384
 4  6 D   -9 -379
 4  7 D   -9 -379
 4  8 D   -9 -379
 4  9 D   -9 -381
 4 10 D   -9 -382
 4 11 D   -9 -379
 4 12 D   -9 -383
 4 13 D   -9 -372
 4 14 D   -9 -363
 4 15 D   -9 -370
 4 16 D   -9 -381
 4 17 D   -9 -374
 4 18 D   -9 -380
 4 19 D   -9 -394
 4 20 D   -9 -391
 4 21 D   -9 -367
 4 22 D   -9 -362
 4 23 D   -9 -369
 4 24 D   -9 -369
 4 25 D   -9 -369
 4 26 D   -9 -380
 4 27 D   -9 -382
 4 28 D   -9 -375
 4 29 D   -9 -368
 4 30 D   -9 -369
 4  1 H  290  310
 4  2 H  290  315
 4  3 H  290  318
 4  4 H  290  319
 4  5 H  290  319
 4  6 H  290  313
 4  7 H  290  316
 4  8 H  290  324
 4  9 H  290  329
 4 10 H  290  330
 4 11 H  290  337
 4 12 H  290  337
 4 13 H  290  325
 4 14 H  290  319
 4 15 H  290  305
 4 16 H  290  314
 4 17 H  290  316
 4 18 H  290  330
 4 19 H  290  321
 4 20 H  290  318
 4 21 H  290  323
 4 22 H  290  320
 4 23 H  290  339
 4 24 H  290  310
 4 25 H  290  312
 4 26 H  290  314
 4 27 H  290  320
 4 28 H  290  332
 4 29 H  290  299
 4 30 H  290  312
 4  1 Z  230  850
 4  2 Z  230  851
 4  3 Z  230  846
 4  4 Z  230  845
 4  5 Z  230  843
 4  6 Z  230  845
 4  7 Z  230  843
 4  8 Z  230  844
 4  9 Z  230  846
 4 10 Z  230  837
 4 11 Z  230  842
 4 12 Z  230  839
 4 13 Z  230  845
 4 14 Z  230  847
 4 15 Z  230  846
 4 16 Z  230  844
 4 17 Z  230  845
 4 18 Z  230  844
 4 19 Z  230  840
 4 20 Z  230  841
 4 21 Z  230  844
 4 22 Z  230  841
 4 23 Z  230  838
 4 24 Z  230  844
 4 25 Z  230  845
 4 26 Z  230  845
 4 27 Z  230  841
 4 28 Z  230  838
 4 29 Z  230  845
 4 30 Z  230  843
 5  1 D   -9 -372
 5  2 D   -9 -384
 5  3 D   -9 -372
 5  4 D   -9 -372
 5  5 D   -9 -379
 5  6 D   -9 -381
 5  7 D   -9 -378
 5  8 D   -9 -375
 5  9 D   -9 -374
 5 10 D   -9 -373
 5 11 D   -9 -378
 5 12 D   -9 -368
 5 13 D   -9 -368
 5 14 D   -9 -370
 5 15 D   -9 -371
 5 16 D   -9 -371
 5 17 D   -9 -364
 5 18 D   -9 -371
 5 19 D   -9 -368
 5 20 D   -9 -364
 5 21 D   -9 -373
 5 22 D   -9 -367
 5 23 D   -9 -367
 5 24 D   -9 -367
 5 25 D   -9 -365
 5 26 D   -9 -374
 5 27 D   -9 -372
 5 28 D   -9 -368
 5 29 D   -9 -365
 5 30 D   -9 -367
 5 31 D   -9 -362
 5  1 H  290  329
 5  2 H  290  333
 5  3 H  290  354
 5  4 H  290  323
 5  5 H  290  330
 5  6 H  290  335
 5  7 H  290  337
 5  8 H  290  336
 5  9 H  290  339
 5 10 H  290  348
 5 11 H  290  332
 5 12 H  290  313
 5 13 H  290  303
 5 14 H  290  307
 5 15 H  290  313
 5 16 H  290  326
 5 17 H  290  317
 5 18 H  290  310
 5 19 H  290  334
 5 20 H  290  341
 5 21 H  290  342
 5 22 H  290  312
 5 23 H  290  305
 5 24 H  290  304
 5 25 H  290  298
 5 26 H  290  319
 5 27 H  290  317
 5 28 H  290  328
 5 29 H  290  339
 5 30 H  290  345
 5 31 H  290  343
 5  1 Z  230  840
 5  2 Z  230  837
 5  3 Z  230  836
 5  4 Z  230  843
 5  5 Z  230  839
 5  6 Z  230  839
 5  7 Z  230  837
 5  8 Z  230  837
 5  9 Z  230  835
 5 10 Z  230  837
 5 11 Z  230  838
 5 12 Z  230  844
 5 13 Z  230  844
 5 14 Z  230  837
 5 15 Z  230  838
 5 16 Z  230  839
 5 17 Z  230  843
 5 18 Z  230  840
 5 19 Z  230  837
 5 20 Z  230  836
 5 21 Z  230  836
 5 22 Z  230  842
 5 23 Z  230  842
 5 24 Z  230  847
 5 25 Z  230  848
 5 26 Z  230  835
 5 27 Z  230  840
 5 28 Z  230  837
 5 29 Z  230  831
 5 30 Z  230  830
 5 31 Z  230  835
 6  1 D   -9 -362
 6  2 D   -9 -365
 6  3 D   -9 -359
 6  4 D   -9 -370
 6  5 D   -9 -361
 6  6 D   -9 -364
 6  7 D   -9 -357
 6  8 D   -9 -372
 6  9 D   -9 -364
 6 10 D   -9 -359
 6 11 D   -9 -361
 6 12 D   -9 -369
 6 13 D   -9 -349
 6 14 D   -9 -365
 6 15 D   -9 -364
 6 16 D   -9 -360
 6 17 D   -9 -363
 6 18 D   -9 -364
 6 19 D   -9 -365
 6 20 D   -9 -364
 6 21 D   -9 -359
 6 22 D   -9 -362
 6 23 D   -9 -358
 6 24 D   -9 -360
 6 25 D   -9 -365
 6 26 D   -9 -355
 6 27 D   -9 -357
 6 28 D   -9 -355
 6 29 D   -9 -354
 6 30 D   -9 -354
 6  1 H  290  344
 6  2 H  290  343
 6  3 H  290  345
 6  4 H  290  351
 6  5 H  290  356
 6  6 H  290  347
 6  7 H  290  339
 6  8 H  290  344
 6  9 H  290  342
 6 10 H  290  321
 6 11 H  290  334
 6 12 H  290  360
 6 13 H  290  297
 6 14 H  290  314
 6 15 H  290  315
 6 16 H  290  331
 6 17 H  290  342
 6 18 H  290  335
 6 19 H  290  327
 6 20 H  290  334
 6 21 H  290  337
 6 22 H  290  329
 6 23 H  290  323
 6 24 H  290  333
 6 25 H  290  343
 6 26 H  290  346
 6 27 H  290  343
 6 28 H  290  349
 6 29 H  290  338
 6 30 H  290  346
 6  1 Z  230  832
 6  2 Z  230  834
 6  3 Z  230  832
 6  4 Z  230  834
 6  5 Z  230  830
 6  6 Z  230  832
 6  7 Z  230  832
 6  8 Z  230  831
 6  9 Z  230  832
 6 10 Z  230  836
 6 11 Z  230  831
 6 12 Z  230  826
 6 13 Z  230  843
 6 14 Z  230  838
 6 15 Z  230  839
 6 16 Z  230  835
 6 17 Z  230  834
 6 18 Z  230  834
 6 19 Z  230  835
 6 20 Z  230  829
 6 21 Z  230  832
 6 22 Z  230  832
 6 23 Z  230  831
 6 24 Z  230  825
 6 25 Z  230  828
 6 26 Z  230  826
 6 27 Z  230  824
 6 28 Z  230  819
 6 29 Z  230  824
 6 30 Z  230  825
 7  1 D   -9 -356
 7  2 D   -9 -353
 7  3 D   -9 -357
 7  4 D   -9 -354
 7  5 D   -9 -359
 7  6 D   -9  NaN
 7  7 D   -9  NaN
 7  8 D   -9  NaN
 7  9 D   -9 -356
 7 10 D   -9 -348
 7 11 D   -9 -351
 7 12 D   -9 -359
 7 13 D   -9 -354
 7 14 D   -9 -352
 7 15 D   -9 -349
 7 16 D   -9 -349
 7 17 D   -9 -353
 7 18 D   -9 -354
 7 19 D   -9 -354
 7 20 D   -9 -348
 7 21 D   -9 -351
 7 22 D   -9 -349
 7 23 D   -9 -355
 7 24 D   -9 -345
 7 25 D   -9 -351
 7 26 D   -9 -351
 7 27 D   -9 -350
 7 28 D   -9 -348
 7 29 D   -9 -350
 7 30 D   -9 -345
 7 31 D   -9 -345
 7  1 H  290  344
 7  2 H  290  353
 7  3 H  290  347
 7  4 H  290  352
 7  5 H  290  353
 7  6 H  290  NaN
 7  7 H  290  NaN
 7  8 H  290  NaN
 7  9 H  290  343
 7 10 H  290  344
 7 11 H  290  349
 7 12 H  290  345
 7 13 H  290  322
 7 14 H  290  336
 7 15 H  290  350
 7 16 H  290  347
 7 17 H  290  335
 7 18 H  290  340
 7 19 H  290  337
 7 20 H  290  343
 7 21 H  290  344
 7 22 H  290  350
 7 23 H  290  346
 7 24 H  290  307
 7 25 H  290  327
 7 26 H  290  338
 7 27 H  290  338
 7 28 H  290  343
 7 29 H  290  341
 7 30 H  290  339
 7 31 H  290  338
 7  1 Z  230  823
 7  2 Z  230  824
 7  3 Z  230  819
 7  4 Z  230  820
 7  5 Z  230  824
 7  6 Z  230  NaN
 7  7 Z  230  NaN
 7  8 Z  230  NaN
 7  9 Z  230  821
 7 10 Z  230  819
 7 11 Z  230  818
 7 12 Z  230  817
 7 13 Z  230  825
 7 14 Z  230  822
 7 15 Z  230  822
 7 16 Z  230  824
 7 17 Z  230  826
 7 18 Z  230  821
 7 19 Z  230  823
 7 20 Z  230  822
 7 21 Z  230  820
 7 22 Z  230  818
 7 23 Z  230  826
 7 24 Z  230  837
 7 25 Z  230  823
 7 26 Z  230  821
 7 27 Z  230  821
 7 28 Z  230  821
 7 29 Z  230  821
 7 30 Z  230  819
 7 31 Z  230  818
 8  1 D   -9 -353
 8  2 D   -9 -349
 8  3 D   -9 -348
 8  4 D   -9 -350
 8  5 D   -9 -350
 8  6 D   -9 -350
 8  7 D   -9 -347
 8  8 D   -9 -337
 8  9 D   -9 -347
 8 10 D   -9 -347
 8 11 D   -9 -343
 8 12 D   -9 -350
 8 13 D   -9 -339
 8 14 D   -9 -345
 8 15 D   -9 -344
 8 16 D   -9 -344
 8 17 D   -9 -342
 8 18 D   -9 -347
 8 19 D   -9 -349
 8 20 D   -9 -347
 8 21 D   -9 -339
 8 22 D   -9 -345
 8 23 D   -9 -338
 8 24 D   -9 -343
 8 25 D   -9 -339
 8 26 D   -9 -342
 8 27 D   -9 -347
 8 28 D   -9 -343
 8 29 D   -9 -346
 8 30 D   -9 -340
 8 31 D   -9 -343
 8  1 H  290  350
 8  2 H  290  331
 8  3 H  290  336
 8  4 H  290  338
 8  5 H  290  341
 8  6 H  290  355
 8  7 H  290  356
 8  8 H  290  281
 8  9 H  290  313
 8 10 H  290  331
 8 11 H  290  338
 8 12 H  290  333
 8 13 H  290  330
 8 14 H  290  341
 8 15 H  290  346
 8 16 H  290  345
 8 17 H  290  357
 8 18 H  290  356
 8 19 H  290  361
 8 20 H  290  338
 8 21 H  290  327
 8 22 H  290  332
 8 23 H  290  319
 8 24 H  290  328
 8 25 H  290  327
 8 26 H  290  327
 8 27 H  290  340
 8 28 H  290  345
 8 29 H  290  352
 8 30 H  290  336
 8 31 H  290  343
 8  1 Z  230  814
 8  2 Z  230  819
 8  3 Z  230  824
 8  4 Z  230  819
 8  5 Z  230  822
 8  6 Z  230  817
 8  7 Z  230  815
 8  8 Z  230  831
 8  9 Z  230  827
 8 10 Z  230  820
 8 11 Z  230  815
 8 12 Z  230  818
 8 13 Z  230  821
 8 14 Z  230  819
 8 15 Z  230  818
 8 16 Z  230  816
 8 17 Z  230  813
 8 18 Z  230  810
 8 19 Z  230  810
 8 20 Z  230  814
 8 21 Z  230  822
 8 22 Z  230  818
 8 23 Z  230  821
 8 24 Z  230  818
 8 25 Z  230  816
 8 26 Z  230  819
 8 27 Z  230  816
 8 28 Z  230  815
 8 29 Z  230  809
 8 30 Z  230  815
 8 31 Z  230  813
 9  1 D   -9 -351
 9  2 D   -9 -349
 9  3 D   -9 -352
 9  4 D   -9  NaN
 9  5 D   -9 -349
 9  6 D   -9  NaN
 9  7 D   -9 -351
 9  8 D   -9 -356
 9  9 D   -9 -347
 9 10 D   -9 -342
 9 11 D   -9 -347
 9 12 D   -9 -346
 9 13 D   -9  NaN
 9 14 D   -9 -336
 9 15 D   -9 -333
 9 16 D   -9 -334
 9 17 D   -9 -332
 9 18 D   -9 -328
 9 19 D   -9 -328
 9 20 D   -9 -335
 9 21 D   -9 -332
 9 22 D   -9 -330
 9 23 D   -9 -335
 9 24 D   -9 -337
 9 25 D   -9 -329
 9 26 D   -9 -330
 9 27 D   -9 -330
 9 28 D   -9 -331
 9 29 D   -9 -328
 9 30 D   -9 -332
 9  1 H  290  341
 9  2 H  290  343
 9  3 H  290  348
 9  4 H  290  NaN
 9  5 H  290  358
 9  6 H  290  NaN
 9  7 H  290  342
 9  8 H  290  346
 9  9 H  290  339
 9 10 H  290  340
 9 11 H  290  346
 9 12 H  290  343
 9 13 H  290  NaN
 9 14 H  290  352
 9 15 H  290  338
 9 16 H  290  315
 9 17 H  290  324
 9 18 H  290  337
 9 19 H  290  319
 9 20 H  290  322
 9 21 H  290  329
 9 22 H  290  331
 9 23 H  290  343
 9 24 H  290  343
 9 25 H  290  342
 9 26 H  290  335
 9 27 H  290  338
 9 28 H  290  344
 9 29 H  290  349
 9 30 H  290  352
 9  1 Z  230  811
 9  2 Z  230  809
 9  3 Z  230  811
 9  4 Z  230  NaN
 9  5 Z  230  807
 9  6 Z  230  NaN
 9  7 Z  230  810
 9  8 Z  230  809
 9  9 Z  230  807
 9 10 Z  230  805
 9 11 Z  230  806
 9 12 Z  230  807
 9 13 Z  230  NaN
 9 14 Z  230  804
 9 15 Z  230  806
 9 16 Z  230  814
 9 17 Z  230  810
 9 18 Z  230  807
 9 19 Z  230  809
 9 20 Z  230  814
 9 21 Z  230  810
 9 22 Z  230  809
 9 23 Z  230  808
 9 24 Z  230  804
 9 25 Z  230  805
 9 26 Z  230  808
 9 27 Z  230  807
 9 28 Z  230  805
 9 29 Z  230  803
 9 30 Z  230  806
10  1 D   -9 -328
10  2 D   -9 -322
10  3 D   -9 -329
10  4 D   -9 -332
10  5 D   -9 -325
10  6 D   -9 -330
10  7 D   -9 -326
10  8 D   -9 -329
10  9 D   -9 -330
10 10 D   -9 -335
10 11 D   -9 -329
10 12 D   -9 -323
10 13 D   -9 -326
10 14 D   -9 -329
10 15 D   -9 -333
10 16 D   -9 -328
10 17 D   -9 -331
10 18 D   -9 -327
10 19 D   -9 -330
10 20 D   -9 -332
10 21 D   -9 -332
10 22 D   -9 -328
10 23 D   -9 -327
10 24 D   -9 -330
10 25 D   -9 -329
10 26 D   -9 -324
10 27 D   -9 -326
10 28 D   -9 -328
10 29 D   -9 -326
10 30 D   -9 -327
10 31 D   -9 -322
10  1 H  290  346
10  2 H  290  330
10  3 H  290  325
10  4 H  290  320
10  5 H  290  336
10  6 H  290  342
10  7 H  290  343
10  8 H  290  342
10  9 H  290  345
10 10 H  290  351
10 11 H  290  348
10 12 H  290  360
10 13 H  290  330
10 14 H  290  330
10 15 H  290  325
10 16 H  290  337
10 17 H  290  319
10 18 H  290  299
10 19 H  290  328
10 20 H  290  339
10 21 H  290  350
10 22 H  290  339
10 23 H  290  330
10 24 H  290  333
10 25 H  290  341
10 26 H  290  348
10 27 H  290  350
10 28 H  290  359
10 29 H  290  316
10 30 H  290  315
10 31 H  290  327
10  1 Z  230  805
10  2 Z  230  809
10  3 Z  230  809
10  4 Z  230  808
10  5 Z  230  805
10  6 Z  230  804
10  7 Z  230  806
10  8 Z  230  803
10  9 Z  230  800
10 10 Z  230  801
10 11 Z  230  801
10 12 Z  230  800
10 13 Z  230  805
10 14 Z  230  808
10 15 Z  230  804
10 16 Z  230  805
10 17 Z  230  808
10 18 Z  230  809
10 19 Z  230  807
10 20 Z  230  804
10 21 Z  230  803
10 22 Z  230  802
10 23 Z  230  805
10 24 Z  230  803
10 25 Z  230  799
10 26 Z  230  799
10 27 Z  230  798
10 28 Z  230  795
10 29 Z  230  803
10 30 Z  230  802
10 31 Z  230  801
11  1 D   -9 -320
11  2 D   -9 -316
11  3 D   -9 -320
11  4 D   -9 -324
11  5 D   -9 -322
11  6 D   -9 -319
11  7 D   -9 -319
11  8 D   -9 -312
11  9 D   -9 -313
11 10 D   -9 -313
11 11 D   -9 -316
11 12 D   -9 -320
11 13 D   -9 -318
11 14 D   -9 -319
11 15 D   -9 -316
11 16 D   -9 -313
11 17 D   -9 -313
11 18 D   -9 -316
11 19 D   -9 -315
11 20 D   -9 -315
11 21 D   -9 -315
11 22 D   -9 -316
11 23 D   -9 -317
11 24 D   -9 -318
11 25 D   -9 -314
11 26 D   -9 -316
11 27 D   -9 -319
11 28 D   -9 -320
11 29 D   -9 -314
11 30 D   -9 -315
11  1 H  290  334
11  2 H  290  325
11  3 H  290  334
11  4 H  290  344
11  5 H  290  347
11  6 H  290  357
11  7 H  290  337
11  8 H  290  320
11  9 H  290  318
11 10 H  290  308
11 11 H  290  328
11 12 H  290  299
11 13 H  290  302
11 14 H  290  309
11 15 H  290  323
11 16 H  290  321
11 17 H  290  321
11 18 H  290  323
11 19 H  290  334
11 20 H  290  331
11 21 H  290  334
11 22 H  290  344
11 23 H  290  346
11 24 H  290  352
11 25 H  290  342
11 26 H  290  331
11 27 H  290  342
11 28 H  290  349
11 29 H  290  338
11 30 H  290  337
11  1 Z  230  797
11  2 Z  230  799
11  3 Z  230  797
11  4 Z  230  796
11  5 Z  230  794
11  6 Z  230  789
11  7 Z  230  795
11  8 Z  230  796
11  9 Z  230  799
11 10 Z  230  802
11 11 Z  230  797
11 12 Z  230  805
11 13 Z  230  802
11 14 Z  230  801
11 15 Z  230  797
11 16 Z  230  799
11 17 Z  230  799
11 18 Z  230  800
11 19 Z  230  798
11 20 Z  230  797
11 21 Z  230  795
11 22 Z  230  793
11 23 Z  230  792
11 24 Z  230  791
11 25 Z  230  791
11 26 Z  230  794
11 27 Z  230  793
11 28 Z  230  793
11 29 Z  230  793
11 30 Z  230  795
12  1 D   -9 -318
12  2 D   -9 -321
12  3 D   -9 -322
12  4 D   -9 -320
12  5 D   -9 -319
12  6 D   -9 -315
12  7 D   -9 -318
12  8 D   -9 -318
12  9 D   -9 -315
12 10 D   -9 -319
12 11 D   -9 -318
12 12 D   -9 -311
12 13 D   -9 -312
12 14 D   -9 -311
12 15 D   -9 -313
12 16 D   -9 -311
12 17 D   -9 -312
12 18 D   -9 -314
12 19 D   -9 -314
12 20 D   -9 -311
12 21 D   -9 -314
12 22 D   -9 -312
12 23 D   -9 -312
12 24 D   -9 -312
12 25 D   -9 -316
12 26 D   -9 -311
12 27 D   -9 -309
12 28 D   -9 -307
12 29 D   -9 -306
12 30 D   -9 -306
12 31 D   -9 -309
12  1 H  290  343
12  2 H  290  340
12  3 H  290  344
12  4 H  290  352
12  5 H  290  345
12  6 H  290  327
12  7 H  290  320
12  8 H  290  338
12  9 H  290  349
12 10 H  290  330
12 11 H  290  326
12 12 H  290  317
12 13 H  290  326
12 14 H  290  326
12 15 H  290  324
12 16 H  290  332
12 17 H  290  339
12 18 H  290  344
12 19 H  290  346
12 20 H  290  344
12 21 H  290  349
12 22 H  290  340
12 23 H  290  342
12 24 H  290  341
12 25 H  290  339
12 26 H  290  349
12 27 H  290  335
12 28 H  290  337
12 29 H  290  348
12 30 H  290  329
12 31 H  290  330
12  1 Z  230  795
12  2 Z  230  794
12  3 Z  230  789
12  4 Z  230  790
12  5 Z  230  790
12  6 Z  230  793
12  7 Z  230  795
12  8 Z  230  794
12  9 Z  230  790
12 10 Z  230  792
12 11 Z  230  792
12 12 Z  230  794
12 13 Z  230  794
12 14 Z  230  794
12 15 Z  230  793
12 16 Z  230  794
12 17 Z  230  791
12 18 Z  230  790
12 19 Z  230  791
12 20 Z  230  789
12 21 Z  230  788
12 22 Z  230  789
12 23 Z  230  788
12 24 Z  230  789
12 25 Z  230  791
12 26 Z  230  787
12 27 Z  230  786
12 28 Z  230  785
12 29 Z  230  785
12 30 Z  230  789
12 31 Z  230  791
