 1  1 D  -10 -517
 1  2 D  -10 -526
 1  3 D  -10 -524
 1  4 D  -10 -519
 1  5 D  -10 -521
 1  6 D  -10 -520
 1  7 D  -10 -518
 1  8 D  -10 -523
 1  9 D  -10 -518
 1 10 D  -10 -515
 1 11 D  -10 -510
 1 12 D  -10 -517
 1 13 D  -10 -517
 1 14 D  -10 -515
 1 15 D  -10 -521
 1 16 D  -10 -522
 1 17 D  -10 -516
 1 18 D  -10 -522
 1 19 D  -10 -518
 1 20 D  -10 -513
 1 21 D  -10 -513
 1 22 D  -10 -513
 1 23 D  -10 -513
 1 24 D  -10 -519
 1 25 D  -10 -519
 1 26 D  -10 -516
 1 27 D  -10 -512
 1 28 D  -10 -517
 1 29 D  -10 -521
 1 30 D  -10 -530
 1 31 D  -10 -529
 1  1 H  285  497
 1  2 H  285  509
 1  3 H  285  517
 1  4 H  285  503
 1  5 H  285  489
 1  6 H  285  493
 1  7 H  285  481
 1  8 H  285  481
 1  9 H  285  494
 1 10 H  285  499
 1 11 H  285  503
 1 12 H  285  516
 1 13 H  285  492
 1 14 H  285  475
 1 15 H  285  494
 1 16 H  285  488
 1 17 H  285  493
 1 18 H  285  496
 1 19 H  285  499
 1 20 H  285  505
 1 21 H  285  504
 1 22 H  285  508
 1 23 H  285  506
 1 24 H  285  508
 1 25 H  285  516
 1 26 H  285  521
 1 27 H  285  511
 1 28 H  285  503
 1 29 H  285  520
 1 30 H  285  522
 1 31 H  285  482
 1  1 Z  240  484
 1  2 Z  240  482
 1  3 Z  240  480
 1  4 Z  240  482
 1  5 Z  240  486
 1  6 Z  240  486
 1  7 Z  240  486
 1  8 Z  240  490
 1  9 Z  240  485
 1 10 Z  240  484
 1 11 Z  240  482
 1 12 Z  240  482
 1 13 Z  240  486
 1 14 Z  240  488
 1 15 Z  240  485
 1 16 Z  240  482
 1 17 Z  240  486
 1 18 Z  240  483
 1 19 Z  240  483
 1 20 Z  240  481
 1 21 Z  240  483
 1 22 Z  240  482
 1 23 Z  240  481
 1 24 Z  240  480
 1 25 Z  240  479
 1 26 Z  240  477
 1 27 Z  240  479
 1 28 Z  240  478
 1 29 Z  240  477
 1 30 Z  240  474
 1 31 Z  240  475
 2  1 D  -10 -520
 2  2 D  -10 -517
 2  3 D  -10 -521
 2  4 D  -10 -519
 2  5 D  -10 -513
 2  6 D  -10 -516
 2  7 D  -10 -516
 2  8 D  -10 -524
 2  9 D  -10 -525
 2 10 D  -10 -513
 2 11 D  -10 -518
 2 12 D  -10 -522
 2 13 D  -10 -520
 2 14 D  -10 -522
 2 15 D  -10 -517
 2 16 D  -10 -520
 2 17 D  -10 -520
 2 18 D  -10  NaN
 2 19 D  -10 -522
 2 20 D  -10 -522
 2 21 D  -10 -521
 2 22 D  -10 -522
 2 23 D  -10 -521
 2 24 D  -10 -518
 2 25 D  -10 -514
 2 26 D  -10 -518
 2 27 D  -10 -521
 2 28 D  -10 -523
 2  1 H  285  450
 2  2 H  285  451
 2  3 H  285  453
 2  4 H  285  461
 2  5 H  285  459
 2  6 H  285  466
 2  7 H  285  454
 2  8 H  285  471
 2  9 H  285  466
 2 10 H  285  446
 2 11 H  285  447
 2 12 H  285  440
 2 13 H  285  453
 2 14 H  285  449
 2 15 H  285  459
 2 16 H  285  452
 2 17 H  285  457
 2 18 H  285  NaN
 2 19 H  285  468
 2 20 H  285  476
 2 21 H  285  473
 2 22 H  285  477
 2 23 H  285  450
 2 24 H  285  453
 2 25 H  285  455
 2 26 H  285  464
 2 27 H  285  474
 2 28 H  285  477
 2  1 Z  240  473
 2  2 Z  240  472
 2  3 Z  240  467
 2  4 Z  240  466
 2  5 Z  240  468
 2  6 Z  240  469
 2  7 Z  240  470
 2  8 Z  240  467
 2  9 Z  240  466
 2 10 Z  240  469
 2 11 Z  240  469
 2 12 Z  240  472
 2 13 Z  240  469
 2 14 Z  240  467
 2 15 Z  240  470
 2 16 Z  240  471
 2 17 Z  240  469
 2 18 Z  240  NaN
 2 19 Z  240  469
 2 20 Z  240  467
 2 21 Z  240  467
 2 22 Z  240  465
 2 23 Z  240  467
 2 24 Z  240  467
 2 25 Z  240  467
 2 26 Z  240  462
 2 27 Z  240  462
 2 28 Z  240  462
 3  1 D  -10 -516
 3  2 D  -10 -510
 3  3 D  -10 -506
 3  4 D  -10 -507
 3  5 D  -10 -506
 3  6 D  -10 -511
 3  7 D  -10 -508
 3  8 D  -10 -510
 3  9 D  -10 -513
 3 10 D  -10 -498
 3 11 D  -10 -509
 3 12 D  -10 -510
 3 13 D  -10 -514
 3 14 D  -10 -511
 3 15 D  -10 -515
 3 16 D  -10 -517
 3 17 D  -10 -508
 3 18 D  -10 -508
 3 19 D  -10 -509
 3 20 D  -10 -512
 3 21 D  -10 -505
 3 22 D  -10 -507
 3 23 D  -10 -500
 3 24 D  -10 -500
 3 25 D  -10 -504
 3 26 D  -10 -514
 3 27 D  -10 -517
 3 28 D  -10 -512
 3 29 D  -10 -517
 3 30 D  -10 -509
 3 31 D  -10 -504
 3  1 H  285  461
 3  2 H  285  466
 3  3 H  285  476
 3  4 H  285  473
 3  5 H  285  452
 3  6 H  285  448
 3  7 H  285  465
 3  8 H  285  474
 3  9 H  285  474
 3 10 H  285  420
 3 11 H  285  437
 3 12 H  285  440
 3 13 H  285  448
 3 14 H  285  458
 3 15 H  285  450
 3 16 H  285  452
 3 17 H  285  458
 3 18 H  285  446
 3 19 H  285  465
 3 20 H  285  457
 3 21 H  285  466
 3 22 H  285  470
 3 23 H  285  453
 3 24 H  285  455
 3 25 H  285  460
 3 26 H  285  466
 3 27 H  285  442
 3 28 H  285  445
 3 29 H  285  455
 3 30 H  285  468
 3 31 H  285  471
 3  1 Z  240  468
 3  2 Z  240  462
 3  3 Z  240  460
 3  4 Z  240  462
 3  5 Z  240  464
 3  6 Z  240  465
 3  7 Z  240  462
 3  8 Z  240  459
 3  9 Z  240  458
 3 10 Z  240  469
 3 11 Z  240  472
 3 12 Z  240  468
 3 13 Z  240  466
 3 14 Z  240  467
 3 15 Z  240  465
 3 16 Z  240  466
 3 17 Z  240  461
 3 18 Z  240  465
 3 19 Z  240  464
 3 20 Z  240  458
 3 21 Z  240  459
 3 22 Z  240  455
 3 23 Z  240  457
 3 24 Z  240  456
 3 25 Z  240  457
 3 26 Z  240  454
 3 27 Z  240  460
 3 28 Z  240  463
 3 29 Z  240  459
 3 30 Z  240  459
 3 31 Z  240  461
 4  1 D  -10 -501
 4  2 D  -10 -494
 4  3 D  -10 -491
 4  4 D  -10 -489
 4  5 D  -10 -485
 4  6 D  -10 -482
 4  7 D  -10 -483
 4  8 D  -10 -495
 4  9 D  -10 -498
 4 10 D  -10 -499
 4 11 D  -10 -484
 4 12 D  -10 -472
 4 13 D  -10 -488
 4 14 D  -10 -488
 4 15 D  -10 -489
 4 16 D  -10 -485
 4 17 D  -10 -481
 4 18 D  -10 -479
 4 19 D  -10 -474
 4 20 D  -10 -478
 4 21 D  -10 -478
 4 22 D  -10 -480
 4 23 D  -10 -481
 4 24 D  -10 -473
 4 25 D  -10 -480
 4 26 D  -10 -474
 4 27 D  -10 -471
 4 28 D  -10 -482
 4 29 D  -10 -486
 4 30 D  -10 -481
 4  1 H  285  502
 4  2 H  285  530
 4  3 H  285  525
 4  4 H  285  530
 4  5 H  285  524
 4  6 H  285  521
 4  7 H  285  520
 4  8 H  285  504
 4  9 H  285  500
 4 10 H  285  506
 4 11 H  285  507
 4 12 H  285  520
 4 13 H  285  510
 4 14 H  285  514
 4 15 H  285  520
 4 16 H  285  517
 4 17 H  285  532
 4 18 H  285  531
 4 19 H  285  540
 4 20 H  285  510
 4 21 H  285  514
 4 22 H  285  520
 4 23 H  285  519
 4 24 H  285  523
 4 25 H  285  528
 4 26 H  285  531
 4 27 H  285  534
 4 28 H  285  540
 4 29 H  285  541
 4 30 H  285  539
 4  1 Z  240  459
 4  2 Z  240  463
 4  3 Z  240  461
 4  4 Z  240  463
 4  5 Z  240  462
 4  6 Z  240  465
 4  7 Z  240  467
 4  8 Z  240  468
 4  9 Z  240  463
 4 10 Z  240  465
 4 11 Z  240  463
 4 12 Z  240  464
 4 13 Z  240  467
 4 14 Z  240  463
 4 15 Z  240  458
 4 16 Z  240  461
 4 17 Z  240  456
 4 18 Z  240  458
 4 19 Z  240  462
 4 20 Z  240  465
 4 21 Z  240  464
 4 22 Z  240  463
 4 23 Z  240  459
 4 24 Z  240  460
 4 25 Z  240  461
 4 26 Z  240  458
 4 27 Z  240  460
 4 28 Z  240  456
 4 29 Z  240  456
 4 30 Z  240  455
 5  1 D  -10 -501
 5  2 D  -10 -500
 5  3 D  -10 -495
 5  4 D  -10 -496
 5  5 D  -10 -485
 5  6 D  -10 -488
 5  7 D  -10 -491
 5  8 D  -10 -489
 5  9 D  -10 -490
 5 10 D  -10 -492
 5 11 D  -10 -495
 5 12 D  -10 -497
 5 13 D  -10 -502
 5 14 D  -10 -494
 5 15 D  -10 -493
 5 16 D  -10 -487
 5 17 D  -10 -496
 5 18 D  -10 -492
 5 19 D  -10 -484
 5 20 D  -10 -487
 5 21 D  -10 -484
 5 22 D  -10 -480
 5 23 D  -10 -475
 5 24 D  -10 -473
 5 25 D  -10 -467
 5 26 D  -10 -473
 5 27 D  -10 -469
 5 28 D  -10 -469
 5 29 D  -10 -470
 5 30 D  -10 -464
 5 31 D  -10 -466
 5  1 H  285  537
 5  2 H  285  523
 5  3 H  285  525
 5  4 H  285  531
 5  5 H  285  525
 5  6 H  285  512
 5  7 H  285  520
 5  8 H  285  523
 5  9 H  285  521
 5 10 H  285  517
 5 11 H  285  523
 5 12 H  285  538
 5 13 H  285  543
 5 14 H  285  520
 5 15 H  285  529
 5 16 H  285  536
 5 17 H  285  528
 5 18 H  285  532
 5 19 H  285  538
 5 20 H  285  527
 5 21 H  285  530
 5 22 H  285  532
 5 23 H  285  535
 5 24 H  285  534
 5 25 H  285  535
 5 26 H  285  531
 5 27 H  285  543
 5 28 H  285  539
 5 29 H  285  536
 5 30 H  285  535
 5 31 H  285  541
 5  1 Z  240  442
 5  2 Z  240  445
 5  3 Z  240  447
 5  4 Z  240  446
 5  5 Z  240  449
 5  6 Z  240  454
 5  7 Z  240  453
 5  8 Z  240  449
 5  9 Z  240  444
 5 10 Z  240  444
 5 11 Z  240  445
 5 12 Z  240  442
 5 13 Z  240  440
 5 14 Z  240  449
 5 15 Z  240  450
 5 16 Z  240  445
 5 17 Z  240  448
 5 18 Z  240  445
 5 19 Z  240  448
 5 20 Z  240  453
 5 21 Z  240  447
 5 22 Z  240  454
 5 23 Z  240  453
 5 24 Z  240  453
 5 25 Z  240  457
 5 26 Z  240  455
 5 27 Z  240  452
 5 28 Z  240  451
 5 29 Z  240  450
 5 30 Z  240  451
 5 31 Z  240  451
 6  1 D  -10 -478
 6  2 D  -10 -467
 6  3 D  -10 -475
 6  4 D  -10 -478
 6  5 D  -10 -478
 6  6 D  -10 -472
 6  7 D  -10 -460
 6  8 D  -10 -455
 6  9 D  -10 -454
 6 10 D  -10 -461
 6 11 D  -10 -463
 6 12 D  -10 -465
 6 13 D  -10 -468
 6 14 D  -10 -464
 6 15 D  -10 -458
 6 16 D  -10 -460
 6 17 D  -10 -458
 6 18 D  -10 -466
 6 19 D  -10 -468
 6 20 D  -10 -467
 6 21 D  -10 -467
 6 22 D  -10 -469
 6 23 D  -10 -464
 6 24 D  -10 -460
 6 25 D  -10 -459
 6 26 D  -10 -465
 6 27 D  -10 -470
 6 28 D  -10 -472
 6 29 D  -10 -473
 6 30 D  -10 -470
 6  1 H  285  544
 6  2 H  285  527
 6  3 H  285  528
 6  4 H  285  536
 6  5 H  285  536
 6  6 H  285  533
 6  7 H  285  537
 6  8 H  285  537
 6  9 H  285  537
 6 10 H  285  537
 6 11 H  285  540
 6 12 H  285  533
 6 13 H  285  531
 6 14 H  285  536
 6 15 H  285  537
 6 16 H  285  532
 6 17 H  285  531
 6 18 H  285  531
 6 19 H  285  529
 6 20 H  285  532
 6 21 H  285  528
 6 22 H  285  530
 6 23 H  285  536
 6 24 H  285  543
 6 25 H  285  551
 6 26 H  285  542
 6 27 H  285  549
 6 28 H  285  548
 6 29 H  285  549
 6 30 H  285  528
 6  1 Z  240  450
 6  2 Z  240  453
 6  3 Z  240  450
 6  4 Z  240  449
 6  5 Z  240  446
 6  6 Z  240  451
 6  7 Z  240  451
 6  8 Z  240  450
 6  9 Z  240  446
 6 10 Z  240  447
 6 11 Z  240  447
 6 12 Z  240  449
 6 13 Z  240  449
 6 14 Z  240  445
 6 15 Z  240  447
 6 16 Z  240  452
 6 17 Z  240  449
 6 18 Z  240  451
 6 19 Z  240  449
 6 20 Z  240  446
 6 21 Z  240  447
 6 22 Z  240  446
 6 23 Z  240  448
 6 24 Z  240  446
 6 25 Z  240  443
 6 26 Z  240  441
 6 27 Z  240  438
 6 28 Z  240  439
 6 29 Z  240  441
 6 30 Z  240  444
 7  1 D  -10 -478
 7  2 D  -10 -478
 7  3 D  -10 -475
 7  4 D  -10 -464
 7  5 D  -10 -463
 7  6 D  -10 -469
 7  7 D  -10 -469
 7  8 D  -10 -477
 7  9 D  -10 -483
 7 10 D  -10 -487
 7 11 D  -10 -483
 7 12 D  -10 -479
 7 13 D  -10 -472
 7 14 D  -10 -467
 7 15 D  -10 -451
 7 16 D  -10 -449
 7 17 D  -10 -443
 7 18 D  -10 -453
 7 19 D  -10 -453
 7 20 D  -10 -457
 7 21 D  -10 -456
 7 22 D  -10 -447
 7 23 D  -10 -456
 7 24 D  -10 -463
 7 25 D  -10 -462
 7 26 D  -10 -459
 7 27 D  -10 -447
 7 28 D  -10 -450
 7 29 D  -10 -447
 7 30 D  -10 -451
 7 31 D  -10 -454
 7  1 H  285  535
 7  2 H  285  535
 7  3 H  285  535
 7  4 H  285  539
 7  5 H  285  541
 7  6 H  285  549
 7  7 H  285  536
 7  8 H  285  512
 7  9 H  285  520
 7 10 H  285  523
 7 11 H  285  531
 7 12 H  285  531
 7 13 H  285  530
 7 14 H  285  528
 7 15 H  285  527
 7 16 H  285  551
 7 17 H  285  543
 7 18 H  285  533
 7 19 H  285  537
 7 20 H  285  536
 7 21 H  285  539
 7 22 H  285  538
 7 23 H  285  535
 7 24 H  285  535
 7 25 H  285  523
 7 26 H  285  523
 7 27 H  285  532
 7 28 H  285  531
 7 29 H  285  558
 7 30 H  285  550
 7 31 H  285  545
 7  1 Z  240  446
 7  2 Z  240  446
 7  3 Z  240  445
 7  4 Z  240  448
 7  5 Z  240  442
 7  6 Z  240  437
 7  7 Z  240  442
 7  8 Z  240  448
 7  9 Z  240  446
 7 10 Z  240  449
 7 11 Z  240  442
 7 12 Z  240  442
 7 13 Z  240  442
 7 14 Z  240  442
 7 15 Z  240  443
 7 16 Z  240  444
 7 17 Z  240  441
 7 18 Z  240  443
 7 19 Z  240  440
 7 20 Z  240  441
 7 21 Z  240  440
 7 22 Z  240  442
 7 23 Z  240  441
 7 24 Z  240  441
 7 25 Z  240  446
 7 26 Z  240  446
 7 27 Z  240  444
 7 28 Z  240  443
 7 29 Z  240  437
 7 30 Z  240  437
 7 31 Z  240  436
 8  1 D  -10 -460
 8  2 D  -10 -466
 8  3 D  -10 -468
 8  4 D  -10 -470
 8  5 D  -10 -470
 8  6 D  -10 -467
 8  7 D  -10 -473
 8  8 D  -10 -472
 8  9 D  -10 -471
 8 10 D  -10 -462
 8 11 D  -10 -456
 8 12 D  -10 -448
 8 13 D  -10 -452
 8 14 D  -10 -456
 8 15 D  -10 -463
 8 16 D  -10 -469
 8 17 D  -10 -472
 8 18 D  -10 -472
 8 19 D  -10 -468
 8 20 D  -10 -464
 8 21 D  -10 -451
 8 22 D  -10 -454
 8 23 D  -10 -460
 8 24 D  -10 -472
 8 25 D  -10 -467
 8 26 D  -10 -459
 8 27 D  -10 -453
 8 28 D  -10 -455
 8 29 D  -10 -461
 8 30 D  -10 -462
 8 31 D  -10 -468
 8  1 H  285  545
 8  2 H  285  551
 8  3 H  285  541
 8  4 H  285  549
 8  5 H  285  531
 8  6 H  285  534
 8  7 H  285  536
 8  8 H  285  536
 8  9 H  285  529
 8 10 H  285  529
 8 11 H  285  536
 8 12 H  285  533
 8 13 H  285  534
 8 14 H  285  531
 8 15 H  285  523
 8 16 H  285  537
 8 17 H  285  539
 8 18 H  285  539
 8 19 H  285  536
 8 20 H  285  535
 8 21 H  285  536
 8 22 H  285  539
 8 23 H  285  536
 8 24 H  285  569
 8 25 H  285  561
 8 26 H  285  544
 8 27 H  285  545
 8 28 H  285  545
 8 29 H  285  532
 8 30 H  285  532
 8 31 H  285  541
 8  1 Z  240  439
 8  2 Z  240  434
 8  3 Z  240  436
 8  4 Z  240  436
 8  5 Z  240  444
 8  6 Z  240  439
 8  7 Z  240  439
 8  8 Z  240  441
 8  9 Z  240  442
 8 10 Z  240  442
 8 11 Z  240  435
 8 12 Z  240  440
 8 13 Z  240  437
 8 14 Z  240  439
 8 15 Z  240  442
 8 16 Z  240  439
 8 17 Z  240  436
 8 18 Z  240  435
 8 19 Z  240  436
 8 20 Z  240  436
 8 21 Z  240  436
 8 22 Z  240  434
 8 23 Z  240  432
 8 24 Z  240  432
 8 25 Z  240  432
 8 26 Z  240  431
 8 27 Z  240  431
 8 28 Z  240  427
 8 29 Z  240  432
 8 30 Z  240  433
 8 31 Z  240  429
 9  1 D  -10 -471
 9  2 D  -10 -464
 9  3 D  -10 -458
 9  4 D  -10 -458
 9  5 D  -10 -464
 9  6 D  -10 -482
 9  7 D  -10 -492
 9  8 D  -10 -497
 9  9 D  -10 -488
 9 10 D  -10 -483
 9 11 D  -10 -485
 9 12 D  -10 -481
 9 13 D  -10 -474
 9 14 D  -10 -476
 9 15 D  -10 -472
 9 16 D  -10 -484
 9 17 D  -10 -494
 9 18 D  -10 -502
 9 19 D  -10 -504
 9 20 D  -10 -498
 9 21 D  -10 -493
 9 22 D  -10 -491
 9 23 D  -10 -490
 9 24 D  -10 -492
 9 25 D  -10 -495
 9 26 D  -10 -497
 9 27 D  -10 -497
 9 28 D  -10 -501
 9 29 D  -10 -496
 9 30 D  -10 -490
 9  1 H  285  537
 9  2 H  285  536
 9  3 H  285  541
 9  4 H  285  547
 9  5 H  285  552
 9  6 H  285  539
 9  7 H  285  529
 9  8 H  285  533
 9  9 H  285  523
 9 10 H  285  521
 9 11 H  285  522
 9 12 H  285  526
 9 13 H  285  527
 9 14 H  285  530
 9 15 H  285  534
 9 16 H  285  534
 9 17 H  285  545
 9 18 H  285  531
 9 19 H  285  537
 9 20 H  285  537
 9 21 H  285  542
 9 22 H  285  548
 9 23 H  285  545
 9 24 H  285  547
 9 25 H  285  553
 9 26 H  285  536
 9 27 H  285  526
 9 28 H  285  543
 9 29 H  285  541
 9 30 H  285  543
 9  1 Z  240  427
 9  2 Z  240  432
 9  3 Z  240  430
 9  4 Z  240  429
 9  5 Z  240  428
 9  6 Z  240  423
 9  7 Z  240  425
 9  8 Z  240  426
 9  9 Z  240  430
 9 10 Z  240  429
 9 11 Z  240  426
 9 12 Z  240  426
 9 13 Z  240  426
 9 14 Z  240  429
 9 15 Z  240  425
 9 16 Z  240  422
 9 17 Z  240  422
 9 18 Z  240  420
 9 19 Z  240  422
 9 20 Z  240  424
 9 21 Z  240  422
 9 22 Z  240  423
 9 23 Z  240  425
 9 24 Z  240  421
 9 25 Z  240  418
 9 26 Z  240  419
 9 27 Z  240  425
 9 28 Z  240  420
 9 29 Z  240  422
 9 30 Z  240  416
10  1 D  -10 -487
10  2 D  -10 -489
10  3 D  -10 -486
10  4 D  -10 -487
10  5 D  -10 -481
10  6 D  -10 -479
10  7 D  -10 -478
10  8 D  -10 -481
10  9 D  -10 -482
10 10 D  -10 -486
10 11 D  -10 -476
10 12 D  -10 -486
10 13 D  -10 -488
10 14 D  -10 -488
10 15 D  -10 -485
10 16 D  -10 -496
10 17 D  -10 -494
10 18 D  -10 -487
10 19 D  -10 -468
10 20 D  -10 -462
10 21 D  -10 -459
10 22 D  -10 -468
10 23 D  -10 -464
10 24 D  -10  NaN
10 25 D  -10  NaN
10 26 D  -10 -466
10 27 D  -10 -458
10 28 D  -10 -449
10 29 D  -10 -453
10 30 D  -10 -450
10 31 D  -10 -447
10  1 H  285  546
10  2 H  285  551
10  3 H  285  546
10  4 H  285  536
10  5 H  285  539
10  6 H  285  526
10  7 H  285  519
10  8 H  285  514
10  9 H  285  517
10 10 H  285  522
10 11 H  285  531
10 12 H  285  525
10 13 H  285  533
10 14 H  285  532
10 15 H  285  543
10 16 H  285  546
10 17 H  285  539
10 18 H  285  545
10 19 H  285  523
10 20 H  285  538
10 21 H  285  548
10 22 H  285  554
10 23 H  285  563
10 24 H  285  NaN
10 25 H  285  NaN
10 26 H  285  557
10 27 H  285  552
10 28 H  285  552
10 29 H  285  540
10 30 H  285  510
10 31 H  285  514
10  1 Z  240  416
10  2 Z  240  417
10  3 Z  240  416
10  4 Z  240  420
10  5 Z  240  417
10  6 Z  240  421
10  7 Z  240  421
10  8 Z  240  424
10  9 Z  240  423
10 10 Z  240  425
10 11 Z  240  424
10 12 Z  240  423
10 13 Z  240  422
10 14 Z  240  422
10 15 Z  240  419
10 16 Z  240  418
10 17 Z  240  420
10 18 Z  240  418
10 19 Z  240  420
10 20 Z  240  421
10 21 Z  240  422
10 22 Z  240  418
10 23 Z  240  419
10 24 Z  240  NaN
10 25 Z  240  NaN
10 26 Z  240  418
10 27 Z  240  419
10 28 Z  240  416
10 29 Z  240  421
10 30 Z  240  419
10 31 Z  240  422
11  1 D  -10 -452
11  2 D  -10 -459
11  3 D  -10 -465
11  4 D  -10 -470
11  5 D  -10 -468
11  6 D  -10 -467
11  7 D  -10 -467
11  8 D  -10 -470
11  9 D  -10 -471
11 10 D  -10 -467
11 11 D  -10 -465
11 12 D  -10 -462
11 13 D  -10 -467
11 14 D  -10 -462
11 15 D  -10 -453
11 16 D  -10 -444
11 17 D  -10 -447
11 18 D  -10 -444
11 19 D  -10 -454
11 20 D  -10 -461
11 21 D  -10 -467
11 22 D  -10 -459
11 23 D  -10 -450
11 24 D  -10 -456
11 25 D  -10 -454
11 26 D  -10 -459
11 27 D  -10 -463
11 28 D  -10 -461
11 29 D  -10 -456
11 30 D  -10 -454
11  1 H  285  541
11  2 H  285  523
11  3 H  285  495
11  4 H  285  507
11  5 H  285  526
11  6 H  285  529
11  7 H  285  531
11  8 H  285  532
11  9 H  285  493
11 10 H  285  522
11 11 H  285  530
11 12 H  285  531
11 13 H  285  541
11 14 H  285  548
11 15 H  285  547
11 16 H  285  549
11 17 H  285  508
11 18 H  285  533
11 19 H  285  548
11 20 H  285  550
11 21 H  285  543
11 22 H  285  501
11 23 H  285  525
11 24 H  285  535
11 25 H  285  537
11 26 H  285  543
11 27 H  285  544
11 28 H  285  551
11 29 H  285  525
11 30 H  285  519
11  1 Z  240  420
11  2 Z  240  422
11  3 Z  240  426
11  4 Z  240  425
11  5 Z  240  423
11  6 Z  240  421
11  7 Z  240  421
11  8 Z  240  417
11  9 Z  240  426
11 10 Z  240  422
11 11 Z  240  422
11 12 Z  240  421
11 13 Z  240  420
11 14 Z  240  420
11 15 Z  240  418
11 16 Z  240  416
11 17 Z  240  420
11 18 Z  240  417
11 19 Z  240  414
11 20 Z  240  414
11 21 Z  240  414
11 22 Z  240  423
11 23 Z  240  421
11 24 Z  240  417
11 25 Z  240  417
11 26 Z  240  415
11 27 Z  240  416
11 28 Z  240  412
11 29 Z  240  417
11 30 Z  240  420
12  1 D  -10 -458
12  2 D  -10 -453
12  3 D  -10 -449
12  4 D  -10 -453
12  5 D  -10 -460
12  6 D  -10 -454
12  7 D  -10 -453
12  8 D  -10 -455
12  9 D  -10 -444
12 10 D  -10 -450
12 11 D  -10 -445
12 12 D  -10 -440
12 13 D  -10 -439
12 14 D  -10 -445
12 15 D  -10 -449
12 16 D  -10  NaN
12 17 D  -10  NaN
12 18 D  -10 -446
12 19 D  -10 -449
12 20 D  -10 -450
12 21 D  -10 -452
12 22 D  -10 -446
12 23 D  -10 -443
12 24 D  -10 -446
12 25 D  -10 -449
12 26 D  -10 -447
12 27 D  -10 -446
12 28 D  -10 -445
12 29 D  -10 -447
12 30 D  -10 -447
12 31 D  -10 -450
12  1 H  285  518
12  2 H  285  525
12  3 H  285  535
12  4 H  285  536
12  5 H  285  544
12  6 H  285  542
12  7 H  285  545
12  8 H  285  541
12  9 H  285  527
12 10 H  285  538
12 11 H  285  545
12 12 H  285  550
12 13 H  285  557
12 14 H  285  561
12 15 H  285  551
12 16 H  285  NaN
12 17 H  285  NaN
12 18 H  285  557
12 19 H  285  558
12 20 H  285  556
12 21 H  285  557
12 22 H  285  552
12 23 H  285  557
12 24 H  285  558
12 25 H  285  546
12 26 H  285  530
12 27 H  285  525
12 28 H  285  541
12 29 H  285  538
12 30 H  285  544
12 31 H  285  550
12  1 Z  240  421
12  2 Z  240  418
12  3 Z  240  420
12  4 Z  240  419
12  5 Z  240  418
12  6 Z  240  417
12  7 Z  240  415
12  8 Z  240  414
12  9 Z  240  417
12 10 Z  240  415
12 11 Z  240  415
12 12 Z  240  413
12 13 Z  240  411
12 14 Z  240  409
12 15 Z  240  409
12 16 Z  240  NaN
12 17 Z  240  NaN
12 18 Z  240  409
12 19 Z  240  407
12 20 Z  240  406
12 21 Z  240  406
12 22 Z  240  408
12 23 Z  240  407
12 24 Z  240  409
12 25 Z  240  409
12 26 Z  240  411
12 27 Z  240  413
12 28 Z  240  410
12 29 Z  240  410
12 30 Z  240  408
12 31 Z  240  408
