 1  1 D  -12 -200
 1  2 D  -12 -197
 1  3 D  -12  NaN
 1  4 D  -12 -198
 1  5 D  -12 -198
 1  6 D  -12 -195
 1  7 D  -12 -200
 1  8 D  -12  NaN
 1  9 D  -12 -201
 1 10 D  -12  NaN
 1 11 D  -12 -198
 1 12 D  -12 -194
 1 13 D  -12 -198
 1 14 D  -12 -196
 1 15 D  -12 -198
 1 16 D  -12 -195
 1 17 D  -12 -199
 1 18 D  -12 -196
 1 19 D  -12 -201
 1 20 D  -12 -202
 1 21 D  -12 -200
 1 22 D  -12 -203
 1 23 D  -12 -201
 1 24 D  -12 -197
 1 25 D  -12 -196
 1 26 D  -12 -195
 1 27 D  -12 -197
 1 28 D  -12 -197
 1 29 D  -12 -190
 1 30 D  -12 -190
 1 31 D  -12 -188
 1  1 H  280  415
 1  2 H  280  430
 1  3 H  280  NaN
 1  4 H  280  423
 1  5 H  280  421
 1  6 H  280  429
 1  7 H  280  431
 1  8 H  280  NaN
 1  9 H  280  436
 1 10 H  280  NaN
 1 11 H  280  448
 1 12 H  280  441
 1 13 H  280  428
 1 14 H  280  407
 1 15 H  280  409
 1 16 H  280  410
 1 17 H  280  436
 1 18 H  280  460
 1 19 H  280  448
 1 20 H  280  455
 1 21 H  280  464
 1 22 H  280  466
 1 23 H  280  468
 1 24 H  280  464
 1 25 H  280  433
 1 26 H  280  441
 1 27 H  280  457
 1 28 H  280  454
 1 29 H  280  456
 1 30 H  280  423
 1 31 H  280  391
 1  1 Z  250  485
 1  2 Z  250  485
 1  3 Z  250  NaN
 1  4 Z  250  484
 1  5 Z  250  485
 1  6 Z  250  482
 1  7 Z  250  484
 1  8 Z  250  NaN
 1  9 Z  250  479
 1 10 Z  250  NaN
 1 11 Z  250  481
 1 12 Z  250  482
 1 13 Z  250  482
 1 14 Z  250  484
 1 15 Z  250  483
 1 16 Z  250  484
 1 17 Z  250  487
 1 18 Z  250  491
 1 19 Z  250  492
 1 20 Z  250  491
 1 21 Z  250  491
 1 22 Z  250  491
 1 23 Z  250  490
 1 24 Z  250  489
 1 25 Z  250  488
 1 26 Z  250  485
 1 27 Z  250  483
 1 28 Z  250  483
 1 29 Z  250  479
 1 30 Z  250  485
 1 31 Z  250  493
 2  1 D  -12 -194
 2  2 D  -12 -193
 2  3 D  -12 -192
 2  4 D  -12 -195
 2  5 D  -12 -195
 2  6 D  -12  NaN
 2  7 D  -12 -189
 2  8 D  -12 -187
 2  9 D  -12 -187
 2 10 D  -12 -188
 2 11 D  -12 -191
 2 12 D  -12 -193
 2 13 D  -12 -193
 2 14 D  -12 -188
 2 15 D  -12 -187
 2 16 D  -12 -187
 2 17 D  -12 -189
 2 18 D  -12 -187
 2 19 D  -12 -184
 2 20 D  -12 -185
 2 21 D  -12 -187
 2 22 D  -12 -188
 2 23 D  -12 -186
 2 24 D  -12 -188
 2 25 D  -12 -179
 2 26 D  -12 -183
 2 27 D  -12 -187
 2 28 D  -12 -186
 2  1 H  280  404
 2  2 H  280  415
 2  3 H  280  436
 2  4 H  280  450
 2  5 H  280  437
 2  6 H  280  NaN
 2  7 H  280  442
 2  8 H  280  458
 2  9 H  280  468
 2 10 H  280  404
 2 11 H  280  417
 2 12 H  280  426
 2 13 H  280  412
 2 14 H  280  423
 2 15 H  280  425
 2 16 H  280  420
 2 17 H  280  432
 2 18 H  280  429
 2 19 H  280  436
 2 20 H  280  434
 2 21 H  280  424
 2 22 H  280  435
 2 23 H  280  442
 2 24 H  280  438
 2 25 H  280  431
 2 26 H  280  432
 2 27 H  280  448
 2 28 H  280  455
 2  1 Z  250  487
 2  2 Z  250  479
 2  3 Z  250  478
 2  4 Z  250  479
 2  5 Z  250  479
 2  6 Z  250  NaN
 2  7 Z  250  477
 2  8 Z  250  480
 2  9 Z  250  476
 2 10 Z  250  486
 2 11 Z  250  481
 2 12 Z  250  480
 2 13 Z  250  479
 2 14 Z  250  481
 2 15 Z  250  477
 2 16 Z  250  475
 2 17 Z  250  475
 2 18 Z  250  474
 2 19 Z  250  472
 2 20 Z  250  471
 2 21 Z  250  474
 2 22 Z  250  474
 2 23 Z  250  475
 2 24 Z  250  473
 2 25 Z  250  474
 2 26 Z  250  472
 2 27 Z  250  474
 2 28 Z  250  474
 3  1 D  -12 -192
 3  2 D  -12  NaN
 3  3 D  -12  NaN
 3  4 D  -12  NaN
 3  5 D  -12  NaN
 3  6 D  -12  NaN
 3  7 D  -12  NaN
 3  8 D  -12  NaN
 3  9 D  -12  NaN
 3 10 D  -12  NaN
 3 11 D  -12  NaN
 3 12 D  -12  NaN
 3 13 D  -12  NaN
 3 14 D  -12  NaN
 3 15 D  -12 -181
 3 16 D  -12 -181
 3 17 D  -12 -181
 3 18 D  -12 -170
 3 19 D  -12 -164
 3 20 D  -12 -158
 3 21 D  -12  NaN
 3 22 D  -12 -176
 3 23 D  -12 -177
 3 24 D  -12 -178
 3 25 D  -12 -184
 3 26 D  -12 -183
 3 27 D  -12 -178
 3 28 D  -12 -185
 3 29 D  -12 -184
 3 30 D  -12 -181
 3 31 D  -12 -183
 3  1 H  280  433
 3  2 H  280  NaN
 3  3 H  280  NaN
 3  4 H  280  NaN
 3  5 H  280  NaN
 3  6 H  280  NaN
 3  7 H  280  NaN
 3  8 H  280  NaN
 3  9 H  280  NaN
 3 10 H  280  NaN
 3 11 H  280  NaN
 3 12 H  280  NaN
 3 13 H  280  NaN
 3 14 H  280  NaN
 3 15 H  280  383
 3 16 H  280  379
 3 17 H  280  369
 3 18 H  280  NaN
 3 19 H  280  NaN
 3 20 H  280  331
 3 21 H  280  NaN
 3 22 H  280  376
 3 23 H  280  NaN
 3 24 H  280  409
 3 25 H  280  NaN
 3 26 H  280  NaN
 3 27 H  280  NaN
 3 28 H  280  NaN
 3 29 H  280  NaN
 3 30 H  280  NaN
 3 31 H  280  NaN
 3  1 Z  250  473
 3  2 Z  250  NaN
 3  3 Z  250  NaN
 3  4 Z  250  NaN
 3  5 Z  250  NaN
 3  6 Z  250  NaN
 3  7 Z  250  NaN
 3  8 Z  250  NaN
 3  9 Z  250  NaN
 3 10 Z  250  NaN
 3 11 Z  250  NaN
 3 12 Z  250  NaN
 3 13 Z  250  NaN
 3 14 Z  250  NaN
 3 15 Z  250  454
 3 16 Z  250  452
 3 17 Z  250  449
 3 18 Z  250  NaN
 3 19 Z  250  443
 3 20 Z  250  438
 3 21 Z  250  NaN
 3 22 Z  250  443
 3 23 Z  250  NaN
 3 24 Z  250  447
 3 25 Z  250  449
 3 26 Z  250  451
 3 27 Z  250  450
 3 28 Z  250  448
 3 29 Z  250  449
 3 30 Z  250  449
 3 31 Z  250  449
 4  1 D  -12 -174
 4  2 D  -12 -185
 4  3 D  -12 -183
 4  4 D  -12 -178
 4  5 D  -12 -180
 4  6 D  -12 -186
 4  7 D  -12 -186
 4  8 D  -12 -179
 4  9 D  -12 -175
 4 10 D  -12 -172
 4 11 D  -12 -176
 4 12 D  -12  NaN
 4 13 D  -12 -183
 4 14 D  -12  NaN
 4 15 D  -12 -178
 4 16 D  -12 -175
 4 17 D  -12 -170
 4 18 D  -12 -168
 4 19 D  -12 -162
 4 20 D  -12 -162
 4 21 D  -12 -158
 4 22 D  -12 -157
 4 23 D  -12 -159
 4 24 D  -12 -163
 4 25 D  -12 -163
 4 26 D  -12 -162
 4 27 D  -12 -167
 4 28 D  -12 -162
 4 29 D  -12 -162
 4 30 D  -12  NaN
 4  1 H  280  415
 4  2 H  280  NaN
 4  3 H  280  430
 4  4 H  280  NaN
 4  5 H  280  417
 4  6 H  280  417
 4  7 H  280  419
 4  8 H  280  425
 4  9 H  280  408
 4 10 H  280  422
 4 11 H  280  NaN
 4 12 H  280  NaN
 4 13 H  280  422
 4 14 H  280  NaN
 4 15 H  280  425
 4 16 H  280  432
 4 17 H  280  410
 4 18 H  280  388
 4 19 H  280  386
 4 20 H  280  366
 4 21 H  280  352
 4 22 H  280  355
 4 23 H  280  355
 4 24 H  280  375
 4 25 H  280  378
 4 26 H  280  377
 4 27 H  280  378
 4 28 H  280  398
 4 29 H  280  NaN
 4 30 H  280  NaN
 4  1 Z  250  449
 4  2 Z  250  450
 4  3 Z  250  NaN
 4  4 Z  250  449
 4  5 Z  250  450
 4  6 Z  250  451
 4  7 Z  250  451
 4  8 Z  250  NaN
 4  9 Z  250  449
 4 10 Z  250  449
 4 11 Z  250  449
 4 12 Z  250  NaN
 4 13 Z  250  451
 4 14 Z  250  NaN
 4 15 Z  250  450
 4 16 Z  250  450
 4 17 Z  250  449
 4 18 Z  250  447
 4 19 Z  250  444
 4 20 Z  250  441
 4 21 Z  250  438
 4 22 Z  250  436
 4 23 Z  250  438
 4 24 Z  250  437
 4 25 Z  250  436
 4 26 Z  250  437
 4 27 Z  250  NaN
 4 28 Z  250  438
 4 29 Z  250  NaN
 4 30 Z  250  NaN
 5  1 D  -12 -177
 5  2 D  -12  NaN
 5  3 D  -12 -177
 5  4 D  -12 -176
 5  5 D  -12 -182
 5  6 D  -12 -173
 5  7 D  -12 -180
 5  8 D  -12 -176
 5  9 D  -12 -178
 5 10 D  -12 -172
 5 11 D  -12 -174
 5 12 D  -12 -169
 5 13 D  -12 -166
 5 14 D  -12 -167
 5 15 D  -12 -160
 5 16 D  -12 -160
 5 17 D  -12 -168
 5 18 D  -12 -162
 5 19 D  -12 -161
 5 20 D  -12 -157
 5 21 D  -12 -167
 5 22 D  -12 -173
 5 23 D  -12 -167
 5 24 D  -12 -166
 5 25 D  -12 -170
 5 26 D  -12 -165
 5 27 D  -12 -179
 5 28 D  -12 -171
 5 29 D  -12 -166
 5 30 D  -12 -172
 5 31 D  -12 -171
 5  1 H  280  402
 5  2 H  280  NaN
 5  3 H  280  436
 5  4 H  280  438
 5  5 H  280  454
 5  6 H  280  456
 5  7 H  280  460
 5  8 H  280  445
 5  9 H  280  433
 5 10 H  280  424
 5 11 H  280  413
 5 12 H  280  399
 5 13 H  280  386
 5 14 H  280  377
 5 15 H  280  375
 5 16 H  280  373
 5 17 H  280  379
 5 18 H  280  371
 5 19 H  280  371
 5 20 H  280  365
 5 21 H  280  389
 5 22 H  280  NaN
 5 23 H  280  415
 5 24 H  280  424
 5 25 H  280  436
 5 26 H  280  416
 5 27 H  280  426
 5 28 H  280  417
 5 29 H  280  407
 5 30 H  280  416
 5 31 H  280  417
 5  1 Z  250  NaN
 5  2 Z  250  NaN
 5  3 Z  250  442
 5  4 Z  250  445
 5  5 Z  250  445
 5  6 Z  250  444
 5  7 Z  250  444
 5  8 Z  250  444
 5  9 Z  250  442
 5 10 Z  250  441
 5 11 Z  250  441
 5 12 Z  250  438
 5 13 Z  250  436
 5 14 Z  250  435
 5 15 Z  250  433
 5 16 Z  250  433
 5 17 Z  250  430
 5 18 Z  250  NaN
 5 19 Z  250  NaN
 5 20 Z  250  NaN
 5 21 Z  250  NaN
 5 22 Z  250  NaN
 5 23 Z  250  430
 5 24 Z  250  431
 5 25 Z  250  431
 5 26 Z  250  433
 5 27 Z  250  433
 5 28 Z  250  434
 5 29 Z  250  434
 5 30 Z  250  435
 5 31 Z  250  435
 6  1 D  -12 -165
 6  2 D  -12 -175
 6  3 D  -12 -169
 6  4 D  -12 -169
 6  5 D  -12 -165
 6  6 D  -12 -172
 6  7 D  -12 -160
 6  8 D  -12 -161
 6  9 D  -12 -159
 6 10 D  -12 -160
 6 11 D  -12 -155
 6 12 D  -12 -156
 6 13 D  -12 -154
 6 14 D  -12 -158
 6 15 D  -12 -156
 6 16 D  -12 -165
 6 17 D  -12 -161
 6 18 D  -12 -156
 6 19 D  -12 -155
 6 20 D  -12 -147
 6 21 D  -12 -157
 6 22 D  -12 -146
 6 23 D  -12 -148
 6 24 D  -12 -151
 6 25 D  -12 -147
 6 26 D  -12 -154
 6 27 D  -12 -150
 6 28 D  -12 -147
 6 29 D  -12 -155
 6 30 D  -12 -143
 6  1 H  280  417
 6  2 H  280  419
 6  3 H  280  420
 6  4 H  280  413
 6  5 H  280  408
 6  6 H  280  411
 6  7 H  280  343
 6  8 H  280  370
 6  9 H  280  378
 6 10 H  280  374
 6 11 H  280  379
 6 12 H  280  376
 6 13 H  280  376
 6 14 H  280  389
 6 15 H  280  395
 6 16 H  280  392
 6 17 H  280  371
 6 18 H  280  366
 6 19 H  280  372
 6 20 H  280  369
 6 21 H  280  373
 6 22 H  280  365
 6 23 H  280  363
 6 24 H  280  376
 6 25 H  280  369
 6 26 H  280  NaN
 6 27 H  280  365
 6 28 H  280  360
 6 29 H  280  361
 6 30 H  280  372
 6  1 Z  250  435
 6  2 Z  250  434
 6  3 Z  250  435
 6  4 Z  250  434
 6  5 Z  250  432
 6  6 Z  250  430
 6  7 Z  250  433
 6  8 Z  250  432
 6  9 Z  250  429
 6 10 Z  250  429
 6 11 Z  250  427
 6 12 Z  250  426
 6 13 Z  250  426
 6 14 Z  250  425
 6 15 Z  250  427
 6 16 Z  250  427
 6 17 Z  250  427
 6 18 Z  250  427
 6 19 Z  250  429
 6 20 Z  250  427
 6 21 Z  250  424
 6 22 Z  250  421
 6 23 Z  250  421
 6 24 Z  250  419
 6 25 Z  250  422
 6 26 Z  250  424
 6 27 Z  250  421
 6 28 Z  250  420
 6 29 Z  250  420
 6 30 Z  250  421
 7  1 D  -12 -166
 7  2 D  -12 -168
 7  3 D  -12  NaN
 7  4 D  -12 -161
 7  5 D  -12 -160
 7  6 D  -12 -160
 7  7 D  -12 -157
 7  8 D  -12 -155
 7  9 D  -12 -150
 7 10 D  -12 -154
 7 11 D  -12 -145
 7 12 D  -12 -142
 7 13 D  -12 -132
 7 14 D  -12 -144
 7 15 D  -12 -144
 7 16 D  -12 -137
 7 17 D  -12 -139
 7 18 D  -12 -142
 7 19 D  -12 -138
 7 20 D  -12 -145
 7 21 D  -12 -145
 7 22 D  -12 -149
 7 23 D  -12 -142
 7 24 D  -12 -143
 7 25 D  -12 -139
 7 26 D  -12 -143
 7 27 D  -12 -138
 7 28 D  -12 -142
 7 29 D  -12 -149
 7 30 D  -12 -142
 7 31 D  -12 -142
 7  1 H  280  388
 7  2 H  280  394
 7  3 H  280  NaN
 7  4 H  280  387
 7  5 H  280  375
 7  6 H  280  360
 7  7 H  280  346
 7  8 H  280  349
 7  9 H  280  344
 7 10 H  280  341
 7 11 H  280  325
 7 12 H  280  316
 7 13 H  280  312
 7 14 H  280  335
 7 15 H  280  337
 7 16 H  280  337
 7 17 H  280  318
 7 18 H  280  304
 7 19 H  280  318
 7 20 H  280  342
 7 21 H  280  328
 7 22 H  280  326
 7 23 H  280  339
 7 24 H  280  331
 7 25 H  280  337
 7 26 H  280  338
 7 27 H  280  343
 7 28 H  280  348
 7 29 H  280  359
 7 30 H  280  343
 7 31 H  280  334
 7  1 Z  250  421
 7  2 Z  250  419
 7  3 Z  250  NaN
 7  4 Z  250  418
 7  5 Z  250  418
 7  6 Z  250  415
 7  7 Z  250  412
 7  8 Z  250  409
 7  9 Z  250  409
 7 10 Z  250  407
 7 11 Z  250  404
 7 12 Z  250  401
 7 13 Z  250  399
 7 14 Z  250  398
 7 15 Z  250  398
 7 16 Z  250  398
 7 17 Z  250  399
 7 18 Z  250  399
 7 19 Z  250  398
 7 20 Z  250  398
 7 21 Z  250  398
 7 22 Z  250  400
 7 23 Z  250  399
 7 24 Z  250  400
 7 25 Z  250  401
 7 26 Z  250  401
 7 27 Z  250  401
 7 28 Z  250  402
 7 29 Z  250  402
 7 30 Z  250  403
 7 31 Z  250  402
 8  1 D  -12 -141
 8  2 D  -12 -143
 8  3 D  -12 -151
 8  4 D  -12 -152
 8  5 D  -12 -148
 8  6 D  -12 -153
 8  7 D  -12 -145
 8  8 D  -12 -153
 8  9 D  -12 -147
 8 10 D  -12 -143
 8 11 D  -12 -147
 8 12 D  -12 -142
 8 13 D  -12 -146
 8 14 D  -12 -149
 8 15 D  -12 -146
 8 16 D  -12 -149
 8 17 D  -12 -147
 8 18 D  -12 -151
 8 19 D  -12 -146
 8 20 D  -12 -147
 8 21 D  -12 -149
 8 22 D  -12 -146
 8 23 D  -12 -142
 8 24 D  -12 -143
 8 25 D  -12 -143
 8 26 D  -12 -139
 8 27 D  -12 -137
 8 28 D  -12 -140
 8 29 D  -12 -144
 8 30 D  -12 -141
 8 31 D  -12 -140
 8  1 H  280  332
 8  2 H  280  350
 8  3 H  280  376
 8  4 H  280  372
 8  5 H  280  368
 8  6 H  280  356
 8  7 H  280  375
 8  8 H  280  378
 8  9 H  280  363
 8 10 H  280  357
 8 11 H  280  352
 8 12 H  280  352
 8 13 H  280  361
 8 14 H  280  369
 8 15 H  280  379
 8 16 H  280  370
 8 17 H  280  379
 8 18 H  280  374
 8 19 H  280  379
 8 20 H  280  NaN
 8 21 H  280  NaN
 8 22 H  280  341
 8 23 H  280  336
 8 24 H  280  350
 8 25 H  280  353
 8 26 H  280  343
 8 27 H  280  332
 8 28 H  280  333
 8 29 H  280  353
 8 30 H  280  350
 8 31 H  280  343
 8  1 Z  250  404
 8  2 Z  250  405
 8  3 Z  250  407
 8  4 Z  250  408
 8  5 Z  250  408
 8  6 Z  250  407
 8  7 Z  250  406
 8  8 Z  250  406
 8  9 Z  250  405
 8 10 Z  250  401
 8 11 Z  250  401
 8 12 Z  250  402
 8 13 Z  250  401
 8 14 Z  250  402
 8 15 Z  250  402
 8 16 Z  250  404
 8 17 Z  250  403
 8 18 Z  250  406
 8 19 Z  250  408
 8 20 Z  250  NaN
 8 21 Z  250  NaN
 8 22 Z  250  404
 8 23 Z  250  404
 8 24 Z  250  404
 8 25 Z  250  402
 8 26 Z  250  401
 8 27 Z  250  400
 8 28 Z  250  400
 8 29 Z  250  402
 8 30 Z  250  401
 8 31 Z  250  400
 9  1 D  -12 -143
 9  2 D  -12  NaN
 9  3 D  -12 -144
 9  4 D  -12 -145
 9  5 D  -12 -148
 9  6 D  -12  NaN
 9  7 D  -12 -143
 9  8 D  -12 -143
 9  9 D  -12 -148
 9 10 D  -12 -146
 9 11 D  -12 -142
 9 12 D  -12 -142
 9 13 D  -12 -139
 9 14 D  -12 -149
 9 15 D  -12 -141
 9 16 D  -12 -146
 9 17 D  -12 -150
 9 18 D  -12  NaN
 9 19 D  -12 -150
 9 20 D  -12 -157
 9 21 D  -12 -154
 9 22 D  -12 -156
 9 23 D  -12 -128
 9 24 D  -12 -144
 9 25 D  -12 -137
 9 26 D  -12 -147
 9 27 D  -12 -139
 9 28 D  -12 -133
 9 29 D  -12 -139
 9 30 D  -12 -130
 9  1 H  280  332
 9  2 H  280  347
 9  3 H  280  357
 9  4 H  280  372
 9  5 H  280  382
 9  6 H  280  NaN
 9  7 H  280  375
 9  8 H  280  368
 9  9 H  280  360
 9 10 H  280  368
 9 11 H  280  362
 9 12 H  280  363
 9 13 H  280  377
 9 14 H  280  341
 9 15 H  280  346
 9 16 H  280  346
 9 17 H  280  358
 9 18 H  280  NaN
 9 19 H  280  362
 9 20 H  280  362
 9 21 H  280  364
 9 22 H  280  351
 9 23 H  280  307
 9 24 H  280  330
 9 25 H  280  327
 9 26 H  280  350
 9 27 H  280  338
 9 28 H  280  322
 9 29 H  280  324
 9 30 H  280  310
 9  1 Z  250  402
 9  2 Z  250  NaN
 9  3 Z  250  404
 9  4 Z  250  404
 9  5 Z  250  405
 9  6 Z  250  NaN
 9  7 Z  250  404
 9  8 Z  250  406
 9  9 Z  250  403
 9 10 Z  250  404
 9 11 Z  250  404
 9 12 Z  250  403
 9 13 Z  250  403
 9 14 Z  250  408
 9 15 Z  250  408
 9 16 Z  250  408
 9 17 Z  250  NaN
 9 18 Z  250  NaN
 9 19 Z  250  409
 9 20 Z  250  410
 9 21 Z  250  410
 9 22 Z  250  412
 9 23 Z  250  419
 9 24 Z  250  413
 9 25 Z  250  413
 9 26 Z  250  410
 9 27 Z  250  408
 9 28 Z  250  408
 9 29 Z  250  406
 9 30 Z  250  402
10  1 D  -12 -125
10  2 D  -12 -131
10  3 D  -12 -130
10  4 D  -12 -134
10  5 D  -12 -133
10  6 D  -12 -136
10  7 D  -12 -136
10  8 D  -12 -135
10  9 D  -12 -131
10 10 D  -12 -135
10 11 D  -12  NaN
10 12 D  -12 -131
10 13 D  -12 -131
10 14 D  -12 -134
10 15 D  -12 -135
10 16 D  -12 -143
10 17 D  -12 -144
10 18 D  -12 -137
10 19 D  -12 -143
10 20 D  -12 -135
10 21 D  -12 -139
10 22 D  -12 -141
10 23 D  -12 -132
10 24 D  -12 -126
10 25 D  -12 -136
10 26 D  -12 -138
10 27 D  -12 -135
10 28 D  -12 -135
10 29 D  -12 -125
10 30 D  -12 -150
10 31 D  -12 -142
10  1 H  280  306
10  2 H  280  317
10  3 H  280  329
10  4 H  280  353
10  5 H  280  363
10  6 H  280  366
10  7 H  280  375
10  8 H  280  363
10  9 H  280  367
10 10 H  280  NaN
10 11 H  280  NaN
10 12 H  280  347
10 13 H  280  362
10 14 H  280  343
10 15 H  280  373
10 16 H  280  376
10 17 H  280  377
10 18 H  280  371
10 19 H  280  384
10 20 H  280  379
10 21 H  280  382
10 22 H  280  387
10 23 H  280  378
10 24 H  280  305
10 25 H  280  345
10 26 H  280  359
10 27 H  280  373
10 28 H  280  375
10 29 H  280  334
10 30 H  280  351
10 31 H  280  382
10  1 Z  250  399
10  2 Z  250  397
10  3 Z  250  398
10  4 Z  250  399
10  5 Z  250  401
10  6 Z  250  401
10  7 Z  250  401
10  8 Z  250  403
10  9 Z  250  401
10 10 Z  250  400
10 11 Z  250  NaN
10 12 Z  250  401
10 13 Z  250  NaN
10 14 Z  250  404
10 15 Z  250  403
10 16 Z  250  405
10 17 Z  250  404
10 18 Z  250  404
10 19 Z  250  406
10 20 Z  250  405
10 21 Z  250  404
10 22 Z  250  401
10 23 Z  250  401
10 24 Z  250  404
10 25 Z  250  403
10 26 Z  250  403
10 27 Z  250  403
10 28 Z  250  403
10 29 Z  250  407
10 30 Z  250  410
10 31 Z  250  408
11  1 D  -12 -134
11  2 D  -12 -134
11  3 D  -12 -133
11  4 D  -12 -136
11  5 D  -12 -140
11  6 D  -12 -138
11  7 D  -12 -139
11  8 D  -12 -144
11  9 D  -12 -134
11 10 D  -12 -135
11 11 D  -12 -138
11 12 D  -12 -133
11 13 D  -12 -132
11 14 D  -12 -130
11 15 D  -12 -130
11 16 D  -12 -131
11 17 D  -12 -142
11 18 D  -12 -130
11 19 D  -12 -133
11 20 D  -12 -132
11 21 D  -12 -132
11 22 D  -12 -133
11 23 D  -12 -130
11 24 D  -12 -133
11 25 D  -12 -132
11 26 D  -12 -135
11 27 D  -12 -131
11 28 D  -12 -131
11 29 D  -12 -135
11 30 D  -12 -138
11  1 H  280  377
11  2 H  280  383
11  3 H  280  392
11  4 H  280  403
11  5 H  280  NaN
11  6 H  280  NaN
11  7 H  280  379
11  8 H  280  379
11  9 H  280  377
11 10 H  280  387
11 11 H  280  387
11 12 H  280  388
11 13 H  280  394
11 14 H  280  394
11 15 H  280  393
11 16 H  280  405
11 17 H  280  NaN
11 18 H  280  402
11 19 H  280  411
11 20 H  280  NaN
11 21 H  280  NaN
11 22 H  280  400
11 23 H  280  402
11 24 H  280  380
11 25 H  280  384
11 26 H  280  412
11 27 H  280  416
11 28 H  280  NaN
11 29 H  280  NaN
11 30 H  280  NaN
11  1 Z  250  420
11  2 Z  250  421
11  3 Z  250  420
11  4 Z  250  422
11  5 Z  250  417
11  6 Z  250  415
11  7 Z  250  417
11  8 Z  250  418
11  9 Z  250  417
11 10 Z  250  416
11 11 Z  250  415
11 12 Z  250  415
11 13 Z  250  413
11 14 Z  250  411
11 15 Z  250  409
11 16 Z  250  409
11 17 Z  250  409
11 18 Z  250  410
11 19 Z  250  409
11 20 Z  250  407
11 21 Z  250  404
11 22 Z  250  405
11 23 Z  250  407
11 24 Z  250  408
11 25 Z  250  408
11 26 Z  250  409
11 27 Z  250  408
11 28 Z  250  410
11 29 Z  250  412
11 30 Z  250  413
12  1 D  -12 -135
12  2 D  -12 -136
12  3 D  -12 -139
12  4 D  -12 -140
12  5 D  -12 -144
12  6 D  -12 -143
12  7 D  -12 -145
12  8 D  -12 -143
12  9 D  -12 -145
12 10 D  -12 -141
12 11 D  -12 -139
12 12 D  -12 -137
12 13 D  -12 -135
12 14 D  -12 -141
12 15 D  -12 -137
12 16 D  -12 -132
12 17 D  -12 -136
12 18 D  -12 -134
12 19 D  -12 -133
12 20 D  -12 -133
12 21 D  -12 -135
12 22 D  -12 -137
12 23 D  -12 -139
12 24 D  -12 -136
12 25 D  -12 -138
12 26 D  -12 -138
12 27 D  -12 -139
12 28 D  -12 -138
12 29 D  -12 -134
12 30 D  -12  NaN
12 31 D  -12  NaN
12  1 H  280  442
12  2 H  280  NaN
12  3 H  280  NaN
12  4 H  280  NaN
12  5 H  280  NaN
12  6 H  280  NaN
12  7 H  280  NaN
12  8 H  280  NaN
12  9 H  280  463
12 10 H  280  458
12 11 H  280  453
12 12 H  280  449
12 13 H  280  449
12 14 H  280  447
12 15 H  280  430
12 16 H  280  428
12 17 H  280  426
12 18 H  280  432
12 19 H  280  434
12 20 H  280  437
12 21 H  280  462
12 22 H  280  468
12 23 H  280  481
12 24 H  280  477
12 25 H  280  475
12 26 H  280  475
12 27 H  280  478
12 28 H  280  482
12 29 H  280  456
12 30 H  280  NaN
12 31 H  280  NaN
12  1 Z  250  419
12  2 Z  250  419
12  3 Z  250  423
12  4 Z  250  427
12  5 Z  250  428
12  6 Z  250  430
12  7 Z  250  430
12  8 Z  250  431
12  9 Z  250  433
12 10 Z  250  429
12 11 Z  250  427
12 12 Z  250  425
12 13 Z  250  423
12 14 Z  250  424
12 15 Z  250  424
12 16 Z  250  422
12 17 Z  250  420
12 18 Z  250  418
12 19 Z  250  416
12 20 Z  250  421
12 21 Z  250  425
12 22 Z  250  428
12 23 Z  250  429
12 24 Z  250  430
12 25 Z  250  430
12 26 Z  250  428
12 27 Z  250  428
12 28 Z  250  428
12 29 Z  250  428
12 30 Z  250  NaN
12 31 Z  250  NaN
