 1  1 D  -11  NaN
 1  2 D  -11 -486
 1  3 D  -11  NaN
 1  4 D  -11  NaN
 1  5 D  -11  NaN
 1  6 D  -11 -484
 1  7 D  -11 -489
 1  8 D  -11 -487
 1  9 D  -11  NaN
 1 10 D  -11 -488
 1 11 D  -11 -489
 1 12 D  -11 -488
 1 13 D  -11 -493
 1 14 D  -11 -485
 1 15 D  -11 -485
 1 16 D  -11 -489
 1 17 D  -11 -485
 1 18 D  -11 -487
 1 19 D  -11 -489
 1 20 D  -11  NaN
 1 21 D  -11 -486
 1 22 D  -11 -484
 1 23 D  -11 -489
 1 24 D  -11 -483
 1 25 D  -11 -485
 1 26 D  -11 -489
 1 27 D  -11 -482
 1 28 D  -11 -483
 1 29 D  -11 -487
 1 30 D  -11 -485
 1 31 D  -11 -484
 1  1 H  280  NaN
 1  2 H  280  615
 1  3 H  280  NaN
 1  4 H  280  NaN
 1  5 H  280  NaN
 1  6 H  280  645
 1  7 H  280  622
 1  8 H  280  555
 1  9 H  280  NaN
 1 10 H  280  614
 1 11 H  280  620
 1 12 H  280  627
 1 13 H  280  633
 1 14 H  280  557
 1 15 H  280  602
 1 16 H  280  614
 1 17 H  280  627
 1 18 H  280  634
 1 19 H  280  640
 1 20 H  280  NaN
 1 21 H  280  623
 1 22 H  280  646
 1 23 H  280  654
 1 24 H  280  655
 1 25 H  280  664
 1 26 H  280  655
 1 27 H  280  647
 1 28 H  280  634
 1 29 H  280  638
 1 30 H  280  637
 1 31 H  280  640
 1  1 Z  250  NaN
 1  2 Z  250  321
 1  3 Z  250  NaN
 1  4 Z  250  NaN
 1  5 Z  250  NaN
 1  6 Z  250  312
 1  7 Z  250  NaN
 1  8 Z  250  NaN
 1  9 Z  250  NaN
 1 10 Z  250  322
 1 11 Z  250  322
 1 12 Z  250  319
 1 13 Z  250  318
 1 14 Z  250  335
 1 15 Z  250  328
 1 16 Z  250  326
 1 17 Z  250  320
 1 18 Z  250  318
 1 19 Z  250  315
 1 20 Z  250  NaN
 1 21 Z  250  319
 1 22 Z  250  313
 1 23 Z  250  315
 1 24 Z  250  312
 1 25 Z  250  309
 1 26 Z  250  308
 1 27 Z  250  306
 1 28 Z  250  303
 1 29 Z  250  305
 1 30 Z  250  305
 1 31 Z  250  304
 2  1 D  -11 -471
 2  2 D  -11 -477
 2  3 D  -11 -479
 2  4 D  -11  NaN
 2  5 D  -11 -471
 2  6 D  -11 -476
 2  7 D  -11 -480
 2  8 D  -11 -471
 2  9 D  -11 -470
 2 10 D  -11 -475
 2 11 D  -11 -478
 2 12 D  -11 -476
 2 13 D  -11 -479
 2 14 D  -11 -474
 2 15 D  -11 -476
 2 16 D  -11 -475
 2 17 D  -11 -479
 2 18 D  -11 -475
 2 19 D  -11 -479
 2 20 D  -11 -474
 2 21 D  -11 -478
 2 22 D  -11 -472
 2 23 D  -11 -471
 2 24 D  -11 -469
 2 25 D  -11 -473
 2 26 D  -11 -471
 2 27 D  -11 -474
 2 28 D  -11 -473
 2  1 H  280  639
 2  2 H  280  645
 2  3 H  280  652
 2  4 H  280  NaN
 2  5 H  280  636
 2  6 H  280  643
 2  7 H  280  624
 2  8 H  280  593
 2  9 H  280  611
 2 10 H  280  622
 2 11 H  280  640
 2 12 H  280  644
 2 13 H  280  644
 2 14 H  280  639
 2 15 H  280  647
 2 16 H  280  607
 2 17 H  280  608
 2 18 H  280  630
 2 19 H  280  640
 2 20 H  280  645
 2 21 H  280  643
 2 22 H  280  634
 2 23 H  280  636
 2 24 H  280  635
 2 25 H  280  645
 2 26 H  280  641
 2 27 H  280  651
 2 28 H  280  NaN
 2  1 Z  250  302
 2  2 Z  250  301
 2  3 Z  250  302
 2  4 Z  250  NaN
 2  5 Z  250  306
 2  6 Z  250  302
 2  7 Z  250  305
 2  8 Z  250  317
 2  9 Z  250  311
 2 10 Z  250  306
 2 11 Z  250  304
 2 12 Z  250  302
 2 13 Z  250  297
 2 14 Z  250  301
 2 15 Z  250  302
 2 16 Z  250  308
 2 17 Z  250  312
 2 18 Z  250  311
 2 19 Z  250  304
 2 20 Z  250  304
 2 21 Z  250  305
 2 22 Z  250  305
 2 23 Z  250  304
 2 24 Z  250  304
 2 25 Z  250  300
 2 26 Z  250  302
 2 27 Z  250  299
 2 28 Z  250  295
 3  1 D  -11 -480
 3  2 D  -11 -477
 3  3 D  -11 -474
 3  4 D  -11 -475
 3  5 D  -11 -478
 3  6 D  -11 -476
 3  7 D  -11 -482
 3  8 D  -11 -477
 3  9 D  -11 -476
 3 10 D  -11 -468
 3 11 D  -11 -478
 3 12 D  -11 -475
 3 13 D  -11 -477
 3 14 D  -11 -467
 3 15 D  -11 -470
 3 16 D  -11 -478
 3 17 D  -11 -471
 3 18 D  -11 -474
 3 19 D  -11 -471
 3 20 D  -11 -468
 3 21 D  -11 -468
 3 22 D  -11 -468
 3 23 D  -11 -471
 3 24 D  -11 -471
 3 25 D  -11 -471
 3 26 D  -11 -474
 3 27 D  -11 -471
 3 28 D  -11 -476
 3 29 D  -11 -472
 3 30 D  -11 -471
 3 31 D  -11 -469
 3  1 H  280  NaN
 3  2 H  280  NaN
 3  3 H  280  627
 3  4 H  280  639
 3  5 H  280  630
 3  6 H  280  645
 3  7 H  280  654
 3  8 H  280  656
 3  9 H  280  652
 3 10 H  280  648
 3 11 H  280  662
 3 12 H  280  652
 3 13 H  280  652
 3 14 H  280  653
 3 15 H  280  668
 3 16 H  280  675
 3 17 H  280  676
 3 18 H  280  652
 3 19 H  280  636
 3 20 H  280  635
 3 21 H  280  644
 3 22 H  280  651
 3 23 H  280  656
 3 24 H  280  662
 3 25 H  280  670
 3 26 H  280  672
 3 27 H  280  664
 3 28 H  280  656
 3 29 H  280  NaN
 3 30 H  280  663
 3 31 H  280  658
 3  1 Z  250  295
 3  2 Z  250  296
 3  3 Z  250  294
 3  4 Z  250  294
 3  5 Z  250  289
 3  6 Z  250  296
 3  7 Z  250  292
 3  8 Z  250  292
 3  9 Z  250  295
 3 10 Z  250  297
 3 11 Z  250  291
 3 12 Z  250  292
 3 13 Z  250  295
 3 14 Z  250  297
 3 15 Z  250  296
 3 16 Z  250  294
 3 17 Z  250  291
 3 18 Z  250  296
 3 19 Z  250  296
 3 20 Z  250  302
 3 21 Z  250  299
 3 22 Z  250  295
 3 23 Z  250  298
 3 24 Z  250  296
 3 25 Z  250  296
 3 26 Z  250  294
 3 27 Z  250  295
 3 28 Z  250  298
 3 29 Z  250  296
 3 30 Z  250  294
 3 31 Z  250  292
 4  1 D  -11 -469
 4  2 D  -11 -467
 4  3 D  -11 -465
 4  4 D  -11 -471
 4  5 D  -11 -466
 4  6 D  -11 -469
 4  7 D  -11 -468
 4  8 D  -11 -467
 4  9 D  -11 -468
 4 10 D  -11 -470
 4 11 D  -11 -466
 4 12 D  -11 -467
 4 13 D  -11 -469
 4 14 D  -11 -463
 4 15 D  -11 -469
 4 16 D  -11 -469
 4 17 D  -11 -465
 4 18 D  -11 -464
 4 19 D  -11 -459
 4 20 D  -11 -466
 4 21 D  -11 -460
 4 22 D  -11 -458
 4 23 D  -11 -467
 4 24 D  -11 -461
 4 25 D  -11 -465
 4 26 D  -11 -467
 4 27 D  -11 -469
 4 28 D  -11 -467
 4 29 D  -11 -466
 4 30 D  -11 -461
 4  1 H  280  663
 4  2 H  280  655
 4  3 H  280  667
 4  4 H  280  666
 4  5 H  280  656
 4  6 H  280  660
 4  7 H  280  665
 4  8 H  280  669
 4  9 H  280  661
 4 10 H  280  666
 4 11 H  280  656
 4 12 H  280  658
 4 13 H  280  664
 4 14 H  280  671
 4 15 H  280  672
 4 16 H  280  665
 4 17 H  280  656
 4 18 H  280  657
 4 19 H  280  638
 4 20 H  280  652
 4 21 H  280  650
 4 22 H  280  653
 4 23 H  280  668
 4 24 H  280  646
 4 25 H  280  656
 4 26 H  280  665
 4 27 H  280  675
 4 28 H  280  671
 4 29 H  280  674
 4 30 H  280  674
 4  1 Z  250  294
 4  2 Z  250  297
 4  3 Z  250  294
 4  4 Z  250  293
 4  5 Z  250  293
 4  6 Z  250  291
 4  7 Z  250  296
 4  8 Z  250  297
 4  9 Z  250  293
 4 10 Z  250  291
 4 11 Z  250  290
 4 12 Z  250  293
 4 13 Z  250  283
 4 14 Z  250  282
 4 15 Z  250  282
 4 16 Z  250  286
 4 17 Z  250  289
 4 18 Z  250  289
 4 19 Z  250  294
 4 20 Z  250  292
 4 21 Z  250  290
 4 22 Z  250  292
 4 23 Z  250  290
 4 24 Z  250  299
 4 25 Z  250  293
 4 26 Z  250  292
 4 27 Z  250  293
 4 28 Z  250  288
 4 29 Z  250  291
 4 30 Z  250  291
 5  1 D  -11 -460
 5  2 D  -11 -450
 5  3 D  -11 -455
 5  4 D  -11 -461
 5  5 D  -11 -461
 5  6 D  -11 -459
 5  7 D  -11 -449
 5  8 D  -11 -456
 5  9 D  -11 -463
 5 10 D  -11 -458
 5 11 D  -11 -457
 5 12 D  -11 -459
 5 13 D  -11 -450
 5 14 D  -11 -454
 5 15 D  -11 -454
 5 16 D  -11 -461
 5 17 D  -11 -457
 5 18 D  -11 -461
 5 19 D  -11 -462
 5 20 D  -11 -456
 5 21 D  -11 -469
 5 22 D  -11 -461
 5 23 D  -11 -463
 5 24 D  -11 -460
 5 25 D  -11 -462
 5 26 D  -11  NaN
 5 27 D  -11  NaN
 5 28 D  -11 -457
 5 29 D  -11 -453
 5 30 D  -11  NaN
 5 31 D  -11 -445
 5  1 H  280  NaN
 5  2 H  280  658
 5  3 H  280  584
 5  4 H  280  626
 5  5 H  280  639
 5  6 H  280  646
 5  7 H  280  634
 5  8 H  280  644
 5  9 H  280  651
 5 10 H  280  649
 5 11 H  280  655
 5 12 H  280  651
 5 13 H  280  649
 5 14 H  280  655
 5 15 H  280  655
 5 16 H  280  661
 5 17 H  280  655
 5 18 H  280  662
 5 19 H  280  653
 5 20 H  280  656
 5 21 H  280  659
 5 22 H  280  669
 5 23 H  280  681
 5 24 H  280  670
 5 25 H  280  632
 5 26 H  280  NaN
 5 27 H  280  NaN
 5 28 H  280  604
 5 29 H  280  588
 5 30 H  280  NaN
 5 31 H  280  608
 5  1 Z  250  286
 5  2 Z  250  290
 5  3 Z  250  304
 5  4 Z  250  302
 5  5 Z  250  297
 5  6 Z  250  293
 5  7 Z  250  293
 5  8 Z  250  291
 5  9 Z  250  291
 5 10 Z  250  290
 5 11 Z  250  284
 5 12 Z  250  283
 5 13 Z  250  287
 5 14 Z  250  286
 5 15 Z  250  291
 5 16 Z  250  285
 5 17 Z  250  287
 5 18 Z  250  289
 5 19 Z  250  287
 5 20 Z  250  288
 5 21 Z  250  284
 5 22 Z  250  282
 5 23 Z  250  278
 5 24 Z  250  280
 5 25 Z  250  285
 5 26 Z  250  NaN
 5 27 Z  250  NaN
 5 28 Z  250  302
 5 29 Z  250  305
 5 30 Z  250  NaN
 5 31 Z  250  302
 6  1 D  -11 -456
 6  2 D  -11 -460
 6  3 D  -11  NaN
 6  4 D  -11 -457
 6  5 D  -11 -458
 6  6 D  -11 -450
 6  7 D  -11 -451
 6  8 D  -11 -462
 6  9 D  -11 -454
 6 10 D  -11 -455
 6 11 D  -11 -456
 6 12 D  -11 -460
 6 13 D  -11 -452
 6 14 D  -11 -455
 6 15 D  -11 -457
 6 16 D  -11 -452
 6 17 D  -11 -455
 6 18 D  -11 -458
 6 19 D  -11 -462
 6 20 D  -11 -453
 6 21 D  -11 -459
 6 22 D  -11 -458
 6 23 D  -11 -453
 6 24 D  -11 -450
 6 25 D  -11 -448
 6 26 D  -11 -451
 6 27 D  -11 -445
 6 28 D  -11 -454
 6 29 D  -11 -452
 6 30 D  -11 -452
 6  1 H  280  623
 6  2 H  280  633
 6  3 H  280  NaN
 6  4 H  280  642
 6  5 H  280  643
 6  6 H  280  588
 6  7 H  280  609
 6  8 H  280  630
 6  9 H  280  637
 6 10 H  280  643
 6 11 H  280  652
 6 12 H  280  647
 6 13 H  280  657
 6 14 H  280  650
 6 15 H  280  648
 6 16 H  280  661
 6 17 H  280  665
 6 18 H  280  653
 6 19 H  280  666
 6 20 H  280  664
 6 21 H  280  672
 6 22 H  280  670
 6 23 H  280  670
 6 24 H  280  663
 6 25 H  280  671
 6 26 H  280  641
 6 27 H  280  639
 6 28 H  280  646
 6 29 H  280  653
 6 30 H  280  659
 6  1 Z  250  294
 6  2 Z  250  296
 6  3 Z  250  NaN
 6  4 Z  250  294
 6  5 Z  250  293
 6  6 Z  250  302
 6  7 Z  250  299
 6  8 Z  250  292
 6  9 Z  250  291
 6 10 Z  250  292
 6 11 Z  250  287
 6 12 Z  250  286
 6 13 Z  250  286
 6 14 Z  250  289
 6 15 Z  250  291
 6 16 Z  250  286
 6 17 Z  250  286
 6 18 Z  250  289
 6 19 Z  250  283
 6 20 Z  250  284
 6 21 Z  250  281
 6 22 Z  250  276
 6 23 Z  250  281
 6 24 Z  250  278
 6 25 Z  250  282
 6 26 Z  250  288
 6 27 Z  250  286
 6 28 Z  250  287
 6 29 Z  250  285
 6 30 Z  250  284
 7  1 D  -11 -444
 7  2 D  -11 -446
 7  3 D  -11 -448
 7  4 D  -11  NaN
 7  5 D  -11 -442
 7  6 D  -11 -443
 7  7 D  -11 -446
 7  8 D  -11 -444
 7  9 D  -11 -447
 7 10 D  -11 -445
 7 11 D  -11 -443
 7 12 D  -11 -441
 7 13 D  -11 -444
 7 14 D  -11 -438
 7 15 D  -11 -443
 7 16 D  -11 -448
 7 17 D  -11  NaN
 7 18 D  -11 -444
 7 19 D  -11 -443
 7 20 D  -11 -443
 7 21 D  -11 -442
 7 22 D  -11 -440
 7 23 D  -11 -437
 7 24 D  -11 -438
 7 25 D  -11 -443
 7 26 D  -11 -440
 7 27 D  -11 -440
 7 28 D  -11 -436
 7 29 D  -11 -437
 7 30 D  -11 -433
 7 31 D  -11 -435
 7  1 H  280  650
 7  2 H  280  656
 7  3 H  280  669
 7  4 H  280  NaN
 7  5 H  280  652
 7  6 H  280  652
 7  7 H  280  657
 7  8 H  280  658
 7  9 H  280  662
 7 10 H  280  676
 7 11 H  280  667
 7 12 H  280  667
 7 13 H  280  675
 7 14 H  280  676
 7 15 H  280  684
 7 16 H  280  677
 7 17 H  280  683
 7 18 H  280  674
 7 19 H  280  672
 7 20 H  280  678
 7 21 H  280  669
 7 22 H  280  674
 7 23 H  280  677
 7 24 H  280  659
 7 25 H  280  671
 7 26 H  280  676
 7 27 H  280  680
 7 28 H  280  690
 7 29 H  280  687
 7 30 H  280  664
 7 31 H  280  678
 7  1 Z  250  293
 7  2 Z  250  292
 7  3 Z  250  287
 7  4 Z  250  NaN
 7  5 Z  250  291
 7  6 Z  250  294
 7  7 Z  250  291
 7  8 Z  250  293
 7  9 Z  250  288
 7 10 Z  250  287
 7 11 Z  250  289
 7 12 Z  250  282
 7 13 Z  250  280
 7 14 Z  250  278
 7 15 Z  250  280
 7 16 Z  250  283
 7 17 Z  250  NaN
 7 18 Z  250  286
 7 19 Z  250  282
 7 20 Z  250  283
 7 21 Z  250  287
 7 22 Z  250  283
 7 23 Z  250  283
 7 24 Z  250  286
 7 25 Z  250  277
 7 26 Z  250  281
 7 27 Z  250  276
 7 28 Z  250  271
 7 29 Z  250  275
 7 30 Z  250  279
 7 31 Z  250  283
 8  1 D  -11 -450
 8  2 D  -11 -441
 8  3 D  -11 -442
 8  4 D  -11  NaN
 8  5 D  -11 -444
 8  6 D  -11 -440
 8  7 D  -11 -443
 8  8 D  -11 -442
 8  9 D  -11 -442
 8 10 D  -11 -436
 8 11 D  -11 -437
 8 12 D  -11 -441
 8 13 D  -11 -439
 8 14 D  -11 -440
 8 15 D  -11  NaN
 8 16 D  -11 -441
 8 17 D  -11 -436
 8 18 D  -11 -430
 8 19 D  -11  NaN
 8 20 D  -11 -441
 8 21 D  -11 -440
 8 22 D  -11 -438
 8 23 D  -11 -439
 8 24 D  -11 -434
 8 25 D  -11 -433
 8 26 D  -11 -431
 8 27 D  -11 -432
 8 28 D  -11 -435
 8 29 D  -11  NaN
 8 30 D  -11  NaN
 8 31 D  -11 -432
 8  1 H  280  682
 8  2 H  280  680
 8  3 H  280  677
 8  4 H  280  NaN
 8  5 H  280  674
 8  6 H  280  674
 8  7 H  280  675
 8  8 H  280  670
 8  9 H  280  673
 8 10 H  280  666
 8 11 H  280  672
 8 12 H  280  665
 8 13 H  280  668
 8 14 H  280  669
 8 15 H  280  682
 8 16 H  280  682
 8 17 H  280  681
 8 18 H  280  668
 8 19 H  280  NaN
 8 20 H  280  670
 8 21 H  280  666
 8 22 H  280  673
 8 23 H  280  680
 8 24 H  280  677
 8 25 H  280  672
 8 26 H  280  678
 8 27 H  280  678
 8 28 H  280  678
 8 29 H  280  NaN
 8 30 H  280  NaN
 8 31 H  280  691
 8  1 Z  250  283
 8  2 Z  250  283
 8  3 Z  250  282
 8  4 Z  250  NaN
 8  5 Z  250  281
 8  6 Z  250  279
 8  7 Z  250  272
 8  8 Z  250  274
 8  9 Z  250  271
 8 10 Z  250  275
 8 11 Z  250  277
 8 12 Z  250  274
 8 13 Z  250  278
 8 14 Z  250  277
 8 15 Z  250  NaN
 8 16 Z  250  271
 8 17 Z  250  273
 8 18 Z  250  278
 8 19 Z  250  NaN
 8 20 Z  250  279
 8 21 Z  250  276
 8 22 Z  250  273
 8 23 Z  250  274
 8 24 Z  250  273
 8 25 Z  250  275
 8 26 Z  250  273
 8 27 Z  250  267
 8 28 Z  250  270
 8 29 Z  250  NaN
 8 30 Z  250  NaN
 8 31 Z  250  264
 9  1 D  -11 -422
 9  2 D  -11  NaN
 9  3 D  -11 -431
 9  4 D  -11 -430
 9  5 D  -11 -434
 9  6 D  -11 -435
 9  7 D  -11 -437
 9  8 D  -11 -428
 9  9 D  -11 -430
 9 10 D  -11 -430
 9 11 D  -11 -428
 9 12 D  -11 -424
 9 13 D  -11 -427
 9 14 D  -11 -429
 9 15 D  -11 -430
 9 16 D  -11 -425
 9 17 D  -11 -429
 9 18 D  -11  NaN
 9 19 D  -11 -433
 9 20 D  -11 -433
 9 21 D  -11 -426
 9 22 D  -11 -430
 9 23 D  -11 -433
 9 24 D  -11 -432
 9 25 D  -11 -438
 9 26 D  -11 -427
 9 27 D  -11 -433
 9 28 D  -11 -425
 9 29 D  -11 -421
 9 30 D  -11 -424
 9  1 H  280  665
 9  2 H  280  NaN
 9  3 H  280  664
 9  4 H  280  670
 9  5 H  280  675
 9  6 H  280  684
 9  7 H  280  684
 9  8 H  280  673
 9  9 H  280  674
 9 10 H  280  673
 9 11 H  280  685
 9 12 H  280  687
 9 13 H  280  665
 9 14 H  280  663
 9 15 H  280  674
 9 16 H  280  672
 9 17 H  280  681
 9 18 H  280  NaN
 9 19 H  280  669
 9 20 H  280  662
 9 21 H  280  633
 9 22 H  280  651
 9 23 H  280  666
 9 24 H  280  669
 9 25 H  280  670
 9 26 H  280  677
 9 27 H  280  672
 9 28 H  280  647
 9 29 H  280  623
 9 30 H  280  648
 9  1 Z  250  276
 9  2 Z  250  NaN
 9  3 Z  250  273
 9  4 Z  250  270
 9  5 Z  250  266
 9  6 Z  250  268
 9  7 Z  250  269
 9  8 Z  250  267
 9  9 Z  250  263
 9 10 Z  250  263
 9 11 Z  250  263
 9 12 Z  250  262
 9 13 Z  250  261
 9 14 Z  250  265
 9 15 Z  250  265
 9 16 Z  250  270
 9 17 Z  250  267
 9 18 Z  250  NaN
 9 19 Z  250  270
 9 20 Z  250  271
 9 21 Z  250  276
 9 22 Z  250  274
 9 23 Z  250  267
 9 24 Z  250  264
 9 25 Z  250  271
 9 26 Z  250  272
 9 27 Z  250  268
 9 28 Z  250  276
 9 29 Z  250  281
 9 30 Z  250  273
10  1 D  -11 -430
10  2 D  -11 -431
10  3 D  -11 -433
10  4 D  -11 -433
10  5 D  -11 -430
10  6 D  -11 -429
10  7 D  -11 -432
10  8 D  -11 -432
10  9 D  -11 -421
10 10 D  -11 -423
10 11 D  -11 -432
10 12 D  -11 -427
10 13 D  -11 -426
10 14 D  -11 -429
10 15 D  -11 -430
10 16 D  -11 -430
10 17 D  -11 -431
10 18 D  -11 -429
10 19 D  -11 -427
10 20 D  -11 -430
10 21 D  -11 -428
10 22 D  -11 -432
10 23 D  -11 -434
10 24 D  -11 -428
10 25 D  -11 -433
10 26 D  -11 -431
10 27 D  -11 -433
10 28 D  -11 -437
10 29 D  -11 -436
10 30 D  -11 -432
10 31 D  -11 -432
10  1 H  280  659
10  2 H  280  665
10  3 H  280  670
10  4 H  280  669
10  5 H  280  670
10  6 H  280  675
10  7 H  280  676
10  8 H  280  682
10  9 H  280  673
10 10 H  280  644
10 11 H  280  665
10 12 H  280  669
10 13 H  280  668
10 14 H  280  673
10 15 H  280  681
10 16 H  280  680
10 17 H  280  679
10 18 H  280  678
10 19 H  280  684
10 20 H  280  694
10 21 H  280  691
10 22 H  280  698
10 23 H  280  677
10 24 H  280  684
10 25 H  280  686
10 26 H  280  686
10 27 H  280  683
10 28 H  280  665
10 29 H  280  664
10 30 H  280  660
10 31 H  280  676
10  1 Z  250  272
10  2 Z  250  267
10  3 Z  250  265
10  4 Z  250  261
10  5 Z  250  263
10  6 Z  250  264
10  7 Z  250  260
10  8 Z  250  262
10  9 Z  250  264
10 10 Z  250  273
10 11 Z  250  266
10 12 Z  250  266
10 13 Z  250  263
10 14 Z  250  259
10 15 Z  250  257
10 16 Z  250  258
10 17 Z  250  257
10 18 Z  250  258
10 19 Z  250  257
10 20 Z  250  256
10 21 Z  250  253
10 22 Z  250  249
10 23 Z  250  249
10 24 Z  250  250
10 25 Z  250  247
10 26 Z  250  251
10 27 Z  250  249
10 28 Z  250  254
10 29 Z  250  253
10 30 Z  250  254
10 31 Z  250  251
11  1 D  -11 -425
11  2 D  -11 -417
11  3 D  -11 -417
11  4 D  -11 -418
11  5 D  -11 -420
11  6 D  -11 -420
11  7 D  -11 -424
11  8 D  -11 -416
11  9 D  -11 -422
11 10 D  -11 -423
11 11 D  -11 -420
11 12 D  -11 -419
11 13 D  -11 -416
11 14 D  -11  NaN
11 15 D  -11  NaN
11 16 D  -11 -420
11 17 D  -11 -423
11 18 D  -11 -423
11 19 D  -11 -421
11 20 D  -11 -422
11 21 D  -11 -425
11 22 D  -11 -428
11 23 D  -11 -425
11 24 D  -11 -420
11 25 D  -11 -423
11 26 D  -11 -419
11 27 D  -11 -422
11 28 D  -11 -418
11 29 D  -11 -417
11 30 D  -11 -417
11  1 H  280  672
11  2 H  280  656
11  3 H  280  647
11  4 H  280  655
11  5 H  280  656
11  6 H  280  668
11  7 H  280  685
11  8 H  280  664
11  9 H  280  655
11 10 H  280  665
11 11 H  280  675
11 12 H  280  655
11 13 H  280  667
11 14 H  280  NaN
11 15 H  280  NaN
11 16 H  280  680
11 17 H  280  681
11 18 H  280  684
11 19 H  280  685
11 20 H  280  689
11 21 H  280  696
11 22 H  280  680
11 23 H  280  678
11 24 H  280  664
11 25 H  280  658
11 26 H  280  669
11 27 H  280  674
11 28 H  280  655
11 29 H  280  678
11 30 H  280  675
11  1 Z  250  256
11  2 Z  250  259
11  3 Z  250  260
11  4 Z  250  258
11  5 Z  250  259
11  6 Z  250  258
11  7 Z  250  253
11  8 Z  250  257
11  9 Z  250  258
11 10 Z  250  255
11 11 Z  250  252
11 12 Z  250  254
11 13 Z  250  254
11 14 Z  250  NaN
11 15 Z  250  NaN
11 16 Z  250  251
11 17 Z  250  248
11 18 Z  250  248
11 19 Z  250  244
11 20 Z  250  245
11 21 Z  250  242
11 22 Z  250  245
11 23 Z  250  246
11 24 Z  250  255
11 25 Z  250  256
11 26 Z  250  253
11 27 Z  250  251
11 28 Z  250  255
11 29 Z  250  250
11 30 Z  250  252
12  1 D  -11 -419
12  2 D  -11 -416
12  3 D  -11 -418
12  4 D  -11 -420
12  5 D  -11 -419
12  6 D  -11 -421
12  7 D  -11 -414
12  8 D  -11 -417
12  9 D  -11 -416
12 10 D  -11 -414
12 11 D  -11 -419
12 12 D  -11 -417
12 13 D  -11 -418
12 14 D  -11 -420
12 15 D  -11 -420
12 16 D  -11 -416
12 17 D  -11 -422
12 18 D  -11 -422
12 19 D  -11 -424
12 20 D  -11 -419
12 21 D  -11 -421
12 22 D  -11 -417
12 23 D  -11 -419
12 24 D  -11 -418
12 25 D  -11 -419
12 26 D  -11 -421
12 27 D  -11 -420
12 28 D  -11 -418
12 29 D  -11 -416
12 30 D  -11 -418
12 31 D  -11 -430
12  1 H  280  637
12  2 H  280  646
12  3 H  280  657
12  4 H  280  673
12  5 H  280  679
12  6 H  280  663
12  7 H  280  659
12  8 H  280  665
12  9 H  280  659
12 10 H  280  666
12 11 H  280  669
12 12 H  280  673
12 13 H  280  681
12 14 H  280  681
12 15 H  280  683
12 16 H  280  685
12 17 H  280  661
12 18 H  280  655
12 19 H  280  646
12 20 H  280  645
12 21 H  280  670
12 22 H  280  664
12 23 H  280  653
12 24 H  280  662
12 25 H  280  672
12 26 H  280  663
12 27 H  280  669
12 28 H  280  677
12 29 H  280  673
12 30 H  280  691
12 31 H  280  626
12  1 Z  250  254
12  2 Z  250  257
12  3 Z  250  253
12  4 Z  250  250
12  5 Z  250  248
12  6 Z  250  247
12  7 Z  250  249
12  8 Z  250  251
12  9 Z  250  249
12 10 Z  250  248
12 11 Z  250  251
12 12 Z  250  252
12 13 Z  250  264
12 14 Z  250  267
12 15 Z  250  265
12 16 Z  250  247
12 17 Z  250  248
12 18 Z  250  248
12 19 Z  250  252
12 20 Z  250  256
12 21 Z  250  251
12 22 Z  250  249
12 23 Z  250  250
12 24 Z  250  251
12 25 Z  250  245
12 26 Z  250  248
12 27 Z  250  251
12 28 Z  250  248
12 29 Z  250  249
12 30 Z  250  260
12 31 Z  250  272
