 1  1 D   -8 -308
 1  2 D   -8 -317
 1  3 D   -8 -320
 1  4 D   -8 -310
 1  5 D   -8 -315
 1  6 D   -8 -313
 1  7 D   -8 -313
 1  8 D   -8 -311
 1  9 D   -8 -311
 1 10 D   -8 -311
 1 11 D   -8 -314
 1 12 D   -8 -308
 1 13 D   -8 -307
 1 14 D   -8 -307
 1 15 D   -8 -307
 1 16 D   -8 -308
 1 17 D   -8 -306
 1 18 D   -8 -305
 1 19 D   -8 -304
 1 20 D   -8 -309
 1 21 D   -8 -310
 1 22 D   -8 -311
 1 23 D   -8 -310
 1 24 D   -8 -310
 1 25 D   -8 -310
 1 26 D   -8 -310
 1 27 D   -8 -312
 1 28 D   -8 -308
 1 29 D   -8 -309
 1 30 D   -8 -313
 1 31 D   -8 -306
 1  1 H  290  538
 1  2 H  290  542
 1  3 H  290  542
 1  4 H  290  551
 1  5 H  290  552
 1  6 H  290  558
 1  7 H  290  556
 1  8 H  290  558
 1  9 H  290  559
 1 10 H  290  558
 1 11 H  290  555
 1 12 H  290  556
 1 13 H  290  543
 1 14 H  290  557
 1 15 H  290  558
 1 16 H  290  556
 1 17 H  290  547
 1 18 H  290  542
 1 19 H  290  554
 1 20 H  290  561
 1 21 H  290  556
 1 22 H  290  565
 1 23 H  290  567
 1 24 H  290  553
 1 25 H  290  553
 1 26 H  290  543
 1 27 H  290  547
 1 28 H  290  556
 1 29 H  290  564
 1 30 H  290  563
 1 31 H  290  557
 1  1 Z  230  396
 1  2 Z  230  392
 1  3 Z  230  390
 1  4 Z  230  391
 1  5 Z  230  391
 1  6 Z  230  387
 1  7 Z  230  389
 1  8 Z  230  386
 1  9 Z  230  385
 1 10 Z  230  382
 1 11 Z  230  387
 1 12 Z  230  385
 1 13 Z  230  392
 1 14 Z  230  386
 1 15 Z  230  386
 1 16 Z  230  385
 1 17 Z  230  384
 1 18 Z  230  389
 1 19 Z  230  388
 1 20 Z  230  385
 1 21 Z  230  387
 1 22 Z  230  380
 1 23 Z  230  378
 1 24 Z  230  386
 1 25 Z  230  382
 1 26 Z  230  386
 1 27 Z  230  376
 1 28 Z  230  380
 1 29 Z  230  382
 1 30 Z  230  379
 1 31 Z  230  380
 2  1 D   -8 -312
 2  2 D   -8 -303
 2  3 D   -8 -307
 2  4 D   -8 -309
 2  5 D   -8 -314
 2  6 D   -8 -317
 2  7 D   -8 -313
 2  8 D   -8 -313
 2  9 D   -8 -309
 2 10 D   -8 -312
 2 11 D   -8 -312
 2 12 D   -8 -312
 2 13 D   -8 -312
 2 14 D   -8 -308
 2 15 D   -8 -309
 2 16 D   -8 -310
 2 17 D   -8 -313
 2 18 D   -8 -315
 2 19 D   -8 -315
 2 20 D   -8 -310
 2 21 D   -8 -311
 2 22 D   -8 -301
 2 23 D   -8 -302
 2 24 D   -8 -307
 2 25 D   -8 -307
 2 26 D   -8 -307
 2 27 D   -8 -308
 2 28 D   -8 -308
 2  1 H  290  549
 2  2 H  290  514
 2  3 H  290  541
 2  4 H  290  551
 2  5 H  290  565
 2  6 H  290  561
 2  7 H  290  567
 2  8 H  290  552
 2  9 H  290  543
 2 10 H  290  550
 2 11 H  290  552
 2 12 H  290  553
 2 13 H  290  563
 2 14 H  290  563
 2 15 H  290  562
 2 16 H  290  566
 2 17 H  290  569
 2 18 H  290  571
 2 19 H  290  569
 2 20 H  290  557
 2 21 H  290  575
 2 22 H  290  565
 2 23 H  290  563
 2 24 H  290  569
 2 25 H  290  568
 2 26 H  290  561
 2 27 H  290  570
 2 28 H  290  553
 2  1 Z  230  383
 2  2 Z  230  399
 2  3 Z  230  387
 2  4 Z  230  387
 2  5 Z  230  382
 2  6 Z  230  383
 2  7 Z  230  385
 2  8 Z  230  388
 2  9 Z  230  393
 2 10 Z  230  387
 2 11 Z  230  391
 2 12 Z  230  392
 2 13 Z  230  383
 2 14 Z  230  386
 2 15 Z  230  386
 2 16 Z  230  384
 2 17 Z  230  379
 2 18 Z  230  377
 2 19 Z  230  381
 2 20 Z  230  377
 2 21 Z  230  373
 2 22 Z  230  381
 2 23 Z  230  387
 2 24 Z  230  386
 2 25 Z  230  379
 2 26 Z  230  379
 2 27 Z  230  375
 2 28 Z  230  385
 3  1 D   -8 -312
 3  2 D   -8 -308
 3  3 D   -8 -305
 3  4 D   -8 -307
 3  5 D   -8 -311
 3  6 D   -8 -312
 3  7 D   -8 -314
 3  8 D   -8 -310
 3  9 D   -8 -302
 3 10 D   -8 -302
 3 11 D   -8 -309
 3 12 D   -8 -304
 3 13 D   -8 -295
 3 14 D   -8 -304
 3 15 D   -8 -297
 3 16 D   -8 -298
 3 17 D   -8 -304
 3 18 D   -8 -296
 3 19 D   -8 -308
 3 20 D   -8 -301
 3 21 D   -8 -304
 3 22 D   -8 -305
 3 23 D   -8 -301
 3 24 D   -8 -299
 3 25 D   -8 -289
 3 26 D   -8 -286
 3 27 D   -8 -294
 3 28 D   -8 -291
 3 29 D   -8 -301
 3 30 D   -8 -295
 3 31 D   -8 -295
 3  1 H  290  552
 3  2 H  290  550
 3  3 H  290  563
 3  4 H  290  577
 3  5 H  290  548
 3  6 H  290  537
 3  7 H  290  553
 3  8 H  290  546
 3  9 H  290  540
 3 10 H  290  546
 3 11 H  290  563
 3 12 H  290  551
 3 13 H  290  NaN
 3 14 H  290  554
 3 15 H  290  560
 3 16 H  290  563
 3 17 H  290  572
 3 18 H  290  562
 3 19 H  290  563
 3 20 H  290  563
 3 21 H  290  569
 3 22 H  290  550
 3 23 H  290  566
 3 24 H  290  498
 3 25 H  290  404
 3 26 H  290  464
 3 27 H  290  498
 3 28 H  290  526
 3 29 H  290  544
 3 30 H  290  532
 3 31 H  290  545
 3  1 Z  230  379
 3  2 Z  230  384
 3  3 Z  230  383
 3  4 Z  230  380
 3  5 Z  230  375
 3  6 Z  230  383
 3  7 Z  230  379
 3  8 Z  230  381
 3  9 Z  230  390
 3 10 Z  230  380
 3 11 Z  230  380
 3 12 Z  230  388
 3 13 Z  230  391
 3 14 Z  230  377
 3 15 Z  230  370
 3 16 Z  230  375
 3 17 Z  230  371
 3 18 Z  230  379
 3 19 Z  230  373
 3 20 Z  230  380
 3 21 Z  230  374
 3 22 Z  230  383
 3 23 Z  230  374
 3 24 Z  230  397
 3 25 Z  230  428
 3 26 Z  230  414
 3 27 Z  230  403
 3 28 Z  230  403
 3 29 Z  230  389
 3 30 Z  230  392
 3 31 Z  230  386
 4  1 D   -8 -287
 4  2 D   -8 -292
 4  3 D   -8 -291
 4  4 D   -8 -292
 4  5 D   -8 -288
 4  6 D   -8 -293
 4  7 D   -8 -293
 4  8 D   -8 -288
 4  9 D   -8 -286
 4 10 D   -8 -288
 4 11 D   -8 -290
 4 12 D   -8 -286
 4 13 D   -8 -290
 4 14 D   -8 -292
 4 15 D   -8 -292
 4 16 D   -8 -297
 4 17 D   -8 -291
 4 18 D   -8 -284
 4 19 D   -8 -287
 4 20 D   -8 -286
 4 21 D   -8 -283
 4 22 D   -8 -284
 4 23 D   -8 -291
 4 24 D   -8 -283
 4 25 D   -8 -275
 4 26 D   -8 -283
 4 27 D   -8 -274
 4 28 D   -8 -282
 4 29 D   -8 -281
 4 30 D   -8 -287
 4  1 H  290  535
 4  2 H  290  537
 4  3 H  290  529
 4  4 H  290  530
 4  5 H  290  537
 4  6 H  290  551
 4  7 H  290  553
 4  8 H  290  559
 4  9 H  290  550
 4 10 H  290  563
 4 11 H  290  572
 4 12 H  290  568
 4 13 H  290  569
 4 14 H  290  578
 4 15 H  290  579
 4 16 H  290  583
 4 17 H  290  577
 4 18 H  290  565
 4 19 H  290  578
 4 20 H  290  585
 4 21 H  290  583
 4 22 H  290  573
 4 23 H  290  579
 4 24 H  290  574
 4 25 H  290  564
 4 26 H  290  565
 4 27 H  290  533
 4 28 H  290  531
 4 29 H  290  516
 4 30 H  290  526
 4  1 Z  230  383
 4  2 Z  230  387
 4  3 Z  230  386
 4  4 Z  230  384
 4  5 Z  230  386
 4  6 Z  230  385
 4  7 Z  230  388
 4  8 Z  230  385
 4  9 Z  230  386
 4 10 Z  230  378
 4 11 Z  230  371
 4 12 Z  230  376
 4 13 Z  230  377
 4 14 Z  230  372
 4 15 Z  230  369
 4 16 Z  230  360
 4 17 Z  230  364
 4 18 Z  230  374
 4 19 Z  230  372
 4 20 Z  230  372
 4 21 Z  230  377
 4 22 Z  230  376
 4 23 Z  230  375
 4 24 Z  230  374
 4 25 Z  230  380
 4 26 Z  230  381
 4 27 Z  230  383
 4 28 Z  230  386
 4 29 Z  230  394
 4 30 Z  230  388
 5  1 D   -8 -280
 5  2 D   -8 -278
 5  3 D   -8 -283
 5  4 D   -8 -279
 5  5 D   -8 -278
 5  6 D   -8 -281
 5  7 D   -8 -281
 5  8 D   -8 -281
 5  9 D   -8 -272
 5 10 D   -8 -278
 5 11 D   -8 -279
 5 12 D   -8 -277
 5 13 D   -8 -289
 5 14 D   -8 -294
 5 15 D   -8 -285
 5 16 D   -8 -297
 5 17 D   -8 -283
 5 18 D   -8 -274
 5 19 D   -8 -282
 5 20 D   -8 -279
 5 21 D   -8 -277
 5 22 D   -8 -282
 5 23 D   -8 -276
 5 24 D   -8 -282
 5 25 D   -8 -282
 5 26 D   -8 -287
 5 27 D   -8 -282
 5 28 D   -8 -276
 5 29 D   -8 -268
 5 30 D   -8 -272
 5 31 D   -8 -276
 5  1 H  290  543
 5  2 H  290  526
 5  3 H  290  557
 5  4 H  290  566
 5  5 H  290  571
 5  6 H  290  573
 5  7 H  290  580
 5  8 H  290  575
 5  9 H  290  573
 5 10 H  290  565
 5 11 H  290  570
 5 12 H  290  575
 5 13 H  290  561
 5 14 H  290  534
 5 15 H  290  565
 5 16 H  290  585
 5 17 H  290  540
 5 18 H  290  554
 5 19 H  290  567
 5 20 H  290  582
 5 21 H  290  595
 5 22 H  290  583
 5 23 H  290  565
 5 24 H  290  565
 5 25 H  290  549
 5 26 H  290  559
 5 27 H  290  563
 5 28 H  290  562
 5 29 H  290  551
 5 30 H  290  555
 5 31 H  290  540
 5  1 Z  230  385
 5  2 Z  230  390
 5  3 Z  230  375
 5  4 Z  230  373
 5  5 Z  230  373
 5  6 Z  230  373
 5  7 Z  230  369
 5  8 Z  230  369
 5  9 Z  230  368
 5 10 Z  230  374
 5 11 Z  230  375
 5 12 Z  230  371
 5 13 Z  230  370
 5 14 Z  230  385
 5 15 Z  230  373
 5 16 Z  230  368
 5 17 Z  230  389
 5 18 Z  230  390
 5 19 Z  230  381
 5 20 Z  230  375
 5 21 Z  230  374
 5 22 Z  230  382
 5 23 Z  230  379
 5 24 Z  230  384
 5 25 Z  230  388
 5 26 Z  230  387
 5 27 Z  230  378
 5 28 Z  230  385
 5 29 Z  230  384
 5 30 Z  230  373
 5 31 Z  230  383
 6  1 D   -8 -278
 6  2 D   -8 -276
 6  3 D   -8 -272
 6  4 D   -8 -283
 6  5 D   -8 -282
 6  6 D   -8 -270
 6  7 D   -8 -273
 6  8 D   -8 -277
 6  9 D   -8 -263
 6 10 D   -8 -277
 6 11 D   -8 -262
 6 12 D   -8 -277
 6 13 D   -8 -260
 6 14 D   -8 -268
 6 15 D   -8 -268
 6 16 D   -8 -271
 6 17 D   -8 -282
 6 18 D   -8 -270
 6 19 D   -8 -262
 6 20 D   -8 -272
 6 21 D   -8 -268
 6 22 D   -8 -263
 6 23 D   -8 -260
 6 24 D   -8 -256
 6 25 D   -8 -259
 6 26 D   -8 -266
 6 27 D   -8 -259
 6 28 D   -8 -254
 6 29 D   -8 -263
 6 30 D   -8 -268
 6  1 H  290  547
 6  2 H  290  542
 6  3 H  290  533
 6  4 H  290  562
 6  5 H  290  447
 6  6 H  290  483
 6  7 H  290  524
 6  8 H  290  559
 6  9 H  290  546
 6 10 H  290  514
 6 11 H  290  501
 6 12 H  290  532
 6 13 H  290  518
 6 14 H  290  526
 6 15 H  290  547
 6 16 H  290  554
 6 17 H  290  558
 6 18 H  290  NaN
 6 19 H  290  544
 6 20 H  290  559
 6 21 H  290  567
 6 22 H  290  560
 6 23 H  290  539
 6 24 H  290  530
 6 25 H  290  553
 6 26 H  290  558
 6 27 H  290  562
 6 28 H  290  562
 6 29 H  290  578
 6 30 H  290  566
 6  1 Z  230  376
 6  2 Z  230  NaN
 6  3 Z  230  382
 6  4 Z  230  383
 6  5 Z  230  412
 6  6 Z  230  405
 6  7 Z  230  392
 6  8 Z  230  383
 6  9 Z  230  390
 6 10 Z  230  395
 6 11 Z  230  401
 6 12 Z  230  388
 6 13 Z  230  401
 6 14 Z  230  389
 6 15 Z  230  385
 6 16 Z  230  382
 6 17 Z  230  378
 6 18 Z  230  NaN
 6 19 Z  230  NaN
 6 20 Z  230  377
 6 21 Z  230  378
 6 22 Z  230  378
 6 23 Z  230  384
 6 24 Z  230  384
 6 25 Z  230  381
 6 26 Z  230  381
 6 27 Z  230  377
 6 28 Z  230  376
 6 29 Z  230  369
 6 30 Z  230  371
 7  1 D   -8 -270
 7  2 D   -8 -265
 7  3 D   -8 -268
 7  4 D   -8 -267
 7  5 D   -8 -271
 7  6 D   -8 -271
 7  7 D   -8 -275
 7  8 D   -8 -272
 7  9 D   -8 -259
 7 10 D   -8 -265
 7 11 D   -8 -267
 7 12 D   -8 -269
 7 13 D   -8 -274
 7 14 D   -8 -271
 7 15 D   -8 -262
 7 16 D   -8 -260
 7 17 D   -8 -256
 7 18 D   -8 -246
 7 19 D   -8 -265
 7 20 D   -8 -258
 7 21 D   -8 -264
 7 22 D   -8 -265
 7 23 D   -8 -267
 7 24 D   -8 -264
 7 25 D   -8 -271
 7 26 D   -8 -267
 7 27 D   -8 -260
 7 28 D   -8 -266
 7 29 D   -8 -261
 7 30 D   -8 -262
 7 31 D   -8 -264
 7  1 H  290  566
 7  2 H  290  568
 7  3 H  290  545
 7  4 H  290  562
 7  5 H  290  576
 7  6 H  290  580
 7  7 H  290  581
 7  8 H  290  556
 7  9 H  290  466
 7 10 H  290  517
 7 11 H  290  543
 7 12 H  290  558
 7 13 H  290  482
 7 14 H  290  494
 7 15 H  290  519
 7 16 H  290  552
 7 17 H  290  528
 7 18 H  290  546
 7 19 H  290  557
 7 20 H  290  543
 7 21 H  290  545
 7 22 H  290  555
 7 23 H  290  554
 7 24 H  290  566
 7 25 H  290  574
 7 26 H  290  574
 7 27 H  290  574
 7 28 H  290  568
 7 29 H  290  583
 7 30 H  290  582
 7 31 H  290  573
 7  1 Z  230  371
 7  2 Z  230  366
 7  3 Z  230  368
 7  4 Z  230  365
 7  5 Z  230  363
 7  6 Z  230  358
 7  7 Z  230  363
 7  8 Z  230  367
 7  9 Z  230  393
 7 10 Z  230  379
 7 11 Z  230  371
 7 12 Z  230  372
 7 13 Z  230  394
 7 14 Z  230  389
 7 15 Z  230  383
 7 16 Z  230  381
 7 17 Z  230  386
 7 18 Z  230  383
 7 19 Z  230  383
 7 20 Z  230  378
 7 21 Z  230  381
 7 22 Z  230  373
 7 23 Z  230  374
 7 24 Z  230  371
 7 25 Z  230  369
 7 26 Z  230  367
 7 27 Z  230  365
 7 28 Z  230  367
 7 29 Z  230  369
 7 30 Z  230  375
 7 31 Z  230  363
 8  1 D   -8 -266
 8  2 D   -8 -262
 8  3 D   -8 -263
 8  4 D   -8 -255
 8  5 D   -8  NaN
 8  6 D   -8 -255
 8  7 D   -8 -263
 8  8 D   -8 -255
 8  9 D   -8 -267
 8 10 D   -8 -261
 8 11 D   -8 -264
 8 12 D   -8 -278
 8 13 D   -8 -264
 8 14 D   -8 -261
 8 15 D   -8 -249
 8 16 D   -8 -258
 8 17 D   -8 -266
 8 18 D   -8 -258
 8 19 D   -8 -255
 8 20 D   -8 -254
 8 21 D   -8 -256
 8 22 D   -8 -253
 8 23 D   -8 -248
 8 24 D   -8 -258
 8 25 D   -8 -260
 8 26 D   -8 -261
 8 27 D   -8 -254
 8 28 D   -8 -249
 8 29 D   -8 -251
 8 30 D   -8 -252
 8 31 D   -8 -257
 8  1 H  290  564
 8  2 H  290  518
 8  3 H  290  542
 8  4 H  290  533
 8  5 H  290  548
 8  6 H  290  531
 8  7 H  290  558
 8  8 H  290  552
 8  9 H  290  564
 8 10 H  290  571
 8 11 H  290  573
 8 12 H  290  535
 8 13 H  290  536
 8 14 H  290  558
 8 15 H  290  535
 8 16 H  290  551
 8 17 H  290  558
 8 18 H  290  555
 8 19 H  290  518
 8 20 H  290  519
 8 21 H  290  524
 8 22 H  290  530
 8 23 H  290  542
 8 24 H  290  564
 8 25 H  290  564
 8 26 H  290  561
 8 27 H  290  551
 8 28 H  290  537
 8 29 H  290  552
 8 30 H  290  527
 8 31 H  290  516
 8  1 Z  230  367
 8  2 Z  230  NaN
 8  3 Z  230  372
 8  4 Z  230  381
 8  5 Z  230  372
 8  6 Z  230  381
 8  7 Z  230  373
 8  8 Z  230  376
 8  9 Z  230  374
 8 10 Z  230  371
 8 11 Z  230  NaN
 8 12 Z  230  372
 8 13 Z  230  379
 8 14 Z  230  377
 8 15 Z  230  380
 8 16 Z  230  370
 8 17 Z  230  366
 8 18 Z  230  373
 8 19 Z  230  372
 8 20 Z  230  377
 8 21 Z  230  378
 8 22 Z  230  385
 8 23 Z  230  378
 8 24 Z  230  370
 8 25 Z  230  365
 8 26 Z  230  360
 8 27 Z  230  365
 8 28 Z  230  371
 8 29 Z  230  363
 8 30 Z  230  365
 8 31 Z  230  371
 9  1 D   -8 -252
 9  2 D   -8 -255
 9  3 D   -8 -249
 9  4 D   -8 -239
 9  5 D   -8 -247
 9  6 D   -8 -248
 9  7 D   -8 -251
 9  8 D   -8 -249
 9  9 D   -8 -238
 9 10 D   -8 -248
 9 11 D   -8 -251
 9 12 D   -8 -253
 9 13 D   -8 -253
 9 14 D   -8 -245
 9 15 D   -8 -252
 9 16 D   -8 -250
 9 17 D   -8 -252
 9 18 D   -8 -254
 9 19 D   -8 -251
 9 20 D   -8 -251
 9 21 D   -8 -249
 9 22 D   -8 -262
 9 23 D   -8 -265
 9 24 D   -8 -260
 9 25 D   -8 -254
 9 26 D   -8 -249
 9 27 D   -8 -243
 9 28 D   -8 -247
 9 29 D   -8 -253
 9 30 D   -8 -252
 9  1 H  290  531
 9  2 H  290  530
 9  3 H  290  537
 9  4 H  290  543
 9  5 H  290  541
 9  6 H  290  550
 9  7 H  290  559
 9  8 H  290  551
 9  9 H  290  533
 9 10 H  290  528
 9 11 H  290  556
 9 12 H  290  567
 9 13 H  290  575
 9 14 H  290  552
 9 15 H  290  562
 9 16 H  290  563
 9 17 H  290  571
 9 18 H  290  584
 9 19 H  290  573
 9 20 H  290  567
 9 21 H  290  579
 9 22 H  290  596
 9 23 H  290  589
 9 24 H  290  586
 9 25 H  290  539
 9 26 H  290  520
 9 27 H  290  516
 9 28 H  290  518
 9 29 H  290  545
 9 30 H  290  541
 9  1 Z  230  371
 9  2 Z  230  376
 9  3 Z  230  373
 9  4 Z  230  377
 9  5 Z  230  373
 9  6 Z  230  367
 9  7 Z  230  368
 9  8 Z  230  370
 9  9 Z  230  377
 9 10 Z  230  374
 9 11 Z  230  371
 9 12 Z  230  365
 9 13 Z  230  360
 9 14 Z  230  366
 9 15 Z  230  361
 9 16 Z  230  359
 9 17 Z  230  352
 9 18 Z  230  360
 9 19 Z  230  358
 9 20 Z  230  361
 9 21 Z  230  360
 9 22 Z  230  349
 9 23 Z  230  349
 9 24 Z  230  348
 9 25 Z  230  360
 9 26 Z  230  368
 9 27 Z  230  375
 9 28 Z  230  370
 9 29 Z  230  366
 9 30 Z  230  366
10  1 D   -8 -247
10  2 D   -8 -248
10  3 D   -8 -245
10  4 D   -8 -256
10  5 D   -8 -240
10  6 D   -8 -242
10  7 D   -8 -237
10  8 D   -8 -251
10  9 D   -8 -251
10 10 D   -8 -250
10 11 D   -8 -249
10 12 D   -8 -248
10 13 D   -8 -252
10 14 D   -8 -245
10 15 D   -8 -250
10 16 D   -8 -247
10 17 D   -8 -247
10 18 D   -8 -246
10 19 D   -8 -244
10 20 D   -8 -242
10 21 D   -8 -244
10 22 D   -8 -236
10 23 D   -8 -245
10 24 D   -8 -244
10 25 D   -8 -239
10 26 D   -8 -242
10 27 D   -8 -243
10 28 D   -8 -240
10 29 D   -8 -235
10 30 D   -8 -234
10 31 D   -8 -241
10  1 H  290  524
10  2 H  290  472
10  3 H  290  533
10  4 H  290  543
10  5 H  290  559
10  6 H  290  562
10  7 H  290  551
10  8 H  290  531
10  9 H  290  562
10 10 H  290  552
10 11 H  290  566
10 12 H  290  568
10 13 H  290  572
10 14 H  290  574
10 15 H  290  573
10 16 H  290  580
10 17 H  290  592
10 18 H  290  582
10 19 H  290  572
10 20 H  290  544
10 21 H  290  525
10 22 H  290  526
10 23 H  290  549
10 24 H  290  535
10 25 H  290  527
10 26 H  290  529
10 27 H  290  515
10 28 H  290  487
10 29 H  290  453
10 30 H  290  488
10 31 H  290  513
10  1 Z  230  372
10  2 Z  230  387
10  3 Z  230  370
10  4 Z  230  372
10  5 Z  230  367
10  6 Z  230  365
10  7 Z  230  365
10  8 Z  230  366
10  9 Z  230  357
10 10 Z  230  359
10 11 Z  230  353
10 12 Z  230  354
10 13 Z  230  346
10 14 Z  230  351
10 15 Z  230  346
10 16 Z  230  346
10 17 Z  230  341
10 18 Z  230  343
10 19 Z  230  346
10 20 Z  230  355
10 21 Z  230  357
10 22 Z  230  356
10 23 Z  230  352
10 24 Z  230  355
10 25 Z  230  357
10 26 Z  230  361
10 27 Z  230  357
10 28 Z  230  360
10 29 Z  230  390
10 30 Z  230  378
10 31 Z  230  372
11  1 D   -8 -241
11  2 D   -8 -242
11  3 D   -8 -234
11  4 D   -8 -226
11  5 D   -8 -229
11  6 D   -8 -235
11  7 D   -8 -236
11  8 D   -8 -243
11  9 D   -8 -212
11 10 D   -8 -241
11 11 D   -8 -239
11 12 D   -8 -232
11 13 D   -8 -236
11 14 D   -8 -238
11 15 D   -8 -237
11 16 D   -8 -234
11 17 D   -8 -231
11 18 D   -8 -237
11 19 D   -8 -237
11 20 D   -8 -235
11 21 D   -8 -237
11 22 D   -8 -236
11 23 D   -8 -238
11 24 D   -8 -235
11 25 D   -8 -236
11 26 D   -8 -239
11 27 D   -8 -240
11 28 D   -8 -236
11 29 D   -8 -234
11 30 D   -8 -232
11  1 H  290  452
11  2 H  290  483
11  3 H  290  535
11  4 H  290  536
11  5 H  290  527
11  6 H  290  550
11  7 H  290  557
11  8 H  290  505
11  9 H  290  390
11 10 H  290  512
11 11 H  290  538
11 12 H  290  545
11 13 H  290  564
11 14 H  290  564
11 15 H  290  547
11 16 H  290  530
11 17 H  290  524
11 18 H  290  522
11 19 H  290  493
11 20 H  290  524
11 21 H  290  492
11 22 H  290  505
11 23 H  290  528
11 24 H  290  542
11 25 H  290  551
11 26 H  290  557
11 27 H  290  560
11 28 H  290  565
11 29 H  290  557
11 30 H  290  558
11  1 Z  230  390
11  2 Z  230  388
11  3 Z  230  377
11  4 Z  230  367
11  5 Z  230  373
11  6 Z  230  366
11  7 Z  230  362
11  8 Z  230  369
11  9 Z  230  417
11 10 Z  230  382
11 11 Z  230  365
11 12 Z  230  361
11 13 Z  230  359
11 14 Z  230  357
11 15 Z  230  359
11 16 Z  230  365
11 17 Z  230  370
11 18 Z  230  370
11 19 Z  230  385
11 20 Z  230  373
11 21 Z  230  376
11 22 Z  230  375
11 23 Z  230  363
11 24 Z  230  361
11 25 Z  230  360
11 26 Z  230  355
11 27 Z  230  352
11 28 Z  230  348
11 29 Z  230  348
11 30 Z  230  350
12  1 D   -8 -238
12  2 D   -8 -239
12  3 D   -8 -242
12  4 D   -8 -236
12  5 D   -8 -223
12  6 D   -8 -222
12  7 D   -8 -238
12  8 D   -8 -234
12  9 D   -8 -238
12 10 D   -8 -235
12 11 D   -8 -240
12 12 D   -8 -237
12 13 D   -8 -237
12 14 D   -8 -236
12 15 D   -8 -239
12 16 D   -8 -243
12 17 D   -8 -238
12 18 D   -8 -237
12 19 D   -8 -231
12 20 D   -8 -239
12 21 D   -8 -233
12 22 D   -8 -238
12 23 D   -8 -236
12 24 D   -8 -232
12 25 D   -8 -234
12 26 D   -8 -235
12 27 D   -8 -231
12 28 D   -8 -230
12 29 D   -8 -236
12 30 D   -8 -235
12 31 D   -8 -234
12  1 H  290  568
12  2 H  290  555
12  3 H  290  564
12  4 H  290  565
12  5 H  290  570
12  6 H  290  578
12  7 H  290  578
12  8 H  290  581
12  9 H  290  586
12 10 H  290  567
12 11 H  290  565
12 12 H  290  558
12 13 H  290  562
12 14 H  290  561
12 15 H  290  569
12 16 H  290  561
12 17 H  290  546
12 18 H  290  554
12 19 H  290  543
12 20 H  290  551
12 21 H  290  556
12 22 H  290  577
12 23 H  290  566
12 24 H  290  573
12 25 H  290  572
12 26 H  290  593
12 27 H  290  552
12 28 H  290  517
12 29 H  290  544
12 30 H  290  547
12 31 H  290  556
12  1 Z  230  354
12  2 Z  230  358
12  3 Z  230  354
12  4 Z  230  349
12  5 Z  230  354
12  6 Z  230  357
12  7 Z  230  347
12  8 Z  230  348
12  9 Z  230  345
12 10 Z  230  346
12 11 Z  230  352
12 12 Z  230  355
12 13 Z  230  349
12 14 Z  230  350
12 15 Z  230  349
12 16 Z  230  346
12 17 Z  230  353
12 18 Z  230  353
12 19 Z  230  351
12 20 Z  230  351
12 21 Z  230  346
12 22 Z  230  339
12 23 Z  230  343
12 24 Z  230  342
12 25 Z  230  344
12 26 Z  230  339
12 27 Z  230  343
12 28 Z  230  356
12 29 Z  230  352
12 30 Z  230  350
12 31 Z  230  348
