   1960.00   8.5290E+03   4.2687E+03   5.6324E+04  -9.2251E+00  -6.0189E+00   2.8215E+01  -7.5489E-01  -4.9253E-01  -4.6177E+00
   1960.08   8.5311E+03   4.2689E+03   5.6325E+04  -9.1676E+00  -5.9815E+00   2.8040E+01  -7.5019E-01  -4.8947E-01  -4.5890E+00
   1960.17   8.5332E+03   4.2690E+03   5.6325E+04  -9.0877E+00  -5.9295E+00   2.7796E+01  -7.4365E-01  -4.8521E-01  -4.5491E+00
   1960.25   8.5353E+03   4.2692E+03   5.6326E+04  -8.9870E+00  -5.8639E+00   2.7489E+01  -7.3541E-01  -4.7985E-01  -4.4988E+00
   1960.33   8.5374E+03   4.2694E+03   5.6327E+04  -8.8674E+00  -5.7859E+00   2.7123E+01  -7.2562E-01  -4.7347E-01  -4.4390E+00
   1960.42   8.5394E+03   4.2695E+03   5.6328E+04  -8.7303E+00  -5.6966E+00   2.6704E+01  -7.1441E-01  -4.6616E-01  -4.3704E+00
   1960.50   8.5415E+03   4.2697E+03   5.6329E+04  -8.5776E+00  -5.5971E+00   2.6238E+01  -7.0191E-01  -4.5802E-01  -4.2941E+00
   1960.58   8.5436E+03   4.2699E+03   5.6330E+04  -8.4109E+00  -5.4885E+00   2.5728E+01  -6.8827E-01  -4.4913E-01  -4.2107E+00
   1960.67   8.5456E+03   4.2701E+03   5.6331E+04  -8.2319E+00  -5.3718E+00   2.5181E+01  -6.7362E-01  -4.3958E-01  -4.1212E+00
   1960.75   8.5477E+03   4.2702E+03   5.6332E+04  -8.0423E+00  -5.2482E+00   2.4602E+01  -6.5811E-01  -4.2947E-01  -4.0264E+00
   1960.83   8.5497E+03   4.2704E+03   5.6333E+04  -7.8438E+00  -5.1188E+00   2.3995E+01  -6.4186E-01  -4.1888E-01  -3.9271E+00
   1960.92   8.5517E+03   4.2706E+03   5.6334E+04  -7.6380E+00  -4.9847E+00   2.3366E+01  -6.2502E-01  -4.0790E-01  -3.8241E+00
   1961.00   8.5537E+03   4.2707E+03   5.6336E+04  -7.4267E+00  -4.8469E+00   2.2720E+01  -6.0773E-01  -3.9663E-01  -3.7184E+00
   1961.08   8.5557E+03   4.2709E+03   5.6337E+04  -7.2115E+00  -4.7067E+00   2.2063E+01  -5.9012E-01  -3.8515E-01  -3.6108E+00
   1961.17   8.5576E+03   4.2711E+03   5.6338E+04  -6.9941E+00  -4.5650E+00   2.1398E+01  -5.7233E-01  -3.7355E-01  -3.5020E+00
   1961.25   8.5596E+03   4.2712E+03   5.6339E+04  -6.7762E+00  -4.4229E+00   2.0732E+01  -5.5450E-01  -3.6193E-01  -3.3931E+00
   1961.33   8.5615E+03   4.2713E+03   5.6340E+04  -6.5595E+00  -4.2817E+00   2.0070E+01  -5.3677E-01  -3.5037E-01  -3.2847E+00
   1961.42   8.5634E+03   4.2715E+03   5.6341E+04  -6.3457E+00  -4.1423E+00   1.9417E+01  -5.1927E-01  -3.3897E-01  -3.1778E+00
   1961.50   8.5653E+03   4.2716E+03   5.6342E+04  -6.1364E+00  -4.0059E+00   1.8777E+01  -5.0215E-01  -3.2781E-01  -3.0731E+00
   1961.58   8.5671E+03   4.2717E+03   5.6343E+04  -5.9334E+00  -3.8736E+00   1.8157E+01  -4.8553E-01  -3.1698E-01  -2.9716E+00
   1961.67   8.5689E+03   4.2718E+03   5.6344E+04  -5.7383E+00  -3.7465E+00   1.7561E+01  -4.6957E-01  -3.0658E-01  -2.8740E+00
   1961.75   8.5707E+03   4.2719E+03   5.6345E+04  -5.5529E+00  -3.6256E+00   1.6994E+01  -4.5439E-01  -2.9669E-01  -2.7813E+00
   1961.83   8.5725E+03   4.2720E+03   5.6346E+04  -5.3787E+00  -3.5121E+00   1.6462E+01  -4.4014E-01  -2.8740E-01  -2.6943E+00
   1961.92   8.5743E+03   4.2720E+03   5.6347E+04  -5.2175E+00  -3.4071E+00   1.5970E+01  -4.2695E-01  -2.7881E-01  -2.6137E+00
   1962.00   8.5760E+03   4.2721E+03   5.6348E+04  -5.0710E+00  -3.3117E+00   1.5523E+01  -4.1497E-01  -2.7100E-01  -2.5405E+00
   1962.08   8.5776E+03   4.2721E+03   5.6348E+04  -4.9405E+00  -3.2267E+00   1.5124E+01  -4.0428E-01  -2.6404E-01  -2.4753E+00
   1962.17   8.5793E+03   4.2722E+03   5.6349E+04  -4.8252E+00  -3.1516E+00   1.4773E+01  -3.9485E-01  -2.5790E-01  -2.4177E+00
   1962.25   8.5809E+03   4.2722E+03   5.6350E+04  -4.7243E+00  -3.0859E+00   1.4465E+01  -3.8659E-01  -2.5252E-01  -2.3674E+00
   1962.33   8.5825E+03   4.2722E+03   5.6351E+04  -4.6367E+00  -3.0289E+00   1.4198E+01  -3.7942E-01  -2.4786E-01  -2.3237E+00
   1962.42   8.5841E+03   4.2721E+03   5.6351E+04  -4.5614E+00  -2.9800E+00   1.3969E+01  -3.7326E-01  -2.4385E-01  -2.2861E+00
   1962.50   8.5856E+03   4.2721E+03   5.6352E+04  -4.4973E+00  -2.9383E+00   1.3774E+01  -3.6802E-01  -2.4044E-01  -2.2542E+00
   1962.58   8.5872E+03   4.2721E+03   5.6353E+04  -4.4435E+00  -2.9034E+00   1.3610E+01  -3.6362E-01  -2.3758E-01  -2.2274E+00
   1962.67   8.5887E+03   4.2721E+03   5.6353E+04  -4.3990E+00  -2.8744E+00   1.3475E+01  -3.5997E-01  -2.3522E-01  -2.2053E+00
   1962.75   8.5902E+03   4.2720E+03   5.6354E+04  -4.3626E+00  -2.8508E+00   1.3364E+01  -3.5699E-01  -2.3329E-01  -2.1872E+00
   1962.83   8.5916E+03   4.2720E+03   5.6354E+04  -4.3334E+00  -2.8320E+00   1.3276E+01  -3.5461E-01  -2.3174E-01  -2.1728E+00
   1962.92   8.5931E+03   4.2719E+03   5.6355E+04  -4.3104E+00  -2.8171E+00   1.3207E+01  -3.5272E-01  -2.3052E-01  -2.1614E+00
   1963.00   8.5945E+03   4.2719E+03   5.6355E+04  -4.2926E+00  -2.8056E+00   1.3153E+01  -3.5126E-01  -2.2958E-01  -2.1526E+00
   1963.08   8.5960E+03   4.2718E+03   5.6356E+04  -4.2789E+00  -2.7967E+00   1.3112E+01  -3.5014E-01  -2.2886E-01  -2.1459E+00
   1963.17   8.5974E+03   4.2718E+03   5.6356E+04  -4.2683E+00  -2.7899E+00   1.3080E+01  -3.4927E-01  -2.2830E-01  -2.1407E+00
   1963.25   8.5988E+03   4.2717E+03   5.6357E+04  -4.2598E+00  -2.7845E+00   1.3055E+01  -3.4858E-01  -2.2786E-01  -2.1366E+00
   1963.33   8.6002E+03   4.2716E+03   5.6357E+04  -4.2523E+00  -2.7797E+00   1.3033E+01  -3.4797E-01  -2.2747E-01  -2.1330E+00
   1963.42   8.6017E+03   4.2716E+03   5.6358E+04  -4.2450E+00  -2.7750E+00   1.3011E+01  -3.4737E-01  -2.2708E-01  -2.1295E+00
   1963.50   8.6031E+03   4.2715E+03   5.6358E+04  -4.2366E+00  -2.7697E+00   1.2987E+01  -3.4669E-01  -2.2664E-01  -2.1254E+00
   1963.58   8.6045E+03   4.2715E+03   5.6358E+04  -4.2263E+00  -2.7630E+00   1.2956E+01  -3.4584E-01  -2.2610E-01  -2.1203E+00
   1963.67   8.6059E+03   4.2714E+03   5.6359E+04  -4.2130E+00  -2.7544E+00   1.2916E+01  -3.4475E-01  -2.2539E-01  -2.1138E+00
   1963.75   8.6073E+03   4.2714E+03   5.6359E+04  -4.1957E+00  -2.7431E+00   1.2863E+01  -3.4333E-01  -2.2447E-01  -2.1052E+00
   1963.83   8.6087E+03   4.2714E+03   5.6360E+04  -4.1733E+00  -2.7285E+00   1.2795E+01  -3.4150E-01  -2.2328E-01  -2.0941E+00
   1963.92   8.6102E+03   4.2714E+03   5.6360E+04  -4.1449E+00  -2.7100E+00   1.2709E+01  -3.3918E-01  -2.2176E-01  -2.0799E+00
   1964.00   8.6116E+03   4.2713E+03   5.6361E+04  -4.1094E+00  -2.6868E+00   1.2600E+01  -3.3627E-01  -2.1987E-01  -2.0622E+00
   1964.08   8.6131E+03   4.2713E+03   5.6361E+04  -4.0661E+00  -2.6586E+00   1.2468E+01  -3.3273E-01  -2.1756E-01  -2.0406E+00
   1964.17   8.6145E+03   4.2714E+03   5.6362E+04  -4.0160E+00  -2.6259E+00   1.2315E+01  -3.2863E-01  -2.1487E-01  -2.0155E+00
   1964.25   8.6160E+03   4.2714E+03   5.6362E+04  -3.9601E+00  -2.5893E+00   1.2144E+01  -3.2405E-01  -2.1189E-01  -1.9875E+00
   1964.33   8.6175E+03   4.2714E+03   5.6363E+04  -3.8995E+00  -2.5498E+00   1.1959E+01  -3.1910E-01  -2.0865E-01  -1.9573E+00
   1964.42   8.6190E+03   4.2715E+03   5.6363E+04  -3.8356E+00  -2.5080E+00   1.1764E+01  -3.1386E-01  -2.0523E-01  -1.9252E+00
   1964.50   8.6205E+03   4.2715E+03   5.6364E+04  -3.7693E+00  -2.4647E+00   1.1561E+01  -3.0844E-01  -2.0169E-01  -1.8921E+00
   1964.58   8.6220E+03   4.2716E+03   5.6365E+04  -3.7020E+00  -2.4207E+00   1.1355E+01  -3.0293E-01  -1.9809E-01  -1.8584E+00
   1964.67   8.6235E+03   4.2717E+03   5.6365E+04  -3.6347E+00  -2.3767E+00   1.1150E+01  -2.9743E-01  -1.9449E-01  -1.8248E+00
   1964.75   8.6250E+03   4.2718E+03   5.6366E+04  -3.5686E+00  -2.3335E+00   1.0948E+01  -2.9202E-01  -1.9095E-01  -1.7917E+00
   1964.83   8.6265E+03   4.2719E+03   5.6366E+04  -3.5050E+00  -2.2919E+00   1.0753E+01  -2.8681E-01  -1.8755E-01  -1.7599E+00
   1964.92   8.6280E+03   4.2720E+03   5.6367E+04  -3.4449E+00  -2.2526E+00   1.0570E+01  -2.8189E-01  -1.8433E-01  -1.7298E+00
   1965.00   8.6295E+03   4.2722E+03   5.6367E+04  -3.3895E+00  -2.2163E+00   1.0401E+01  -2.7736E-01  -1.8136E-01  -1.7022E+00
   1965.08   8.6310E+03   4.2724E+03   5.6368E+04  -3.3400E+00  -2.1839E+00   1.0250E+01  -2.7331E-01  -1.7871E-01  -1.6775E+00
   1965.17   8.6326E+03   4.2726E+03   5.6368E+04  -3.2975E+00  -2.1561E+00   1.0121E+01  -2.6984E-01  -1.7644E-01  -1.6563E+00
   1965.25   8.6341E+03   4.2728E+03   5.6369E+04  -3.2633E+00  -2.1337E+00   1.0017E+01  -2.6703E-01  -1.7460E-01  -1.6393E+00
   1965.33   8.6356E+03   4.2730E+03   5.6369E+04  -3.2384E+00  -2.1174E+00   9.9415E+00  -2.6500E-01  -1.7327E-01  -1.6270E+00
   1965.42   8.6372E+03   4.2732E+03   5.6370E+04  -3.2241E+00  -2.1080E+00   9.8988E+00  -2.6383E-01  -1.7250E-01  -1.6200E+00
   1965.50   8.6387E+03   4.2735E+03   5.6370E+04  -3.2215E+00  -2.1062E+00   9.8921E+00  -2.6361E-01  -1.7235E-01  -1.6190E+00
   1965.58   8.6402E+03   4.2738E+03   5.6370E+04  -3.2317E+00  -2.1129E+00   9.9250E+00  -2.6446E-01  -1.7290E-01  -1.6243E+00
   1965.67   8.6417E+03   4.2741E+03   5.6371E+04  -3.2561E+00  -2.1287E+00   1.0001E+01  -2.6644E-01  -1.7419E-01  -1.6368E+00
   1965.75   8.6432E+03   4.2744E+03   5.6371E+04  -3.2956E+00  -2.1544E+00   1.0124E+01  -2.6968E-01  -1.7630E-01  -1.6569E+00
   1965.83   8.6447E+03   4.2748E+03   5.6371E+04  -3.3515E+00  -2.1908E+00   1.0297E+01  -2.7425E-01  -1.7928E-01  -1.6852E+00
   1965.92   8.6462E+03   4.2752E+03   5.6372E+04  -3.4249E+00  -2.2387E+00   1.0524E+01  -2.8026E-01  -1.8320E-01  -1.7224E+00
   1966.00   8.6477E+03   4.2756E+03   5.6372E+04  -3.5170E+00  -2.2988E+00   1.0809E+01  -2.8780E-01  -1.8811E-01  -1.7689E+00
   1966.08   8.6492E+03   4.2760E+03   5.6372E+04  -3.6285E+00  -2.3716E+00   1.1153E+01  -2.9692E-01  -1.9407E-01  -1.8252E+00
   1966.17   8.6507E+03   4.2764E+03   5.6372E+04  -3.7582E+00  -2.4563E+00   1.1553E+01  -3.0754E-01  -2.0100E-01  -1.8907E+00
   1966.25   8.6522E+03   4.2769E+03   5.6372E+04  -3.9045E+00  -2.5517E+00   1.2004E+01  -3.1951E-01  -2.0881E-01  -1.9645E+00
   1966.33   8.6537E+03   4.2774E+03   5.6372E+04  -4.0656E+00  -2.6569E+00   1.2500E+01  -3.3269E-01  -2.1742E-01  -2.0458E+00
   1966.42   8.6552E+03   4.2780E+03   5.6372E+04  -4.2400E+00  -2.7707E+00   1.3037E+01  -3.4696E-01  -2.2673E-01  -2.1337E+00
   1966.50   8.6566E+03   4.2785E+03   5.6372E+04  -4.4259E+00  -2.8921E+00   1.3610E+01  -3.6217E-01  -2.3666E-01  -2.2274E+00
   1966.58   8.6581E+03   4.2791E+03   5.6372E+04  -4.6217E+00  -3.0199E+00   1.4213E+01  -3.7819E-01  -2.4712E-01  -2.3261E+00
   1966.67   8.6596E+03   4.2797E+03   5.6372E+04  -4.8257E+00  -3.1531E+00   1.4841E+01  -3.9489E-01  -2.5802E-01  -2.4289E+00
   1966.75   8.6611E+03   4.2803E+03   5.6372E+04  -5.0362E+00  -3.2906E+00   1.5490E+01  -4.1212E-01  -2.6927E-01  -2.5351E+00
   1966.83   8.6626E+03   4.2810E+03   5.6372E+04  -5.2517E+00  -3.4312E+00   1.6153E+01  -4.2975E-01  -2.8078E-01  -2.6437E+00
   1966.92   8.6641E+03   4.2817E+03   5.6372E+04  -5.4704E+00  -3.5740E+00   1.6827E+01  -4.4764E-01  -2.9246E-01  -2.7539E+00
   1967.00   8.6656E+03   4.2824E+03   5.6372E+04  -5.6906E+00  -3.7178E+00   1.7505E+01  -4.6567E-01  -3.0423E-01  -2.8649E+00
   1967.08   8.6671E+03   4.2832E+03   5.6372E+04  -5.9108E+00  -3.8615E+00   1.8183E+01  -4.8368E-01  -3.1599E-01  -2.9758E+00
   1967.17   8.6686E+03   4.2839E+03   5.6372E+04  -6.1292E+00  -4.0041E+00   1.8855E+01  -5.0155E-01  -3.2766E-01  -3.0859E+00
   1967.25   8.6701E+03   4.2848E+03   5.6372E+04  -6.3442E+00  -4.1444E+00   1.9517E+01  -5.1915E-01  -3.3914E-01  -3.1942E+00
   1967.33   8.6716E+03   4.2856E+03   5.6372E+04  -6.5541E+00  -4.2814E+00   2.0164E+01  -5.3632E-01  -3.5035E-01  -3.3000E+00
   1967.42   8.6731E+03   4.2865E+03   5.6372E+04  -6.7572E+00  -4.4140E+00   2.0789E+01  -5.5295E-01  -3.6120E-01  -3.4024E+00
   1967.50   8.6747E+03   4.2874E+03   5.6372E+04  -6.9519E+00  -4.5411E+00   2.1389E+01  -5.6888E-01  -3.7160E-01  -3.5005E+00
   1967.58   8.6763E+03   4.2883E+03   5.6372E+04  -7.1366E+00  -4.6616E+00   2.1958E+01  -5.8399E-01  -3.8146E-01  -3.5936E+00
   1967.67   8.6778E+03   4.2893E+03   5.6372E+04  -7.3095E+00  -4.7745E+00   2.2490E+01  -5.9814E-01  -3.9070E-01  -3.6808E+00
   1967.75   8.6794E+03   4.2902E+03   5.6373E+04  -7.4690E+00  -4.8785E+00   2.2982E+01  -6.1119E-01  -3.9921E-01  -3.7612E+00
   1967.83   8.6810E+03   4.2913E+03   5.6373E+04  -7.6135E+00  -4.9727E+00   2.3427E+01  -6.2301E-01  -4.0692E-01  -3.8340E+00
   1967.92   8.6827E+03   4.2923E+03   5.6373E+04  -7.7412E+00  -5.0560E+00   2.3820E+01  -6.3347E-01  -4.1374E-01  -3.8985E+00
   1968.00   8.6843E+03   4.2934E+03   5.6373E+04  -7.8505E+00  -5.1273E+00   2.4157E+01  -6.4241E-01  -4.1957E-01  -3.9536E+00
   1968.08   8.6860E+03   4.2946E+03   5.6374E+04  -7.9402E+00  -5.1857E+00   2.4434E+01  -6.4975E-01  -4.2435E-01  -3.9989E+00
   1968.17   8.6876E+03   4.2957E+03   5.6374E+04  -8.0108E+00  -5.2316E+00   2.4652E+01  -6.5553E-01  -4.2811E-01  -4.0346E+00
   1968.25   8.6893E+03   4.2969E+03   5.6374E+04  -8.0631E+00  -5.2656E+00   2.4814E+01  -6.5981E-01  -4.3089E-01  -4.0610E+00
   1968.33   8.6911E+03   4.2981E+03   5.6375E+04  -8.0980E+00  -5.2882E+00   2.4922E+01  -6.6267E-01  -4.3274E-01  -4.0788E+00
   1968.42   8.6928E+03   4.2994E+03   5.6375E+04  -8.1165E+00  -5.3001E+00   2.4980E+01  -6.6418E-01  -4.3371E-01  -4.0882E+00
   1968.50   8.6945E+03   4.3006E+03   5.6376E+04  -8.1195E+00  -5.3019E+00   2.4990E+01  -6.6442E-01  -4.3385E-01  -4.0899E+00
   1968.58   8.6963E+03   4.3019E+03   5.6377E+04  -8.1079E+00  -5.2940E+00   2.4955E+01  -6.6347E-01  -4.3321E-01  -4.0841E+00
   1968.67   8.6981E+03   4.3032E+03   5.6377E+04  -8.0824E+00  -5.2772E+00   2.4878E+01  -6.6139E-01  -4.3184E-01  -4.0715E+00
   1968.75   8.6999E+03   4.3046E+03   5.6378E+04  -8.0442E+00  -5.2521E+00   2.4761E+01  -6.5826E-01  -4.2978E-01  -4.0524E+00
   1968.83   8.7017E+03   4.3059E+03   5.6379E+04  -7.9941E+00  -5.2191E+00   2.4608E+01  -6.5416E-01  -4.2708E-01  -4.0273E+00
   1968.92   8.7035E+03   4.3073E+03   5.6379E+04  -7.9329E+00  -5.1789E+00   2.4420E+01  -6.4915E-01  -4.2379E-01  -3.9967E+00
   1969.00   8.7053E+03   4.3087E+03   5.6380E+04  -7.8616E+00  -5.1321E+00   2.4202E+01  -6.4332E-01  -4.1996E-01  -3.9609E+00
   1969.08   8.7071E+03   4.3101E+03   5.6381E+04  -7.7811E+00  -5.0793E+00   2.3955E+01  -6.3673E-01  -4.1564E-01  -3.9205E+00
   1969.17   8.7089E+03   4.3115E+03   5.6382E+04  -7.6922E+00  -5.0210E+00   2.3683E+01  -6.2946E-01  -4.1087E-01  -3.8760E+00
   1969.25   8.7108E+03   4.3129E+03   5.6382E+04  -7.5960E+00  -4.9579E+00   2.3388E+01  -6.2158E-01  -4.0571E-01  -3.8277E+00
   1969.33   8.7126E+03   4.3144E+03   5.6383E+04  -7.4932E+00  -4.8906E+00   2.3073E+01  -6.1317E-01  -4.0020E-01  -3.7761E+00
   1969.42   8.7145E+03   4.3158E+03   5.6384E+04  -7.3849E+00  -4.8196E+00   2.2740E+01  -6.0431E-01  -3.9439E-01  -3.7217E+00
   1969.50   8.7163E+03   4.3173E+03   5.6385E+04  -7.2718E+00  -4.7455E+00   2.2393E+01  -5.9505E-01  -3.8832E-01  -3.6649E+00
   1969.58   8.7182E+03   4.3187E+03   5.6386E+04  -7.1549E+00  -4.6689E+00   2.2035E+01  -5.8549E-01  -3.8206E-01  -3.6062E+00
   1969.67   8.7200E+03   4.3202E+03   5.6387E+04  -7.0352E+00  -4.5905E+00   2.1667E+01  -5.7569E-01  -3.7564E-01  -3.5460E+00
   1969.75   8.7219E+03   4.3217E+03   5.6387E+04  -6.9134E+00  -4.5107E+00   2.1293E+01  -5.6573E-01  -3.6911E-01  -3.4849E+00
   1969.83   8.7238E+03   4.3232E+03   5.6388E+04  -6.7906E+00  -4.4303E+00   2.0916E+01  -5.5568E-01  -3.6253E-01  -3.4232E+00
   1969.92   8.7256E+03   4.3246E+03   5.6389E+04  -6.6676E+00  -4.3497E+00   2.0539E+01  -5.4561E-01  -3.5594E-01  -3.3614E+00
   1970.00   8.7275E+03   4.3261E+03   5.6390E+04  -6.5453E+00  -4.2696E+00   2.0163E+01  -5.3560E-01  -3.4938E-01  -3.2999E+00
   1970.08   8.7293E+03   4.3276E+03   5.6391E+04  -6.4246E+00  -4.1905E+00   1.9793E+01  -5.2572E-01  -3.4291E-01  -3.2393E+00
   1970.17   8.7312E+03   4.3290E+03   5.6391E+04  -6.3060E+00  -4.1129E+00   1.9429E+01  -5.1602E-01  -3.3656E-01  -3.1797E+00
   1970.25   8.7330E+03   4.3305E+03   5.6392E+04  -6.1903E+00  -4.0371E+00   1.9073E+01  -5.0656E-01  -3.3036E-01  -3.1216E+00
   1970.33   8.7349E+03   4.3319E+03   5.6393E+04  -6.0780E+00  -3.9636E+00   1.8728E+01  -4.9736E-01  -3.2434E-01  -3.0651E+00
   1970.42   8.7367E+03   4.3334E+03   5.6394E+04  -5.9696E+00  -3.8926E+00   1.8396E+01  -4.8850E-01  -3.1853E-01  -3.0107E+00
   1970.50   8.7385E+03   4.3348E+03   5.6394E+04  -5.8659E+00  -3.8246E+00   1.8077E+01  -4.8001E-01  -3.1297E-01  -2.9585E+00
   1970.58   8.7404E+03   4.3362E+03   5.6395E+04  -5.7673E+00  -3.7599E+00   1.7775E+01  -4.7194E-01  -3.0768E-01  -2.9090E+00
   1970.67   8.7422E+03   4.3376E+03   5.6396E+04  -5.6744E+00  -3.6991E+00   1.7490E+01  -4.6434E-01  -3.0270E-01  -2.8624E+00
   1970.75   8.7440E+03   4.3390E+03   5.6397E+04  -5.5879E+00  -3.6423E+00   1.7224E+01  -4.5726E-01  -2.9805E-01  -2.8190E+00
   1970.83   8.7458E+03   4.3404E+03   5.6397E+04  -5.5083E+00  -3.5900E+00   1.6980E+01  -4.5075E-01  -2.9378E-01  -2.7790E+00
   1970.92   8.7476E+03   4.3418E+03   5.6398E+04  -5.4363E+00  -3.5427E+00   1.6760E+01  -4.4485E-01  -2.8990E-01  -2.7429E+00
   1971.00   8.7494E+03   4.3431E+03   5.6399E+04  -5.3724E+00  -3.5006E+00   1.6564E+01  -4.3962E-01  -2.8646E-01  -2.7109E+00
   1971.08   8.7512E+03   4.3445E+03   5.6399E+04  -5.3171E+00  -3.4642E+00   1.6395E+01  -4.3510E-01  -2.8348E-01  -2.6832E+00
   1971.17   8.7530E+03   4.3458E+03   5.6400E+04  -5.2712E+00  -3.4339E+00   1.6255E+01  -4.3134E-01  -2.8099E-01  -2.6603E+00
   1971.25   8.7547E+03   4.3471E+03   5.6401E+04  -5.2352E+00  -3.4099E+00   1.6145E+01  -4.2839E-01  -2.7904E-01  -2.6423E+00
   1971.33   8.7565E+03   4.3484E+03   5.6401E+04  -5.2096E+00  -3.3928E+00   1.6068E+01  -4.2630E-01  -2.7763E-01  -2.6296E+00
   1971.42   8.7582E+03   4.3497E+03   5.6402E+04  -5.1951E+00  -3.3829E+00   1.6024E+01  -4.2512E-01  -2.7682E-01  -2.6225E+00
   1971.50   8.7600E+03   4.3509E+03   5.6403E+04  -5.1923E+00  -3.3805E+00   1.6017E+01  -4.2488E-01  -2.7663E-01  -2.6213E+00
   1971.58   8.7617E+03   4.3521E+03   5.6403E+04  -5.2017E+00  -3.3861E+00   1.6047E+01  -4.2565E-01  -2.7709E-01  -2.6263E+00
   1971.67   8.7634E+03   4.3533E+03   5.6404E+04  -5.2239E+00  -3.4001E+00   1.6117E+01  -4.2747E-01  -2.7823E-01  -2.6378E+00
   1971.75   8.7651E+03   4.3545E+03   5.6404E+04  -5.2596E+00  -3.4228E+00   1.6229E+01  -4.3039E-01  -2.8009E-01  -2.6560E+00
   1971.83   8.7668E+03   4.3556E+03   5.6405E+04  -5.3093E+00  -3.4546E+00   1.6384E+01  -4.3446E-01  -2.8269E-01  -2.6814E+00
   1971.92   8.7685E+03   4.3567E+03   5.6406E+04  -5.3736E+00  -3.4959E+00   1.6584E+01  -4.3972E-01  -2.8607E-01  -2.7141E+00
   1972.00   8.7702E+03   4.3578E+03   5.6406E+04  -5.4531E+00  -3.5471E+00   1.6830E+01  -4.4623E-01  -2.9026E-01  -2.7545E+00
   1972.08   8.7718E+03   4.3589E+03   5.6407E+04  -5.5480E+00  -3.6082E+00   1.7125E+01  -4.5400E-01  -2.9526E-01  -2.8027E+00
   1972.17   8.7735E+03   4.3599E+03   5.6408E+04  -5.6570E+00  -3.6786E+00   1.7463E+01  -4.6292E-01  -3.0102E-01  -2.8579E+00
   1972.25   8.7751E+03   4.3609E+03   5.6408E+04  -5.7784E+00  -3.7570E+00   1.7839E+01  -4.7285E-01  -3.0743E-01  -2.9195E+00
   1972.33   8.7767E+03   4.3619E+03   5.6409E+04  -5.9105E+00  -3.8423E+00   1.8248E+01  -4.8365E-01  -3.1441E-01  -2.9864E+00
   1972.42   8.7783E+03   4.3628E+03   5.6410E+04  -6.0515E+00  -3.9334E+00   1.8684E+01  -4.9519E-01  -3.2187E-01  -3.0579E+00
   1972.50   8.7799E+03   4.3638E+03   5.6410E+04  -6.1997E+00  -4.0293E+00   1.9143E+01  -5.0733E-01  -3.2972E-01  -3.1330E+00
   1972.58   8.7815E+03   4.3647E+03   5.6411E+04  -6.3535E+00  -4.1287E+00   1.9619E+01  -5.1991E-01  -3.3786E-01  -3.2109E+00
   1972.67   8.7830E+03   4.3655E+03   5.6412E+04  -6.5112E+00  -4.2307E+00   2.0107E+01  -5.3281E-01  -3.4620E-01  -3.2907E+00
   1972.75   8.7846E+03   4.3664E+03   5.6412E+04  -6.6709E+00  -4.3341E+00   2.0601E+01  -5.4589E-01  -3.5466E-01  -3.3716E+00
   1972.83   8.7861E+03   4.3672E+03   5.6413E+04  -6.8311E+00  -4.4377E+00   2.1097E+01  -5.5899E-01  -3.6314E-01  -3.4527E+00
   1972.92   8.7876E+03   4.3680E+03   5.6414E+04  -6.9900E+00  -4.5405E+00   2.1589E+01  -5.7200E-01  -3.7155E-01  -3.5332E+00
   1973.00   8.7891E+03   4.3687E+03   5.6414E+04  -7.1459E+00  -4.6414E+00   2.2071E+01  -5.8475E-01  -3.7981E-01  -3.6121E+00
   1973.08   8.7906E+03   4.3695E+03   5.6415E+04  -7.2971E+00  -4.7392E+00   2.2539E+01  -5.9713E-01  -3.8781E-01  -3.6887E+00
   1973.17   8.7921E+03   4.3702E+03   5.6416E+04  -7.4419E+00  -4.8329E+00   2.2987E+01  -6.0898E-01  -3.9548E-01  -3.7620E+00
   1973.25   8.7936E+03   4.3709E+03   5.6417E+04  -7.5786E+00  -4.9213E+00   2.3410E+01  -6.2016E-01  -4.0271E-01  -3.8312E+00
   1973.33   8.7950E+03   4.3716E+03   5.6418E+04  -7.7055E+00  -5.0034E+00   2.3802E+01  -6.3054E-01  -4.0943E-01  -3.8955E+00
   1973.42   8.7964E+03   4.3722E+03   5.6419E+04  -7.8208E+00  -5.0779E+00   2.4159E+01  -6.3998E-01  -4.1553E-01  -3.9539E+00
   1973.50   8.7979E+03   4.3728E+03   5.6419E+04  -7.9229E+00  -5.1439E+00   2.4475E+01  -6.4833E-01  -4.2093E-01  -4.0056E+00
   1973.58   8.7993E+03   4.3735E+03   5.6420E+04  -8.0100E+00  -5.2002E+00   2.4744E+01  -6.5546E-01  -4.2554E-01  -4.0497E+00
   1973.67   8.8006E+03   4.3740E+03   5.6421E+04  -8.0805E+00  -5.2457E+00   2.4963E+01  -6.6123E-01  -4.2926E-01  -4.0854E+00
   1973.75   8.8020E+03   4.3746E+03   5.6422E+04  -8.1326E+00  -5.2793E+00   2.5124E+01  -6.6549E-01  -4.3200E-01  -4.1118E+00
   1973.83   8.8034E+03   4.3752E+03   5.6423E+04  -8.1646E+00  -5.2998E+00   2.5224E+01  -6.6811E-01  -4.3368E-01  -4.1281E+00
   1973.92   8.8047E+03   4.3757E+03   5.6424E+04  -8.1749E+00  -5.3062E+00   2.5256E+01  -6.6895E-01  -4.3421E-01  -4.1334E+00
   1974.00   8.8060E+03   4.3762E+03   5.6426E+04  -8.1616E+00  -5.2974E+00   2.5215E+01  -6.6787E-01  -4.3349E-01  -4.1268E+00
   1974.08   8.8073E+03   4.3767E+03   5.6427E+04  -8.1238E+00  -5.2726E+00   2.5099E+01  -6.6478E-01  -4.3146E-01  -4.1077E+00
   1974.17   8.8086E+03   4.3772E+03   5.6428E+04  -8.0630E+00  -5.2329E+00   2.4911E+01  -6.5980E-01  -4.2821E-01  -4.0770E+00
   1974.25   8.8099E+03   4.3776E+03   5.6429E+04  -7.9812E+00  -5.1796E+00   2.4659E+01  -6.5310E-01  -4.2385E-01  -4.0357E+00
   1974.33   8.8111E+03   4.3780E+03   5.6430E+04  -7.8806E+00  -5.1140E+00   2.4349E+01  -6.4487E-01  -4.1848E-01  -3.9849E+00
   1974.42   8.8124E+03   4.3784E+03   5.6432E+04  -7.7633E+00  -5.0377E+00   2.3987E+01  -6.3527E-01  -4.1223E-01  -3.9257E+00
   1974.50   8.8136E+03   4.3788E+03   5.6433E+04  -7.6314E+00  -4.9518E+00   2.3580E+01  -6.2448E-01  -4.0521E-01  -3.8591E+00
   1974.58   8.8148E+03   4.3792E+03   5.6434E+04  -7.4872E+00  -4.8579E+00   2.3135E+01  -6.1268E-01  -3.9753E-01  -3.7863E+00
   1974.67   8.8160E+03   4.3795E+03   5.6436E+04  -7.3326E+00  -4.7574E+00   2.2658E+01  -6.0003E-01  -3.8930E-01  -3.7082E+00
   1974.75   8.8171E+03   4.3798E+03   5.6437E+04  -7.1699E+00  -4.6515E+00   2.2156E+01  -5.8671E-01  -3.8063E-01  -3.6260E+00
   1974.83   8.8183E+03   4.3801E+03   5.6438E+04  -7.0011E+00  -4.5416E+00   2.1635E+01  -5.7290E-01  -3.7164E-01  -3.5407E+00
   1974.92   8.8194E+03   4.3804E+03   5.6440E+04  -6.8284E+00  -4.4292E+00   2.1102E+01  -5.5877E-01  -3.6245E-01  -3.4535E+00
   1975.00   8.8205E+03   4.3806E+03   5.6441E+04  -6.6539E+00  -4.3157E+00   2.0563E+01  -5.4449E-01  -3.5315E-01  -3.3654E+00
   1975.08   8.8215E+03   4.3808E+03   5.6443E+04  -6.4798E+00  -4.2023E+00   2.0026E+01  -5.3024E-01  -3.4387E-01  -3.2775E+00
   1975.17   8.8226E+03   4.3810E+03   5.6444E+04  -6.3081E+00  -4.0905E+00   1.9496E+01  -5.1620E-01  -3.3473E-01  -3.1908E+00
   1975.25   8.8236E+03   4.3812E+03   5.6445E+04  -6.1411E+00  -3.9817E+00   1.8981E+01  -5.0253E-01  -3.2582E-01  -3.1065E+00
   1975.33   8.8246E+03   4.3813E+03   5.6446E+04  -5.9807E+00  -3.8772E+00   1.8487E+01  -4.8941E-01  -3.1727E-01  -3.0255E+00
   1975.42   8.8256E+03   4.3814E+03   5.6448E+04  -5.8293E+00  -3.7784E+00   1.8020E+01  -4.7701E-01  -3.0919E-01  -2.9491E+00
   1975.50   8.8265E+03   4.3814E+03   5.6449E+04  -5.6888E+00  -3.6867E+00   1.7586E+01  -4.6552E-01  -3.0169E-01  -2.8782E+00
   1975.58   8.8274E+03   4.3814E+03   5.6450E+04  -5.5614E+00  -3.6036E+00   1.7194E+01  -4.5509E-01  -2.9488E-01  -2.8140E+00
   1975.67   8.8283E+03   4.3814E+03   5.6451E+04  -5.4493E+00  -3.5302E+00   1.6849E+01  -4.4592E-01  -2.8888E-01  -2.7575E+00
   1975.75   8.8292E+03   4.3814E+03   5.6452E+04  -5.3545E+00  -3.4681E+00   1.6557E+01  -4.3816E-01  -2.8380E-01  -2.7097E+00
   1975.83   8.8301E+03   4.3813E+03   5.6454E+04  -5.2793E+00  -3.4186E+00   1.6326E+01  -4.3201E-01  -2.7975E-01  -2.6719E+00
   1975.92   8.8309E+03   4.3812E+03   5.6455E+04  -5.2257E+00  -3.3832E+00   1.6161E+01  -4.2762E-01  -2.7684E-01  -2.6450E+00
   1976.00   8.8317E+03   4.3810E+03   5.6455E+04  -5.1958E+00  -3.3630E+00   1.6070E+01  -4.2517E-01  -2.7520E-01  -2.6301E+00
   1976.08   8.8324E+03   4.3808E+03   5.6456E+04  -5.1911E+00  -3.3592E+00   1.6057E+01  -4.2479E-01  -2.7489E-01  -2.6280E+00
   1976.17   8.8332E+03   4.3806E+03   5.6457E+04  -5.2103E+00  -3.3709E+00   1.6118E+01  -4.2636E-01  -2.7584E-01  -2.6379E+00
   1976.25   8.8339E+03   4.3803E+03   5.6458E+04  -5.2514E+00  -3.3967E+00   1.6247E+01  -4.2972E-01  -2.7795E-01  -2.6590E+00
   1976.33   8.8345E+03   4.3800E+03   5.6459E+04  -5.3123E+00  -3.4354E+00   1.6437E+01  -4.3471E-01  -2.8112E-01  -2.6901E+00
   1976.42   8.8352E+03   4.3797E+03   5.6459E+04  -5.3912E+00  -3.4856E+00   1.6682E+01  -4.4116E-01  -2.8523E-01  -2.7302E+00
   1976.50   8.8358E+03   4.3793E+03   5.6460E+04  -5.4858E+00  -3.5461E+00   1.6976E+01  -4.4891E-01  -2.9018E-01  -2.7784E+00
   1976.58   8.8363E+03   4.3789E+03   5.6461E+04  -5.5943E+00  -3.6156E+00   1.7313E+01  -4.5779E-01  -2.9587E-01  -2.8335E+00
   1976.67   8.8369E+03   4.3785E+03   5.6461E+04  -5.7147E+00  -3.6927E+00   1.7687E+01  -4.6763E-01  -3.0218E-01  -2.8947E+00
   1976.75   8.8374E+03   4.3781E+03   5.6462E+04  -5.8449E+00  -3.7763E+00   1.8091E+01  -4.7829E-01  -3.0901E-01  -2.9608E+00
   1976.83   8.8378E+03   4.3776E+03   5.6462E+04  -5.9829E+00  -3.8649E+00   1.8519E+01  -4.8958E-01  -3.1627E-01  -3.0309E+00
   1976.92   8.8382E+03   4.3771E+03   5.6462E+04  -6.1267E+00  -3.9573E+00   1.8965E+01  -5.0135E-01  -3.2383E-01  -3.1039E+00
   1977.00   8.8386E+03   4.3766E+03   5.6463E+04  -6.2744E+00  -4.0522E+00   1.9423E+01  -5.1344E-01  -3.3159E-01  -3.1789E+00
   1977.08   8.8389E+03   4.3760E+03   5.6463E+04  -6.4239E+00  -4.1483E+00   1.9887E+01  -5.2567E-01  -3.3945E-01  -3.2547E+00
   1977.17   8.8392E+03   4.3755E+03   5.6463E+04  -6.5732E+00  -4.2443E+00   2.0350E+01  -5.3789E-01  -3.4731E-01  -3.3305E+00
   1977.25   8.8395E+03   4.3749E+03   5.6464E+04  -6.7203E+00  -4.3388E+00   2.0806E+01  -5.4992E-01  -3.5505E-01  -3.4051E+00
   1977.33   8.8397E+03   4.3743E+03   5.6464E+04  -6.8632E+00  -4.4307E+00   2.1249E+01  -5.6161E-01  -3.6257E-01  -3.4776E+00
   1977.42   8.8398E+03   4.3736E+03   5.6464E+04  -6.9998E+00  -4.5186E+00   2.1673E+01  -5.7280E-01  -3.6976E-01  -3.5470E+00
   1977.50   8.8400E+03   4.3730E+03   5.6464E+04  -7.1283E+00  -4.6012E+00   2.2071E+01  -5.8331E-01  -3.7652E-01  -3.6122E+00
   1977.58   8.8400E+03   4.3723E+03   5.6464E+04  -7.2465E+00  -4.6772E+00   2.2438E+01  -5.9299E-01  -3.8273E-01  -3.6722E+00
   1977.67   8.8400E+03   4.3717E+03   5.6464E+04  -7.3525E+00  -4.7453E+00   2.2767E+01  -6.0166E-01  -3.8831E-01  -3.7260E+00
   1977.75   8.8400E+03   4.3710E+03   5.6465E+04  -7.4443E+00  -4.8042E+00   2.3051E+01  -6.0917E-01  -3.9313E-01  -3.7726E+00
   1977.83   8.8399E+03   4.3703E+03   5.6465E+04  -7.5198E+00  -4.8526E+00   2.3286E+01  -6.1535E-01  -3.9709E-01  -3.8109E+00
   1977.92   8.8398E+03   4.3696E+03   5.6465E+04  -7.5771E+00  -4.8893E+00   2.3463E+01  -6.2004E-01  -4.0009E-01  -3.8400E+00
   1978.00   8.8396E+03   4.3689E+03   5.6465E+04  -7.6142E+00  -4.9129E+00   2.3579E+01  -6.2307E-01  -4.0203E-01  -3.8589E+00
   1978.08   8.8394E+03   4.3682E+03   5.6465E+04  -7.6296E+00  -4.9226E+00   2.3627E+01  -6.2433E-01  -4.0281E-01  -3.8668E+00
   1978.17   8.8391E+03   4.3674E+03   5.6465E+04  -7.6247E+00  -4.9191E+00   2.3612E+01  -6.2393E-01  -4.0253E-01  -3.8644E+00
   1978.25   8.8387E+03   4.3667E+03   5.6465E+04  -7.6013E+00  -4.9036E+00   2.3540E+01  -6.2202E-01  -4.0127E-01  -3.8526E+00
   1978.33   8.8383E+03   4.3660E+03   5.6465E+04  -7.5613E+00  -4.8775E+00   2.3417E+01  -6.1875E-01  -3.9913E-01  -3.8324E+00
   1978.42   8.8379E+03   4.3652E+03   5.6465E+04  -7.5067E+00  -4.8419E+00   2.3248E+01  -6.1428E-01  -3.9621E-01  -3.8048E+00
   1978.50   8.8374E+03   4.3645E+03   5.6465E+04  -7.4393E+00  -4.7980E+00   2.3040E+01  -6.0876E-01  -3.9262E-01  -3.7708E+00
   1978.58   8.8368E+03   4.3637E+03   5.6465E+04  -7.3611E+00  -4.7471E+00   2.2798E+01  -6.0236E-01  -3.8846E-01  -3.7312E+00
   1978.67   8.8363E+03   4.3629E+03   5.6465E+04  -7.2739E+00  -4.6903E+00   2.2529E+01  -5.9522E-01  -3.8381E-01  -3.6871E+00
   1978.75   8.8356E+03   4.3621E+03   5.6465E+04  -7.1796E+00  -4.6290E+00   2.2237E+01  -5.8751E-01  -3.7879E-01  -3.6394E+00
   1978.83   8.8350E+03   4.3613E+03   5.6465E+04  -7.0801E+00  -4.5643E+00   2.1930E+01  -5.7937E-01  -3.7350E-01  -3.5891E+00
   1978.92   8.8342E+03   4.3605E+03   5.6464E+04  -6.9774E+00  -4.4975E+00   2.1612E+01  -5.7096E-01  -3.6803E-01  -3.5371E+00
   1979.00   8.8335E+03   4.3597E+03   5.6464E+04  -6.8733E+00  -4.4297E+00   2.1291E+01  -5.6244E-01  -3.6248E-01  -3.4845E+00
   1979.08   8.8327E+03   4.3588E+03   5.6464E+04  -6.7697E+00  -4.3622E+00   2.0971E+01  -5.5397E-01  -3.5696E-01  -3.4321E+00
   1979.17   8.8318E+03   4.3580E+03   5.6464E+04  -6.6685E+00  -4.2962E+00   2.0658E+01  -5.4569E-01  -3.5156E-01  -3.3809E+00
   1979.25   8.8309E+03   4.3571E+03   5.6463E+04  -6.5717E+00  -4.2330E+00   2.0359E+01  -5.3776E-01  -3.4639E-01  -3.3320E+00
   1979.33   8.8300E+03   4.3563E+03   5.6463E+04  -6.4811E+00  -4.1737E+00   2.0079E+01  -5.3035E-01  -3.4154E-01  -3.2862E+00
   1979.42   8.8291E+03   4.3554E+03   5.6463E+04  -6.3986E+00  -4.1196E+00   1.9825E+01  -5.2360E-01  -3.3711E-01  -3.2445E+00
   1979.50   8.8281E+03   4.3545E+03   5.6462E+04  -6.3261E+00  -4.0719E+00   1.9601E+01  -5.1767E-01  -3.3321E-01  -3.2079E+00
   1979.58   8.8271E+03   4.3536E+03   5.6462E+04  -6.2655E+00  -4.0319E+00   1.9415E+01  -5.1271E-01  -3.2993E-01  -3.1774E+00
   1979.67   8.8260E+03   4.3526E+03   5.6461E+04  -6.2188E+00  -4.0007E+00   1.9271E+01  -5.0889E-01  -3.2738E-01  -3.1539E+00
   1979.75   8.8249E+03   4.3517E+03   5.6460E+04  -6.1877E+00  -3.9795E+00   1.9176E+01  -5.0635E-01  -3.2565E-01  -3.1383E+00
   1979.83   8.8238E+03   4.3507E+03   5.6460E+04  -6.1743E+00  -3.9697E+00   1.9135E+01  -5.0525E-01  -3.2484E-01  -3.1317E+00
   1979.92   8.8226E+03   4.3497E+03   5.6459E+04  -6.1804E+00  -3.9723E+00   1.9155E+01  -5.0574E-01  -3.2506E-01  -3.1349E+00
   1980.00   8.8214E+03   4.3488E+03   5.6458E+04  -6.2079E+00  -3.9887E+00   1.9241E+01  -5.0799E-01  -3.2640E-01  -3.1491E+00
   1980.08   8.8202E+03   4.3477E+03   5.6457E+04  -6.2581E+00  -4.0197E+00   1.9398E+01  -5.1210E-01  -3.2893E-01  -3.1747E+00
   1980.17   8.8190E+03   4.3467E+03   5.6457E+04  -6.3299E+00  -4.0645E+00   1.9622E+01  -5.1797E-01  -3.3260E-01  -3.2113E+00
   1980.25   8.8177E+03   4.3457E+03   5.6456E+04  -6.4215E+00  -4.1220E+00   1.9907E+01  -5.2547E-01  -3.3731E-01  -3.2579E+00
   1980.33   8.8164E+03   4.3446E+03   5.6455E+04  -6.5312E+00  -4.1912E+00   2.0248E+01  -5.3445E-01  -3.4296E-01  -3.3138E+00
   1980.42   8.8151E+03   4.3436E+03   5.6453E+04  -6.6572E+00  -4.2708E+00   2.0640E+01  -5.4476E-01  -3.4948E-01  -3.3779E+00
   1980.50   8.8138E+03   4.3425E+03   5.6452E+04  -6.7980E+00  -4.3599E+00   2.1077E+01  -5.5628E-01  -3.5677E-01  -3.4494E+00
   1980.58   8.8124E+03   4.3414E+03   5.6451E+04  -6.9516E+00  -4.4572E+00   2.1554E+01  -5.6885E-01  -3.6473E-01  -3.5275E+00
   1980.67   8.8110E+03   4.3402E+03   5.6450E+04  -7.1164E+00  -4.5617E+00   2.2066E+01  -5.8233E-01  -3.7328E-01  -3.6113E+00
   1980.75   8.8096E+03   4.3391E+03   5.6449E+04  -7.2906E+00  -4.6722E+00   2.2607E+01  -5.9659E-01  -3.8233E-01  -3.6998E+00
   1980.83   8.8081E+03   4.3379E+03   5.6447E+04  -7.4725E+00  -4.7877E+00   2.3171E+01  -6.1148E-01  -3.9178E-01  -3.7922E+00
   1980.92   8.8066E+03   4.3367E+03   5.6446E+04  -7.6604E+00  -4.9070E+00   2.3755E+01  -6.2685E-01  -4.0154E-01  -3.8877E+00
   1981.00   8.8051E+03   4.3355E+03   5.6445E+04  -7.8525E+00  -5.0290E+00   2.4351E+01  -6.4257E-01  -4.1152E-01  -3.9853E+00
   1981.08   8.8036E+03   4.3343E+03   5.6443E+04  -8.0471E+00  -5.1526E+00   2.4955E+01  -6.5850E-01  -4.2164E-01  -4.0841E+00
   1981.17   8.8021E+03   4.3330E+03   5.6442E+04  -8.2425E+00  -5.2767E+00   2.5561E+01  -6.7448E-01  -4.3179E-01  -4.1834E+00
   1981.25   8.8005E+03   4.3318E+03   5.6440E+04  -8.4368E+00  -5.4001E+00   2.6165E+01  -6.9039E-01  -4.4190E-01  -4.2821E+00
   1981.33   8.7989E+03   4.3305E+03   5.6439E+04  -8.6285E+00  -5.5219E+00   2.6760E+01  -7.0608E-01  -4.5186E-01  -4.3795E+00
   1981.42   8.7973E+03   4.3291E+03   5.6437E+04  -8.8158E+00  -5.6407E+00   2.7341E+01  -7.2140E-01  -4.6158E-01  -4.4746E+00
   1981.50   8.7957E+03   4.3278E+03   5.6436E+04  -8.9969E+00  -5.7556E+00   2.7903E+01  -7.3622E-01  -4.7098E-01  -4.5666E+00
   1981.58   8.7940E+03   4.3264E+03   5.6434E+04  -9.1700E+00  -5.8654E+00   2.8440E+01  -7.5039E-01  -4.7997E-01  -4.6545E+00
   1981.67   8.7923E+03   4.3251E+03   5.6433E+04  -9.3336E+00  -5.9690E+00   2.8947E+01  -7.6377E-01  -4.8845E-01  -4.7376E+00
   1981.75   8.7906E+03   4.3236E+03   5.6431E+04  -9.4857E+00  -6.0653E+00   2.9420E+01  -7.7622E-01  -4.9633E-01  -4.8148E+00
   1981.83   8.7889E+03   4.3222E+03   5.6430E+04  -9.6247E+00  -6.1532E+00   2.9851E+01  -7.8760E-01  -5.0352E-01  -4.8854E+00
   1981.92   8.7872E+03   4.3208E+03   5.6428E+04  -9.7489E+00  -6.2315E+00   3.0236E+01  -7.9776E-01  -5.0993E-01  -4.9485E+00
   1982.00   8.7854E+03   4.3193E+03   5.6426E+04  -9.8565E+00  -6.2992E+00   3.0570E+01  -8.0656E-01  -5.1547E-01  -5.0032E+00
   1982.08   8.7836E+03   4.3178E+03   5.6425E+04  -9.9462E+00  -6.3554E+00   3.0849E+01  -8.1390E-01  -5.2007E-01  -5.0487E+00
   1982.17   8.7818E+03   4.3162E+03   5.6423E+04  -1.0018E+01  -6.4003E+00   3.1072E+01  -8.1980E-01  -5.2374E-01  -5.0853E+00
   1982.25   8.7800E+03   4.3147E+03   5.6421E+04  -1.0074E+01  -6.4343E+00   3.1244E+01  -8.2432E-01  -5.2652E-01  -5.1134E+00
   1982.33   8.7782E+03   4.3131E+03   5.6420E+04  -1.0113E+01  -6.4580E+00   3.1365E+01  -8.2752E-01  -5.2846E-01  -5.1332E+00
   1982.42   8.7763E+03   4.3115E+03   5.6418E+04  -1.0136E+01  -6.4718E+00   3.1438E+01  -8.2945E-01  -5.2959E-01  -5.1452E+00
   1982.50   8.7745E+03   4.3099E+03   5.6417E+04  -1.0145E+01  -6.4761E+00   3.1466E+01  -8.3017E-01  -5.2994E-01  -5.1497E+00
   1982.58   8.7726E+03   4.3082E+03   5.6415E+04  -1.0140E+01  -6.4714E+00   3.1450E+01  -8.2975E-01  -5.2955E-01  -5.1471E+00
   1982.67   8.7707E+03   4.3066E+03   5.6413E+04  -1.0121E+01  -6.4581E+00   3.1393E+01  -8.2823E-01  -5.2847E-01  -5.1378E+00
   1982.75   8.7688E+03   4.3049E+03   5.6412E+04  -1.0090E+01  -6.4369E+00   3.1296E+01  -8.2569E-01  -5.2673E-01  -5.1220E+00
   1982.83   8.7670E+03   4.3032E+03   5.6410E+04  -1.0047E+01  -6.4080E+00   3.1163E+01  -8.2217E-01  -5.2437E-01  -5.1002E+00
   1982.92   8.7651E+03   4.3015E+03   5.6408E+04  -9.9931E+00  -6.3719E+00   3.0995E+01  -8.1774E-01  -5.2142E-01  -5.0727E+00
   1983.00   8.7631E+03   4.2997E+03   5.6407E+04  -9.9285E+00  -6.3292E+00   3.0795E+01  -8.1246E-01  -5.1792E-01  -5.0399E+00
   1983.08   8.7612E+03   4.2980E+03   5.6405E+04  -9.8542E+00  -6.2802E+00   3.0564E+01  -8.0637E-01  -5.1391E-01  -5.0022E+00
   1983.17   8.7593E+03   4.2962E+03   5.6403E+04  -9.7708E+00  -6.2255E+00   3.0306E+01  -7.9955E-01  -5.0944E-01  -4.9599E+00
   1983.25   8.7574E+03   4.2944E+03   5.6402E+04  -9.6791E+00  -6.1655E+00   3.0022E+01  -7.9205E-01  -5.0453E-01  -4.9134E+00
   1983.33   8.7555E+03   4.2926E+03   5.6400E+04  -9.5798E+00  -6.1007E+00   2.9714E+01  -7.8392E-01  -4.9922E-01  -4.8630E+00
   1983.42   8.7536E+03   4.2908E+03   5.6398E+04  -9.4737E+00  -6.0314E+00   2.9384E+01  -7.7524E-01  -4.9356E-01  -4.8091E+00
   1983.50   8.7517E+03   4.2890E+03   5.6397E+04  -9.3613E+00  -5.9583E+00   2.9036E+01  -7.6604E-01  -4.8757E-01  -4.7521E+00
   1983.58   8.7498E+03   4.2872E+03   5.6395E+04  -9.2436E+00  -5.8817E+00   2.8671E+01  -7.5640E-01  -4.8131E-01  -4.6923E+00
   1983.67   8.7479E+03   4.2854E+03   5.6393E+04  -9.1210E+00  -5.8022E+00   2.8291E+01  -7.4638E-01  -4.7479E-01  -4.6301E+00
   1983.75   8.7460E+03   4.2835E+03   5.6391E+04  -8.9945E+00  -5.7201E+00   2.7898E+01  -7.3602E-01  -4.6808E-01  -4.5658E+00
   1983.83   8.7442E+03   4.2817E+03   5.6390E+04  -8.8646E+00  -5.6359E+00   2.7495E+01  -7.2539E-01  -4.6119E-01  -4.4999E+00
   1983.92   8.7423E+03   4.2798E+03   5.6388E+04  -8.7321E+00  -5.5502E+00   2.7085E+01  -7.1455E-01  -4.5417E-01  -4.4327E+00
   1984.00   8.7404E+03   4.2779E+03   5.6386E+04  -8.5978E+00  -5.4632E+00   2.6668E+01  -7.0356E-01  -4.4706E-01  -4.3645E+00
   1984.08   8.7386E+03   4.2761E+03   5.6384E+04  -8.4621E+00  -5.3756E+00   2.6247E+01  -6.9246E-01  -4.3989E-01  -4.2957E+00
   1984.17   8.7368E+03   4.2742E+03   5.6382E+04  -8.3254E+00  -5.2873E+00   2.5823E+01  -6.8127E-01  -4.3266E-01  -4.2262E+00
   1984.25   8.7350E+03   4.2723E+03   5.6381E+04  -8.1876E+00  -5.1984E+00   2.5396E+01  -6.6999E-01  -4.2538E-01  -4.1563E+00
   1984.33   8.7332E+03   4.2704E+03   5.6379E+04  -8.0487E+00  -5.1089E+00   2.4965E+01  -6.5863E-01  -4.1806E-01  -4.0858E+00
   1984.42   8.7314E+03   4.2685E+03   5.6377E+04  -7.9090E+00  -5.0188E+00   2.4532E+01  -6.4719E-01  -4.1069E-01  -4.0149E+00
   1984.50   8.7296E+03   4.2666E+03   5.6375E+04  -7.7683E+00  -4.9283E+00   2.4095E+01  -6.3568E-01  -4.0328E-01  -3.9435E+00
   1984.58   8.7278E+03   4.2646E+03   5.6373E+04  -7.6267E+00  -4.8372E+00   2.3656E+01  -6.2410E-01  -3.9583E-01  -3.8716E+00
   1984.67   8.7261E+03   4.2627E+03   5.6371E+04  -7.4844E+00  -4.7457E+00   2.3215E+01  -6.1245E-01  -3.8834E-01  -3.7994E+00
   1984.75   8.7243E+03   4.2608E+03   5.6369E+04  -7.3412E+00  -4.6538E+00   2.2771E+01  -6.0074E-01  -3.8082E-01  -3.7267E+00
   1984.83   8.7226E+03   4.2588E+03   5.6368E+04  -7.1974E+00  -4.5615E+00   2.2325E+01  -5.8897E-01  -3.7327E-01  -3.6537E+00
   1984.92   8.7209E+03   4.2568E+03   5.6366E+04  -7.0530E+00  -4.4688E+00   2.1877E+01  -5.7715E-01  -3.6568E-01  -3.5804E+00
   1985.00   8.7191E+03   4.2549E+03   5.6364E+04  -6.9079E+00  -4.3758E+00   2.1427E+01  -5.6528E-01  -3.5807E-01  -3.5068E+00
   1985.08   8.7174E+03   4.2529E+03   5.6362E+04  -6.7623E+00  -4.2825E+00   2.0975E+01  -5.5336E-01  -3.5044E-01  -3.4329E+00
   1985.17   8.7157E+03   4.2509E+03   5.6360E+04  -6.6162E+00  -4.1890E+00   2.0522E+01  -5.4140E-01  -3.4279E-01  -3.3587E+00
   1985.25   8.7140E+03   4.2489E+03   5.6358E+04  -6.4696E+00  -4.0952E+00   2.0068E+01  -5.2941E-01  -3.3512E-01  -3.2843E+00
   1985.33   8.7123E+03   4.2468E+03   5.6356E+04  -6.3227E+00  -4.0013E+00   1.9612E+01  -5.1739E-01  -3.2743E-01  -3.2097E+00
   1985.42   8.7105E+03   4.2448E+03   5.6355E+04  -6.1754E+00  -3.9072E+00   1.9155E+01  -5.0534E-01  -3.1973E-01  -3.1350E+00
   1985.50   8.7088E+03   4.2427E+03   5.6353E+04  -6.0279E+00  -3.8129E+00   1.8698E+01  -4.9326E-01  -3.1201E-01  -3.0601E+00
   1985.58   8.7071E+03   4.2406E+03   5.6351E+04  -5.8801E+00  -3.7186E+00   1.8239E+01  -4.8117E-01  -3.0429E-01  -2.9851E+00
   1985.67   8.7054E+03   4.2385E+03   5.6349E+04  -5.7321E+00  -3.6242E+00   1.7781E+01  -4.6906E-01  -2.9657E-01  -2.9100E+00
   1985.75   8.7037E+03   4.2364E+03   5.6347E+04  -5.5840E+00  -3.5298E+00   1.7321E+01  -4.5694E-01  -2.8884E-01  -2.8348E+00
   1985.83   8.7020E+03   4.2343E+03   5.6346E+04  -5.4358E+00  -3.4353E+00   1.6862E+01  -4.4481E-01  -2.8112E-01  -2.7596E+00
   1985.92   8.7003E+03   4.2321E+03   5.6344E+04  -5.2876E+00  -3.3409E+00   1.6402E+01  -4.3268E-01  -2.7339E-01  -2.6844E+00
   1986.00   8.6986E+03   4.2300E+03   5.6342E+04  -5.1394E+00  -3.2466E+00   1.5942E+01  -4.2056E-01  -2.6567E-01  -2.6091E+00
   1986.08   8.6969E+03   4.2278E+03   5.6340E+04  -4.9914E+00  -3.1525E+00   1.5484E+01  -4.0845E-01  -2.5797E-01  -2.5340E+00
   1986.17   8.6952E+03   4.2256E+03   5.6339E+04  -4.8445E+00  -3.0591E+00   1.5028E+01  -3.9643E-01  -2.5032E-01  -2.4595E+00
   1986.25   8.6935E+03   4.2234E+03   5.6337E+04  -4.6996E+00  -2.9670E+00   1.4579E+01  -3.8457E-01  -2.4279E-01  -2.3860E+00
   1986.33   8.6918E+03   4.2211E+03   5.6335E+04  -4.5577E+00  -2.8768E+00   1.4139E+01  -3.7296E-01  -2.3541E-01  -2.3139E+00
   1986.42   8.6901E+03   4.2189E+03   5.6334E+04  -4.4198E+00  -2.7891E+00   1.3711E+01  -3.6168E-01  -2.2823E-01  -2.2439E+00
   1986.50   8.6884E+03   4.2166E+03   5.6332E+04  -4.2868E+00  -2.7046E+00   1.3299E+01  -3.5079E-01  -2.2132E-01  -2.1765E+00
   1986.58   8.6867E+03   4.2143E+03   5.6330E+04  -4.1598E+00  -2.6238E+00   1.2905E+01  -3.4040E-01  -2.1471E-01  -2.1120E+00
   1986.67   8.6850E+03   4.2120E+03   5.6329E+04  -4.0396E+00  -2.5474E+00   1.2532E+01  -3.3056E-01  -2.0845E-01  -2.0510E+00
   1986.75   8.6833E+03   4.2096E+03   5.6327E+04  -3.9273E+00  -2.4759E+00   1.2184E+01  -3.2137E-01  -2.0260E-01  -1.9941E+00
   1986.83   8.6816E+03   4.2073E+03   5.6326E+04  -3.8238E+00  -2.4100E+00   1.1863E+01  -3.1291E-01  -1.9721E-01  -1.9416E+00
   1986.92   8.6799E+03   4.2049E+03   5.6324E+04  -3.7302E+00  -2.3502E+00   1.1573E+01  -3.0524E-01  -1.9232E-01  -1.8941E+00
   1987.00   8.6782E+03   4.2026E+03   5.6323E+04  -3.6473E+00  -2.2973E+00   1.1317E+01  -2.9846E-01  -1.8799E-01  -1.8521E+00
   1987.08   8.6765E+03   4.2002E+03   5.6321E+04  -3.5762E+00  -2.2517E+00   1.1096E+01  -2.9264E-01  -1.8426E-01  -1.8160E+00
   1987.17   8.6748E+03   4.1978E+03   5.6320E+04  -3.5178E+00  -2.2141E+00   1.0916E+01  -2.8786E-01  -1.8118E-01  -1.7865E+00
   1987.25   8.6731E+03   4.1954E+03   5.6318E+04  -3.4731E+00  -2.1852E+00   1.0778E+01  -2.8421E-01  -1.7881E-01  -1.7639E+00
   1987.33   8.6714E+03   4.1929E+03   5.6317E+04  -3.4431E+00  -2.1654E+00   1.0685E+01  -2.8175E-01  -1.7720E-01  -1.7488E+00
   1987.42   8.6698E+03   4.1905E+03   5.6316E+04  -3.4288E+00  -2.1554E+00   1.0641E+01  -2.8058E-01  -1.7638E-01  -1.7416E+00
   1987.50   8.6681E+03   4.1880E+03   5.6314E+04  -3.4310E+00  -2.1559E+00   1.0649E+01  -2.8076E-01  -1.7642E-01  -1.7429E+00
   1987.58   8.6664E+03   4.1856E+03   5.6313E+04  -3.4509E+00  -2.1674E+00   1.0712E+01  -2.8239E-01  -1.7736E-01  -1.7531E+00
   1987.67   8.6648E+03   4.1831E+03   5.6312E+04  -3.4893E+00  -2.1906E+00   1.0832E+01  -2.8553E-01  -1.7925E-01  -1.7728E+00
   1987.75   8.6631E+03   4.1806E+03   5.6310E+04  -3.5473E+00  -2.2260E+00   1.1013E+01  -2.9028E-01  -1.8215E-01  -1.8023E+00
   1987.83   8.6615E+03   4.1781E+03   5.6309E+04  -3.6258E+00  -2.2742E+00   1.1257E+01  -2.9670E-01  -1.8610E-01  -1.8424E+00
   1987.92   8.6598E+03   4.1756E+03   5.6308E+04  -3.7258E+00  -2.3359E+00   1.1569E+01  -3.0488E-01  -1.9115E-01  -1.8933E+00
   1988.00   8.6582E+03   4.1730E+03   5.6307E+04  -3.8482E+00  -2.4117E+00   1.1950E+01  -3.1490E-01  -1.9735E-01  -1.9557E+00
   1988.08   8.6566E+03   4.1705E+03   5.6306E+04  -3.9936E+00  -2.5018E+00   1.2402E+01  -3.2680E-01  -2.0472E-01  -2.0297E+00
   1988.17   8.6550E+03   4.1680E+03   5.6305E+04  -4.1605E+00  -2.6054E+00   1.2921E+01  -3.4045E-01  -2.1320E-01  -2.1147E+00
   1988.25   8.6534E+03   4.1654E+03   5.6303E+04  -4.3468E+00  -2.7211E+00   1.3501E+01  -3.5570E-01  -2.2267E-01  -2.2095E+00
   1988.33   8.6518E+03   4.1628E+03   5.6302E+04  -4.5507E+00  -2.8479E+00   1.4135E+01  -3.7238E-01  -2.3304E-01  -2.3133E+00
   1988.42   8.6502E+03   4.1603E+03   5.6301E+04  -4.7701E+00  -2.9843E+00   1.4817E+01  -3.9034E-01  -2.4421E-01  -2.4250E+00
   1988.50   8.6486E+03   4.1577E+03   5.6300E+04  -5.0030E+00  -3.1293E+00   1.5541E+01  -4.0940E-01  -2.5607E-01  -2.5435E+00
   1988.58   8.6470E+03   4.1551E+03   5.6299E+04  -5.2475E+00  -3.2815E+00   1.6302E+01  -4.2941E-01  -2.6852E-01  -2.6679E+00
   1988.67   8.6454E+03   4.1525E+03   5.6298E+04  -5.5016E+00  -3.4397E+00   1.7092E+01  -4.5020E-01  -2.8147E-01  -2.7972E+00
   1988.75   8.6439E+03   4.1498E+03   5.6298E+04  -5.7634E+00  -3.6027E+00   1.7905E+01  -4.7162E-01  -2.9481E-01  -2.9304E+00
   1988.83   8.6423E+03   4.1472E+03   5.6297E+04  -6.0308E+00  -3.7692E+00   1.8737E+01  -4.9350E-01  -3.0843E-01  -3.0665E+00
   1988.92   8.6408E+03   4.1445E+03   5.6296E+04  -6.3018E+00  -3.9380E+00   1.9580E+01  -5.1568E-01  -3.2225E-01  -3.2044E+00
   1989.00   8.6393E+03   4.1419E+03   5.6295E+04  -6.5746E+00  -4.1079E+00   2.0428E+01  -5.3800E-01  -3.3615E-01  -3.3432E+00
   1989.08   8.6377E+03   4.1392E+03   5.6294E+04  -6.8471E+00  -4.2776E+00   2.1275E+01  -5.6030E-01  -3.5004E-01  -3.4819E+00
   1989.17   8.6362E+03   4.1365E+03   5.6293E+04  -7.1173E+00  -4.4459E+00   2.2115E+01  -5.8241E-01  -3.6381E-01  -3.6194E+00
   1989.25   8.6347E+03   4.1338E+03   5.6293E+04  -7.3833E+00  -4.6116E+00   2.2942E+01  -6.0418E-01  -3.7737E-01  -3.7547E+00
   1989.33   8.6332E+03   4.1310E+03   5.6292E+04  -7.6431E+00  -4.7734E+00   2.3750E+01  -6.2544E-01  -3.9061E-01  -3.8869E+00
   1989.42   8.6317E+03   4.1283E+03   5.6291E+04  -7.8947E+00  -4.9300E+00   2.4532E+01  -6.4602E-01  -4.0343E-01  -4.0149E+00
   1989.50   8.6302E+03   4.1255E+03   5.6290E+04  -8.1361E+00  -5.0803E+00   2.5283E+01  -6.6578E-01  -4.1573E-01  -4.1378E+00
   1989.58   8.6288E+03   4.1228E+03   5.6290E+04  -8.3654E+00  -5.2230E+00   2.5996E+01  -6.8454E-01  -4.2740E-01  -4.2545E+00
   1989.67   8.6273E+03   4.1200E+03   5.6289E+04  -8.5806E+00  -5.3569E+00   2.6665E+01  -7.0215E-01  -4.3836E-01  -4.3640E+00
   1989.75   8.6259E+03   4.1171E+03   5.6288E+04  -8.7797E+00  -5.4807E+00   2.7284E+01  -7.1844E-01  -4.4849E-01  -4.4654E+00
   1989.83   8.6244E+03   4.1143E+03   5.6288E+04  -8.9607E+00  -5.5932E+00   2.7848E+01  -7.3326E-01  -4.5769E-01  -4.5576E+00
   1989.92   8.6230E+03   4.1115E+03   5.6287E+04  -9.1217E+00  -5.6931E+00   2.8348E+01  -7.4643E-01  -4.6587E-01  -4.6395E+00
   1990.00   8.6216E+03   4.1086E+03   5.6286E+04  -9.2606E+00  -5.7793E+00   2.8781E+01  -7.5780E-01  -4.7292E-01  -4.7103E+00
   1990.08   8.6201E+03   4.1057E+03   5.6286E+04  -9.3762E+00  -5.8507E+00   2.9141E+01  -7.6725E-01  -4.7877E-01  -4.7692E+00
   1990.17   8.6187E+03   4.1028E+03   5.6285E+04  -9.4689E+00  -5.9080E+00   2.9430E+01  -7.7485E-01  -4.8345E-01  -4.8165E+00
   1990.25   8.6173E+03   4.0999E+03   5.6285E+04  -9.5402E+00  -5.9518E+00   2.9652E+01  -7.8068E-01  -4.8704E-01  -4.8529E+00
   1990.33   8.6159E+03   4.0969E+03   5.6284E+04  -9.5914E+00  -5.9830E+00   2.9812E+01  -7.8487E-01  -4.8959E-01  -4.8790E+00
   1990.42   8.6146E+03   4.0939E+03   5.6284E+04  -9.6236E+00  -6.0023E+00   2.9912E+01  -7.8750E-01  -4.9117E-01  -4.8955E+00
   1990.50   8.6132E+03   4.0909E+03   5.6283E+04  -9.6381E+00  -6.0105E+00   2.9958E+01  -7.8869E-01  -4.9184E-01  -4.9030E+00
   1990.58   8.6118E+03   4.0879E+03   5.6283E+04  -9.6362E+00  -6.0085E+00   2.9954E+01  -7.8854E-01  -4.9168E-01  -4.9022E+00
   1990.67   8.6105E+03   4.0849E+03   5.6282E+04  -9.6193E+00  -5.9970E+00   2.9902E+01  -7.8715E-01  -4.9074E-01  -4.8937E+00
   1990.75   8.6092E+03   4.0819E+03   5.6282E+04  -9.5884E+00  -5.9769E+00   2.9807E+01  -7.8463E-01  -4.8909E-01  -4.8782E+00
   1990.83   8.6078E+03   4.0788E+03   5.6281E+04  -9.5450E+00  -5.9488E+00   2.9673E+01  -7.8107E-01  -4.8680E-01  -4.8563E+00
   1990.92   8.6065E+03   4.0757E+03   5.6281E+04  -9.4903E+00  -5.9137E+00   2.9504E+01  -7.7659E-01  -4.8392E-01  -4.8286E+00
   1991.00   8.6052E+03   4.0726E+03   5.6281E+04  -9.4255E+00  -5.8723E+00   2.9303E+01  -7.7129E-01  -4.8053E-01  -4.7958E+00
   1991.08   8.6039E+03   4.0695E+03   5.6280E+04  -9.3519E+00  -5.8253E+00   2.9076E+01  -7.6527E-01  -4.7669E-01  -4.7585E+00
   1991.17   8.6026E+03   4.0663E+03   5.6280E+04  -9.2708E+00  -5.7736E+00   2.8825E+01  -7.5863E-01  -4.7246E-01  -4.7175E+00
   1991.25   8.6013E+03   4.0632E+03   5.6279E+04  -9.1835E+00  -5.7180E+00   2.8554E+01  -7.5149E-01  -4.6791E-01  -4.6732E+00
   1991.33   8.6001E+03   4.0600E+03   5.6279E+04  -9.0911E+00  -5.6593E+00   2.8268E+01  -7.4393E-01  -4.6310E-01  -4.6264E+00
   1991.42   8.5988E+03   4.0568E+03   5.6279E+04  -8.9951E+00  -5.5983E+00   2.7971E+01  -7.3607E-01  -4.5811E-01  -4.5777E+00
   1991.50   8.5975E+03   4.0535E+03   5.6279E+04  -8.8966E+00  -5.5356E+00   2.7666E+01  -7.2801E-01  -4.5298E-01  -4.5278E+00
   1991.58   8.5963E+03   4.0503E+03   5.6278E+04  -8.7969E+00  -5.4723E+00   2.7357E+01  -7.1986E-01  -4.4780E-01  -4.4773E+00
   1991.67   8.5951E+03   4.0470E+03   5.6278E+04  -8.6973E+00  -5.4090E+00   2.7049E+01  -7.1171E-01  -4.4262E-01  -4.4268E+00
   1991.75   8.5939E+03   4.0437E+03   5.6278E+04  -8.5991E+00  -5.3465E+00   2.6744E+01  -7.0367E-01  -4.3750E-01  -4.3770E+00
   1991.83   8.5927E+03   4.0404E+03   5.6278E+04  -8.5035E+00  -5.2856E+00   2.6448E+01  -6.9585E-01  -4.3252E-01  -4.3285E+00
   1991.92   8.5915E+03   4.0371E+03   5.6277E+04  -8.4118E+00  -5.2271E+00   2.6164E+01  -6.8834E-01  -4.2774E-01  -4.2821E+00
   1992.00   8.5903E+03   4.0338E+03   5.6277E+04  -8.3252E+00  -5.1719E+00   2.5896E+01  -6.8126E-01  -4.2322E-01  -4.2382E+00
   1992.08   8.5891E+03   4.0304E+03   5.6277E+04  -8.2448E+00  -5.1204E+00   2.5647E+01  -6.7468E-01  -4.1901E-01  -4.1975E+00
   1992.17   8.5879E+03   4.0270E+03   5.6277E+04  -8.1702E+00  -5.0726E+00   2.5416E+01  -6.6857E-01  -4.1509E-01  -4.1597E+00
   1992.25   8.5868E+03   4.0236E+03   5.6277E+04  -8.1007E+00  -5.0280E+00   2.5201E+01  -6.6288E-01  -4.1144E-01  -4.1245E+00
   1992.33   8.5856E+03   4.0202E+03   5.6277E+04  -8.0358E+00  -4.9863E+00   2.5001E+01  -6.5757E-01  -4.0803E-01  -4.0916E+00
   1992.42   8.5845E+03   4.0167E+03   5.6277E+04  -7.9748E+00  -4.9470E+00   2.4812E+01  -6.5258E-01  -4.0481E-01  -4.0607E+00
   1992.50   8.5834E+03   4.0133E+03   5.6277E+04  -7.9171E+00  -4.9097E+00   2.4634E+01  -6.4786E-01  -4.0177E-01  -4.0316E+00
   1992.58   8.5823E+03   4.0098E+03   5.6277E+04  -7.8621E+00  -4.8742E+00   2.4463E+01  -6.4336E-01  -3.9886E-01  -4.0037E+00
   1992.67   8.5813E+03   4.0063E+03   5.6277E+04  -7.8091E+00  -4.8400E+00   2.4300E+01  -6.3902E-01  -3.9606E-01  -3.9769E+00
   1992.75   8.5803E+03   4.0027E+03   5.6277E+04  -7.7575E+00  -4.8066E+00   2.4140E+01  -6.3480E-01  -3.9333E-01  -3.9508E+00
   1992.83   8.5792E+03   3.9992E+03   5.6277E+04  -7.7068E+00  -4.7738E+00   2.3983E+01  -6.3065E-01  -3.9065E-01  -3.9251E+00
   1992.92   8.5783E+03   3.9956E+03   5.6277E+04  -7.6562E+00  -4.7412E+00   2.3827E+01  -6.2651E-01  -3.8797E-01  -3.8995E+00
   1993.00   8.5773E+03   3.9920E+03   5.6277E+04  -7.6051E+00  -4.7083E+00   2.3669E+01  -6.2233E-01  -3.8528E-01  -3.8736E+00
   1993.08   8.5764E+03   3.9884E+03   5.6277E+04  -7.5530E+00  -4.6748E+00   2.3507E+01  -6.1806E-01  -3.8254E-01  -3.8472E+00
   1993.17   8.5755E+03   3.9848E+03   5.6277E+04  -7.4991E+00  -4.6402E+00   2.3341E+01  -6.1366E-01  -3.7971E-01  -3.8199E+00
   1993.25   8.5746E+03   3.9811E+03   5.6278E+04  -7.4430E+00  -4.6043E+00   2.3166E+01  -6.0906E-01  -3.7677E-01  -3.7914E+00
   1993.33   8.5738E+03   3.9775E+03   5.6278E+04  -7.3838E+00  -4.5665E+00   2.2983E+01  -6.0422E-01  -3.7368E-01  -3.7614E+00
   1993.42   8.5729E+03   3.9738E+03   5.6278E+04  -7.3211E+00  -4.5266E+00   2.2789E+01  -5.9909E-01  -3.7041E-01  -3.7296E+00
   1993.50   8.5722E+03   3.9701E+03   5.6278E+04  -7.2542E+00  -4.4841E+00   2.2581E+01  -5.9361E-01  -3.6694E-01  -3.6956E+00
   1993.58   8.5715E+03   3.9664E+03   5.6278E+04  -7.1824E+00  -4.4387E+00   2.2358E+01  -5.8774E-01  -3.6322E-01  -3.6592E+00
   1993.67   8.5708E+03   3.9626E+03   5.6279E+04  -7.1052E+00  -4.3900E+00   2.2118E+01  -5.8142E-01  -3.5923E-01  -3.6199E+00
   1993.75   8.5701E+03   3.9589E+03   5.6279E+04  -7.0219E+00  -4.3375E+00   2.1860E+01  -5.7460E-01  -3.5494E-01  -3.5776E+00
   1993.83   8.5695E+03   3.9551E+03   5.6279E+04  -6.9318E+00  -4.2809E+00   2.1580E+01  -5.6723E-01  -3.5031E-01  -3.5318E+00
   1993.92   8.5689E+03   3.9513E+03   5.6279E+04  -6.8345E+00  -4.2199E+00   2.1277E+01  -5.5927E-01  -3.4531E-01  -3.4822E+00
   1994.00   8.5684E+03   3.9474E+03   5.6280E+04  -6.7291E+00  -4.1539E+00   2.0950E+01  -5.5065E-01  -3.3992E-01  -3.4286E+00
   1994.08   8.5679E+03   3.9436E+03   5.6280E+04  -6.6154E+00  -4.0829E+00   2.0596E+01  -5.4134E-01  -3.3410E-01  -3.3708E+00
   1994.17   8.5675E+03   3.9397E+03   5.6280E+04  -6.4939E+00  -4.0070E+00   2.0218E+01  -5.3140E-01  -3.2790E-01  -3.3089E+00
   1994.25   8.5671E+03   3.9359E+03   5.6280E+04  -6.3653E+00  -3.9268E+00   1.9818E+01  -5.2087E-01  -3.2133E-01  -3.2435E+00
   1994.33   8.5668E+03   3.9320E+03   5.6281E+04  -6.2304E+00  -3.8428E+00   1.9398E+01  -5.0983E-01  -3.1446E-01  -3.1748E+00
   1994.42   8.5665E+03   3.9280E+03   5.6281E+04  -6.0899E+00  -3.7553E+00   1.8961E+01  -4.9834E-01  -3.0730E-01  -3.1032E+00
   1994.50   8.5662E+03   3.9241E+03   5.6281E+04  -5.9446E+00  -3.6650E+00   1.8509E+01  -4.8645E-01  -2.9990E-01  -3.0292E+00
   1994.58   8.5660E+03   3.9201E+03   5.6282E+04  -5.7953E+00  -3.5721E+00   1.8045E+01  -4.7423E-01  -2.9231E-01  -2.9532E+00
   1994.67   8.5658E+03   3.9161E+03   5.6282E+04  -5.6426E+00  -3.4772E+00   1.7570E+01  -4.6174E-01  -2.8454E-01  -2.8755E+00
   1994.75   8.5656E+03   3.9121E+03   5.6283E+04  -5.4875E+00  -3.3808E+00   1.7087E+01  -4.4904E-01  -2.7666E-01  -2.7964E+00
   1994.83   8.5655E+03   3.9081E+03   5.6283E+04  -5.3306E+00  -3.2834E+00   1.6598E+01  -4.3620E-01  -2.6868E-01  -2.7165E+00
   1994.92   8.5654E+03   3.9041E+03   5.6284E+04  -5.1726E+00  -3.1853E+00   1.6107E+01  -4.2328E-01  -2.6065E-01  -2.6361E+00
   1995.00   8.5653E+03   3.9000E+03   5.6284E+04  -5.0145E+00  -3.0871E+00   1.5615E+01  -4.1033E-01  -2.5262E-01  -2.5555E+00
   1995.08   8.5653E+03   3.8959E+03   5.6285E+04  -4.8568E+00  -2.9892E+00   1.5124E+01  -3.9743E-01  -2.4460E-01  -2.4752E+00
   1995.17   8.5653E+03   3.8918E+03   5.6285E+04  -4.7003E+00  -2.8921E+00   1.4637E+01  -3.8463E-01  -2.3666E-01  -2.3955E+00
   1995.25   8.5653E+03   3.8876E+03   5.6286E+04  -4.5459E+00  -2.7962E+00   1.4156E+01  -3.7199E-01  -2.2881E-01  -2.3168E+00
   1995.33   8.5653E+03   3.8834E+03   5.6286E+04  -4.3943E+00  -2.7021E+00   1.3684E+01  -3.5958E-01  -2.2111E-01  -2.2395E+00
   1995.42   8.5654E+03   3.8793E+03   5.6287E+04  -4.2462E+00  -2.6101E+00   1.3223E+01  -3.4746E-01  -2.1359E-01  -2.1641E+00
   1995.50   8.5655E+03   3.8750E+03   5.6288E+04  -4.1023E+00  -2.5208E+00   1.2775E+01  -3.3570E-01  -2.0628E-01  -2.0908E+00
   1995.58   8.5656E+03   3.8708E+03   5.6289E+04  -3.9636E+00  -2.4346E+00   1.2343E+01  -3.2434E-01  -1.9922E-01  -2.0201E+00
   1995.67   8.5657E+03   3.8665E+03   5.6289E+04  -3.8306E+00  -2.3520E+00   1.1929E+01  -3.1346E-01  -1.9246E-01  -1.9524E+00
   1995.75   8.5658E+03   3.8622E+03   5.6290E+04  -3.7042E+00  -2.2734E+00   1.1536E+01  -3.0311E-01  -1.8603E-01  -1.8879E+00
   1995.83   8.5660E+03   3.8579E+03   5.6291E+04  -3.5851E+00  -2.1993E+00   1.1165E+01  -2.9337E-01  -1.7997E-01  -1.8273E+00
   1995.92   8.5662E+03   3.8536E+03   5.6292E+04  -3.4741E+00  -2.1303E+00   1.0819E+01  -2.8428E-01  -1.7432E-01  -1.7707E+00
   1996.00   8.5663E+03   3.8492E+03   5.6293E+04  -3.3719E+00  -2.0666E+00   1.0501E+01  -2.7592E-01  -1.6911E-01  -1.7187E+00
   1996.08   8.5665E+03   3.8448E+03   5.6294E+04  -3.2792E+00  -2.0088E+00   1.0213E+01  -2.6834E-01  -1.6438E-01  -1.6714E+00
   1996.17   8.5667E+03   3.8404E+03   5.6295E+04  -3.1961E+00  -1.9569E+00   9.9542E+00  -2.6154E-01  -1.6014E-01  -1.6291E+00
   1996.25   8.5669E+03   3.8359E+03   5.6296E+04  -3.1228E+00  -1.9110E+00   9.7258E+00  -2.5554E-01  -1.5638E-01  -1.5917E+00
   1996.33   8.5671E+03   3.8315E+03   5.6297E+04  -3.0592E+00  -1.8711E+00   9.5278E+00  -2.5033E-01  -1.5311E-01  -1.5593E+00
   1996.42   8.5674E+03   3.8270E+03   5.6299E+04  -3.0054E+00  -1.8372E+00   9.3604E+00  -2.4593E-01  -1.5034E-01  -1.5319E+00
   1996.50   8.5676E+03   3.8224E+03   5.6300E+04  -2.9614E+00  -1.8093E+00   9.2236E+00  -2.4234E-01  -1.4805E-01  -1.5095E+00
   1996.58   8.5679E+03   3.8179E+03   5.6301E+04  -2.9274E+00  -1.7875E+00   9.1177E+00  -2.3955E-01  -1.4627E-01  -1.4922E+00
   1996.67   8.5681E+03   3.8134E+03   5.6303E+04  -2.9033E+00  -1.7717E+00   9.0429E+00  -2.3758E-01  -1.4498E-01  -1.4800E+00
   1996.75   8.5684E+03   3.8088E+03   5.6304E+04  -2.8893E+00  -1.7621E+00   8.9993E+00  -2.3643E-01  -1.4419E-01  -1.4728E+00
   1996.83   8.5687E+03   3.8042E+03   5.6305E+04  -2.8853E+00  -1.7586E+00   8.9870E+00  -2.3611E-01  -1.4391E-01  -1.4708E+00
   1996.92   8.5690E+03   3.7996E+03   5.6307E+04  -2.8915E+00  -1.7613E+00   9.0063E+00  -2.3661E-01  -1.4413E-01  -1.4740E+00
   1997.00   8.5693E+03   3.7950E+03   5.6309E+04  -2.9078E+00  -1.7702E+00   9.0573E+00  -2.3794E-01  -1.4486E-01  -1.4823E+00
   1997.08   8.5696E+03   3.7903E+03   5.6310E+04  -2.9343E+00  -1.7854E+00   9.1402E+00  -2.4012E-01  -1.4610E-01  -1.4959E+00
   1997.17   8.5700E+03   3.7857E+03   5.6312E+04  -2.9712E+00  -1.8067E+00   9.2551E+00  -2.4313E-01  -1.4784E-01  -1.5147E+00
   1997.25   8.5703E+03   3.7810E+03   5.6314E+04  -3.0183E+00  -1.8344E+00   9.4022E+00  -2.4699E-01  -1.5011E-01  -1.5388E+00
   1997.33   8.5707E+03   3.7764E+03   5.6315E+04  -3.0759E+00  -1.8683E+00   9.5817E+00  -2.5170E-01  -1.5288E-01  -1.5681E+00
   1997.42   8.5710E+03   3.7717E+03   5.6317E+04  -3.1439E+00  -1.9086E+00   9.7937E+00  -2.5727E-01  -1.5618E-01  -1.6028E+00
   1997.50   8.5714E+03   3.7670E+03   5.6319E+04  -3.2224E+00  -1.9552E+00   1.0038E+01  -2.6369E-01  -1.5999E-01  -1.6429E+00
   1997.58   8.5718E+03   3.7623E+03   5.6321E+04  -3.3115E+00  -2.0082E+00   1.0316E+01  -2.7098E-01  -1.6433E-01  -1.6883E+00
   1997.67   8.5722E+03   3.7576E+03   5.6323E+04  -3.4111E+00  -2.0676E+00   1.0627E+01  -2.7913E-01  -1.6919E-01  -1.7392E+00
   1997.75   8.5726E+03   3.7529E+03   5.6325E+04  -3.5214E+00  -2.1334E+00   1.0971E+01  -2.8816E-01  -1.7458E-01  -1.7955E+00
   1997.83   8.5731E+03   3.7482E+03   5.6328E+04  -3.6424E+00  -2.2057E+00   1.1348E+01  -2.9806E-01  -1.8049E-01  -1.8572E+00
   1997.92   8.5735E+03   3.7435E+03   5.6330E+04  -3.7742E+00  -2.2845E+00   1.1759E+01  -3.0884E-01  -1.8694E-01  -1.9244E+00
   1998.00   8.5740E+03   3.7388E+03   5.6332E+04  -3.9168E+00  -2.3698E+00   1.2203E+01  -3.2051E-01  -1.9392E-01  -1.9972E+00
   1998.08   8.5744E+03   3.7341E+03   5.6334E+04  -4.0700E+00  -2.4615E+00   1.2681E+01  -3.3305E-01  -2.0142E-01  -2.0754E+00
   1998.17   8.5749E+03   3.7294E+03   5.6337E+04  -4.2329E+00  -2.5589E+00   1.3189E+01  -3.4638E-01  -2.0940E-01  -2.1584E+00
   1998.25   8.5754E+03   3.7247E+03   5.6339E+04  -4.4040E+00  -2.6614E+00   1.3722E+01  -3.6038E-01  -2.1778E-01  -2.2458E+00
   1998.33   8.5759E+03   3.7200E+03   5.6342E+04  -4.5821E+00  -2.7680E+00   1.4277E+01  -3.7496E-01  -2.2651E-01  -2.3366E+00
   1998.42   8.5764E+03   3.7153E+03   5.6344E+04  -4.7660E+00  -2.8781E+00   1.4851E+01  -3.9000E-01  -2.3552E-01  -2.4305E+00
   1998.50   8.5770E+03   3.7106E+03   5.6347E+04  -4.9543E+00  -2.9909E+00   1.5438E+01  -4.0541E-01  -2.4475E-01  -2.5265E+00
   1998.58   8.5775E+03   3.7058E+03   5.6350E+04  -5.1457E+00  -3.1056E+00   1.6035E+01  -4.2108E-01  -2.5413E-01  -2.6242E+00
   1998.67   8.5781E+03   3.7011E+03   5.6353E+04  -5.3391E+00  -3.2214E+00   1.6637E+01  -4.3690E-01  -2.6361E-01  -2.7229E+00
   1998.75   8.5786E+03   3.6964E+03   5.6355E+04  -5.5330E+00  -3.3375E+00   1.7242E+01  -4.5277E-01  -2.7311E-01  -2.8218E+00
   1998.83   8.5792E+03   3.6916E+03   5.6358E+04  -5.7263E+00  -3.4533E+00   1.7844E+01  -4.6858E-01  -2.8258E-01  -2.9204E+00
   1998.92   8.5798E+03   3.6869E+03   5.6361E+04  -5.9175E+00  -3.5678E+00   1.8441E+01  -4.8423E-01  -2.9195E-01  -3.0180E+00
   1999.00   8.5804E+03   3.6821E+03   5.6364E+04  -6.1055E+00  -3.6803E+00   1.9027E+01  -4.9962E-01  -3.0116E-01  -3.1140E+00
   1999.08   8.5810E+03   3.6774E+03   5.6367E+04  -6.2890E+00  -3.7902E+00   1.9599E+01  -5.1463E-01  -3.1015E-01  -3.2076E+00
   1999.17   8.5816E+03   3.6726E+03   5.6370E+04  -6.4666E+00  -3.8964E+00   2.0153E+01  -5.2916E-01  -3.1885E-01  -3.2982E+00
   1999.25   8.5822E+03   3.6678E+03   5.6373E+04  -6.6371E+00  -3.9984E+00   2.0684E+01  -5.4312E-01  -3.2719E-01  -3.3852E+00
   1999.33   8.5829E+03   3.6630E+03   5.6376E+04  -6.7992E+00  -4.0954E+00   2.1190E+01  -5.5638E-01  -3.3513E-01  -3.4680E+00
   1999.42   8.5835E+03   3.6582E+03   5.6379E+04  -6.9516E+00  -4.1865E+00   2.1665E+01  -5.6885E-01  -3.4258E-01  -3.5457E+00
   1999.50   8.5842E+03   3.6533E+03   5.6382E+04  -7.0931E+00  -4.2710E+00   2.2106E+01  -5.8043E-01  -3.4950E-01  -3.6179E+00
   1999.58   8.5849E+03   3.6485E+03   5.6385E+04  -7.2223E+00  -4.3481E+00   2.2509E+01  -5.9100E-01  -3.5580E-01  -3.6839E+00
   1999.67   8.5856E+03   3.6436E+03   5.6389E+04  -7.3379E+00  -4.4170E+00   2.2870E+01  -6.0046E-01  -3.6145E-01  -3.7429E+00
   1999.75   8.5863E+03   3.6388E+03   5.6392E+04  -7.4387E+00  -4.4770E+00   2.3185E+01  -6.0871E-01  -3.6636E-01  -3.7944E+00
   1999.83   8.5870E+03   3.6339E+03   5.6395E+04  -7.5235E+00  -4.5273E+00   2.3449E+01  -6.1565E-01  -3.7047E-01  -3.8377E+00
   1999.92   8.5877E+03   3.6290E+03   5.6398E+04  -7.5908E+00  -4.5672E+00   2.3659E+01  -6.2116E-01  -3.7373E-01  -3.8721E+00
   2000.00   8.5884E+03   3.6240E+03   5.6401E+04  -7.6394E+00  -4.5958E+00   2.3811E+01  -6.2514E-01  -3.7607E-01  -3.8969E+00
   2000.08   8.5892E+03   3.6191E+03   5.6405E+04  -7.6686E+00  -4.6126E+00   2.3902E+01  -6.2752E-01  -3.7745E-01  -3.9119E+00
   2000.17   8.5899E+03   3.6141E+03   5.6408E+04  -7.6794E+00  -4.6184E+00   2.3936E+01  -6.2841E-01  -3.7792E-01  -3.9174E+00
   2000.25   8.5906E+03   3.6091E+03   5.6411E+04  -7.6735E+00  -4.6141E+00   2.3918E+01  -6.2793E-01  -3.7757E-01  -3.9145E+00
   2000.33   8.5914E+03   3.6041E+03   5.6415E+04  -7.6525E+00  -4.6007E+00   2.3853E+01  -6.2621E-01  -3.7648E-01  -3.9038E+00
   2000.42   8.5922E+03   3.5991E+03   5.6418E+04  -7.6181E+00  -4.5792E+00   2.3746E+01  -6.2339E-01  -3.7471E-01  -3.8863E+00
   2000.50   8.5930E+03   3.5941E+03   5.6421E+04  -7.5717E+00  -4.5504E+00   2.3602E+01  -6.1960E-01  -3.7236E-01  -3.8627E+00
   2000.58   8.5937E+03   3.5890E+03   5.6424E+04  -7.5151E+00  -4.5155E+00   2.3426E+01  -6.1497E-01  -3.6951E-01  -3.8339E+00
   2000.67   8.5945E+03   3.5839E+03   5.6428E+04  -7.4499E+00  -4.4754E+00   2.3223E+01  -6.0963E-01  -3.6622E-01  -3.8007E+00
   2000.75   8.5953E+03   3.5789E+03   5.6431E+04  -7.3777E+00  -4.4310E+00   2.2999E+01  -6.0372E-01  -3.6259E-01  -3.7640E+00
   2000.83   8.5961E+03   3.5738E+03   5.6435E+04  -7.3001E+00  -4.3833E+00   2.2757E+01  -5.9737E-01  -3.5869E-01  -3.7245E+00
   2000.92   8.5970E+03   3.5687E+03   5.6438E+04  -7.2188E+00  -4.3333E+00   2.2504E+01  -5.9071E-01  -3.5460E-01  -3.6830E+00
   2001.00   8.5978E+03   3.5636E+03   5.6441E+04  -7.1353E+00  -4.2820E+00   2.2244E+01  -5.8388E-01  -3.5040E-01  -3.6405E+00
   2001.08   8.5986E+03   3.5584E+03   5.6445E+04  -7.0512E+00  -4.2303E+00   2.1983E+01  -5.7701E-01  -3.4617E-01  -3.5977E+00
   2001.17   8.5994E+03   3.5533E+03   5.6448E+04  -6.9683E+00  -4.1792E+00   2.1725E+01  -5.7022E-01  -3.4199E-01  -3.5555E+00
   2001.25   8.6003E+03   3.5482E+03   5.6452E+04  -6.8881E+00  -4.1297E+00   2.1475E+01  -5.6366E-01  -3.3793E-01  -3.5147E+00
   2001.33   8.6011E+03   3.5430E+03   5.6455E+04  -6.8122E+00  -4.0827E+00   2.1239E+01  -5.5745E-01  -3.3409E-01  -3.4760E+00
   2001.42   8.6019E+03   3.5378E+03   5.6459E+04  -6.7423E+00  -4.0392E+00   2.1022E+01  -5.5173E-01  -3.3053E-01  -3.4405E+00
   2001.50   8.6028E+03   3.5327E+03   5.6462E+04  -6.6800E+00  -4.0002E+00   2.0828E+01  -5.4662E-01  -3.2734E-01  -3.4088E+00
   2001.58   8.6036E+03   3.5275E+03   5.6466E+04  -6.6268E+00  -3.9667E+00   2.0663E+01  -5.4227E-01  -3.2460E-01  -3.3817E+00
   2001.67   8.6045E+03   3.5223E+03   5.6469E+04  -6.5845E+00  -3.9396E+00   2.0532E+01  -5.3881E-01  -3.2238E-01  -3.3602E+00
   2001.75   8.6054E+03   3.5171E+03   5.6473E+04  -6.5546E+00  -3.9199E+00   2.0439E+01  -5.3636E-01  -3.2077E-01  -3.3451E+00
   2001.83   8.6062E+03   3.5120E+03   5.6477E+04  -6.5387E+00  -3.9086E+00   2.0390E+01  -5.3507E-01  -3.1984E-01  -3.3371E+00
   2001.92   8.6071E+03   3.5068E+03   5.6480E+04  -6.5386E+00  -3.9066E+00   2.0391E+01  -5.3505E-01  -3.1968E-01  -3.3371E+00
   2002.00   8.6079E+03   3.5016E+03   5.6484E+04  -6.5557E+00  -3.9149E+00   2.0445E+01  -5.3645E-01  -3.2036E-01  -3.3460E+00
   2002.08   8.6088E+03   3.4964E+03   5.6488E+04  -6.5912E+00  -3.9342E+00   2.0556E+01  -5.3936E-01  -3.2194E-01  -3.3642E+00
   2002.17   8.6097E+03   3.4912E+03   5.6491E+04  -6.6439E+00  -3.9638E+00   2.0721E+01  -5.4367E-01  -3.2436E-01  -3.3912E+00
   2002.25   8.6106E+03   3.4860E+03   5.6495E+04  -6.7122E+00  -4.0027E+00   2.0935E+01  -5.4926E-01  -3.2754E-01  -3.4262E+00
   2002.33   8.6114E+03   3.4808E+03   5.6499E+04  -6.7944E+00  -4.0498E+00   2.1192E+01  -5.5599E-01  -3.3140E-01  -3.4682E+00
   2002.42   8.6123E+03   3.4756E+03   5.6503E+04  -6.8888E+00  -4.1043E+00   2.1487E+01  -5.6371E-01  -3.3586E-01  -3.5165E+00
   2002.50   8.6132E+03   3.4704E+03   5.6506E+04  -6.9938E+00  -4.1651E+00   2.1815E+01  -5.7230E-01  -3.4083E-01  -3.5702E+00
   2002.58   8.6140E+03   3.4652E+03   5.6510E+04  -7.1076E+00  -4.2312E+00   2.2170E+01  -5.8162E-01  -3.4624E-01  -3.6284E+00
   2002.67   8.6149E+03   3.4600E+03   5.6514E+04  -7.2287E+00  -4.3016E+00   2.2548E+01  -5.9152E-01  -3.5200E-01  -3.6903E+00
   2002.75   8.6158E+03   3.4548E+03   5.6518E+04  -7.3552E+00  -4.3753E+00   2.2944E+01  -6.0188E-01  -3.5804E-01  -3.7550E+00
   2002.83   8.6166E+03   3.4496E+03   5.6522E+04  -7.4857E+00  -4.4514E+00   2.3351E+01  -6.1256E-01  -3.6426E-01  -3.8216E+00
   2002.92   8.6175E+03   3.4444E+03   5.6525E+04  -7.6183E+00  -4.5288E+00   2.3765E+01  -6.2341E-01  -3.7060E-01  -3.8894E+00
   2003.00   8.6184E+03   3.4391E+03   5.6529E+04  -7.7514E+00  -4.6066E+00   2.4181E+01  -6.3430E-01  -3.7696E-01  -3.9574E+00
   2003.08   8.6192E+03   3.4339E+03   5.6533E+04  -7.8834E+00  -4.6837E+00   2.4593E+01  -6.4510E-01  -3.8327E-01  -4.0249E+00
   2003.17   8.6201E+03   3.4287E+03   5.6537E+04  -8.0125E+00  -4.7591E+00   2.4996E+01  -6.5567E-01  -3.8944E-01  -4.0909E+00
   2003.25   8.6209E+03   3.4235E+03   5.6540E+04  -8.1371E+00  -4.8319E+00   2.5385E+01  -6.6586E-01  -3.9540E-01  -4.1546E+00
   2003.33   8.6218E+03   3.4183E+03   5.6544E+04  -8.2556E+00  -4.9011E+00   2.5755E+01  -6.7555E-01  -4.0106E-01  -4.2151E+00
   2003.42   8.6226E+03   3.4131E+03   5.6548E+04  -8.3661E+00  -4.9657E+00   2.6100E+01  -6.8460E-01  -4.0634E-01  -4.2716E+00
   2003.50   8.6235E+03   3.4079E+03   5.6552E+04  -8.4672E+00  -5.0246E+00   2.6416E+01  -6.9287E-01  -4.1116E-01  -4.3232E+00
   2003.58   8.6243E+03   3.4026E+03   5.6555E+04  -8.5570E+00  -5.0769E+00   2.6697E+01  -7.0023E-01  -4.1544E-01  -4.3692E+00
   2003.67   8.6252E+03   3.3974E+03   5.6559E+04  -8.6340E+00  -5.1215E+00   2.6937E+01  -7.0652E-01  -4.1910E-01  -4.4085E+00
   2003.75   8.6260E+03   3.3922E+03   5.6562E+04  -8.6964E+00  -5.1576E+00   2.7132E+01  -7.1163E-01  -4.2205E-01  -4.4405E+00
   2003.83   8.6268E+03   3.3870E+03   5.6566E+04  -8.7426E+00  -5.1840E+00   2.7277E+01  -7.1541E-01  -4.2421E-01  -4.4641E+00
   2003.92   8.6276E+03   3.3817E+03   5.6570E+04  -8.7709E+00  -5.1999E+00   2.7365E+01  -7.1773E-01  -4.2551E-01  -4.4786E+00
   2004.00   8.6285E+03   3.3765E+03   5.6573E+04  -8.7797E+00  -5.2041E+00   2.7393E+01  -7.1845E-01  -4.2586E-01  -4.4832E+00
   2004.08   8.6293E+03   3.3713E+03   5.6576E+04  -8.7677E+00  -5.1961E+00   2.7356E+01  -7.1746E-01  -4.2520E-01  -4.4771E+00
   2004.17   8.6301E+03   3.3661E+03   5.6580E+04  -8.7358E+00  -5.1763E+00   2.7257E+01  -7.1486E-01  -4.2358E-01  -4.4609E+00
   2004.25   8.6308E+03   3.3608E+03   5.6583E+04  -8.6855E+00  -5.1455E+00   2.7100E+01  -7.1073E-01  -4.2106E-01  -4.4353E+00
   2004.33   8.6316E+03   3.3556E+03   5.6587E+04  -8.6179E+00  -5.1045E+00   2.6890E+01  -7.0521E-01  -4.1770E-01  -4.4009E+00
   2004.42   8.6324E+03   3.3504E+03   5.6590E+04  -8.5346E+00  -5.0542E+00   2.6631E+01  -6.9839E-01  -4.1359E-01  -4.3584E+00
   2004.50   8.6331E+03   3.3451E+03   5.6593E+04  -8.4369E+00  -4.9953E+00   2.6326E+01  -6.9039E-01  -4.0877E-01  -4.3086E+00
   2004.58   8.6339E+03   3.3399E+03   5.6596E+04  -8.3261E+00  -4.9287E+00   2.5981E+01  -6.8133E-01  -4.0332E-01  -4.2521E+00
   2004.67   8.6346E+03   3.3346E+03   5.6600E+04  -8.2036E+00  -4.8552E+00   2.5600E+01  -6.7131E-01  -3.9730E-01  -4.1896E+00
   2004.75   8.6353E+03   3.3293E+03   5.6603E+04  -8.0708E+00  -4.7755E+00   2.5186E+01  -6.6044E-01  -3.9078E-01  -4.1219E+00
   2004.83   8.6360E+03   3.3241E+03   5.6606E+04  -7.9291E+00  -4.6905E+00   2.4744E+01  -6.4884E-01  -3.8383E-01  -4.0496E+00
   2004.92   8.6367E+03   3.3188E+03   5.6609E+04  -7.7797E+00  -4.6010E+00   2.4279E+01  -6.3662E-01  -3.7650E-01  -3.9735E+00
   2005.00   8.6374E+03   3.3135E+03   5.6612E+04  -7.6241E+00  -4.5078E+00   2.3794E+01  -6.2389E-01  -3.6888E-01  -3.8941E+00
   2005.08   8.6380E+03   3.3082E+03   5.6615E+04  -7.4637E+00  -4.4117E+00   2.3294E+01  -6.1076E-01  -3.6101E-01  -3.8123E+00
   2005.17   8.6386E+03   3.3029E+03   5.6618E+04  -7.2997E+00  -4.3135E+00   2.2783E+01  -5.9734E-01  -3.5298E-01  -3.7287E+00
   2005.25   8.6392E+03   3.2976E+03   5.6621E+04  -7.1336E+00  -4.2141E+00   2.2265E+01  -5.8375E-01  -3.4484E-01  -3.6440E+00
   2005.33   8.6398E+03   3.2922E+03   5.6624E+04  -6.9667E+00  -4.1142E+00   2.1745E+01  -5.7009E-01  -3.3667E-01  -3.5589E+00
   2005.42   8.6403E+03   3.2869E+03   5.6627E+04  -6.8005E+00  -4.0146E+00   2.1227E+01  -5.5648E-01  -3.2852E-01  -3.4741E+00
   2005.50   8.6408E+03   3.2815E+03   5.6630E+04  -6.6361E+00  -3.9162E+00   2.0715E+01  -5.4304E-01  -3.2046E-01  -3.3903E+00
   2005.58   8.6413E+03   3.2761E+03   5.6633E+04  -6.4751E+00  -3.8197E+00   2.0214E+01  -5.2986E-01  -3.1257E-01  -3.3082E+00
   2005.67   8.6418E+03   3.2707E+03   5.6636E+04  -6.3188E+00  -3.7260E+00   1.9727E+01  -5.1707E-01  -3.0490E-01  -3.2285E+00
   2005.75   8.6422E+03   3.2653E+03   5.6639E+04  -6.1685E+00  -3.6359E+00   1.9259E+01  -5.0477E-01  -2.9753E-01  -3.1519E+00
   2005.83   8.6426E+03   3.2599E+03   5.6642E+04  -6.0256E+00  -3.5501E+00   1.8814E+01  -4.9308E-01  -2.9051E-01  -3.0791E+00
   2005.92   8.6430E+03   3.2544E+03   5.6645E+04  -5.8915E+00  -3.4696E+00   1.8396E+01  -4.8210E-01  -2.8392E-01  -3.0107E+00
   2006.00   8.6433E+03   3.2490E+03   5.6648E+04  -5.7675E+00  -3.3950E+00   1.8010E+01  -4.7196E-01  -2.7782E-01  -2.9476E+00
   2006.08   8.6436E+03   3.2435E+03   5.6650E+04  -5.6547E+00  -3.3271E+00   1.7659E+01  -4.6273E-01  -2.7226E-01  -2.8901E+00
   2006.17   8.6439E+03   3.2380E+03   5.6653E+04  -5.5526E+00  -3.2655E+00   1.7341E+01  -4.5437E-01  -2.6721E-01  -2.8381E+00
   2006.25   8.6441E+03   3.2324E+03   5.6656E+04  -5.4603E+00  -3.2097E+00   1.7055E+01  -4.4682E-01  -2.6265E-01  -2.7912E+00
   2006.33   8.6443E+03   3.2269E+03   5.6659E+04  -5.3772E+00  -3.1593E+00   1.6796E+01  -4.4002E-01  -2.5853E-01  -2.7489E+00
   2006.42   8.6445E+03   3.2213E+03   5.6662E+04  -5.3023E+00  -3.1139E+00   1.6563E+01  -4.3389E-01  -2.5481E-01  -2.7108E+00
   2006.50   8.6447E+03   3.2157E+03   5.6665E+04  -5.2349E+00  -3.0728E+00   1.6354E+01  -4.2837E-01  -2.5145E-01  -2.6765E+00
   2006.58   8.6448E+03   3.2101E+03   5.6667E+04  -5.1741E+00  -3.0358E+00   1.6165E+01  -4.2340E-01  -2.4842E-01  -2.6457E+00
   2006.67   8.6449E+03   3.2045E+03   5.6670E+04  -5.1192E+00  -3.0022E+00   1.5995E+01  -4.1891E-01  -2.4567E-01  -2.6178E+00
   2006.75   8.6450E+03   3.1988E+03   5.6673E+04  -5.0693E+00  -2.9717E+00   1.5840E+01  -4.1483E-01  -2.4317E-01  -2.5925E+00
   2006.83   8.6450E+03   3.1931E+03   5.6676E+04  -5.0237E+00  -2.9437E+00   1.5699E+01  -4.1109E-01  -2.4088E-01  -2.5693E+00
   2006.92   8.6451E+03   3.1875E+03   5.6679E+04  -4.9815E+00  -2.9177E+00   1.5568E+01  -4.0764E-01  -2.3876E-01  -2.5479E+00
   2007.00   8.6451E+03   3.1817E+03   5.6681E+04  -4.9420E+00  -2.8934E+00   1.5446E+01  -4.0440E-01  -2.3677E-01  -2.5278E+00
   2007.08   8.6451E+03   3.1760E+03   5.6684E+04  -4.9042E+00  -2.8702E+00   1.5329E+01  -4.0131E-01  -2.3487E-01  -2.5087E+00
   2007.17   8.6451E+03   3.1702E+03   5.6687E+04  -4.8675E+00  -2.8477E+00   1.5215E+01  -3.9831E-01  -2.3302E-01  -2.4901E+00
   2007.25   8.6451E+03   3.1644E+03   5.6690E+04  -4.8309E+00  -2.8253E+00   1.5101E+01  -3.9531E-01  -2.3119E-01  -2.4715E+00
   2007.33   8.6451E+03   3.1586E+03   5.6692E+04  -4.7938E+00  -2.8026E+00   1.4986E+01  -3.9227E-01  -2.2934E-01  -2.4526E+00
   2007.42   8.6451E+03   3.1528E+03   5.6695E+04  -4.7552E+00  -2.7792E+00   1.4866E+01  -3.8912E-01  -2.2742E-01  -2.4330E+00
   2007.50   8.6450E+03   3.1470E+03   5.6698E+04  -4.7144E+00  -2.7545E+00   1.4740E+01  -3.8578E-01  -2.2540E-01  -2.4123E+00
   2007.58   8.6450E+03   3.1411E+03   5.6701E+04  -4.6706E+00  -2.7281E+00   1.4603E+01  -3.8220E-01  -2.2324E-01  -2.3900E+00
   2007.67   8.6450E+03   3.1352E+03   5.6703E+04  -4.6229E+00  -2.6995E+00   1.4455E+01  -3.7830E-01  -2.2090E-01  -2.3657E+00
   2007.75   8.6449E+03   3.1293E+03   5.6706E+04  -4.5706E+00  -2.6682E+00   1.4292E+01  -3.7402E-01  -2.1834E-01  -2.3391E+00
   2007.83   8.6449E+03   3.1233E+03   5.6709E+04  -4.5129E+00  -2.6338E+00   1.4112E+01  -3.6929E-01  -2.1553E-01  -2.3096E+00
   2007.92   8.6448E+03   3.1174E+03   5.6711E+04  -4.4489E+00  -2.5958E+00   1.3913E+01  -3.6405E-01  -2.1242E-01  -2.2770E+00
   2008.00   8.6448E+03   3.1114E+03   5.6714E+04  -4.3778E+00  -2.5537E+00   1.3691E+01  -3.5824E-01  -2.0897E-01  -2.2407E+00
   2008.08   8.6447E+03   3.1054E+03   5.6717E+04  -4.2992E+00  -2.5073E+00   1.3446E+01  -3.5180E-01  -2.0517E-01  -2.2005E+00
   2008.17   8.6447E+03   3.0993E+03   5.6720E+04  -4.2138E+00  -2.4569E+00   1.3179E+01  -3.4482E-01  -2.0105E-01  -2.1569E+00
   2008.25   8.6447E+03   3.0933E+03   5.6722E+04  -4.1227E+00  -2.4032E+00   1.2894E+01  -3.3736E-01  -1.9666E-01  -2.1103E+00
   2008.33   8.6447E+03   3.0872E+03   5.6725E+04  -4.0270E+00  -2.3469E+00   1.2596E+01  -3.2953E-01  -1.9204E-01  -2.0614E+00
   2008.42   8.6447E+03   3.0811E+03   5.6728E+04  -3.9279E+00  -2.2885E+00   1.2286E+01  -3.2142E-01  -1.8727E-01  -2.0107E+00
   2008.50   8.6446E+03   3.0750E+03   5.6730E+04  -3.8263E+00  -2.2287E+00   1.1969E+01  -3.1311E-01  -1.8237E-01  -1.9588E+00
   2008.58   8.6446E+03   3.0688E+03   5.6733E+04  -3.7235E+00  -2.1681E+00   1.1647E+01  -3.0469E-01  -1.7742E-01  -1.9062E+00
   2008.67   8.6447E+03   3.0626E+03   5.6735E+04  -3.6204E+00  -2.1074E+00   1.1325E+01  -2.9626E-01  -1.7245E-01  -1.8535E+00
   2008.75   8.6447E+03   3.0564E+03   5.6738E+04  -3.5183E+00  -2.0471E+00   1.1006E+01  -2.8790E-01  -1.6752E-01  -1.8012E+00
   2008.83   8.6447E+03   3.0501E+03   5.6741E+04  -3.4181E+00  -1.9880E+00   1.0693E+01  -2.7970E-01  -1.6268E-01  -1.7500E+00
   2008.92   8.6448E+03   3.0438E+03   5.6743E+04  -3.3210E+00  -1.9306E+00   1.0390E+01  -2.7176E-01  -1.5798E-01  -1.7004E+00
   2009.00   8.6448E+03   3.0375E+03   5.6746E+04  -3.2281E+00  -1.8756E+00   1.0099E+01  -2.6416E-01  -1.5348E-01  -1.6528E+00
   2009.08   8.6449E+03   3.0311E+03   5.6748E+04  -3.1405E+00  -1.8236E+00   9.8253E+00  -2.5699E-01  -1.4923E-01  -1.6080E+00
   2009.17   8.6450E+03   3.0248E+03   5.6751E+04  -3.0592E+00  -1.7753E+00   9.5714E+00  -2.5034E-01  -1.4527E-01  -1.5665E+00
   2009.25   8.6451E+03   3.0183E+03   5.6753E+04  -2.9854E+00  -1.7312E+00   9.3408E+00  -2.4430E-01  -1.4166E-01  -1.5287E+00
   2009.33   8.6452E+03   3.0119E+03   5.6755E+04  -2.9202E+00  -1.6920E+00   9.1370E+00  -2.3896E-01  -1.3846E-01  -1.4954E+00
   2009.42   8.6453E+03   3.0054E+03   5.6758E+04  -2.8646E+00  -1.6583E+00   8.9634E+00  -2.3441E-01  -1.3570E-01  -1.4670E+00
   2009.50   8.6454E+03   2.9988E+03   5.6760E+04  -2.8197E+00  -1.6308E+00   8.8234E+00  -2.3074E-01  -1.3345E-01  -1.4441E+00
   2009.58   8.6456E+03   2.9923E+03   5.6762E+04  -2.7868E+00  -1.6101E+00   8.7206E+00  -2.2804E-01  -1.3175E-01  -1.4272E+00
   2009.67   8.6457E+03   2.9856E+03   5.6765E+04  -2.7667E+00  -1.5968E+00   8.6582E+00  -2.2640E-01  -1.3066E-01  -1.4170E+00
   2009.75   8.6459E+03   2.9790E+03   5.6767E+04  -2.7607E+00  -1.5915E+00   8.6397E+00  -2.2591E-01  -1.3023E-01  -1.4140E+00
   2009.83   8.6461E+03   2.9723E+03   5.6769E+04  -2.7699E+00  -1.5949E+00   8.6686E+00  -2.2666E-01  -1.3051E-01  -1.4187E+00
   2009.92   8.6464E+03   2.9655E+03   5.6771E+04  -2.7952E+00  -1.6077E+00   8.7483E+00  -2.2873E-01  -1.3155E-01  -1.4318E+00
   2010.00   8.6466E+03   2.9588E+03   5.6773E+04  -2.8379E+00  -1.6303E+00   8.8823E+00  -2.3223E-01  -1.3341E-01  -1.4537E+00
   2010.08   8.6469E+03   2.9519E+03   5.6775E+04  -2.8986E+00  -1.6633E+00   9.0725E+00  -2.3719E-01  -1.3611E-01  -1.4848E+00
   2010.17   8.6472E+03   2.9451E+03   5.6777E+04  -2.9762E+00  -1.7060E+00   9.3156E+00  -2.4354E-01  -1.3960E-01  -1.5246E+00
   2010.25   8.6475E+03   2.9381E+03   5.6779E+04  -3.0691E+00  -1.7575E+00   9.6068E+00  -2.5115E-01  -1.4382E-01  -1.5723E+00
   2010.33   8.6478E+03   2.9312E+03   5.6781E+04  -3.1759E+00  -1.8170E+00   9.9413E+00  -2.5989E-01  -1.4868E-01  -1.6270E+00
   2010.42   8.6481E+03   2.9242E+03   5.6782E+04  -3.2950E+00  -1.8835E+00   1.0314E+01  -2.6963E-01  -1.5413E-01  -1.6881E+00
   2010.50   8.6485E+03   2.9172E+03   5.6784E+04  -3.4249E+00  -1.9562E+00   1.0721E+01  -2.8026E-01  -1.6008E-01  -1.7547E+00
   2010.58   8.6488E+03   2.9101E+03   5.6786E+04  -3.5641E+00  -2.0343E+00   1.1157E+01  -2.9165E-01  -1.6647E-01  -1.8260E+00
   2010.67   8.6492E+03   2.9030E+03   5.6787E+04  -3.7111E+00  -2.1169E+00   1.1617E+01  -3.0368E-01  -1.7323E-01  -1.9013E+00
   2010.75   8.6496E+03   2.8958E+03   5.6789E+04  -3.8642E+00  -2.2030E+00   1.2097E+01  -3.1621E-01  -1.8028E-01  -1.9798E+00
   2010.83   8.6500E+03   2.8887E+03   5.6790E+04  -4.0221E+00  -2.2919E+00   1.2591E+01  -3.2913E-01  -1.8755E-01  -2.0607E+00
   2010.92   8.6504E+03   2.8815E+03   5.6792E+04  -4.1831E+00  -2.3826E+00   1.3096E+01  -3.4230E-01  -1.9497E-01  -2.1432E+00
   2011.00   8.6508E+03   2.8742E+03   5.6793E+04  -4.3458E+00  -2.4743E+00   1.3605E+01  -3.5562E-01  -2.0248E-01  -2.2266E+00
   2011.08   8.6513E+03   2.8670E+03   5.6795E+04  -4.5086E+00  -2.5661E+00   1.4115E+01  -3.6894E-01  -2.0999E-01  -2.3101E+00
   2011.17   8.6517E+03   2.8597E+03   5.6796E+04  -4.6700E+00  -2.6572E+00   1.4620E+01  -3.8214E-01  -2.1744E-01  -2.3928E+00
   2011.25   8.6521E+03   2.8523E+03   5.6797E+04  -4.8284E+00  -2.7466E+00   1.5117E+01  -3.9511E-01  -2.2475E-01  -2.4740E+00
   2011.33   8.6526E+03   2.8450E+03   5.6798E+04  -4.9825E+00  -2.8335E+00   1.5599E+01  -4.0772E-01  -2.3186E-01  -2.5529E+00
   2011.42   8.6530E+03   2.8376E+03   5.6800E+04  -5.1305E+00  -2.9170E+00   1.6063E+01  -4.1983E-01  -2.3870E-01  -2.6288E+00
   2011.50   8.6535E+03   2.8302E+03   5.6801E+04  -5.2710E+00  -2.9962E+00   1.6503E+01  -4.3133E-01  -2.4518E-01  -2.7009E+00
   2011.58   8.6539E+03   2.8228E+03   5.6802E+04  -5.4026E+00  -3.0704E+00   1.6915E+01  -4.4209E-01  -2.5125E-01  -2.7683E+00
   2011.67   8.6544E+03   2.8153E+03   5.6803E+04  -5.5235E+00  -3.1385E+00   1.7294E+01  -4.5199E-01  -2.5683E-01  -2.8303E+00
   2011.75   8.6549E+03   2.8078E+03   5.6804E+04  -5.6324E+00  -3.1998E+00   1.7635E+01  -4.6090E-01  -2.6184E-01  -2.8862E+00
   2011.83   8.6553E+03   2.8004E+03   5.6805E+04  -5.7277E+00  -3.2533E+00   1.7934E+01  -4.6870E-01  -2.6622E-01  -2.9350E+00
   2011.92   8.6558E+03   2.7929E+03   5.6805E+04  -5.8079E+00  -3.2982E+00   1.8185E+01  -4.7526E-01  -2.6989E-01  -2.9762E+00
   2012.00   8.6562E+03   2.7853E+03   5.6806E+04  -5.8714E+00  -3.3336E+00   1.8384E+01  -4.8046E-01  -2.7279E-01  -3.0088E+00
