   1960.00   3.7828E+03   2.3354E+02   6.0431E+04  -8.0017E+00  -2.6855E+00   2.9089E+01  -6.5478E-01  -2.1976E-01  -4.7608E+00
   1960.08   3.7852E+03   2.3467E+02   6.0433E+04  -7.9519E+00  -2.6687E+00   2.8908E+01  -6.5071E-01  -2.1838E-01  -4.7312E+00
   1960.17   3.7877E+03   2.3579E+02   6.0434E+04  -7.8826E+00  -2.6454E+00   2.8657E+01  -6.4504E-01  -2.1647E-01  -4.6900E+00
   1960.25   3.7901E+03   2.3690E+02   6.0436E+04  -7.7954E+00  -2.6160E+00   2.8340E+01  -6.3790E-01  -2.1407E-01  -4.6382E+00
   1960.33   3.7926E+03   2.3801E+02   6.0437E+04  -7.6916E+00  -2.5811E+00   2.7963E+01  -6.2941E-01  -2.1121E-01  -4.5765E+00
   1960.42   3.7951E+03   2.3912E+02   6.0439E+04  -7.5728E+00  -2.5412E+00   2.7532E+01  -6.1968E-01  -2.0794E-01  -4.5058E+00
   1960.50   3.7976E+03   2.4022E+02   6.0441E+04  -7.4403E+00  -2.4966E+00   2.7050E+01  -6.0885E-01  -2.0430E-01  -4.4271E+00
   1960.58   3.8001E+03   2.4131E+02   6.0442E+04  -7.2958E+00  -2.4480E+00   2.6525E+01  -5.9702E-01  -2.0032E-01  -4.3412E+00
   1960.67   3.8026E+03   2.4239E+02   6.0444E+04  -7.1405E+00  -2.3959E+00   2.5961E+01  -5.8431E-01  -1.9605E-01  -4.2489E+00
   1960.75   3.8051E+03   2.4347E+02   6.0446E+04  -6.9761E+00  -2.3406E+00   2.5364E+01  -5.7086E-01  -1.9153E-01  -4.1511E+00
   1960.83   3.8076E+03   2.4454E+02   6.0447E+04  -6.8039E+00  -2.2827E+00   2.4738E+01  -5.5677E-01  -1.8680E-01  -4.0487E+00
   1960.92   3.8101E+03   2.4559E+02   6.0449E+04  -6.6255E+00  -2.2228E+00   2.4090E+01  -5.4216E-01  -1.8189E-01  -3.9426E+00
   1961.00   3.8126E+03   2.4664E+02   6.0451E+04  -6.4422E+00  -2.1612E+00   2.3424E+01  -5.2717E-01  -1.7685E-01  -3.8336E+00
   1961.08   3.8151E+03   2.4768E+02   6.0453E+04  -6.2556E+00  -2.0984E+00   2.2746E+01  -5.1189E-01  -1.7172E-01  -3.7226E+00
   1961.17   3.8176E+03   2.4871E+02   6.0454E+04  -6.0670E+00  -2.0351E+00   2.2061E+01  -4.9647E-01  -1.6653E-01  -3.6105E+00
   1961.25   3.8201E+03   2.4972E+02   6.0456E+04  -5.8781E+00  -1.9716E+00   2.1375E+01  -4.8101E-01  -1.6133E-01  -3.4982E+00
   1961.33   3.8226E+03   2.5072E+02   6.0458E+04  -5.6902E+00  -1.9084E+00   2.0692E+01  -4.6563E-01  -1.5616E-01  -3.3864E+00
   1961.42   3.8251E+03   2.5171E+02   6.0459E+04  -5.5047E+00  -1.8460E+00   2.0018E+01  -4.5046E-01  -1.5106E-01  -3.2762E+00
   1961.50   3.8275E+03   2.5269E+02   6.0461E+04  -5.3233E+00  -1.7850E+00   1.9359E+01  -4.3561E-01  -1.4607E-01  -3.1683E+00
   1961.58   3.8300E+03   2.5365E+02   6.0463E+04  -5.1472E+00  -1.7258E+00   1.8719E+01  -4.2120E-01  -1.4122E-01  -3.0636E+00
   1961.67   3.8325E+03   2.5460E+02   6.0464E+04  -4.9781E+00  -1.6689E+00   1.8105E+01  -4.0736E-01  -1.3657E-01  -2.9631E+00
   1961.75   3.8349E+03   2.5553E+02   6.0466E+04  -4.8173E+00  -1.6148E+00   1.7521E+01  -3.9420E-01  -1.3214E-01  -2.8675E+00
   1961.83   3.8373E+03   2.5645E+02   6.0467E+04  -4.6663E+00  -1.5640E+00   1.6972E+01  -3.8185E-01  -1.2798E-01  -2.7777E+00
   1961.92   3.8397E+03   2.5735E+02   6.0469E+04  -4.5266E+00  -1.5169E+00   1.6465E+01  -3.7041E-01  -1.2413E-01  -2.6946E+00
   1962.00   3.8421E+03   2.5823E+02   6.0470E+04  -4.3996E+00  -1.4741E+00   1.6004E+01  -3.6002E-01  -1.2063E-01  -2.6192E+00
   1962.08   3.8445E+03   2.5910E+02   6.0472E+04  -4.2865E+00  -1.4360E+00   1.5593E+01  -3.5076E-01  -1.1751E-01  -2.5519E+00
   1962.17   3.8468E+03   2.5995E+02   6.0473E+04  -4.1866E+00  -1.4023E+00   1.5230E+01  -3.4259E-01  -1.1475E-01  -2.4926E+00
   1962.25   3.8491E+03   2.6078E+02   6.0474E+04  -4.0992E+00  -1.3727E+00   1.4913E+01  -3.3544E-01  -1.1233E-01  -2.4406E+00
   1962.33   3.8514E+03   2.6160E+02   6.0476E+04  -4.0233E+00  -1.3470E+00   1.4637E+01  -3.2923E-01  -1.1023E-01  -2.3956E+00
   1962.42   3.8537E+03   2.6241E+02   6.0477E+04  -3.9581E+00  -1.3249E+00   1.4401E+01  -3.2390E-01  -1.0842E-01  -2.3569E+00
   1962.50   3.8560E+03   2.6321E+02   6.0478E+04  -3.9027E+00  -1.3061E+00   1.4200E+01  -3.1936E-01  -1.0688E-01  -2.3240E+00
   1962.58   3.8583E+03   2.6400E+02   6.0480E+04  -3.8562E+00  -1.2902E+00   1.4031E+01  -3.1555E-01  -1.0558E-01  -2.2963E+00
   1962.67   3.8605E+03   2.6478E+02   6.0481E+04  -3.8176E+00  -1.2771E+00   1.3891E+01  -3.1240E-01  -1.0450E-01  -2.2735E+00
   1962.75   3.8628E+03   2.6555E+02   6.0482E+04  -3.7862E+00  -1.2663E+00   1.3778E+01  -3.0983E-01  -1.0362E-01  -2.2549E+00
   1962.83   3.8650E+03   2.6632E+02   6.0483E+04  -3.7611E+00  -1.2576E+00   1.3687E+01  -3.0777E-01  -1.0291E-01  -2.2400E+00
   1962.92   3.8672E+03   2.6708E+02   6.0485E+04  -3.7413E+00  -1.2507E+00   1.3615E+01  -3.0615E-01  -1.0235E-01  -2.2282E+00
   1963.00   3.8694E+03   2.6784E+02   6.0486E+04  -3.7259E+00  -1.2453E+00   1.3560E+01  -3.0489E-01  -1.0191E-01  -2.2192E+00
   1963.08   3.8716E+03   2.6859E+02   6.0487E+04  -3.7142E+00  -1.2412E+00   1.3517E+01  -3.0393E-01  -1.0156E-01  -2.2122E+00
   1963.17   3.8738E+03   2.6935E+02   6.0488E+04  -3.7051E+00  -1.2379E+00   1.3485E+01  -3.0319E-01  -1.0130E-01  -2.2069E+00
   1963.25   3.8759E+03   2.7010E+02   6.0489E+04  -3.6979E+00  -1.2352E+00   1.3459E+01  -3.0260E-01  -1.0108E-01  -2.2027E+00
   1963.33   3.8781E+03   2.7086E+02   6.0490E+04  -3.6916E+00  -1.2329E+00   1.3436E+01  -3.0208E-01  -1.0089E-01  -2.1989E+00
   1963.42   3.8803E+03   2.7162E+02   6.0492E+04  -3.6853E+00  -1.2306E+00   1.3413E+01  -3.0157E-01  -1.0070E-01  -2.1953E+00
   1963.50   3.8824E+03   2.7239E+02   6.0493E+04  -3.6782E+00  -1.2280E+00   1.3388E+01  -3.0099E-01  -1.0049E-01  -2.1911E+00
   1963.58   3.8846E+03   2.7315E+02   6.0494E+04  -3.6694E+00  -1.2248E+00   1.3356E+01  -3.0027E-01  -1.0023E-01  -2.1859E+00
   1963.67   3.8867E+03   2.7393E+02   6.0495E+04  -3.6580E+00  -1.2208E+00   1.3315E+01  -2.9933E-01  -9.9901E-02  -2.1791E+00
   1963.75   3.8888E+03   2.7471E+02   6.0497E+04  -3.6431E+00  -1.2157E+00   1.3260E+01  -2.9811E-01  -9.9478E-02  -2.1702E+00
   1963.83   3.8910E+03   2.7551E+02   6.0498E+04  -3.6238E+00  -1.2090E+00   1.3190E+01  -2.9653E-01  -9.8935E-02  -2.1587E+00
   1963.92   3.8931E+03   2.7631E+02   6.0499E+04  -3.5992E+00  -1.2006E+00   1.3101E+01  -2.9452E-01  -9.8250E-02  -2.1441E+00
   1964.00   3.8952E+03   2.7713E+02   6.0501E+04  -3.5685E+00  -1.1902E+00   1.2989E+01  -2.9201E-01  -9.7396E-02  -2.1259E+00
   1964.08   3.8973E+03   2.7795E+02   6.0502E+04  -3.5311E+00  -1.1776E+00   1.2853E+01  -2.8895E-01  -9.6360E-02  -2.1036E+00
   1964.17   3.8995E+03   2.7880E+02   6.0504E+04  -3.4876E+00  -1.1629E+00   1.2695E+01  -2.8539E-01  -9.5160E-02  -2.0777E+00
   1964.25   3.9016E+03   2.7965E+02   6.0505E+04  -3.4392E+00  -1.1466E+00   1.2519E+01  -2.8143E-01  -9.3823E-02  -2.0489E+00
   1964.33   3.9037E+03   2.8052E+02   6.0507E+04  -3.3867E+00  -1.1289E+00   1.2328E+01  -2.7714E-01  -9.2376E-02  -2.0177E+00
   1964.42   3.9058E+03   2.8140E+02   6.0508E+04  -3.3313E+00  -1.1102E+00   1.2127E+01  -2.7260E-01  -9.0848E-02  -1.9846E+00
   1964.50   3.9079E+03   2.8229E+02   6.0510E+04  -3.2740E+00  -1.0909E+00   1.1918E+01  -2.6791E-01  -8.9265E-02  -1.9505E+00
   1964.58   3.9100E+03   2.8320E+02   6.0511E+04  -3.2156E+00  -1.0712E+00   1.1705E+01  -2.6314E-01  -8.7656E-02  -1.9157E+00
   1964.67   3.9121E+03   2.8412E+02   6.0513E+04  -3.1574E+00  -1.0515E+00   1.1493E+01  -2.5837E-01  -8.6047E-02  -1.8810E+00
   1964.75   3.9142E+03   2.8505E+02   6.0514E+04  -3.1002E+00  -1.0322E+00   1.1285E+01  -2.5369E-01  -8.4466E-02  -1.8470E+00
   1964.83   3.9163E+03   2.8600E+02   6.0516E+04  -3.0451E+00  -1.0136E+00   1.1085E+01  -2.4918E-01  -8.2940E-02  -1.8141E+00
   1964.92   3.9184E+03   2.8696E+02   6.0518E+04  -2.9931E+00  -9.9593E-01   1.0895E+01  -2.4493E-01  -8.1497E-02  -1.7831E+00
   1965.00   3.9205E+03   2.8793E+02   6.0520E+04  -2.9453E+00  -9.7964E-01   1.0721E+01  -2.4101E-01  -8.0165E-02  -1.7546E+00
   1965.08   3.9226E+03   2.8891E+02   6.0521E+04  -2.9025E+00  -9.6504E-01   1.0565E+01  -2.3752E-01  -7.8970E-02  -1.7291E+00
   1965.17   3.9247E+03   2.8991E+02   6.0523E+04  -2.8659E+00  -9.5246E-01   1.0432E+01  -2.3452E-01  -7.7940E-02  -1.7073E+00
   1965.25   3.9267E+03   2.9092E+02   6.0525E+04  -2.8365E+00  -9.4223E-01   1.0325E+01  -2.3211E-01  -7.7103E-02  -1.6898E+00
   1965.33   3.9288E+03   2.9195E+02   6.0526E+04  -2.8153E+00  -9.3470E-01   1.0247E+01  -2.3037E-01  -7.6486E-02  -1.6771E+00
   1965.42   3.9309E+03   2.9299E+02   6.0528E+04  -2.8032E+00  -9.3018E-01   1.0203E+01  -2.2939E-01  -7.6117E-02  -1.6698E+00
   1965.50   3.9329E+03   2.9404E+02   6.0530E+04  -2.8014E+00  -9.2903E-01   1.0196E+01  -2.2924E-01  -7.6023E-02  -1.6687E+00
   1965.58   3.9350E+03   2.9511E+02   6.0532E+04  -2.8107E+00  -9.3157E-01   1.0230E+01  -2.3000E-01  -7.6231E-02  -1.6742E+00
   1965.67   3.9370E+03   2.9619E+02   6.0533E+04  -2.8323E+00  -9.3815E-01   1.0308E+01  -2.3177E-01  -7.6769E-02  -1.6870E+00
   1965.75   3.9390E+03   2.9728E+02   6.0535E+04  -2.8671E+00  -9.4909E-01   1.0434E+01  -2.3462E-01  -7.7664E-02  -1.7077E+00
   1965.83   3.9410E+03   2.9838E+02   6.0537E+04  -2.9162E+00  -9.6473E-01   1.0613E+01  -2.3863E-01  -7.8945E-02  -1.7369E+00
   1965.92   3.9430E+03   2.9950E+02   6.0539E+04  -2.9806E+00  -9.8542E-01   1.0846E+01  -2.4390E-01  -8.0637E-02  -1.7751E+00
   1966.00   3.9450E+03   3.0063E+02   6.0541E+04  -3.0612E+00  -1.0115E+00   1.1139E+01  -2.5050E-01  -8.2769E-02  -1.8231E+00
   1966.08   3.9470E+03   3.0178E+02   6.0542E+04  -3.1587E+00  -1.0431E+00   1.1494E+01  -2.5848E-01  -8.5357E-02  -1.8811E+00
   1966.17   3.9490E+03   3.0294E+02   6.0544E+04  -3.2721E+00  -1.0800E+00   1.1906E+01  -2.6776E-01  -8.8373E-02  -1.9485E+00
   1966.25   3.9510E+03   3.0411E+02   6.0546E+04  -3.3999E+00  -1.1216E+00   1.2370E+01  -2.7821E-01  -9.1778E-02  -2.0245E+00
   1966.33   3.9529E+03   3.0529E+02   6.0548E+04  -3.5406E+00  -1.1675E+00   1.2882E+01  -2.8973E-01  -9.5533E-02  -2.1083E+00
   1966.42   3.9549E+03   3.0648E+02   6.0549E+04  -3.6929E+00  -1.2171E+00   1.3435E+01  -3.0219E-01  -9.9599E-02  -2.1988E+00
   1966.50   3.9568E+03   3.0767E+02   6.0551E+04  -3.8552E+00  -1.2701E+00   1.4025E+01  -3.1547E-01  -1.0394E-01  -2.2954E+00
   1966.58   3.9588E+03   3.0888E+02   6.0553E+04  -4.0261E+00  -1.3260E+00   1.4647E+01  -3.2945E-01  -1.0851E-01  -2.3971E+00
   1966.67   3.9608E+03   3.1009E+02   6.0555E+04  -4.2041E+00  -1.3842E+00   1.5294E+01  -3.4402E-01  -1.1327E-01  -2.5030E+00
   1966.75   3.9627E+03   3.1131E+02   6.0557E+04  -4.3879E+00  -1.4443E+00   1.5962E+01  -3.5906E-01  -1.1819E-01  -2.6124E+00
   1966.83   3.9647E+03   3.1253E+02   6.0559E+04  -4.5759E+00  -1.5058E+00   1.6646E+01  -3.7445E-01  -1.2322E-01  -2.7242E+00
   1966.92   3.9666E+03   3.1375E+02   6.0561E+04  -4.7668E+00  -1.5682E+00   1.7339E+01  -3.9006E-01  -1.2833E-01  -2.8378E+00
   1967.00   3.9686E+03   3.1498E+02   6.0563E+04  -4.9590E+00  -1.6311E+00   1.8038E+01  -4.0579E-01  -1.3347E-01  -2.9522E+00
   1967.08   3.9706E+03   3.1620E+02   6.0565E+04  -5.1511E+00  -1.6940E+00   1.8737E+01  -4.2152E-01  -1.3862E-01  -3.0665E+00
   1967.17   3.9726E+03   3.1743E+02   6.0567E+04  -5.3417E+00  -1.7563E+00   1.9430E+01  -4.3711E-01  -1.4372E-01  -3.1799E+00
   1967.25   3.9745E+03   3.1866E+02   6.0569E+04  -5.5293E+00  -1.8177E+00   2.0112E+01  -4.5246E-01  -1.4874E-01  -3.2915E+00
   1967.33   3.9765E+03   3.1988E+02   6.0571E+04  -5.7125E+00  -1.8776E+00   2.0777E+01  -4.6745E-01  -1.5365E-01  -3.4005E+00
   1967.42   3.9786E+03   3.2110E+02   6.0573E+04  -5.8898E+00  -1.9356E+00   2.1422E+01  -4.8196E-01  -1.5839E-01  -3.5059E+00
   1967.50   3.9806E+03   3.2232E+02   6.0575E+04  -6.0598E+00  -1.9912E+00   2.2040E+01  -4.9587E-01  -1.6294E-01  -3.6071E+00
   1967.58   3.9826E+03   3.2353E+02   6.0578E+04  -6.2210E+00  -2.0438E+00   2.2626E+01  -5.0906E-01  -1.6725E-01  -3.7029E+00
   1967.67   3.9847E+03   3.2473E+02   6.0580E+04  -6.3719E+00  -2.0931E+00   2.3174E+01  -5.2142E-01  -1.7128E-01  -3.7927E+00
   1967.75   3.9867E+03   3.2593E+02   6.0582E+04  -6.5113E+00  -2.1386E+00   2.3681E+01  -5.3282E-01  -1.7500E-01  -3.8756E+00
   1967.83   3.9888E+03   3.2712E+02   6.0585E+04  -6.6375E+00  -2.1797E+00   2.4139E+01  -5.4315E-01  -1.7837E-01  -3.9506E+00
   1967.92   3.9909E+03   3.2830E+02   6.0588E+04  -6.7491E+00  -2.2160E+00   2.4545E+01  -5.5228E-01  -1.8134E-01  -4.0170E+00
   1968.00   3.9931E+03   3.2947E+02   6.0590E+04  -6.8447E+00  -2.2471E+00   2.4892E+01  -5.6010E-01  -1.8388E-01  -4.0738E+00
   1968.08   3.9952E+03   3.3063E+02   6.0593E+04  -6.9232E+00  -2.2725E+00   2.5177E+01  -5.6653E-01  -1.8596E-01  -4.1205E+00
   1968.17   3.9974E+03   3.3178E+02   6.0596E+04  -6.9850E+00  -2.2924E+00   2.5401E+01  -5.7159E-01  -1.8759E-01  -4.1572E+00
   1968.25   3.9996E+03   3.3291E+02   6.0599E+04  -7.0310E+00  -2.3071E+00   2.5568E+01  -5.7535E-01  -1.8879E-01  -4.1844E+00
   1968.33   4.0018E+03   3.3404E+02   6.0602E+04  -7.0618E+00  -2.3167E+00   2.5679E+01  -5.7787E-01  -1.8958E-01  -4.2027E+00
   1968.42   4.0040E+03   3.3516E+02   6.0605E+04  -7.0783E+00  -2.3217E+00   2.5739E+01  -5.7922E-01  -1.8999E-01  -4.2124E+00
   1968.50   4.0063E+03   3.3627E+02   6.0608E+04  -7.0813E+00  -2.3222E+00   2.5749E+01  -5.7947E-01  -1.9003E-01  -4.2140E+00
   1968.58   4.0086E+03   3.3737E+02   6.0611E+04  -7.0716E+00  -2.3185E+00   2.5712E+01  -5.7867E-01  -1.8972E-01  -4.2081E+00
   1968.67   4.0109E+03   3.3846E+02   6.0615E+04  -7.0498E+00  -2.3109E+00   2.5633E+01  -5.7689E-01  -1.8910E-01  -4.1951E+00
   1968.75   4.0132E+03   3.3955E+02   6.0618E+04  -7.0169E+00  -2.2996E+00   2.5512E+01  -5.7420E-01  -1.8817E-01  -4.1754E+00
   1968.83   4.0155E+03   3.4063E+02   6.0621E+04  -6.9736E+00  -2.2848E+00   2.5354E+01  -5.7066E-01  -1.8697E-01  -4.1495E+00
   1968.92   4.0178E+03   3.4170E+02   6.0625E+04  -6.9207E+00  -2.2669E+00   2.5161E+01  -5.6633E-01  -1.8550E-01  -4.1179E+00
   1969.00   4.0202E+03   3.4277E+02   6.0628E+04  -6.8590E+00  -2.2461E+00   2.4936E+01  -5.6128E-01  -1.8380E-01  -4.0810E+00
   1969.08   4.0225E+03   3.4383E+02   6.0632E+04  -6.7893E+00  -2.2227E+00   2.4681E+01  -5.5557E-01  -1.8188E-01  -4.0393E+00
   1969.17   4.0249E+03   3.4489E+02   6.0635E+04  -6.7123E+00  -2.1968E+00   2.4400E+01  -5.4927E-01  -1.7977E-01  -3.9934E+00
   1969.25   4.0273E+03   3.4594E+02   6.0639E+04  -6.6288E+00  -2.1689E+00   2.4096E+01  -5.4244E-01  -1.7748E-01  -3.9436E+00
   1969.33   4.0297E+03   3.4699E+02   6.0642E+04  -6.5397E+00  -2.1391E+00   2.3771E+01  -5.3515E-01  -1.7504E-01  -3.8904E+00
   1969.42   4.0321E+03   3.4803E+02   6.0646E+04  -6.4457E+00  -2.1077E+00   2.3428E+01  -5.2745E-01  -1.7247E-01  -3.8343E+00
   1969.50   4.0345E+03   3.4907E+02   6.0650E+04  -6.3476E+00  -2.0749E+00   2.3071E+01  -5.1942E-01  -1.6979E-01  -3.7758E+00
   1969.58   4.0369E+03   3.5011E+02   6.0653E+04  -6.2461E+00  -2.0411E+00   2.2701E+01  -5.1112E-01  -1.6702E-01  -3.7153E+00
   1969.67   4.0394E+03   3.5115E+02   6.0657E+04  -6.1422E+00  -2.0064E+00   2.2322E+01  -5.0262E-01  -1.6418E-01  -3.6533E+00
   1969.75   4.0418E+03   3.5219E+02   6.0661E+04  -6.0365E+00  -1.9712E+00   2.1937E+01  -4.9397E-01  -1.6130E-01  -3.5902E+00
   1969.83   4.0443E+03   3.5323E+02   6.0665E+04  -5.9298E+00  -1.9356E+00   2.1548E+01  -4.8524E-01  -1.5839E-01  -3.5266E+00
   1969.92   4.0467E+03   3.5426E+02   6.0668E+04  -5.8229E+00  -1.9001E+00   2.1159E+01  -4.7649E-01  -1.5548E-01  -3.4629E+00
   1970.00   4.0492E+03   3.5530E+02   6.0672E+04  -5.7167E+00  -1.8647E+00   2.0772E+01  -4.6780E-01  -1.5259E-01  -3.3995E+00
   1970.08   4.0517E+03   3.5634E+02   6.0676E+04  -5.6119E+00  -1.8298E+00   2.0390E+01  -4.5922E-01  -1.4973E-01  -3.3370E+00
   1970.17   4.0542E+03   3.5737E+02   6.0680E+04  -5.5089E+00  -1.7956E+00   2.0015E+01  -4.5080E-01  -1.4693E-01  -3.2756E+00
   1970.25   4.0566E+03   3.5840E+02   6.0683E+04  -5.4084E+00  -1.7621E+00   1.9648E+01  -4.4257E-01  -1.4419E-01  -3.2157E+00
   1970.33   4.0591E+03   3.5943E+02   6.0687E+04  -5.3108E+00  -1.7296E+00   1.9293E+01  -4.3459E-01  -1.4154E-01  -3.1575E+00
   1970.42   4.0616E+03   3.6045E+02   6.0691E+04  -5.2168E+00  -1.6983E+00   1.8950E+01  -4.2689E-01  -1.3897E-01  -3.1014E+00
   1970.50   4.0641E+03   3.6146E+02   6.0695E+04  -5.1267E+00  -1.6683E+00   1.8621E+01  -4.1952E-01  -1.3651E-01  -3.0476E+00
   1970.58   4.0667E+03   3.6246E+02   6.0698E+04  -5.0411E+00  -1.6397E+00   1.8309E+01  -4.1251E-01  -1.3418E-01  -2.9965E+00
   1970.67   4.0692E+03   3.6345E+02   6.0702E+04  -4.9605E+00  -1.6128E+00   1.8016E+01  -4.0592E-01  -1.3197E-01  -2.9485E+00
   1970.75   4.0718E+03   3.6442E+02   6.0706E+04  -4.8856E+00  -1.5877E+00   1.7742E+01  -3.9979E-01  -1.2992E-01  -2.9037E+00
   1970.83   4.0743E+03   3.6538E+02   6.0709E+04  -4.8166E+00  -1.5645E+00   1.7490E+01  -3.9415E-01  -1.2802E-01  -2.8625E+00
   1970.92   4.0769E+03   3.6631E+02   6.0713E+04  -4.7543E+00  -1.5435E+00   1.7263E+01  -3.8904E-01  -1.2630E-01  -2.8252E+00
   1971.00   4.0795E+03   3.6723E+02   6.0717E+04  -4.6991E+00  -1.5248E+00   1.7061E+01  -3.8453E-01  -1.2477E-01  -2.7922E+00
   1971.08   4.0821E+03   3.6812E+02   6.0720E+04  -4.6514E+00  -1.5085E+00   1.6887E+01  -3.8063E-01  -1.2344E-01  -2.7637E+00
   1971.17   4.0848E+03   3.6899E+02   6.0724E+04  -4.6120E+00  -1.4949E+00   1.6742E+01  -3.7740E-01  -1.2233E-01  -2.7400E+00
   1971.25   4.0874E+03   3.6983E+02   6.0727E+04  -4.5812E+00  -1.4840E+00   1.6628E+01  -3.7488E-01  -1.2144E-01  -2.7214E+00
   1971.33   4.0901E+03   3.7064E+02   6.0731E+04  -4.5595E+00  -1.4762E+00   1.6548E+01  -3.7311E-01  -1.2079E-01  -2.7083E+00
   1971.42   4.0928E+03   3.7143E+02   6.0734E+04  -4.5476E+00  -1.4714E+00   1.6503E+01  -3.7213E-01  -1.2041E-01  -2.7010E+00
   1971.50   4.0955E+03   3.7218E+02   6.0737E+04  -4.5459E+00  -1.4700E+00   1.6496E+01  -3.7199E-01  -1.2029E-01  -2.6997E+00
   1971.58   4.0983E+03   3.7289E+02   6.0741E+04  -4.5549E+00  -1.4720E+00   1.6527E+01  -3.7273E-01  -1.2045E-01  -2.7048E+00
   1971.67   4.1010E+03   3.7357E+02   6.0744E+04  -4.5752E+00  -1.4776E+00   1.6598E+01  -3.7439E-01  -1.2091E-01  -2.7165E+00
   1971.75   4.1038E+03   3.7421E+02   6.0747E+04  -4.6073E+00  -1.4870E+00   1.6713E+01  -3.7702E-01  -1.2169E-01  -2.7352E+00
   1971.83   4.1067E+03   3.7481E+02   6.0750E+04  -4.6516E+00  -1.5004E+00   1.6872E+01  -3.8064E-01  -1.2278E-01  -2.7613E+00
   1971.92   4.1095E+03   3.7537E+02   6.0753E+04  -4.7088E+00  -1.5179E+00   1.7077E+01  -3.8532E-01  -1.2421E-01  -2.7949E+00
   1972.00   4.1124E+03   3.7588E+02   6.0756E+04  -4.7793E+00  -1.5397E+00   1.7331E+01  -3.9109E-01  -1.2600E-01  -2.8364E+00
   1972.08   4.1153E+03   3.7635E+02   6.0759E+04  -4.8633E+00  -1.5659E+00   1.7634E+01  -3.9796E-01  -1.2813E-01  -2.8860E+00
   1972.17   4.1183E+03   3.7677E+02   6.0762E+04  -4.9596E+00  -1.5960E+00   1.7981E+01  -4.0585E-01  -1.3060E-01  -2.9429E+00
   1972.25   4.1213E+03   3.7714E+02   6.0765E+04  -5.0668E+00  -1.6296E+00   1.8368E+01  -4.1462E-01  -1.3335E-01  -3.0062E+00
   1972.33   4.1243E+03   3.7747E+02   6.0767E+04  -5.1834E+00  -1.6662E+00   1.8789E+01  -4.2416E-01  -1.3634E-01  -3.0750E+00
   1972.42   4.1273E+03   3.7776E+02   6.0770E+04  -5.3078E+00  -1.7053E+00   1.9238E+01  -4.3434E-01  -1.3955E-01  -3.1485E+00
   1972.50   4.1304E+03   3.7800E+02   6.0773E+04  -5.4385E+00  -1.7465E+00   1.9710E+01  -4.4504E-01  -1.4292E-01  -3.2258E+00
   1972.58   4.1335E+03   3.7819E+02   6.0775E+04  -5.5742E+00  -1.7893E+00   2.0200E+01  -4.5614E-01  -1.4642E-01  -3.3060E+00
   1972.67   4.1367E+03   3.7834E+02   6.0778E+04  -5.7131E+00  -1.8332E+00   2.0702E+01  -4.6751E-01  -1.5001E-01  -3.3881E+00
   1972.75   4.1399E+03   3.7844E+02   6.0780E+04  -5.8539E+00  -1.8777E+00   2.1211E+01  -4.7903E-01  -1.5365E-01  -3.4714E+00
   1972.83   4.1431E+03   3.7850E+02   6.0782E+04  -5.9951E+00  -1.9223E+00   2.1721E+01  -4.9058E-01  -1.5730E-01  -3.5549E+00
   1972.92   4.1463E+03   3.7852E+02   6.0785E+04  -6.1351E+00  -1.9665E+00   2.2227E+01  -5.0204E-01  -1.6092E-01  -3.6377E+00
   1973.00   4.1496E+03   3.7849E+02   6.0787E+04  -6.2725E+00  -2.0100E+00   2.2723E+01  -5.1328E-01  -1.6448E-01  -3.7189E+00
   1973.08   4.1529E+03   3.7841E+02   6.0789E+04  -6.4057E+00  -2.0521E+00   2.3205E+01  -5.2418E-01  -1.6792E-01  -3.7977E+00
   1973.17   4.1562E+03   3.7829E+02   6.0791E+04  -6.5333E+00  -2.0924E+00   2.3666E+01  -5.3462E-01  -1.7122E-01  -3.8731E+00
   1973.25   4.1596E+03   3.7813E+02   6.0793E+04  -6.6537E+00  -2.1305E+00   2.4101E+01  -5.4448E-01  -1.7434E-01  -3.9444E+00
   1973.33   4.1630E+03   3.7793E+02   6.0795E+04  -6.7656E+00  -2.1658E+00   2.4505E+01  -5.5363E-01  -1.7723E-01  -4.0105E+00
   1973.42   4.1664E+03   3.7768E+02   6.0798E+04  -6.8672E+00  -2.1979E+00   2.4872E+01  -5.6195E-01  -1.7986E-01  -4.0706E+00
   1973.50   4.1698E+03   3.7738E+02   6.0800E+04  -6.9572E+00  -2.2263E+00   2.5197E+01  -5.6931E-01  -1.8218E-01  -4.1238E+00
   1973.58   4.1733E+03   3.7705E+02   6.0802E+04  -7.0341E+00  -2.2505E+00   2.5474E+01  -5.7560E-01  -1.8416E-01  -4.1692E+00
   1973.67   4.1768E+03   3.7667E+02   6.0804E+04  -7.0963E+00  -2.2700E+00   2.5699E+01  -5.8070E-01  -1.8576E-01  -4.2059E+00
   1973.75   4.1804E+03   3.7625E+02   6.0805E+04  -7.1424E+00  -2.2844E+00   2.5865E+01  -5.8447E-01  -1.8693E-01  -4.2331E+00
   1973.83   4.1840E+03   3.7579E+02   6.0807E+04  -7.1709E+00  -2.2931E+00   2.5967E+01  -5.8680E-01  -1.8765E-01  -4.2498E+00
   1973.92   4.1876E+03   3.7528E+02   6.0809E+04  -7.1802E+00  -2.2957E+00   2.6000E+01  -5.8756E-01  -1.8786E-01  -4.2552E+00
   1974.00   4.1912E+03   3.7473E+02   6.0811E+04  -7.1689E+00  -2.2918E+00   2.5958E+01  -5.8664E-01  -1.8754E-01  -4.2484E+00
   1974.08   4.1949E+03   3.7414E+02   6.0813E+04  -7.1360E+00  -2.2809E+00   2.5839E+01  -5.8394E-01  -1.8665E-01  -4.2288E+00
   1974.17   4.1986E+03   3.7351E+02   6.0815E+04  -7.0829E+00  -2.2636E+00   2.5645E+01  -5.7959E-01  -1.8523E-01  -4.1971E+00
   1974.25   4.2024E+03   3.7284E+02   6.0817E+04  -7.0113E+00  -2.2404E+00   2.5386E+01  -5.7374E-01  -1.8333E-01  -4.1546E+00
   1974.33   4.2061E+03   3.7213E+02   6.0818E+04  -6.9233E+00  -2.2119E+00   2.5066E+01  -5.6653E-01  -1.8100E-01  -4.1023E+00
   1974.42   4.2099E+03   3.7138E+02   6.0820E+04  -6.8205E+00  -2.1787E+00   2.4693E+01  -5.5813E-01  -1.7829E-01  -4.0413E+00
   1974.50   4.2137E+03   3.7058E+02   6.0822E+04  -6.7051E+00  -2.1414E+00   2.4274E+01  -5.4868E-01  -1.7524E-01  -3.9727E+00
   1974.58   4.2176E+03   3.6975E+02   6.0824E+04  -6.5787E+00  -2.1007E+00   2.3816E+01  -5.3833E-01  -1.7190E-01  -3.8977E+00
   1974.67   4.2214E+03   3.6888E+02   6.0825E+04  -6.4432E+00  -2.0570E+00   2.3324E+01  -5.2725E-01  -1.6832E-01  -3.8173E+00
   1974.75   4.2253E+03   3.6798E+02   6.0827E+04  -6.3007E+00  -2.0110E+00   2.2807E+01  -5.1559E-01  -1.6456E-01  -3.7326E+00
   1974.83   4.2292E+03   3.6703E+02   6.0828E+04  -6.1528E+00  -1.9633E+00   2.2271E+01  -5.0349E-01  -1.6066E-01  -3.6449E+00
   1974.92   4.2331E+03   3.6605E+02   6.0830E+04  -6.0015E+00  -1.9145E+00   2.1722E+01  -4.9111E-01  -1.5666E-01  -3.5550E+00
   1975.00   4.2371E+03   3.6503E+02   6.0831E+04  -5.8487E+00  -1.8652E+00   2.1168E+01  -4.7860E-01  -1.5263E-01  -3.4643E+00
   1975.08   4.2410E+03   3.6398E+02   6.0832E+04  -5.6962E+00  -1.8159E+00   2.0614E+01  -4.6612E-01  -1.4860E-01  -3.3737E+00
   1975.17   4.2450E+03   3.6289E+02   6.0834E+04  -5.5459E+00  -1.7673E+00   2.0069E+01  -4.5382E-01  -1.4462E-01  -3.2845E+00
   1975.25   4.2490E+03   3.6177E+02   6.0835E+04  -5.3997E+00  -1.7200E+00   1.9538E+01  -4.4186E-01  -1.4075E-01  -3.1976E+00
   1975.33   4.2530E+03   3.6061E+02   6.0836E+04  -5.2594E+00  -1.6746E+00   1.9029E+01  -4.3038E-01  -1.3703E-01  -3.1142E+00
   1975.42   4.2570E+03   3.5942E+02   6.0837E+04  -5.1270E+00  -1.6316E+00   1.8548E+01  -4.1954E-01  -1.3351E-01  -3.0355E+00
   1975.50   4.2610E+03   3.5820E+02   6.0838E+04  -5.0042E+00  -1.5916E+00   1.8101E+01  -4.0950E-01  -1.3024E-01  -2.9625E+00
   1975.58   4.2650E+03   3.5694E+02   6.0839E+04  -4.8930E+00  -1.5553E+00   1.7697E+01  -4.0040E-01  -1.2727E-01  -2.8963E+00
   1975.67   4.2690E+03   3.5565E+02   6.0839E+04  -4.7952E+00  -1.5232E+00   1.7341E+01  -3.9240E-01  -1.2465E-01  -2.8381E+00
   1975.75   4.2731E+03   3.5433E+02   6.0840E+04  -4.7128E+00  -1.4960E+00   1.7041E+01  -3.8565E-01  -1.2242E-01  -2.7889E+00
   1975.83   4.2771E+03   3.5298E+02   6.0840E+04  -4.6475E+00  -1.4742E+00   1.6802E+01  -3.8031E-01  -1.2064E-01  -2.7499E+00
   1975.92   4.2812E+03   3.5160E+02   6.0841E+04  -4.6013E+00  -1.4585E+00   1.6633E+01  -3.7653E-01  -1.1935E-01  -2.7221E+00
   1976.00   4.2852E+03   3.5019E+02   6.0841E+04  -4.5760E+00  -1.4494E+00   1.6539E+01  -3.7446E-01  -1.1860E-01  -2.7067E+00
   1976.08   4.2893E+03   3.4874E+02   6.0841E+04  -4.5729E+00  -1.4472E+00   1.6525E+01  -3.7420E-01  -1.1843E-01  -2.7045E+00
   1976.17   4.2933E+03   3.4727E+02   6.0841E+04  -4.5908E+00  -1.4518E+00   1.6587E+01  -3.7567E-01  -1.1880E-01  -2.7146E+00
   1976.25   4.2974E+03   3.4577E+02   6.0841E+04  -4.6280E+00  -1.4625E+00   1.6719E+01  -3.7871E-01  -1.1967E-01  -2.7362E+00
   1976.33   4.3014E+03   3.4425E+02   6.0840E+04  -4.6827E+00  -1.4787E+00   1.6914E+01  -3.8319E-01  -1.2100E-01  -2.7681E+00
   1976.42   4.3054E+03   3.4269E+02   6.0840E+04  -4.7531E+00  -1.4999E+00   1.7166E+01  -3.8895E-01  -1.2274E-01  -2.8094E+00
   1976.50   4.3095E+03   3.4110E+02   6.0839E+04  -4.8375E+00  -1.5255E+00   1.7468E+01  -3.9585E-01  -1.2483E-01  -2.8588E+00
   1976.58   4.3135E+03   3.3949E+02   6.0839E+04  -4.9340E+00  -1.5550E+00   1.7815E+01  -4.0375E-01  -1.2725E-01  -2.9155E+00
   1976.67   4.3175E+03   3.3785E+02   6.0838E+04  -5.0409E+00  -1.5878E+00   1.8199E+01  -4.1250E-01  -1.2993E-01  -2.9784E+00
   1976.75   4.3215E+03   3.3618E+02   6.0837E+04  -5.1565E+00  -1.6234E+00   1.8614E+01  -4.2196E-01  -1.3284E-01  -3.0464E+00
   1976.83   4.3255E+03   3.3448E+02   6.0837E+04  -5.2790E+00  -1.6612E+00   1.9054E+01  -4.3199E-01  -1.3594E-01  -3.1184E+00
   1976.92   4.3295E+03   3.3276E+02   6.0836E+04  -5.4066E+00  -1.7006E+00   1.9513E+01  -4.4243E-01  -1.3916E-01  -3.1935E+00
   1977.00   4.3334E+03   3.3101E+02   6.0835E+04  -5.5376E+00  -1.7411E+00   1.9984E+01  -4.5314E-01  -1.4248E-01  -3.2706E+00
   1977.08   4.3374E+03   3.2923E+02   6.0834E+04  -5.6701E+00  -1.7821E+00   2.0461E+01  -4.6398E-01  -1.4583E-01  -3.3486E+00
   1977.17   4.3413E+03   3.2743E+02   6.0832E+04  -5.8024E+00  -1.8231E+00   2.0937E+01  -4.7481E-01  -1.4919E-01  -3.4265E+00
   1977.25   4.3452E+03   3.2560E+02   6.0831E+04  -5.9327E+00  -1.8635E+00   2.1406E+01  -4.8548E-01  -1.5249E-01  -3.5033E+00
   1977.33   4.3491E+03   3.2374E+02   6.0830E+04  -6.0593E+00  -1.9028E+00   2.1861E+01  -4.9584E-01  -1.5570E-01  -3.5779E+00
   1977.42   4.3529E+03   3.2186E+02   6.0829E+04  -6.1804E+00  -1.9403E+00   2.2297E+01  -5.0575E-01  -1.5878E-01  -3.6492E+00
   1977.50   4.3568E+03   3.1995E+02   6.0827E+04  -6.2943E+00  -1.9756E+00   2.2707E+01  -5.1506E-01  -1.6166E-01  -3.7162E+00
   1977.58   4.3606E+03   3.1802E+02   6.0826E+04  -6.3991E+00  -2.0081E+00   2.3084E+01  -5.2364E-01  -1.6432E-01  -3.7779E+00
   1977.67   4.3643E+03   3.1606E+02   6.0824E+04  -6.4931E+00  -2.0371E+00   2.3422E+01  -5.3133E-01  -1.6670E-01  -3.8332E+00
   1977.75   4.3681E+03   3.1408E+02   6.0823E+04  -6.5745E+00  -2.0623E+00   2.3715E+01  -5.3799E-01  -1.6876E-01  -3.8811E+00
   1977.83   4.3718E+03   3.1208E+02   6.0821E+04  -6.6416E+00  -2.0829E+00   2.3955E+01  -5.4348E-01  -1.7045E-01  -3.9206E+00
   1977.92   4.3755E+03   3.1005E+02   6.0820E+04  -6.6925E+00  -2.0985E+00   2.4138E+01  -5.4765E-01  -1.7172E-01  -3.9505E+00
   1978.00   4.3791E+03   3.0799E+02   6.0818E+04  -6.7256E+00  -2.1085E+00   2.4257E+01  -5.5036E-01  -1.7254E-01  -3.9698E+00
   1978.08   4.3827E+03   3.0591E+02   6.0816E+04  -6.7396E+00  -2.1125E+00   2.4306E+01  -5.5150E-01  -1.7287E-01  -3.9779E+00
   1978.17   4.3863E+03   3.0381E+02   6.0815E+04  -6.7356E+00  -2.1108E+00   2.4291E+01  -5.5118E-01  -1.7273E-01  -3.9754E+00
   1978.25   4.3898E+03   3.0169E+02   6.0813E+04  -6.7153E+00  -2.1041E+00   2.4216E+01  -5.4952E-01  -1.7218E-01  -3.9633E+00
   1978.33   4.3933E+03   2.9955E+02   6.0811E+04  -6.6805E+00  -2.0927E+00   2.4089E+01  -5.4666E-01  -1.7125E-01  -3.9425E+00
   1978.42   4.3968E+03   2.9740E+02   6.0810E+04  -6.6327E+00  -2.0772E+00   2.3916E+01  -5.4275E-01  -1.6998E-01  -3.9141E+00
   1978.50   4.4002E+03   2.9523E+02   6.0808E+04  -6.5736E+00  -2.0582E+00   2.3701E+01  -5.3792E-01  -1.6843E-01  -3.8790E+00
   1978.58   4.4036E+03   2.9304E+02   6.0806E+04  -6.5049E+00  -2.0362E+00   2.3453E+01  -5.3230E-01  -1.6662E-01  -3.8383E+00
   1978.67   4.4070E+03   2.9084E+02   6.0804E+04  -6.4284E+00  -2.0117E+00   2.3175E+01  -5.2604E-01  -1.6462E-01  -3.7928E+00
   1978.75   4.4103E+03   2.8864E+02   6.0803E+04  -6.3457E+00  -1.9852E+00   2.2875E+01  -5.1927E-01  -1.6245E-01  -3.7437E+00
   1978.83   4.4136E+03   2.8642E+02   6.0801E+04  -6.2584E+00  -1.9572E+00   2.2559E+01  -5.1213E-01  -1.6016E-01  -3.6919E+00
   1978.92   4.4169E+03   2.8420E+02   6.0799E+04  -6.1683E+00  -1.9283E+00   2.2232E+01  -5.0475E-01  -1.5779E-01  -3.6384E+00
   1979.00   4.4202E+03   2.8197E+02   6.0797E+04  -6.0770E+00  -1.8990E+00   2.1900E+01  -4.9728E-01  -1.5539E-01  -3.5842E+00
   1979.08   4.4234E+03   2.7974E+02   6.0795E+04  -5.9862E+00  -1.8698E+00   2.1571E+01  -4.8985E-01  -1.5300E-01  -3.5303E+00
   1979.17   4.4266E+03   2.7751E+02   6.0793E+04  -5.8976E+00  -1.8412E+00   2.1249E+01  -4.8260E-01  -1.5067E-01  -3.4776E+00
   1979.25   4.4297E+03   2.7527E+02   6.0791E+04  -5.8128E+00  -1.8138E+00   2.0941E+01  -4.7567E-01  -1.4843E-01  -3.4272E+00
   1979.33   4.4329E+03   2.7304E+02   6.0789E+04  -5.7336E+00  -1.7881E+00   2.0653E+01  -4.6919E-01  -1.4632E-01  -3.3800E+00
   1979.42   4.4360E+03   2.7082E+02   6.0787E+04  -5.6617E+00  -1.7646E+00   2.0390E+01  -4.6330E-01  -1.4440E-01  -3.3371E+00
   1979.50   4.4390E+03   2.6859E+02   6.0785E+04  -5.5986E+00  -1.7438E+00   2.0160E+01  -4.5814E-01  -1.4270E-01  -3.2994E+00
   1979.58   4.4421E+03   2.6638E+02   6.0783E+04  -5.5461E+00  -1.7263E+00   1.9967E+01  -4.5384E-01  -1.4126E-01  -3.2679E+00
   1979.67   4.4451E+03   2.6417E+02   6.0780E+04  -5.5059E+00  -1.7126E+00   1.9819E+01  -4.5055E-01  -1.4014E-01  -3.2436E+00
   1979.75   4.4481E+03   2.6198E+02   6.0778E+04  -5.4797E+00  -1.7031E+00   1.9721E+01  -4.4840E-01  -1.3937E-01  -3.2275E+00
   1979.83   4.4511E+03   2.5979E+02   6.0776E+04  -5.4691E+00  -1.6985E+00   1.9678E+01  -4.4753E-01  -1.3899E-01  -3.2206E+00
   1979.92   4.4541E+03   2.5762E+02   6.0773E+04  -5.4757E+00  -1.6993E+00   1.9698E+01  -4.4808E-01  -1.3905E-01  -3.2238E+00
   1980.00   4.4570E+03   2.5546E+02   6.0771E+04  -5.5014E+00  -1.7059E+00   1.9786E+01  -4.5018E-01  -1.3959E-01  -3.2383E+00
   1980.08   4.4599E+03   2.5332E+02   6.0769E+04  -5.5472E+00  -1.7188E+00   1.9947E+01  -4.5393E-01  -1.4065E-01  -3.2645E+00
   1980.17   4.4628E+03   2.5120E+02   6.0766E+04  -5.6121E+00  -1.7375E+00   2.0176E+01  -4.5924E-01  -1.4218E-01  -3.3021E+00
   1980.25   4.4657E+03   2.4910E+02   6.0764E+04  -5.6946E+00  -1.7618E+00   2.0469E+01  -4.6599E-01  -1.4416E-01  -3.3499E+00
   1980.33   4.4686E+03   2.4701E+02   6.0761E+04  -5.7932E+00  -1.7909E+00   2.0819E+01  -4.7406E-01  -1.4655E-01  -3.4072E+00
   1980.42   4.4714E+03   2.4494E+02   6.0758E+04  -5.9062E+00  -1.8246E+00   2.1221E+01  -4.8331E-01  -1.4931E-01  -3.4731E+00
   1980.50   4.4742E+03   2.4288E+02   6.0756E+04  -6.0323E+00  -1.8623E+00   2.1670E+01  -4.9362E-01  -1.5240E-01  -3.5465E+00
   1980.58   4.4770E+03   2.4084E+02   6.0753E+04  -6.1698E+00  -1.9036E+00   2.2160E+01  -5.0487E-01  -1.5577E-01  -3.6267E+00
   1980.67   4.4798E+03   2.3881E+02   6.0750E+04  -6.3171E+00  -1.9479E+00   2.2686E+01  -5.1693E-01  -1.5940E-01  -3.7128E+00
   1980.75   4.4825E+03   2.3680E+02   6.0748E+04  -6.4729E+00  -1.9948E+00   2.3241E+01  -5.2968E-01  -1.6324E-01  -3.8037E+00
   1980.83   4.4853E+03   2.3481E+02   6.0745E+04  -6.6355E+00  -2.0439E+00   2.3821E+01  -5.4298E-01  -1.6725E-01  -3.8986E+00
   1980.92   4.4880E+03   2.3283E+02   6.0742E+04  -6.8033E+00  -2.0946E+00   2.4421E+01  -5.5672E-01  -1.7140E-01  -3.9967E+00
   1981.00   4.4907E+03   2.3086E+02   6.0739E+04  -6.9749E+00  -2.1464E+00   2.5033E+01  -5.7076E-01  -1.7564E-01  -4.0970E+00
   1981.08   4.4934E+03   2.2891E+02   6.0736E+04  -7.1487E+00  -2.1989E+00   2.5654E+01  -5.8498E-01  -1.7994E-01  -4.1985E+00
   1981.17   4.4960E+03   2.2698E+02   6.0733E+04  -7.3232E+00  -2.2517E+00   2.6277E+01  -5.9926E-01  -1.8426E-01  -4.3005E+00
   1981.25   4.4987E+03   2.2506E+02   6.0730E+04  -7.4969E+00  -2.3042E+00   2.6896E+01  -6.1347E-01  -1.8855E-01  -4.4019E+00
   1981.33   4.5013E+03   2.2315E+02   6.0727E+04  -7.6681E+00  -2.3559E+00   2.7508E+01  -6.2748E-01  -1.9279E-01  -4.5019E+00
   1981.42   4.5039E+03   2.2125E+02   6.0724E+04  -7.8353E+00  -2.4065E+00   2.8105E+01  -6.4117E-01  -1.9692E-01  -4.5996E+00
   1981.50   4.5065E+03   2.1937E+02   6.0721E+04  -7.9971E+00  -2.4553E+00   2.8682E+01  -6.5441E-01  -2.0092E-01  -4.6941E+00
   1981.58   4.5091E+03   2.1751E+02   6.0718E+04  -8.1519E+00  -2.5020E+00   2.9234E+01  -6.6707E-01  -2.0474E-01  -4.7844E+00
   1981.67   4.5117E+03   2.1565E+02   6.0715E+04  -8.2981E+00  -2.5461E+00   2.9755E+01  -6.7904E-01  -2.0835E-01  -4.8697E+00
   1981.75   4.5142E+03   2.1381E+02   6.0712E+04  -8.4342E+00  -2.5870E+00   3.0240E+01  -6.9018E-01  -2.1170E-01  -4.9491E+00
   1981.83   4.5167E+03   2.1199E+02   6.0709E+04  -8.5587E+00  -2.6244E+00   3.0683E+01  -7.0036E-01  -2.1475E-01  -5.0216E+00
   1981.92   4.5193E+03   2.1017E+02   6.0706E+04  -8.6701E+00  -2.6576E+00   3.1079E+01  -7.0947E-01  -2.1748E-01  -5.0863E+00
   1982.00   4.5218E+03   2.0837E+02   6.0703E+04  -8.7667E+00  -2.6864E+00   3.1421E+01  -7.1738E-01  -2.1983E-01  -5.1424E+00
   1982.08   4.5243E+03   2.0658E+02   6.0700E+04  -8.8474E+00  -2.7102E+00   3.1707E+01  -7.2399E-01  -2.2178E-01  -5.1892E+00
   1982.17   4.5267E+03   2.0480E+02   6.0697E+04  -8.9125E+00  -2.7292E+00   3.1937E+01  -7.2931E-01  -2.2333E-01  -5.2268E+00
   1982.25   4.5292E+03   2.0303E+02   6.0694E+04  -8.9626E+00  -2.7436E+00   3.2112E+01  -7.3342E-01  -2.2451E-01  -5.2555E+00
   1982.33   4.5317E+03   2.0128E+02   6.0691E+04  -8.9984E+00  -2.7536E+00   3.2236E+01  -7.3634E-01  -2.2533E-01  -5.2758E+00
   1982.42   4.5341E+03   1.9953E+02   6.0687E+04  -9.0205E+00  -2.7594E+00   3.2311E+01  -7.3815E-01  -2.2580E-01  -5.2881E+00
   1982.50   4.5366E+03   1.9780E+02   6.0684E+04  -9.0294E+00  -2.7611E+00   3.2339E+01  -7.3888E-01  -2.2594E-01  -5.2926E+00
   1982.58   4.5390E+03   1.9608E+02   6.0681E+04  -9.0259E+00  -2.7589E+00   3.2322E+01  -7.3860E-01  -2.2577E-01  -5.2899E+00
   1982.67   4.5414E+03   1.9437E+02   6.0678E+04  -9.0106E+00  -2.7532E+00   3.2263E+01  -7.3734E-01  -2.2529E-01  -5.2801E+00
   1982.75   4.5438E+03   1.9268E+02   6.0675E+04  -8.9841E+00  -2.7440E+00   3.2163E+01  -7.3517E-01  -2.2454E-01  -5.2638E+00
   1982.83   4.5463E+03   1.9099E+02   6.0671E+04  -8.9470E+00  -2.7316E+00   3.2026E+01  -7.3214E-01  -2.2352E-01  -5.2413E+00
   1982.92   4.5487E+03   1.8931E+02   6.0668E+04  -8.9000E+00  -2.7161E+00   3.1853E+01  -7.2829E-01  -2.2226E-01  -5.2130E+00
   1983.00   4.5511E+03   1.8765E+02   6.0665E+04  -8.8437E+00  -2.6977E+00   3.1646E+01  -7.2368E-01  -2.2076E-01  -5.1792E+00
   1983.08   4.5535E+03   1.8599E+02   6.0662E+04  -8.7787E+00  -2.6768E+00   3.1409E+01  -7.1837E-01  -2.1904E-01  -5.1404E+00
   1983.17   4.5559E+03   1.8435E+02   6.0658E+04  -8.7057E+00  -2.6533E+00   3.1142E+01  -7.1239E-01  -2.1712E-01  -5.0968E+00
   1983.25   4.5583E+03   1.8272E+02   6.0655E+04  -8.6253E+00  -2.6276E+00   3.0850E+01  -7.0581E-01  -2.1502E-01  -5.0489E+00
   1983.33   4.5608E+03   1.8109E+02   6.0652E+04  -8.5381E+00  -2.5999E+00   3.0533E+01  -6.9867E-01  -2.1275E-01  -4.9970E+00
   1983.42   4.5632E+03   1.7948E+02   6.0648E+04  -8.4447E+00  -2.5703E+00   3.0194E+01  -6.9103E-01  -2.1032E-01  -4.9415E+00
   1983.50   4.5656E+03   1.7788E+02   6.0645E+04  -8.3459E+00  -2.5390E+00   2.9835E+01  -6.8295E-01  -2.0776E-01  -4.8828E+00
   1983.58   4.5681E+03   1.7629E+02   6.0641E+04  -8.2421E+00  -2.5062E+00   2.9459E+01  -6.7446E-01  -2.0509E-01  -4.8213E+00
   1983.67   4.5705E+03   1.7470E+02   6.0638E+04  -8.1341E+00  -2.4722E+00   2.9068E+01  -6.6562E-01  -2.0230E-01  -4.7573E+00
   1983.75   4.5730E+03   1.7313E+02   6.0634E+04  -8.0225E+00  -2.4371E+00   2.8664E+01  -6.5649E-01  -1.9943E-01  -4.6912E+00
   1983.83   4.5754E+03   1.7156E+02   6.0631E+04  -7.9079E+00  -2.4011E+00   2.8250E+01  -6.4711E-01  -1.9649E-01  -4.6234E+00
   1983.92   4.5779E+03   1.7001E+02   6.0627E+04  -7.7910E+00  -2.3645E+00   2.7827E+01  -6.3754E-01  -1.9349E-01  -4.5542E+00
   1984.00   4.5804E+03   1.6846E+02   6.0624E+04  -7.6723E+00  -2.3273E+00   2.7398E+01  -6.2783E-01  -1.9045E-01  -4.4840E+00
   1984.08   4.5829E+03   1.6693E+02   6.0620E+04  -7.5524E+00  -2.2899E+00   2.6966E+01  -6.1802E-01  -1.8738E-01  -4.4132E+00
   1984.17   4.5854E+03   1.6540E+02   6.0616E+04  -7.4315E+00  -2.2522E+00   2.6529E+01  -6.0813E-01  -1.8430E-01  -4.3418E+00
   1984.25   4.5880E+03   1.6388E+02   6.0613E+04  -7.3096E+00  -2.2142E+00   2.6090E+01  -5.9815E-01  -1.8119E-01  -4.2699E+00
   1984.33   4.5905E+03   1.6237E+02   6.0609E+04  -7.1868E+00  -2.1760E+00   2.5647E+01  -5.8810E-01  -1.7806E-01  -4.1974E+00
   1984.42   4.5931E+03   1.6087E+02   6.0605E+04  -7.0630E+00  -2.1375E+00   2.5201E+01  -5.7797E-01  -1.7491E-01  -4.1244E+00
   1984.50   4.5956E+03   1.5938E+02   6.0602E+04  -6.9384E+00  -2.0988E+00   2.4752E+01  -5.6777E-01  -1.7175E-01  -4.0510E+00
   1984.58   4.5982E+03   1.5789E+02   6.0598E+04  -6.8129E+00  -2.0600E+00   2.4301E+01  -5.5751E-01  -1.6857E-01  -3.9771E+00
   1984.67   4.6009E+03   1.5641E+02   6.0594E+04  -6.6867E+00  -2.0209E+00   2.3847E+01  -5.4718E-01  -1.6537E-01  -3.9028E+00
   1984.75   4.6035E+03   1.5494E+02   6.0590E+04  -6.5598E+00  -1.9817E+00   2.3390E+01  -5.3679E-01  -1.6216E-01  -3.8281E+00
   1984.83   4.6061E+03   1.5348E+02   6.0586E+04  -6.4322E+00  -1.9423E+00   2.2932E+01  -5.2635E-01  -1.5894E-01  -3.7530E+00
   1984.92   4.6088E+03   1.5203E+02   6.0582E+04  -6.3040E+00  -1.9027E+00   2.2471E+01  -5.1586E-01  -1.5570E-01  -3.6777E+00
   1985.00   4.6115E+03   1.5058E+02   6.0579E+04  -6.1752E+00  -1.8630E+00   2.2009E+01  -5.0532E-01  -1.5245E-01  -3.6020E+00
   1985.08   4.6142E+03   1.4914E+02   6.0575E+04  -6.0459E+00  -1.8232E+00   2.1544E+01  -4.9474E-01  -1.4920E-01  -3.5260E+00
   1985.17   4.6169E+03   1.4771E+02   6.0571E+04  -5.9161E+00  -1.7833E+00   2.1079E+01  -4.8411E-01  -1.4593E-01  -3.4497E+00
   1985.25   4.6196E+03   1.4628E+02   6.0567E+04  -5.7858E+00  -1.7433E+00   2.0611E+01  -4.7346E-01  -1.4266E-01  -3.3733E+00
   1985.33   4.6223E+03   1.4486E+02   6.0563E+04  -5.6552E+00  -1.7033E+00   2.0143E+01  -4.6277E-01  -1.3938E-01  -3.2966E+00
   1985.42   4.6251E+03   1.4345E+02   6.0559E+04  -5.5242E+00  -1.6631E+00   1.9674E+01  -4.5205E-01  -1.3609E-01  -3.2198E+00
   1985.50   4.6279E+03   1.4205E+02   6.0555E+04  -5.3929E+00  -1.6229E+00   1.9203E+01  -4.4130E-01  -1.3280E-01  -3.1428E+00
   1985.58   4.6307E+03   1.4065E+02   6.0551E+04  -5.2614E+00  -1.5827E+00   1.8732E+01  -4.3054E-01  -1.2951E-01  -3.0657E+00
   1985.67   4.6335E+03   1.3925E+02   6.0547E+04  -5.1296E+00  -1.5424E+00   1.8261E+01  -4.1976E-01  -1.2622E-01  -2.9885E+00
   1985.75   4.6364E+03   1.3786E+02   6.0543E+04  -4.9977E+00  -1.5022E+00   1.7788E+01  -4.0897E-01  -1.2292E-01  -2.9113E+00
   1985.83   4.6392E+03   1.3648E+02   6.0538E+04  -4.8657E+00  -1.4619E+00   1.7316E+01  -3.9816E-01  -1.1963E-01  -2.8340E+00
   1985.92   4.6421E+03   1.3511E+02   6.0534E+04  -4.7336E+00  -1.4217E+00   1.6844E+01  -3.8736E-01  -1.1633E-01  -2.7567E+00
   1986.00   4.6450E+03   1.3373E+02   6.0530E+04  -4.6015E+00  -1.3814E+00   1.6372E+01  -3.7655E-01  -1.1304E-01  -2.6794E+00
   1986.08   4.6479E+03   1.3237E+02   6.0526E+04  -4.4696E+00  -1.3413E+00   1.5900E+01  -3.6575E-01  -1.0976E-01  -2.6022E+00
   1986.17   4.6509E+03   1.3101E+02   6.0522E+04  -4.3386E+00  -1.3015E+00   1.5432E+01  -3.5503E-01  -1.0650E-01  -2.5256E+00
   1986.25   4.6538E+03   1.2965E+02   6.0518E+04  -4.2094E+00  -1.2622E+00   1.4970E+01  -3.4445E-01  -1.0329E-01  -2.4501E+00
   1986.33   4.6568E+03   1.2830E+02   6.0513E+04  -4.0828E+00  -1.2238E+00   1.4518E+01  -3.3410E-01  -1.0014E-01  -2.3761E+00
   1986.42   4.6598E+03   1.2695E+02   6.0509E+04  -3.9598E+00  -1.1864E+00   1.4079E+01  -3.2403E-01  -9.7083E-02  -2.3042E+00
   1986.50   4.6628E+03   1.2560E+02   6.0505E+04  -3.8412E+00  -1.1503E+00   1.3655E+01  -3.1433E-01  -9.4133E-02  -2.2348E+00
   1986.58   4.6659E+03   1.2426E+02   6.0501E+04  -3.7279E+00  -1.1159E+00   1.3251E+01  -3.0505E-01  -9.1312E-02  -2.1686E+00
   1986.67   4.6689E+03   1.2293E+02   6.0496E+04  -3.6208E+00  -1.0833E+00   1.2868E+01  -2.9629E-01  -8.8643E-02  -2.1060E+00
   1986.75   4.6720E+03   1.2159E+02   6.0492E+04  -3.5207E+00  -1.0527E+00   1.2510E+01  -2.8810E-01  -8.6145E-02  -2.0474E+00
   1986.83   4.6751E+03   1.2026E+02   6.0488E+04  -3.4286E+00  -1.0246E+00   1.2181E+01  -2.8056E-01  -8.3840E-02  -1.9935E+00
   1986.92   4.6781E+03   1.1893E+02   6.0484E+04  -3.3453E+00  -9.9901E-01   1.1882E+01  -2.7374E-01  -8.1749E-02  -1.9447E+00
   1987.00   4.6813E+03   1.1760E+02   6.0479E+04  -3.2716E+00  -9.7632E-01   1.1618E+01  -2.6772E-01  -7.9893E-02  -1.9015E+00
   1987.08   4.6844E+03   1.1627E+02   6.0475E+04  -3.2086E+00  -9.5676E-01   1.1392E+01  -2.6256E-01  -7.8292E-02  -1.8644E+00
   1987.17   4.6875E+03   1.1495E+02   6.0471E+04  -3.1570E+00  -9.4059E-01   1.1206E+01  -2.5834E-01  -7.6969E-02  -1.8340E+00
   1987.25   4.6907E+03   1.1362E+02   6.0466E+04  -3.1177E+00  -9.2806E-01   1.1064E+01  -2.5512E-01  -7.5943E-02  -1.8108E+00
   1987.33   4.6938E+03   1.1230E+02   6.0462E+04  -3.0917E+00  -9.1942E-01   1.0969E+01  -2.5299E-01  -7.5236E-02  -1.7952E+00
   1987.42   4.6970E+03   1.1097E+02   6.0457E+04  -3.0797E+00  -9.1493E-01   1.0923E+01  -2.5201E-01  -7.4869E-02  -1.7877E+00
   1987.50   4.7002E+03   1.0965E+02   6.0453E+04  -3.0827E+00  -9.1486E-01   1.0931E+01  -2.5226E-01  -7.4863E-02  -1.7890E+00
   1987.58   4.7034E+03   1.0833E+02   6.0449E+04  -3.1015E+00  -9.1945E-01   1.0995E+01  -2.5380E-01  -7.5239E-02  -1.7994E+00
   1987.67   4.7066E+03   1.0700E+02   6.0444E+04  -3.1371E+00  -9.2897E-01   1.1118E+01  -2.5671E-01  -7.6018E-02  -1.8195E+00
   1987.75   4.7098E+03   1.0568E+02   6.0440E+04  -3.1902E+00  -9.4366E-01   1.1303E+01  -2.6106E-01  -7.7220E-02  -1.8498E+00
   1987.83   4.7130E+03   1.0435E+02   6.0435E+04  -3.2618E+00  -9.6380E-01   1.1553E+01  -2.6692E-01  -7.8868E-02  -1.8908E+00
   1987.92   4.7162E+03   1.0302E+02   6.0431E+04  -3.3528E+00  -9.8962E-01   1.1872E+01  -2.7436E-01  -8.0981E-02  -1.9430E+00
   1988.00   4.7194E+03   1.0169E+02   6.0426E+04  -3.4640E+00  -1.0214E+00   1.2263E+01  -2.8346E-01  -8.3582E-02  -2.0070E+00
   1988.08   4.7227E+03   1.0036E+02   6.0422E+04  -3.5959E+00  -1.0593E+00   1.2727E+01  -2.9426E-01  -8.6679E-02  -2.0829E+00
   1988.17   4.7259E+03   9.9028E+01   6.0417E+04  -3.7472E+00  -1.1028E+00   1.3259E+01  -3.0663E-01  -9.0242E-02  -2.1700E+00
   1988.25   4.7291E+03   9.7693E+01   6.0413E+04  -3.9160E+00  -1.1515E+00   1.3853E+01  -3.2044E-01  -9.4227E-02  -2.2672E+00
   1988.33   4.7324E+03   9.6356E+01   6.0408E+04  -4.1005E+00  -1.2048E+00   1.4503E+01  -3.3555E-01  -9.8592E-02  -2.3736E+00
   1988.42   4.7357E+03   9.5019E+01   6.0404E+04  -4.2991E+00  -1.2623E+00   1.5203E+01  -3.5179E-01  -1.0329E-01  -2.4881E+00
   1988.50   4.7389E+03   9.3680E+01   6.0399E+04  -4.5098E+00  -1.3233E+00   1.5946E+01  -3.6904E-01  -1.0829E-01  -2.6097E+00
   1988.58   4.7422E+03   9.2340E+01   6.0394E+04  -4.7310E+00  -1.3874E+00   1.6725E+01  -3.8714E-01  -1.1353E-01  -2.7373E+00
   1988.67   4.7455E+03   9.1000E+01   6.0390E+04  -4.9608E+00  -1.4541E+00   1.7536E+01  -4.0595E-01  -1.1899E-01  -2.8699E+00
   1988.75   4.7487E+03   8.9659E+01   6.0385E+04  -5.1976E+00  -1.5228E+00   1.8370E+01  -4.2532E-01  -1.2461E-01  -3.0065E+00
   1988.83   4.7520E+03   8.8318E+01   6.0381E+04  -5.4393E+00  -1.5929E+00   1.9223E+01  -4.4510E-01  -1.3035E-01  -3.1460E+00
   1988.92   4.7553E+03   8.6977E+01   6.0376E+04  -5.6845E+00  -1.6641E+00   2.0087E+01  -4.6516E-01  -1.3617E-01  -3.2875E+00
   1989.00   4.7586E+03   8.5636E+01   6.0371E+04  -5.9311E+00  -1.7357E+00   2.0957E+01  -4.8534E-01  -1.4203E-01  -3.4299E+00
   1989.08   4.7619E+03   8.4296E+01   6.0367E+04  -6.1775E+00  -1.8072E+00   2.1826E+01  -5.0550E-01  -1.4788E-01  -3.5721E+00
   1989.17   4.7652E+03   8.2956E+01   6.0362E+04  -6.4218E+00  -1.8781E+00   2.2688E+01  -5.2550E-01  -1.5369E-01  -3.7131E+00
   1989.25   4.7685E+03   8.1617E+01   6.0357E+04  -6.6624E+00  -1.9479E+00   2.3536E+01  -5.4518E-01  -1.5940E-01  -3.8519E+00
   1989.33   4.7718E+03   8.0278E+01   6.0353E+04  -6.8973E+00  -2.0160E+00   2.4364E+01  -5.6441E-01  -1.6497E-01  -3.9875E+00
   1989.42   4.7751E+03   7.8941E+01   6.0348E+04  -7.1249E+00  -2.0820E+00   2.5167E+01  -5.8303E-01  -1.7037E-01  -4.1188E+00
   1989.50   4.7784E+03   7.7605E+01   6.0344E+04  -7.3433E+00  -2.1453E+00   2.5937E+01  -6.0090E-01  -1.7555E-01  -4.2448E+00
   1989.58   4.7818E+03   7.6271E+01   6.0339E+04  -7.5507E+00  -2.2054E+00   2.6668E+01  -6.1788E-01  -1.8047E-01  -4.3645E+00
   1989.67   4.7851E+03   7.4939E+01   6.0334E+04  -7.7455E+00  -2.2618E+00   2.7354E+01  -6.3382E-01  -1.8508E-01  -4.4768E+00
   1989.75   4.7884E+03   7.3608E+01   6.0330E+04  -7.9257E+00  -2.3138E+00   2.7989E+01  -6.4857E-01  -1.8934E-01  -4.5807E+00
   1989.83   4.7917E+03   7.2280E+01   6.0325E+04  -8.0897E+00  -2.3611E+00   2.8567E+01  -6.6199E-01  -1.9321E-01  -4.6752E+00
   1989.92   4.7951E+03   7.0954E+01   6.0320E+04  -8.2356E+00  -2.4031E+00   2.9080E+01  -6.7393E-01  -1.9665E-01  -4.7593E+00
   1990.00   4.7984E+03   6.9630E+01   6.0315E+04  -8.3617E+00  -2.4393E+00   2.9523E+01  -6.8424E-01  -1.9961E-01  -4.8318E+00
   1990.08   4.8017E+03   6.8309E+01   6.0311E+04  -8.4667E+00  -2.4692E+00   2.9892E+01  -6.9283E-01  -2.0206E-01  -4.8922E+00
   1990.17   4.8051E+03   6.6991E+01   6.0306E+04  -8.5511E+00  -2.4931E+00   3.0188E+01  -6.9974E-01  -2.0401E-01  -4.9406E+00
   1990.25   4.8084E+03   6.5674E+01   6.0301E+04  -8.6163E+00  -2.5114E+00   3.0416E+01  -7.0507E-01  -2.0551E-01  -4.9779E+00
   1990.33   4.8118E+03   6.4359E+01   6.0297E+04  -8.6632E+00  -2.5243E+00   3.0579E+01  -7.0891E-01  -2.0656E-01  -5.0046E+00
   1990.42   4.8151E+03   6.3045E+01   6.0292E+04  -8.6931E+00  -2.5321E+00   3.0682E+01  -7.1136E-01  -2.0721E-01  -5.0215E+00
   1990.50   4.8185E+03   6.1732E+01   6.0287E+04  -8.7071E+00  -2.5353E+00   3.0729E+01  -7.1251E-01  -2.0747E-01  -5.0292E+00
   1990.58   4.8218E+03   6.0418E+01   6.0283E+04  -8.7063E+00  -2.5342E+00   3.0724E+01  -7.1244E-01  -2.0737E-01  -5.0283E+00
   1990.67   4.8252E+03   5.9105E+01   6.0278E+04  -8.6919E+00  -2.5290E+00   3.0670E+01  -7.1126E-01  -2.0695E-01  -5.0195E+00
   1990.75   4.8285E+03   5.7791E+01   6.0273E+04  -8.6651E+00  -2.5202E+00   3.0572E+01  -7.0907E-01  -2.0623E-01  -5.0035E+00
   1990.83   4.8319E+03   5.6477E+01   6.0269E+04  -8.6269E+00  -2.5080E+00   3.0435E+01  -7.0594E-01  -2.0523E-01  -4.9809E+00
   1990.92   4.8353E+03   5.5161E+01   6.0264E+04  -8.5785E+00  -2.4929E+00   3.0261E+01  -7.0198E-01  -2.0399E-01  -4.9525E+00
   1991.00   4.8387E+03   5.3843E+01   6.0259E+04  -8.5210E+00  -2.4750E+00   3.0054E+01  -6.9728E-01  -2.0253E-01  -4.9187E+00
   1991.08   4.8421E+03   5.2523E+01   6.0254E+04  -8.4557E+00  -2.4549E+00   2.9820E+01  -6.9193E-01  -2.0088E-01  -4.8804E+00
   1991.17   4.8455E+03   5.1200E+01   6.0250E+04  -8.3835E+00  -2.4327E+00   2.9562E+01  -6.8603E-01  -1.9907E-01  -4.8382E+00
   1991.25   4.8489E+03   4.9874E+01   6.0245E+04  -8.3058E+00  -2.4089E+00   2.9285E+01  -6.7967E-01  -1.9712E-01  -4.7927E+00
   1991.33   4.8523E+03   4.8545E+01   6.0240E+04  -8.2236E+00  -2.3837E+00   2.8991E+01  -6.7294E-01  -1.9506E-01  -4.7446E+00
   1991.42   4.8558E+03   4.7212E+01   6.0236E+04  -8.1380E+00  -2.3576E+00   2.8685E+01  -6.6594E-01  -1.9292E-01  -4.6946E+00
   1991.50   4.8592E+03   4.5874E+01   6.0231E+04  -8.0503E+00  -2.3308E+00   2.8372E+01  -6.5876E-01  -1.9073E-01  -4.6433E+00
   1991.58   4.8626E+03   4.4532E+01   6.0226E+04  -7.9615E+00  -2.3037E+00   2.8054E+01  -6.5149E-01  -1.8851E-01  -4.5914E+00
   1991.67   4.8661E+03   4.3185E+01   6.0222E+04  -7.8728E+00  -2.2766E+00   2.7737E+01  -6.4423E-01  -1.8629E-01  -4.5395E+00
   1991.75   4.8696E+03   4.1832E+01   6.0217E+04  -7.7853E+00  -2.2498E+00   2.7425E+01  -6.3707E-01  -1.8410E-01  -4.4884E+00
   1991.83   4.8731E+03   4.0474E+01   6.0212E+04  -7.7002E+00  -2.2237E+00   2.7120E+01  -6.3011E-01  -1.8197E-01  -4.4386E+00
   1991.92   4.8765E+03   3.9109E+01   6.0207E+04  -7.6186E+00  -2.1987E+00   2.6829E+01  -6.2344E-01  -1.7992E-01  -4.3908E+00
   1992.00   4.8800E+03   3.7737E+01   6.0203E+04  -7.5417E+00  -2.1750E+00   2.6553E+01  -6.1714E-01  -1.7798E-01  -4.3457E+00
   1992.08   4.8836E+03   3.6358E+01   6.0198E+04  -7.4703E+00  -2.1529E+00   2.6297E+01  -6.1130E-01  -1.7617E-01  -4.3038E+00
   1992.17   4.8871E+03   3.4973E+01   6.0193E+04  -7.4042E+00  -2.1324E+00   2.6060E+01  -6.0589E-01  -1.7449E-01  -4.2649E+00
   1992.25   4.8906E+03   3.3583E+01   6.0189E+04  -7.3427E+00  -2.1132E+00   2.5839E+01  -6.0086E-01  -1.7292E-01  -4.2288E+00
   1992.33   4.8942E+03   3.2189E+01   6.0184E+04  -7.2853E+00  -2.0952E+00   2.5632E+01  -5.9616E-01  -1.7145E-01  -4.1950E+00
   1992.42   4.8978E+03   3.0791E+01   6.0179E+04  -7.2315E+00  -2.0783E+00   2.5438E+01  -5.9175E-01  -1.7007E-01  -4.1632E+00
   1992.50   4.9014E+03   2.9392E+01   6.0174E+04  -7.1806E+00  -2.0622E+00   2.5254E+01  -5.8759E-01  -1.6875E-01  -4.1332E+00
   1992.58   4.9050E+03   2.7990E+01   6.0170E+04  -7.1320E+00  -2.0469E+00   2.5079E+01  -5.8362E-01  -1.6750E-01  -4.1045E+00
   1992.67   4.9087E+03   2.6589E+01   6.0165E+04  -7.0854E+00  -2.0321E+00   2.4911E+01  -5.7980E-01  -1.6629E-01  -4.0769E+00
   1992.75   4.9123E+03   2.5188E+01   6.0160E+04  -7.0399E+00  -2.0178E+00   2.4747E+01  -5.7608E-01  -1.6511E-01  -4.0501E+00
   1992.83   4.9160E+03   2.3788E+01   6.0156E+04  -6.9952E+00  -2.0036E+00   2.4585E+01  -5.7242E-01  -1.6396E-01  -4.0236E+00
   1992.92   4.9198E+03   2.2392E+01   6.0151E+04  -6.9505E+00  -1.9896E+00   2.4424E+01  -5.6877E-01  -1.6281E-01  -3.9973E+00
   1993.00   4.9235E+03   2.0998E+01   6.0146E+04  -6.9054E+00  -1.9754E+00   2.4262E+01  -5.6508E-01  -1.6165E-01  -3.9707E+00
   1993.08   4.9273E+03   1.9610E+01   6.0141E+04  -6.8593E+00  -1.9610E+00   2.4096E+01  -5.6130E-01  -1.6047E-01  -3.9435E+00
   1993.17   4.9312E+03   1.8226E+01   6.0137E+04  -6.8116E+00  -1.9462E+00   2.3924E+01  -5.5740E-01  -1.5926E-01  -3.9154E+00
   1993.25   4.9350E+03   1.6850E+01   6.0132E+04  -6.7617E+00  -1.9308E+00   2.3745E+01  -5.5331E-01  -1.5800E-01  -3.8862E+00
   1993.33   4.9390E+03   1.5480E+01   6.0127E+04  -6.7091E+00  -1.9147E+00   2.3557E+01  -5.4901E-01  -1.5668E-01  -3.8553E+00
   1993.42   4.9429E+03   1.4119E+01   6.0122E+04  -6.6532E+00  -1.8977E+00   2.3357E+01  -5.4443E-01  -1.5529E-01  -3.8226E+00
   1993.50   4.9469E+03   1.2768E+01   6.0118E+04  -6.5934E+00  -1.8796E+00   2.3144E+01  -5.3954E-01  -1.5381E-01  -3.7877E+00
   1993.58   4.9509E+03   1.1427E+01   6.0113E+04  -6.5292E+00  -1.8604E+00   2.2915E+01  -5.3428E-01  -1.5223E-01  -3.7503E+00
   1993.67   4.9550E+03   1.0097E+01   6.0108E+04  -6.4599E+00  -1.8397E+00   2.2669E+01  -5.2862E-01  -1.5054E-01  -3.7100E+00
   1993.75   4.9591E+03   8.7791E+00   6.0103E+04  -6.3851E+00  -1.8175E+00   2.2403E+01  -5.2250E-01  -1.4872E-01  -3.6665E+00
   1993.83   4.9633E+03   7.4748E+00   6.0098E+04  -6.3041E+00  -1.7936E+00   2.2116E+01  -5.1587E-01  -1.4677E-01  -3.6195E+00
   1993.92   4.9676E+03   6.1848E+00   6.0094E+04  -6.2164E+00  -1.7678E+00   2.1805E+01  -5.0869E-01  -1.4466E-01  -3.5687E+00
   1994.00   4.9718E+03   4.9100E+00   6.0089E+04  -6.1214E+00  -1.7400E+00   2.1469E+01  -5.0092E-01  -1.4238E-01  -3.5137E+00
   1994.08   4.9762E+03   3.6511E+00   6.0084E+04  -6.0188E+00  -1.7100E+00   2.1107E+01  -4.9252E-01  -1.3993E-01  -3.4543E+00
   1994.17   4.9806E+03   2.4069E+00   6.0079E+04  -5.9090E+00  -1.6781E+00   2.0719E+01  -4.8354E-01  -1.3732E-01  -3.3909E+00
   1994.25   4.9850E+03   1.1760E+00   6.0074E+04  -5.7927E+00  -1.6443E+00   2.0309E+01  -4.7402E-01  -1.3456E-01  -3.3237E+00
   1994.33   4.9895E+03  -4.2997E-02   6.0069E+04  -5.6707E+00  -1.6090E+00   1.9878E+01  -4.6403E-01  -1.3166E-01  -3.2533E+00
   1994.42   4.9941E+03  -1.2515E+00   6.0064E+04  -5.5435E+00  -1.5722E+00   1.9430E+01  -4.5363E-01  -1.2865E-01  -3.1799E+00
   1994.50   4.9987E+03  -2.4510E+00   6.0059E+04  -5.4120E+00  -1.5342E+00   1.8966E+01  -4.4287E-01  -1.2555E-01  -3.1040E+00
   1994.58   5.0033E+03  -3.6428E+00   6.0054E+04  -5.2767E+00  -1.4952E+00   1.8490E+01  -4.3180E-01  -1.2235E-01  -3.0261E+00
   1994.67   5.0080E+03  -4.8285E+00   6.0049E+04  -5.1385E+00  -1.4554E+00   1.8003E+01  -4.2048E-01  -1.1909E-01  -2.9464E+00
   1994.75   5.0128E+03  -6.0094E+00   6.0045E+04  -4.9979E+00  -1.4149E+00   1.7508E+01  -4.0898E-01  -1.1578E-01  -2.8653E+00
   1994.83   5.0176E+03  -7.1871E+00   6.0040E+04  -4.8556E+00  -1.3740E+00   1.7007E+01  -3.9734E-01  -1.1243E-01  -2.7834E+00
   1994.92   5.0224E+03  -8.3629E+00   6.0035E+04  -4.7125E+00  -1.3328E+00   1.6503E+01  -3.8562E-01  -1.0907E-01  -2.7009E+00
   1995.00   5.0273E+03  -9.5382E+00   6.0030E+04  -4.5690E+00  -1.2916E+00   1.5998E+01  -3.7389E-01  -1.0569E-01  -2.6183E+00
   1995.08   5.0323E+03  -1.0714E+01   6.0025E+04  -4.4260E+00  -1.2505E+00   1.5495E+01  -3.6218E-01  -1.0233E-01  -2.5359E+00
   1995.17   5.0372E+03  -1.1893E+01   6.0020E+04  -4.2842E+00  -1.2098E+00   1.4996E+01  -3.5058E-01  -9.8998E-02  -2.4542E+00
   1995.25   5.0423E+03  -1.3076E+01   6.0015E+04  -4.1442E+00  -1.1696E+00   1.4503E+01  -3.3912E-01  -9.5708E-02  -2.3736E+00
   1995.33   5.0473E+03  -1.4264E+01   6.0009E+04  -4.0066E+00  -1.1301E+00   1.4019E+01  -3.2787E-01  -9.2476E-02  -2.2944E+00
   1995.42   5.0525E+03  -1.5458E+01   6.0004E+04  -3.8723E+00  -1.0915E+00   1.3546E+01  -3.1687E-01  -8.9320E-02  -2.2170E+00
   1995.50   5.0576E+03  -1.6661E+01   5.9999E+04  -3.7419E+00  -1.0541E+00   1.3087E+01  -3.0620E-01  -8.6255E-02  -2.1419E+00
   1995.58   5.0628E+03  -1.7873E+01   5.9994E+04  -3.6161E+00  -1.0179E+00   1.2644E+01  -2.9591E-01  -8.3297E-02  -2.0694E+00
   1995.67   5.0681E+03  -1.9097E+01   5.9989E+04  -3.4956E+00  -9.8327E-01   1.2220E+01  -2.8604E-01  -8.0462E-02  -1.9999E+00
   1995.75   5.0733E+03  -2.0333E+01   5.9984E+04  -3.3810E+00  -9.5032E-01   1.1816E+01  -2.7667E-01  -7.7765E-02  -1.9339E+00
   1995.83   5.0787E+03  -2.1582E+01   5.9979E+04  -3.2731E+00  -9.1925E-01   1.1436E+01  -2.6784E-01  -7.5223E-02  -1.8717E+00
   1995.92   5.0840E+03  -2.2847E+01   5.9974E+04  -3.1725E+00  -8.9027E-01   1.1082E+01  -2.5961E-01  -7.2851E-02  -1.8137E+00
   1996.00   5.0894E+03  -2.4129E+01   5.9969E+04  -3.0800E+00  -8.6357E-01   1.0756E+01  -2.5204E-01  -7.0666E-02  -1.7603E+00
   1996.08   5.0949E+03  -2.5429E+01   5.9963E+04  -2.9962E+00  -8.3930E-01   1.0460E+01  -2.4518E-01  -6.8681E-02  -1.7119E+00
   1996.17   5.1003E+03  -2.6747E+01   5.9958E+04  -2.9211E+00  -8.1752E-01   1.0195E+01  -2.3903E-01  -6.6898E-02  -1.6684E+00
   1996.25   5.1058E+03  -2.8084E+01   5.9953E+04  -2.8549E+00  -7.9824E-01   9.9603E+00  -2.3362E-01  -6.5320E-02  -1.6301E+00
   1996.33   5.1114E+03  -2.9439E+01   5.9948E+04  -2.7975E+00  -7.8145E-01   9.7571E+00  -2.2892E-01  -6.3946E-02  -1.5969E+00
   1996.42   5.1170E+03  -3.0814E+01   5.9943E+04  -2.7492E+00  -7.6718E-01   9.5853E+00  -2.2497E-01  -6.2778E-02  -1.5687E+00
   1996.50   5.1226E+03  -3.2207E+01   5.9937E+04  -2.7098E+00  -7.5543E-01   9.4448E+00  -2.2175E-01  -6.1817E-02  -1.5457E+00
   1996.58   5.1282E+03  -3.3620E+01   5.9932E+04  -2.6795E+00  -7.4621E-01   9.3360E+00  -2.1927E-01  -6.1062E-02  -1.5279E+00
   1996.67   5.1339E+03  -3.5052E+01   5.9927E+04  -2.6583E+00  -7.3953E-01   9.2590E+00  -2.1753E-01  -6.0516E-02  -1.5153E+00
   1996.75   5.1396E+03  -3.6503E+01   5.9922E+04  -2.6463E+00  -7.3541E-01   9.2139E+00  -2.1655E-01  -6.0179E-02  -1.5080E+00
   1996.83   5.1453E+03  -3.7975E+01   5.9916E+04  -2.6435E+00  -7.3384E-01   9.2010E+00  -2.1632E-01  -6.0051E-02  -1.5058E+00
   1996.92   5.1511E+03  -3.9466E+01   5.9911E+04  -2.6500E+00  -7.3485E-01   9.2203E+00  -2.1685E-01  -6.0133E-02  -1.5090E+00
   1997.00   5.1569E+03  -4.0978E+01   5.9906E+04  -2.6658E+00  -7.3845E-01   9.2721E+00  -2.1815E-01  -6.0427E-02  -1.5175E+00
   1997.08   5.1627E+03  -4.2510E+01   5.9901E+04  -2.6911E+00  -7.4463E-01   9.3565E+00  -2.2021E-01  -6.0933E-02  -1.5313E+00
   1997.17   5.1686E+03  -4.4062E+01   5.9895E+04  -2.7257E+00  -7.5342E-01   9.4737E+00  -2.2305E-01  -6.1652E-02  -1.5505E+00
   1997.25   5.1745E+03  -4.5636E+01   5.9890E+04  -2.7698E+00  -7.6482E-01   9.6239E+00  -2.2666E-01  -6.2585E-02  -1.5751E+00
   1997.33   5.1804E+03  -4.7230E+01   5.9885E+04  -2.8235E+00  -7.7884E-01   9.8072E+00  -2.3105E-01  -6.3733E-02  -1.6051E+00
   1997.42   5.1863E+03  -4.8845E+01   5.9880E+04  -2.8868E+00  -7.9549E-01   1.0024E+01  -2.3623E-01  -6.5096E-02  -1.6405E+00
   1997.50   5.1923E+03  -5.0481E+01   5.9874E+04  -2.9598E+00  -8.1479E-01   1.0274E+01  -2.4220E-01  -6.6675E-02  -1.6814E+00
   1997.58   5.1983E+03  -5.2139E+01   5.9869E+04  -3.0424E+00  -8.3674E-01   1.0558E+01  -2.4896E-01  -6.8471E-02  -1.7279E+00
   1997.67   5.2043E+03  -5.3818E+01   5.9864E+04  -3.1349E+00  -8.6135E-01   1.0875E+01  -2.5653E-01  -7.0485E-02  -1.7798E+00
   1997.75   5.2103E+03  -5.5519E+01   5.9859E+04  -3.2371E+00  -8.8863E-01   1.1227E+01  -2.6489E-01  -7.2717E-02  -1.8374E+00
   1997.83   5.2163E+03  -5.7242E+01   5.9853E+04  -3.3492E+00  -9.1860E-01   1.1612E+01  -2.7407E-01  -7.5169E-02  -1.9005E+00
   1997.92   5.2224E+03  -5.8987E+01   5.9848E+04  -3.4713E+00  -9.5126E-01   1.2032E+01  -2.8406E-01  -7.7842E-02  -1.9692E+00
   1998.00   5.2285E+03  -6.0754E+01   5.9843E+04  -3.6033E+00  -9.8662E-01   1.2487E+01  -2.9486E-01  -8.0736E-02  -2.0436E+00
   1998.08   5.2346E+03  -6.2544E+01   5.9838E+04  -3.7451E+00  -1.0246E+00   1.2975E+01  -3.0647E-01  -8.3847E-02  -2.1235E+00
   1998.17   5.2407E+03  -6.4354E+01   5.9833E+04  -3.8958E+00  -1.0650E+00   1.3494E+01  -3.1880E-01  -8.7153E-02  -2.2085E+00
   1998.25   5.2469E+03  -6.6184E+01   5.9827E+04  -4.0542E+00  -1.1075E+00   1.4040E+01  -3.3176E-01  -9.0630E-02  -2.2977E+00
   1998.33   5.2531E+03  -6.8031E+01   5.9822E+04  -4.2190E+00  -1.1518E+00   1.4607E+01  -3.4525E-01  -9.4249E-02  -2.3906E+00
   1998.42   5.2592E+03  -6.9895E+01   5.9817E+04  -4.3892E+00  -1.1974E+00   1.5193E+01  -3.5917E-01  -9.7985E-02  -2.4866E+00
   1998.50   5.2655E+03  -7.1774E+01   5.9812E+04  -4.5634E+00  -1.2442E+00   1.5794E+01  -3.7343E-01  -1.0181E-01  -2.5848E+00
   1998.58   5.2717E+03  -7.3665E+01   5.9807E+04  -4.7406E+00  -1.2917E+00   1.6404E+01  -3.8792E-01  -1.0570E-01  -2.6847E+00
   1998.67   5.2779E+03  -7.5569E+01   5.9802E+04  -4.9195E+00  -1.3397E+00   1.7020E+01  -4.0256E-01  -1.0963E-01  -2.7855E+00
   1998.75   5.2842E+03  -7.7482E+01   5.9796E+04  -5.0989E+00  -1.3879E+00   1.7638E+01  -4.1725E-01  -1.1357E-01  -2.8867E+00
   1998.83   5.2905E+03  -7.9404E+01   5.9791E+04  -5.2778E+00  -1.4359E+00   1.8254E+01  -4.3188E-01  -1.1750E-01  -2.9875E+00
   1998.92   5.2968E+03  -8.1333E+01   5.9786E+04  -5.4548E+00  -1.4833E+00   1.8864E+01  -4.4637E-01  -1.2138E-01  -3.0873E+00
   1999.00   5.3031E+03  -8.3267E+01   5.9781E+04  -5.6288E+00  -1.5300E+00   1.9463E+01  -4.6060E-01  -1.2520E-01  -3.1854E+00
   1999.08   5.3094E+03  -8.5205E+01   5.9776E+04  -5.7986E+00  -1.5755E+00   2.0048E+01  -4.7450E-01  -1.2892E-01  -3.2811E+00
   1999.17   5.3158E+03  -8.7145E+01   5.9771E+04  -5.9630E+00  -1.6195E+00   2.0614E+01  -4.8796E-01  -1.3253E-01  -3.3738E+00
   1999.25   5.3222E+03  -8.9086E+01   5.9765E+04  -6.1209E+00  -1.6618E+00   2.1158E+01  -5.0088E-01  -1.3599E-01  -3.4627E+00
   1999.33   5.3286E+03  -9.1026E+01   5.9760E+04  -6.2710E+00  -1.7019E+00   2.1675E+01  -5.1316E-01  -1.3927E-01  -3.5473E+00
   1999.42   5.3350E+03  -9.2964E+01   5.9755E+04  -6.4123E+00  -1.7397E+00   2.2161E+01  -5.2472E-01  -1.4236E-01  -3.6268E+00
   1999.50   5.3414E+03  -9.4897E+01   5.9750E+04  -6.5434E+00  -1.7746E+00   2.2611E+01  -5.3545E-01  -1.4522E-01  -3.7006E+00
   1999.58   5.3479E+03  -9.6826E+01   5.9745E+04  -6.6632E+00  -1.8066E+00   2.3023E+01  -5.4525E-01  -1.4783E-01  -3.7680E+00
   1999.67   5.3543E+03  -9.8747E+01   5.9739E+04  -6.7705E+00  -1.8351E+00   2.3392E+01  -5.5403E-01  -1.5016E-01  -3.8284E+00
   1999.75   5.3608E+03  -1.0066E+02   5.9734E+04  -6.8641E+00  -1.8599E+00   2.3713E+01  -5.6169E-01  -1.5219E-01  -3.8810E+00
   1999.83   5.3673E+03  -1.0256E+02   5.9729E+04  -6.9429E+00  -1.8806E+00   2.3984E+01  -5.6814E-01  -1.5389E-01  -3.9252E+00
   1999.92   5.3738E+03  -1.0445E+02   5.9723E+04  -7.0057E+00  -1.8970E+00   2.4198E+01  -5.7328E-01  -1.5524E-01  -3.9603E+00
   2000.00   5.3804E+03  -1.0633E+02   5.9718E+04  -7.0512E+00  -1.9088E+00   2.4353E+01  -5.7700E-01  -1.5620E-01  -3.9857E+00
   2000.08   5.3869E+03  -1.0819E+02   5.9713E+04  -7.0787E+00  -1.9156E+00   2.4446E+01  -5.7926E-01  -1.5676E-01  -4.0009E+00
   2000.17   5.3935E+03  -1.1004E+02   5.9707E+04  -7.0894E+00  -1.9179E+00   2.4481E+01  -5.8013E-01  -1.5694E-01  -4.0066E+00
   2000.25   5.4001E+03  -1.1188E+02   5.9702E+04  -7.0846E+00  -1.9159E+00   2.4462E+01  -5.7974E-01  -1.5678E-01  -4.0035E+00
   2000.33   5.4067E+03  -1.1370E+02   5.9697E+04  -7.0660E+00  -1.9102E+00   2.4395E+01  -5.7821E-01  -1.5631E-01  -3.9925E+00
   2000.42   5.4133E+03  -1.1551E+02   5.9691E+04  -7.0349E+00  -1.9011E+00   2.4285E+01  -5.7567E-01  -1.5557E-01  -3.9746E+00
   2000.50   5.4199E+03  -1.1731E+02   5.9686E+04  -6.9928E+00  -1.8890E+00   2.4138E+01  -5.7223E-01  -1.5458E-01  -3.9504E+00
   2000.58   5.4266E+03  -1.1910E+02   5.9680E+04  -6.9414E+00  -1.8744E+00   2.3957E+01  -5.6802E-01  -1.5338E-01  -3.9209E+00
   2000.67   5.4333E+03  -1.2089E+02   5.9675E+04  -6.8820E+00  -1.8575E+00   2.3749E+01  -5.6316E-01  -1.5200E-01  -3.8869E+00
   2000.75   5.4399E+03  -1.2266E+02   5.9669E+04  -6.8162E+00  -1.8389E+00   2.3519E+01  -5.5778E-01  -1.5048E-01  -3.8492E+00
   2000.83   5.4466E+03  -1.2442E+02   5.9664E+04  -6.7455E+00  -1.8189E+00   2.3272E+01  -5.5199E-01  -1.4884E-01  -3.8087E+00
   2000.92   5.4533E+03  -1.2618E+02   5.9658E+04  -6.6714E+00  -1.7979E+00   2.3013E+01  -5.4592E-01  -1.4712E-01  -3.7663E+00
   2001.00   5.4600E+03  -1.2793E+02   5.9653E+04  -6.5953E+00  -1.7764E+00   2.2746E+01  -5.3969E-01  -1.4536E-01  -3.7227E+00
   2001.08   5.4667E+03  -1.2968E+02   5.9647E+04  -6.5188E+00  -1.7547E+00   2.2479E+01  -5.3343E-01  -1.4359E-01  -3.6789E+00
   2001.17   5.4735E+03  -1.3142E+02   5.9642E+04  -6.4433E+00  -1.7332E+00   2.2214E+01  -5.2726E-01  -1.4183E-01  -3.6356E+00
   2001.25   5.4802E+03  -1.3316E+02   5.9636E+04  -6.3704E+00  -1.7124E+00   2.1958E+01  -5.2129E-01  -1.4013E-01  -3.5937E+00
   2001.33   5.4869E+03  -1.3490E+02   5.9631E+04  -6.3016E+00  -1.6927E+00   2.1717E+01  -5.1566E-01  -1.3851E-01  -3.5541E+00
   2001.42   5.4937E+03  -1.3663E+02   5.9625E+04  -6.2383E+00  -1.6744E+00   2.1494E+01  -5.1048E-01  -1.3701E-01  -3.5177E+00
   2001.50   5.5004E+03  -1.3836E+02   5.9620E+04  -6.1820E+00  -1.6579E+00   2.1295E+01  -5.0588E-01  -1.3567E-01  -3.4851E+00
   2001.58   5.5072E+03  -1.4010E+02   5.9614E+04  -6.1344E+00  -1.6437E+00   2.1125E+01  -5.0198E-01  -1.3450E-01  -3.4574E+00
   2001.67   5.5140E+03  -1.4183E+02   5.9609E+04  -6.0967E+00  -1.6321E+00   2.0990E+01  -4.9890E-01  -1.3356E-01  -3.4353E+00
   2001.75   5.5207E+03  -1.4356E+02   5.9603E+04  -6.0706E+00  -1.6237E+00   2.0895E+01  -4.9676E-01  -1.3286E-01  -3.4197E+00
   2001.83   5.5275E+03  -1.4529E+02   5.9598E+04  -6.0576E+00  -1.6186E+00   2.0844E+01  -4.9570E-01  -1.3245E-01  -3.4114E+00
   2001.92   5.5343E+03  -1.4703E+02   5.9592E+04  -6.0591E+00  -1.6175E+00   2.0844E+01  -4.9582E-01  -1.3236E-01  -3.4113E+00
   2002.00   5.5411E+03  -1.4877E+02   5.9586E+04  -6.0766E+00  -1.6206E+00   2.0898E+01  -4.9725E-01  -1.3261E-01  -3.4202E+00
   2002.08   5.5479E+03  -1.5052E+02   5.9581E+04  -6.1112E+00  -1.6283E+00   2.1011E+01  -5.0008E-01  -1.3324E-01  -3.4387E+00
   2002.17   5.5547E+03  -1.5227E+02   5.9575E+04  -6.1618E+00  -1.6402E+00   2.1179E+01  -5.0422E-01  -1.3422E-01  -3.4662E+00
   2002.25   5.5614E+03  -1.5402E+02   5.9570E+04  -6.2267E+00  -1.6559E+00   2.1397E+01  -5.0954E-01  -1.3551E-01  -3.5018E+00
   2002.33   5.5682E+03  -1.5577E+02   5.9564E+04  -6.3046E+00  -1.6751E+00   2.1659E+01  -5.1591E-01  -1.3708E-01  -3.5447E+00
   2002.42   5.5750E+03  -1.5752E+02   5.9559E+04  -6.3938E+00  -1.6974E+00   2.1959E+01  -5.2321E-01  -1.3890E-01  -3.5939E+00
   2002.50   5.5818E+03  -1.5928E+02   5.9553E+04  -6.4927E+00  -1.7222E+00   2.2294E+01  -5.3130E-01  -1.4093E-01  -3.6486E+00
   2002.58   5.5886E+03  -1.6103E+02   5.9548E+04  -6.5999E+00  -1.7493E+00   2.2657E+01  -5.4007E-01  -1.4314E-01  -3.7080E+00
   2002.67   5.5954E+03  -1.6279E+02   5.9543E+04  -6.7137E+00  -1.7781E+00   2.3042E+01  -5.4939E-01  -1.4550E-01  -3.7711E+00
   2002.75   5.6022E+03  -1.6454E+02   5.9537E+04  -6.8326E+00  -1.8084E+00   2.3446E+01  -5.5912E-01  -1.4798E-01  -3.8371E+00
   2002.83   5.6090E+03  -1.6629E+02   5.9532E+04  -6.9551E+00  -1.8396E+00   2.3861E+01  -5.6914E-01  -1.5053E-01  -3.9052E+00
   2002.92   5.6158E+03  -1.6804E+02   5.9526E+04  -7.0796E+00  -1.8713E+00   2.4284E+01  -5.7933E-01  -1.5313E-01  -3.9743E+00
   2003.00   5.6226E+03  -1.6978E+02   5.9520E+04  -7.2045E+00  -1.9032E+00   2.4708E+01  -5.8955E-01  -1.5574E-01  -4.0437E+00
   2003.08   5.6293E+03  -1.7152E+02   5.9515E+04  -7.3283E+00  -1.9349E+00   2.5129E+01  -5.9968E-01  -1.5833E-01  -4.1126E+00
   2003.17   5.6361E+03  -1.7326E+02   5.9509E+04  -7.4494E+00  -1.9658E+00   2.5540E+01  -6.0959E-01  -1.6086E-01  -4.1799E+00
   2003.25   5.6429E+03  -1.7499E+02   5.9504E+04  -7.5663E+00  -1.9957E+00   2.5937E+01  -6.1916E-01  -1.6331E-01  -4.2449E+00
   2003.33   5.6497E+03  -1.7671E+02   5.9498E+04  -7.6775E+00  -2.0241E+00   2.6315E+01  -6.2825E-01  -1.6563E-01  -4.3067E+00
   2003.42   5.6565E+03  -1.7843E+02   5.9493E+04  -7.7813E+00  -2.0505E+00   2.6667E+01  -6.3674E-01  -1.6780E-01  -4.3643E+00
   2003.50   5.6632E+03  -1.8013E+02   5.9487E+04  -7.8762E+00  -2.0747E+00   2.6989E+01  -6.4451E-01  -1.6977E-01  -4.4170E+00
   2003.58   5.6700E+03  -1.8184E+02   5.9482E+04  -7.9607E+00  -2.0961E+00   2.7275E+01  -6.5142E-01  -1.7152E-01  -4.4639E+00
   2003.67   5.6767E+03  -1.8353E+02   5.9476E+04  -8.0332E+00  -2.1144E+00   2.7521E+01  -6.5736E-01  -1.7302E-01  -4.5040E+00
   2003.75   5.6835E+03  -1.8521E+02   5.9470E+04  -8.0921E+00  -2.1291E+00   2.7719E+01  -6.6218E-01  -1.7422E-01  -4.5366E+00
   2003.83   5.6902E+03  -1.8688E+02   5.9465E+04  -8.1359E+00  -2.1398E+00   2.7867E+01  -6.6577E-01  -1.7510E-01  -4.5607E+00
   2003.92   5.6970E+03  -1.8854E+02   5.9459E+04  -8.1631E+00  -2.1462E+00   2.7957E+01  -6.6799E-01  -1.7562E-01  -4.5755E+00
   2004.00   5.7037E+03  -1.9019E+02   5.9453E+04  -8.1721E+00  -2.1478E+00   2.7985E+01  -6.6873E-01  -1.7575E-01  -4.5800E+00
   2004.08   5.7104E+03  -1.9182E+02   5.9448E+04  -8.1618E+00  -2.1443E+00   2.7947E+01  -6.6788E-01  -1.7547E-01  -4.5738E+00
   2004.17   5.7171E+03  -1.9344E+02   5.9442E+04  -8.1330E+00  -2.1359E+00   2.7845E+01  -6.6552E-01  -1.7478E-01  -4.5571E+00
   2004.25   5.7238E+03  -1.9506E+02   5.9436E+04  -8.0869E+00  -2.1230E+00   2.7685E+01  -6.6176E-01  -1.7373E-01  -4.5309E+00
   2004.33   5.7305E+03  -1.9666E+02   5.9430E+04  -8.0249E+00  -2.1059E+00   2.7469E+01  -6.5668E-01  -1.7233E-01  -4.4957E+00
   2004.42   5.7372E+03  -1.9824E+02   5.9424E+04  -7.9482E+00  -2.0849E+00   2.7204E+01  -6.5041E-01  -1.7061E-01  -4.4522E+00
   2004.50   5.7439E+03  -1.9982E+02   5.9419E+04  -7.8582E+00  -2.0604E+00   2.6893E+01  -6.4304E-01  -1.6860E-01  -4.4013E+00
   2004.58   5.7506E+03  -2.0139E+02   5.9413E+04  -7.7559E+00  -2.0327E+00   2.6540E+01  -6.3467E-01  -1.6634E-01  -4.3435E+00
   2004.67   5.7572E+03  -2.0295E+02   5.9407E+04  -7.6428E+00  -2.0021E+00   2.6149E+01  -6.2541E-01  -1.6383E-01  -4.2796E+00
   2004.75   5.7639E+03  -2.0450E+02   5.9401E+04  -7.5201E+00  -1.9690E+00   2.5726E+01  -6.1537E-01  -1.6112E-01  -4.2104E+00
   2004.83   5.7705E+03  -2.0604E+02   5.9395E+04  -7.3891E+00  -1.9337E+00   2.5274E+01  -6.0465E-01  -1.5823E-01  -4.1364E+00
   2004.92   5.7771E+03  -2.0757E+02   5.9389E+04  -7.2510E+00  -1.8965E+00   2.4799E+01  -5.9335E-01  -1.5519E-01  -4.0586E+00
   2005.00   5.7837E+03  -2.0910E+02   5.9383E+04  -7.1071E+00  -1.8578E+00   2.4303E+01  -5.8158E-01  -1.5202E-01  -3.9774E+00
   2005.08   5.7903E+03  -2.1062E+02   5.9377E+04  -6.9587E+00  -1.8179E+00   2.3792E+01  -5.6943E-01  -1.4876E-01  -3.8938E+00
   2005.17   5.7969E+03  -2.1213E+02   5.9371E+04  -6.8070E+00  -1.7771E+00   2.3269E+01  -5.5702E-01  -1.4542E-01  -3.8083E+00
   2005.25   5.8035E+03  -2.1363E+02   5.9365E+04  -6.6534E+00  -1.7358E+00   2.2740E+01  -5.4445E-01  -1.4204E-01  -3.7217E+00
   2005.33   5.8101E+03  -2.1513E+02   5.9359E+04  -6.4990E+00  -1.6943E+00   2.2208E+01  -5.3182E-01  -1.3864E-01  -3.6347E+00
   2005.42   5.8166E+03  -2.1662E+02   5.9353E+04  -6.3452E+00  -1.6529E+00   2.1679E+01  -5.1923E-01  -1.3526E-01  -3.5480E+00
   2005.50   5.8231E+03  -2.1810E+02   5.9347E+04  -6.1933E+00  -1.6120E+00   2.1155E+01  -5.0680E-01  -1.3191E-01  -3.4623E+00
   2005.58   5.8296E+03  -2.1958E+02   5.9341E+04  -6.0444E+00  -1.5719E+00   2.0642E+01  -4.9462E-01  -1.2863E-01  -3.3783E+00
   2005.67   5.8361E+03  -2.2106E+02   5.9334E+04  -5.8999E+00  -1.5329E+00   2.0144E+01  -4.8279E-01  -1.2544E-01  -3.2968E+00
   2005.75   5.8426E+03  -2.2253E+02   5.9328E+04  -5.7611E+00  -1.4954E+00   1.9666E+01  -4.7143E-01  -1.2237E-01  -3.2185E+00
   2005.83   5.8491E+03  -2.2400E+02   5.9322E+04  -5.6291E+00  -1.4597E+00   1.9211E+01  -4.6063E-01  -1.1945E-01  -3.1440E+00
   2005.92   5.8555E+03  -2.2546E+02   5.9316E+04  -5.5054E+00  -1.4261E+00   1.8784E+01  -4.5051E-01  -1.1670E-01  -3.0741E+00
   2006.00   5.8620E+03  -2.2693E+02   5.9310E+04  -5.3911E+00  -1.3950E+00   1.8389E+01  -4.4115E-01  -1.1415E-01  -3.0095E+00
   2006.08   5.8684E+03  -2.2839E+02   5.9303E+04  -5.2871E+00  -1.3666E+00   1.8030E+01  -4.3265E-01  -1.1183E-01  -2.9508E+00
   2006.17   5.8748E+03  -2.2984E+02   5.9297E+04  -5.1932E+00  -1.3409E+00   1.7705E+01  -4.2496E-01  -1.0972E-01  -2.8976E+00
   2006.25   5.8812E+03  -2.3130E+02   5.9291E+04  -5.1084E+00  -1.3175E+00   1.7411E+01  -4.1803E-01  -1.0781E-01  -2.8495E+00
   2006.33   5.8875E+03  -2.3275E+02   5.9285E+04  -5.0321E+00  -1.2963E+00   1.7147E+01  -4.1178E-01  -1.0608E-01  -2.8062E+00
   2006.42   5.8939E+03  -2.3421E+02   5.9278E+04  -4.9635E+00  -1.2772E+00   1.6908E+01  -4.0617E-01  -1.0452E-01  -2.7672E+00
   2006.50   5.9002E+03  -2.3566E+02   5.9272E+04  -4.9019E+00  -1.2599E+00   1.6694E+01  -4.0112E-01  -1.0310E-01  -2.7321E+00
   2006.58   5.9066E+03  -2.3711E+02   5.9266E+04  -4.8464E+00  -1.2443E+00   1.6501E+01  -3.9658E-01  -1.0182E-01  -2.7005E+00
   2006.67   5.9129E+03  -2.3856E+02   5.9259E+04  -4.7964E+00  -1.2301E+00   1.6326E+01  -3.9249E-01  -1.0066E-01  -2.6720E+00
   2006.75   5.9192E+03  -2.4001E+02   5.9253E+04  -4.7510E+00  -1.2172E+00   1.6168E+01  -3.8877E-01  -9.9601E-02  -2.6460E+00
   2006.83   5.9255E+03  -2.4146E+02   5.9247E+04  -4.7095E+00  -1.2053E+00   1.6023E+01  -3.8538E-01  -9.8628E-02  -2.6223E+00
   2006.92   5.9317E+03  -2.4291E+02   5.9240E+04  -4.6712E+00  -1.1943E+00   1.5889E+01  -3.8224E-01  -9.7727E-02  -2.6004E+00
   2007.00   5.9380E+03  -2.4436E+02   5.9234E+04  -4.6353E+00  -1.1839E+00   1.5763E+01  -3.7931E-01  -9.6880E-02  -2.5798E+00
   2007.08   5.9442E+03  -2.4581E+02   5.9227E+04  -4.6010E+00  -1.1741E+00   1.5643E+01  -3.7650E-01  -9.6073E-02  -2.5602E+00
   2007.17   5.9505E+03  -2.4726E+02   5.9221E+04  -4.5676E+00  -1.1645E+00   1.5526E+01  -3.7377E-01  -9.5289E-02  -2.5411E+00
   2007.25   5.9567E+03  -2.4872E+02   5.9215E+04  -4.5343E+00  -1.1550E+00   1.5410E+01  -3.7105E-01  -9.4513E-02  -2.5221E+00
   2007.33   5.9630E+03  -2.5018E+02   5.9208E+04  -4.5004E+00  -1.1454E+00   1.5292E+01  -3.6827E-01  -9.3728E-02  -2.5027E+00
   2007.42   5.9692E+03  -2.5163E+02   5.9202E+04  -4.4651E+00  -1.1355E+00   1.5170E+01  -3.6538E-01  -9.2919E-02  -2.4827E+00
   2007.50   5.9754E+03  -2.5309E+02   5.9195E+04  -4.4277E+00  -1.1251E+00   1.5040E+01  -3.6232E-01  -9.2071E-02  -2.4614E+00
   2007.58   5.9816E+03  -2.5456E+02   5.9189E+04  -4.3874E+00  -1.1141E+00   1.4901E+01  -3.5902E-01  -9.1166E-02  -2.4386E+00
   2007.67   5.9878E+03  -2.5602E+02   5.9182E+04  -4.3434E+00  -1.1022E+00   1.4749E+01  -3.5542E-01  -9.0190E-02  -2.4138E+00
   2007.75   5.9940E+03  -2.5749E+02   5.9176E+04  -4.2950E+00  -1.0892E+00   1.4582E+01  -3.5146E-01  -8.9126E-02  -2.3866E+00
   2007.83   6.0002E+03  -2.5897E+02   5.9169E+04  -4.2414E+00  -1.0749E+00   1.4398E+01  -3.4708E-01  -8.7959E-02  -2.3565E+00
   2007.92   6.0064E+03  -2.6044E+02   5.9163E+04  -4.1820E+00  -1.0592E+00   1.4194E+01  -3.4221E-01  -8.6672E-02  -2.3231E+00
   2008.00   6.0126E+03  -2.6192E+02   5.9157E+04  -4.1158E+00  -1.0418E+00   1.3968E+01  -3.3680E-01  -8.5251E-02  -2.2860E+00
   2008.08   6.0188E+03  -2.6341E+02   5.9150E+04  -4.0425E+00  -1.0227E+00   1.3717E+01  -3.3080E-01  -8.3685E-02  -2.2450E+00
   2008.17   6.0250E+03  -2.6489E+02   5.9144E+04  -3.9627E+00  -1.0019E+00   1.3445E+01  -3.2427E-01  -8.1989E-02  -2.2004E+00
   2008.25   6.0312E+03  -2.6638E+02   5.9137E+04  -3.8777E+00  -9.7987E-01   1.3155E+01  -3.1731E-01  -8.0183E-02  -2.1529E+00
   2008.33   6.0374E+03  -2.6787E+02   5.9131E+04  -3.7882E+00  -9.5673E-01   1.2850E+01  -3.0999E-01  -7.8290E-02  -2.1030E+00
   2008.42   6.0436E+03  -2.6935E+02   5.9124E+04  -3.6955E+00  -9.3277E-01   1.2533E+01  -3.0241E-01  -7.6329E-02  -2.0512E+00
   2008.50   6.0498E+03  -2.7083E+02   5.9118E+04  -3.6006E+00  -9.0825E-01   1.2209E+01  -2.9464E-01  -7.4322E-02  -1.9982E+00
   2008.58   6.0560E+03  -2.7231E+02   5.9111E+04  -3.5044E+00  -8.8341E-01   1.1881E+01  -2.8677E-01  -7.2290E-02  -1.9445E+00
   2008.67   6.0622E+03  -2.7377E+02   5.9105E+04  -3.4081E+00  -8.5852E-01   1.1552E+01  -2.7889E-01  -7.0253E-02  -1.8907E+00
   2008.75   6.0684E+03  -2.7523E+02   5.9098E+04  -3.3126E+00  -8.3382E-01   1.1226E+01  -2.7107E-01  -6.8232E-02  -1.8373E+00
   2008.83   6.0746E+03  -2.7668E+02   5.9092E+04  -3.2190E+00  -8.0958E-01   1.0907E+01  -2.6342E-01  -6.6248E-02  -1.7850E+00
   2008.92   6.0808E+03  -2.7811E+02   5.9085E+04  -3.1284E+00  -7.8605E-01   1.0597E+01  -2.5600E-01  -6.4323E-02  -1.7343E+00
   2009.00   6.0870E+03  -2.7953E+02   5.9078E+04  -3.0417E+00  -7.6349E-01   1.0300E+01  -2.4891E-01  -6.2477E-02  -1.6858E+00
   2009.08   6.0933E+03  -2.8093E+02   5.9072E+04  -2.9601E+00  -7.4215E-01   1.0021E+01  -2.4223E-01  -6.0730E-02  -1.6400E+00
   2009.17   6.0995E+03  -2.8232E+02   5.9065E+04  -2.8845E+00  -7.2228E-01   9.7611E+00  -2.3604E-01  -5.9104E-02  -1.5975E+00
   2009.25   6.1058E+03  -2.8368E+02   5.9058E+04  -2.8160E+00  -7.0415E-01   9.5255E+00  -2.3043E-01  -5.7621E-02  -1.5589E+00
   2009.33   6.1120E+03  -2.8502E+02   5.9052E+04  -2.7556E+00  -6.8800E-01   9.3171E+00  -2.2549E-01  -5.6299E-02  -1.5248E+00
   2009.42   6.1183E+03  -2.8635E+02   5.9045E+04  -2.7044E+00  -6.7410E-01   9.1395E+00  -2.2130E-01  -5.5161E-02  -1.4958E+00
   2009.50   6.1245E+03  -2.8764E+02   5.9038E+04  -2.6634E+00  -6.6269E-01   8.9961E+00  -2.1795E-01  -5.4228E-02  -1.4723E+00
   2009.58   6.1308E+03  -2.8891E+02   5.9031E+04  -2.6336E+00  -6.5404E-01   8.8906E+00  -2.1551E-01  -5.3520E-02  -1.4550E+00
   2009.67   6.1371E+03  -2.9015E+02   5.9025E+04  -2.6161E+00  -6.4839E-01   8.8263E+00  -2.1408E-01  -5.3058E-02  -1.4445E+00
   2009.75   6.1434E+03  -2.9137E+02   5.9018E+04  -2.6120E+00  -6.4601E-01   8.8068E+00  -2.1374E-01  -5.2864E-02  -1.4413E+00
   2009.83   6.1497E+03  -2.9255E+02   5.9011E+04  -2.6221E+00  -6.4715E-01   8.8355E+00  -2.1457E-01  -5.2957E-02  -1.4460E+00
   2009.92   6.1561E+03  -2.9369E+02   5.9004E+04  -2.6477E+00  -6.5207E-01   8.9160E+00  -2.1666E-01  -5.3359E-02  -1.4592E+00
   2010.00   6.1624E+03  -2.9481E+02   5.8997E+04  -2.6897E+00  -6.6102E-01   9.0518E+00  -2.2010E-01  -5.4091E-02  -1.4814E+00
   2010.08   6.1688E+03  -2.9588E+02   5.8990E+04  -2.7488E+00  -6.7415E-01   9.2449E+00  -2.2493E-01  -5.5166E-02  -1.5130E+00
   2010.17   6.1751E+03  -2.9692E+02   5.8983E+04  -2.8239E+00  -6.9121E-01   9.4919E+00  -2.3108E-01  -5.6562E-02  -1.5535E+00
   2010.25   6.1815E+03  -2.9793E+02   5.8976E+04  -2.9135E+00  -7.1185E-01   9.7879E+00  -2.3841E-01  -5.8251E-02  -1.6019E+00
   2010.33   6.1879E+03  -2.9891E+02   5.8968E+04  -3.0163E+00  -7.3572E-01   1.0128E+01  -2.4682E-01  -6.0204E-02  -1.6576E+00
   2010.42   6.1943E+03  -2.9985E+02   5.8961E+04  -3.1307E+00  -7.6246E-01   1.0508E+01  -2.5619E-01  -6.2392E-02  -1.7197E+00
   2010.50   6.2008E+03  -3.0077E+02   5.8954E+04  -3.2554E+00  -7.9172E-01   1.0921E+01  -2.6639E-01  -6.4787E-02  -1.7874E+00
   2010.58   6.2072E+03  -3.0166E+02   5.8947E+04  -3.3889E+00  -8.2314E-01   1.1365E+01  -2.7731E-01  -6.7358E-02  -1.8600E+00
   2010.67   6.2136E+03  -3.0252E+02   5.8939E+04  -3.5297E+00  -8.5638E-01   1.1833E+01  -2.8883E-01  -7.0078E-02  -1.9366E+00
   2010.75   6.2201E+03  -3.0336E+02   5.8932E+04  -3.6763E+00  -8.9107E-01   1.2321E+01  -3.0084E-01  -7.2917E-02  -2.0165E+00
   2010.83   6.2265E+03  -3.0418E+02   5.8924E+04  -3.8274E+00  -9.2687E-01   1.2824E+01  -3.1320E-01  -7.5846E-02  -2.0988E+00
   2010.92   6.2330E+03  -3.0498E+02   5.8917E+04  -3.9815E+00  -9.6342E-01   1.3338E+01  -3.2581E-01  -7.8837E-02  -2.1828E+00
   2011.00   6.2394E+03  -3.0576E+02   5.8909E+04  -4.1372E+00  -1.0004E+00   1.3856E+01  -3.3855E-01  -8.1861E-02  -2.2677E+00
   2011.08   6.2459E+03  -3.0652E+02   5.8902E+04  -4.2929E+00  -1.0374E+00   1.4375E+01  -3.5129E-01  -8.4888E-02  -2.3526E+00
   2011.17   6.2523E+03  -3.0726E+02   5.8894E+04  -4.4473E+00  -1.0741E+00   1.4889E+01  -3.6392E-01  -8.7890E-02  -2.4368E+00
   2011.25   6.2588E+03  -3.0799E+02   5.8887E+04  -4.5988E+00  -1.1101E+00   1.5394E+01  -3.7632E-01  -9.0838E-02  -2.5195E+00
   2011.33   6.2653E+03  -3.0870E+02   5.8879E+04  -4.7461E+00  -1.1451E+00   1.5885E+01  -3.8838E-01  -9.3702E-02  -2.5998E+00
   2011.42   6.2717E+03  -3.0941E+02   5.8871E+04  -4.8877E+00  -1.1787E+00   1.6357E+01  -3.9997E-01  -9.6455E-02  -2.6770E+00
   2011.50   6.2782E+03  -3.1010E+02   5.8864E+04  -5.0222E+00  -1.2106E+00   1.6805E+01  -4.1097E-01  -9.9067E-02  -2.7504E+00
   2011.58   6.2847E+03  -3.1079E+02   5.8856E+04  -5.1480E+00  -1.2405E+00   1.7225E+01  -4.2127E-01  -1.0151E-01  -2.8190E+00
   2011.67   6.2911E+03  -3.1147E+02   5.8848E+04  -5.2638E+00  -1.2679E+00   1.7610E+01  -4.3074E-01  -1.0375E-01  -2.8821E+00
   2011.75   6.2976E+03  -3.1215E+02   5.8840E+04  -5.3682E+00  -1.2925E+00   1.7957E+01  -4.3928E-01  -1.0577E-01  -2.9389E+00
   2011.83   6.3040E+03  -3.1282E+02   5.8832E+04  -5.4595E+00  -1.3140E+00   1.8261E+01  -4.4676E-01  -1.0753E-01  -2.9886E+00
   2011.92   6.3105E+03  -3.1349E+02   5.8824E+04  -5.5365E+00  -1.3320E+00   1.8517E+01  -4.5305E-01  -1.0900E-01  -3.0305E+00
   2012.00   6.3169E+03  -3.1416E+02   5.8816E+04  -5.5976E+00  -1.3462E+00   1.8719E+01  -4.5806E-01  -1.1016E-01  -3.0636E+00
