   1960.00   2.0259E+04  -2.2569E+03   4.1697E+04  -1.8454E+01   5.7256E+00   2.3326E+01  -1.5101E+00   4.6853E-01  -3.8175E+00
   1960.08   2.0261E+04  -2.2543E+03   4.1699E+04  -1.8339E+01   5.6900E+00   2.3181E+01  -1.5007E+00   4.6562E-01  -3.7938E+00
   1960.17   2.0263E+04  -2.2517E+03   4.1700E+04  -1.8180E+01   5.6406E+00   2.2979E+01  -1.4876E+00   4.6157E-01  -3.7608E+00
   1960.25   2.0265E+04  -2.2491E+03   4.1702E+04  -1.7979E+01   5.5783E+00   2.2725E+01  -1.4712E+00   4.5648E-01  -3.7192E+00
   1960.33   2.0268E+04  -2.2465E+03   4.1703E+04  -1.7740E+01   5.5042E+00   2.2423E+01  -1.4516E+00   4.5041E-01  -3.6697E+00
   1960.42   2.0270E+04  -2.2439E+03   4.1705E+04  -1.7466E+01   5.4193E+00   2.2076E+01  -1.4292E+00   4.4346E-01  -3.6130E+00
   1960.50   2.0272E+04  -2.2413E+03   4.1706E+04  -1.7161E+01   5.3247E+00   2.1690E+01  -1.4043E+00   4.3572E-01  -3.5499E+00
   1960.58   2.0275E+04  -2.2386E+03   4.1708E+04  -1.6828E+01   5.2214E+00   2.1269E+01  -1.3770E+00   4.2727E-01  -3.4809E+00
   1960.67   2.0277E+04  -2.2360E+03   4.1710E+04  -1.6470E+01   5.1105E+00   2.0817E+01  -1.3477E+00   4.1819E-01  -3.4069E+00
   1960.75   2.0279E+04  -2.2334E+03   4.1711E+04  -1.6091E+01   4.9930E+00   2.0338E+01  -1.3167E+00   4.0858E-01  -3.3285E+00
   1960.83   2.0282E+04  -2.2308E+03   4.1713E+04  -1.5694E+01   4.8699E+00   1.9836E+01  -1.2843E+00   3.9851E-01  -3.2464E+00
   1960.92   2.0284E+04  -2.2281E+03   4.1714E+04  -1.5283E+01   4.7424E+00   1.9316E+01  -1.2506E+00   3.8807E-01  -3.1613E+00
   1961.00   2.0286E+04  -2.2255E+03   4.1716E+04  -1.4861E+01   4.6114E+00   1.8782E+01  -1.2161E+00   3.7735E-01  -3.0738E+00
   1961.08   2.0289E+04  -2.2229E+03   4.1717E+04  -1.4431E+01   4.4780E+00   1.8238E+01  -1.1809E+00   3.6644E-01  -2.9848E+00
   1961.17   2.0291E+04  -2.2202E+03   4.1719E+04  -1.3996E+01   4.3432E+00   1.7689E+01  -1.1453E+00   3.5541E-01  -2.8949E+00
   1961.25   2.0293E+04  -2.2176E+03   4.1720E+04  -1.3561E+01   4.2082E+00   1.7138E+01  -1.1097E+00   3.4436E-01  -2.8048E+00
   1961.33   2.0296E+04  -2.2150E+03   4.1722E+04  -1.3128E+01   4.0739E+00   1.6590E+01  -1.0742E+00   3.3337E-01  -2.7152E+00
   1961.42   2.0298E+04  -2.2123E+03   4.1723E+04  -1.2700E+01   3.9414E+00   1.6050E+01  -1.0393E+00   3.2253E-01  -2.6268E+00
   1961.50   2.0301E+04  -2.2097E+03   4.1725E+04  -1.2282E+01   3.8117E+00   1.5521E+01  -1.0051E+00   3.1191E-01  -2.5402E+00
   1961.58   2.0303E+04  -2.2070E+03   4.1726E+04  -1.1877E+01   3.6859E+00   1.5008E+01  -9.7187E-01   3.0162E-01  -2.4563E+00
   1961.67   2.0305E+04  -2.2044E+03   4.1727E+04  -1.1487E+01   3.5650E+00   1.4515E+01  -9.3998E-01   2.9173E-01  -2.3756E+00
   1961.75   2.0308E+04  -2.2017E+03   4.1729E+04  -1.1116E+01   3.4501E+00   1.4047E+01  -9.0966E-01   2.8233E-01  -2.2989E+00
   1961.83   2.0310E+04  -2.1991E+03   4.1730E+04  -1.0769E+01   3.3423E+00   1.3607E+01  -8.8120E-01   2.7350E-01  -2.2269E+00
   1961.92   2.0312E+04  -2.1965E+03   4.1731E+04  -1.0447E+01   3.2425E+00   1.3200E+01  -8.5487E-01   2.6533E-01  -2.1603E+00
   1962.00   2.0314E+04  -2.1938E+03   4.1732E+04  -1.0154E+01   3.1518E+00   1.2830E+01  -8.3094E-01   2.5791E-01  -2.0997E+00
   1962.08   2.0317E+04  -2.1912E+03   4.1734E+04  -9.8939E+00   3.0710E+00   1.2500E+01  -8.0962E-01   2.5130E-01  -2.0458E+00
   1962.17   2.0319E+04  -2.1885E+03   4.1735E+04  -9.6640E+00   2.9997E+00   1.2209E+01  -7.9081E-01   2.4547E-01  -1.9981E+00
   1962.25   2.0321E+04  -2.1859E+03   4.1736E+04  -9.4629E+00   2.9373E+00   1.1954E+01  -7.7435E-01   2.4036E-01  -1.9565E+00
   1962.33   2.0324E+04  -2.1833E+03   4.1737E+04  -9.2884E+00   2.8832E+00   1.1733E+01  -7.6007E-01   2.3593E-01  -1.9203E+00
   1962.42   2.0326E+04  -2.1806E+03   4.1738E+04  -9.1384E+00   2.8367E+00   1.1543E+01  -7.4780E-01   2.3213E-01  -1.8892E+00
   1962.50   2.0328E+04  -2.1780E+03   4.1739E+04  -9.0111E+00   2.7972E+00   1.1382E+01  -7.3738E-01   2.2889E-01  -1.8628E+00
   1962.58   2.0330E+04  -2.1754E+03   4.1740E+04  -8.9042E+00   2.7640E+00   1.1246E+01  -7.2864E-01   2.2618E-01  -1.8406E+00
   1962.67   2.0333E+04  -2.1728E+03   4.1741E+04  -8.8158E+00   2.7366E+00   1.1134E+01  -7.2140E-01   2.2394E-01  -1.8222E+00
   1962.75   2.0335E+04  -2.1702E+03   4.1742E+04  -8.7438E+00   2.7143E+00   1.1043E+01  -7.1551E-01   2.2211E-01  -1.8073E+00
   1962.83   2.0337E+04  -2.1676E+03   4.1743E+04  -8.6862E+00   2.6964E+00   1.0970E+01  -7.1080E-01   2.2065E-01  -1.7953E+00
   1962.92   2.0340E+04  -2.1650E+03   4.1744E+04  -8.6410E+00   2.6824E+00   1.0912E+01  -7.0710E-01   2.1950E-01  -1.7858E+00
   1963.00   2.0342E+04  -2.1624E+03   4.1745E+04  -8.6060E+00   2.6715E+00   1.0867E+01  -7.0423E-01   2.1861E-01  -1.7785E+00
   1963.08   2.0344E+04  -2.1598E+03   4.1746E+04  -8.5793E+00   2.6632E+00   1.0833E+01  -7.0205E-01   2.1793E-01  -1.7729E+00
   1963.17   2.0346E+04  -2.1573E+03   4.1746E+04  -8.5588E+00   2.6569E+00   1.0807E+01  -7.0037E-01   2.1741E-01  -1.7686E+00
   1963.25   2.0349E+04  -2.1547E+03   4.1747E+04  -8.5425E+00   2.6518E+00   1.0786E+01  -6.9904E-01   2.1700E-01  -1.7652E+00
   1963.33   2.0351E+04  -2.1522E+03   4.1748E+04  -8.5283E+00   2.6473E+00   1.0767E+01  -6.9787E-01   2.1663E-01  -1.7622E+00
   1963.42   2.0353E+04  -2.1497E+03   4.1749E+04  -8.5142E+00   2.6429E+00   1.0749E+01  -6.9672E-01   2.1627E-01  -1.7592E+00
   1963.50   2.0355E+04  -2.1472E+03   4.1750E+04  -8.4981E+00   2.6379E+00   1.0728E+01  -6.9540E-01   2.1586E-01  -1.7558E+00
   1963.58   2.0358E+04  -2.1447E+03   4.1750E+04  -8.4780E+00   2.6317E+00   1.0703E+01  -6.9376E-01   2.1535E-01  -1.7516E+00
   1963.67   2.0360E+04  -2.1422E+03   4.1751E+04  -8.4518E+00   2.6235E+00   1.0669E+01  -6.9162E-01   2.1468E-01  -1.7461E+00
   1963.75   2.0362E+04  -2.1398E+03   4.1752E+04  -8.4176E+00   2.6129E+00   1.0626E+01  -6.8882E-01   2.1381E-01  -1.7390E+00
   1963.83   2.0364E+04  -2.1374E+03   4.1753E+04  -8.3733E+00   2.5991E+00   1.0569E+01  -6.8519E-01   2.1268E-01  -1.7298E+00
   1963.92   2.0367E+04  -2.1350E+03   4.1753E+04  -8.3167E+00   2.5815E+00   1.0498E+01  -6.8056E-01   2.1124E-01  -1.7181E+00
   1964.00   2.0369E+04  -2.1326E+03   4.1754E+04  -8.2460E+00   2.5595E+00   1.0408E+01  -6.7477E-01   2.0944E-01  -1.7034E+00
   1964.08   2.0371E+04  -2.1302E+03   4.1755E+04  -8.1597E+00   2.5327E+00   1.0299E+01  -6.6771E-01   2.0725E-01  -1.6855E+00
   1964.17   2.0374E+04  -2.1279E+03   4.1756E+04  -8.0595E+00   2.5015E+00   1.0172E+01  -6.5952E-01   2.0470E-01  -1.6648E+00
   1964.25   2.0376E+04  -2.1256E+03   4.1756E+04  -7.9478E+00   2.4668E+00   1.0031E+01  -6.5037E-01   2.0186E-01  -1.6416E+00
   1964.33   2.0378E+04  -2.1233E+03   4.1757E+04  -7.8268E+00   2.4292E+00   9.8778E+00  -6.4047E-01   1.9878E-01  -1.6166E+00
   1964.42   2.0381E+04  -2.1210E+03   4.1758E+04  -7.6989E+00   2.3894E+00   9.7161E+00  -6.3001E-01   1.9553E-01  -1.5901E+00
   1964.50   2.0383E+04  -2.1187E+03   4.1758E+04  -7.5665E+00   2.3483E+00   9.5486E+00  -6.1917E-01   1.9216E-01  -1.5627E+00
   1964.58   2.0385E+04  -2.1165E+03   4.1759E+04  -7.4319E+00   2.3064E+00   9.3784E+00  -6.0816E-01   1.8873E-01  -1.5349E+00
   1964.67   2.0388E+04  -2.1142E+03   4.1760E+04  -7.2975E+00   2.2646E+00   9.2083E+00  -5.9715E-01   1.8531E-01  -1.5070E+00
   1964.75   2.0390E+04  -2.1120E+03   4.1761E+04  -7.1655E+00   2.2235E+00   9.0413E+00  -5.8636E-01   1.8195E-01  -1.4797E+00
   1964.83   2.0392E+04  -2.1098E+03   4.1761E+04  -7.0384E+00   2.1839E+00   8.8804E+00  -5.7595E-01   1.7871E-01  -1.4534E+00
   1964.92   2.0395E+04  -2.1076E+03   4.1762E+04  -6.9184E+00   2.1466E+00   8.7286E+00  -5.6614E-01   1.7566E-01  -1.4285E+00
   1965.00   2.0397E+04  -2.1054E+03   4.1763E+04  -6.8080E+00   2.1122E+00   8.5887E+00  -5.5710E-01   1.7284E-01  -1.4056E+00
   1965.08   2.0399E+04  -2.1033E+03   4.1764E+04  -6.7094E+00   2.0814E+00   8.4637E+00  -5.4903E-01   1.7032E-01  -1.3852E+00
   1965.17   2.0402E+04  -2.1011E+03   4.1764E+04  -6.6250E+00   2.0550E+00   8.3567E+00  -5.4213E-01   1.6816E-01  -1.3677E+00
   1965.25   2.0404E+04  -2.0990E+03   4.1765E+04  -6.5572E+00   2.0338E+00   8.2705E+00  -5.3658E-01   1.6643E-01  -1.3536E+00
   1965.33   2.0406E+04  -2.0969E+03   4.1766E+04  -6.5083E+00   2.0184E+00   8.2080E+00  -5.3258E-01   1.6517E-01  -1.3433E+00
   1965.42   2.0409E+04  -2.0947E+03   4.1767E+04  -6.4806E+00   2.0096E+00   8.1724E+00  -5.3031E-01   1.6444E-01  -1.3375E+00
   1965.50   2.0411E+04  -2.0926E+03   4.1767E+04  -6.4765E+00   2.0080E+00   8.1664E+00  -5.2998E-01   1.6432E-01  -1.3365E+00
   1965.58   2.0413E+04  -2.0905E+03   4.1768E+04  -6.4984E+00   2.0145E+00   8.1931E+00  -5.3176E-01   1.6485E-01  -1.3409E+00
   1965.67   2.0416E+04  -2.0884E+03   4.1769E+04  -6.5485E+00   2.0297E+00   8.2554E+00  -5.3586E-01   1.6609E-01  -1.3511E+00
   1965.75   2.0418E+04  -2.0863E+03   4.1770E+04  -6.6292E+00   2.0545E+00   8.3563E+00  -5.4247E-01   1.6812E-01  -1.3676E+00
   1965.83   2.0420E+04  -2.0842E+03   4.1770E+04  -6.7429E+00   2.0894E+00   8.4987E+00  -5.5177E-01   1.7097E-01  -1.3909E+00
   1965.92   2.0423E+04  -2.0821E+03   4.1771E+04  -6.8918E+00   2.1352E+00   8.6856E+00  -5.6396E-01   1.7472E-01  -1.4215E+00
   1966.00   2.0425E+04  -2.0800E+03   4.1772E+04  -7.0785E+00   2.1927E+00   8.9199E+00  -5.7923E-01   1.7943E-01  -1.4598E+00
   1966.08   2.0427E+04  -2.0780E+03   4.1773E+04  -7.3041E+00   2.2623E+00   9.2034E+00  -5.9770E-01   1.8512E-01  -1.5062E+00
   1966.17   2.0430E+04  -2.0759E+03   4.1774E+04  -7.5664E+00   2.3432E+00   9.5331E+00  -6.1916E-01   1.9174E-01  -1.5602E+00
   1966.25   2.0432E+04  -2.0738E+03   4.1775E+04  -7.8620E+00   2.4344E+00   9.9047E+00  -6.4335E-01   1.9921E-01  -1.6210E+00
   1966.33   2.0434E+04  -2.0717E+03   4.1775E+04  -8.1875E+00   2.5349E+00   1.0314E+01  -6.6999E-01   2.0743E-01  -1.6880E+00
   1966.42   2.0436E+04  -2.0697E+03   4.1776E+04  -8.5397E+00   2.6436E+00   1.0757E+01  -6.9880E-01   2.1633E-01  -1.7605E+00
   1966.50   2.0439E+04  -2.0676E+03   4.1777E+04  -8.9150E+00   2.7596E+00   1.1229E+01  -7.2952E-01   2.2582E-01  -1.8378E+00
   1966.58   2.0441E+04  -2.0655E+03   4.1778E+04  -9.3103E+00   2.8816E+00   1.1726E+01  -7.6186E-01   2.3581E-01  -1.9191E+00
   1966.67   2.0443E+04  -2.0635E+03   4.1779E+04  -9.7221E+00   3.0088E+00   1.2244E+01  -7.9556E-01   2.4621E-01  -2.0039E+00
   1966.75   2.0446E+04  -2.0614E+03   4.1780E+04  -1.0147E+01   3.1401E+00   1.2779E+01  -8.3034E-01   2.5696E-01  -2.0914E+00
   1966.83   2.0448E+04  -2.0594E+03   4.1781E+04  -1.0582E+01   3.2744E+00   1.3326E+01  -8.6592E-01   2.6795E-01  -2.1810E+00
   1966.92   2.0450E+04  -2.0574E+03   4.1782E+04  -1.1023E+01   3.4108E+00   1.3881E+01  -9.0204E-01   2.7911E-01  -2.2718E+00
   1967.00   2.0453E+04  -2.0554E+03   4.1783E+04  -1.1468E+01   3.5481E+00   1.4441E+01  -9.3841E-01   2.9034E-01  -2.3634E+00
   1967.08   2.0455E+04  -2.0534E+03   4.1784E+04  -1.1912E+01   3.6853E+00   1.5000E+01  -9.7477E-01   3.0157E-01  -2.4548E+00
   1967.17   2.0458E+04  -2.0514E+03   4.1785E+04  -1.2353E+01   3.8215E+00   1.5554E+01  -1.0108E+00   3.1271E-01  -2.5456E+00
   1967.25   2.0460E+04  -2.0494E+03   4.1786E+04  -1.2787E+01   3.9555E+00   1.6100E+01  -1.0463E+00   3.2368E-01  -2.6349E+00
   1967.33   2.0462E+04  -2.0474E+03   4.1787E+04  -1.3210E+01   4.0863E+00   1.6633E+01  -1.0810E+00   3.3439E-01  -2.7222E+00
   1967.42   2.0465E+04  -2.0454E+03   4.1788E+04  -1.3620E+01   4.2129E+00   1.7149E+01  -1.1145E+00   3.4475E-01  -2.8066E+00
   1967.50   2.0467E+04  -2.0435E+03   4.1789E+04  -1.4013E+01   4.3343E+00   1.7643E+01  -1.1467E+00   3.5468E-01  -2.8875E+00
   1967.58   2.0470E+04  -2.0416E+03   4.1791E+04  -1.4386E+01   4.4494E+00   1.8112E+01  -1.1772E+00   3.6410E-01  -2.9642E+00
   1967.67   2.0472E+04  -2.0397E+03   4.1792E+04  -1.4735E+01   4.5572E+00   1.8551E+01  -1.2058E+00   3.7291E-01  -3.0361E+00
   1967.75   2.0475E+04  -2.0377E+03   4.1793E+04  -1.5057E+01   4.6566E+00   1.8956E+01  -1.2321E+00   3.8105E-01  -3.1024E+00
   1967.83   2.0477E+04  -2.0359E+03   4.1794E+04  -1.5349E+01   4.7466E+00   1.9323E+01  -1.2560E+00   3.8841E-01  -3.1625E+00
   1967.92   2.0480E+04  -2.0340E+03   4.1796E+04  -1.5607E+01   4.8261E+00   1.9648E+01  -1.2771E+00   3.9492E-01  -3.2156E+00
   1968.00   2.0483E+04  -2.0321E+03   4.1797E+04  -1.5828E+01   4.8942E+00   1.9925E+01  -1.2952E+00   4.0050E-01  -3.2610E+00
   1968.08   2.0485E+04  -2.0303E+03   4.1798E+04  -1.6009E+01   4.9501E+00   2.0153E+01  -1.3101E+00   4.0507E-01  -3.2983E+00
   1968.17   2.0488E+04  -2.0285E+03   4.1800E+04  -1.6152E+01   4.9940E+00   2.0333E+01  -1.3218E+00   4.0866E-01  -3.3277E+00
   1968.25   2.0491E+04  -2.0267E+03   4.1801E+04  -1.6259E+01   5.0265E+00   2.0466E+01  -1.3304E+00   4.1132E-01  -3.3495E+00
   1968.33   2.0493E+04  -2.0249E+03   4.1803E+04  -1.6330E+01   5.0482E+00   2.0555E+01  -1.3363E+00   4.1310E-01  -3.3640E+00
   1968.42   2.0496E+04  -2.0231E+03   4.1804E+04  -1.6368E+01   5.0597E+00   2.0602E+01  -1.3394E+00   4.1404E-01  -3.3718E+00
   1968.50   2.0499E+04  -2.0213E+03   4.1806E+04  -1.6375E+01   5.0615E+00   2.0610E+01  -1.3399E+00   4.1418E-01  -3.3731E+00
   1968.58   2.0502E+04  -2.0196E+03   4.1807E+04  -1.6352E+01   5.0541E+00   2.0581E+01  -1.3381E+00   4.1358E-01  -3.3683E+00
   1968.67   2.0505E+04  -2.0178E+03   4.1809E+04  -1.6302E+01   5.0382E+00   2.0517E+01  -1.3340E+00   4.1228E-01  -3.3578E+00
   1968.75   2.0508E+04  -2.0161E+03   4.1810E+04  -1.6225E+01   5.0143E+00   2.0420E+01  -1.3277E+00   4.1032E-01  -3.3420E+00
   1968.83   2.0510E+04  -2.0143E+03   4.1812E+04  -1.6125E+01   4.9829E+00   2.0294E+01  -1.3195E+00   4.0775E-01  -3.3213E+00
   1968.92   2.0513E+04  -2.0126E+03   4.1814E+04  -1.6003E+01   4.9447E+00   2.0139E+01  -1.3095E+00   4.0462E-01  -3.2959E+00
   1969.00   2.0516E+04  -2.0109E+03   4.1815E+04  -1.5860E+01   4.9001E+00   1.9958E+01  -1.2978E+00   4.0098E-01  -3.2664E+00
   1969.08   2.0519E+04  -2.0091E+03   4.1817E+04  -1.5699E+01   4.8498E+00   1.9754E+01  -1.2846E+00   3.9686E-01  -3.2330E+00
   1969.17   2.0522E+04  -2.0074E+03   4.1819E+04  -1.5520E+01   4.7943E+00   1.9529E+01  -1.2700E+00   3.9232E-01  -3.1962E+00
   1969.25   2.0525E+04  -2.0056E+03   4.1820E+04  -1.5327E+01   4.7342E+00   1.9285E+01  -1.2542E+00   3.8740E-01  -3.1563E+00
   1969.33   2.0528E+04  -2.0039E+03   4.1822E+04  -1.5121E+01   4.6700E+00   1.9025E+01  -1.2374E+00   3.8215E-01  -3.1137E+00
   1969.42   2.0531E+04  -2.0022E+03   4.1824E+04  -1.4903E+01   4.6024E+00   1.8751E+01  -1.2196E+00   3.7661E-01  -3.0687E+00
   1969.50   2.0534E+04  -2.0004E+03   4.1826E+04  -1.4676E+01   4.5318E+00   1.8464E+01  -1.2010E+00   3.7084E-01  -3.0218E+00
   1969.58   2.0537E+04  -1.9986E+03   4.1827E+04  -1.4442E+01   4.4588E+00   1.8168E+01  -1.1818E+00   3.6487E-01  -2.9734E+00
   1969.67   2.0540E+04  -1.9969E+03   4.1829E+04  -1.4201E+01   4.3841E+00   1.7864E+01  -1.1621E+00   3.5875E-01  -2.9237E+00
   1969.75   2.0543E+04  -1.9951E+03   4.1831E+04  -1.3957E+01   4.3081E+00   1.7556E+01  -1.1421E+00   3.5253E-01  -2.8732E+00
   1969.83   2.0546E+04  -1.9933E+03   4.1832E+04  -1.3710E+01   4.2314E+00   1.7244E+01  -1.1219E+00   3.4626E-01  -2.8222E+00
   1969.92   2.0549E+04  -1.9915E+03   4.1834E+04  -1.3463E+01   4.1546E+00   1.6933E+01  -1.1016E+00   3.3997E-01  -2.7712E+00
   1970.00   2.0553E+04  -1.9897E+03   4.1836E+04  -1.3217E+01   4.0782E+00   1.6623E+01  -1.0815E+00   3.3372E-01  -2.7205E+00
   1970.08   2.0556E+04  -1.9878E+03   4.1838E+04  -1.2974E+01   4.0029E+00   1.6316E+01  -1.0617E+00   3.2756E-01  -2.6704E+00
   1970.17   2.0559E+04  -1.9860E+03   4.1839E+04  -1.2736E+01   3.9289E+00   1.6016E+01  -1.0422E+00   3.2150E-01  -2.6212E+00
   1970.25   2.0562E+04  -1.9841E+03   4.1841E+04  -1.2503E+01   3.8566E+00   1.5723E+01  -1.0232E+00   3.1559E-01  -2.5732E+00
   1970.33   2.0565E+04  -1.9822E+03   4.1843E+04  -1.2278E+01   3.7865E+00   1.5438E+01  -1.0047E+00   3.0985E-01  -2.5266E+00
   1970.42   2.0568E+04  -1.9803E+03   4.1844E+04  -1.2060E+01   3.7188E+00   1.5163E+01  -9.8687E-01   3.0431E-01  -2.4816E+00
   1970.50   2.0571E+04  -1.9783E+03   4.1846E+04  -1.1851E+01   3.6540E+00   1.4900E+01  -9.6981E-01   2.9901E-01  -2.4386E+00
   1970.58   2.0574E+04  -1.9764E+03   4.1848E+04  -1.1653E+01   3.5924E+00   1.4650E+01  -9.5360E-01   2.9397E-01  -2.3977E+00
   1970.67   2.0577E+04  -1.9744E+03   4.1849E+04  -1.1467E+01   3.5344E+00   1.4415E+01  -9.3834E-01   2.8922E-01  -2.3592E+00
   1970.75   2.0580E+04  -1.9724E+03   4.1851E+04  -1.1293E+01   3.4803E+00   1.4196E+01  -9.2414E-01   2.8480E-01  -2.3233E+00
   1970.83   2.0583E+04  -1.9704E+03   4.1853E+04  -1.1134E+01   3.4305E+00   1.3994E+01  -9.1107E-01   2.8072E-01  -2.2903E+00
   1970.92   2.0586E+04  -1.9684E+03   4.1854E+04  -1.0989E+01   3.3855E+00   1.3812E+01  -8.9926E-01   2.7703E-01  -2.2604E+00
   1971.00   2.0590E+04  -1.9663E+03   4.1856E+04  -1.0861E+01   3.3454E+00   1.3650E+01  -8.8879E-01   2.7376E-01  -2.2339E+00
   1971.08   2.0593E+04  -1.9642E+03   4.1858E+04  -1.0751E+01   3.3108E+00   1.3510E+01  -8.7975E-01   2.7092E-01  -2.2111E+00
   1971.17   2.0596E+04  -1.9621E+03   4.1859E+04  -1.0659E+01   3.2819E+00   1.3394E+01  -8.7226E-01   2.6856E-01  -2.1921E+00
   1971.25   2.0599E+04  -1.9600E+03   4.1861E+04  -1.0588E+01   3.2592E+00   1.3303E+01  -8.6640E-01   2.6670E-01  -2.1772E+00
   1971.33   2.0602E+04  -1.9579E+03   4.1862E+04  -1.0537E+01   3.2430E+00   1.3239E+01  -8.6228E-01   2.6538E-01  -2.1666E+00
   1971.42   2.0605E+04  -1.9557E+03   4.1864E+04  -1.0509E+01   3.2337E+00   1.3202E+01  -8.5999E-01   2.6462E-01  -2.1607E+00
   1971.50   2.0608E+04  -1.9535E+03   4.1866E+04  -1.0505E+01   3.2317E+00   1.3196E+01  -8.5963E-01   2.6445E-01  -2.1596E+00
   1971.58   2.0611E+04  -1.9513E+03   4.1867E+04  -1.0525E+01   3.2372E+00   1.3220E+01  -8.6130E-01   2.6490E-01  -2.1636E+00
   1971.67   2.0614E+04  -1.9490E+03   4.1869E+04  -1.0572E+01   3.2507E+00   1.3277E+01  -8.6510E-01   2.6601E-01  -2.1730E+00
   1971.75   2.0617E+04  -1.9467E+03   4.1871E+04  -1.0645E+01   3.2726E+00   1.3369E+01  -8.7112E-01   2.6780E-01  -2.1879E+00
   1971.83   2.0620E+04  -1.9444E+03   4.1872E+04  -1.0747E+01   3.3032E+00   1.3496E+01  -8.7947E-01   2.7030E-01  -2.2087E+00
   1971.92   2.0623E+04  -1.9421E+03   4.1874E+04  -1.0879E+01   3.3429E+00   1.3660E+01  -8.9023E-01   2.7355E-01  -2.2356E+00
   1972.00   2.0626E+04  -1.9398E+03   4.1875E+04  -1.1041E+01   3.3920E+00   1.3862E+01  -9.0351E-01   2.7757E-01  -2.2687E+00
   1972.08   2.0629E+04  -1.9374E+03   4.1877E+04  -1.1235E+01   3.4506E+00   1.4104E+01  -9.1935E-01   2.8237E-01  -2.3083E+00
   1972.17   2.0632E+04  -1.9350E+03   4.1879E+04  -1.1457E+01   3.5181E+00   1.4382E+01  -9.3752E-01   2.8789E-01  -2.3538E+00
   1972.25   2.0635E+04  -1.9325E+03   4.1880E+04  -1.1704E+01   3.5932E+00   1.4691E+01  -9.5774E-01   2.9403E-01  -2.4044E+00
   1972.33   2.0638E+04  -1.9301E+03   4.1882E+04  -1.1973E+01   3.6750E+00   1.5027E+01  -9.7973E-01   3.0072E-01  -2.4594E+00
   1972.42   2.0641E+04  -1.9276E+03   4.1883E+04  -1.2260E+01   3.7623E+00   1.5386E+01  -1.0032E+00   3.0787E-01  -2.5181E+00
   1972.50   2.0644E+04  -1.9250E+03   4.1885E+04  -1.2561E+01   3.8541E+00   1.5764E+01  -1.0279E+00   3.1538E-01  -2.5799E+00
   1972.58   2.0647E+04  -1.9225E+03   4.1887E+04  -1.2874E+01   3.9494E+00   1.6155E+01  -1.0535E+00   3.2318E-01  -2.6440E+00
   1972.67   2.0649E+04  -1.9199E+03   4.1888E+04  -1.3194E+01   4.0471E+00   1.6556E+01  -1.0797E+00   3.3117E-01  -2.7096E+00
   1972.75   2.0652E+04  -1.9173E+03   4.1890E+04  -1.3519E+01   4.1461E+00   1.6963E+01  -1.1063E+00   3.3927E-01  -2.7762E+00
   1972.83   2.0655E+04  -1.9147E+03   4.1891E+04  -1.3844E+01   4.2453E+00   1.7371E+01  -1.1329E+00   3.4740E-01  -2.8429E+00
   1972.92   2.0658E+04  -1.9120E+03   4.1893E+04  -1.4167E+01   4.3438E+00   1.7775E+01  -1.1593E+00   3.5546E-01  -2.9091E+00
   1973.00   2.0661E+04  -1.9093E+03   4.1895E+04  -1.4484E+01   4.4404E+00   1.8172E+01  -1.1852E+00   3.6336E-01  -2.9741E+00
   1973.08   2.0664E+04  -1.9066E+03   4.1896E+04  -1.4791E+01   4.5341E+00   1.8557E+01  -1.2104E+00   3.7103E-01  -3.0370E+00
   1973.17   2.0667E+04  -1.9038E+03   4.1898E+04  -1.5086E+01   4.6238E+00   1.8925E+01  -1.2345E+00   3.7837E-01  -3.0973E+00
   1973.25   2.0670E+04  -1.9010E+03   4.1899E+04  -1.5363E+01   4.7085E+00   1.9273E+01  -1.2572E+00   3.8530E-01  -3.1543E+00
   1973.33   2.0672E+04  -1.8982E+03   4.1901E+04  -1.5621E+01   4.7871E+00   1.9596E+01  -1.2783E+00   3.9173E-01  -3.2071E+00
   1973.42   2.0675E+04  -1.8954E+03   4.1903E+04  -1.5856E+01   4.8585E+00   1.9890E+01  -1.2975E+00   3.9758E-01  -3.2551E+00
   1973.50   2.0678E+04  -1.8925E+03   4.1904E+04  -1.6063E+01   4.9217E+00   2.0149E+01  -1.3145E+00   4.0275E-01  -3.2977E+00
   1973.58   2.0681E+04  -1.8896E+03   4.1906E+04  -1.6240E+01   4.9757E+00   2.0371E+01  -1.3290E+00   4.0716E-01  -3.3340E+00
   1973.67   2.0684E+04  -1.8866E+03   4.1908E+04  -1.6384E+01   5.0192E+00   2.0551E+01  -1.3407E+00   4.1073E-01  -3.3633E+00
   1973.75   2.0687E+04  -1.8837E+03   4.1909E+04  -1.6490E+01   5.0514E+00   2.0683E+01  -1.3494E+00   4.1336E-01  -3.3851E+00
   1973.83   2.0690E+04  -1.8807E+03   4.1911E+04  -1.6555E+01   5.0711E+00   2.0765E+01  -1.3547E+00   4.1497E-01  -3.3984E+00
   1973.92   2.0692E+04  -1.8776E+03   4.1913E+04  -1.6577E+01   5.0773E+00   2.0791E+01  -1.3565E+00   4.1548E-01  -3.4027E+00
   1974.00   2.0695E+04  -1.8746E+03   4.1915E+04  -1.6550E+01   5.0690E+00   2.0758E+01  -1.3543E+00   4.1479E-01  -3.3972E+00
   1974.08   2.0698E+04  -1.8715E+03   4.1916E+04  -1.6474E+01   5.0453E+00   2.0662E+01  -1.3481E+00   4.1286E-01  -3.3815E+00
   1974.17   2.0701E+04  -1.8684E+03   4.1918E+04  -1.6351E+01   5.0074E+00   2.0507E+01  -1.3380E+00   4.0975E-01  -3.3562E+00
   1974.25   2.0704E+04  -1.8652E+03   4.1920E+04  -1.6186E+01   4.9564E+00   2.0299E+01  -1.3245E+00   4.0558E-01  -3.3222E+00
   1974.33   2.0707E+04  -1.8620E+03   4.1922E+04  -1.5982E+01   4.8937E+00   2.0044E+01  -1.3078E+00   4.0046E-01  -3.2804E+00
   1974.42   2.0710E+04  -1.8588E+03   4.1923E+04  -1.5745E+01   4.8207E+00   1.9746E+01  -1.2884E+00   3.9448E-01  -3.2316E+00
   1974.50   2.0713E+04  -1.8556E+03   4.1925E+04  -1.5478E+01   4.7387E+00   1.9410E+01  -1.2666E+00   3.8777E-01  -3.1767E+00
   1974.58   2.0715E+04  -1.8523E+03   4.1927E+04  -1.5186E+01   4.6489E+00   1.9044E+01  -1.2427E+00   3.8042E-01  -3.1167E+00
   1974.67   2.0718E+04  -1.8490E+03   4.1929E+04  -1.4873E+01   4.5527E+00   1.8651E+01  -1.2170E+00   3.7255E-01  -3.0524E+00
   1974.75   2.0721E+04  -1.8457E+03   4.1930E+04  -1.4543E+01   4.4514E+00   1.8237E+01  -1.1901E+00   3.6426E-01  -2.9847E+00
   1974.83   2.0724E+04  -1.8423E+03   4.1932E+04  -1.4202E+01   4.3464E+00   1.7808E+01  -1.1621E+00   3.5567E-01  -2.9145E+00
   1974.92   2.0727E+04  -1.8389E+03   4.1934E+04  -1.3852E+01   4.2389E+00   1.7369E+01  -1.1335E+00   3.4687E-01  -2.8426E+00
   1975.00   2.0730E+04  -1.8355E+03   4.1936E+04  -1.3499E+01   4.1303E+00   1.6925E+01  -1.1046E+00   3.3799E-01  -2.7700E+00
   1975.08   2.0732E+04  -1.8321E+03   4.1938E+04  -1.3146E+01   4.0219E+00   1.6483E+01  -1.0758E+00   3.2912E-01  -2.6976E+00
   1975.17   2.0735E+04  -1.8286E+03   4.1939E+04  -1.2799E+01   3.9151E+00   1.6047E+01  -1.0474E+00   3.2037E-01  -2.6262E+00
   1975.25   2.0738E+04  -1.8251E+03   4.1941E+04  -1.2461E+01   3.8110E+00   1.5622E+01  -1.0197E+00   3.1186E-01  -2.5567E+00
   1975.33   2.0741E+04  -1.8216E+03   4.1943E+04  -1.2137E+01   3.7112E+00   1.5215E+01  -9.9316E-01   3.0369E-01  -2.4900E+00
   1975.42   2.0743E+04  -1.8181E+03   4.1944E+04  -1.1831E+01   3.6168E+00   1.4830E+01  -9.6810E-01   2.9596E-01  -2.4270E+00
   1975.50   2.0746E+04  -1.8145E+03   4.1946E+04  -1.1547E+01   3.5292E+00   1.4473E+01  -9.4486E-01   2.8879E-01  -2.3686E+00
   1975.58   2.0749E+04  -1.8109E+03   4.1948E+04  -1.1289E+01   3.4497E+00   1.4149E+01  -9.2381E-01   2.8229E-01  -2.3157E+00
   1975.67   2.0752E+04  -1.8073E+03   4.1950E+04  -1.1063E+01   3.3797E+00   1.3864E+01  -9.0529E-01   2.7656E-01  -2.2690E+00
   1975.75   2.0754E+04  -1.8036E+03   4.1951E+04  -1.0872E+01   3.3204E+00   1.3624E+01  -8.8966E-01   2.7171E-01  -2.2297E+00
   1975.83   2.0757E+04  -1.8000E+03   4.1953E+04  -1.0721E+01   3.2732E+00   1.3433E+01  -8.7727E-01   2.6785E-01  -2.1984E+00
   1975.92   2.0760E+04  -1.7963E+03   4.1954E+04  -1.0613E+01   3.2394E+00   1.3297E+01  -8.6848E-01   2.6508E-01  -2.1762E+00
   1976.00   2.0762E+04  -1.7926E+03   4.1956E+04  -1.0554E+01   3.2203E+00   1.3222E+01  -8.6364E-01   2.6352E-01  -2.1638E+00
   1976.08   2.0765E+04  -1.7888E+03   4.1957E+04  -1.0546E+01   3.2169E+00   1.3210E+01  -8.6298E-01   2.6324E-01  -2.1620E+00
   1976.17   2.0767E+04  -1.7851E+03   4.1959E+04  -1.0586E+01   3.2282E+00   1.3260E+01  -8.6630E-01   2.6417E-01  -2.1701E+00
   1976.25   2.0770E+04  -1.7813E+03   4.1960E+04  -1.0671E+01   3.2531E+00   1.3365E+01  -8.7324E-01   2.6620E-01  -2.1873E+00
   1976.33   2.0772E+04  -1.7775E+03   4.1962E+04  -1.0797E+01   3.2903E+00   1.3520E+01  -8.8349E-01   2.6925E-01  -2.2127E+00
   1976.42   2.0775E+04  -1.7736E+03   4.1963E+04  -1.0958E+01   3.3386E+00   1.3721E+01  -8.9671E-01   2.7320E-01  -2.2457E+00
   1976.50   2.0777E+04  -1.7698E+03   4.1965E+04  -1.1152E+01   3.3968E+00   1.3963E+01  -9.1256E-01   2.7796E-01  -2.2852E+00
   1976.58   2.0780E+04  -1.7659E+03   4.1966E+04  -1.1374E+01   3.4635E+00   1.4239E+01  -9.3072E-01   2.8342E-01  -2.3304E+00
   1976.67   2.0782E+04  -1.7620E+03   4.1967E+04  -1.1620E+01   3.5375E+00   1.4546E+01  -9.5083E-01   2.8948E-01  -2.3807E+00
   1976.75   2.0785E+04  -1.7581E+03   4.1969E+04  -1.1885E+01   3.6177E+00   1.4878E+01  -9.7259E-01   2.9604E-01  -2.4350E+00
   1976.83   2.0787E+04  -1.7542E+03   4.1970E+04  -1.2167E+01   3.7027E+00   1.5230E+01  -9.9564E-01   3.0300E-01  -2.4925E+00
   1976.92   2.0789E+04  -1.7502E+03   4.1971E+04  -1.2461E+01   3.7914E+00   1.5596E+01  -1.0197E+00   3.1025E-01  -2.5525E+00
   1977.00   2.0792E+04  -1.7462E+03   4.1973E+04  -1.2762E+01   3.8824E+00   1.5973E+01  -1.0443E+00   3.1770E-01  -2.6141E+00
   1977.08   2.0794E+04  -1.7422E+03   4.1974E+04  -1.3067E+01   3.9746E+00   1.6353E+01  -1.0692E+00   3.2524E-01  -2.6764E+00
   1977.17   2.0796E+04  -1.7382E+03   4.1975E+04  -1.3371E+01   4.0666E+00   1.6734E+01  -1.0942E+00   3.3277E-01  -2.7387E+00
   1977.25   2.0799E+04  -1.7342E+03   4.1976E+04  -1.3671E+01   4.1573E+00   1.7108E+01  -1.1187E+00   3.4020E-01  -2.8000E+00
   1977.33   2.0801E+04  -1.7301E+03   4.1977E+04  -1.3962E+01   4.2455E+00   1.7472E+01  -1.1425E+00   3.4741E-01  -2.8596E+00
   1977.42   2.0803E+04  -1.7260E+03   4.1979E+04  -1.4241E+01   4.3297E+00   1.7821E+01  -1.1653E+00   3.5430E-01  -2.9165E+00
   1977.50   2.0805E+04  -1.7219E+03   4.1980E+04  -1.4503E+01   4.4090E+00   1.8148E+01  -1.1868E+00   3.6079E-01  -2.9701E+00
   1977.58   2.0807E+04  -1.7178E+03   4.1981E+04  -1.4744E+01   4.4818E+00   1.8449E+01  -1.2065E+00   3.6675E-01  -3.0194E+00
   1977.67   2.0810E+04  -1.7136E+03   4.1982E+04  -1.4960E+01   4.5472E+00   1.8719E+01  -1.2242E+00   3.7210E-01  -3.0636E+00
   1977.75   2.0812E+04  -1.7094E+03   4.1983E+04  -1.5147E+01   4.6037E+00   1.8953E+01  -1.2395E+00   3.7672E-01  -3.1019E+00
   1977.83   2.0814E+04  -1.7052E+03   4.1984E+04  -1.5302E+01   4.6502E+00   1.9145E+01  -1.2521E+00   3.8053E-01  -3.1334E+00
   1977.92   2.0816E+04  -1.7010E+03   4.1985E+04  -1.5419E+01   4.6854E+00   1.9291E+01  -1.2617E+00   3.8341E-01  -3.1573E+00
   1978.00   2.0818E+04  -1.6968E+03   4.1986E+04  -1.5495E+01   4.7081E+00   1.9386E+01  -1.2679E+00   3.8526E-01  -3.1727E+00
   1978.08   2.0820E+04  -1.6926E+03   4.1987E+04  -1.5526E+01   4.7174E+00   1.9425E+01  -1.2705E+00   3.8602E-01  -3.1792E+00
   1978.17   2.0822E+04  -1.6883E+03   4.1988E+04  -1.5517E+01   4.7141E+00   1.9413E+01  -1.2698E+00   3.8575E-01  -3.1771E+00
   1978.25   2.0824E+04  -1.6840E+03   4.1989E+04  -1.5470E+01   4.6994E+00   1.9354E+01  -1.2659E+00   3.8455E-01  -3.1674E+00
   1978.33   2.0826E+04  -1.6797E+03   4.1990E+04  -1.5389E+01   4.6744E+00   1.9252E+01  -1.2593E+00   3.8251E-01  -3.1508E+00
   1978.42   2.0828E+04  -1.6754E+03   4.1991E+04  -1.5278E+01   4.6403E+00   1.9113E+01  -1.2502E+00   3.7972E-01  -3.1281E+00
   1978.50   2.0830E+04  -1.6710E+03   4.1992E+04  -1.5142E+01   4.5983E+00   1.8942E+01  -1.2391E+00   3.7628E-01  -3.1000E+00
   1978.58   2.0832E+04  -1.6667E+03   4.1993E+04  -1.4983E+01   4.5496E+00   1.8743E+01  -1.2261E+00   3.7230E-01  -3.0674E+00
   1978.67   2.0834E+04  -1.6623E+03   4.1994E+04  -1.4806E+01   4.4953E+00   1.8521E+01  -1.2116E+00   3.6785E-01  -3.0311E+00
   1978.75   2.0836E+04  -1.6580E+03   4.1995E+04  -1.4615E+01   4.4366E+00   1.8281E+01  -1.1960E+00   3.6305E-01  -2.9919E+00
   1978.83   2.0837E+04  -1.6536E+03   4.1996E+04  -1.4413E+01   4.3747E+00   1.8028E+01  -1.1794E+00   3.5798E-01  -2.9505E+00
   1978.92   2.0839E+04  -1.6492E+03   4.1997E+04  -1.4205E+01   4.3107E+00   1.7766E+01  -1.1624E+00   3.5275E-01  -2.9077E+00
   1979.00   2.0841E+04  -1.6449E+03   4.1998E+04  -1.3994E+01   4.2459E+00   1.7502E+01  -1.1451E+00   3.4744E-01  -2.8643E+00
   1979.08   2.0843E+04  -1.6405E+03   4.1999E+04  -1.3784E+01   4.1813E+00   1.7238E+01  -1.1279E+00   3.4216E-01  -2.8212E+00
   1979.17   2.0844E+04  -1.6361E+03   4.2000E+04  -1.3579E+01   4.1182E+00   1.6981E+01  -1.1112E+00   3.3699E-01  -2.7791E+00
   1979.25   2.0846E+04  -1.6317E+03   4.2001E+04  -1.3383E+01   4.0577E+00   1.6734E+01  -1.0951E+00   3.3204E-01  -2.7388E+00
   1979.33   2.0848E+04  -1.6273E+03   4.2001E+04  -1.3199E+01   4.0010E+00   1.6504E+01  -1.0801E+00   3.2740E-01  -2.7010E+00
   1979.42   2.0849E+04  -1.6230E+03   4.2002E+04  -1.3032E+01   3.9493E+00   1.6294E+01  -1.0664E+00   3.2317E-01  -2.6667E+00
   1979.50   2.0851E+04  -1.6186E+03   4.2003E+04  -1.2886E+01   3.9037E+00   1.6110E+01  -1.0544E+00   3.1944E-01  -2.6365E+00
   1979.58   2.0853E+04  -1.6142E+03   4.2004E+04  -1.2763E+01   3.8655E+00   1.5956E+01  -1.0444E+00   3.1631E-01  -2.6113E+00
   1979.67   2.0854E+04  -1.6099E+03   4.2005E+04  -1.2669E+01   3.8357E+00   1.5837E+01  -1.0367E+00   3.1388E-01  -2.5919E+00
   1979.75   2.0856E+04  -1.6055E+03   4.2006E+04  -1.2608E+01   3.8156E+00   1.5758E+01  -1.0317E+00   3.1223E-01  -2.5790E+00
   1979.83   2.0857E+04  -1.6012E+03   4.2007E+04  -1.2581E+01   3.8063E+00   1.5724E+01  -1.0295E+00   3.1147E-01  -2.5735E+00
   1979.92   2.0859E+04  -1.5968E+03   4.2007E+04  -1.2595E+01   3.8090E+00   1.5740E+01  -1.0307E+00   3.1169E-01  -2.5760E+00
   1980.00   2.0860E+04  -1.5925E+03   4.2008E+04  -1.2652E+01   3.8249E+00   1.5810E+01  -1.0354E+00   3.1299E-01  -2.5875E+00
   1980.08   2.0862E+04  -1.5882E+03   4.2009E+04  -1.2756E+01   3.8547E+00   1.5938E+01  -1.0438E+00   3.1543E-01  -2.6085E+00
   1980.17   2.0863E+04  -1.5839E+03   4.2010E+04  -1.2904E+01   3.8978E+00   1.6121E+01  -1.0559E+00   3.1896E-01  -2.6384E+00
   1980.25   2.0864E+04  -1.5797E+03   4.2011E+04  -1.3092E+01   3.9532E+00   1.6355E+01  -1.0713E+00   3.2349E-01  -2.6767E+00
   1980.33   2.0866E+04  -1.5754E+03   4.2011E+04  -1.3316E+01   4.0196E+00   1.6635E+01  -1.0897E+00   3.2893E-01  -2.7224E+00
   1980.42   2.0867E+04  -1.5711E+03   4.2012E+04  -1.3575E+01   4.0962E+00   1.6956E+01  -1.1108E+00   3.3519E-01  -2.7750E+00
   1980.50   2.0868E+04  -1.5669E+03   4.2013E+04  -1.3863E+01   4.1817E+00   1.7314E+01  -1.1344E+00   3.4219E-01  -2.8337E+00
   1980.58   2.0870E+04  -1.5627E+03   4.2014E+04  -1.4177E+01   4.2752E+00   1.7706E+01  -1.1601E+00   3.4984E-01  -2.8977E+00
   1980.67   2.0871E+04  -1.5584E+03   4.2014E+04  -1.4514E+01   4.3755E+00   1.8126E+01  -1.1877E+00   3.5805E-01  -2.9665E+00
   1980.75   2.0872E+04  -1.5542E+03   4.2015E+04  -1.4870E+01   4.4817E+00   1.8569E+01  -1.2168E+00   3.6674E-01  -3.0391E+00
   1980.83   2.0873E+04  -1.5500E+03   4.2016E+04  -1.5242E+01   4.5926E+00   1.9033E+01  -1.2473E+00   3.7581E-01  -3.1149E+00
   1980.92   2.0874E+04  -1.5458E+03   4.2017E+04  -1.5626E+01   4.7071E+00   1.9512E+01  -1.2787E+00   3.8518E-01  -3.1933E+00
   1981.00   2.0876E+04  -1.5416E+03   4.2017E+04  -1.6019E+01   4.8242E+00   2.0001E+01  -1.3108E+00   3.9477E-01  -3.2734E+00
   1981.08   2.0877E+04  -1.5374E+03   4.2018E+04  -1.6417E+01   4.9429E+00   2.0497E+01  -1.3434E+00   4.0448E-01  -3.3545E+00
   1981.17   2.0878E+04  -1.5332E+03   4.2019E+04  -1.6816E+01   5.0620E+00   2.0994E+01  -1.3761E+00   4.1423E-01  -3.4359E+00
   1981.25   2.0879E+04  -1.5290E+03   4.2020E+04  -1.7213E+01   5.1805E+00   2.1489E+01  -1.4086E+00   4.2393E-01  -3.5170E+00
   1981.33   2.0880E+04  -1.5248E+03   4.2021E+04  -1.7605E+01   5.2974E+00   2.1978E+01  -1.4406E+00   4.3349E-01  -3.5969E+00
   1981.42   2.0881E+04  -1.5206E+03   4.2021E+04  -1.7988E+01   5.4115E+00   2.2455E+01  -1.4719E+00   4.4282E-01  -3.6749E+00
   1981.50   2.0882E+04  -1.5164E+03   4.2022E+04  -1.8358E+01   5.5218E+00   2.2916E+01  -1.5022E+00   4.5185E-01  -3.7504E+00
   1981.58   2.0883E+04  -1.5122E+03   4.2023E+04  -1.8712E+01   5.6272E+00   2.3357E+01  -1.5312E+00   4.6047E-01  -3.8226E+00
   1981.67   2.0885E+04  -1.5080E+03   4.2024E+04  -1.9046E+01   5.7266E+00   2.3773E+01  -1.5585E+00   4.6861E-01  -3.8907E+00
   1981.75   2.0886E+04  -1.5038E+03   4.2025E+04  -1.9357E+01   5.8191E+00   2.4160E+01  -1.5840E+00   4.7618E-01  -3.9541E+00
   1981.83   2.0887E+04  -1.4996E+03   4.2025E+04  -1.9641E+01   5.9034E+00   2.4514E+01  -1.6072E+00   4.8308E-01  -4.0121E+00
   1981.92   2.0888E+04  -1.4953E+03   4.2026E+04  -1.9895E+01   5.9787E+00   2.4831E+01  -1.6280E+00   4.8924E-01  -4.0638E+00
   1982.00   2.0889E+04  -1.4911E+03   4.2027E+04  -2.0115E+01   6.0436E+00   2.5105E+01  -1.6460E+00   4.9455E-01  -4.1086E+00
   1982.08   2.0890E+04  -1.4869E+03   4.2028E+04  -2.0298E+01   6.0976E+00   2.5333E+01  -1.6610E+00   4.9897E-01  -4.1460E+00
   1982.17   2.0891E+04  -1.4826E+03   4.2029E+04  -2.0446E+01   6.1407E+00   2.5516E+01  -1.6731E+00   5.0250E-01  -4.1760E+00
   1982.25   2.0892E+04  -1.4784E+03   4.2030E+04  -2.0559E+01   6.1734E+00   2.5657E+01  -1.6824E+00   5.0517E-01  -4.1990E+00
   1982.33   2.0893E+04  -1.4741E+03   4.2030E+04  -2.0639E+01   6.1962E+00   2.5756E+01  -1.6889E+00   5.0704E-01  -4.2152E+00
   1982.42   2.0894E+04  -1.4698E+03   4.2031E+04  -2.0688E+01   6.2094E+00   2.5816E+01  -1.6929E+00   5.0812E-01  -4.2250E+00
   1982.50   2.0895E+04  -1.4656E+03   4.2032E+04  -2.0706E+01   6.2136E+00   2.5838E+01  -1.6944E+00   5.0846E-01  -4.2287E+00
   1982.58   2.0896E+04  -1.4613E+03   4.2033E+04  -2.0696E+01   6.2092E+00   2.5825E+01  -1.6936E+00   5.0810E-01  -4.2265E+00
   1982.67   2.0897E+04  -1.4570E+03   4.2034E+04  -2.0659E+01   6.1965E+00   2.5777E+01  -1.6905E+00   5.0706E-01  -4.2187E+00
   1982.75   2.0898E+04  -1.4527E+03   4.2035E+04  -2.0596E+01   6.1761E+00   2.5698E+01  -1.6854E+00   5.0540E-01  -4.2057E+00
   1982.83   2.0899E+04  -1.4485E+03   4.2036E+04  -2.0509E+01   6.1485E+00   2.5588E+01  -1.6782E+00   5.0313E-01  -4.1877E+00
   1982.92   2.0900E+04  -1.4442E+03   4.2037E+04  -2.0399E+01   6.1139E+00   2.5450E+01  -1.6692E+00   5.0030E-01  -4.1651E+00
   1983.00   2.0901E+04  -1.4399E+03   4.2038E+04  -2.0267E+01   6.0730E+00   2.5285E+01  -1.6585E+00   4.9695E-01  -4.1381E+00
   1983.08   2.0902E+04  -1.4356E+03   4.2039E+04  -2.0116E+01   6.0261E+00   2.5095E+01  -1.6461E+00   4.9311E-01  -4.1071E+00
   1983.17   2.0903E+04  -1.4314E+03   4.2040E+04  -1.9946E+01   5.9736E+00   2.4882E+01  -1.6322E+00   4.8882E-01  -4.0723E+00
   1983.25   2.0904E+04  -1.4271E+03   4.2041E+04  -1.9760E+01   5.9161E+00   2.4649E+01  -1.6169E+00   4.8411E-01  -4.0340E+00
   1983.33   2.0905E+04  -1.4228E+03   4.2042E+04  -1.9557E+01   5.8539E+00   2.4395E+01  -1.6004E+00   4.7903E-01  -3.9926E+00
   1983.42   2.0906E+04  -1.4186E+03   4.2043E+04  -1.9341E+01   5.7875E+00   2.4125E+01  -1.5827E+00   4.7360E-01  -3.9483E+00
   1983.50   2.0907E+04  -1.4143E+03   4.2044E+04  -1.9112E+01   5.7174E+00   2.3838E+01  -1.5640E+00   4.6786E-01  -3.9014E+00
   1983.58   2.0908E+04  -1.4101E+03   4.2045E+04  -1.8872E+01   5.6440E+00   2.3538E+01  -1.5443E+00   4.6185E-01  -3.8522E+00
   1983.67   2.0909E+04  -1.4058E+03   4.2046E+04  -1.8623E+01   5.5677E+00   2.3226E+01  -1.5239E+00   4.5561E-01  -3.8011E+00
   1983.75   2.0909E+04  -1.4016E+03   4.2047E+04  -1.8365E+01   5.4889E+00   2.2903E+01  -1.5028E+00   4.4916E-01  -3.7483E+00
   1983.83   2.0910E+04  -1.3974E+03   4.2049E+04  -1.8100E+01   5.4082E+00   2.2572E+01  -1.4811E+00   4.4256E-01  -3.6941E+00
   1983.92   2.0911E+04  -1.3932E+03   4.2050E+04  -1.7830E+01   5.3260E+00   2.2234E+01  -1.4590E+00   4.3583E-01  -3.6389E+00
   1984.00   2.0912E+04  -1.3890E+03   4.2051E+04  -1.7556E+01   5.2426E+00   2.1892E+01  -1.4366E+00   4.2901E-01  -3.5828E+00
   1984.08   2.0912E+04  -1.3848E+03   4.2052E+04  -1.7279E+01   5.1586E+00   2.1546E+01  -1.4140E+00   4.2213E-01  -3.5263E+00
   1984.17   2.0913E+04  -1.3807E+03   4.2053E+04  -1.7001E+01   5.0739E+00   2.1198E+01  -1.3912E+00   4.1520E-01  -3.4692E+00
   1984.25   2.0914E+04  -1.3765E+03   4.2055E+04  -1.6720E+01   4.9886E+00   2.0846E+01  -1.3682E+00   4.0822E-01  -3.4117E+00
   1984.33   2.0914E+04  -1.3724E+03   4.2056E+04  -1.6437E+01   4.9027E+00   2.0493E+01  -1.3450E+00   4.0119E-01  -3.3538E+00
   1984.42   2.0915E+04  -1.3682E+03   4.2057E+04  -1.6152E+01   4.8164E+00   2.0136E+01  -1.3217E+00   3.9413E-01  -3.2955E+00
   1984.50   2.0915E+04  -1.3641E+03   4.2059E+04  -1.5865E+01   4.7295E+00   1.9778E+01  -1.2982E+00   3.8702E-01  -3.2369E+00
   1984.58   2.0916E+04  -1.3600E+03   4.2060E+04  -1.5576E+01   4.6422E+00   1.9417E+01  -1.2746E+00   3.7987E-01  -3.1778E+00
   1984.67   2.0917E+04  -1.3559E+03   4.2061E+04  -1.5286E+01   4.5544E+00   1.9055E+01  -1.2508E+00   3.7269E-01  -3.1185E+00
   1984.75   2.0917E+04  -1.3519E+03   4.2063E+04  -1.4994E+01   4.4662E+00   1.8690E+01  -1.2269E+00   3.6547E-01  -3.0588E+00
   1984.83   2.0917E+04  -1.3478E+03   4.2064E+04  -1.4700E+01   4.3777E+00   1.8324E+01  -1.2029E+00   3.5822E-01  -2.9989E+00
   1984.92   2.0918E+04  -1.3438E+03   4.2066E+04  -1.4406E+01   4.2888E+00   1.7956E+01  -1.1788E+00   3.5095E-01  -2.9386E+00
   1985.00   2.0918E+04  -1.3398E+03   4.2067E+04  -1.4110E+01   4.1996E+00   1.7586E+01  -1.1546E+00   3.4365E-01  -2.8781E+00
   1985.08   2.0919E+04  -1.3357E+03   4.2069E+04  -1.3813E+01   4.1101E+00   1.7215E+01  -1.1303E+00   3.3633E-01  -2.8174E+00
   1985.17   2.0919E+04  -1.3317E+03   4.2070E+04  -1.3514E+01   4.0203E+00   1.6843E+01  -1.1059E+00   3.2899E-01  -2.7565E+00
   1985.25   2.0920E+04  -1.3278E+03   4.2072E+04  -1.3215E+01   3.9304E+00   1.6470E+01  -1.0814E+00   3.2163E-01  -2.6954E+00
   1985.33   2.0920E+04  -1.3238E+03   4.2073E+04  -1.2916E+01   3.8403E+00   1.6095E+01  -1.0569E+00   3.1425E-01  -2.6342E+00
   1985.42   2.0921E+04  -1.3199E+03   4.2075E+04  -1.2615E+01   3.7500E+00   1.5720E+01  -1.0323E+00   3.0686E-01  -2.5728E+00
   1985.50   2.0921E+04  -1.3159E+03   4.2076E+04  -1.2314E+01   3.6595E+00   1.5345E+01  -1.0077E+00   2.9946E-01  -2.5113E+00
   1985.58   2.0921E+04  -1.3120E+03   4.2078E+04  -1.2012E+01   3.5690E+00   1.4968E+01  -9.8297E-01   2.9206E-01  -2.4497E+00
   1985.67   2.0922E+04  -1.3081E+03   4.2079E+04  -1.1710E+01   3.4785E+00   1.4591E+01  -9.5826E-01   2.8464E-01  -2.3880E+00
   1985.75   2.0922E+04  -1.3042E+03   4.2081E+04  -1.1408E+01   3.3879E+00   1.4214E+01  -9.3352E-01   2.7723E-01  -2.3263E+00
   1985.83   2.0923E+04  -1.3004E+03   4.2083E+04  -1.1106E+01   3.2973E+00   1.3837E+01  -9.0877E-01   2.6982E-01  -2.2646E+00
   1985.92   2.0923E+04  -1.2965E+03   4.2084E+04  -1.0803E+01   3.2067E+00   1.3459E+01  -8.8402E-01   2.6241E-01  -2.2028E+00
   1986.00   2.0923E+04  -1.2927E+03   4.2086E+04  -1.0501E+01   3.1162E+00   1.3082E+01  -8.5926E-01   2.5500E-01  -2.1410E+00
   1986.08   2.0924E+04  -1.2889E+03   4.2088E+04  -1.0199E+01   3.0259E+00   1.2705E+01  -8.3455E-01   2.4761E-01  -2.0794E+00
   1986.17   2.0924E+04  -1.2851E+03   4.2089E+04  -9.8986E+00   2.9362E+00   1.2331E+01  -8.1001E-01   2.4027E-01  -2.0182E+00
   1986.25   2.0925E+04  -1.2813E+03   4.2091E+04  -9.6029E+00   2.8479E+00   1.1962E+01  -7.8581E-01   2.3304E-01  -1.9578E+00
   1986.33   2.0925E+04  -1.2775E+03   4.2093E+04  -9.3132E+00   2.7613E+00   1.1601E+01  -7.6211E-01   2.2596E-01  -1.8987E+00
   1986.42   2.0926E+04  -1.2738E+03   4.2095E+04  -9.0317E+00   2.6772E+00   1.1250E+01  -7.3907E-01   2.1908E-01  -1.8412E+00
   1986.50   2.0926E+04  -1.2701E+03   4.2096E+04  -8.7603E+00   2.5961E+00   1.0912E+01  -7.1686E-01   2.1244E-01  -1.7858E+00
   1986.58   2.0926E+04  -1.2663E+03   4.2098E+04  -8.5010E+00   2.5186E+00   1.0588E+01  -6.9564E-01   2.0610E-01  -1.7329E+00
   1986.67   2.0927E+04  -1.2626E+03   4.2100E+04  -8.2559E+00   2.4453E+00   1.0282E+01  -6.7558E-01   2.0010E-01  -1.6828E+00
   1986.75   2.0927E+04  -1.2590E+03   4.2102E+04  -8.0268E+00   2.3767E+00   9.9964E+00  -6.5683E-01   1.9449E-01  -1.6360E+00
   1986.83   2.0928E+04  -1.2553E+03   4.2103E+04  -7.8158E+00   2.3135E+00   9.7330E+00  -6.3957E-01   1.8932E-01  -1.5929E+00
   1986.92   2.0928E+04  -1.2516E+03   4.2105E+04  -7.6249E+00   2.2562E+00   9.4947E+00  -6.2395E-01   1.8463E-01  -1.5539E+00
   1987.00   2.0929E+04  -1.2480E+03   4.2107E+04  -7.4561E+00   2.2055E+00   9.2838E+00  -6.1013E-01   1.8048E-01  -1.5194E+00
   1987.08   2.0929E+04  -1.2443E+03   4.2109E+04  -7.3113E+00   2.1618E+00   9.1028E+00  -5.9829E-01   1.7690E-01  -1.4898E+00
   1987.17   2.0930E+04  -1.2407E+03   4.2110E+04  -7.1926E+00   2.1258E+00   8.9543E+00  -5.8858E-01   1.7396E-01  -1.4655E+00
   1987.25   2.0930E+04  -1.2371E+03   4.2112E+04  -7.1020E+00   2.0981E+00   8.8406E+00  -5.8116E-01   1.7169E-01  -1.4469E+00
   1987.33   2.0931E+04  -1.2335E+03   4.2114E+04  -7.0415E+00   2.0792E+00   8.7644E+00  -5.7621E-01   1.7014E-01  -1.4344E+00
   1987.42   2.0931E+04  -1.2299E+03   4.2116E+04  -7.0130E+00   2.0698E+00   8.7280E+00  -5.7387E-01   1.6937E-01  -1.4284E+00
   1987.50   2.0932E+04  -1.2263E+03   4.2118E+04  -7.0185E+00   2.0703E+00   8.7339E+00  -5.7433E-01   1.6942E-01  -1.4294E+00
   1987.58   2.0932E+04  -1.2227E+03   4.2120E+04  -7.0601E+00   2.0815E+00   8.7846E+00  -5.7773E-01   1.7033E-01  -1.4377E+00
   1987.67   2.0933E+04  -1.2191E+03   4.2121E+04  -7.1397E+00   2.1039E+00   8.8827E+00  -5.8424E-01   1.7216E-01  -1.4537E+00
   1987.75   2.0933E+04  -1.2156E+03   4.2123E+04  -7.2594E+00   2.1380E+00   9.0305E+00  -5.9404E-01   1.7495E-01  -1.4779E+00
   1987.83   2.0933E+04  -1.2120E+03   4.2125E+04  -7.4210E+00   2.1844E+00   9.2305E+00  -6.0727E-01   1.7875E-01  -1.5107E+00
   1987.92   2.0934E+04  -1.2085E+03   4.2127E+04  -7.6267E+00   2.2438E+00   9.4852E+00  -6.2410E-01   1.8361E-01  -1.5524E+00
   1988.00   2.0934E+04  -1.2049E+03   4.2129E+04  -7.8784E+00   2.3167E+00   9.7972E+00  -6.4469E-01   1.8958E-01  -1.6034E+00
   1988.08   2.0935E+04  -1.2014E+03   4.2130E+04  -8.1771E+00   2.4035E+00   1.0168E+01  -6.6914E-01   1.9668E-01  -1.6640E+00
   1988.17   2.0935E+04  -1.1978E+03   4.2132E+04  -8.5198E+00   2.5031E+00   1.0593E+01  -6.9718E-01   2.0483E-01  -1.7336E+00
   1988.25   2.0936E+04  -1.1943E+03   4.2134E+04  -8.9023E+00   2.6144E+00   1.1067E+01  -7.2848E-01   2.1394E-01  -1.8113E+00
   1988.33   2.0936E+04  -1.1908E+03   4.2136E+04  -9.3208E+00   2.7363E+00   1.1586E+01  -7.6272E-01   2.2391E-01  -1.8962E+00
   1988.42   2.0937E+04  -1.1873E+03   4.2138E+04  -9.7710E+00   2.8676E+00   1.2145E+01  -7.9957E-01   2.3465E-01  -1.9877E+00
   1988.50   2.0937E+04  -1.1838E+03   4.2139E+04  -1.0249E+01   3.0069E+00   1.2738E+01  -8.3868E-01   2.4606E-01  -2.0848E+00
   1988.58   2.0938E+04  -1.1803E+03   4.2141E+04  -1.0751E+01   3.1533E+00   1.3361E+01  -8.7974E-01   2.5804E-01  -2.1867E+00
   1988.67   2.0938E+04  -1.1768E+03   4.2143E+04  -1.1272E+01   3.3054E+00   1.4008E+01  -9.2241E-01   2.7048E-01  -2.2926E+00
   1988.75   2.0939E+04  -1.1733E+03   4.2145E+04  -1.1809E+01   3.4621E+00   1.4675E+01  -9.6635E-01   2.8331E-01  -2.4017E+00
   1988.83   2.0939E+04  -1.1699E+03   4.2146E+04  -1.2358E+01   3.6223E+00   1.5356E+01  -1.0112E+00   2.9641E-01  -2.5132E+00
   1988.92   2.0940E+04  -1.1664E+03   4.2148E+04  -1.2914E+01   3.7846E+00   1.6047E+01  -1.0567E+00   3.0969E-01  -2.6262E+00
   1989.00   2.0940E+04  -1.1630E+03   4.2150E+04  -1.3473E+01   3.9480E+00   1.6741E+01  -1.1025E+00   3.2306E-01  -2.7399E+00
   1989.08   2.0940E+04  -1.1596E+03   4.2152E+04  -1.4033E+01   4.1111E+00   1.7435E+01  -1.1483E+00   3.3642E-01  -2.8535E+00
   1989.17   2.0941E+04  -1.1562E+03   4.2153E+04  -1.4587E+01   4.2730E+00   1.8123E+01  -1.1937E+00   3.4966E-01  -2.9661E+00
   1989.25   2.0941E+04  -1.1528E+03   4.2155E+04  -1.5133E+01   4.4323E+00   1.8801E+01  -1.2383E+00   3.6269E-01  -3.0770E+00
   1989.33   2.0942E+04  -1.1494E+03   4.2157E+04  -1.5666E+01   4.5878E+00   1.9463E+01  -1.2819E+00   3.7542E-01  -3.1853E+00
   1989.42   2.0942E+04  -1.1460E+03   4.2159E+04  -1.6182E+01   4.7385E+00   2.0103E+01  -1.3242E+00   3.8775E-01  -3.2901E+00
   1989.50   2.0943E+04  -1.1426E+03   4.2160E+04  -1.6677E+01   4.8830E+00   2.0718E+01  -1.3647E+00   3.9958E-01  -3.3908E+00
   1989.58   2.0943E+04  -1.1393E+03   4.2162E+04  -1.7148E+01   5.0202E+00   2.1302E+01  -1.4032E+00   4.1081E-01  -3.4864E+00
   1989.67   2.0944E+04  -1.1360E+03   4.2164E+04  -1.7590E+01   5.1490E+00   2.1851E+01  -1.4394E+00   4.2134E-01  -3.5761E+00
   1989.75   2.0944E+04  -1.1327E+03   4.2165E+04  -1.7998E+01   5.2680E+00   2.2358E+01  -1.4728E+00   4.3108E-01  -3.6591E+00
   1989.83   2.0945E+04  -1.1294E+03   4.2167E+04  -1.8370E+01   5.3762E+00   2.2819E+01  -1.5032E+00   4.3994E-01  -3.7345E+00
   1989.92   2.0945E+04  -1.1261E+03   4.2169E+04  -1.8701E+01   5.4724E+00   2.3229E+01  -1.5303E+00   4.4781E-01  -3.8017E+00
   1990.00   2.0946E+04  -1.1228E+03   4.2170E+04  -1.8986E+01   5.5553E+00   2.3583E+01  -1.5537E+00   4.5459E-01  -3.8596E+00
   1990.08   2.0946E+04  -1.1196E+03   4.2172E+04  -1.9224E+01   5.6241E+00   2.3877E+01  -1.5731E+00   4.6022E-01  -3.9078E+00
   1990.17   2.0947E+04  -1.1164E+03   4.2174E+04  -1.9415E+01   5.6792E+00   2.4114E+01  -1.5887E+00   4.6473E-01  -3.9465E+00
   1990.25   2.0947E+04  -1.1132E+03   4.2175E+04  -1.9562E+01   5.7214E+00   2.4296E+01  -1.6008E+00   4.6819E-01  -3.9762E+00
   1990.33   2.0948E+04  -1.1100E+03   4.2177E+04  -1.9668E+01   5.7515E+00   2.4426E+01  -1.6094E+00   4.7065E-01  -3.9976E+00
   1990.42   2.0948E+04  -1.1068E+03   4.2178E+04  -1.9734E+01   5.7702E+00   2.4508E+01  -1.6149E+00   4.7217E-01  -4.0110E+00
   1990.50   2.0949E+04  -1.1036E+03   4.2180E+04  -1.9765E+01   5.7782E+00   2.4545E+01  -1.6174E+00   4.7283E-01  -4.0171E+00
   1990.58   2.0949E+04  -1.1005E+03   4.2182E+04  -1.9762E+01   5.7764E+00   2.4541E+01  -1.6172E+00   4.7269E-01  -4.0164E+00
   1990.67   2.0950E+04  -1.0973E+03   4.2183E+04  -1.9729E+01   5.7655E+00   2.4498E+01  -1.6144E+00   4.7179E-01  -4.0094E+00
   1990.75   2.0950E+04  -1.0942E+03   4.2185E+04  -1.9666E+01   5.7463E+00   2.4420E+01  -1.6093E+00   4.7022E-01  -3.9965E+00
   1990.83   2.0951E+04  -1.0910E+03   4.2186E+04  -1.9578E+01   5.7194E+00   2.4309E+01  -1.6021E+00   4.6802E-01  -3.9785E+00
   1990.92   2.0951E+04  -1.0879E+03   4.2188E+04  -1.9467E+01   5.6858E+00   2.4170E+01  -1.5930E+00   4.6527E-01  -3.9557E+00
   1991.00   2.0952E+04  -1.0847E+03   4.2189E+04  -1.9336E+01   5.6461E+00   2.4005E+01  -1.5822E+00   4.6202E-01  -3.9287E+00
   1991.08   2.0953E+04  -1.0816E+03   4.2191E+04  -1.9186E+01   5.6011E+00   2.3818E+01  -1.5700E+00   4.5834E-01  -3.8981E+00
   1991.17   2.0953E+04  -1.0784E+03   4.2193E+04  -1.9021E+01   5.5516E+00   2.3612E+01  -1.5565E+00   4.5429E-01  -3.8644E+00
   1991.25   2.0954E+04  -1.0753E+03   4.2194E+04  -1.8843E+01   5.4983E+00   2.3390E+01  -1.5419E+00   4.4993E-01  -3.8280E+00
   1991.33   2.0954E+04  -1.0721E+03   4.2196E+04  -1.8655E+01   5.4420E+00   2.3155E+01  -1.5265E+00   4.4532E-01  -3.7896E+00
   1991.42   2.0955E+04  -1.0689E+03   4.2197E+04  -1.8459E+01   5.3835E+00   2.2911E+01  -1.5105E+00   4.4053E-01  -3.7496E+00
   1991.50   2.0956E+04  -1.0657E+03   4.2199E+04  -1.8258E+01   5.3234E+00   2.2660E+01  -1.4941E+00   4.3562E-01  -3.7086E+00
   1991.58   2.0956E+04  -1.0625E+03   4.2200E+04  -1.8055E+01   5.2627E+00   2.2407E+01  -1.4775E+00   4.3065E-01  -3.6671E+00
   1991.67   2.0957E+04  -1.0593E+03   4.2201E+04  -1.7852E+01   5.2020E+00   2.2153E+01  -1.4609E+00   4.2568E-01  -3.6256E+00
   1991.75   2.0958E+04  -1.0561E+03   4.2203E+04  -1.7652E+01   5.1421E+00   2.1903E+01  -1.4445E+00   4.2078E-01  -3.5847E+00
   1991.83   2.0959E+04  -1.0528E+03   4.2204E+04  -1.7457E+01   5.0837E+00   2.1660E+01  -1.4285E+00   4.1600E-01  -3.5449E+00
   1991.92   2.0959E+04  -1.0495E+03   4.2206E+04  -1.7270E+01   5.0277E+00   2.1427E+01  -1.4132E+00   4.1142E-01  -3.5067E+00
   1992.00   2.0960E+04  -1.0462E+03   4.2207E+04  -1.7094E+01   4.9747E+00   2.1207E+01  -1.3988E+00   4.0708E-01  -3.4707E+00
   1992.08   2.0961E+04  -1.0429E+03   4.2209E+04  -1.6930E+01   4.9254E+00   2.1002E+01  -1.3854E+00   4.0305E-01  -3.4372E+00
   1992.17   2.0962E+04  -1.0396E+03   4.2210E+04  -1.6779E+01   4.8796E+00   2.0812E+01  -1.3730E+00   3.9930E-01  -3.4061E+00
   1992.25   2.0962E+04  -1.0362E+03   4.2211E+04  -1.6637E+01   4.8369E+00   2.0635E+01  -1.3614E+00   3.9580E-01  -3.3772E+00
   1992.33   2.0963E+04  -1.0328E+03   4.2213E+04  -1.6505E+01   4.7969E+00   2.0470E+01  -1.3506E+00   3.9253E-01  -3.3502E+00
   1992.42   2.0964E+04  -1.0294E+03   4.2214E+04  -1.6382E+01   4.7592E+00   2.0315E+01  -1.3405E+00   3.8945E-01  -3.3248E+00
   1992.50   2.0965E+04  -1.0260E+03   4.2215E+04  -1.6264E+01   4.7236E+00   2.0168E+01  -1.3309E+00   3.8653E-01  -3.3008E+00
   1992.58   2.0966E+04  -1.0225E+03   4.2217E+04  -1.6153E+01   4.6896E+00   2.0028E+01  -1.3218E+00   3.8375E-01  -3.2778E+00
   1992.67   2.0967E+04  -1.0190E+03   4.2218E+04  -1.6045E+01   4.6568E+00   1.9894E+01  -1.3130E+00   3.8107E-01  -3.2558E+00
   1992.75   2.0968E+04  -1.0155E+03   4.2219E+04  -1.5940E+01   4.6249E+00   1.9762E+01  -1.3044E+00   3.7846E-01  -3.2343E+00
   1992.83   2.0969E+04  -1.0120E+03   4.2221E+04  -1.5837E+01   4.5935E+00   1.9633E+01  -1.2960E+00   3.7589E-01  -3.2132E+00
   1992.92   2.0970E+04  -1.0085E+03   4.2222E+04  -1.5734E+01   4.5622E+00   1.9504E+01  -1.2875E+00   3.7333E-01  -3.1921E+00
   1993.00   2.0970E+04  -1.0049E+03   4.2223E+04  -1.5631E+01   4.5307E+00   1.9375E+01  -1.2791E+00   3.7075E-01  -3.1709E+00
   1993.08   2.0971E+04  -1.0014E+03   4.2225E+04  -1.5524E+01   4.4986E+00   1.9242E+01  -1.2704E+00   3.6812E-01  -3.1491E+00
   1993.17   2.0972E+04  -9.9777E+02   4.2226E+04  -1.5415E+01   4.4654E+00   1.9105E+01  -1.2614E+00   3.6541E-01  -3.1267E+00
   1993.25   2.0973E+04  -9.9415E+02   4.2227E+04  -1.5300E+01   4.4310E+00   1.8962E+01  -1.2520E+00   3.6259E-01  -3.1033E+00
   1993.33   2.0974E+04  -9.9052E+02   4.2229E+04  -1.5180E+01   4.3948E+00   1.8811E+01  -1.2422E+00   3.5963E-01  -3.0787E+00
   1993.42   2.0975E+04  -9.8687E+02   4.2230E+04  -1.5052E+01   4.3565E+00   1.8652E+01  -1.2317E+00   3.5649E-01  -3.0525E+00
   1993.50   2.0976E+04  -9.8321E+02   4.2231E+04  -1.4915E+01   4.3157E+00   1.8481E+01  -1.2205E+00   3.5316E-01  -3.0246E+00
   1993.58   2.0978E+04  -9.7953E+02   4.2233E+04  -1.4768E+01   4.2721E+00   1.8298E+01  -1.2085E+00   3.4959E-01  -2.9947E+00
   1993.67   2.0979E+04  -9.7583E+02   4.2234E+04  -1.4610E+01   4.2253E+00   1.8102E+01  -1.1956E+00   3.4576E-01  -2.9625E+00
   1993.75   2.0980E+04  -9.7211E+02   4.2235E+04  -1.4440E+01   4.1749E+00   1.7889E+01  -1.1816E+00   3.4163E-01  -2.9278E+00
   1993.83   2.0981E+04  -9.6838E+02   4.2237E+04  -1.4255E+01   4.1205E+00   1.7660E+01  -1.1665E+00   3.3718E-01  -2.8903E+00
   1993.92   2.0982E+04  -9.6464E+02   4.2238E+04  -1.4056E+01   4.0618E+00   1.7412E+01  -1.1502E+00   3.3238E-01  -2.8497E+00
   1994.00   2.0983E+04  -9.6088E+02   4.2240E+04  -1.3840E+01   3.9984E+00   1.7144E+01  -1.1325E+00   3.2719E-01  -2.8057E+00
   1994.08   2.0984E+04  -9.5711E+02   4.2241E+04  -1.3606E+01   3.9301E+00   1.6854E+01  -1.1134E+00   3.2160E-01  -2.7583E+00
   1994.17   2.0985E+04  -9.5332E+02   4.2242E+04  -1.3357E+01   3.8572E+00   1.6544E+01  -1.0930E+00   3.1563E-01  -2.7077E+00
   1994.25   2.0986E+04  -9.4951E+02   4.2244E+04  -1.3093E+01   3.7801E+00   1.6217E+01  -1.0714E+00   3.0932E-01  -2.6540E+00
   1994.33   2.0987E+04  -9.4570E+02   4.2245E+04  -1.2816E+01   3.6992E+00   1.5873E+01  -1.0487E+00   3.0271E-01  -2.5978E+00
   1994.42   2.0988E+04  -9.4186E+02   4.2247E+04  -1.2527E+01   3.6151E+00   1.5515E+01  -1.0251E+00   2.9582E-01  -2.5392E+00
   1994.50   2.0990E+04  -9.3802E+02   4.2248E+04  -1.2229E+01   3.5281E+00   1.5145E+01  -1.0007E+00   2.8871E-01  -2.4786E+00
   1994.58   2.0991E+04  -9.3415E+02   4.2250E+04  -1.1922E+01   3.4388E+00   1.4764E+01  -9.7561E-01   2.8140E-01  -2.4163E+00
   1994.67   2.0992E+04  -9.3028E+02   4.2251E+04  -1.1609E+01   3.3475E+00   1.4375E+01  -9.4995E-01   2.7393E-01  -2.3527E+00
   1994.75   2.0993E+04  -9.2638E+02   4.2253E+04  -1.1290E+01   3.2548E+00   1.3980E+01  -9.2387E-01   2.6634E-01  -2.2880E+00
   1994.83   2.0994E+04  -9.2247E+02   4.2255E+04  -1.0968E+01   3.1610E+00   1.3580E+01  -8.9748E-01   2.5867E-01  -2.2226E+00
   1994.92   2.0995E+04  -9.1855E+02   4.2256E+04  -1.0643E+01   3.0666E+00   1.3178E+01  -8.7093E-01   2.5094E-01  -2.1567E+00
   1995.00   2.0996E+04  -9.1461E+02   4.2258E+04  -1.0318E+01   2.9721E+00   1.2775E+01  -8.4432E-01   2.4321E-01  -2.0907E+00
   1995.08   2.0998E+04  -9.1065E+02   4.2259E+04  -9.9939E+00   2.8779E+00   1.2373E+01  -8.1780E-01   2.3550E-01  -2.0250E+00
   1995.17   2.0999E+04  -9.0668E+02   4.2261E+04  -9.6724E+00   2.7845E+00   1.1974E+01  -7.9149E-01   2.2785E-01  -1.9597E+00
   1995.25   2.1000E+04  -9.0269E+02   4.2262E+04  -9.3550E+00   2.6922E+00   1.1581E+01  -7.6552E-01   2.2030E-01  -1.8953E+00
   1995.33   2.1001E+04  -8.9868E+02   4.2264E+04  -9.0433E+00   2.6016E+00   1.1194E+01  -7.4002E-01   2.1289E-01  -1.8321E+00
   1995.42   2.1002E+04  -8.9466E+02   4.2266E+04  -8.7389E+00   2.5131E+00   1.0817E+01  -7.1510E-01   2.0565E-01  -1.7703E+00
   1995.50   2.1003E+04  -8.9062E+02   4.2267E+04  -8.4432E+00   2.4272E+00   1.0450E+01  -6.9091E-01   1.9862E-01  -1.7103E+00
   1995.58   2.1004E+04  -8.8656E+02   4.2269E+04  -8.1580E+00   2.3442E+00   1.0097E+01  -6.6757E-01   1.9183E-01  -1.6524E+00
   1995.67   2.1006E+04  -8.8249E+02   4.2271E+04  -7.8847E+00   2.2647E+00   9.7578E+00  -6.4521E-01   1.8532E-01  -1.5970E+00
   1995.75   2.1007E+04  -8.7840E+02   4.2272E+04  -7.6248E+00   2.1891E+00   9.4357E+00  -6.2394E-01   1.7914E-01  -1.5442E+00
   1995.83   2.1008E+04  -8.7429E+02   4.2274E+04  -7.3801E+00   2.1178E+00   9.1321E+00  -6.0391E-01   1.7330E-01  -1.4946E+00
   1995.92   2.1009E+04  -8.7016E+02   4.2276E+04  -7.1519E+00   2.0514E+00   8.8492E+00  -5.8524E-01   1.6786E-01  -1.4483E+00
   1996.00   2.1010E+04  -8.6602E+02   4.2277E+04  -6.9419E+00   1.9901E+00   8.5887E+00  -5.6806E-01   1.6285E-01  -1.4056E+00
   1996.08   2.1011E+04  -8.6186E+02   4.2279E+04  -6.7515E+00   1.9345E+00   8.3524E+00  -5.5247E-01   1.5830E-01  -1.3670E+00
   1996.17   2.1012E+04  -8.5768E+02   4.2281E+04  -6.5808E+00   1.8846E+00   8.1407E+00  -5.3851E-01   1.5422E-01  -1.3323E+00
   1996.25   2.1013E+04  -8.5349E+02   4.2283E+04  -6.4301E+00   1.8404E+00   7.9537E+00  -5.2618E-01   1.5060E-01  -1.3017E+00
   1996.33   2.1014E+04  -8.4928E+02   4.2284E+04  -6.2995E+00   1.8020E+00   7.7915E+00  -5.1549E-01   1.4746E-01  -1.2752E+00
   1996.42   2.1015E+04  -8.4506E+02   4.2286E+04  -6.1891E+00   1.7694E+00   7.6543E+00  -5.0646E-01   1.4479E-01  -1.2527E+00
   1996.50   2.1017E+04  -8.4083E+02   4.2288E+04  -6.0990E+00   1.7426E+00   7.5422E+00  -4.9908E-01   1.4259E-01  -1.2344E+00
   1996.58   2.1018E+04  -8.3659E+02   4.2290E+04  -6.0293E+00   1.7216E+00   7.4553E+00  -4.9338E-01   1.4088E-01  -1.2201E+00
   1996.67   2.1019E+04  -8.3234E+02   4.2292E+04  -5.9801E+00   1.7065E+00   7.3938E+00  -4.8935E-01   1.3964E-01  -1.2101E+00
   1996.75   2.1020E+04  -8.2809E+02   4.2293E+04  -5.9516E+00   1.6973E+00   7.3579E+00  -4.8702E-01   1.3889E-01  -1.2042E+00
   1996.83   2.1021E+04  -8.2383E+02   4.2295E+04  -5.9438E+00   1.6940E+00   7.3476E+00  -4.8638E-01   1.3862E-01  -1.2025E+00
   1996.92   2.1022E+04  -8.1957E+02   4.2297E+04  -5.9568E+00   1.6966E+00   7.3630E+00  -4.8745E-01   1.3884E-01  -1.2050E+00
   1997.00   2.1023E+04  -8.1530E+02   4.2299E+04  -5.9909E+00   1.7052E+00   7.4044E+00  -4.9023E-01   1.3954E-01  -1.2118E+00
   1997.08   2.1024E+04  -8.1103E+02   4.2301E+04  -6.0460E+00   1.7198E+00   7.4719E+00  -4.9474E-01   1.4074E-01  -1.2228E+00
   1997.17   2.1025E+04  -8.0676E+02   4.2303E+04  -6.1223E+00   1.7405E+00   7.5655E+00  -5.0099E-01   1.4242E-01  -1.2382E+00
   1997.25   2.1026E+04  -8.0250E+02   4.2305E+04  -6.2199E+00   1.7672E+00   7.6854E+00  -5.0898E-01   1.4461E-01  -1.2578E+00
   1997.33   2.1027E+04  -7.9823E+02   4.2306E+04  -6.3390E+00   1.7999E+00   7.8318E+00  -5.1872E-01   1.4729E-01  -1.2818E+00
   1997.42   2.1028E+04  -7.9398E+02   4.2308E+04  -6.4796E+00   1.8388E+00   8.0048E+00  -5.3023E-01   1.5047E-01  -1.3101E+00
   1997.50   2.1029E+04  -7.8972E+02   4.2310E+04  -6.6418E+00   1.8837E+00   8.2046E+00  -5.4350E-01   1.5415E-01  -1.3428E+00
   1997.58   2.1029E+04  -7.8548E+02   4.2312E+04  -6.8258E+00   1.9348E+00   8.4312E+00  -5.5856E-01   1.5833E-01  -1.3799E+00
   1997.67   2.1030E+04  -7.8124E+02   4.2314E+04  -7.0317E+00   1.9921E+00   8.6847E+00  -5.7541E-01   1.6302E-01  -1.4214E+00
   1997.75   2.1031E+04  -7.7701E+02   4.2316E+04  -7.2596E+00   2.0556E+00   8.9655E+00  -5.9405E-01   1.6821E-01  -1.4673E+00
   1997.83   2.1032E+04  -7.7279E+02   4.2318E+04  -7.5096E+00   2.1253E+00   9.2735E+00  -6.1451E-01   1.7392E-01  -1.5177E+00
   1997.92   2.1033E+04  -7.6859E+02   4.2320E+04  -7.7817E+00   2.2013E+00   9.6088E+00  -6.3678E-01   1.8013E-01  -1.5726E+00
   1998.00   2.1034E+04  -7.6440E+02   4.2322E+04  -8.0762E+00   2.2836E+00   9.9718E+00  -6.6088E-01   1.8686E-01  -1.6320E+00
   1998.08   2.1035E+04  -7.6023E+02   4.2324E+04  -8.3927E+00   2.3720E+00   1.0362E+01  -6.8678E-01   1.9410E-01  -1.6958E+00
   1998.17   2.1036E+04  -7.5607E+02   4.2327E+04  -8.7290E+00   2.4660E+00   1.0776E+01  -7.1430E-01   2.0179E-01  -1.7636E+00
   1998.25   2.1037E+04  -7.5192E+02   4.2329E+04  -9.0824E+00   2.5648E+00   1.1212E+01  -7.4322E-01   2.0987E-01  -1.8349E+00
   1998.33   2.1038E+04  -7.4779E+02   4.2331E+04  -9.4503E+00   2.6676E+00   1.1665E+01  -7.7332E-01   2.1829E-01  -1.9091E+00
   1998.42   2.1038E+04  -7.4368E+02   4.2333E+04  -9.8300E+00   2.7738E+00   1.2133E+01  -8.0440E-01   2.2698E-01  -1.9857E+00
   1998.50   2.1039E+04  -7.3958E+02   4.2335E+04  -1.0219E+01   2.8825E+00   1.2612E+01  -8.3622E-01   2.3588E-01  -2.0642E+00
   1998.58   2.1040E+04  -7.3549E+02   4.2337E+04  -1.0614E+01   2.9931E+00   1.3100E+01  -8.6858E-01   2.4493E-01  -2.1439E+00
   1998.67   2.1041E+04  -7.3142E+02   4.2340E+04  -1.1014E+01   3.1048E+00   1.3592E+01  -9.0126E-01   2.5407E-01  -2.2245E+00
   1998.75   2.1042E+04  -7.2736E+02   4.2342E+04  -1.1414E+01   3.2168E+00   1.4086E+01  -9.3403E-01   2.6323E-01  -2.3053E+00
   1998.83   2.1043E+04  -7.2331E+02   4.2344E+04  -1.1813E+01   3.3284E+00   1.4578E+01  -9.6669E-01   2.7236E-01  -2.3858E+00
   1998.92   2.1043E+04  -7.1928E+02   4.2346E+04  -1.2208E+01   3.4388E+00   1.5064E+01  -9.9902E-01   2.8140E-01  -2.4655E+00
   1999.00   2.1044E+04  -7.1526E+02   4.2349E+04  -1.2597E+01   3.5474E+00   1.5543E+01  -1.0308E+00   2.9028E-01  -2.5438E+00
   1999.08   2.1045E+04  -7.1125E+02   4.2351E+04  -1.2976E+01   3.6533E+00   1.6010E+01  -1.0618E+00   2.9895E-01  -2.6202E+00
   1999.17   2.1046E+04  -7.0725E+02   4.2353E+04  -1.3343E+01   3.7558E+00   1.6462E+01  -1.0918E+00   3.0734E-01  -2.6942E+00
   1999.25   2.1047E+04  -7.0327E+02   4.2355E+04  -1.3695E+01   3.8542E+00   1.6896E+01  -1.1207E+00   3.1539E-01  -2.7652E+00
   1999.33   2.1048E+04  -6.9930E+02   4.2358E+04  -1.4030E+01   3.9477E+00   1.7309E+01  -1.1481E+00   3.2304E-01  -2.8328E+00
   1999.42   2.1049E+04  -6.9534E+02   4.2360E+04  -1.4345E+01   4.0355E+00   1.7697E+01  -1.1738E+00   3.3023E-01  -2.8963E+00
   1999.50   2.1049E+04  -6.9139E+02   4.2362E+04  -1.4637E+01   4.1170E+00   1.8057E+01  -1.1978E+00   3.3690E-01  -2.9552E+00
   1999.58   2.1050E+04  -6.8745E+02   4.2365E+04  -1.4904E+01   4.1914E+00   1.8386E+01  -1.2196E+00   3.4298E-01  -3.0090E+00
   1999.67   2.1051E+04  -6.8352E+02   4.2367E+04  -1.5143E+01   4.2579E+00   1.8680E+01  -1.2392E+00   3.4843E-01  -3.0572E+00
   1999.75   2.1052E+04  -6.7960E+02   4.2370E+04  -1.5352E+01   4.3158E+00   1.8937E+01  -1.2562E+00   3.5317E-01  -3.0992E+00
   1999.83   2.1053E+04  -6.7570E+02   4.2372E+04  -1.5527E+01   4.3644E+00   1.9152E+01  -1.2706E+00   3.5714E-01  -3.1345E+00
   1999.92   2.1054E+04  -6.7180E+02   4.2374E+04  -1.5666E+01   4.4028E+00   1.9324E+01  -1.2820E+00   3.6029E-01  -3.1625E+00
   2000.00   2.1055E+04  -6.6791E+02   4.2377E+04  -1.5767E+01   4.4304E+00   1.9448E+01  -1.2902E+00   3.6255E-01  -3.1828E+00
   2000.08   2.1056E+04  -6.6404E+02   4.2379E+04  -1.5828E+01   4.4467E+00   1.9522E+01  -1.2952E+00   3.6388E-01  -3.1950E+00
   2000.17   2.1057E+04  -6.6017E+02   4.2382E+04  -1.5851E+01   4.4524E+00   1.9549E+01  -1.2971E+00   3.6434E-01  -3.1995E+00
   2000.25   2.1058E+04  -6.5631E+02   4.2384E+04  -1.5839E+01   4.4483E+00   1.9534E+01  -1.2961E+00   3.6401E-01  -3.1970E+00
   2000.33   2.1059E+04  -6.5245E+02   4.2386E+04  -1.5796E+01   4.4355E+00   1.9481E+01  -1.2926E+00   3.6296E-01  -3.1883E+00
   2000.42   2.1060E+04  -6.4860E+02   4.2389E+04  -1.5726E+01   4.4148E+00   1.9393E+01  -1.2868E+00   3.6126E-01  -3.1739E+00
   2000.50   2.1061E+04  -6.4476E+02   4.2391E+04  -1.5631E+01   4.3871E+00   1.9275E+01  -1.2791E+00   3.5900E-01  -3.1546E+00
   2000.58   2.1062E+04  -6.4092E+02   4.2394E+04  -1.5514E+01   4.3536E+00   1.9131E+01  -1.2695E+00   3.5625E-01  -3.1310E+00
   2000.67   2.1063E+04  -6.3709E+02   4.2396E+04  -1.5380E+01   4.3149E+00   1.8965E+01  -1.2586E+00   3.5309E-01  -3.1038E+00
   2000.75   2.1064E+04  -6.3326E+02   4.2399E+04  -1.5232E+01   4.2722E+00   1.8781E+01  -1.2464E+00   3.4960E-01  -3.0738E+00
   2000.83   2.1065E+04  -6.2943E+02   4.2401E+04  -1.5072E+01   4.2263E+00   1.8584E+01  -1.2334E+00   3.4584E-01  -3.0414E+00
   2000.92   2.1066E+04  -6.2561E+02   4.2403E+04  -1.4905E+01   4.1782E+00   1.8377E+01  -1.2197E+00   3.4191E-01  -3.0075E+00
   2001.00   2.1067E+04  -6.2178E+02   4.2406E+04  -1.4733E+01   4.1288E+00   1.8164E+01  -1.2056E+00   3.3786E-01  -2.9727E+00
   2001.08   2.1068E+04  -6.1795E+02   4.2408E+04  -1.4561E+01   4.0791E+00   1.7950E+01  -1.1915E+00   3.3379E-01  -2.9377E+00
   2001.17   2.1069E+04  -6.1413E+02   4.2411E+04  -1.4390E+01   4.0299E+00   1.7739E+01  -1.1776E+00   3.2977E-01  -2.9032E+00
   2001.25   2.1070E+04  -6.1030E+02   4.2414E+04  -1.4226E+01   3.9823E+00   1.7535E+01  -1.1641E+00   3.2587E-01  -2.8697E+00
   2001.33   2.1071E+04  -6.0646E+02   4.2416E+04  -1.4070E+01   3.9371E+00   1.7341E+01  -1.1513E+00   3.2217E-01  -2.8381E+00
   2001.42   2.1072E+04  -6.0263E+02   4.2419E+04  -1.3926E+01   3.8953E+00   1.7163E+01  -1.1396E+00   3.1875E-01  -2.8090E+00
   2001.50   2.1073E+04  -5.9879E+02   4.2421E+04  -1.3798E+01   3.8578E+00   1.7005E+01  -1.1291E+00   3.1569E-01  -2.7830E+00
   2001.58   2.1074E+04  -5.9495E+02   4.2424E+04  -1.3690E+01   3.8256E+00   1.6869E+01  -1.1202E+00   3.1305E-01  -2.7608E+00
   2001.67   2.1076E+04  -5.9110E+02   4.2426E+04  -1.3603E+01   3.7996E+00   1.6761E+01  -1.1132E+00   3.1092E-01  -2.7432E+00
   2001.75   2.1077E+04  -5.8724E+02   4.2429E+04  -1.3543E+01   3.7807E+00   1.6685E+01  -1.1082E+00   3.0938E-01  -2.7307E+00
   2001.83   2.1078E+04  -5.8337E+02   4.2432E+04  -1.3511E+01   3.7700E+00   1.6645E+01  -1.1056E+00   3.0850E-01  -2.7241E+00
   2001.92   2.1079E+04  -5.7950E+02   4.2434E+04  -1.3512E+01   3.7682E+00   1.6644E+01  -1.1057E+00   3.0835E-01  -2.7240E+00
   2002.00   2.1080E+04  -5.7562E+02   4.2437E+04  -1.3548E+01   3.7763E+00   1.6688E+01  -1.1086E+00   3.0902E-01  -2.7311E+00
   2002.08   2.1081E+04  -5.7173E+02   4.2440E+04  -1.3622E+01   3.7951E+00   1.6778E+01  -1.1147E+00   3.1055E-01  -2.7459E+00
   2002.17   2.1082E+04  -5.6783E+02   4.2442E+04  -1.3733E+01   3.8237E+00   1.6912E+01  -1.1237E+00   3.1290E-01  -2.7678E+00
   2002.25   2.1083E+04  -5.6392E+02   4.2445E+04  -1.3875E+01   3.8614E+00   1.7086E+01  -1.1354E+00   3.1598E-01  -2.7962E+00
   2002.33   2.1084E+04  -5.6001E+02   4.2448E+04  -1.4046E+01   3.9070E+00   1.7295E+01  -1.1494E+00   3.1971E-01  -2.8305E+00
   2002.42   2.1086E+04  -5.5609E+02   4.2450E+04  -1.4242E+01   3.9597E+00   1.7535E+01  -1.1654E+00   3.2402E-01  -2.8698E+00
   2002.50   2.1087E+04  -5.5217E+02   4.2453E+04  -1.4460E+01   4.0184E+00   1.7802E+01  -1.1832E+00   3.2883E-01  -2.9135E+00
   2002.58   2.1088E+04  -5.4824E+02   4.2456E+04  -1.4696E+01   4.0823E+00   1.8092E+01  -1.2026E+00   3.3406E-01  -2.9609E+00
   2002.67   2.1089E+04  -5.4431E+02   4.2459E+04  -1.4947E+01   4.1504E+00   1.8399E+01  -1.2231E+00   3.3963E-01  -3.0113E+00
   2002.75   2.1090E+04  -5.4038E+02   4.2461E+04  -1.5210E+01   4.2216E+00   1.8722E+01  -1.2446E+00   3.4546E-01  -3.0640E+00
   2002.83   2.1091E+04  -5.3645E+02   4.2464E+04  -1.5480E+01   4.2951E+00   1.9053E+01  -1.2668E+00   3.5147E-01  -3.1183E+00
   2002.92   2.1092E+04  -5.3253E+02   4.2467E+04  -1.5755E+01   4.3699E+00   1.9391E+01  -1.2893E+00   3.5759E-01  -3.1735E+00
   2003.00   2.1093E+04  -5.2860E+02   4.2470E+04  -1.6031E+01   4.4450E+00   1.9730E+01  -1.3118E+00   3.6374E-01  -3.2289E+00
   2003.08   2.1094E+04  -5.2468E+02   4.2472E+04  -1.6305E+01   4.5195E+00   2.0065E+01  -1.3342E+00   3.6983E-01  -3.2839E+00
   2003.17   2.1095E+04  -5.2077E+02   4.2475E+04  -1.6573E+01   4.5924E+00   2.0394E+01  -1.3561E+00   3.7580E-01  -3.3377E+00
   2003.25   2.1097E+04  -5.1686E+02   4.2478E+04  -1.6831E+01   4.6628E+00   2.0711E+01  -1.3773E+00   3.8156E-01  -3.3896E+00
   2003.33   2.1098E+04  -5.1295E+02   4.2481E+04  -1.7077E+01   4.7296E+00   2.1012E+01  -1.3974E+00   3.8702E-01  -3.4389E+00
   2003.42   2.1099E+04  -5.0906E+02   4.2483E+04  -1.7306E+01   4.7919E+00   2.1294E+01  -1.4162E+00   3.9213E-01  -3.4849E+00
   2003.50   2.1100E+04  -5.0517E+02   4.2486E+04  -1.7516E+01   4.8489E+00   2.1551E+01  -1.4333E+00   3.9678E-01  -3.5270E+00
   2003.58   2.1101E+04  -5.0130E+02   4.2489E+04  -1.7702E+01   4.8994E+00   2.1779E+01  -1.4486E+00   4.0092E-01  -3.5644E+00
   2003.67   2.1102E+04  -4.9744E+02   4.2491E+04  -1.7862E+01   4.9426E+00   2.1975E+01  -1.4616E+00   4.0445E-01  -3.5965E+00
   2003.75   2.1103E+04  -4.9359E+02   4.2494E+04  -1.7992E+01   4.9775E+00   2.2134E+01  -1.4723E+00   4.0731E-01  -3.6225E+00
   2003.83   2.1104E+04  -4.8975E+02   4.2497E+04  -1.8088E+01   5.0031E+00   2.2252E+01  -1.4801E+00   4.0940E-01  -3.6417E+00
   2003.92   2.1105E+04  -4.8593E+02   4.2499E+04  -1.8147E+01   5.0184E+00   2.2324E+01  -1.4850E+00   4.1066E-01  -3.6535E+00
   2004.00   2.1106E+04  -4.8213E+02   4.2502E+04  -1.8165E+01   5.0226E+00   2.2346E+01  -1.4865E+00   4.1100E-01  -3.6571E+00
   2004.08   2.1107E+04  -4.7834E+02   4.2505E+04  -1.8141E+01   5.0149E+00   2.2315E+01  -1.4845E+00   4.1037E-01  -3.6521E+00
   2004.17   2.1108E+04  -4.7457E+02   4.2507E+04  -1.8076E+01   4.9959E+00   2.2234E+01  -1.4792E+00   4.0881E-01  -3.6389E+00
   2004.25   2.1109E+04  -4.7081E+02   4.2510E+04  -1.7972E+01   4.9662E+00   2.2106E+01  -1.4707E+00   4.0639E-01  -3.6179E+00
   2004.33   2.1110E+04  -4.6707E+02   4.2512E+04  -1.7833E+01   4.9268E+00   2.1934E+01  -1.4593E+00   4.0316E-01  -3.5897E+00
   2004.42   2.1111E+04  -4.6335E+02   4.2515E+04  -1.7662E+01   4.8783E+00   2.1722E+01  -1.4453E+00   3.9919E-01  -3.5550E+00
   2004.50   2.1112E+04  -4.5964E+02   4.2517E+04  -1.7460E+01   4.8216E+00   2.1473E+01  -1.4288E+00   3.9455E-01  -3.5143E+00
   2004.58   2.1112E+04  -4.5594E+02   4.2520E+04  -1.7232E+01   4.7574E+00   2.1191E+01  -1.4101E+00   3.8930E-01  -3.4682E+00
   2004.67   2.1113E+04  -4.5225E+02   4.2522E+04  -1.6979E+01   4.6865E+00   2.0880E+01  -1.3894E+00   3.8350E-01  -3.4172E+00
   2004.75   2.1114E+04  -4.4857E+02   4.2524E+04  -1.6705E+01   4.6097E+00   2.0542E+01  -1.3670E+00   3.7721E-01  -3.3619E+00
   2004.83   2.1115E+04  -4.4491E+02   4.2527E+04  -1.6412E+01   4.5278E+00   2.0181E+01  -1.3430E+00   3.7051E-01  -3.3028E+00
   2004.92   2.1116E+04  -4.4126E+02   4.2529E+04  -1.6104E+01   4.4415E+00   1.9801E+01  -1.3178E+00   3.6345E-01  -3.2406E+00
   2005.00   2.1117E+04  -4.3761E+02   4.2531E+04  -1.5783E+01   4.3516E+00   1.9405E+01  -1.2915E+00   3.5610E-01  -3.1758E+00
   2005.08   2.1118E+04  -4.3397E+02   4.2534E+04  -1.5452E+01   4.2590E+00   1.8997E+01  -1.2644E+00   3.4852E-01  -3.1090E+00
   2005.17   2.1119E+04  -4.3035E+02   4.2536E+04  -1.5113E+01   4.1644E+00   1.8580E+01  -1.2367E+00   3.4077E-01  -3.0407E+00
   2005.25   2.1120E+04  -4.2672E+02   4.2538E+04  -1.4770E+01   4.0685E+00   1.8157E+01  -1.2087E+00   3.3293E-01  -2.9716E+00
   2005.33   2.1121E+04  -4.2311E+02   4.2541E+04  -1.4426E+01   3.9722E+00   1.7732E+01  -1.1805E+00   3.2505E-01  -2.9021E+00
   2005.42   2.1122E+04  -4.1950E+02   4.2543E+04  -1.4083E+01   3.8762E+00   1.7309E+01  -1.1524E+00   3.1719E-01  -2.8328E+00
   2005.50   2.1123E+04  -4.1589E+02   4.2545E+04  -1.3744E+01   3.7813E+00   1.6891E+01  -1.1247E+00   3.0943E-01  -2.7644E+00
   2005.58   2.1125E+04  -4.1229E+02   4.2547E+04  -1.3412E+01   3.6883E+00   1.6481E+01  -1.0975E+00   3.0182E-01  -2.6974E+00
   2005.67   2.1126E+04  -4.0870E+02   4.2549E+04  -1.3089E+01   3.5980E+00   1.6084E+01  -1.0711E+00   2.9443E-01  -2.6323E+00
   2005.75   2.1127E+04  -4.0510E+02   4.2551E+04  -1.2779E+01   3.5112E+00   1.5701E+01  -1.0457E+00   2.8732E-01  -2.5697E+00
   2005.83   2.1128E+04  -4.0151E+02   4.2553E+04  -1.2485E+01   3.4286E+00   1.5338E+01  -1.0216E+00   2.8056E-01  -2.5102E+00
   2005.92   2.1129E+04  -3.9792E+02   4.2556E+04  -1.2208E+01   3.3510E+00   1.4997E+01  -9.9899E-01   2.7421E-01  -2.4544E+00
   2006.00   2.1131E+04  -3.9432E+02   4.2558E+04  -1.1953E+01   3.2792E+00   1.4681E+01  -9.7809E-01   2.6833E-01  -2.4028E+00
   2006.08   2.1132E+04  -3.9073E+02   4.2560E+04  -1.1720E+01   3.2137E+00   1.4394E+01  -9.5908E-01   2.6298E-01  -2.3558E+00
   2006.17   2.1133E+04  -3.8714E+02   4.2562E+04  -1.1510E+01   3.1544E+00   1.4135E+01  -9.4187E-01   2.5812E-01  -2.3133E+00
   2006.25   2.1134E+04  -3.8354E+02   4.2564E+04  -1.1320E+01   3.1007E+00   1.3900E+01  -9.2635E-01   2.5373E-01  -2.2749E+00
   2006.33   2.1136E+04  -3.7994E+02   4.2566E+04  -1.1149E+01   3.0522E+00   1.3689E+01  -9.1236E-01   2.4977E-01  -2.2403E+00
   2006.42   2.1137E+04  -3.7633E+02   4.2567E+04  -1.0996E+01   3.0085E+00   1.3498E+01  -8.9977E-01   2.4619E-01  -2.2091E+00
   2006.50   2.1139E+04  -3.7272E+02   4.2569E+04  -1.0857E+01   2.9691E+00   1.3327E+01  -8.8845E-01   2.4296E-01  -2.1811E+00
   2006.58   2.1140E+04  -3.6909E+02   4.2571E+04  -1.0733E+01   2.9334E+00   1.3173E+01  -8.7825E-01   2.4004E-01  -2.1558E+00
   2006.67   2.1142E+04  -3.6546E+02   4.2573E+04  -1.0620E+01   2.9012E+00   1.3033E+01  -8.6904E-01   2.3740E-01  -2.1330E+00
   2006.75   2.1143E+04  -3.6181E+02   4.2575E+04  -1.0518E+01   2.8718E+00   1.2906E+01  -8.6069E-01   2.3500E-01  -2.1123E+00
   2006.83   2.1145E+04  -3.5815E+02   4.2577E+04  -1.0425E+01   2.8450E+00   1.2790E+01  -8.5305E-01   2.3280E-01  -2.0933E+00
   2006.92   2.1146E+04  -3.5447E+02   4.2579E+04  -1.0338E+01   2.8201E+00   1.2683E+01  -8.4599E-01   2.3077E-01  -2.0758E+00
   2007.00   2.1148E+04  -3.5078E+02   4.2580E+04  -1.0257E+01   2.7967E+00   1.2583E+01  -8.3936E-01   2.2886E-01  -2.0593E+00
   2007.08   2.1149E+04  -3.4707E+02   4.2582E+04  -1.0180E+01   2.7744E+00   1.2487E+01  -8.3305E-01   2.2703E-01  -2.0436E+00
   2007.17   2.1151E+04  -3.4334E+02   4.2584E+04  -1.0105E+01   2.7528E+00   1.2394E+01  -8.2689E-01   2.2526E-01  -2.0283E+00
   2007.25   2.1153E+04  -3.3959E+02   4.2586E+04  -1.0030E+01   2.7313E+00   1.2301E+01  -8.2077E-01   2.2350E-01  -2.0132E+00
   2007.33   2.1154E+04  -3.3582E+02   4.2588E+04  -9.9540E+00   2.7095E+00   1.2206E+01  -8.1454E-01   2.2172E-01  -1.9977E+00
   2007.42   2.1156E+04  -3.3203E+02   4.2589E+04  -9.8749E+00   2.6870E+00   1.2108E+01  -8.0807E-01   2.1988E-01  -1.9817E+00
   2007.50   2.1157E+04  -3.2820E+02   4.2591E+04  -9.7911E+00   2.6632E+00   1.2005E+01  -8.0121E-01   2.1793E-01  -1.9647E+00
   2007.58   2.1159E+04  -3.2436E+02   4.2593E+04  -9.7009E+00   2.6378E+00   1.1893E+01  -7.9383E-01   2.1585E-01  -1.9465E+00
   2007.67   2.1161E+04  -3.2048E+02   4.2594E+04  -9.6027E+00   2.6103E+00   1.1772E+01  -7.8580E-01   2.1360E-01  -1.9266E+00
   2007.75   2.1162E+04  -3.1658E+02   4.2596E+04  -9.4949E+00   2.5801E+00   1.1639E+01  -7.7697E-01   2.1113E-01  -1.9049E+00
   2007.83   2.1164E+04  -3.1264E+02   4.2598E+04  -9.3756E+00   2.5470E+00   1.1492E+01  -7.6721E-01   2.0842E-01  -1.8808E+00
   2007.92   2.1165E+04  -3.0867E+02   4.2600E+04  -9.2433E+00   2.5103E+00   1.1329E+01  -7.5638E-01   2.0542E-01  -1.8542E+00
   2008.00   2.1167E+04  -3.0467E+02   4.2601E+04  -9.0962E+00   2.4697E+00   1.1148E+01  -7.4435E-01   2.0210E-01  -1.8246E+00
   2008.08   2.1168E+04  -3.0063E+02   4.2603E+04  -8.9335E+00   2.4248E+00   1.0948E+01  -7.3103E-01   1.9843E-01  -1.7918E+00
   2008.17   2.1170E+04  -2.9656E+02   4.2605E+04  -8.7565E+00   2.3762E+00   1.0731E+01  -7.1655E-01   1.9444E-01  -1.7562E+00
   2008.25   2.1171E+04  -2.9246E+02   4.2606E+04  -8.5678E+00   2.3243E+00   1.0499E+01  -7.0110E-01   1.9020E-01  -1.7183E+00
   2008.33   2.1173E+04  -2.8832E+02   4.2608E+04  -8.3695E+00   2.2699E+00   1.0256E+01  -6.8488E-01   1.8575E-01  -1.6784E+00
   2008.42   2.1174E+04  -2.8415E+02   4.2610E+04  -8.1639E+00   2.2135E+00   1.0003E+01  -6.6805E-01   1.8113E-01  -1.6371E+00
   2008.50   2.1176E+04  -2.7995E+02   4.2611E+04  -7.9533E+00   2.1557E+00   9.7445E+00  -6.5082E-01   1.7640E-01  -1.5948E+00
   2008.58   2.1177E+04  -2.7572E+02   4.2613E+04  -7.7400E+00   2.0972E+00   9.4825E+00  -6.3336E-01   1.7161E-01  -1.5519E+00
   2008.67   2.1179E+04  -2.7146E+02   4.2615E+04  -7.5262E+00   2.0385E+00   9.2201E+00  -6.1587E-01   1.6681E-01  -1.5090E+00
   2008.75   2.1180E+04  -2.6717E+02   4.2616E+04  -7.3143E+00   1.9803E+00   8.9599E+00  -5.9854E-01   1.6205E-01  -1.4664E+00
   2008.83   2.1181E+04  -2.6285E+02   4.2618E+04  -7.1066E+00   1.9232E+00   8.7047E+00  -5.8153E-01   1.5737E-01  -1.4246E+00
   2008.92   2.1183E+04  -2.5851E+02   4.2620E+04  -6.9052E+00   1.8677E+00   8.4574E+00  -5.6506E-01   1.5284E-01  -1.3841E+00
   2009.00   2.1184E+04  -2.5415E+02   4.2621E+04  -6.7126E+00   1.8146E+00   8.2207E+00  -5.4929E-01   1.4849E-01  -1.3454E+00
   2009.08   2.1185E+04  -2.4975E+02   4.2623E+04  -6.5309E+00   1.7644E+00   7.9975E+00  -5.3443E-01   1.4438E-01  -1.3089E+00
   2009.17   2.1187E+04  -2.4534E+02   4.2625E+04  -6.3625E+00   1.7176E+00   7.7904E+00  -5.2064E-01   1.4056E-01  -1.2750E+00
   2009.25   2.1188E+04  -2.4090E+02   4.2627E+04  -6.2096E+00   1.6751E+00   7.6023E+00  -5.0813E-01   1.3707E-01  -1.2442E+00
   2009.33   2.1189E+04  -2.3644E+02   4.2628E+04  -6.0745E+00   1.6372E+00   7.4360E+00  -4.9708E-01   1.3397E-01  -1.2170E+00
   2009.42   2.1190E+04  -2.3196E+02   4.2630E+04  -5.9596E+00   1.6047E+00   7.2943E+00  -4.8767E-01   1.3132E-01  -1.1938E+00
   2009.50   2.1192E+04  -2.2746E+02   4.2632E+04  -5.8670E+00   1.5782E+00   7.1799E+00  -4.8010E-01   1.2914E-01  -1.1751E+00
   2009.58   2.1193E+04  -2.2294E+02   4.2633E+04  -5.7991E+00   1.5582E+00   7.0957E+00  -4.7454E-01   1.2751E-01  -1.1613E+00
   2009.67   2.1194E+04  -2.1840E+02   4.2635E+04  -5.7582E+00   1.5454E+00   7.0444E+00  -4.7119E-01   1.2646E-01  -1.1529E+00
   2009.75   2.1195E+04  -2.1384E+02   4.2637E+04  -5.7464E+00   1.5405E+00   7.0289E+00  -4.7023E-01   1.2606E-01  -1.1503E+00
   2009.83   2.1196E+04  -2.0927E+02   4.2639E+04  -5.7662E+00   1.5439E+00   7.0518E+00  -4.7185E-01   1.2634E-01  -1.1541E+00
   2009.92   2.1197E+04  -2.0468E+02   4.2640E+04  -5.8198E+00   1.5563E+00   7.1161E+00  -4.7624E-01   1.2735E-01  -1.1646E+00
   2010.00   2.1198E+04  -2.0008E+02   4.2642E+04  -5.9095E+00   1.5783E+00   7.2245E+00  -4.8357E-01   1.2916E-01  -1.1824E+00
   2010.08   2.1199E+04  -1.9546E+02   4.2644E+04  -6.0366E+00   1.6104E+00   7.3787E+00  -4.9397E-01   1.3178E-01  -1.2076E+00
   2010.17   2.1200E+04  -1.9083E+02   4.2646E+04  -6.1989E+00   1.6518E+00   7.5759E+00  -5.0725E-01   1.3517E-01  -1.2399E+00
   2010.25   2.1202E+04  -1.8618E+02   4.2648E+04  -6.3932E+00   1.7018E+00   7.8122E+00  -5.2315E-01   1.3926E-01  -1.2785E+00
   2010.33   2.1203E+04  -1.8153E+02   4.2650E+04  -6.6163E+00   1.7594E+00   8.0837E+00  -5.4141E-01   1.4397E-01  -1.3230E+00
   2010.42   2.1204E+04  -1.7686E+02   4.2651E+04  -6.8651E+00   1.8239E+00   8.3866E+00  -5.6177E-01   1.4925E-01  -1.3726E+00
   2010.50   2.1205E+04  -1.7218E+02   4.2653E+04  -7.1363E+00   1.8945E+00   8.7171E+00  -5.8397E-01   1.5503E-01  -1.4266E+00
   2010.58   2.1206E+04  -1.6749E+02   4.2655E+04  -7.4269E+00   1.9702E+00   9.0711E+00  -6.0775E-01   1.6122E-01  -1.4846E+00
   2010.67   2.1206E+04  -1.6279E+02   4.2657E+04  -7.7336E+00   2.0502E+00   9.4448E+00  -6.3284E-01   1.6777E-01  -1.5457E+00
   2010.75   2.1207E+04  -1.5808E+02   4.2659E+04  -8.0532E+00   2.1337E+00   9.8344E+00  -6.5900E-01   1.7460E-01  -1.6095E+00
   2010.83   2.1208E+04  -1.5337E+02   4.2661E+04  -8.3827E+00   2.2198E+00   1.0236E+01  -6.8596E-01   1.8165E-01  -1.6752E+00
   2010.92   2.1209E+04  -1.4864E+02   4.2662E+04  -8.7187E+00   2.3077E+00   1.0646E+01  -7.1346E-01   1.8884E-01  -1.7423E+00
   2011.00   2.1210E+04  -1.4391E+02   4.2664E+04  -9.0582E+00   2.3966E+00   1.1059E+01  -7.4123E-01   1.9612E-01  -1.8100E+00
   2011.08   2.1211E+04  -1.3917E+02   4.2666E+04  -9.3979E+00   2.4856E+00   1.1474E+01  -7.6903E-01   2.0340E-01  -1.8778E+00
   2011.17   2.1212E+04  -1.3443E+02   4.2668E+04  -9.7347E+00   2.5738E+00   1.1884E+01  -7.9659E-01   2.1062E-01  -1.9450E+00
   2011.25   2.1213E+04  -1.2968E+02   4.2670E+04  -1.0065E+01   2.6605E+00   1.2287E+01  -8.2365E-01   2.1771E-01  -2.0110E+00
   2011.33   2.1214E+04  -1.2492E+02   4.2672E+04  -1.0387E+01   2.7447E+00   1.2679E+01  -8.4995E-01   2.2460E-01  -2.0751E+00
   2011.42   2.1215E+04  -1.2016E+02   4.2674E+04  -1.0696E+01   2.8256E+00   1.3056E+01  -8.7523E-01   2.3122E-01  -2.1367E+00
   2011.50   2.1216E+04  -1.1540E+02   4.2675E+04  -1.0989E+01   2.9024E+00   1.3414E+01  -8.9924E-01   2.3751E-01  -2.1953E+00
   2011.58   2.1217E+04  -1.1063E+02   4.2677E+04  -1.1264E+01   2.9743E+00   1.3748E+01  -9.2170E-01   2.4339E-01  -2.2500E+00
   2011.67   2.1218E+04  -1.0587E+02   4.2679E+04  -1.1516E+01   3.0404E+00   1.4056E+01  -9.4237E-01   2.4879E-01  -2.3004E+00
   2011.75   2.1219E+04  -1.0109E+02   4.2681E+04  -1.1744E+01   3.0998E+00   1.4333E+01  -9.6098E-01   2.5365E-01  -2.3458E+00
   2011.83   2.1220E+04  -9.6322E+01   4.2683E+04  -1.1943E+01   3.1517E+00   1.4576E+01  -9.7727E-01   2.5790E-01  -2.3854E+00
   2011.92   2.1221E+04  -9.1549E+01   4.2684E+04  -1.2110E+01   3.1952E+00   1.4779E+01  -9.9098E-01   2.6147E-01  -2.4188E+00
   2012.00   2.1222E+04  -8.6775E+01   4.2686E+04  -1.2243E+01   3.2296E+00   1.4941E+01  -1.0019E+00   2.6428E-01  -2.4453E+00
