   1960.00   4.8201E+03  -6.2156E+03   5.4890E+04  -5.0985E+00   1.6629E+00   2.9810E+01  -4.1721E-01   1.3608E-01  -4.8788E+00
   1960.08   4.8217E+03  -6.2149E+03   5.4894E+04  -5.0668E+00   1.6527E+00   2.9625E+01  -4.1462E-01   1.3524E-01  -4.8485E+00
   1960.17   4.8233E+03  -6.2142E+03   5.4897E+04  -5.0227E+00   1.6385E+00   2.9367E+01  -4.1101E-01   1.3408E-01  -4.8063E+00
   1960.25   4.8249E+03  -6.2135E+03   5.4901E+04  -4.9672E+00   1.6205E+00   2.9043E+01  -4.0647E-01   1.3261E-01  -4.7531E+00
   1960.33   4.8266E+03  -6.2128E+03   5.4904E+04  -4.9011E+00   1.5991E+00   2.8656E+01  -4.0106E-01   1.3086E-01  -4.6899E+00
   1960.42   4.8282E+03  -6.2121E+03   5.4908E+04  -4.8254E+00   1.5746E+00   2.8214E+01  -3.9487E-01   1.2885E-01  -4.6175E+00
   1960.50   4.8298E+03  -6.2114E+03   5.4912E+04  -4.7411E+00   1.5472E+00   2.7721E+01  -3.8797E-01   1.2661E-01  -4.5368E+00
   1960.58   4.8315E+03  -6.2107E+03   5.4915E+04  -4.6491E+00   1.5173E+00   2.7183E+01  -3.8044E-01   1.2416E-01  -4.4487E+00
   1960.67   4.8332E+03  -6.2100E+03   5.4919E+04  -4.5502E+00   1.4852E+00   2.6605E+01  -3.7235E-01   1.2154E-01  -4.3541E+00
   1960.75   4.8348E+03  -6.2093E+03   5.4923E+04  -4.4455E+00   1.4512E+00   2.5992E+01  -3.6378E-01   1.1876E-01  -4.2539E+00
   1960.83   4.8365E+03  -6.2086E+03   5.4927E+04  -4.3359E+00   1.4156E+00   2.5351E+01  -3.5480E-01   1.1584E-01  -4.1490E+00
   1960.92   4.8382E+03  -6.2079E+03   5.4930E+04  -4.2222E+00   1.3787E+00   2.4687E+01  -3.4550E-01   1.1282E-01  -4.0403E+00
   1961.00   4.8398E+03  -6.2073E+03   5.4934E+04  -4.1055E+00   1.3408E+00   2.4004E+01  -3.3595E-01   1.0972E-01  -3.9286E+00
   1961.08   4.8415E+03  -6.2066E+03   5.4938E+04  -3.9866E+00   1.3022E+00   2.3309E+01  -3.2623E-01   1.0656E-01  -3.8148E+00
   1961.17   4.8432E+03  -6.2059E+03   5.4941E+04  -3.8666E+00   1.2632E+00   2.2607E+01  -3.1640E-01   1.0337E-01  -3.6999E+00
   1961.25   4.8449E+03  -6.2053E+03   5.4945E+04  -3.7462E+00   1.2241E+00   2.1904E+01  -3.0656E-01   1.0017E-01  -3.5848E+00
   1961.33   4.8466E+03  -6.2047E+03   5.4949E+04  -3.6266E+00   1.1853E+00   2.1204E+01  -2.9676E-01   9.6990E-02  -3.4703E+00
   1961.42   4.8483E+03  -6.2040E+03   5.4952E+04  -3.5085E+00   1.1469E+00   2.0514E+01  -2.8710E-01   9.3854E-02  -3.3573E+00
   1961.50   4.8500E+03  -6.2034E+03   5.4956E+04  -3.3930E+00   1.1094E+00   1.9838E+01  -2.7765E-01   9.0785E-02  -3.2467E+00
   1961.58   4.8517E+03  -6.2028E+03   5.4960E+04  -3.2809E+00   1.0731E+00   1.9183E+01  -2.6848E-01   8.7809E-02  -3.1394E+00
   1961.67   4.8534E+03  -6.2022E+03   5.4963E+04  -3.1732E+00   1.0381E+00   1.8553E+01  -2.5967E-01   8.4951E-02  -3.0364E+00
   1961.75   4.8551E+03  -6.2017E+03   5.4967E+04  -3.0709E+00   1.0049E+00   1.7954E+01  -2.5129E-01   8.2235E-02  -2.9384E+00
   1961.83   4.8568E+03  -6.2011E+03   5.4971E+04  -2.9748E+00   9.7381E-01   1.7392E+01  -2.4343E-01   7.9687E-02  -2.8464E+00
   1961.92   4.8585E+03  -6.2006E+03   5.4974E+04  -2.8859E+00   9.4502E-01   1.6872E+01  -2.3615E-01   7.7332E-02  -2.7613E+00
   1962.00   4.8602E+03  -6.2000E+03   5.4978E+04  -2.8051E+00   9.1890E-01   1.6399E+01  -2.2954E-01   7.5194E-02  -2.6839E+00
   1962.08   4.8619E+03  -6.1995E+03   5.4981E+04  -2.7331E+00   8.9565E-01   1.5978E+01  -2.2365E-01   7.3291E-02  -2.6150E+00
   1962.17   4.8637E+03  -6.1990E+03   5.4984E+04  -2.6696E+00   8.7518E-01   1.5606E+01  -2.1845E-01   7.1616E-02  -2.5542E+00
   1962.25   4.8654E+03  -6.1985E+03   5.4988E+04  -2.6140E+00   8.5730E-01   1.5281E+01  -2.1391E-01   7.0153E-02  -2.5009E+00
   1962.33   4.8671E+03  -6.1980E+03   5.4991E+04  -2.5659E+00   8.4182E-01   1.4999E+01  -2.0996E-01   6.8887E-02  -2.4547E+00
   1962.42   4.8688E+03  -6.1976E+03   5.4995E+04  -2.5245E+00   8.2857E-01   1.4756E+01  -2.0658E-01   6.7802E-02  -2.4150E+00
   1962.50   4.8705E+03  -6.1971E+03   5.4998E+04  -2.4893E+00   8.1734E-01   1.4550E+01  -2.0370E-01   6.6884E-02  -2.3813E+00
   1962.58   4.8722E+03  -6.1967E+03   5.5001E+04  -2.4598E+00   8.0797E-01   1.4377E+01  -2.0129E-01   6.6117E-02  -2.3530E+00
   1962.67   4.8740E+03  -6.1963E+03   5.5004E+04  -2.4354E+00   8.0027E-01   1.4234E+01  -1.9929E-01   6.5486E-02  -2.3295E+00
   1962.75   4.8757E+03  -6.1959E+03   5.5008E+04  -2.4156E+00   7.9404E-01   1.4117E+01  -1.9767E-01   6.4976E-02  -2.3105E+00
   1962.83   4.8774E+03  -6.1955E+03   5.5011E+04  -2.3997E+00   7.8910E-01   1.4024E+01  -1.9637E-01   6.4572E-02  -2.2952E+00
   1962.92   4.8791E+03  -6.1951E+03   5.5014E+04  -2.3872E+00   7.8527E-01   1.3950E+01  -1.9535E-01   6.4259E-02  -2.2831E+00
   1963.00   4.8808E+03  -6.1947E+03   5.5017E+04  -2.3776E+00   7.8237E-01   1.3894E+01  -1.9456E-01   6.4021E-02  -2.2738E+00
   1963.08   4.8825E+03  -6.1944E+03   5.5021E+04  -2.3703E+00   7.8020E-01   1.3850E+01  -1.9396E-01   6.3844E-02  -2.2667E+00
   1963.17   4.8842E+03  -6.1940E+03   5.5024E+04  -2.3647E+00   7.7858E-01   1.3817E+01  -1.9350E-01   6.3712E-02  -2.2612E+00
   1963.25   4.8859E+03  -6.1937E+03   5.5027E+04  -2.3602E+00   7.7733E-01   1.3790E+01  -1.9314E-01   6.3609E-02  -2.2569E+00
   1963.33   4.8875E+03  -6.1934E+03   5.5030E+04  -2.3563E+00   7.7626E-01   1.3767E+01  -1.9282E-01   6.3522E-02  -2.2531E+00
   1963.42   4.8892E+03  -6.1931E+03   5.5034E+04  -2.3525E+00   7.7518E-01   1.3743E+01  -1.9250E-01   6.3434E-02  -2.2493E+00
   1963.50   4.8909E+03  -6.1928E+03   5.5037E+04  -2.3481E+00   7.7392E-01   1.3717E+01  -1.9215E-01   6.3330E-02  -2.2450E+00
   1963.58   4.8926E+03  -6.1925E+03   5.5040E+04  -2.3426E+00   7.7228E-01   1.3684E+01  -1.9170E-01   6.3196E-02  -2.2396E+00
   1963.67   4.8942E+03  -6.1923E+03   5.5043E+04  -2.3354E+00   7.7008E-01   1.3642E+01  -1.9111E-01   6.3016E-02  -2.2326E+00
   1963.75   4.8959E+03  -6.1920E+03   5.5047E+04  -2.3260E+00   7.6713E-01   1.3586E+01  -1.9034E-01   6.2774E-02  -2.2236E+00
   1963.83   4.8975E+03  -6.1918E+03   5.5050E+04  -2.3138E+00   7.6325E-01   1.3515E+01  -1.8934E-01   6.2457E-02  -2.2118E+00
   1963.92   4.8991E+03  -6.1916E+03   5.5053E+04  -2.2983E+00   7.5825E-01   1.3423E+01  -1.8807E-01   6.2048E-02  -2.1968E+00
   1964.00   4.9008E+03  -6.1914E+03   5.5057E+04  -2.2788E+00   7.5196E-01   1.3309E+01  -1.8647E-01   6.1533E-02  -2.1781E+00
   1964.08   4.9024E+03  -6.1912E+03   5.5060E+04  -2.2550E+00   7.4424E-01   1.3169E+01  -1.8453E-01   6.0901E-02  -2.1553E+00
   1964.17   4.9040E+03  -6.1910E+03   5.5064E+04  -2.2274E+00   7.3524E-01   1.3007E+01  -1.8227E-01   6.0165E-02  -2.1288E+00
   1964.25   4.9056E+03  -6.1908E+03   5.5067E+04  -2.1966E+00   7.2519E-01   1.2826E+01  -1.7974E-01   5.9343E-02  -2.0992E+00
   1964.33   4.9072E+03  -6.1906E+03   5.5071E+04  -2.1632E+00   7.1430E-01   1.2631E+01  -1.7701E-01   5.8452E-02  -2.0672E+00
   1964.42   4.9087E+03  -6.1905E+03   5.5074E+04  -2.1279E+00   7.0278E-01   1.2424E+01  -1.7413E-01   5.7509E-02  -2.0334E+00
   1964.50   4.9103E+03  -6.1903E+03   5.5078E+04  -2.0914E+00   6.9085E-01   1.2210E+01  -1.7114E-01   5.6533E-02  -1.9983E+00
   1964.58   4.9119E+03  -6.1902E+03   5.5081E+04  -2.0543E+00   6.7873E-01   1.1993E+01  -1.6810E-01   5.5541E-02  -1.9627E+00
   1964.67   4.9134E+03  -6.1901E+03   5.5085E+04  -2.0173E+00   6.6662E-01   1.1775E+01  -1.6507E-01   5.4550E-02  -1.9272E+00
   1964.75   4.9149E+03  -6.1900E+03   5.5088E+04  -1.9809E+00   6.5475E-01   1.1562E+01  -1.6210E-01   5.3578E-02  -1.8923E+00
   1964.83   4.9164E+03  -6.1898E+03   5.5092E+04  -1.9459E+00   6.4332E-01   1.1356E+01  -1.5923E-01   5.2643E-02  -1.8586E+00
   1964.92   4.9180E+03  -6.1897E+03   5.5096E+04  -1.9129E+00   6.3256E-01   1.1162E+01  -1.5653E-01   5.1763E-02  -1.8269E+00
   1965.00   4.9194E+03  -6.1896E+03   5.5099E+04  -1.8825E+00   6.2268E-01   1.0984E+01  -1.5405E-01   5.0954E-02  -1.7976E+00
   1965.08   4.9209E+03  -6.1895E+03   5.5103E+04  -1.8554E+00   6.1389E-01   1.0824E+01  -1.5183E-01   5.0235E-02  -1.7715E+00
   1965.17   4.9224E+03  -6.1894E+03   5.5107E+04  -1.8323E+00   6.0642E-01   1.0688E+01  -1.4994E-01   4.9623E-02  -1.7491E+00
   1965.25   4.9238E+03  -6.1893E+03   5.5110E+04  -1.8138E+00   6.0047E-01   1.0578E+01  -1.4842E-01   4.9136E-02  -1.7311E+00
   1965.33   4.9253E+03  -6.1892E+03   5.5114E+04  -1.8005E+00   5.9626E-01   1.0498E+01  -1.4733E-01   4.8792E-02  -1.7181E+00
   1965.42   4.9267E+03  -6.1891E+03   5.5118E+04  -1.7931E+00   5.9400E-01   1.0453E+01  -1.4673E-01   4.8607E-02  -1.7107E+00
   1965.50   4.9281E+03  -6.1890E+03   5.5121E+04  -1.7922E+00   5.9392E-01   1.0445E+01  -1.4666E-01   4.8600E-02  -1.7095E+00
   1965.58   4.9295E+03  -6.1889E+03   5.5125E+04  -1.7986E+00   5.9622E-01   1.0480E+01  -1.4718E-01   4.8789E-02  -1.7151E+00
   1965.67   4.9309E+03  -6.1888E+03   5.5129E+04  -1.8127E+00   6.0112E-01   1.0560E+01  -1.4834E-01   4.9190E-02  -1.7282E+00
   1965.75   4.9322E+03  -6.1887E+03   5.5133E+04  -1.8354E+00   6.0884E-01   1.0689E+01  -1.5019E-01   4.9822E-02  -1.7494E+00
   1965.83   4.9336E+03  -6.1886E+03   5.5136E+04  -1.8672E+00   6.1959E-01   1.0872E+01  -1.5279E-01   5.0701E-02  -1.7792E+00
   1965.92   4.9349E+03  -6.1884E+03   5.5140E+04  -1.9088E+00   6.3359E-01   1.1111E+01  -1.5620E-01   5.1847E-02  -1.8184E+00
   1966.00   4.9362E+03  -6.1883E+03   5.5144E+04  -1.9608E+00   6.5105E-01   1.1411E+01  -1.6045E-01   5.3276E-02  -1.8675E+00
   1966.08   4.9375E+03  -6.1882E+03   5.5147E+04  -2.0236E+00   6.7210E-01   1.1774E+01  -1.6559E-01   5.4998E-02  -1.9269E+00
   1966.17   4.9388E+03  -6.1880E+03   5.5151E+04  -2.0966E+00   6.9652E-01   1.2196E+01  -1.7157E-01   5.6996E-02  -1.9960E+00
   1966.25   4.9401E+03  -6.1879E+03   5.5155E+04  -2.1788E+00   7.2400E-01   1.2672E+01  -1.7830E-01   5.9245E-02  -2.0738E+00
   1966.33   4.9413E+03  -6.1878E+03   5.5159E+04  -2.2694E+00   7.5423E-01   1.3196E+01  -1.8570E-01   6.1719E-02  -2.1596E+00
   1966.42   4.9426E+03  -6.1876E+03   5.5162E+04  -2.3673E+00   7.8690E-01   1.3762E+01  -1.9371E-01   6.4393E-02  -2.2524E+00
   1966.50   4.9438E+03  -6.1874E+03   5.5166E+04  -2.4716E+00   8.2171E-01   1.4367E+01  -2.0225E-01   6.7241E-02  -2.3513E+00
   1966.58   4.9450E+03  -6.1873E+03   5.5170E+04  -2.5814E+00   8.5835E-01   1.5003E+01  -2.1124E-01   7.0239E-02  -2.4554E+00
   1966.67   4.9463E+03  -6.1871E+03   5.5174E+04  -2.6959E+00   8.9651E-01   1.5666E+01  -2.2060E-01   7.3362E-02  -2.5639E+00
   1966.75   4.9475E+03  -6.1869E+03   5.5178E+04  -2.8140E+00   9.3588E-01   1.6350E+01  -2.3027E-01   7.6583E-02  -2.6759E+00
   1966.83   4.9487E+03  -6.1868E+03   5.5182E+04  -2.9348E+00   9.7615E-01   1.7050E+01  -2.4015E-01   7.9878E-02  -2.7905E+00
   1966.92   4.9499E+03  -6.1866E+03   5.5186E+04  -3.0574E+00   1.0170E+00   1.7761E+01  -2.5019E-01   8.3222E-02  -2.9068E+00
   1967.00   4.9511E+03  -6.1864E+03   5.5189E+04  -3.1809E+00   1.0582E+00   1.8477E+01  -2.6029E-01   8.6590E-02  -3.0239E+00
   1967.08   4.9523E+03  -6.1862E+03   5.5193E+04  -3.3043E+00   1.0993E+00   1.9192E+01  -2.7040E-01   8.9955E-02  -3.1410E+00
   1967.17   4.9535E+03  -6.1860E+03   5.5197E+04  -3.4268E+00   1.1401E+00   1.9902E+01  -2.8042E-01   9.3294E-02  -3.2572E+00
   1967.25   4.9547E+03  -6.1858E+03   5.5202E+04  -3.5473E+00   1.1802E+00   2.0600E+01  -2.9028E-01   9.6580E-02  -3.3715E+00
   1967.33   4.9559E+03  -6.1857E+03   5.5206E+04  -3.6651E+00   1.2195E+00   2.1282E+01  -2.9991E-01   9.9788E-02  -3.4831E+00
   1967.42   4.9572E+03  -6.1855E+03   5.5210E+04  -3.7790E+00   1.2574E+00   2.1943E+01  -3.0924E-01   1.0289E-01  -3.5911E+00
   1967.50   4.9584E+03  -6.1853E+03   5.5214E+04  -3.8882E+00   1.2938E+00   2.2575E+01  -3.1818E-01   1.0587E-01  -3.6947E+00
   1967.58   4.9596E+03  -6.1851E+03   5.5218E+04  -3.9919E+00   1.3283E+00   2.3175E+01  -3.2665E-01   1.0870E-01  -3.7929E+00
   1967.67   4.9609E+03  -6.1849E+03   5.5222E+04  -4.0889E+00   1.3607E+00   2.3737E+01  -3.3460E-01   1.1134E-01  -3.8849E+00
   1967.75   4.9621E+03  -6.1847E+03   5.5227E+04  -4.1785E+00   1.3905E+00   2.4256E+01  -3.4193E-01   1.1378E-01  -3.9697E+00
   1967.83   4.9634E+03  -6.1845E+03   5.5231E+04  -4.2597E+00   1.4175E+00   2.4726E+01  -3.4857E-01   1.1600E-01  -4.0466E+00
   1967.92   4.9647E+03  -6.1843E+03   5.5236E+04  -4.3315E+00   1.4415E+00   2.5141E+01  -3.5445E-01   1.1796E-01  -4.1146E+00
   1968.00   4.9660E+03  -6.1841E+03   5.5240E+04  -4.3931E+00   1.4620E+00   2.5496E+01  -3.5949E-01   1.1964E-01  -4.1728E+00
   1968.08   4.9673E+03  -6.1839E+03   5.5245E+04  -4.4437E+00   1.4789E+00   2.5788E+01  -3.6363E-01   1.2102E-01  -4.2205E+00
   1968.17   4.9686E+03  -6.1837E+03   5.5250E+04  -4.4836E+00   1.4922E+00   2.6018E+01  -3.6690E-01   1.2211E-01  -4.2581E+00
   1968.25   4.9700E+03  -6.1835E+03   5.5254E+04  -4.5134E+00   1.5022E+00   2.6188E+01  -3.6933E-01   1.2292E-01  -4.2860E+00
   1968.33   4.9714E+03  -6.1834E+03   5.5259E+04  -4.5334E+00   1.5089E+00   2.6303E+01  -3.7097E-01   1.2347E-01  -4.3047E+00
   1968.42   4.9727E+03  -6.1832E+03   5.5264E+04  -4.5443E+00   1.5126E+00   2.6363E+01  -3.7186E-01   1.2378E-01  -4.3146E+00
   1968.50   4.9741E+03  -6.1830E+03   5.5269E+04  -4.5465E+00   1.5134E+00   2.6374E+01  -3.7204E-01   1.2384E-01  -4.3163E+00
   1968.58   4.9756E+03  -6.1828E+03   5.5274E+04  -4.5405E+00   1.5114E+00   2.6337E+01  -3.7155E-01   1.2368E-01  -4.3103E+00
   1968.67   4.9770E+03  -6.1826E+03   5.5279E+04  -4.5269E+00   1.5069E+00   2.6255E+01  -3.7044E-01   1.2331E-01  -4.2969E+00
   1968.75   4.9784E+03  -6.1825E+03   5.5284E+04  -4.5061E+00   1.5001E+00   2.6131E+01  -3.6874E-01   1.2275E-01  -4.2767E+00
   1968.83   4.9799E+03  -6.1823E+03   5.5289E+04  -4.4786E+00   1.4910E+00   2.5969E+01  -3.6649E-01   1.2201E-01  -4.2501E+00
   1968.92   4.9814E+03  -6.1821E+03   5.5294E+04  -4.4450E+00   1.4799E+00   2.5771E+01  -3.6374E-01   1.2110E-01  -4.2177E+00
   1969.00   4.9828E+03  -6.1820E+03   5.5300E+04  -4.4057E+00   1.4668E+00   2.5540E+01  -3.6052E-01   1.2003E-01  -4.1800E+00
   1969.08   4.9843E+03  -6.1818E+03   5.5305E+04  -4.3613E+00   1.4521E+00   2.5280E+01  -3.5688E-01   1.1883E-01  -4.1373E+00
   1969.17   4.9859E+03  -6.1816E+03   5.5310E+04  -4.3122E+00   1.4358E+00   2.4992E+01  -3.5287E-01   1.1749E-01  -4.0902E+00
   1969.25   4.9874E+03  -6.1815E+03   5.5315E+04  -4.2590E+00   1.4182E+00   2.4680E+01  -3.4851E-01   1.1605E-01  -4.0392E+00
   1969.33   4.9889E+03  -6.1814E+03   5.5321E+04  -4.2021E+00   1.3993E+00   2.4347E+01  -3.4386E-01   1.1450E-01  -3.9847E+00
   1969.42   4.9905E+03  -6.1812E+03   5.5326E+04  -4.1421E+00   1.3794E+00   2.3996E+01  -3.3895E-01   1.1287E-01  -3.9272E+00
   1969.50   4.9920E+03  -6.1811E+03   5.5331E+04  -4.0794E+00   1.3586E+00   2.3630E+01  -3.3382E-01   1.1117E-01  -3.8673E+00
   1969.58   4.9936E+03  -6.1810E+03   5.5337E+04  -4.0146E+00   1.3371E+00   2.3251E+01  -3.2852E-01   1.0941E-01  -3.8053E+00
   1969.67   4.9952E+03  -6.1808E+03   5.5342E+04  -3.9482E+00   1.3150E+00   2.2863E+01  -3.2308E-01   1.0761E-01  -3.7418E+00
   1969.75   4.9968E+03  -6.1807E+03   5.5347E+04  -3.8807E+00   1.2926E+00   2.2468E+01  -3.1756E-01   1.0577E-01  -3.6772E+00
   1969.83   4.9984E+03  -6.1806E+03   5.5353E+04  -3.8125E+00   1.2699E+00   2.2070E+01  -3.1198E-01   1.0392E-01  -3.6120E+00
   1969.92   5.0000E+03  -6.1805E+03   5.5358E+04  -3.7443E+00   1.2473E+00   2.1671E+01  -3.0639E-01   1.0206E-01  -3.5467E+00
   1970.00   5.0016E+03  -6.1804E+03   5.5364E+04  -3.6764E+00   1.2247E+00   2.1275E+01  -3.0084E-01   1.0022E-01  -3.4818E+00
   1970.08   5.0033E+03  -6.1804E+03   5.5369E+04  -3.6094E+00   1.2024E+00   2.0883E+01  -2.9535E-01   9.8396E-02  -3.4178E+00
   1970.17   5.0049E+03  -6.1803E+03   5.5374E+04  -3.5436E+00   1.1806E+00   2.0499E+01  -2.8997E-01   9.6607E-02  -3.3549E+00
   1970.25   5.0066E+03  -6.1802E+03   5.5380E+04  -3.4793E+00   1.1592E+00   2.0124E+01  -2.8471E-01   9.4860E-02  -3.2935E+00
   1970.33   5.0083E+03  -6.1801E+03   5.5385E+04  -3.4170E+00   1.1385E+00   1.9759E+01  -2.7961E-01   9.3164E-02  -3.2338E+00
   1970.42   5.0100E+03  -6.1801E+03   5.5391E+04  -3.3569E+00   1.1185E+00   1.9408E+01  -2.7469E-01   9.1529E-02  -3.1764E+00
   1970.50   5.0117E+03  -6.1800E+03   5.5396E+04  -3.2993E+00   1.0994E+00   1.9072E+01  -2.6998E-01   8.9963E-02  -3.1213E+00
   1970.58   5.0134E+03  -6.1800E+03   5.5401E+04  -3.2447E+00   1.0812E+00   1.8752E+01  -2.6551E-01   8.8477E-02  -3.0690E+00
   1970.67   5.0151E+03  -6.1799E+03   5.5407E+04  -3.1932E+00   1.0641E+00   1.8451E+01  -2.6130E-01   8.7078E-02  -3.0197E+00
   1970.75   5.0169E+03  -6.1798E+03   5.5412E+04  -3.1454E+00   1.0482E+00   1.8171E+01  -2.5739E-01   8.5776E-02  -2.9739E+00
   1970.83   5.0187E+03  -6.1797E+03   5.5417E+04  -3.1015E+00   1.0336E+00   1.7913E+01  -2.5380E-01   8.4581E-02  -2.9317E+00
   1970.92   5.0205E+03  -6.1797E+03   5.5422E+04  -3.0618E+00   1.0204E+00   1.7680E+01  -2.5055E-01   8.3501E-02  -2.8935E+00
   1971.00   5.0224E+03  -6.1796E+03   5.5428E+04  -3.0267E+00   1.0087E+00   1.7473E+01  -2.4768E-01   8.2545E-02  -2.8596E+00
   1971.08   5.0243E+03  -6.1795E+03   5.5433E+04  -2.9965E+00   9.9869E-01   1.7294E+01  -2.4521E-01   8.1723E-02  -2.8304E+00
   1971.17   5.0262E+03  -6.1794E+03   5.5438E+04  -2.9716E+00   9.9039E-01   1.7146E+01  -2.4317E-01   8.1044E-02  -2.8061E+00
   1971.25   5.0281E+03  -6.1793E+03   5.5443E+04  -2.9523E+00   9.8395E-01   1.7030E+01  -2.4158E-01   8.0517E-02  -2.7871E+00
   1971.33   5.0301E+03  -6.1791E+03   5.5448E+04  -2.9388E+00   9.7948E-01   1.6948E+01  -2.4049E-01   8.0151E-02  -2.7737E+00
   1971.42   5.0321E+03  -6.1790E+03   5.5453E+04  -2.9317E+00   9.7709E-01   1.6901E+01  -2.3990E-01   7.9955E-02  -2.7661E+00
   1971.50   5.0341E+03  -6.1788E+03   5.5458E+04  -2.9311E+00   9.7689E-01   1.6893E+01  -2.3985E-01   7.9939E-02  -2.7648E+00
   1971.58   5.0362E+03  -6.1787E+03   5.5463E+04  -2.9375E+00   9.7899E-01   1.6925E+01  -2.4037E-01   8.0111E-02  -2.7700E+00
   1971.67   5.0384E+03  -6.1785E+03   5.5467E+04  -2.9511E+00   9.8351E-01   1.6998E+01  -2.4149E-01   8.0481E-02  -2.7820E+00
   1971.75   5.0405E+03  -6.1783E+03   5.5472E+04  -2.9723E+00   9.9056E-01   1.7116E+01  -2.4323E-01   8.1058E-02  -2.8011E+00
   1971.83   5.0427E+03  -6.1780E+03   5.5477E+04  -3.0015E+00   1.0002E+00   1.7278E+01  -2.4561E-01   8.1851E-02  -2.8278E+00
   1971.92   5.0450E+03  -6.1778E+03   5.5481E+04  -3.0389E+00   1.0127E+00   1.7489E+01  -2.4868E-01   8.2869E-02  -2.8622E+00
   1972.00   5.0473E+03  -6.1775E+03   5.5486E+04  -3.0850E+00   1.0280E+00   1.7748E+01  -2.5244E-01   8.4121E-02  -2.9047E+00
   1972.08   5.0496E+03  -6.1772E+03   5.5490E+04  -3.1397E+00   1.0462E+00   1.8058E+01  -2.5692E-01   8.5610E-02  -2.9555E+00
   1972.17   5.0520E+03  -6.1768E+03   5.5495E+04  -3.2025E+00   1.0670E+00   1.8414E+01  -2.6206E-01   8.7317E-02  -3.0137E+00
   1972.25   5.0545E+03  -6.1765E+03   5.5499E+04  -3.2722E+00   1.0902E+00   1.8810E+01  -2.6777E-01   8.9214E-02  -3.0785E+00
   1972.33   5.0570E+03  -6.1761E+03   5.5503E+04  -3.3480E+00   1.1154E+00   1.9241E+01  -2.7397E-01   9.1275E-02  -3.1490E+00
   1972.42   5.0595E+03  -6.1757E+03   5.5507E+04  -3.4288E+00   1.1423E+00   1.9701E+01  -2.8058E-01   9.3475E-02  -3.2243E+00
   1972.50   5.0621E+03  -6.1753E+03   5.5512E+04  -3.5138E+00   1.1705E+00   2.0184E+01  -2.8753E-01   9.5785E-02  -3.3034E+00
   1972.58   5.0647E+03  -6.1748E+03   5.5516E+04  -3.6019E+00   1.1998E+00   2.0686E+01  -2.9474E-01   9.8181E-02  -3.3855E+00
   1972.67   5.0674E+03  -6.1743E+03   5.5520E+04  -3.6921E+00   1.2298E+00   2.1200E+01  -3.0212E-01   1.0064E-01  -3.4696E+00
   1972.75   5.0702E+03  -6.1739E+03   5.5524E+04  -3.7835E+00   1.2602E+00   2.1721E+01  -3.0960E-01   1.0312E-01  -3.5549E+00
   1972.83   5.0729E+03  -6.1733E+03   5.5527E+04  -3.8751E+00   1.2906E+00   2.2243E+01  -3.1710E-01   1.0561E-01  -3.6403E+00
   1972.92   5.0758E+03  -6.1728E+03   5.5531E+04  -3.9660E+00   1.3209E+00   2.2761E+01  -3.2454E-01   1.0809E-01  -3.7251E+00
   1973.00   5.0786E+03  -6.1722E+03   5.5535E+04  -4.0552E+00   1.3505E+00   2.3269E+01  -3.3183E-01   1.1051E-01  -3.8083E+00
   1973.08   5.0816E+03  -6.1717E+03   5.5539E+04  -4.1416E+00   1.3792E+00   2.3762E+01  -3.3891E-01   1.1286E-01  -3.8890E+00
   1973.17   5.0845E+03  -6.1711E+03   5.5543E+04  -4.2244E+00   1.4067E+00   2.4234E+01  -3.4569E-01   1.1511E-01  -3.9662E+00
   1973.25   5.0875E+03  -6.1705E+03   5.5546E+04  -4.3026E+00   1.4327E+00   2.4680E+01  -3.5208E-01   1.1724E-01  -4.0391E+00
   1973.33   5.0906E+03  -6.1698E+03   5.5550E+04  -4.3752E+00   1.4568E+00   2.5093E+01  -3.5802E-01   1.1921E-01  -4.1068E+00
   1973.42   5.0937E+03  -6.1692E+03   5.5553E+04  -4.4412E+00   1.4787E+00   2.5469E+01  -3.6342E-01   1.2101E-01  -4.1683E+00
   1973.50   5.0968E+03  -6.1685E+03   5.5557E+04  -4.4997E+00   1.4982E+00   2.5802E+01  -3.6821E-01   1.2260E-01  -4.2228E+00
   1973.58   5.1000E+03  -6.1678E+03   5.5561E+04  -4.5496E+00   1.5147E+00   2.6086E+01  -3.7230E-01   1.2395E-01  -4.2693E+00
   1973.67   5.1033E+03  -6.1671E+03   5.5564E+04  -4.5901E+00   1.5282E+00   2.6316E+01  -3.7561E-01   1.2505E-01  -4.3069E+00
   1973.75   5.1066E+03  -6.1664E+03   5.5568E+04  -4.6201E+00   1.5381E+00   2.6486E+01  -3.7807E-01   1.2587E-01  -4.3348E+00
   1973.83   5.1099E+03  -6.1656E+03   5.5571E+04  -4.6388E+00   1.5443E+00   2.6591E+01  -3.7959E-01   1.2637E-01  -4.3519E+00
   1973.92   5.1133E+03  -6.1649E+03   5.5575E+04  -4.6450E+00   1.5463E+00   2.6625E+01  -3.8010E-01   1.2654E-01  -4.3574E+00
   1974.00   5.1167E+03  -6.1641E+03   5.5578E+04  -4.6379E+00   1.5439E+00   2.6582E+01  -3.7952E-01   1.2634E-01  -4.3504E+00
   1974.08   5.1202E+03  -6.1633E+03   5.5581E+04  -4.6168E+00   1.5368E+00   2.6459E+01  -3.7780E-01   1.2576E-01  -4.3303E+00
   1974.17   5.1237E+03  -6.1625E+03   5.5585E+04  -4.5826E+00   1.5254E+00   2.6261E+01  -3.7500E-01   1.2482E-01  -4.2979E+00
   1974.25   5.1272E+03  -6.1617E+03   5.5588E+04  -4.5365E+00   1.5100E+00   2.5995E+01  -3.7123E-01   1.2357E-01  -4.2544E+00
   1974.33   5.1308E+03  -6.1609E+03   5.5592E+04  -4.4798E+00   1.4911E+00   2.5668E+01  -3.6658E-01   1.2202E-01  -4.2008E+00
   1974.42   5.1344E+03  -6.1600E+03   5.5595E+04  -4.4135E+00   1.4690E+00   2.5286E+01  -3.6116E-01   1.2021E-01  -4.1383E+00
   1974.50   5.1381E+03  -6.1592E+03   5.5598E+04  -4.3390E+00   1.4441E+00   2.4857E+01  -3.5506E-01   1.1817E-01  -4.0681E+00
   1974.58   5.1418E+03  -6.1583E+03   5.5602E+04  -4.2574E+00   1.4169E+00   2.4387E+01  -3.4839E-01   1.1595E-01  -3.9913E+00
   1974.67   5.1456E+03  -6.1574E+03   5.5605E+04  -4.1701E+00   1.3878E+00   2.3884E+01  -3.4124E-01   1.1356E-01  -3.9089E+00
   1974.75   5.1493E+03  -6.1564E+03   5.5608E+04  -4.0780E+00   1.3571E+00   2.3355E+01  -3.3371E-01   1.1105E-01  -3.8222E+00
   1974.83   5.1531E+03  -6.1555E+03   5.5611E+04  -3.9826E+00   1.3253E+00   2.2805E+01  -3.2590E-01   1.0845E-01  -3.7323E+00
   1974.92   5.1570E+03  -6.1545E+03   5.5614E+04  -3.8850E+00   1.2928E+00   2.2243E+01  -3.1791E-01   1.0579E-01  -3.6404E+00
   1975.00   5.1608E+03  -6.1535E+03   5.5617E+04  -3.7864E+00   1.2599E+00   2.1675E+01  -3.0984E-01   1.0310E-01  -3.5474E+00
   1975.08   5.1647E+03  -6.1525E+03   5.5620E+04  -3.6881E+00   1.2271E+00   2.1109E+01  -3.0180E-01   1.0041E-01  -3.4547E+00
   1975.17   5.1687E+03  -6.1514E+03   5.5623E+04  -3.5912E+00   1.1947E+00   2.0550E+01  -2.9387E-01   9.7767E-02  -3.3633E+00
   1975.25   5.1726E+03  -6.1504E+03   5.5626E+04  -3.4969E+00   1.1633E+00   2.0007E+01  -2.8615E-01   9.5193E-02  -3.2743E+00
   1975.33   5.1766E+03  -6.1493E+03   5.5628E+04  -3.4065E+00   1.1331E+00   1.9485E+01  -2.7876E-01   9.2724E-02  -3.1889E+00
   1975.42   5.1806E+03  -6.1482E+03   5.5631E+04  -3.3212E+00   1.1046E+00   1.8992E+01  -2.7178E-01   9.0394E-02  -3.1083E+00
   1975.50   5.1846E+03  -6.1470E+03   5.5634E+04  -3.2422E+00   1.0783E+00   1.8535E+01  -2.6531E-01   8.8234E-02  -3.0335E+00
   1975.58   5.1886E+03  -6.1458E+03   5.5636E+04  -3.1707E+00   1.0544E+00   1.8121E+01  -2.5946E-01   8.6279E-02  -2.9657E+00
   1975.67   5.1927E+03  -6.1446E+03   5.5638E+04  -3.1079E+00   1.0334E+00   1.7757E+01  -2.5432E-01   8.4560E-02  -2.9061E+00
   1975.75   5.1968E+03  -6.1434E+03   5.5641E+04  -3.0551E+00   1.0157E+00   1.7449E+01  -2.5000E-01   8.3112E-02  -2.8557E+00
   1975.83   5.2008E+03  -6.1421E+03   5.5643E+04  -3.0134E+00   1.0017E+00   1.7205E+01  -2.4659E-01   8.1966E-02  -2.8157E+00
   1975.92   5.2049E+03  -6.1409E+03   5.5645E+04  -2.9841E+00   9.9177E-01   1.7031E+01  -2.4419E-01   8.1157E-02  -2.7873E+00
   1976.00   5.2091E+03  -6.1395E+03   5.5647E+04  -2.9683E+00   9.8639E-01   1.6935E+01  -2.4290E-01   8.0716E-02  -2.7715E+00
   1976.08   5.2132E+03  -6.1382E+03   5.5649E+04  -2.9670E+00   9.8579E-01   1.6920E+01  -2.4279E-01   8.0667E-02  -2.7692E+00
   1976.17   5.2173E+03  -6.1368E+03   5.5650E+04  -2.9793E+00   9.8972E-01   1.6984E+01  -2.4379E-01   8.0989E-02  -2.7796E+00
   1976.25   5.2215E+03  -6.1354E+03   5.5652E+04  -3.0040E+00   9.9780E-01   1.7119E+01  -2.4582E-01   8.1651E-02  -2.8017E+00
   1976.33   5.2256E+03  -6.1339E+03   5.5653E+04  -3.0401E+00   1.0097E+00   1.7319E+01  -2.4878E-01   8.2620E-02  -2.8344E+00
   1976.42   5.2298E+03  -6.1325E+03   5.5655E+04  -3.0864E+00   1.0249E+00   1.7576E+01  -2.5257E-01   8.3867E-02  -2.8766E+00
   1976.50   5.2339E+03  -6.1310E+03   5.5656E+04  -3.1418E+00   1.0431E+00   1.7886E+01  -2.5709E-01   8.5361E-02  -2.9272E+00
   1976.58   5.2381E+03  -6.1295E+03   5.5657E+04  -3.2050E+00   1.0640E+00   1.8240E+01  -2.6227E-01   8.7068E-02  -2.9853E+00
   1976.67   5.2423E+03  -6.1280E+03   5.5658E+04  -3.2750E+00   1.0871E+00   1.8634E+01  -2.6800E-01   8.8960E-02  -3.0496E+00
   1976.75   5.2464E+03  -6.1264E+03   5.5659E+04  -3.3506E+00   1.1121E+00   1.9059E+01  -2.7418E-01   9.1004E-02  -3.1192E+00
   1976.83   5.2506E+03  -6.1249E+03   5.5660E+04  -3.4307E+00   1.1386E+00   1.9510E+01  -2.8073E-01   9.3169E-02  -3.1930E+00
   1976.92   5.2548E+03  -6.1233E+03   5.5660E+04  -3.5140E+00   1.1661E+00   1.9979E+01  -2.8755E-01   9.5423E-02  -3.2698E+00
   1977.00   5.2590E+03  -6.1217E+03   5.5661E+04  -3.5995E+00   1.1944E+00   2.0462E+01  -2.9455E-01   9.7737E-02  -3.3488E+00
   1977.08   5.2631E+03  -6.1201E+03   5.5662E+04  -3.6860E+00   1.2230E+00   2.0950E+01  -3.0163E-01   1.0008E-01  -3.4286E+00
   1977.17   5.2673E+03  -6.1185E+03   5.5662E+04  -3.7724E+00   1.2516E+00   2.1437E+01  -3.0870E-01   1.0242E-01  -3.5084E+00
   1977.25   5.2715E+03  -6.1169E+03   5.5663E+04  -3.8575E+00   1.2797E+00   2.1917E+01  -3.1566E-01   1.0472E-01  -3.5870E+00
   1977.33   5.2756E+03  -6.1153E+03   5.5663E+04  -3.9401E+00   1.3070E+00   2.2384E+01  -3.2242E-01   1.0695E-01  -3.6633E+00
   1977.42   5.2798E+03  -6.1137E+03   5.5663E+04  -4.0191E+00   1.3332E+00   2.2830E+01  -3.2889E-01   1.0909E-01  -3.7363E+00
   1977.50   5.2840E+03  -6.1121E+03   5.5663E+04  -4.0934E+00   1.3577E+00   2.3249E+01  -3.3497E-01   1.1110E-01  -3.8050E+00
   1977.58   5.2881E+03  -6.1105E+03   5.5663E+04  -4.1618E+00   1.3803E+00   2.3635E+01  -3.4056E-01   1.1295E-01  -3.8681E+00
   1977.67   5.2922E+03  -6.1088E+03   5.5663E+04  -4.2232E+00   1.4006E+00   2.3981E+01  -3.4559E-01   1.1461E-01  -3.9248E+00
   1977.75   5.2963E+03  -6.1072E+03   5.5663E+04  -4.2764E+00   1.4182E+00   2.4281E+01  -3.4994E-01   1.1605E-01  -3.9738E+00
   1977.83   5.3005E+03  -6.1056E+03   5.5663E+04  -4.3202E+00   1.4327E+00   2.4527E+01  -3.5353E-01   1.1724E-01  -4.0142E+00
   1977.92   5.3046E+03  -6.1041E+03   5.5663E+04  -4.3536E+00   1.4437E+00   2.4715E+01  -3.5626E-01   1.1813E-01  -4.0448E+00
   1978.00   5.3086E+03  -6.1025E+03   5.5663E+04  -4.3754E+00   1.4508E+00   2.4836E+01  -3.5804E-01   1.1872E-01  -4.0646E+00
   1978.08   5.3127E+03  -6.1009E+03   5.5663E+04  -4.3847E+00   1.4538E+00   2.4886E+01  -3.5880E-01   1.1896E-01  -4.0729E+00
   1978.17   5.3168E+03  -6.0994E+03   5.5662E+04  -4.3823E+00   1.4529E+00   2.4871E+01  -3.5861E-01   1.1889E-01  -4.0703E+00
   1978.25   5.3208E+03  -6.0978E+03   5.5662E+04  -4.3694E+00   1.4485E+00   2.4795E+01  -3.5755E-01   1.1854E-01  -4.0579E+00
   1978.33   5.3248E+03  -6.0963E+03   5.5661E+04  -4.3470E+00   1.4410E+00   2.4665E+01  -3.5571E-01   1.1792E-01  -4.0366E+00
   1978.42   5.3288E+03  -6.0948E+03   5.5661E+04  -4.3161E+00   1.4307E+00   2.4487E+01  -3.5319E-01   1.1707E-01  -4.0075E+00
   1978.50   5.3328E+03  -6.0932E+03   5.5660E+04  -4.2780E+00   1.4179E+00   2.4267E+01  -3.5007E-01   1.1603E-01  -3.9716E+00
   1978.58   5.3368E+03  -6.0917E+03   5.5660E+04  -4.2336E+00   1.4031E+00   2.4012E+01  -3.4644E-01   1.1481E-01  -3.9299E+00
   1978.67   5.3407E+03  -6.0902E+03   5.5659E+04  -4.1841E+00   1.3865E+00   2.3728E+01  -3.4239E-01   1.1346E-01  -3.8834E+00
   1978.75   5.3447E+03  -6.0887E+03   5.5659E+04  -4.1306E+00   1.3686E+00   2.3421E+01  -3.3801E-01   1.1200E-01  -3.8331E+00
   1978.83   5.3486E+03  -6.0872E+03   5.5658E+04  -4.0742E+00   1.3498E+00   2.3097E+01  -3.3339E-01   1.1045E-01  -3.7800E+00
   1978.92   5.3524E+03  -6.0857E+03   5.5657E+04  -4.0160E+00   1.3303E+00   2.2762E+01  -3.2863E-01   1.0885E-01  -3.7253E+00
   1979.00   5.3563E+03  -6.0843E+03   5.5656E+04  -3.9570E+00   1.3105E+00   2.2423E+01  -3.2380E-01   1.0724E-01  -3.6697E+00
   1979.08   5.3601E+03  -6.0828E+03   5.5655E+04  -3.8983E+00   1.2908E+00   2.2085E+01  -3.1900E-01   1.0563E-01  -3.6145E+00
   1979.17   5.3639E+03  -6.0813E+03   5.5654E+04  -3.8411E+00   1.2716E+00   2.1756E+01  -3.1432E-01   1.0406E-01  -3.5606E+00
   1979.25   5.3677E+03  -6.0798E+03   5.5653E+04  -3.7865E+00   1.2532E+00   2.1440E+01  -3.0985E-01   1.0255E-01  -3.5090E+00
   1979.33   5.3714E+03  -6.0783E+03   5.5653E+04  -3.7355E+00   1.2360E+00   2.1145E+01  -3.0567E-01   1.0115E-01  -3.4606E+00
   1979.42   5.3752E+03  -6.0769E+03   5.5651E+04  -3.6892E+00   1.2204E+00   2.0877E+01  -3.0189E-01   9.9865E-02  -3.4167E+00
   1979.50   5.3788E+03  -6.0754E+03   5.5650E+04  -3.6487E+00   1.2066E+00   2.0641E+01  -2.9858E-01   9.8741E-02  -3.3781E+00
   1979.58   5.3825E+03  -6.0739E+03   5.5649E+04  -3.6152E+00   1.1952E+00   2.0444E+01  -2.9583E-01   9.7802E-02  -3.3458E+00
   1979.67   5.3861E+03  -6.0724E+03   5.5648E+04  -3.5897E+00   1.1863E+00   2.0292E+01  -2.9375E-01   9.7078E-02  -3.3209E+00
   1979.75   5.3897E+03  -6.0709E+03   5.5647E+04  -3.5733E+00   1.1805E+00   2.0191E+01  -2.9240E-01   9.6600E-02  -3.3044E+00
   1979.83   5.3933E+03  -6.0694E+03   5.5646E+04  -3.5671E+00   1.1780E+00   2.0147E+01  -2.9190E-01   9.6396E-02  -3.2974E+00
   1979.92   5.3968E+03  -6.0679E+03   5.5645E+04  -3.5722E+00   1.1792E+00   2.0168E+01  -2.9231E-01   9.6496E-02  -3.3007E+00
   1980.00   5.4003E+03  -6.0664E+03   5.5643E+04  -3.5897E+00   1.1845E+00   2.0258E+01  -2.9375E-01   9.6931E-02  -3.3155E+00
   1980.08   5.4038E+03  -6.0649E+03   5.5642E+04  -3.6203E+00   1.1942E+00   2.0422E+01  -2.9625E-01   9.7718E-02  -3.3423E+00
   1980.17   5.4072E+03  -6.0634E+03   5.5641E+04  -3.6635E+00   1.2079E+00   2.0657E+01  -2.9978E-01   9.8843E-02  -3.3808E+00
   1980.25   5.4106E+03  -6.0618E+03   5.5639E+04  -3.7181E+00   1.2254E+00   2.0956E+01  -3.0425E-01   1.0028E-01  -3.4298E+00
   1980.33   5.4139E+03  -6.0603E+03   5.5638E+04  -3.7832E+00   1.2464E+00   2.1315E+01  -3.0958E-01   1.0199E-01  -3.4884E+00
   1980.42   5.4172E+03  -6.0587E+03   5.5636E+04  -3.8577E+00   1.2705E+00   2.1727E+01  -3.1568E-01   1.0396E-01  -3.5558E+00
   1980.50   5.4205E+03  -6.0572E+03   5.5635E+04  -3.9408E+00   1.2973E+00   2.2186E+01  -3.2247E-01   1.0616E-01  -3.6310E+00
   1980.58   5.4238E+03  -6.0556E+03   5.5634E+04  -4.0312E+00   1.3266E+00   2.2688E+01  -3.2988E-01   1.0856E-01  -3.7131E+00
   1980.67   5.4270E+03  -6.0540E+03   5.5632E+04  -4.1282E+00   1.3581E+00   2.3226E+01  -3.3781E-01   1.1113E-01  -3.8012E+00
   1980.75   5.4302E+03  -6.0524E+03   5.5631E+04  -4.2306E+00   1.3913E+00   2.3795E+01  -3.4619E-01   1.1385E-01  -3.8943E+00
   1980.83   5.4333E+03  -6.0509E+03   5.5629E+04  -4.3375E+00   1.4260E+00   2.4389E+01  -3.5494E-01   1.1669E-01  -3.9915E+00
   1980.92   5.4364E+03  -6.0492E+03   5.5627E+04  -4.4478E+00   1.4618E+00   2.5002E+01  -3.6396E-01   1.1962E-01  -4.0919E+00
   1981.00   5.4395E+03  -6.0476E+03   5.5626E+04  -4.5605E+00   1.4984E+00   2.5630E+01  -3.7319E-01   1.2261E-01  -4.1946E+00
   1981.08   5.4426E+03  -6.0460E+03   5.5624E+04  -4.6747E+00   1.5355E+00   2.6265E+01  -3.8253E-01   1.2565E-01  -4.2985E+00
   1981.17   5.4456E+03  -6.0444E+03   5.5623E+04  -4.7893E+00   1.5727E+00   2.6903E+01  -3.9191E-01   1.2869E-01  -4.4029E+00
   1981.25   5.4486E+03  -6.0427E+03   5.5621E+04  -4.9033E+00   1.6097E+00   2.7537E+01  -4.0124E-01   1.3172E-01  -4.5068E+00
   1981.33   5.4515E+03  -6.0411E+03   5.5619E+04  -5.0158E+00   1.6462E+00   2.8163E+01  -4.1045E-01   1.3471E-01  -4.6092E+00
   1981.42   5.4544E+03  -6.0394E+03   5.5618E+04  -5.1257E+00   1.6818E+00   2.8774E+01  -4.1944E-01   1.3762E-01  -4.7092E+00
   1981.50   5.4573E+03  -6.0377E+03   5.5616E+04  -5.2320E+00   1.7162E+00   2.9365E+01  -4.2814E-01   1.4044E-01  -4.8059E+00
   1981.58   5.4602E+03  -6.0360E+03   5.5614E+04  -5.3337E+00   1.7491E+00   2.9930E+01  -4.3646E-01   1.4313E-01  -4.8984E+00
   1981.67   5.4630E+03  -6.0343E+03   5.5613E+04  -5.4299E+00   1.7802E+00   3.0464E+01  -4.4433E-01   1.4568E-01  -4.9857E+00
   1981.75   5.4658E+03  -6.0326E+03   5.5611E+04  -5.5194E+00   1.8091E+00   3.0960E+01  -4.5165E-01   1.4804E-01  -5.0670E+00
   1981.83   5.4686E+03  -6.0309E+03   5.5610E+04  -5.6013E+00   1.8354E+00   3.1414E+01  -4.5836E-01   1.5019E-01  -5.1412E+00
   1981.92   5.4713E+03  -6.0291E+03   5.5608E+04  -5.6746E+00   1.8589E+00   3.1819E+01  -4.6436E-01   1.5212E-01  -5.2075E+00
   1982.00   5.4740E+03  -6.0274E+03   5.5606E+04  -5.7383E+00   1.8793E+00   3.2170E+01  -4.6957E-01   1.5378E-01  -5.2650E+00
   1982.08   5.4767E+03  -6.0256E+03   5.5605E+04  -5.7917E+00   1.8962E+00   3.2463E+01  -4.7394E-01   1.5517E-01  -5.3129E+00
   1982.17   5.4794E+03  -6.0238E+03   5.5603E+04  -5.8348E+00   1.9097E+00   3.2698E+01  -4.7746E-01   1.5627E-01  -5.3513E+00
   1982.25   5.4820E+03  -6.0220E+03   5.5601E+04  -5.8681E+00   1.9200E+00   3.2878E+01  -4.8019E-01   1.5711E-01  -5.3808E+00
   1982.33   5.4846E+03  -6.0202E+03   5.5600E+04  -5.8921E+00   1.9272E+00   3.3005E+01  -4.8215E-01   1.5770E-01  -5.4016E+00
   1982.42   5.4872E+03  -6.0184E+03   5.5598E+04  -5.9071E+00   1.9314E+00   3.3081E+01  -4.8338E-01   1.5805E-01  -5.4141E+00
   1982.50   5.4897E+03  -6.0165E+03   5.5596E+04  -5.9135E+00   1.9329E+00   3.3110E+01  -4.8391E-01   1.5817E-01  -5.4188E+00
   1982.58   5.4923E+03  -6.0147E+03   5.5595E+04  -5.9118E+00   1.9316E+00   3.3093E+01  -4.8377E-01   1.5806E-01  -5.4160E+00
   1982.67   5.4948E+03  -6.0128E+03   5.5593E+04  -5.9024E+00   1.9278E+00   3.3032E+01  -4.8299E-01   1.5775E-01  -5.4060E+00
   1982.75   5.4973E+03  -6.0109E+03   5.5591E+04  -5.8856E+00   1.9215E+00   3.2930E+01  -4.8162E-01   1.5724E-01  -5.3893E+00
   1982.83   5.4998E+03  -6.0090E+03   5.5590E+04  -5.8619E+00   1.9131E+00   3.2789E+01  -4.7968E-01   1.5655E-01  -5.3663E+00
   1982.92   5.5023E+03  -6.0071E+03   5.5588E+04  -5.8317E+00   1.9024E+00   3.2612E+01  -4.7721E-01   1.5568E-01  -5.3373E+00
   1983.00   5.5047E+03  -6.0052E+03   5.5586E+04  -5.7955E+00   1.8898E+00   3.2401E+01  -4.7424E-01   1.5464E-01  -5.3027E+00
   1983.08   5.5071E+03  -6.0033E+03   5.5585E+04  -5.7535E+00   1.8753E+00   3.2158E+01  -4.7081E-01   1.5346E-01  -5.2629E+00
   1983.17   5.5096E+03  -6.0013E+03   5.5583E+04  -5.7063E+00   1.8591E+00   3.1885E+01  -4.6695E-01   1.5213E-01  -5.2183E+00
   1983.25   5.5120E+03  -5.9993E+03   5.5581E+04  -5.6542E+00   1.8413E+00   3.1585E+01  -4.6269E-01   1.5068E-01  -5.1693E+00
   1983.33   5.5144E+03  -5.9973E+03   5.5580E+04  -5.5977E+00   1.8221E+00   3.1261E+01  -4.5806E-01   1.4910E-01  -5.1162E+00
   1983.42   5.5168E+03  -5.9953E+03   5.5578E+04  -5.5371E+00   1.8016E+00   3.0914E+01  -4.5311E-01   1.4742E-01  -5.0594E+00
   1983.50   5.5192E+03  -5.9933E+03   5.5576E+04  -5.4730E+00   1.7798E+00   3.0547E+01  -4.4785E-01   1.4565E-01  -4.9993E+00
   1983.58   5.5216E+03  -5.9912E+03   5.5575E+04  -5.4056E+00   1.7571E+00   3.0162E+01  -4.4234E-01   1.4378E-01  -4.9363E+00
   1983.67   5.5240E+03  -5.9892E+03   5.5573E+04  -5.3354E+00   1.7335E+00   2.9762E+01  -4.3660E-01   1.4185E-01  -4.8708E+00
   1983.75   5.5264E+03  -5.9871E+03   5.5571E+04  -5.2628E+00   1.7091E+00   2.9348E+01  -4.3066E-01   1.3985E-01  -4.8031E+00
   1983.83   5.5288E+03  -5.9850E+03   5.5570E+04  -5.1883E+00   1.6840E+00   2.8924E+01  -4.2456E-01   1.3781E-01  -4.7337E+00
   1983.92   5.5312E+03  -5.9829E+03   5.5568E+04  -5.1122E+00   1.6585E+00   2.8491E+01  -4.1833E-01   1.3572E-01  -4.6629E+00
   1984.00   5.5336E+03  -5.9808E+03   5.5566E+04  -5.0349E+00   1.6327E+00   2.8052E+01  -4.1201E-01   1.3360E-01  -4.5911E+00
   1984.08   5.5360E+03  -5.9786E+03   5.5564E+04  -4.9569E+00   1.6066E+00   2.7609E+01  -4.0562E-01   1.3147E-01  -4.5186E+00
   1984.17   5.5384E+03  -5.9765E+03   5.5563E+04  -4.8781E+00   1.5803E+00   2.7163E+01  -3.9917E-01   1.2932E-01  -4.4455E+00
   1984.25   5.5408E+03  -5.9743E+03   5.5561E+04  -4.7986E+00   1.5539E+00   2.6713E+01  -3.9267E-01   1.2716E-01  -4.3718E+00
   1984.33   5.5432E+03  -5.9721E+03   5.5559E+04  -4.7185E+00   1.5273E+00   2.6259E+01  -3.8612E-01   1.2498E-01  -4.2976E+00
   1984.42   5.5456E+03  -5.9699E+03   5.5558E+04  -4.6378E+00   1.5004E+00   2.5803E+01  -3.7951E-01   1.2278E-01  -4.2229E+00
   1984.50   5.5480E+03  -5.9677E+03   5.5556E+04  -4.5565E+00   1.4735E+00   2.5343E+01  -3.7286E-01   1.2058E-01  -4.1477E+00
   1984.58   5.5505E+03  -5.9654E+03   5.5554E+04  -4.4746E+00   1.4464E+00   2.4881E+01  -3.6616E-01   1.1836E-01  -4.0721E+00
   1984.67   5.5529E+03  -5.9632E+03   5.5552E+04  -4.3922E+00   1.4191E+00   2.4416E+01  -3.5942E-01   1.1613E-01  -3.9960E+00
   1984.75   5.5553E+03  -5.9609E+03   5.5551E+04  -4.3093E+00   1.3917E+00   2.3949E+01  -3.5263E-01   1.1389E-01  -3.9195E+00
   1984.83   5.5578E+03  -5.9586E+03   5.5549E+04  -4.2260E+00   1.3642E+00   2.3480E+01  -3.4581E-01   1.1164E-01  -3.8427E+00
   1984.92   5.5602E+03  -5.9563E+03   5.5547E+04  -4.1422E+00   1.3366E+00   2.3008E+01  -3.3896E-01   1.0938E-01  -3.7655E+00
   1985.00   5.5627E+03  -5.9539E+03   5.5546E+04  -4.0580E+00   1.3089E+00   2.2535E+01  -3.3207E-01   1.0711E-01  -3.6880E+00
   1985.08   5.5652E+03  -5.9516E+03   5.5544E+04  -3.9734E+00   1.2811E+00   2.2059E+01  -3.2515E-01   1.0483E-01  -3.6102E+00
   1985.17   5.5676E+03  -5.9492E+03   5.5542E+04  -3.8885E+00   1.2532E+00   2.1582E+01  -3.1820E-01   1.0255E-01  -3.5322E+00
   1985.25   5.5701E+03  -5.9469E+03   5.5541E+04  -3.8033E+00   1.2253E+00   2.1104E+01  -3.1123E-01   1.0026E-01  -3.4539E+00
   1985.33   5.5726E+03  -5.9445E+03   5.5539E+04  -3.7178E+00   1.1972E+00   2.0624E+01  -3.0423E-01   9.7971E-02  -3.3754E+00
   1985.42   5.5750E+03  -5.9421E+03   5.5537E+04  -3.6321E+00   1.1692E+00   2.0144E+01  -2.9722E-01   9.5674E-02  -3.2968E+00
   1985.50   5.5775E+03  -5.9396E+03   5.5536E+04  -3.5461E+00   1.1411E+00   1.9662E+01  -2.9018E-01   9.3374E-02  -3.2179E+00
   1985.58   5.5800E+03  -5.9372E+03   5.5534E+04  -3.4600E+00   1.1129E+00   1.9180E+01  -2.8313E-01   9.1071E-02  -3.1390E+00
   1985.67   5.5825E+03  -5.9347E+03   5.5532E+04  -3.3737E+00   1.0848E+00   1.8697E+01  -2.7607E-01   8.8766E-02  -3.0600E+00
   1985.75   5.5850E+03  -5.9323E+03   5.5531E+04  -3.2873E+00   1.0566E+00   1.8214E+01  -2.6900E-01   8.6460E-02  -2.9809E+00
   1985.83   5.5876E+03  -5.9298E+03   5.5529E+04  -3.2008E+00   1.0284E+00   1.7730E+01  -2.6192E-01   8.4154E-02  -2.9017E+00
   1985.92   5.5901E+03  -5.9273E+03   5.5527E+04  -3.1142E+00   1.0002E+00   1.7247E+01  -2.5484E-01   8.1849E-02  -2.8226E+00
   1986.00   5.5926E+03  -5.9248E+03   5.5526E+04  -3.0276E+00   9.7207E-01   1.6763E+01  -2.4775E-01   7.9545E-02  -2.7435E+00
   1986.08   5.5951E+03  -5.9223E+03   5.5524E+04  -2.9411E+00   9.4397E-01   1.6280E+01  -2.4067E-01   7.7246E-02  -2.6645E+00
   1986.17   5.5977E+03  -5.9197E+03   5.5522E+04  -2.8552E+00   9.1608E-01   1.5801E+01  -2.3364E-01   7.4963E-02  -2.5860E+00
   1986.25   5.6002E+03  -5.9172E+03   5.5521E+04  -2.7704E+00   8.8859E-01   1.5328E+01  -2.2670E-01   7.2713E-02  -2.5087E+00
   1986.33   5.6028E+03  -5.9146E+03   5.5519E+04  -2.6874E+00   8.6167E-01   1.4866E+01  -2.1991E-01   7.0510E-02  -2.4329E+00
   1986.42   5.6053E+03  -5.9121E+03   5.5518E+04  -2.6067E+00   8.3551E-01   1.4416E+01  -2.1331E-01   6.8370E-02  -2.3593E+00
   1986.50   5.6079E+03  -5.9095E+03   5.5516E+04  -2.5289E+00   8.1030E-01   1.3982E+01  -2.0694E-01   6.6307E-02  -2.2883E+00
   1986.58   5.6105E+03  -5.9069E+03   5.5515E+04  -2.4546E+00   7.8621E-01   1.3567E+01  -2.0086E-01   6.4336E-02  -2.2205E+00
   1986.67   5.6131E+03  -5.9043E+03   5.5513E+04  -2.3844E+00   7.6344E-01   1.3176E+01  -1.9511E-01   6.2472E-02  -2.1563E+00
   1986.75   5.6157E+03  -5.9017E+03   5.5511E+04  -2.3188E+00   7.4216E-01   1.2809E+01  -1.8975E-01   6.0731E-02  -2.0964E+00
   1986.83   5.6182E+03  -5.8990E+03   5.5510E+04  -2.2585E+00   7.2256E-01   1.2472E+01  -1.8481E-01   5.9128E-02  -2.0412E+00
   1986.92   5.6209E+03  -5.8964E+03   5.5508E+04  -2.2040E+00   7.0483E-01   1.2167E+01  -1.8035E-01   5.7676E-02  -1.9912E+00
   1987.00   5.6235E+03  -5.8938E+03   5.5507E+04  -2.1559E+00   6.8914E-01   1.1896E+01  -1.7641E-01   5.6393E-02  -1.9470E+00
   1987.08   5.6261E+03  -5.8911E+03   5.5505E+04  -2.1147E+00   6.7569E-01   1.1665E+01  -1.7305E-01   5.5292E-02  -1.9090E+00
   1987.17   5.6287E+03  -5.8885E+03   5.5504E+04  -2.0812E+00   6.6464E-01   1.1474E+01  -1.7030E-01   5.4388E-02  -1.8779E+00
   1987.25   5.6313E+03  -5.8858E+03   5.5502E+04  -2.0557E+00   6.5620E-01   1.1329E+01  -1.6822E-01   5.3697E-02  -1.8541E+00
   1987.33   5.6340E+03  -5.8832E+03   5.5501E+04  -2.0391E+00   6.5053E-01   1.1231E+01  -1.6686E-01   5.3233E-02  -1.8381E+00
   1987.42   5.6366E+03  -5.8805E+03   5.5499E+04  -2.0317E+00   6.4784E-01   1.1185E+01  -1.6625E-01   5.3013E-02  -1.8305E+00
   1987.50   5.6393E+03  -5.8779E+03   5.5498E+04  -2.0342E+00   6.4829E-01   1.1192E+01  -1.6646E-01   5.3049E-02  -1.8317E+00
   1987.58   5.6420E+03  -5.8752E+03   5.5496E+04  -2.0472E+00   6.5207E-01   1.1257E+01  -1.6752E-01   5.3359E-02  -1.8424E+00
   1987.67   5.6446E+03  -5.8725E+03   5.5495E+04  -2.0712E+00   6.5937E-01   1.1383E+01  -1.6949E-01   5.3956E-02  -1.8630E+00
   1987.75   5.6473E+03  -5.8698E+03   5.5493E+04  -2.1069E+00   6.7037E-01   1.1573E+01  -1.7241E-01   5.4856E-02  -1.8940E+00
   1987.83   5.6500E+03  -5.8672E+03   5.5492E+04  -2.1548E+00   6.8525E-01   1.1829E+01  -1.7633E-01   5.6074E-02  -1.9360E+00
   1987.92   5.6527E+03  -5.8645E+03   5.5491E+04  -2.2155E+00   7.0420E-01   1.2156E+01  -1.8130E-01   5.7625E-02  -1.9894E+00
   1988.00   5.6554E+03  -5.8618E+03   5.5489E+04  -2.2896E+00   7.2740E-01   1.2556E+01  -1.8736E-01   5.9523E-02  -2.0549E+00
   1988.08   5.6581E+03  -5.8592E+03   5.5488E+04  -2.3774E+00   7.5494E-01   1.3031E+01  -1.9454E-01   6.1777E-02  -2.1326E+00
   1988.17   5.6609E+03  -5.8565E+03   5.5486E+04  -2.4780E+00   7.8654E-01   1.3576E+01  -2.0277E-01   6.4363E-02  -2.2218E+00
   1988.25   5.6636E+03  -5.8538E+03   5.5485E+04  -2.5901E+00   8.2183E-01   1.4184E+01  -2.1195E-01   6.7251E-02  -2.3214E+00
   1988.33   5.6663E+03  -5.8512E+03   5.5483E+04  -2.7127E+00   8.6043E-01   1.4850E+01  -2.2198E-01   7.0410E-02  -2.4303E+00
   1988.42   5.6691E+03  -5.8485E+03   5.5482E+04  -2.8446E+00   9.0197E-01   1.5566E+01  -2.3277E-01   7.3809E-02  -2.5475E+00
   1988.50   5.6719E+03  -5.8458E+03   5.5480E+04  -2.9845E+00   9.4608E-01   1.6326E+01  -2.4423E-01   7.7418E-02  -2.6720E+00
   1988.58   5.6746E+03  -5.8432E+03   5.5479E+04  -3.1314E+00   9.9238E-01   1.7125E+01  -2.5624E-01   8.1207E-02  -2.8026E+00
   1988.67   5.6774E+03  -5.8405E+03   5.5478E+04  -3.2839E+00   1.0405E+00   1.7954E+01  -2.6872E-01   8.5144E-02  -2.9384E+00
   1988.75   5.6802E+03  -5.8378E+03   5.5476E+04  -3.4410E+00   1.0901E+00   1.8809E+01  -2.8158E-01   8.9200E-02  -3.0783E+00
   1988.83   5.6829E+03  -5.8352E+03   5.5475E+04  -3.6015E+00   1.1407E+00   1.9682E+01  -2.9471E-01   9.3343E-02  -3.2211E+00
   1988.92   5.6857E+03  -5.8325E+03   5.5473E+04  -3.7641E+00   1.1920E+00   2.0567E+01  -3.0802E-01   9.7543E-02  -3.3660E+00
   1989.00   5.6885E+03  -5.8298E+03   5.5472E+04  -3.9278E+00   1.2437E+00   2.1457E+01  -3.2141E-01   1.0177E-01  -3.5117E+00
   1989.08   5.6913E+03  -5.8272E+03   5.5470E+04  -4.0913E+00   1.2953E+00   2.2347E+01  -3.3479E-01   1.0599E-01  -3.6573E+00
   1989.17   5.6941E+03  -5.8245E+03   5.5469E+04  -4.2535E+00   1.3464E+00   2.3229E+01  -3.4806E-01   1.1018E-01  -3.8017E+00
   1989.25   5.6970E+03  -5.8219E+03   5.5468E+04  -4.4131E+00   1.3968E+00   2.4098E+01  -3.6112E-01   1.1430E-01  -3.9438E+00
   1989.33   5.6998E+03  -5.8192E+03   5.5466E+04  -4.5690E+00   1.4460E+00   2.4946E+01  -3.7388E-01   1.1833E-01  -4.0826E+00
   1989.42   5.7026E+03  -5.8165E+03   5.5465E+04  -4.7201E+00   1.4937E+00   2.5767E+01  -3.8624E-01   1.2223E-01  -4.2171E+00
   1989.50   5.7054E+03  -5.8139E+03   5.5463E+04  -4.8651E+00   1.5394E+00   2.6555E+01  -3.9811E-01   1.2597E-01  -4.3461E+00
   1989.58   5.7082E+03  -5.8112E+03   5.5462E+04  -5.0028E+00   1.5828E+00   2.7304E+01  -4.0938E-01   1.2952E-01  -4.4686E+00
   1989.67   5.7111E+03  -5.8085E+03   5.5461E+04  -5.1322E+00   1.6236E+00   2.8007E+01  -4.1997E-01   1.3286E-01  -4.5836E+00
   1989.75   5.7139E+03  -5.8059E+03   5.5459E+04  -5.2519E+00   1.6613E+00   2.8657E+01  -4.2977E-01   1.3595E-01  -4.6900E+00
   1989.83   5.7168E+03  -5.8032E+03   5.5458E+04  -5.3609E+00   1.6956E+00   2.9248E+01  -4.3869E-01   1.3875E-01  -4.7868E+00
   1989.92   5.7196E+03  -5.8005E+03   5.5457E+04  -5.4580E+00   1.7262E+00   2.9774E+01  -4.4663E-01   1.4125E-01  -4.8728E+00
   1990.00   5.7225E+03  -5.7978E+03   5.5455E+04  -5.5419E+00   1.7525E+00   3.0228E+01  -4.5349E-01   1.4341E-01  -4.9471E+00
   1990.08   5.7253E+03  -5.7952E+03   5.5454E+04  -5.6118E+00   1.7744E+00   3.0605E+01  -4.5922E-01   1.4520E-01  -5.0089E+00
   1990.17   5.7282E+03  -5.7925E+03   5.5453E+04  -5.6682E+00   1.7921E+00   3.0908E+01  -4.6383E-01   1.4665E-01  -5.0585E+00
   1990.25   5.7310E+03  -5.7898E+03   5.5451E+04  -5.7118E+00   1.8056E+00   3.1141E+01  -4.6740E-01   1.4776E-01  -5.0966E+00
   1990.33   5.7339E+03  -5.7871E+03   5.5450E+04  -5.7434E+00   1.8154E+00   3.1309E+01  -4.6998E-01   1.4855E-01  -5.1240E+00
   1990.42   5.7368E+03  -5.7844E+03   5.5449E+04  -5.7637E+00   1.8215E+00   3.1414E+01  -4.7165E-01   1.4906E-01  -5.1413E+00
   1990.50   5.7396E+03  -5.7818E+03   5.5447E+04  -5.7735E+00   1.8244E+00   3.1462E+01  -4.7245E-01   1.4929E-01  -5.1491E+00
   1990.58   5.7425E+03  -5.7791E+03   5.5446E+04  -5.7735E+00   1.8241E+00   3.1457E+01  -4.7245E-01   1.4927E-01  -5.1482E+00
   1990.67   5.7454E+03  -5.7764E+03   5.5445E+04  -5.7645E+00   1.8210E+00   3.1402E+01  -4.7171E-01   1.4901E-01  -5.1392E+00
   1990.75   5.7483E+03  -5.7737E+03   5.5443E+04  -5.7472E+00   1.8152E+00   3.1301E+01  -4.7030E-01   1.4854E-01  -5.1228E+00
   1990.83   5.7512E+03  -5.7710E+03   5.5442E+04  -5.7225E+00   1.8071E+00   3.1160E+01  -4.6827E-01   1.4787E-01  -5.0997E+00
   1990.92   5.7541E+03  -5.7684E+03   5.5440E+04  -5.6910E+00   1.7968E+00   3.0982E+01  -4.6570E-01   1.4703E-01  -5.0705E+00
   1991.00   5.7570E+03  -5.7657E+03   5.5439E+04  -5.6536E+00   1.7846E+00   3.0771E+01  -4.6263E-01   1.4604E-01  -5.0360E+00
   1991.08   5.7600E+03  -5.7630E+03   5.5438E+04  -5.6109E+00   1.7708E+00   3.0531E+01  -4.5914E-01   1.4490E-01  -4.9968E+00
   1991.17   5.7629E+03  -5.7603E+03   5.5436E+04  -5.5637E+00   1.7555E+00   3.0267E+01  -4.5528E-01   1.4365E-01  -4.9535E+00
   1991.25   5.7658E+03  -5.7576E+03   5.5435E+04  -5.5129E+00   1.7391E+00   2.9983E+01  -4.5112E-01   1.4231E-01  -4.9070E+00
   1991.33   5.7688E+03  -5.7550E+03   5.5434E+04  -5.4590E+00   1.7217E+00   2.9682E+01  -4.4671E-01   1.4088E-01  -4.8577E+00
   1991.42   5.7717E+03  -5.7523E+03   5.5432E+04  -5.4030E+00   1.7035E+00   2.9369E+01  -4.4213E-01   1.3940E-01  -4.8065E+00
   1991.50   5.7747E+03  -5.7496E+03   5.5431E+04  -5.3455E+00   1.6850E+00   2.9048E+01  -4.3743E-01   1.3788E-01  -4.7540E+00
   1991.58   5.7777E+03  -5.7470E+03   5.5429E+04  -5.2874E+00   1.6662E+00   2.8723E+01  -4.3267E-01   1.3634E-01  -4.7008E+00
   1991.67   5.7807E+03  -5.7443E+03   5.5428E+04  -5.2293E+00   1.6474E+00   2.8398E+01  -4.2791E-01   1.3481E-01  -4.6477E+00
   1991.75   5.7837E+03  -5.7416E+03   5.5426E+04  -5.1720E+00   1.6289E+00   2.8078E+01  -4.2323E-01   1.3329E-01  -4.5953E+00
   1991.83   5.7867E+03  -5.7390E+03   5.5425E+04  -5.1163E+00   1.6108E+00   2.7767E+01  -4.1867E-01   1.3181E-01  -4.5443E+00
   1991.92   5.7898E+03  -5.7363E+03   5.5423E+04  -5.0630E+00   1.5935E+00   2.7468E+01  -4.1430E-01   1.3040E-01  -4.4954E+00
   1992.00   5.7928E+03  -5.7337E+03   5.5422E+04  -5.0127E+00   1.5772E+00   2.7186E+01  -4.1019E-01   1.2906E-01  -4.4492E+00
   1992.08   5.7959E+03  -5.7310E+03   5.5420E+04  -4.9661E+00   1.5620E+00   2.6924E+01  -4.0638E-01   1.2782E-01  -4.4063E+00
   1992.17   5.7989E+03  -5.7284E+03   5.5419E+04  -4.9230E+00   1.5479E+00   2.6680E+01  -4.0285E-01   1.2666E-01  -4.3665E+00
   1992.25   5.8020E+03  -5.7257E+03   5.5417E+04  -4.8829E+00   1.5348E+00   2.6454E+01  -3.9957E-01   1.2559E-01  -4.3295E+00
   1992.33   5.8051E+03  -5.7231E+03   5.5415E+04  -4.8456E+00   1.5225E+00   2.6243E+01  -3.9652E-01   1.2459E-01  -4.2949E+00
   1992.42   5.8083E+03  -5.7204E+03   5.5414E+04  -4.8106E+00   1.5110E+00   2.6044E+01  -3.9365E-01   1.2364E-01  -4.2623E+00
   1992.50   5.8114E+03  -5.7178E+03   5.5412E+04  -4.7775E+00   1.5001E+00   2.5856E+01  -3.9095E-01   1.2275E-01  -4.2316E+00
   1992.58   5.8146E+03  -5.7151E+03   5.5410E+04  -4.7461E+00   1.4896E+00   2.5677E+01  -3.8837E-01   1.2190E-01  -4.2022E+00
   1992.67   5.8178E+03  -5.7124E+03   5.5409E+04  -4.7158E+00   1.4796E+00   2.5504E+01  -3.8589E-01   1.2108E-01  -4.1740E+00
   1992.75   5.8210E+03  -5.7098E+03   5.5407E+04  -4.6863E+00   1.4699E+00   2.5336E+01  -3.8348E-01   1.2028E-01  -4.1465E+00
   1992.83   5.8242E+03  -5.7071E+03   5.5406E+04  -4.6572E+00   1.4602E+00   2.5171E+01  -3.8110E-01   1.1949E-01  -4.1194E+00
   1992.92   5.8274E+03  -5.7044E+03   5.5404E+04  -4.6282E+00   1.4506E+00   2.5006E+01  -3.7873E-01   1.1871E-01  -4.0924E+00
   1993.00   5.8307E+03  -5.7017E+03   5.5402E+04  -4.5989E+00   1.4410E+00   2.4839E+01  -3.7633E-01   1.1791E-01  -4.0652E+00
   1993.08   5.8340E+03  -5.6990E+03   5.5401E+04  -4.5689E+00   1.4311E+00   2.4669E+01  -3.7387E-01   1.1710E-01  -4.0374E+00
   1993.17   5.8373E+03  -5.6963E+03   5.5399E+04  -4.5377E+00   1.4208E+00   2.4494E+01  -3.7132E-01   1.1627E-01  -4.0087E+00
   1993.25   5.8407E+03  -5.6936E+03   5.5397E+04  -4.5051E+00   1.4102E+00   2.4310E+01  -3.6866E-01   1.1539E-01  -3.9787E+00
   1993.33   5.8441E+03  -5.6909E+03   5.5396E+04  -4.4707E+00   1.3989E+00   2.4118E+01  -3.6584E-01   1.1448E-01  -3.9471E+00
   1993.42   5.8475E+03  -5.6881E+03   5.5394E+04  -4.4340E+00   1.3870E+00   2.3913E+01  -3.6284E-01   1.1350E-01  -3.9136E+00
   1993.50   5.8509E+03  -5.6854E+03   5.5392E+04  -4.3948E+00   1.3743E+00   2.3694E+01  -3.5962E-01   1.1246E-01  -3.8779E+00
   1993.58   5.8543E+03  -5.6826E+03   5.5391E+04  -4.3525E+00   1.3607E+00   2.3460E+01  -3.5617E-01   1.1134E-01  -3.8395E+00
   1993.67   5.8578E+03  -5.6798E+03   5.5389E+04  -4.3069E+00   1.3460E+00   2.3208E+01  -3.5243E-01   1.1014E-01  -3.7983E+00
   1993.75   5.8614E+03  -5.6770E+03   5.5388E+04  -4.2575E+00   1.3301E+00   2.2936E+01  -3.4839E-01   1.0885E-01  -3.7537E+00
   1993.83   5.8649E+03  -5.6742E+03   5.5386E+04  -4.2040E+00   1.3130E+00   2.2642E+01  -3.4401E-01   1.0745E-01  -3.7056E+00
   1993.92   5.8685E+03  -5.6713E+03   5.5385E+04  -4.1460E+00   1.2945E+00   2.2324E+01  -3.3927E-01   1.0593E-01  -3.6536E+00
   1994.00   5.8721E+03  -5.6684E+03   5.5383E+04  -4.0831E+00   1.2745E+00   2.1980E+01  -3.3412E-01   1.0430E-01  -3.5973E+00
   1994.08   5.8758E+03  -5.6655E+03   5.5382E+04  -4.0150E+00   1.2529E+00   2.1609E+01  -3.2855E-01   1.0253E-01  -3.5365E+00
   1994.17   5.8795E+03  -5.6626E+03   5.5381E+04  -3.9422E+00   1.2298E+00   2.1212E+01  -3.2259E-01   1.0064E-01  -3.4716E+00
   1994.25   5.8832E+03  -5.6597E+03   5.5379E+04  -3.8651E+00   1.2054E+00   2.0792E+01  -3.1628E-01   9.8640E-02  -3.4028E+00
   1994.33   5.8870E+03  -5.6567E+03   5.5378E+04  -3.7840E+00   1.1798E+00   2.0351E+01  -3.0965E-01   9.6543E-02  -3.3307E+00
   1994.42   5.8908E+03  -5.6537E+03   5.5377E+04  -3.6995E+00   1.1531E+00   1.9892E+01  -3.0274E-01   9.4359E-02  -3.2556E+00
   1994.50   5.8946E+03  -5.6507E+03   5.5375E+04  -3.6121E+00   1.1255E+00   1.9418E+01  -2.9558E-01   9.2101E-02  -3.1779E+00
   1994.58   5.8985E+03  -5.6477E+03   5.5374E+04  -3.5222E+00   1.0972E+00   1.8930E+01  -2.8823E-01   8.9780E-02  -3.0981E+00
   1994.67   5.9024E+03  -5.6447E+03   5.5373E+04  -3.4303E+00   1.0682E+00   1.8431E+01  -2.8070E-01   8.7408E-02  -3.0165E+00
   1994.75   5.9063E+03  -5.6416E+03   5.5372E+04  -3.3368E+00   1.0387E+00   1.7925E+01  -2.7305E-01   8.4997E-02  -2.9335E+00
   1994.83   5.9103E+03  -5.6385E+03   5.5370E+04  -3.2422E+00   1.0089E+00   1.7412E+01  -2.6531E-01   8.2557E-02  -2.8496E+00
   1994.92   5.9143E+03  -5.6354E+03   5.5369E+04  -3.1470E+00   9.7888E-01   1.6896E+01  -2.5752E-01   8.0102E-02  -2.7652E+00
   1995.00   5.9183E+03  -5.6323E+03   5.5368E+04  -3.0515E+00   9.4883E-01   1.6379E+01  -2.4971E-01   7.7643E-02  -2.6806E+00
   1995.08   5.9224E+03  -5.6291E+03   5.5367E+04  -2.9564E+00   9.1886E-01   1.5864E+01  -2.4192E-01   7.5191E-02  -2.5963E+00
   1995.17   5.9265E+03  -5.6260E+03   5.5366E+04  -2.8620E+00   8.8914E-01   1.5353E+01  -2.3420E-01   7.2758E-02  -2.5127E+00
   1995.25   5.9306E+03  -5.6228E+03   5.5364E+04  -2.7688E+00   8.5979E-01   1.4848E+01  -2.2657E-01   7.0357E-02  -2.4301E+00
   1995.33   5.9348E+03  -5.6196E+03   5.5363E+04  -2.6773E+00   8.3097E-01   1.4353E+01  -2.1909E-01   6.7998E-02  -2.3490E+00
   1995.42   5.9390E+03  -5.6164E+03   5.5362E+04  -2.5880E+00   8.0281E-01   1.3869E+01  -2.1177E-01   6.5694E-02  -2.2698E+00
   1995.50   5.9432E+03  -5.6132E+03   5.5361E+04  -2.5012E+00   7.7546E-01   1.3399E+01  -2.0467E-01   6.3456E-02  -2.1929E+00
   1995.58   5.9475E+03  -5.6099E+03   5.5360E+04  -2.4175E+00   7.4906E-01   1.2946E+01  -1.9782E-01   6.1296E-02  -2.1187E+00
   1995.67   5.9518E+03  -5.6066E+03   5.5359E+04  -2.3373E+00   7.2377E-01   1.2511E+01  -1.9126E-01   5.9226E-02  -2.0476E+00
   1995.75   5.9561E+03  -5.6033E+03   5.5357E+04  -2.2611E+00   6.9971E-01   1.2098E+01  -1.8502E-01   5.7257E-02  -1.9800E+00
   1995.83   5.9605E+03  -5.6000E+03   5.5356E+04  -2.1893E+00   6.7703E-01   1.1709E+01  -1.7915E-01   5.5402E-02  -1.9163E+00
   1995.92   5.9649E+03  -5.5967E+03   5.5355E+04  -2.1225E+00   6.5589E-01   1.1346E+01  -1.7368E-01   5.3671E-02  -1.8569E+00
   1996.00   5.9693E+03  -5.5934E+03   5.5354E+04  -2.0610E+00   6.3641E-01   1.1012E+01  -1.6865E-01   5.2078E-02  -1.8022E+00
   1996.08   5.9738E+03  -5.5901E+03   5.5352E+04  -2.0053E+00   6.1873E-01   1.0709E+01  -1.6409E-01   5.0631E-02  -1.7527E+00
   1996.17   5.9783E+03  -5.5867E+03   5.5351E+04  -1.9554E+00   6.0286E-01   1.0438E+01  -1.6001E-01   4.9333E-02  -1.7082E+00
   1996.25   5.9828E+03  -5.5833E+03   5.5350E+04  -1.9115E+00   5.8884E-01   1.0198E+01  -1.5642E-01   4.8185E-02  -1.6690E+00
   1996.33   5.9874E+03  -5.5799E+03   5.5349E+04  -1.8735E+00   5.7665E-01   9.9898E+00  -1.5331E-01   4.7187E-02  -1.6349E+00
   1996.42   5.9920E+03  -5.5765E+03   5.5347E+04  -1.8416E+00   5.6631E-01   9.8139E+00  -1.5070E-01   4.6342E-02  -1.6061E+00
   1996.50   5.9966E+03  -5.5731E+03   5.5346E+04  -1.8156E+00   5.5784E-01   9.6701E+00  -1.4857E-01   4.5648E-02  -1.5826E+00
   1996.58   6.0013E+03  -5.5697E+03   5.5345E+04  -1.7957E+00   5.5123E-01   9.5587E+00  -1.4695E-01   4.5108E-02  -1.5644E+00
   1996.67   6.0060E+03  -5.5663E+03   5.5344E+04  -1.7820E+00   5.4651E-01   9.4799E+00  -1.4582E-01   4.4721E-02  -1.5515E+00
   1996.75   6.0107E+03  -5.5628E+03   5.5342E+04  -1.7743E+00   5.4367E-01   9.4338E+00  -1.4520E-01   4.4488E-02  -1.5439E+00
   1996.83   6.0154E+03  -5.5594E+03   5.5341E+04  -1.7729E+00   5.4272E-01   9.4205E+00  -1.4508E-01   4.4411E-02  -1.5418E+00
   1996.92   6.0202E+03  -5.5559E+03   5.5340E+04  -1.7777E+00   5.4369E-01   9.4404E+00  -1.4547E-01   4.4490E-02  -1.5450E+00
   1997.00   6.0250E+03  -5.5524E+03   5.5338E+04  -1.7887E+00   5.4656E-01   9.4934E+00  -1.4637E-01   4.4725E-02  -1.5537E+00
   1997.08   6.0298E+03  -5.5490E+03   5.5337E+04  -1.8061E+00   5.5137E-01   9.5799E+00  -1.4779E-01   4.5118E-02  -1.5679E+00
   1997.17   6.0347E+03  -5.5455E+03   5.5336E+04  -1.8298E+00   5.5810E-01   9.6999E+00  -1.4973E-01   4.5670E-02  -1.5875E+00
   1997.25   6.0396E+03  -5.5420E+03   5.5334E+04  -1.8599E+00   5.6678E-01   9.8537E+00  -1.5219E-01   4.6380E-02  -1.6127E+00
   1997.33   6.0445E+03  -5.5385E+03   5.5333E+04  -1.8964E+00   5.7741E-01   1.0041E+01  -1.5518E-01   4.7250E-02  -1.6434E+00
   1997.42   6.0494E+03  -5.5350E+03   5.5332E+04  -1.9393E+00   5.9000E-01   1.0263E+01  -1.5870E-01   4.8280E-02  -1.6797E+00
   1997.50   6.0544E+03  -5.5315E+03   5.5330E+04  -1.9888E+00   6.0456E-01   1.0519E+01  -1.6274E-01   4.9472E-02  -1.7216E+00
   1997.58   6.0594E+03  -5.5280E+03   5.5329E+04  -2.0448E+00   6.2110E-01   1.0810E+01  -1.6732E-01   5.0825E-02  -1.7692E+00
   1997.67   6.0644E+03  -5.5245E+03   5.5328E+04  -2.1073E+00   6.3963E-01   1.1135E+01  -1.7244E-01   5.2342E-02  -1.8224E+00
   1997.75   6.0695E+03  -5.5210E+03   5.5326E+04  -2.1765E+00   6.6016E-01   1.1495E+01  -1.7810E-01   5.4021E-02  -1.8813E+00
   1997.83   6.0745E+03  -5.5175E+03   5.5325E+04  -2.2523E+00   6.8270E-01   1.1890E+01  -1.8431E-01   5.5865E-02  -1.9459E+00
   1997.92   6.0796E+03  -5.5140E+03   5.5324E+04  -2.3348E+00   7.0725E-01   1.2320E+01  -1.9106E-01   5.7874E-02  -2.0163E+00
   1998.00   6.0847E+03  -5.5105E+03   5.5322E+04  -2.4241E+00   7.3382E-01   1.2785E+01  -1.9836E-01   6.0049E-02  -2.0924E+00
   1998.08   6.0899E+03  -5.5070E+03   5.5321E+04  -2.5200E+00   7.6239E-01   1.3285E+01  -2.0621E-01   6.2387E-02  -2.1743E+00
   1998.17   6.0950E+03  -5.5035E+03   5.5320E+04  -2.6218E+00   7.9275E-01   1.3817E+01  -2.1455E-01   6.4871E-02  -2.2612E+00
   1998.25   6.1002E+03  -5.5000E+03   5.5318E+04  -2.7289E+00   8.2467E-01   1.4375E+01  -2.2330E-01   6.7483E-02  -2.3526E+00
   1998.33   6.1054E+03  -5.4965E+03   5.5317E+04  -2.8403E+00   8.5790E-01   1.4957E+01  -2.3242E-01   7.0202E-02  -2.4478E+00
   1998.42   6.1106E+03  -5.4930E+03   5.5316E+04  -2.9552E+00   8.9220E-01   1.5557E+01  -2.4183E-01   7.3009E-02  -2.5460E+00
   1998.50   6.1159E+03  -5.4895E+03   5.5315E+04  -3.0730E+00   9.2734E-01   1.6171E+01  -2.5146E-01   7.5884E-02  -2.6466E+00
   1998.58   6.1211E+03  -5.4860E+03   5.5313E+04  -3.1927E+00   9.6306E-01   1.6796E+01  -2.6126E-01   7.8808E-02  -2.7489E+00
   1998.67   6.1264E+03  -5.4825E+03   5.5312E+04  -3.3136E+00   9.9914E-01   1.7427E+01  -2.7115E-01   8.1760E-02  -2.8521E+00
   1998.75   6.1317E+03  -5.4790E+03   5.5311E+04  -3.4349E+00   1.0353E+00   1.8060E+01  -2.8108E-01   8.4722E-02  -2.9557E+00
   1998.83   6.1370E+03  -5.4754E+03   5.5310E+04  -3.5557E+00   1.0714E+00   1.8691E+01  -2.9097E-01   8.7673E-02  -3.0590E+00
   1998.92   6.1423E+03  -5.4719E+03   5.5308E+04  -3.6753E+00   1.1071E+00   1.9315E+01  -3.0075E-01   9.0594E-02  -3.1611E+00
   1999.00   6.1476E+03  -5.4684E+03   5.5307E+04  -3.7930E+00   1.1422E+00   1.9929E+01  -3.1038E-01   9.3465E-02  -3.2616E+00
   1999.08   6.1530E+03  -5.4648E+03   5.5306E+04  -3.9077E+00   1.1764E+00   2.0528E+01  -3.1977E-01   9.6267E-02  -3.3596E+00
   1999.17   6.1583E+03  -5.4613E+03   5.5305E+04  -4.0189E+00   1.2096E+00   2.1107E+01  -3.2887E-01   9.8979E-02  -3.4544E+00
   1999.25   6.1637E+03  -5.4577E+03   5.5303E+04  -4.1257E+00   1.2414E+00   2.1664E+01  -3.3761E-01   1.0158E-01  -3.5455E+00
   1999.33   6.1690E+03  -5.4542E+03   5.5302E+04  -4.2272E+00   1.2716E+00   2.2193E+01  -3.4591E-01   1.0406E-01  -3.6321E+00
   1999.42   6.1744E+03  -5.4506E+03   5.5301E+04  -4.3227E+00   1.3001E+00   2.2690E+01  -3.5373E-01   1.0639E-01  -3.7135E+00
   1999.50   6.1798E+03  -5.4470E+03   5.5300E+04  -4.4114E+00   1.3265E+00   2.3152E+01  -3.6099E-01   1.0854E-01  -3.7891E+00
   1999.58   6.1851E+03  -5.4434E+03   5.5299E+04  -4.4925E+00   1.3506E+00   2.3574E+01  -3.6763E-01   1.1052E-01  -3.8581E+00
   1999.67   6.1905E+03  -5.4398E+03   5.5297E+04  -4.5652E+00   1.3721E+00   2.3951E+01  -3.7357E-01   1.1228E-01  -3.9199E+00
   1999.75   6.1959E+03  -5.4361E+03   5.5296E+04  -4.6287E+00   1.3909E+00   2.4281E+01  -3.7877E-01   1.1382E-01  -3.9738E+00
   1999.83   6.2013E+03  -5.4325E+03   5.5295E+04  -4.6821E+00   1.4067E+00   2.4557E+01  -3.8314E-01   1.1511E-01  -4.0190E+00
   1999.92   6.2067E+03  -5.4288E+03   5.5294E+04  -4.7248E+00   1.4192E+00   2.4777E+01  -3.8663E-01   1.1614E-01  -4.0550E+00
   2000.00   6.2121E+03  -5.4252E+03   5.5293E+04  -4.7558E+00   1.4283E+00   2.4936E+01  -3.8917E-01   1.1687E-01  -4.0810E+00
   2000.08   6.2175E+03  -5.4215E+03   5.5291E+04  -4.7748E+00   1.4336E+00   2.5031E+01  -3.9072E-01   1.1732E-01  -4.0966E+00
   2000.17   6.2228E+03  -5.4178E+03   5.5290E+04  -4.7823E+00   1.4356E+00   2.5066E+01  -3.9134E-01   1.1748E-01  -4.1024E+00
   2000.25   6.2282E+03  -5.4140E+03   5.5289E+04  -4.7794E+00   1.4344E+00   2.5047E+01  -3.9110E-01   1.1738E-01  -4.0992E+00
   2000.33   6.2336E+03  -5.4103E+03   5.5288E+04  -4.7672E+00   1.4305E+00   2.4979E+01  -3.9010E-01   1.1705E-01  -4.0880E+00
   2000.42   6.2390E+03  -5.4065E+03   5.5287E+04  -4.7466E+00   1.4239E+00   2.4866E+01  -3.8842E-01   1.1652E-01  -4.0696E+00
   2000.50   6.2444E+03  -5.4027E+03   5.5286E+04  -4.7187E+00   1.4152E+00   2.4715E+01  -3.8613E-01   1.1581E-01  -4.0449E+00
   2000.58   6.2498E+03  -5.3990E+03   5.5284E+04  -4.6844E+00   1.4045E+00   2.4530E+01  -3.8333E-01   1.1493E-01  -4.0146E+00
   2000.67   6.2551E+03  -5.3952E+03   5.5283E+04  -4.6448E+00   1.3923E+00   2.4317E+01  -3.8009E-01   1.1393E-01  -3.9798E+00
   2000.75   6.2605E+03  -5.3913E+03   5.5282E+04  -4.6009E+00   1.3787E+00   2.4082E+01  -3.7649E-01   1.1282E-01  -3.9412E+00
   2000.83   6.2659E+03  -5.3875E+03   5.5281E+04  -4.5537E+00   1.3641E+00   2.3828E+01  -3.7263E-01   1.1162E-01  -3.8998E+00
   2000.92   6.2713E+03  -5.3837E+03   5.5280E+04  -4.5041E+00   1.3488E+00   2.3563E+01  -3.6858E-01   1.1037E-01  -3.8563E+00
   2001.00   6.2767E+03  -5.3798E+03   5.5279E+04  -4.4533E+00   1.3331E+00   2.3290E+01  -3.6442E-01   1.0909E-01  -3.8117E+00
   2001.08   6.2821E+03  -5.3760E+03   5.5277E+04  -4.4023E+00   1.3172E+00   2.3016E+01  -3.6024E-01   1.0779E-01  -3.7668E+00
   2001.17   6.2875E+03  -5.3721E+03   5.5276E+04  -4.3519E+00   1.3016E+00   2.2745E+01  -3.5612E-01   1.0651E-01  -3.7225E+00
   2001.25   6.2929E+03  -5.3682E+03   5.5275E+04  -4.3034E+00   1.2865E+00   2.2484E+01  -3.5215E-01   1.0527E-01  -3.6797E+00
   2001.33   6.2983E+03  -5.3643E+03   5.5274E+04  -4.2576E+00   1.2722E+00   2.2236E+01  -3.4840E-01   1.0410E-01  -3.6392E+00
   2001.42   6.3038E+03  -5.3604E+03   5.5273E+04  -4.2155E+00   1.2589E+00   2.2008E+01  -3.4496E-01   1.0302E-01  -3.6018E+00
   2001.50   6.3092E+03  -5.3565E+03   5.5272E+04  -4.1783E+00   1.2471E+00   2.1804E+01  -3.4191E-01   1.0205E-01  -3.5685E+00
   2001.58   6.3146E+03  -5.3526E+03   5.5271E+04  -4.1469E+00   1.2370E+00   2.1631E+01  -3.3934E-01   1.0123E-01  -3.5401E+00
   2001.67   6.3201E+03  -5.3487E+03   5.5270E+04  -4.1222E+00   1.2289E+00   2.1492E+01  -3.3732E-01   1.0056E-01  -3.5175E+00
   2001.75   6.3255E+03  -5.3447E+03   5.5269E+04  -4.1054E+00   1.2231E+00   2.1395E+01  -3.3595E-01   1.0009E-01  -3.5015E+00
   2001.83   6.3310E+03  -5.3408E+03   5.5268E+04  -4.0975E+00   1.2200E+00   2.1343E+01  -3.3530E-01   9.9831E-02  -3.4930E+00
   2001.92   6.3364E+03  -5.3369E+03   5.5267E+04  -4.0993E+00   1.2197E+00   2.1342E+01  -3.3545E-01   9.9811E-02  -3.4929E+00
   2002.00   6.3419E+03  -5.3329E+03   5.5266E+04  -4.1121E+00   1.2227E+00   2.1398E+01  -3.3649E-01   1.0005E-01  -3.5020E+00
   2002.08   6.3474E+03  -5.3290E+03   5.5265E+04  -4.1363E+00   1.2291E+00   2.1514E+01  -3.3848E-01   1.0058E-01  -3.5210E+00
   2002.17   6.3529E+03  -5.3250E+03   5.5264E+04  -4.1714E+00   1.2387E+00   2.1686E+01  -3.4135E-01   1.0136E-01  -3.5491E+00
   2002.25   6.3584E+03  -5.3211E+03   5.5263E+04  -4.2163E+00   1.2512E+00   2.1909E+01  -3.4502E-01   1.0239E-01  -3.5856E+00
   2002.33   6.3639E+03  -5.3171E+03   5.5262E+04  -4.2698E+00   1.2663E+00   2.2177E+01  -3.4940E-01   1.0362E-01  -3.6295E+00
   2002.42   6.3694E+03  -5.3132E+03   5.5261E+04  -4.3310E+00   1.2836E+00   2.2485E+01  -3.5441E-01   1.0504E-01  -3.6799E+00
   2002.50   6.3749E+03  -5.3092E+03   5.5260E+04  -4.3988E+00   1.3030E+00   2.2827E+01  -3.5996E-01   1.0662E-01  -3.7360E+00
   2002.58   6.3804E+03  -5.3052E+03   5.5259E+04  -4.4722E+00   1.3240E+00   2.3199E+01  -3.6596E-01   1.0834E-01  -3.7967E+00
   2002.67   6.3859E+03  -5.3013E+03   5.5258E+04  -4.5501E+00   1.3463E+00   2.3594E+01  -3.7233E-01   1.1017E-01  -3.8614E+00
   2002.75   6.3914E+03  -5.2973E+03   5.5257E+04  -4.6314E+00   1.3697E+00   2.4007E+01  -3.7899E-01   1.1208E-01  -3.9290E+00
   2002.83   6.3969E+03  -5.2933E+03   5.5256E+04  -4.7151E+00   1.3938E+00   2.4432E+01  -3.8583E-01   1.1405E-01  -3.9986E+00
   2002.92   6.4024E+03  -5.2894E+03   5.5255E+04  -4.8001E+00   1.4183E+00   2.4865E+01  -3.9279E-01   1.1606E-01  -4.0694E+00
   2003.00   6.4079E+03  -5.2854E+03   5.5254E+04  -4.8854E+00   1.4429E+00   2.5300E+01  -3.9977E-01   1.1807E-01  -4.1405E+00
   2003.08   6.4134E+03  -5.2814E+03   5.5253E+04  -4.9699E+00   1.4672E+00   2.5730E+01  -4.0669E-01   1.2007E-01  -4.2110E+00
   2003.17   6.4189E+03  -5.2774E+03   5.5252E+04  -5.0526E+00   1.4911E+00   2.6151E+01  -4.1346E-01   1.2202E-01  -4.2800E+00
   2003.25   6.4244E+03  -5.2735E+03   5.5251E+04  -5.1325E+00   1.5141E+00   2.6558E+01  -4.1999E-01   1.2390E-01  -4.3465E+00
   2003.33   6.4298E+03  -5.2695E+03   5.5250E+04  -5.2084E+00   1.5360E+00   2.6945E+01  -4.2620E-01   1.2569E-01  -4.4098E+00
   2003.42   6.4353E+03  -5.2655E+03   5.5249E+04  -5.2793E+00   1.5565E+00   2.7305E+01  -4.3201E-01   1.2737E-01  -4.4688E+00
   2003.50   6.4407E+03  -5.2615E+03   5.5248E+04  -5.3442E+00   1.5751E+00   2.7635E+01  -4.3732E-01   1.2889E-01  -4.5228E+00
   2003.58   6.4462E+03  -5.2576E+03   5.5247E+04  -5.4020E+00   1.5917E+00   2.7928E+01  -4.4204E-01   1.3025E-01  -4.5708E+00
   2003.67   6.4516E+03  -5.2536E+03   5.5246E+04  -5.4516E+00   1.6059E+00   2.8179E+01  -4.4611E-01   1.3141E-01  -4.6119E+00
   2003.75   6.4570E+03  -5.2496E+03   5.5245E+04  -5.4920E+00   1.6174E+00   2.8383E+01  -4.4942E-01   1.3235E-01  -4.6452E+00
   2003.83   6.4624E+03  -5.2456E+03   5.5244E+04  -5.5222E+00   1.6259E+00   2.8534E+01  -4.5189E-01   1.3305E-01  -4.6699E+00
   2003.92   6.4677E+03  -5.2417E+03   5.5243E+04  -5.5411E+00   1.6311E+00   2.8626E+01  -4.5343E-01   1.3347E-01  -4.6850E+00
   2004.00   6.4731E+03  -5.2377E+03   5.5242E+04  -5.5476E+00   1.6326E+00   2.8655E+01  -4.5397E-01   1.3360E-01  -4.6897E+00
   2004.08   6.4784E+03  -5.2337E+03   5.5241E+04  -5.5411E+00   1.6303E+00   2.8616E+01  -4.5343E-01   1.3341E-01  -4.6833E+00
   2004.17   6.4837E+03  -5.2298E+03   5.5240E+04  -5.5220E+00   1.6243E+00   2.8512E+01  -4.5186E-01   1.3292E-01  -4.6663E+00
   2004.25   6.4890E+03  -5.2258E+03   5.5239E+04  -5.4912E+00   1.6149E+00   2.8347E+01  -4.4934E-01   1.3214E-01  -4.6394E+00
   2004.33   6.4943E+03  -5.2219E+03   5.5238E+04  -5.4495E+00   1.6022E+00   2.8127E+01  -4.4594E-01   1.3111E-01  -4.6033E+00
   2004.42   6.4995E+03  -5.2179E+03   5.5237E+04  -5.3979E+00   1.5867E+00   2.7855E+01  -4.4172E-01   1.2984E-01  -4.5588E+00
   2004.50   6.5048E+03  -5.2140E+03   5.5236E+04  -5.3373E+00   1.5684E+00   2.7536E+01  -4.3675E-01   1.2835E-01  -4.5066E+00
   2004.58   6.5100E+03  -5.2100E+03   5.5234E+04  -5.2683E+00   1.5478E+00   2.7175E+01  -4.3111E-01   1.2666E-01  -4.4475E+00
   2004.67   6.5152E+03  -5.2061E+03   5.5233E+04  -5.1920E+00   1.5250E+00   2.6775E+01  -4.2487E-01   1.2479E-01  -4.3821E+00
   2004.75   6.5203E+03  -5.2021E+03   5.5232E+04  -5.1092E+00   1.5002E+00   2.6342E+01  -4.1809E-01   1.2276E-01  -4.3112E+00
   2004.83   6.5255E+03  -5.1982E+03   5.5231E+04  -5.0207E+00   1.4738E+00   2.5880E+01  -4.1085E-01   1.2060E-01  -4.2355E+00
   2004.92   6.5307E+03  -5.1942E+03   5.5230E+04  -4.9275E+00   1.4460E+00   2.5392E+01  -4.0322E-01   1.1833E-01  -4.1557E+00
   2005.00   6.5358E+03  -5.1903E+03   5.5228E+04  -4.8303E+00   1.4171E+00   2.4885E+01  -3.9527E-01   1.1596E-01  -4.0727E+00
   2005.08   6.5409E+03  -5.1863E+03   5.5227E+04  -4.7301E+00   1.3872E+00   2.4361E+01  -3.8706E-01   1.1352E-01  -3.9870E+00
   2005.17   6.5460E+03  -5.1824E+03   5.5226E+04  -4.6276E+00   1.3567E+00   2.3826E+01  -3.7868E-01   1.1102E-01  -3.8994E+00
   2005.25   6.5511E+03  -5.1785E+03   5.5225E+04  -4.5239E+00   1.3258E+00   2.3285E+01  -3.7019E-01   1.0849E-01  -3.8108E+00
   2005.33   6.5562E+03  -5.1745E+03   5.5223E+04  -4.4196E+00   1.2948E+00   2.2740E+01  -3.6166E-01   1.0595E-01  -3.7217E+00
   2005.42   6.5613E+03  -5.1706E+03   5.5222E+04  -4.3158E+00   1.2639E+00   2.2198E+01  -3.5316E-01   1.0342E-01  -3.6329E+00
   2005.50   6.5663E+03  -5.1667E+03   5.5221E+04  -4.2131E+00   1.2333E+00   2.1662E+01  -3.4476E-01   1.0092E-01  -3.5452E+00
   2005.58   6.5714E+03  -5.1627E+03   5.5219E+04  -4.1126E+00   1.2034E+00   2.1136E+01  -3.3654E-01   9.8472E-02  -3.4592E+00
   2005.67   6.5764E+03  -5.1588E+03   5.5218E+04  -4.0151E+00   1.1743E+00   2.0627E+01  -3.2856E-01   9.6095E-02  -3.3758E+00
   2005.75   6.5814E+03  -5.1549E+03   5.5217E+04  -3.9214E+00   1.1464E+00   2.0136E+01  -3.2089E-01   9.3810E-02  -3.2955E+00
   2005.83   6.5865E+03  -5.1509E+03   5.5215E+04  -3.8325E+00   1.1198E+00   1.9670E+01  -3.1361E-01   9.1638E-02  -3.2193E+00
   2005.92   6.5915E+03  -5.1470E+03   5.5214E+04  -3.7490E+00   1.0949E+00   1.9233E+01  -3.0679E-01   8.9600E-02  -3.1477E+00
   2006.00   6.5965E+03  -5.1431E+03   5.5213E+04  -3.6721E+00   1.0719E+00   1.8829E+01  -3.0049E-01   8.7716E-02  -3.0816E+00
   2006.08   6.6015E+03  -5.1391E+03   5.5211E+04  -3.6021E+00   1.0510E+00   1.8461E+01  -2.9476E-01   8.6003E-02  -3.0214E+00
   2006.17   6.6065E+03  -5.1352E+03   5.5210E+04  -3.5390E+00   1.0321E+00   1.8128E+01  -2.8959E-01   8.4453E-02  -2.9669E+00
   2006.25   6.6115E+03  -5.1313E+03   5.5209E+04  -3.4821E+00   1.0149E+00   1.7828E+01  -2.8494E-01   8.3054E-02  -2.9177E+00
   2006.33   6.6164E+03  -5.1274E+03   5.5207E+04  -3.4309E+00   9.9954E-01   1.7557E+01  -2.8075E-01   8.1793E-02  -2.8733E+00
   2006.42   6.6214E+03  -5.1235E+03   5.5206E+04  -3.3849E+00   9.8567E-01   1.7313E+01  -2.7699E-01   8.0658E-02  -2.8334E+00
   2006.50   6.6264E+03  -5.1195E+03   5.5205E+04  -3.3437E+00   9.7320E-01   1.7093E+01  -2.7362E-01   7.9637E-02  -2.7975E+00
   2006.58   6.6314E+03  -5.1156E+03   5.5203E+04  -3.3066E+00   9.6196E-01   1.6895E+01  -2.7058E-01   7.8718E-02  -2.7651E+00
   2006.67   6.6363E+03  -5.1117E+03   5.5202E+04  -3.2733E+00   9.5182E-01   1.6717E+01  -2.6785E-01   7.7888E-02  -2.7358E+00
   2006.75   6.6413E+03  -5.1078E+03   5.5201E+04  -3.2430E+00   9.4261E-01   1.6554E+01  -2.6538E-01   7.7134E-02  -2.7093E+00
   2006.83   6.6463E+03  -5.1038E+03   5.5199E+04  -3.2154E+00   9.3419E-01   1.6406E+01  -2.6312E-01   7.6445E-02  -2.6850E+00
   2006.92   6.6513E+03  -5.0999E+03   5.5198E+04  -3.1900E+00   9.2641E-01   1.6269E+01  -2.6104E-01   7.5809E-02  -2.6625E+00
   2007.00   6.6562E+03  -5.0960E+03   5.5196E+04  -3.1661E+00   9.1912E-01   1.6140E+01  -2.5908E-01   7.5212E-02  -2.6415E+00
   2007.08   6.6612E+03  -5.0921E+03   5.5195E+04  -3.1433E+00   9.1216E-01   1.6017E+01  -2.5722E-01   7.4642E-02  -2.6214E+00
   2007.17   6.6662E+03  -5.0882E+03   5.5193E+04  -3.1211E+00   9.0539E-01   1.5897E+01  -2.5540E-01   7.4088E-02  -2.6018E+00
   2007.25   6.6712E+03  -5.0843E+03   5.5192E+04  -3.0989E+00   8.9865E-01   1.5779E+01  -2.5359E-01   7.3537E-02  -2.5823E+00
   2007.33   6.6761E+03  -5.0804E+03   5.5190E+04  -3.0763E+00   8.9180E-01   1.5658E+01  -2.5174E-01   7.2976E-02  -2.5625E+00
   2007.42   6.6811E+03  -5.0764E+03   5.5189E+04  -3.0527E+00   8.8468E-01   1.5532E+01  -2.4980E-01   7.2394E-02  -2.5420E+00
   2007.50   6.6861E+03  -5.0725E+03   5.5187E+04  -3.0276E+00   8.7714E-01   1.5399E+01  -2.4775E-01   7.1777E-02  -2.5202E+00
   2007.58   6.6911E+03  -5.0686E+03   5.5186E+04  -3.0005E+00   8.6904E-01   1.5256E+01  -2.4553E-01   7.1114E-02  -2.4969E+00
   2007.67   6.6961E+03  -5.0647E+03   5.5184E+04  -2.9709E+00   8.6022E-01   1.5101E+01  -2.4311E-01   7.0392E-02  -2.4715E+00
   2007.75   6.7011E+03  -5.0608E+03   5.5183E+04  -2.9382E+00   8.5052E-01   1.4931E+01  -2.4043E-01   6.9599E-02  -2.4435E+00
   2007.83   6.7062E+03  -5.0569E+03   5.5181E+04  -2.9019E+00   8.3981E-01   1.4742E+01  -2.3746E-01   6.8722E-02  -2.4127E+00
   2007.92   6.7112E+03  -5.0530E+03   5.5180E+04  -2.8616E+00   8.2793E-01   1.4533E+01  -2.3416E-01   6.7750E-02  -2.3785E+00
   2008.00   6.7162E+03  -5.0491E+03   5.5178E+04  -2.8166E+00   8.1473E-01   1.4301E+01  -2.3049E-01   6.6669E-02  -2.3406E+00
   2008.08   6.7213E+03  -5.0452E+03   5.5176E+04  -2.7668E+00   8.0011E-01   1.4045E+01  -2.2641E-01   6.5473E-02  -2.2986E+00
   2008.17   6.7264E+03  -5.0413E+03   5.5175E+04  -2.7125E+00   7.8423E-01   1.3766E+01  -2.2197E-01   6.4173E-02  -2.2530E+00
   2008.25   6.7314E+03  -5.0374E+03   5.5173E+04  -2.6546E+00   7.6727E-01   1.3469E+01  -2.1723E-01   6.2786E-02  -2.2043E+00
   2008.33   6.7365E+03  -5.0335E+03   5.5172E+04  -2.5937E+00   7.4946E-01   1.3156E+01  -2.1224E-01   6.1329E-02  -2.1532E+00
   2008.42   6.7416E+03  -5.0296E+03   5.5170E+04  -2.5306E+00   7.3099E-01   1.2832E+01  -2.0708E-01   5.9817E-02  -2.1002E+00
   2008.50   6.7467E+03  -5.0257E+03   5.5168E+04  -2.4658E+00   7.1206E-01   1.2501E+01  -2.0178E-01   5.8268E-02  -2.0459E+00
   2008.58   6.7518E+03  -5.0218E+03   5.5166E+04  -2.4003E+00   6.9287E-01   1.2165E+01  -1.9642E-01   5.6698E-02  -1.9909E+00
   2008.67   6.7569E+03  -5.0179E+03   5.5165E+04  -2.3347E+00   6.7364E-01   1.1828E+01  -1.9105E-01   5.5124E-02  -1.9358E+00
   2008.75   6.7620E+03  -5.0139E+03   5.5163E+04  -2.2696E+00   6.5456E-01   1.1494E+01  -1.8572E-01   5.3563E-02  -1.8812E+00
   2008.83   6.7671E+03  -5.0100E+03   5.5161E+04  -2.2059E+00   6.3583E-01   1.1167E+01  -1.8051E-01   5.2030E-02  -1.8276E+00
   2008.92   6.7722E+03  -5.0061E+03   5.5159E+04  -2.1442E+00   6.1766E-01   1.0850E+01  -1.7546E-01   5.0544E-02  -1.7757E+00
   2009.00   6.7774E+03  -5.0021E+03   5.5158E+04  -2.0852E+00   6.0026E-01   1.0546E+01  -1.7063E-01   4.9119E-02  -1.7260E+00
   2009.08   6.7825E+03  -4.9982E+03   5.5156E+04  -2.0297E+00   5.8381E-01   1.0260E+01  -1.6609E-01   4.7774E-02  -1.6791E+00
   2009.17   6.7876E+03  -4.9942E+03   5.5154E+04  -1.9784E+00   5.6854E-01   9.9942E+00  -1.6189E-01   4.6524E-02  -1.6357E+00
   2009.25   6.7928E+03  -4.9902E+03   5.5152E+04  -1.9319E+00   5.5464E-01   9.7529E+00  -1.5809E-01   4.5386E-02  -1.5962E+00
   2009.33   6.7979E+03  -4.9862E+03   5.5150E+04  -1.8911E+00   5.4231E-01   9.5396E+00  -1.5475E-01   4.4377E-02  -1.5613E+00
   2009.42   6.8031E+03  -4.9822E+03   5.5148E+04  -1.8566E+00   5.3175E-01   9.3578E+00  -1.5192E-01   4.3513E-02  -1.5315E+00
   2009.50   6.8082E+03  -4.9782E+03   5.5147E+04  -1.8291E+00   5.2318E-01   9.2111E+00  -1.4967E-01   4.2812E-02  -1.5075E+00
   2009.58   6.8134E+03  -4.9741E+03   5.5145E+04  -1.8093E+00   5.1678E-01   9.1031E+00  -1.4806E-01   4.2289E-02  -1.4898E+00
   2009.67   6.8185E+03  -4.9701E+03   5.5143E+04  -1.7980E+00   5.1278E-01   9.0373E+00  -1.4713E-01   4.1961E-02  -1.4791E+00
   2009.75   6.8236E+03  -4.9660E+03   5.5141E+04  -1.7959E+00   5.1136E-01   9.0174E+00  -1.4696E-01   4.1845E-02  -1.4758E+00
   2009.83   6.8288E+03  -4.9619E+03   5.5139E+04  -1.8036E+00   5.1274E-01   9.0468E+00  -1.4759E-01   4.1957E-02  -1.4806E+00
   2009.92   6.8339E+03  -4.9578E+03   5.5137E+04  -1.8220E+00   5.1710E-01   9.1293E+00  -1.4909E-01   4.2315E-02  -1.4941E+00
   2010.00   6.8391E+03  -4.9536E+03   5.5135E+04  -1.8517E+00   5.2467E-01   9.2684E+00  -1.5152E-01   4.2934E-02  -1.5169E+00
   2010.08   6.8442E+03  -4.9495E+03   5.5133E+04  -1.8931E+00   5.3556E-01   9.4661E+00  -1.5491E-01   4.3825E-02  -1.5492E+00
   2010.17   6.8493E+03  -4.9453E+03   5.5131E+04  -1.9455E+00   5.4957E-01   9.7191E+00  -1.5920E-01   4.4971E-02  -1.5906E+00
   2010.25   6.8545E+03  -4.9411E+03   5.5129E+04  -2.0080E+00   5.6641E-01   1.0022E+01  -1.6432E-01   4.6350E-02  -1.6402E+00
   2010.33   6.8596E+03  -4.9368E+03   5.5127E+04  -2.0795E+00   5.8582E-01   1.0371E+01  -1.7017E-01   4.7938E-02  -1.6973E+00
   2010.42   6.8647E+03  -4.9326E+03   5.5125E+04  -2.1591E+00   6.0750E-01   1.0759E+01  -1.7668E-01   4.9712E-02  -1.7609E+00
   2010.50   6.8699E+03  -4.9283E+03   5.5123E+04  -2.2457E+00   6.3118E-01   1.1183E+01  -1.8376E-01   5.1650E-02  -1.8302E+00
   2010.58   6.8750E+03  -4.9240E+03   5.5121E+04  -2.3383E+00   6.5658E-01   1.1637E+01  -1.9134E-01   5.3728E-02  -1.9046E+00
   2010.67   6.8801E+03  -4.9197E+03   5.5119E+04  -2.4360E+00   6.8341E-01   1.2117E+01  -1.9934E-01   5.5924E-02  -1.9830E+00
   2010.75   6.8852E+03  -4.9154E+03   5.5117E+04  -2.5377E+00   7.1140E-01   1.2617E+01  -2.0766E-01   5.8214E-02  -2.0648E+00
   2010.83   6.8903E+03  -4.9111E+03   5.5115E+04  -2.6424E+00   7.4026E-01   1.3132E+01  -2.1623E-01   6.0576E-02  -2.1491E+00
   2010.92   6.8955E+03  -4.9067E+03   5.5112E+04  -2.7492E+00   7.6972E-01   1.3657E+01  -2.2497E-01   6.2986E-02  -2.2352E+00
   2011.00   6.9006E+03  -4.9024E+03   5.5110E+04  -2.8571E+00   7.9948E-01   1.4188E+01  -2.3380E-01   6.5422E-02  -2.3220E+00
   2011.08   6.9057E+03  -4.8980E+03   5.5108E+04  -2.9650E+00   8.2929E-01   1.4719E+01  -2.4263E-01   6.7861E-02  -2.4090E+00
   2011.17   6.9108E+03  -4.8936E+03   5.5106E+04  -3.0720E+00   8.5884E-01   1.5246E+01  -2.5138E-01   7.0279E-02  -2.4952E+00
   2011.25   6.9159E+03  -4.8892E+03   5.5104E+04  -3.1770E+00   8.8786E-01   1.5764E+01  -2.5997E-01   7.2654E-02  -2.5799E+00
   2011.33   6.9210E+03  -4.8848E+03   5.5102E+04  -3.2790E+00   9.1608E-01   1.6266E+01  -2.6832E-01   7.4963E-02  -2.6621E+00
   2011.42   6.9261E+03  -4.8803E+03   5.5099E+04  -3.3772E+00   9.4320E-01   1.6749E+01  -2.7635E-01   7.7182E-02  -2.7412E+00
   2011.50   6.9312E+03  -4.8759E+03   5.5097E+04  -3.4703E+00   9.6895E-01   1.7208E+01  -2.8398E-01   7.9290E-02  -2.8163E+00
   2011.58   6.9364E+03  -4.8714E+03   5.5095E+04  -3.5576E+00   9.9305E-01   1.7638E+01  -2.9112E-01   8.1262E-02  -2.8866E+00
   2011.67   6.9415E+03  -4.8670E+03   5.5092E+04  -3.6379E+00   1.0152E+00   1.8032E+01  -2.9769E-01   8.3076E-02  -2.9512E+00
   2011.75   6.9466E+03  -4.8625E+03   5.5090E+04  -3.7103E+00   1.0352E+00   1.8388E+01  -3.0361E-01   8.4709E-02  -3.0094E+00
   2011.83   6.9517E+03  -4.8580E+03   5.5088E+04  -3.7737E+00   1.0526E+00   1.8699E+01  -3.0880E-01   8.6137E-02  -3.0603E+00
   2011.92   6.9568E+03  -4.8535E+03   5.5085E+04  -3.8272E+00   1.0673E+00   1.8961E+01  -3.1318E-01   8.7339E-02  -3.1031E+00
   2012.00   6.9619E+03  -4.8491E+03   5.5083E+04  -3.8698E+00   1.0789E+00   1.9168E+01  -3.1666E-01   8.8291E-02  -3.1371E+00
