   1960.00   9.0992E+02   2.1444E+03   5.7880E+04  -3.2440E+00  -4.6040E+00   2.9761E+01  -2.6545E-01  -3.7675E-01  -4.8707E+00
   1960.08   9.1190E+02   2.1452E+03   5.7882E+04  -3.2237E+00  -4.5753E+00   2.9576E+01  -2.6379E-01  -3.7440E-01  -4.8404E+00
   1960.17   9.1388E+02   2.1460E+03   5.7884E+04  -3.1955E+00  -4.5354E+00   2.9318E+01  -2.6149E-01  -3.7114E-01  -4.7983E+00
   1960.25   9.1585E+02   2.1468E+03   5.7886E+04  -3.1600E+00  -4.4852E+00   2.8994E+01  -2.5859E-01  -3.6703E-01  -4.7452E+00
   1960.33   9.1782E+02   2.1476E+03   5.7888E+04  -3.1179E+00  -4.4255E+00   2.8609E+01  -2.5514E-01  -3.6214E-01  -4.6821E+00
   1960.42   9.1979E+02   2.1483E+03   5.7890E+04  -3.0696E+00  -4.3571E+00   2.8167E+01  -2.5119E-01  -3.5654E-01  -4.6098E+00
   1960.50   9.2175E+02   2.1491E+03   5.7892E+04  -3.0158E+00  -4.2809E+00   2.7675E+01  -2.4679E-01  -3.5031E-01  -4.5293E+00
   1960.58   9.2370E+02   2.1498E+03   5.7894E+04  -2.9571E+00  -4.1977E+00   2.7138E+01  -2.4198E-01  -3.4350E-01  -4.4414E+00
   1960.67   9.2565E+02   2.1506E+03   5.7896E+04  -2.8941E+00  -4.1084E+00   2.6561E+01  -2.3683E-01  -3.3619E-01  -4.3469E+00
   1960.75   9.2759E+02   2.1513E+03   5.7898E+04  -2.8273E+00  -4.0138E+00   2.5949E+01  -2.3136E-01  -3.2845E-01  -4.2469E+00
   1960.83   9.2953E+02   2.1520E+03   5.7900E+04  -2.7574E+00  -3.9147E+00   2.5309E+01  -2.2564E-01  -3.2034E-01  -4.1421E+00
   1960.92   9.3146E+02   2.1528E+03   5.7902E+04  -2.6850E+00  -3.8120E+00   2.4646E+01  -2.1971E-01  -3.1194E-01  -4.0336E+00
   1961.00   9.3338E+02   2.1535E+03   5.7904E+04  -2.6106E+00  -3.7066E+00   2.3965E+01  -2.1363E-01  -3.0331E-01  -3.9221E+00
   1961.08   9.3529E+02   2.1541E+03   5.7906E+04  -2.5348E+00  -3.5992E+00   2.3271E+01  -2.0743E-01  -2.9452E-01  -3.8085E+00
   1961.17   9.3719E+02   2.1548E+03   5.7908E+04  -2.4583E+00  -3.4907E+00   2.2570E+01  -2.0116E-01  -2.8564E-01  -3.6939E+00
   1961.25   9.3909E+02   2.1555E+03   5.7910E+04  -2.3816E+00  -3.3819E+00   2.1868E+01  -1.9489E-01  -2.7674E-01  -3.5789E+00
   1961.33   9.4097E+02   2.1562E+03   5.7912E+04  -2.3053E+00  -3.2738E+00   2.1169E+01  -1.8864E-01  -2.6789E-01  -3.4646E+00
   1961.42   9.4284E+02   2.1568E+03   5.7914E+04  -2.2300E+00  -3.1671E+00   2.0480E+01  -1.8248E-01  -2.5916E-01  -3.3518E+00
   1961.50   9.4471E+02   2.1574E+03   5.7916E+04  -2.1563E+00  -3.0626E+00   1.9806E+01  -1.7645E-01  -2.5062E-01  -3.2414E+00
   1961.58   9.4656E+02   2.1581E+03   5.7918E+04  -2.0848E+00  -2.9613E+00   1.9151E+01  -1.7060E-01  -2.4232E-01  -3.1343E+00
   1961.67   9.4840E+02   2.1587E+03   5.7920E+04  -2.0161E+00  -2.8639E+00   1.8523E+01  -1.6498E-01  -2.3436E-01  -3.0314E+00
   1961.75   9.5022E+02   2.1593E+03   5.7922E+04  -1.9508E+00  -2.7713E+00   1.7925E+01  -1.5964E-01  -2.2678E-01  -2.9336E+00
   1961.83   9.5204E+02   2.1599E+03   5.7924E+04  -1.8895E+00  -2.6844E+00   1.7364E+01  -1.5462E-01  -2.1966E-01  -2.8418E+00
   1961.92   9.5384E+02   2.1604E+03   5.7926E+04  -1.8327E+00  -2.6039E+00   1.6845E+01  -1.4997E-01  -2.1308E-01  -2.7568E+00
   1962.00   9.5563E+02   2.1610E+03   5.7928E+04  -1.7811E+00  -2.5308E+00   1.6373E+01  -1.4575E-01  -2.0710E-01  -2.6796E+00
   1962.08   9.5740E+02   2.1615E+03   5.7929E+04  -1.7350E+00  -2.4656E+00   1.5952E+01  -1.4198E-01  -2.0176E-01  -2.6108E+00
   1962.17   9.5916E+02   2.1621E+03   5.7931E+04  -1.6944E+00  -2.4080E+00   1.5581E+01  -1.3865E-01  -1.9705E-01  -2.5501E+00
   1962.25   9.6091E+02   2.1626E+03   5.7933E+04  -1.6588E+00  -2.3576E+00   1.5257E+01  -1.3574E-01  -1.9292E-01  -2.4969E+00
   1962.33   9.6265E+02   2.1631E+03   5.7934E+04  -1.6279E+00  -2.3138E+00   1.4975E+01  -1.3321E-01  -1.8934E-01  -2.4508E+00
   1962.42   9.6437E+02   2.1636E+03   5.7936E+04  -1.6013E+00  -2.2762E+00   1.4733E+01  -1.3103E-01  -1.8626E-01  -2.4112E+00
   1962.50   9.6608E+02   2.1641E+03   5.7937E+04  -1.5787E+00  -2.2442E+00   1.4527E+01  -1.2918E-01  -1.8364E-01  -2.3776E+00
   1962.58   9.6778E+02   2.1645E+03   5.7939E+04  -1.5596E+00  -2.2173E+00   1.4355E+01  -1.2762E-01  -1.8144E-01  -2.3493E+00
   1962.67   9.6946E+02   2.1650E+03   5.7940E+04  -1.5438E+00  -2.1949E+00   1.4212E+01  -1.2633E-01  -1.7961E-01  -2.3259E+00
   1962.75   9.7114E+02   2.1655E+03   5.7942E+04  -1.5310E+00  -2.1767E+00   1.4096E+01  -1.2528E-01  -1.7812E-01  -2.3069E+00
   1962.83   9.7280E+02   2.1659E+03   5.7943E+04  -1.5206E+00  -2.1621E+00   1.4002E+01  -1.2443E-01  -1.7693E-01  -2.2916E+00
   1962.92   9.7446E+02   2.1664E+03   5.7945E+04  -1.5124E+00  -2.1505E+00   1.3929E+01  -1.2376E-01  -1.7598E-01  -2.2796E+00
   1963.00   9.7610E+02   2.1669E+03   5.7946E+04  -1.5060E+00  -2.1416E+00   1.3872E+01  -1.2324E-01  -1.7525E-01  -2.2704E+00
   1963.08   9.7774E+02   2.1673E+03   5.7948E+04  -1.5011E+00  -2.1346E+00   1.3829E+01  -1.2284E-01  -1.7468E-01  -2.2633E+00
   1963.17   9.7936E+02   2.1678E+03   5.7949E+04  -1.4973E+00  -2.1293E+00   1.3796E+01  -1.2252E-01  -1.7424E-01  -2.2578E+00
   1963.25   9.8098E+02   2.1682E+03   5.7950E+04  -1.4942E+00  -2.1250E+00   1.3769E+01  -1.2227E-01  -1.7389E-01  -2.2535E+00
   1963.33   9.8259E+02   2.1687E+03   5.7952E+04  -1.4915E+00  -2.1212E+00   1.3746E+01  -1.2205E-01  -1.7358E-01  -2.2497E+00
   1963.42   9.8419E+02   2.1692E+03   5.7953E+04  -1.4889E+00  -2.1174E+00   1.3723E+01  -1.2184E-01  -1.7327E-01  -2.2459E+00
   1963.50   9.8578E+02   2.1696E+03   5.7955E+04  -1.4859E+00  -2.1132E+00   1.3697E+01  -1.2159E-01  -1.7292E-01  -2.2416E+00
   1963.58   9.8737E+02   2.1701E+03   5.7956E+04  -1.4822E+00  -2.1080E+00   1.3664E+01  -1.2129E-01  -1.7250E-01  -2.2363E+00
   1963.67   9.8895E+02   2.1706E+03   5.7958E+04  -1.4775E+00  -2.1013E+00   1.3622E+01  -1.2090E-01  -1.7195E-01  -2.2293E+00
   1963.75   9.9052E+02   2.1711E+03   5.7959E+04  -1.4713E+00  -2.0925E+00   1.3566E+01  -1.2040E-01  -1.7123E-01  -2.2203E+00
   1963.83   9.9209E+02   2.1716E+03   5.7961E+04  -1.4635E+00  -2.0813E+00   1.3495E+01  -1.1976E-01  -1.7031E-01  -2.2085E+00
   1963.92   9.9365E+02   2.1721E+03   5.7962E+04  -1.4534E+00  -2.0670E+00   1.3403E+01  -1.1894E-01  -1.6915E-01  -2.1936E+00
   1964.00   9.9521E+02   2.1727E+03   5.7964E+04  -1.4409E+00  -2.0493E+00   1.3289E+01  -1.1791E-01  -1.6769E-01  -2.1749E+00
   1964.08   9.9676E+02   2.1732E+03   5.7965E+04  -1.4257E+00  -2.0276E+00   1.3150E+01  -1.1667E-01  -1.6592E-01  -2.1521E+00
   1964.17   9.9831E+02   2.1738E+03   5.7967E+04  -1.4081E+00  -2.0025E+00   1.2988E+01  -1.1523E-01  -1.6387E-01  -2.1257E+00
   1964.25   9.9985E+02   2.1743E+03   5.7968E+04  -1.3885E+00  -1.9746E+00   1.2808E+01  -1.1362E-01  -1.6158E-01  -2.0962E+00
   1964.33   1.0014E+03   2.1749E+03   5.7970E+04  -1.3672E+00  -1.9443E+00   1.2613E+01  -1.1188E-01  -1.5910E-01  -2.0642E+00
   1964.42   1.0029E+03   2.1755E+03   5.7972E+04  -1.3448E+00  -1.9123E+00   1.2406E+01  -1.1004E-01  -1.5648E-01  -2.0304E+00
   1964.50   1.0044E+03   2.1762E+03   5.7973E+04  -1.3215E+00  -1.8792E+00   1.2193E+01  -1.0814E-01  -1.5377E-01  -1.9955E+00
   1964.58   1.0060E+03   2.1768E+03   5.7975E+04  -1.2979E+00  -1.8455E+00   1.1976E+01  -1.0621E-01  -1.5102E-01  -1.9599E+00
   1964.67   1.0075E+03   2.1774E+03   5.7977E+04  -1.2743E+00  -1.8118E+00   1.1759E+01  -1.0427E-01  -1.4826E-01  -1.9244E+00
   1964.75   1.0090E+03   2.1781E+03   5.7978E+04  -1.2511E+00  -1.7787E+00   1.1546E+01  -1.0238E-01  -1.4555E-01  -1.8896E+00
   1964.83   1.0105E+03   2.1788E+03   5.7980E+04  -1.2287E+00  -1.7468E+00   1.1341E+01  -1.0055E-01  -1.4294E-01  -1.8560E+00
   1964.92   1.0119E+03   2.1795E+03   5.7982E+04  -1.2076E+00  -1.7167E+00   1.1147E+01  -9.8822E-02  -1.4048E-01  -1.8243E+00
   1965.00   1.0134E+03   2.1802E+03   5.7984E+04  -1.1882E+00  -1.6889E+00   1.0969E+01  -9.7232E-02  -1.3820E-01  -1.7951E+00
   1965.08   1.0149E+03   2.1810E+03   5.7985E+04  -1.1708E+00  -1.6640E+00   1.0809E+01  -9.5811E-02  -1.3617E-01  -1.7691E+00
   1965.17   1.0164E+03   2.1817E+03   5.7987E+04  -1.1560E+00  -1.6426E+00   1.0673E+01  -9.4592E-02  -1.3442E-01  -1.7468E+00
   1965.25   1.0178E+03   2.1825E+03   5.7989E+04  -1.1439E+00  -1.6253E+00   1.0563E+01  -9.3610E-02  -1.3300E-01  -1.7288E+00
   1965.33   1.0193E+03   2.1833E+03   5.7990E+04  -1.1352E+00  -1.6127E+00   1.0484E+01  -9.2897E-02  -1.3197E-01  -1.7158E+00
   1965.42   1.0207E+03   2.1841E+03   5.7992E+04  -1.1302E+00  -1.6053E+00   1.0439E+01  -9.2486E-02  -1.3136E-01  -1.7084E+00
   1965.50   1.0221E+03   2.1850E+03   5.7994E+04  -1.1293E+00  -1.6036E+00   1.0432E+01  -9.2412E-02  -1.3123E-01  -1.7073E+00
   1965.58   1.0236E+03   2.1858E+03   5.7996E+04  -1.1329E+00  -1.6084E+00   1.0466E+01  -9.2708E-02  -1.3162E-01  -1.7129E+00
   1965.67   1.0250E+03   2.1867E+03   5.7997E+04  -1.1415E+00  -1.6202E+00   1.0546E+01  -9.3407E-02  -1.3258E-01  -1.7260E+00
   1965.75   1.0264E+03   2.1876E+03   5.7999E+04  -1.1553E+00  -1.6395E+00   1.0676E+01  -9.4542E-02  -1.3416E-01  -1.7472E+00
   1965.83   1.0278E+03   2.1886E+03   5.8001E+04  -1.1750E+00  -1.6670E+00   1.0858E+01  -9.6147E-02  -1.3641E-01  -1.7771E+00
   1965.92   1.0291E+03   2.1895E+03   5.8002E+04  -1.2007E+00  -1.7031E+00   1.1097E+01  -9.8256E-02  -1.3937E-01  -1.8162E+00
   1966.00   1.0305E+03   2.1905E+03   5.8004E+04  -1.2331E+00  -1.7486E+00   1.1397E+01  -1.0090E-01  -1.4308E-01  -1.8653E+00
   1966.08   1.0319E+03   2.1915E+03   5.8006E+04  -1.2722E+00  -1.8036E+00   1.1760E+01  -1.0410E-01  -1.4759E-01  -1.9247E+00
   1966.17   1.0332E+03   2.1925E+03   5.8007E+04  -1.3177E+00  -1.8678E+00   1.2182E+01  -1.0783E-01  -1.5284E-01  -1.9937E+00
   1966.25   1.0345E+03   2.1936E+03   5.8009E+04  -1.3690E+00  -1.9401E+00   1.2657E+01  -1.1203E-01  -1.5876E-01  -2.0715E+00
   1966.33   1.0359E+03   2.1946E+03   5.8010E+04  -1.4256E+00  -2.0198E+00   1.3181E+01  -1.1666E-01  -1.6528E-01  -2.1572E+00
   1966.42   1.0372E+03   2.1957E+03   5.8012E+04  -1.4867E+00  -2.1061E+00   1.3747E+01  -1.2166E-01  -1.7235E-01  -2.2498E+00
   1966.50   1.0385E+03   2.1969E+03   5.8013E+04  -1.5520E+00  -2.1982E+00   1.4351E+01  -1.2700E-01  -1.7988E-01  -2.3487E+00
   1966.58   1.0398E+03   2.1980E+03   5.8015E+04  -1.6207E+00  -2.2951E+00   1.4987E+01  -1.3262E-01  -1.8781E-01  -2.4527E+00
   1966.67   1.0411E+03   2.1992E+03   5.8017E+04  -1.6923E+00  -2.3962E+00   1.5649E+01  -1.3848E-01  -1.9608E-01  -2.5611E+00
   1966.75   1.0423E+03   2.2003E+03   5.8018E+04  -1.7661E+00  -2.5004E+00   1.6333E+01  -1.4452E-01  -2.0461E-01  -2.6730E+00
   1966.83   1.0436E+03   2.2015E+03   5.8020E+04  -1.8417E+00  -2.6072E+00   1.7032E+01  -1.5071E-01  -2.1335E-01  -2.7875E+00
   1966.92   1.0449E+03   2.2028E+03   5.8021E+04  -1.9185E+00  -2.7155E+00   1.7742E+01  -1.5699E-01  -2.2221E-01  -2.9037E+00
   1967.00   1.0461E+03   2.2040E+03   5.8023E+04  -1.9958E+00  -2.8246E+00   1.8457E+01  -1.6332E-01  -2.3114E-01  -3.0207E+00
   1967.08   1.0474E+03   2.2053E+03   5.8025E+04  -2.0730E+00  -2.9337E+00   1.9172E+01  -1.6964E-01  -2.4006E-01  -3.1377E+00
   1967.17   1.0486E+03   2.2066E+03   5.8026E+04  -2.1497E+00  -3.0418E+00   1.9881E+01  -1.7591E-01  -2.4891E-01  -3.2537E+00
   1967.25   1.0498E+03   2.2079E+03   5.8028E+04  -2.2251E+00  -3.1483E+00   2.0579E+01  -1.8208E-01  -2.5763E-01  -3.3680E+00
   1967.33   1.0511E+03   2.2092E+03   5.8030E+04  -2.2988E+00  -3.2523E+00   2.1260E+01  -1.8811E-01  -2.6614E-01  -3.4795E+00
   1967.42   1.0523E+03   2.2105E+03   5.8032E+04  -2.3701E+00  -3.3529E+00   2.1920E+01  -1.9395E-01  -2.7437E-01  -3.5874E+00
   1967.50   1.0535E+03   2.2119E+03   5.8034E+04  -2.4385E+00  -3.4493E+00   2.2552E+01  -1.9954E-01  -2.8226E-01  -3.6909E+00
   1967.58   1.0547E+03   2.2133E+03   5.8035E+04  -2.5033E+00  -3.5407E+00   2.3152E+01  -2.0485E-01  -2.8974E-01  -3.7890E+00
   1967.67   1.0559E+03   2.2146E+03   5.8037E+04  -2.5640E+00  -3.6263E+00   2.3713E+01  -2.0981E-01  -2.9674E-01  -3.8809E+00
   1967.75   1.0571E+03   2.2161E+03   5.8039E+04  -2.6200E+00  -3.7052E+00   2.4231E+01  -2.1440E-01  -3.0320E-01  -3.9657E+00
   1967.83   1.0583E+03   2.2175E+03   5.8042E+04  -2.6708E+00  -3.7767E+00   2.4700E+01  -2.1855E-01  -3.0905E-01  -4.0425E+00
   1967.92   1.0594E+03   2.2189E+03   5.8044E+04  -2.7156E+00  -3.8398E+00   2.5115E+01  -2.2222E-01  -3.1421E-01  -4.1104E+00
   1968.00   1.0606E+03   2.2204E+03   5.8046E+04  -2.7541E+00  -3.8938E+00   2.5471E+01  -2.2537E-01  -3.1863E-01  -4.1686E+00
   1968.08   1.0618E+03   2.2219E+03   5.8048E+04  -2.7856E+00  -3.9380E+00   2.5762E+01  -2.2795E-01  -3.2225E-01  -4.2163E+00
   1968.17   1.0629E+03   2.2234E+03   5.8051E+04  -2.8104E+00  -3.9727E+00   2.5992E+01  -2.2998E-01  -3.2509E-01  -4.2539E+00
   1968.25   1.0641E+03   2.2249E+03   5.8053E+04  -2.8289E+00  -3.9984E+00   2.6162E+01  -2.3149E-01  -3.2719E-01  -4.2818E+00
   1968.33   1.0653E+03   2.2264E+03   5.8056E+04  -2.8412E+00  -4.0154E+00   2.6277E+01  -2.3250E-01  -3.2858E-01  -4.3004E+00
   1968.42   1.0664E+03   2.2279E+03   5.8059E+04  -2.8478E+00  -4.0243E+00   2.6337E+01  -2.3304E-01  -3.2931E-01  -4.3104E+00
   1968.50   1.0676E+03   2.2295E+03   5.8061E+04  -2.8489E+00  -4.0254E+00   2.6348E+01  -2.3313E-01  -3.2940E-01  -4.3121E+00
   1968.58   1.0687E+03   2.2310E+03   5.8064E+04  -2.8449E+00  -4.0193E+00   2.6311E+01  -2.3280E-01  -3.2890E-01  -4.3061E+00
   1968.67   1.0699E+03   2.2326E+03   5.8067E+04  -2.8361E+00  -4.0063E+00   2.6229E+01  -2.3208E-01  -3.2784E-01  -4.2927E+00
   1968.75   1.0710E+03   2.2342E+03   5.8070E+04  -2.8228E+00  -3.9870E+00   2.6106E+01  -2.3099E-01  -3.2626E-01  -4.2726E+00
   1968.83   1.0721E+03   2.2358E+03   5.8073E+04  -2.8053E+00  -3.9617E+00   2.5944E+01  -2.2956E-01  -3.2419E-01  -4.2461E+00
   1968.92   1.0733E+03   2.2374E+03   5.8076E+04  -2.7840E+00  -3.9310E+00   2.5747E+01  -2.2781E-01  -3.2168E-01  -4.2138E+00
   1969.00   1.0744E+03   2.2390E+03   5.8079E+04  -2.7591E+00  -3.8953E+00   2.5517E+01  -2.2578E-01  -3.1875E-01  -4.1761E+00
   1969.08   1.0755E+03   2.2406E+03   5.8082E+04  -2.7309E+00  -3.8550E+00   2.5256E+01  -2.2347E-01  -3.1545E-01  -4.1335E+00
   1969.17   1.0766E+03   2.2422E+03   5.8085E+04  -2.6999E+00  -3.8105E+00   2.4969E+01  -2.2093E-01  -3.1182E-01  -4.0864E+00
   1969.25   1.0778E+03   2.2439E+03   5.8088E+04  -2.6662E+00  -3.7624E+00   2.4658E+01  -2.1818E-01  -3.0788E-01  -4.0355E+00
   1969.33   1.0789E+03   2.2455E+03   5.8091E+04  -2.6303E+00  -3.7110E+00   2.4325E+01  -2.1524E-01  -3.0368E-01  -3.9811E+00
   1969.42   1.0800E+03   2.2472E+03   5.8094E+04  -2.5924E+00  -3.6569E+00   2.3975E+01  -2.1214E-01  -2.9925E-01  -3.9237E+00
   1969.50   1.0811E+03   2.2488E+03   5.8097E+04  -2.5529E+00  -3.6005E+00   2.3609E+01  -2.0890E-01  -2.9463E-01  -3.8638E+00
   1969.58   1.0822E+03   2.2505E+03   5.8100E+04  -2.5120E+00  -3.5421E+00   2.3231E+01  -2.0556E-01  -2.8985E-01  -3.8019E+00
   1969.67   1.0834E+03   2.2521E+03   5.8103E+04  -2.4701E+00  -3.4823E+00   2.2843E+01  -2.0213E-01  -2.8496E-01  -3.7385E+00
   1969.75   1.0845E+03   2.2538E+03   5.8107E+04  -2.4275E+00  -3.4216E+00   2.2449E+01  -1.9864E-01  -2.7999E-01  -3.6740E+00
   1969.83   1.0856E+03   2.2555E+03   5.8110E+04  -2.3845E+00  -3.3603E+00   2.2051E+01  -1.9513E-01  -2.7498E-01  -3.6089E+00
   1969.92   1.0867E+03   2.2572E+03   5.8113E+04  -2.3415E+00  -3.2989E+00   2.1653E+01  -1.9160E-01  -2.6995E-01  -3.5437E+00
   1970.00   1.0878E+03   2.2589E+03   5.8116E+04  -2.2987E+00  -3.2379E+00   2.1257E+01  -1.8810E-01  -2.6496E-01  -3.4789E+00
   1970.08   1.0889E+03   2.2605E+03   5.8119E+04  -2.2564E+00  -3.1777E+00   2.0866E+01  -1.8464E-01  -2.6003E-01  -3.4149E+00
   1970.17   1.0900E+03   2.2622E+03   5.8122E+04  -2.2150E+00  -3.1186E+00   2.0482E+01  -1.8125E-01  -2.5520E-01  -3.3521E+00
   1970.25   1.0911E+03   2.2639E+03   5.8126E+04  -2.1745E+00  -3.0609E+00   2.0108E+01  -1.7794E-01  -2.5047E-01  -3.2908E+00
   1970.33   1.0923E+03   2.2656E+03   5.8129E+04  -2.1352E+00  -3.0049E+00   1.9744E+01  -1.7472E-01  -2.4589E-01  -3.2313E+00
   1970.42   1.0934E+03   2.2673E+03   5.8132E+04  -2.0973E+00  -2.9508E+00   1.9393E+01  -1.7162E-01  -2.4146E-01  -3.1739E+00
   1970.50   1.0945E+03   2.2690E+03   5.8135E+04  -2.0610E+00  -2.8990E+00   1.9057E+01  -1.6865E-01  -2.3723E-01  -3.1189E+00
   1970.58   1.0956E+03   2.2706E+03   5.8138E+04  -2.0265E+00  -2.8497E+00   1.8738E+01  -1.6583E-01  -2.3320E-01  -3.0667E+00
   1970.67   1.0967E+03   2.2723E+03   5.8141E+04  -1.9941E+00  -2.8033E+00   1.8437E+01  -1.6317E-01  -2.2940E-01  -3.0175E+00
   1970.75   1.0979E+03   2.2739E+03   5.8144E+04  -1.9638E+00  -2.7601E+00   1.8158E+01  -1.6070E-01  -2.2586E-01  -2.9717E+00
   1970.83   1.0990E+03   2.2755E+03   5.8147E+04  -1.9361E+00  -2.7202E+00   1.7900E+01  -1.5843E-01  -2.2259E-01  -2.9296E+00
   1970.92   1.1002E+03   2.2771E+03   5.8150E+04  -1.9109E+00  -2.6841E+00   1.7667E+01  -1.5637E-01  -2.1964E-01  -2.8914E+00
   1971.00   1.1013E+03   2.2787E+03   5.8153E+04  -1.8887E+00  -2.6519E+00   1.7461E+01  -1.5455E-01  -2.1701E-01  -2.8576E+00
   1971.08   1.1025E+03   2.2803E+03   5.8156E+04  -1.8695E+00  -2.6240E+00   1.7283E+01  -1.5298E-01  -2.1473E-01  -2.8285E+00
   1971.17   1.1036E+03   2.2818E+03   5.8159E+04  -1.8536E+00  -2.6008E+00   1.7135E+01  -1.5168E-01  -2.1282E-01  -2.8043E+00
   1971.25   1.1048E+03   2.2834E+03   5.8162E+04  -1.8411E+00  -2.5823E+00   1.7019E+01  -1.5066E-01  -2.1131E-01  -2.7853E+00
   1971.33   1.1060E+03   2.2849E+03   5.8165E+04  -1.8324E+00  -2.5691E+00   1.6937E+01  -1.4994E-01  -2.1023E-01  -2.7719E+00
   1971.42   1.1072E+03   2.2863E+03   5.8168E+04  -1.8275E+00  -2.5613E+00   1.6891E+01  -1.4955E-01  -2.0959E-01  -2.7644E+00
   1971.50   1.1084E+03   2.2878E+03   5.8171E+04  -1.8268E+00  -2.5592E+00   1.6883E+01  -1.4949E-01  -2.0942E-01  -2.7631E+00
   1971.58   1.1097E+03   2.2892E+03   5.8174E+04  -1.8304E+00  -2.5632E+00   1.6915E+01  -1.4978E-01  -2.0974E-01  -2.7683E+00
   1971.67   1.1109E+03   2.2905E+03   5.8177E+04  -1.8385E+00  -2.5734E+00   1.6989E+01  -1.5044E-01  -2.1058E-01  -2.7804E+00
   1971.75   1.1121E+03   2.2919E+03   5.8179E+04  -1.8513E+00  -2.5903E+00   1.7106E+01  -1.5149E-01  -2.1196E-01  -2.7996E+00
   1971.83   1.1134E+03   2.2932E+03   5.8182E+04  -1.8691E+00  -2.6141E+00   1.7269E+01  -1.5295E-01  -2.1391E-01  -2.8263E+00
   1971.92   1.1147E+03   2.2944E+03   5.8185E+04  -1.8920E+00  -2.6450E+00   1.7480E+01  -1.5482E-01  -2.1644E-01  -2.8607E+00
   1972.00   1.1160E+03   2.2957E+03   5.8188E+04  -1.9203E+00  -2.6834E+00   1.7740E+01  -1.5714E-01  -2.1959E-01  -2.9033E+00
   1972.08   1.1173E+03   2.2968E+03   5.8190E+04  -1.9540E+00  -2.7294E+00   1.8050E+01  -1.5990E-01  -2.2335E-01  -2.9540E+00
   1972.17   1.1186E+03   2.2980E+03   5.8193E+04  -1.9927E+00  -2.7823E+00   1.8406E+01  -1.6306E-01  -2.2768E-01  -3.0123E+00
   1972.25   1.1200E+03   2.2991E+03   5.8196E+04  -2.0358E+00  -2.8413E+00   1.8802E+01  -1.6659E-01  -2.3251E-01  -3.0771E+00
   1972.33   1.1214E+03   2.3001E+03   5.8198E+04  -2.0826E+00  -2.9056E+00   1.9233E+01  -1.7042E-01  -2.3777E-01  -3.1476E+00
   1972.42   1.1227E+03   2.3011E+03   5.8201E+04  -2.1325E+00  -2.9743E+00   1.9693E+01  -1.7451E-01  -2.4338E-01  -3.2229E+00
   1972.50   1.1241E+03   2.3021E+03   5.8204E+04  -2.1850E+00  -3.0465E+00   2.0176E+01  -1.7880E-01  -2.4930E-01  -3.3020E+00
   1972.58   1.1255E+03   2.3030E+03   5.8206E+04  -2.2395E+00  -3.1215E+00   2.0678E+01  -1.8326E-01  -2.5543E-01  -3.3841E+00
   1972.67   1.1270E+03   2.3039E+03   5.8209E+04  -2.2953E+00  -3.1983E+00   2.1192E+01  -1.8783E-01  -2.6172E-01  -3.4682E+00
   1972.75   1.1284E+03   2.3047E+03   5.8212E+04  -2.3519E+00  -3.2762E+00   2.1713E+01  -1.9246E-01  -2.6810E-01  -3.5535E+00
   1972.83   1.1299E+03   2.3056E+03   5.8214E+04  -2.4086E+00  -3.3544E+00   2.2235E+01  -1.9710E-01  -2.7449E-01  -3.6390E+00
   1972.92   1.1313E+03   2.3063E+03   5.8217E+04  -2.4649E+00  -3.4319E+00   2.2753E+01  -2.0170E-01  -2.8084E-01  -3.7237E+00
   1973.00   1.1328E+03   2.3070E+03   5.8219E+04  -2.5200E+00  -3.5080E+00   2.3261E+01  -2.0622E-01  -2.8706E-01  -3.8069E+00
   1973.08   1.1343E+03   2.3077E+03   5.8222E+04  -2.5736E+00  -3.5818E+00   2.3754E+01  -2.1060E-01  -2.9310E-01  -3.8876E+00
   1973.17   1.1358E+03   2.3084E+03   5.8224E+04  -2.6248E+00  -3.6524E+00   2.4226E+01  -2.1479E-01  -2.9888E-01  -3.9648E+00
   1973.25   1.1373E+03   2.3090E+03   5.8227E+04  -2.6732E+00  -3.7191E+00   2.4672E+01  -2.1875E-01  -3.0433E-01  -4.0378E+00
   1973.33   1.1388E+03   2.3096E+03   5.8229E+04  -2.7181E+00  -3.7809E+00   2.5085E+01  -2.2243E-01  -3.0940E-01  -4.1054E+00
   1973.42   1.1403E+03   2.3101E+03   5.8232E+04  -2.7590E+00  -3.8372E+00   2.5461E+01  -2.2577E-01  -3.1400E-01  -4.1670E+00
   1973.50   1.1419E+03   2.3106E+03   5.8235E+04  -2.7952E+00  -3.8869E+00   2.5794E+01  -2.2873E-01  -3.1807E-01  -4.2215E+00
   1973.58   1.1434E+03   2.3111E+03   5.8237E+04  -2.8261E+00  -3.9293E+00   2.6078E+01  -2.3126E-01  -3.2154E-01  -4.2680E+00
   1973.67   1.1450E+03   2.3115E+03   5.8240E+04  -2.8511E+00  -3.9636E+00   2.6308E+01  -2.3330E-01  -3.2434E-01  -4.3056E+00
   1973.75   1.1465E+03   2.3119E+03   5.8242E+04  -2.8696E+00  -3.9888E+00   2.6478E+01  -2.3482E-01  -3.2641E-01  -4.3334E+00
   1973.83   1.1481E+03   2.3122E+03   5.8245E+04  -2.8810E+00  -4.0042E+00   2.6583E+01  -2.3576E-01  -3.2767E-01  -4.3506E+00
   1973.92   1.1497E+03   2.3126E+03   5.8248E+04  -2.8848E+00  -4.0090E+00   2.6617E+01  -2.3606E-01  -3.2806E-01  -4.3561E+00
   1974.00   1.1512E+03   2.3128E+03   5.8250E+04  -2.8802E+00  -4.0022E+00   2.6574E+01  -2.3569E-01  -3.2750E-01  -4.3491E+00
   1974.08   1.1528E+03   2.3131E+03   5.8253E+04  -2.8670E+00  -3.9834E+00   2.6451E+01  -2.3461E-01  -3.2596E-01  -4.3290E+00
   1974.17   1.1544E+03   2.3133E+03   5.8256E+04  -2.8457E+00  -3.9533E+00   2.6254E+01  -2.3286E-01  -3.2350E-01  -4.2967E+00
   1974.25   1.1560E+03   2.3135E+03   5.8258E+04  -2.8169E+00  -3.9129E+00   2.5988E+01  -2.3051E-01  -3.2019E-01  -4.2532E+00
   1974.33   1.1576E+03   2.3136E+03   5.8261E+04  -2.7816E+00  -3.8633E+00   2.5660E+01  -2.2762E-01  -3.1614E-01  -4.1996E+00
   1974.42   1.1593E+03   2.3137E+03   5.8264E+04  -2.7403E+00  -3.8055E+00   2.5279E+01  -2.2424E-01  -3.1141E-01  -4.1372E+00
   1974.50   1.1609E+03   2.3138E+03   5.8267E+04  -2.6939E+00  -3.7406E+00   2.4850E+01  -2.2044E-01  -3.0609E-01  -4.0670E+00
   1974.58   1.1625E+03   2.3139E+03   5.8269E+04  -2.6431E+00  -3.6695E+00   2.4381E+01  -2.1629E-01  -3.0028E-01  -3.9902E+00
   1974.67   1.1641E+03   2.3139E+03   5.8272E+04  -2.5887E+00  -3.5934E+00   2.3878E+01  -2.1184E-01  -2.9405E-01  -3.9079E+00
   1974.75   1.1658E+03   2.3138E+03   5.8275E+04  -2.5314E+00  -3.5133E+00   2.3349E+01  -2.0715E-01  -2.8749E-01  -3.8213E+00
   1974.83   1.1674E+03   2.3138E+03   5.8277E+04  -2.4720E+00  -3.4302E+00   2.2800E+01  -2.0229E-01  -2.8069E-01  -3.7314E+00
   1974.92   1.1691E+03   2.3137E+03   5.8280E+04  -2.4113E+00  -3.3451E+00   2.2238E+01  -1.9731E-01  -2.7373E-01  -3.6395E+00
   1975.00   1.1707E+03   2.3135E+03   5.8283E+04  -2.3499E+00  -3.2592E+00   2.1670E+01  -1.9229E-01  -2.6670E-01  -3.5466E+00
   1975.08   1.1724E+03   2.3133E+03   5.8285E+04  -2.2886E+00  -3.1734E+00   2.1104E+01  -1.8728E-01  -2.5968E-01  -3.4539E+00
   1975.17   1.1741E+03   2.3131E+03   5.8288E+04  -2.2282E+00  -3.0888E+00   2.0546E+01  -1.8234E-01  -2.5276E-01  -3.3625E+00
   1975.25   1.1757E+03   2.3129E+03   5.8290E+04  -2.1695E+00  -3.0064E+00   2.0003E+01  -1.7753E-01  -2.4602E-01  -3.2736E+00
   1975.33   1.1774E+03   2.3126E+03   5.8293E+04  -2.1131E+00  -2.9273E+00   1.9481E+01  -1.7292E-01  -2.3954E-01  -3.1883E+00
   1975.42   1.1791E+03   2.3122E+03   5.8295E+04  -2.0599E+00  -2.8525E+00   1.8989E+01  -1.6856E-01  -2.3342E-01  -3.1077E+00
   1975.50   1.1808E+03   2.3119E+03   5.8297E+04  -2.0106E+00  -2.7830E+00   1.8532E+01  -1.6453E-01  -2.2774E-01  -3.0330E+00
   1975.58   1.1825E+03   2.3115E+03   5.8299E+04  -1.9660E+00  -2.7200E+00   1.8119E+01  -1.6087E-01  -2.2257E-01  -2.9653E+00
   1975.67   1.1842E+03   2.3110E+03   5.8302E+04  -1.9267E+00  -2.6643E+00   1.7754E+01  -1.5766E-01  -2.1802E-01  -2.9057E+00
   1975.75   1.1860E+03   2.3105E+03   5.8304E+04  -1.8936E+00  -2.6172E+00   1.7447E+01  -1.5495E-01  -2.1416E-01  -2.8554E+00
   1975.83   1.1877E+03   2.3100E+03   5.8306E+04  -1.8674E+00  -2.5795E+00   1.7203E+01  -1.5281E-01  -2.1108E-01  -2.8155E+00
   1975.92   1.1894E+03   2.3095E+03   5.8308E+04  -1.8488E+00  -2.5524E+00   1.7030E+01  -1.5129E-01  -2.0887E-01  -2.7871E+00
   1976.00   1.1912E+03   2.3089E+03   5.8310E+04  -1.8387E+00  -2.5369E+00   1.6934E+01  -1.5046E-01  -2.0760E-01  -2.7714E+00
   1976.08   1.1929E+03   2.3082E+03   5.8311E+04  -1.8374E+00  -2.5337E+00   1.6920E+01  -1.5036E-01  -2.0734E-01  -2.7691E+00
   1976.17   1.1947E+03   2.3075E+03   5.8313E+04  -1.8447E+00  -2.5422E+00   1.6984E+01  -1.5095E-01  -2.0803E-01  -2.7796E+00
   1976.25   1.1964E+03   2.3068E+03   5.8314E+04  -1.8596E+00  -2.5613E+00   1.7119E+01  -1.5217E-01  -2.0960E-01  -2.8017E+00
   1976.33   1.1982E+03   2.3061E+03   5.8316E+04  -1.8816E+00  -2.5902E+00   1.7319E+01  -1.5397E-01  -2.1196E-01  -2.8344E+00
   1976.42   1.1999E+03   2.3053E+03   5.8317E+04  -1.9099E+00  -2.6278E+00   1.7577E+01  -1.5629E-01  -2.1503E-01  -2.8767E+00
   1976.50   1.2017E+03   2.3044E+03   5.8319E+04  -1.9438E+00  -2.6731E+00   1.7887E+01  -1.5906E-01  -2.1874E-01  -2.9274E+00
   1976.58   1.2034E+03   2.3036E+03   5.8320E+04  -1.9826E+00  -2.7252E+00   1.8242E+01  -1.6224E-01  -2.2301E-01  -2.9855E+00
   1976.67   1.2052E+03   2.3027E+03   5.8321E+04  -2.0256E+00  -2.7831E+00   1.8635E+01  -1.6576E-01  -2.2774E-01  -3.0499E+00
   1976.75   1.2069E+03   2.3017E+03   5.8322E+04  -2.0721E+00  -2.8459E+00   1.9061E+01  -1.6956E-01  -2.3288E-01  -3.1195E+00
   1976.83   1.2086E+03   2.3008E+03   5.8323E+04  -2.1213E+00  -2.9124E+00   1.9512E+01  -1.7359E-01  -2.3832E-01  -3.1933E+00
   1976.92   1.2103E+03   2.2998E+03   5.8324E+04  -2.1726E+00  -2.9818E+00   1.9982E+01  -1.7779E-01  -2.4400E-01  -3.2702E+00
   1977.00   1.2120E+03   2.2987E+03   5.8325E+04  -2.2252E+00  -3.0531E+00   2.0464E+01  -1.8209E-01  -2.4984E-01  -3.3492E+00
   1977.08   1.2137E+03   2.2977E+03   5.8326E+04  -2.2785E+00  -3.1254E+00   2.0953E+01  -1.8645E-01  -2.5575E-01  -3.4291E+00
   1977.17   1.2154E+03   2.2966E+03   5.8326E+04  -2.3317E+00  -3.1975E+00   2.1440E+01  -1.9080E-01  -2.6165E-01  -3.5089E+00
   1977.25   1.2170E+03   2.2955E+03   5.8327E+04  -2.3841E+00  -3.2686E+00   2.1921E+01  -1.9509E-01  -2.6747E-01  -3.5875E+00
   1977.33   1.2186E+03   2.2943E+03   5.8327E+04  -2.4350E+00  -3.3377E+00   2.2387E+01  -1.9926E-01  -2.7312E-01  -3.6639E+00
   1977.42   1.2202E+03   2.2931E+03   5.8328E+04  -2.4837E+00  -3.4037E+00   2.2834E+01  -2.0324E-01  -2.7853E-01  -3.7370E+00
   1977.50   1.2218E+03   2.2919E+03   5.8328E+04  -2.5294E+00  -3.4658E+00   2.3253E+01  -2.0698E-01  -2.8361E-01  -3.8056E+00
   1977.58   1.2233E+03   2.2907E+03   5.8329E+04  -2.5716E+00  -3.5229E+00   2.3639E+01  -2.1043E-01  -2.8828E-01  -3.8688E+00
   1977.67   1.2249E+03   2.2894E+03   5.8329E+04  -2.6094E+00  -3.5741E+00   2.3986E+01  -2.1352E-01  -2.9247E-01  -3.9255E+00
   1977.75   1.2263E+03   2.2882E+03   5.8329E+04  -2.6421E+00  -3.6184E+00   2.4285E+01  -2.1620E-01  -2.9610E-01  -3.9746E+00
   1977.83   1.2278E+03   2.2869E+03   5.8330E+04  -2.6691E+00  -3.6548E+00   2.4532E+01  -2.1841E-01  -2.9907E-01  -4.0150E+00
   1977.92   1.2292E+03   2.2855E+03   5.8330E+04  -2.6896E+00  -3.6823E+00   2.4720E+01  -2.2009E-01  -3.0132E-01  -4.0456E+00
   1978.00   1.2306E+03   2.2842E+03   5.8330E+04  -2.7029E+00  -3.7000E+00   2.4841E+01  -2.2118E-01  -3.0277E-01  -4.0655E+00
   1978.08   1.2319E+03   2.2828E+03   5.8330E+04  -2.7085E+00  -3.7071E+00   2.4892E+01  -2.2164E-01  -3.0336E-01  -4.0738E+00
   1978.17   1.2332E+03   2.2814E+03   5.8330E+04  -2.7070E+00  -3.7044E+00   2.4876E+01  -2.2151E-01  -3.0313E-01  -4.0712E+00
   1978.25   1.2345E+03   2.2800E+03   5.8330E+04  -2.6988E+00  -3.6927E+00   2.4800E+01  -2.2085E-01  -3.0217E-01  -4.0588E+00
   1978.33   1.2357E+03   2.2785E+03   5.8330E+04  -2.6849E+00  -3.6729E+00   2.4670E+01  -2.1970E-01  -3.0055E-01  -4.0375E+00
   1978.42   1.2369E+03   2.2771E+03   5.8330E+04  -2.6657E+00  -3.6459E+00   2.4492E+01  -2.1813E-01  -2.9835E-01  -4.0084E+00
   1978.50   1.2381E+03   2.2756E+03   5.8330E+04  -2.6420E+00  -3.6128E+00   2.4273E+01  -2.1619E-01  -2.9563E-01  -3.9725E+00
   1978.58   1.2392E+03   2.2741E+03   5.8329E+04  -2.6144E+00  -3.5743E+00   2.4018E+01  -2.1394E-01  -2.9249E-01  -3.9308E+00
   1978.67   1.2403E+03   2.2726E+03   5.8329E+04  -2.5837E+00  -3.5314E+00   2.3734E+01  -2.1143E-01  -2.8898E-01  -3.8843E+00
   1978.75   1.2413E+03   2.2711E+03   5.8329E+04  -2.5505E+00  -3.4851E+00   2.3427E+01  -2.0871E-01  -2.8519E-01  -3.8341E+00
   1978.83   1.2423E+03   2.2696E+03   5.8328E+04  -2.5155E+00  -3.4363E+00   2.3103E+01  -2.0585E-01  -2.8119E-01  -3.7811E+00
   1978.92   1.2433E+03   2.2681E+03   5.8328E+04  -2.4794E+00  -3.3858E+00   2.2768E+01  -2.0289E-01  -2.7706E-01  -3.7263E+00
   1979.00   1.2443E+03   2.2665E+03   5.8327E+04  -2.4428E+00  -3.3346E+00   2.2429E+01  -1.9989E-01  -2.7287E-01  -3.6708E+00
   1979.08   1.2452E+03   2.2650E+03   5.8327E+04  -2.4064E+00  -3.2836E+00   2.2092E+01  -1.9691E-01  -2.6870E-01  -3.6156E+00
   1979.17   1.2461E+03   2.2634E+03   5.8326E+04  -2.3708E+00  -3.2337E+00   2.1763E+01  -1.9401E-01  -2.6462E-01  -3.5617E+00
   1979.25   1.2470E+03   2.2619E+03   5.8325E+04  -2.3369E+00  -3.1859E+00   2.1447E+01  -1.9123E-01  -2.6070E-01  -3.5101E+00
   1979.33   1.2479E+03   2.2603E+03   5.8325E+04  -2.3052E+00  -3.1411E+00   2.1152E+01  -1.8863E-01  -2.5704E-01  -3.4618E+00
   1979.42   1.2487E+03   2.2588E+03   5.8324E+04  -2.2764E+00  -3.1001E+00   2.0884E+01  -1.8628E-01  -2.5369E-01  -3.4179E+00
   1979.50   1.2495E+03   2.2572E+03   5.8323E+04  -2.2512E+00  -3.0640E+00   2.0648E+01  -1.8421E-01  -2.5073E-01  -3.3793E+00
   1979.58   1.2503E+03   2.2556E+03   5.8322E+04  -2.2302E+00  -3.0336E+00   2.0451E+01  -1.8250E-01  -2.4824E-01  -3.3471E+00
   1979.67   1.2510E+03   2.2541E+03   5.8321E+04  -2.2142E+00  -3.0099E+00   2.0300E+01  -1.8119E-01  -2.4630E-01  -3.3223E+00
   1979.75   1.2518E+03   2.2525E+03   5.8320E+04  -2.2038E+00  -2.9937E+00   2.0199E+01  -1.8034E-01  -2.4498E-01  -3.3058E+00
   1979.83   1.2525E+03   2.2509E+03   5.8319E+04  -2.1998E+00  -2.9860E+00   2.0156E+01  -1.8001E-01  -2.4435E-01  -3.2988E+00
   1979.92   1.2532E+03   2.2494E+03   5.8317E+04  -2.2026E+00  -2.9877E+00   2.0177E+01  -1.8024E-01  -2.4449E-01  -3.3022E+00
   1980.00   1.2539E+03   2.2478E+03   5.8316E+04  -2.2132E+00  -2.9998E+00   2.0268E+01  -1.8110E-01  -2.4547E-01  -3.3170E+00
   1980.08   1.2545E+03   2.2463E+03   5.8315E+04  -2.2318E+00  -3.0228E+00   2.0433E+01  -1.8263E-01  -2.4736E-01  -3.3440E+00
   1980.17   1.2551E+03   2.2448E+03   5.8313E+04  -2.2581E+00  -3.0562E+00   2.0668E+01  -1.8478E-01  -2.5009E-01  -3.3825E+00
   1980.25   1.2558E+03   2.2432E+03   5.8312E+04  -2.2915E+00  -3.0992E+00   2.0968E+01  -1.8752E-01  -2.5361E-01  -3.4316E+00
   1980.33   1.2564E+03   2.2417E+03   5.8310E+04  -2.3314E+00  -3.1510E+00   2.1327E+01  -1.9078E-01  -2.5785E-01  -3.4903E+00
   1980.42   1.2570E+03   2.2402E+03   5.8308E+04  -2.3771E+00  -3.2106E+00   2.1739E+01  -1.9452E-01  -2.6273E-01  -3.5578E+00
   1980.50   1.2575E+03   2.2387E+03   5.8307E+04  -2.4281E+00  -3.2773E+00   2.2199E+01  -1.9869E-01  -2.6819E-01  -3.6332E+00
   1980.58   1.2581E+03   2.2371E+03   5.8305E+04  -2.4836E+00  -3.3503E+00   2.2702E+01  -2.0323E-01  -2.7415E-01  -3.7154E+00
   1980.67   1.2586E+03   2.2356E+03   5.8303E+04  -2.5431E+00  -3.4286E+00   2.3240E+01  -2.0811E-01  -2.8056E-01  -3.8036E+00
   1980.75   1.2591E+03   2.2341E+03   5.8301E+04  -2.6061E+00  -3.5115E+00   2.3810E+01  -2.1325E-01  -2.8735E-01  -3.8968E+00
   1980.83   1.2597E+03   2.2326E+03   5.8299E+04  -2.6717E+00  -3.5981E+00   2.4405E+01  -2.1863E-01  -2.9443E-01  -3.9941E+00
   1980.92   1.2602E+03   2.2311E+03   5.8297E+04  -2.7395E+00  -3.6876E+00   2.5019E+01  -2.2418E-01  -3.0176E-01  -4.0946E+00
   1981.00   1.2606E+03   2.2296E+03   5.8295E+04  -2.8088E+00  -3.7791E+00   2.5647E+01  -2.2985E-01  -3.0925E-01  -4.1973E+00
   1981.08   1.2611E+03   2.2281E+03   5.8293E+04  -2.8790E+00  -3.8718E+00   2.6283E+01  -2.3559E-01  -3.1683E-01  -4.3014E+00
   1981.17   1.2616E+03   2.2266E+03   5.8291E+04  -2.9495E+00  -3.9649E+00   2.6921E+01  -2.4136E-01  -3.2445E-01  -4.4059E+00
   1981.25   1.2620E+03   2.2251E+03   5.8289E+04  -3.0196E+00  -4.0576E+00   2.7556E+01  -2.4710E-01  -3.3203E-01  -4.5099E+00
   1981.33   1.2624E+03   2.2236E+03   5.8286E+04  -3.0888E+00  -4.1489E+00   2.8183E+01  -2.5276E-01  -3.3951E-01  -4.6124E+00
   1981.42   1.2629E+03   2.2220E+03   5.8284E+04  -3.1564E+00  -4.2381E+00   2.8794E+01  -2.5829E-01  -3.4680E-01  -4.7125E+00
   1981.50   1.2633E+03   2.2205E+03   5.8282E+04  -3.2218E+00  -4.3243E+00   2.9386E+01  -2.6364E-01  -3.5386E-01  -4.8094E+00
   1981.58   1.2637E+03   2.2190E+03   5.8279E+04  -3.2844E+00  -4.4067E+00   2.9952E+01  -2.6876E-01  -3.6060E-01  -4.9020E+00
   1981.67   1.2641E+03   2.2175E+03   5.8277E+04  -3.3435E+00  -4.4844E+00   3.0486E+01  -2.7360E-01  -3.6696E-01  -4.9894E+00
   1981.75   1.2645E+03   2.2159E+03   5.8274E+04  -3.3986E+00  -4.5567E+00   3.0983E+01  -2.7811E-01  -3.7287E-01  -5.0707E+00
   1981.83   1.2648E+03   2.2144E+03   5.8272E+04  -3.4490E+00  -4.6226E+00   3.1437E+01  -2.8223E-01  -3.7827E-01  -5.1451E+00
   1981.92   1.2652E+03   2.2129E+03   5.8269E+04  -3.4941E+00  -4.6814E+00   3.1843E+01  -2.8593E-01  -3.8308E-01  -5.2115E+00
   1982.00   1.2656E+03   2.2113E+03   5.8267E+04  -3.5333E+00  -4.7321E+00   3.2195E+01  -2.8913E-01  -3.8723E-01  -5.2690E+00
   1982.08   1.2659E+03   2.2097E+03   5.8264E+04  -3.5662E+00  -4.7743E+00   3.2488E+01  -2.9182E-01  -3.9068E-01  -5.3170E+00
   1982.17   1.2662E+03   2.2082E+03   5.8261E+04  -3.5927E+00  -4.8079E+00   3.2723E+01  -2.9399E-01  -3.9343E-01  -5.3555E+00
   1982.25   1.2666E+03   2.2066E+03   5.8259E+04  -3.6132E+00  -4.8334E+00   3.2903E+01  -2.9567E-01  -3.9552E-01  -5.3850E+00
   1982.33   1.2669E+03   2.2050E+03   5.8256E+04  -3.6280E+00  -4.8511E+00   3.3031E+01  -2.9688E-01  -3.9697E-01  -5.4059E+00
   1982.42   1.2673E+03   2.2034E+03   5.8253E+04  -3.6372E+00  -4.8613E+00   3.3108E+01  -2.9763E-01  -3.9780E-01  -5.4185E+00
   1982.50   1.2676E+03   2.2018E+03   5.8250E+04  -3.6412E+00  -4.8645E+00   3.3137E+01  -2.9796E-01  -3.9806E-01  -5.4232E+00
   1982.58   1.2679E+03   2.2002E+03   5.8248E+04  -3.6401E+00  -4.8609E+00   3.3120E+01  -2.9787E-01  -3.9777E-01  -5.4204E+00
   1982.67   1.2683E+03   2.1986E+03   5.8245E+04  -3.6343E+00  -4.8508E+00   3.3059E+01  -2.9740E-01  -3.9695E-01  -5.4105E+00
   1982.75   1.2686E+03   2.1970E+03   5.8242E+04  -3.6240E+00  -4.8348E+00   3.2958E+01  -2.9655E-01  -3.9563E-01  -5.3939E+00
   1982.83   1.2689E+03   2.1954E+03   5.8239E+04  -3.6094E+00  -4.8130E+00   3.2817E+01  -2.9536E-01  -3.9385E-01  -5.3709E+00
   1982.92   1.2693E+03   2.1938E+03   5.8236E+04  -3.5909E+00  -4.7858E+00   3.2640E+01  -2.9384E-01  -3.9163E-01  -5.3419E+00
   1983.00   1.2696E+03   2.1922E+03   5.8233E+04  -3.5686E+00  -4.7537E+00   3.2429E+01  -2.9202E-01  -3.8899E-01  -5.3073E+00
   1983.08   1.2699E+03   2.1905E+03   5.8230E+04  -3.5428E+00  -4.7168E+00   3.2186E+01  -2.8991E-01  -3.8598E-01  -5.2676E+00
   1983.17   1.2703E+03   2.1889E+03   5.8228E+04  -3.5137E+00  -4.6756E+00   3.1913E+01  -2.8753E-01  -3.8261E-01  -5.2230E+00
   1983.25   1.2706E+03   2.1873E+03   5.8225E+04  -3.4817E+00  -4.6305E+00   3.1614E+01  -2.8491E-01  -3.7891E-01  -5.1739E+00
   1983.33   1.2710E+03   2.1857E+03   5.8222E+04  -3.4469E+00  -4.5817E+00   3.1289E+01  -2.8206E-01  -3.7492E-01  -5.1208E+00
   1983.42   1.2714E+03   2.1841E+03   5.8219E+04  -3.4096E+00  -4.5296E+00   3.0942E+01  -2.7901E-01  -3.7066E-01  -5.0641E+00
   1983.50   1.2718E+03   2.1824E+03   5.8216E+04  -3.3702E+00  -4.4746E+00   3.0575E+01  -2.7578E-01  -3.6616E-01  -5.0040E+00
   1983.58   1.2722E+03   2.1808E+03   5.8213E+04  -3.3287E+00  -4.4170E+00   3.0190E+01  -2.7239E-01  -3.6145E-01  -4.9410E+00
   1983.67   1.2726E+03   2.1792E+03   5.8210E+04  -3.2855E+00  -4.3572E+00   2.9790E+01  -2.6885E-01  -3.5655E-01  -4.8755E+00
   1983.75   1.2730E+03   2.1776E+03   5.8207E+04  -3.2409E+00  -4.2955E+00   2.9376E+01  -2.6520E-01  -3.5150E-01  -4.8078E+00
   1983.83   1.2734E+03   2.1760E+03   5.8204E+04  -3.1950E+00  -4.2322E+00   2.8952E+01  -2.6145E-01  -3.4632E-01  -4.7383E+00
   1983.92   1.2739E+03   2.1744E+03   5.8200E+04  -3.1481E+00  -4.1677E+00   2.8519E+01  -2.5761E-01  -3.4105E-01  -4.6675E+00
   1984.00   1.2744E+03   2.1728E+03   5.8197E+04  -3.1006E+00  -4.1024E+00   2.8080E+01  -2.5372E-01  -3.3570E-01  -4.5957E+00
   1984.08   1.2749E+03   2.1712E+03   5.8194E+04  -3.0525E+00  -4.0365E+00   2.7637E+01  -2.4979E-01  -3.3031E-01  -4.5231E+00
   1984.17   1.2754E+03   2.1696E+03   5.8191E+04  -3.0041E+00  -3.9701E+00   2.7190E+01  -2.4582E-01  -3.2487E-01  -4.4500E+00
   1984.25   1.2759E+03   2.1680E+03   5.8188E+04  -2.9552E+00  -3.9033E+00   2.6740E+01  -2.4182E-01  -3.1941E-01  -4.3763E+00
   1984.33   1.2764E+03   2.1664E+03   5.8185E+04  -2.9058E+00  -3.8360E+00   2.6287E+01  -2.3779E-01  -3.1390E-01  -4.3021E+00
   1984.42   1.2770E+03   2.1649E+03   5.8182E+04  -2.8562E+00  -3.7683E+00   2.5830E+01  -2.3372E-01  -3.0836E-01  -4.2274E+00
   1984.50   1.2776E+03   2.1633E+03   5.8179E+04  -2.8061E+00  -3.7002E+00   2.5370E+01  -2.2962E-01  -3.0279E-01  -4.1521E+00
   1984.58   1.2781E+03   2.1617E+03   5.8176E+04  -2.7557E+00  -3.6318E+00   2.4908E+01  -2.2550E-01  -2.9719E-01  -4.0765E+00
   1984.67   1.2788E+03   2.1601E+03   5.8173E+04  -2.7050E+00  -3.5630E+00   2.4443E+01  -2.2135E-01  -2.9157E-01  -4.0003E+00
   1984.75   1.2794E+03   2.1586E+03   5.8170E+04  -2.6539E+00  -3.4940E+00   2.3975E+01  -2.1717E-01  -2.8591E-01  -3.9238E+00
   1984.83   1.2800E+03   2.1570E+03   5.8167E+04  -2.6026E+00  -3.4246E+00   2.3506E+01  -2.1297E-01  -2.8024E-01  -3.8469E+00
   1984.92   1.2807E+03   2.1554E+03   5.8164E+04  -2.5510E+00  -3.3550E+00   2.3034E+01  -2.0875E-01  -2.7454E-01  -3.7697E+00
   1985.00   1.2814E+03   2.1539E+03   5.8161E+04  -2.4992E+00  -3.2851E+00   2.2560E+01  -2.0451E-01  -2.6882E-01  -3.6922E+00
   1985.08   1.2821E+03   2.1523E+03   5.8157E+04  -2.4471E+00  -3.2150E+00   2.2084E+01  -2.0025E-01  -2.6308E-01  -3.6143E+00
   1985.17   1.2828E+03   2.1507E+03   5.8154E+04  -2.3948E+00  -3.1447E+00   2.1607E+01  -1.9597E-01  -2.5733E-01  -3.5362E+00
   1985.25   1.2835E+03   2.1491E+03   5.8151E+04  -2.3424E+00  -3.0743E+00   2.1128E+01  -1.9168E-01  -2.5157E-01  -3.4579E+00
   1985.33   1.2842E+03   2.1476E+03   5.8148E+04  -2.2897E+00  -3.0037E+00   2.0648E+01  -1.8737E-01  -2.4579E-01  -3.3793E+00
   1985.42   1.2850E+03   2.1460E+03   5.8145E+04  -2.2369E+00  -2.9330E+00   2.0167E+01  -1.8305E-01  -2.4001E-01  -3.3006E+00
   1985.50   1.2858E+03   2.1444E+03   5.8142E+04  -2.1840E+00  -2.8622E+00   1.9686E+01  -1.7872E-01  -2.3421E-01  -3.2217E+00
   1985.58   1.2866E+03   2.1428E+03   5.8139E+04  -2.1309E+00  -2.7913E+00   1.9203E+01  -1.7438E-01  -2.2841E-01  -3.1428E+00
   1985.67   1.2874E+03   2.1412E+03   5.8136E+04  -2.0778E+00  -2.7204E+00   1.8720E+01  -1.7003E-01  -2.2261E-01  -3.0637E+00
   1985.75   1.2882E+03   2.1396E+03   5.8133E+04  -2.0246E+00  -2.6495E+00   1.8236E+01  -1.6567E-01  -2.1681E-01  -2.9845E+00
   1985.83   1.2891E+03   2.1380E+03   5.8130E+04  -1.9713E+00  -2.5785E+00   1.7752E+01  -1.6131E-01  -2.1100E-01  -2.9053E+00
   1985.92   1.2899E+03   2.1364E+03   5.8127E+04  -1.9179E+00  -2.5076E+00   1.7268E+01  -1.5695E-01  -2.0520E-01  -2.8261E+00
   1986.00   1.2908E+03   2.1348E+03   5.8124E+04  -1.8646E+00  -2.4368E+00   1.6784E+01  -1.5258E-01  -1.9940E-01  -2.7469E+00
   1986.08   1.2917E+03   2.1331E+03   5.8121E+04  -1.8113E+00  -2.3661E+00   1.6301E+01  -1.4822E-01  -1.9362E-01  -2.6678E+00
   1986.17   1.2926E+03   2.1315E+03   5.8118E+04  -1.7584E+00  -2.2959E+00   1.5821E+01  -1.4389E-01  -1.8787E-01  -2.5893E+00
   1986.25   1.2936E+03   2.1298E+03   5.8115E+04  -1.7061E+00  -2.2267E+00   1.5348E+01  -1.3961E-01  -1.8221E-01  -2.5118E+00
   1986.33   1.2945E+03   2.1282E+03   5.8112E+04  -1.6550E+00  -2.1590E+00   1.4885E+01  -1.3543E-01  -1.7667E-01  -2.4360E+00
   1986.42   1.2955E+03   2.1265E+03   5.8109E+04  -1.6053E+00  -2.0931E+00   1.4434E+01  -1.3136E-01  -1.7128E-01  -2.3623E+00
   1986.50   1.2964E+03   2.1249E+03   5.8106E+04  -1.5573E+00  -2.0296E+00   1.4000E+01  -1.2744E-01  -1.6608E-01  -2.2913E+00
   1986.58   1.2974E+03   2.1232E+03   5.8103E+04  -1.5115E+00  -1.9689E+00   1.3585E+01  -1.2369E-01  -1.6112E-01  -2.2234E+00
   1986.67   1.2984E+03   2.1215E+03   5.8100E+04  -1.4682E+00  -1.9115E+00   1.3193E+01  -1.2015E-01  -1.5642E-01  -2.1592E+00
   1986.75   1.2995E+03   2.1198E+03   5.8097E+04  -1.4278E+00  -1.8578E+00   1.2826E+01  -1.1684E-01  -1.5202E-01  -2.0992E+00
   1986.83   1.3005E+03   2.1181E+03   5.8094E+04  -1.3906E+00  -1.8082E+00   1.2489E+01  -1.1379E-01  -1.4797E-01  -2.0439E+00
   1986.92   1.3016E+03   2.1164E+03   5.8091E+04  -1.3569E+00  -1.7633E+00   1.2183E+01  -1.1104E-01  -1.4429E-01  -1.9939E+00
   1987.00   1.3026E+03   2.1146E+03   5.8088E+04  -1.3272E+00  -1.7234E+00   1.1913E+01  -1.0860E-01  -1.4103E-01  -1.9497E+00
   1987.08   1.3037E+03   2.1129E+03   5.8086E+04  -1.3018E+00  -1.6891E+00   1.1681E+01  -1.0652E-01  -1.3822E-01  -1.9117E+00
   1987.17   1.3048E+03   2.1112E+03   5.8083E+04  -1.2810E+00  -1.6608E+00   1.1491E+01  -1.0482E-01  -1.3590E-01  -1.8806E+00
   1987.25   1.3059E+03   2.1094E+03   5.8080E+04  -1.2652E+00  -1.6389E+00   1.1345E+01  -1.0353E-01  -1.3411E-01  -1.8567E+00
   1987.33   1.3071E+03   2.1076E+03   5.8077E+04  -1.2548E+00  -1.6239E+00   1.1248E+01  -1.0268E-01  -1.3288E-01  -1.8408E+00
   1987.42   1.3082E+03   2.1058E+03   5.8074E+04  -1.2500E+00  -1.6162E+00   1.1201E+01  -1.0229E-01  -1.3226E-01  -1.8332E+00
   1987.50   1.3094E+03   2.1040E+03   5.8071E+04  -1.2514E+00  -1.6164E+00   1.1209E+01  -1.0240E-01  -1.3227E-01  -1.8345E+00
   1987.58   1.3105E+03   2.1022E+03   5.8069E+04  -1.2592E+00  -1.6248E+00   1.1275E+01  -1.0304E-01  -1.3296E-01  -1.8452E+00
   1987.67   1.3117E+03   2.1004E+03   5.8066E+04  -1.2738E+00  -1.6420E+00   1.1401E+01  -1.0424E-01  -1.3436E-01  -1.8659E+00
   1987.75   1.3129E+03   2.0986E+03   5.8063E+04  -1.2955E+00  -1.6683E+00   1.1591E+01  -1.0602E-01  -1.3652E-01  -1.8970E+00
   1987.83   1.3141E+03   2.0967E+03   5.8060E+04  -1.3248E+00  -1.7042E+00   1.1848E+01  -1.0841E-01  -1.3946E-01  -1.9391E+00
   1987.92   1.3154E+03   2.0949E+03   5.8058E+04  -1.3619E+00  -1.7502E+00   1.2176E+01  -1.1144E-01  -1.4322E-01  -1.9927E+00
   1988.00   1.3166E+03   2.0930E+03   5.8055E+04  -1.4072E+00  -1.8068E+00   1.2577E+01  -1.1515E-01  -1.4785E-01  -2.0583E+00
   1988.08   1.3178E+03   2.0911E+03   5.8052E+04  -1.4610E+00  -1.8741E+00   1.3053E+01  -1.1955E-01  -1.5336E-01  -2.1362E+00
   1988.17   1.3191E+03   2.0892E+03   5.8050E+04  -1.5225E+00  -1.9515E+00   1.3599E+01  -1.2459E-01  -1.5969E-01  -2.2256E+00
   1988.25   1.3204E+03   2.0873E+03   5.8047E+04  -1.5912E+00  -2.0380E+00   1.4209E+01  -1.3021E-01  -1.6677E-01  -2.3254E+00
   1988.33   1.3217E+03   2.0853E+03   5.8044E+04  -1.6664E+00  -2.1327E+00   1.4876E+01  -1.3636E-01  -1.7452E-01  -2.4346E+00
   1988.42   1.3230E+03   2.0834E+03   5.8042E+04  -1.7472E+00  -2.2347E+00   1.5593E+01  -1.4297E-01  -1.8286E-01  -2.5520E+00
   1988.50   1.3243E+03   2.0814E+03   5.8039E+04  -1.8329E+00  -2.3430E+00   1.6356E+01  -1.4999E-01  -1.9173E-01  -2.6768E+00
   1988.58   1.3256E+03   2.0795E+03   5.8037E+04  -1.9229E+00  -2.4568E+00   1.7156E+01  -1.5735E-01  -2.0104E-01  -2.8077E+00
   1988.67   1.3270E+03   2.0775E+03   5.8034E+04  -2.0164E+00  -2.5751E+00   1.7987E+01  -1.6501E-01  -2.1072E-01  -2.9437E+00
   1988.75   1.3283E+03   2.0755E+03   5.8032E+04  -2.1127E+00  -2.6969E+00   1.8843E+01  -1.7289E-01  -2.2069E-01  -3.0839E+00
   1988.83   1.3297E+03   2.0735E+03   5.8029E+04  -2.2111E+00  -2.8214E+00   1.9718E+01  -1.8094E-01  -2.3088E-01  -3.2271E+00
   1988.92   1.3311E+03   2.0715E+03   5.8027E+04  -2.3108E+00  -2.9477E+00   2.0605E+01  -1.8910E-01  -2.4121E-01  -3.3722E+00
   1989.00   1.3325E+03   2.0694E+03   5.8024E+04  -2.4112E+00  -3.0747E+00   2.1497E+01  -1.9731E-01  -2.5160E-01  -3.5182E+00
   1989.08   1.3339E+03   2.0674E+03   5.8022E+04  -2.5114E+00  -3.2016E+00   2.2388E+01  -2.0551E-01  -2.6199E-01  -3.6641E+00
   1989.17   1.3353E+03   2.0653E+03   5.8019E+04  -2.6108E+00  -3.3274E+00   2.3272E+01  -2.1364E-01  -2.7229E-01  -3.8088E+00
   1989.25   1.3368E+03   2.0633E+03   5.8017E+04  -2.7087E+00  -3.4513E+00   2.4143E+01  -2.2165E-01  -2.8242E-01  -3.9512E+00
   1989.33   1.3382E+03   2.0612E+03   5.8014E+04  -2.8042E+00  -3.5723E+00   2.4993E+01  -2.2947E-01  -2.9232E-01  -4.0903E+00
   1989.42   1.3397E+03   2.0591E+03   5.8012E+04  -2.8968E+00  -3.6894E+00   2.5816E+01  -2.3705E-01  -3.0190E-01  -4.2250E+00
   1989.50   1.3411E+03   2.0570E+03   5.8009E+04  -2.9857E+00  -3.8017E+00   2.6606E+01  -2.4432E-01  -3.1110E-01  -4.3543E+00
   1989.58   1.3426E+03   2.0549E+03   5.8007E+04  -3.0701E+00  -3.9084E+00   2.7356E+01  -2.5123E-01  -3.1982E-01  -4.4771E+00
   1989.67   1.3441E+03   2.0528E+03   5.8005E+04  -3.1493E+00  -4.0084E+00   2.8060E+01  -2.5771E-01  -3.2801E-01  -4.5923E+00
   1989.75   1.3456E+03   2.0507E+03   5.8002E+04  -3.2227E+00  -4.1009E+00   2.8712E+01  -2.6371E-01  -3.3558E-01  -4.6990E+00
   1989.83   1.3472E+03   2.0486E+03   5.8000E+04  -3.2894E+00  -4.1849E+00   2.9304E+01  -2.6918E-01  -3.4246E-01  -4.7959E+00
   1989.92   1.3487E+03   2.0464E+03   5.7998E+04  -3.3488E+00  -4.2596E+00   2.9831E+01  -2.7404E-01  -3.4856E-01  -4.8822E+00
   1990.00   1.3503E+03   2.0443E+03   5.7995E+04  -3.4002E+00  -4.3239E+00   3.0286E+01  -2.7824E-01  -3.5383E-01  -4.9566E+00
   1990.08   1.3518E+03   2.0421E+03   5.7993E+04  -3.4429E+00  -4.3772E+00   3.0664E+01  -2.8174E-01  -3.5819E-01  -5.0185E+00
   1990.17   1.3534E+03   2.0399E+03   5.7991E+04  -3.4774E+00  -4.4199E+00   3.0968E+01  -2.8455E-01  -3.6168E-01  -5.0683E+00
   1990.25   1.3550E+03   2.0378E+03   5.7988E+04  -3.5039E+00  -4.4525E+00   3.1202E+01  -2.8673E-01  -3.6435E-01  -5.1066E+00
   1990.33   1.3566E+03   2.0356E+03   5.7986E+04  -3.5231E+00  -4.4756E+00   3.1370E+01  -2.8830E-01  -3.6624E-01  -5.1340E+00
   1990.42   1.3582E+03   2.0334E+03   5.7984E+04  -3.5354E+00  -4.4899E+00   3.1476E+01  -2.8930E-01  -3.6741E-01  -5.1514E+00
   1990.50   1.3599E+03   2.0312E+03   5.7981E+04  -3.5412E+00  -4.4959E+00   3.1524E+01  -2.8978E-01  -3.6790E-01  -5.1593E+00
   1990.58   1.3615E+03   2.0289E+03   5.7979E+04  -3.5410E+00  -4.4941E+00   3.1519E+01  -2.8976E-01  -3.6776E-01  -5.1584E+00
   1990.67   1.3632E+03   2.0267E+03   5.7977E+04  -3.5352E+00  -4.4853E+00   3.1464E+01  -2.8929E-01  -3.6704E-01  -5.1494E+00
   1990.75   1.3648E+03   2.0245E+03   5.7975E+04  -3.5244E+00  -4.4700E+00   3.1364E+01  -2.8841E-01  -3.6578E-01  -5.1331E+00
   1990.83   1.3665E+03   2.0222E+03   5.7972E+04  -3.5090E+00  -4.4488E+00   3.1223E+01  -2.8715E-01  -3.6405E-01  -5.1100E+00
   1990.92   1.3682E+03   2.0199E+03   5.7970E+04  -3.4895E+00  -4.4223E+00   3.1045E+01  -2.8555E-01  -3.6188E-01  -5.0808E+00
   1991.00   1.3699E+03   2.0176E+03   5.7968E+04  -3.4663E+00  -4.3911E+00   3.0834E+01  -2.8365E-01  -3.5932E-01  -5.0462E+00
   1991.08   1.3716E+03   2.0153E+03   5.7966E+04  -3.4398E+00  -4.3557E+00   3.0594E+01  -2.8148E-01  -3.5643E-01  -5.0070E+00
   1991.17   1.3734E+03   2.0130E+03   5.7964E+04  -3.4107E+00  -4.3168E+00   3.0329E+01  -2.7909E-01  -3.5324E-01  -4.9637E+00
   1991.25   1.3751E+03   2.0107E+03   5.7961E+04  -3.3792E+00  -4.2749E+00   3.0045E+01  -2.7652E-01  -3.4982E-01  -4.9171E+00
   1991.33   1.3769E+03   2.0083E+03   5.7959E+04  -3.3459E+00  -4.2307E+00   2.9743E+01  -2.7380E-01  -3.4620E-01  -4.8678E+00
   1991.42   1.3787E+03   2.0060E+03   5.7957E+04  -3.3113E+00  -4.1848E+00   2.9430E+01  -2.7096E-01  -3.4244E-01  -4.8166E+00
   1991.50   1.3805E+03   2.0036E+03   5.7955E+04  -3.2758E+00  -4.1377E+00   2.9109E+01  -2.6806E-01  -3.3859E-01  -4.7640E+00
   1991.58   1.3823E+03   2.0012E+03   5.7953E+04  -3.2398E+00  -4.0900E+00   2.8784E+01  -2.6512E-01  -3.3469E-01  -4.7108E+00
   1991.67   1.3841E+03   1.9988E+03   5.7951E+04  -3.2039E+00  -4.0424E+00   2.8459E+01  -2.6218E-01  -3.3079E-01  -4.6576E+00
   1991.75   1.3859E+03   1.9963E+03   5.7948E+04  -3.1686E+00  -3.9954E+00   2.8139E+01  -2.5928E-01  -3.2694E-01  -4.6052E+00
   1991.83   1.3878E+03   1.9939E+03   5.7946E+04  -3.1341E+00  -3.9496E+00   2.7827E+01  -2.5647E-01  -3.2319E-01  -4.5542E+00
   1991.92   1.3896E+03   1.9914E+03   5.7944E+04  -3.1012E+00  -3.9056E+00   2.7528E+01  -2.5377E-01  -3.1959E-01  -4.5052E+00
   1992.00   1.3915E+03   1.9889E+03   5.7942E+04  -3.0701E+00  -3.8640E+00   2.7246E+01  -2.5123E-01  -3.1619E-01  -4.4590E+00
   1992.08   1.3934E+03   1.9863E+03   5.7940E+04  -3.0413E+00  -3.8252E+00   2.6983E+01  -2.4887E-01  -3.1302E-01  -4.4161E+00
   1992.17   1.3953E+03   1.9838E+03   5.7938E+04  -3.0146E+00  -3.7892E+00   2.6740E+01  -2.4668E-01  -3.1007E-01  -4.3763E+00
   1992.25   1.3972E+03   1.9812E+03   5.7936E+04  -2.9898E+00  -3.7556E+00   2.6514E+01  -2.4465E-01  -3.0732E-01  -4.3392E+00
   1992.33   1.3991E+03   1.9786E+03   5.7934E+04  -2.9666E+00  -3.7241E+00   2.6302E+01  -2.4276E-01  -3.0474E-01  -4.3046E+00
   1992.42   1.4011E+03   1.9760E+03   5.7932E+04  -2.9449E+00  -3.6945E+00   2.6103E+01  -2.4099E-01  -3.0232E-01  -4.2721E+00
   1992.50   1.4031E+03   1.9734E+03   5.7930E+04  -2.9245E+00  -3.6664E+00   2.5915E+01  -2.3931E-01  -3.0002E-01  -4.2413E+00
   1992.58   1.4051E+03   1.9708E+03   5.7928E+04  -2.9049E+00  -3.6396E+00   2.5736E+01  -2.3771E-01  -2.9783E-01  -4.2120E+00
   1992.67   1.4071E+03   1.9681E+03   5.7926E+04  -2.8862E+00  -3.6137E+00   2.5563E+01  -2.3618E-01  -2.9571E-01  -4.1837E+00
   1992.75   1.4091E+03   1.9655E+03   5.7924E+04  -2.8679E+00  -3.5886E+00   2.5395E+01  -2.3468E-01  -2.9365E-01  -4.1562E+00
   1992.83   1.4112E+03   1.9628E+03   5.7922E+04  -2.8499E+00  -3.5638E+00   2.5230E+01  -2.3321E-01  -2.9163E-01  -4.1292E+00
   1992.92   1.4133E+03   1.9601E+03   5.7920E+04  -2.8319E+00  -3.5392E+00   2.5065E+01  -2.3174E-01  -2.8962E-01  -4.1022E+00
   1993.00   1.4155E+03   1.9574E+03   5.7918E+04  -2.8138E+00  -3.5144E+00   2.4899E+01  -2.3025E-01  -2.8759E-01  -4.0749E+00
   1993.08   1.4177E+03   1.9547E+03   5.7916E+04  -2.7952E+00  -3.4892E+00   2.4729E+01  -2.2873E-01  -2.8552E-01  -4.0471E+00
   1993.17   1.4199E+03   1.9520E+03   5.7914E+04  -2.7760E+00  -3.4632E+00   2.4553E+01  -2.2716E-01  -2.8339E-01  -4.0184E+00
   1993.25   1.4221E+03   1.9493E+03   5.7912E+04  -2.7559E+00  -3.4361E+00   2.4370E+01  -2.2551E-01  -2.8118E-01  -3.9884E+00
   1993.33   1.4244E+03   1.9466E+03   5.7910E+04  -2.7346E+00  -3.4077E+00   2.4177E+01  -2.2378E-01  -2.7886E-01  -3.9568E+00
   1993.42   1.4267E+03   1.9438E+03   5.7908E+04  -2.7121E+00  -3.3778E+00   2.3972E+01  -2.2193E-01  -2.7640E-01  -3.9232E+00
   1993.50   1.4291E+03   1.9411E+03   5.7906E+04  -2.6879E+00  -3.3459E+00   2.3753E+01  -2.1995E-01  -2.7380E-01  -3.8875E+00
   1993.58   1.4315E+03   1.9384E+03   5.7905E+04  -2.6619E+00  -3.3118E+00   2.3519E+01  -2.1782E-01  -2.7101E-01  -3.8491E+00
   1993.67   1.4340E+03   1.9356E+03   5.7903E+04  -2.6339E+00  -3.2753E+00   2.3266E+01  -2.1553E-01  -2.6802E-01  -3.8078E+00
   1993.75   1.4365E+03   1.9329E+03   5.7901E+04  -2.6035E+00  -3.2360E+00   2.2994E+01  -2.1305E-01  -2.6480E-01  -3.7632E+00
   1993.83   1.4390E+03   1.9301E+03   5.7899E+04  -2.5707E+00  -3.1936E+00   2.2699E+01  -2.1036E-01  -2.6134E-01  -3.7150E+00
   1993.92   1.4416E+03   1.9274E+03   5.7898E+04  -2.5351E+00  -3.1479E+00   2.2381E+01  -2.0745E-01  -2.5760E-01  -3.6629E+00
   1994.00   1.4443E+03   1.9247E+03   5.7896E+04  -2.4966E+00  -3.0986E+00   2.2036E+01  -2.0430E-01  -2.5356E-01  -3.6065E+00
   1994.08   1.4470E+03   1.9219E+03   5.7894E+04  -2.4549E+00  -3.0455E+00   2.1664E+01  -2.0089E-01  -2.4921E-01  -3.5456E+00
   1994.17   1.4498E+03   1.9192E+03   5.7893E+04  -2.4103E+00  -2.9888E+00   2.1266E+01  -1.9723E-01  -2.4457E-01  -3.4805E+00
   1994.25   1.4526E+03   1.9165E+03   5.7891E+04  -2.3630E+00  -2.9289E+00   2.0846E+01  -1.9337E-01  -2.3967E-01  -3.4116E+00
   1994.33   1.4555E+03   1.9138E+03   5.7890E+04  -2.3134E+00  -2.8661E+00   2.0404E+01  -1.8931E-01  -2.3453E-01  -3.3393E+00
   1994.42   1.4584E+03   1.9110E+03   5.7888E+04  -2.2617E+00  -2.8007E+00   1.9944E+01  -1.8508E-01  -2.2919E-01  -3.2641E+00
   1994.50   1.4613E+03   1.9083E+03   5.7887E+04  -2.2082E+00  -2.7332E+00   1.9468E+01  -1.8070E-01  -2.2366E-01  -3.1862E+00
   1994.58   1.4643E+03   1.9055E+03   5.7885E+04  -2.1532E+00  -2.6639E+00   1.8979E+01  -1.7620E-01  -2.1799E-01  -3.1062E+00
   1994.67   1.4674E+03   1.9028E+03   5.7884E+04  -2.0970E+00  -2.5931E+00   1.8480E+01  -1.7159E-01  -2.1219E-01  -3.0244E+00
   1994.75   1.4705E+03   1.9000E+03   5.7882E+04  -2.0398E+00  -2.5211E+00   1.7972E+01  -1.6691E-01  -2.0630E-01  -2.9413E+00
   1994.83   1.4736E+03   1.8973E+03   5.7881E+04  -1.9819E+00  -2.4483E+00   1.7458E+01  -1.6218E-01  -2.0035E-01  -2.8572E+00
   1994.92   1.4768E+03   1.8945E+03   5.7879E+04  -1.9236E+00  -2.3751E+00   1.6941E+01  -1.5741E-01  -1.9436E-01  -2.7726E+00
   1995.00   1.4800E+03   1.8917E+03   5.7878E+04  -1.8653E+00  -2.3018E+00   1.6423E+01  -1.5264E-01  -1.8836E-01  -2.6878E+00
   1995.08   1.4833E+03   1.8889E+03   5.7877E+04  -1.8071E+00  -2.2287E+00   1.5906E+01  -1.4788E-01  -1.8238E-01  -2.6033E+00
   1995.17   1.4866E+03   1.8861E+03   5.7875E+04  -1.7494E+00  -2.1562E+00   1.5394E+01  -1.4315E-01  -1.7644E-01  -2.5194E+00
   1995.25   1.4899E+03   1.8833E+03   5.7874E+04  -1.6924E+00  -2.0847E+00   1.4889E+01  -1.3849E-01  -1.7059E-01  -2.4367E+00
   1995.33   1.4933E+03   1.8804E+03   5.7873E+04  -1.6364E+00  -2.0144E+00   1.4392E+01  -1.3391E-01  -1.6484E-01  -2.3554E+00
   1995.42   1.4967E+03   1.8775E+03   5.7872E+04  -1.5818E+00  -1.9458E+00   1.3907E+01  -1.2944E-01  -1.5922E-01  -2.2760E+00
   1995.50   1.5002E+03   1.8746E+03   5.7870E+04  -1.5288E+00  -1.8791E+00   1.3436E+01  -1.2510E-01  -1.5377E-01  -2.1989E+00
   1995.58   1.5036E+03   1.8717E+03   5.7869E+04  -1.4776E+00  -1.8148E+00   1.2981E+01  -1.2091E-01  -1.4851E-01  -2.1245E+00
   1995.67   1.5072E+03   1.8688E+03   5.7868E+04  -1.4286E+00  -1.7531E+00   1.2546E+01  -1.1690E-01  -1.4346E-01  -2.0533E+00
   1995.75   1.5107E+03   1.8658E+03   5.7867E+04  -1.3820E+00  -1.6945E+00   1.2132E+01  -1.1309E-01  -1.3866E-01  -1.9855E+00
   1995.83   1.5143E+03   1.8628E+03   5.7866E+04  -1.3381E+00  -1.6392E+00   1.1742E+01  -1.0950E-01  -1.3414E-01  -1.9217E+00
   1995.92   1.5179E+03   1.8598E+03   5.7865E+04  -1.2972E+00  -1.5877E+00   1.1378E+01  -1.0615E-01  -1.2992E-01  -1.8622E+00
   1996.00   1.5215E+03   1.8567E+03   5.7864E+04  -1.2597E+00  -1.5402E+00   1.1044E+01  -1.0308E-01  -1.2603E-01  -1.8074E+00
   1996.08   1.5251E+03   1.8536E+03   5.7863E+04  -1.2256E+00  -1.4970E+00   1.0740E+01  -1.0029E-01  -1.2250E-01  -1.7577E+00
   1996.17   1.5288E+03   1.8505E+03   5.7862E+04  -1.1952E+00  -1.4583E+00   1.0468E+01  -9.7801E-02  -1.1933E-01  -1.7132E+00
   1996.25   1.5325E+03   1.8474E+03   5.7861E+04  -1.1683E+00  -1.4240E+00   1.0228E+01  -9.5604E-02  -1.1652E-01  -1.6738E+00
   1996.33   1.5362E+03   1.8442E+03   5.7860E+04  -1.1451E+00  -1.3941E+00   1.0019E+01  -9.3705E-02  -1.1408E-01  -1.6397E+00
   1996.42   1.5400E+03   1.8410E+03   5.7859E+04  -1.1256E+00  -1.3688E+00   9.8429E+00  -9.2106E-02  -1.1201E-01  -1.6109E+00
   1996.50   1.5437E+03   1.8377E+03   5.7858E+04  -1.1097E+00  -1.3479E+00   9.6990E+00  -9.0808E-02  -1.1030E-01  -1.5873E+00
   1996.58   1.5475E+03   1.8344E+03   5.7857E+04  -1.0976E+00  -1.3316E+00   9.5875E+00  -8.9814E-02  -1.0897E-01  -1.5691E+00
   1996.67   1.5513E+03   1.8311E+03   5.7856E+04  -1.0891E+00  -1.3198E+00   9.5087E+00  -8.9125E-02  -1.0800E-01  -1.5562E+00
   1996.75   1.5552E+03   1.8278E+03   5.7855E+04  -1.0845E+00  -1.3126E+00   9.4626E+00  -8.8743E-02  -1.0741E-01  -1.5487E+00
   1996.83   1.5590E+03   1.8245E+03   5.7855E+04  -1.0836E+00  -1.3099E+00   9.4496E+00  -8.8671E-02  -1.0719E-01  -1.5465E+00
   1996.92   1.5629E+03   1.8211E+03   5.7854E+04  -1.0865E+00  -1.3118E+00   9.4697E+00  -8.8910E-02  -1.0735E-01  -1.5498E+00
   1997.00   1.5668E+03   1.8177E+03   5.7853E+04  -1.0933E+00  -1.3184E+00   9.5231E+00  -8.9462E-02  -1.0788E-01  -1.5586E+00
   1997.08   1.5707E+03   1.8142E+03   5.7852E+04  -1.1039E+00  -1.3296E+00   9.6101E+00  -9.0329E-02  -1.0880E-01  -1.5728E+00
   1997.17   1.5746E+03   1.8108E+03   5.7852E+04  -1.1183E+00  -1.3454E+00   9.7308E+00  -9.1513E-02  -1.1009E-01  -1.5925E+00
   1997.25   1.5786E+03   1.8073E+03   5.7851E+04  -1.1367E+00  -1.3659E+00   9.8853E+00  -9.3016E-02  -1.1177E-01  -1.6178E+00
   1997.33   1.5825E+03   1.8038E+03   5.7851E+04  -1.1590E+00  -1.3911E+00   1.0074E+01  -9.4840E-02  -1.1383E-01  -1.6487E+00
   1997.42   1.5865E+03   1.8002E+03   5.7850E+04  -1.1852E+00  -1.4209E+00   1.0297E+01  -9.6987E-02  -1.1628E-01  -1.6851E+00
   1997.50   1.5905E+03   1.7967E+03   5.7850E+04  -1.2154E+00  -1.4556E+00   1.0554E+01  -9.9458E-02  -1.1911E-01  -1.7272E+00
   1997.58   1.5945E+03   1.7931E+03   5.7849E+04  -1.2496E+00  -1.4949E+00   1.0845E+01  -1.0226E-01  -1.2233E-01  -1.7750E+00
   1997.67   1.5985E+03   1.7895E+03   5.7849E+04  -1.2878E+00  -1.5390E+00   1.1172E+01  -1.0538E-01  -1.2594E-01  -1.8284E+00
   1997.75   1.6026E+03   1.7858E+03   5.7849E+04  -1.3301E+00  -1.5880E+00   1.1533E+01  -1.0884E-01  -1.2994E-01  -1.8875E+00
   1997.83   1.6066E+03   1.7822E+03   5.7848E+04  -1.3764E+00  -1.6417E+00   1.1930E+01  -1.1263E-01  -1.3434E-01  -1.9524E+00
   1997.92   1.6107E+03   1.7785E+03   5.7848E+04  -1.4267E+00  -1.7002E+00   1.2361E+01  -1.1675E-01  -1.3913E-01  -2.0231E+00
   1998.00   1.6148E+03   1.7748E+03   5.7848E+04  -1.4812E+00  -1.7636E+00   1.2829E+01  -1.2121E-01  -1.4431E-01  -2.0995E+00
   1998.08   1.6189E+03   1.7711E+03   5.7848E+04  -1.5398E+00  -1.8317E+00   1.3331E+01  -1.2600E-01  -1.4989E-01  -2.1817E+00
   1998.17   1.6230E+03   1.7673E+03   5.7848E+04  -1.6020E+00  -1.9041E+00   1.3864E+01  -1.3109E-01  -1.5581E-01  -2.2690E+00
   1998.25   1.6271E+03   1.7636E+03   5.7848E+04  -1.6673E+00  -1.9802E+00   1.4425E+01  -1.3644E-01  -1.6204E-01  -2.3607E+00
   1998.33   1.6312E+03   1.7598E+03   5.7848E+04  -1.7353E+00  -2.0595E+00   1.5008E+01  -1.4200E-01  -1.6853E-01  -2.4563E+00
   1998.42   1.6353E+03   1.7560E+03   5.7848E+04  -1.8055E+00  -2.1413E+00   1.5611E+01  -1.4775E-01  -1.7522E-01  -2.5549E+00
   1998.50   1.6395E+03   1.7522E+03   5.7848E+04  -1.8774E+00  -2.2251E+00   1.6228E+01  -1.5363E-01  -1.8208E-01  -2.6558E+00
   1998.58   1.6437E+03   1.7483E+03   5.7848E+04  -1.9505E+00  -2.3103E+00   1.6855E+01  -1.5961E-01  -1.8905E-01  -2.7585E+00
   1998.67   1.6478E+03   1.7445E+03   5.7848E+04  -2.0243E+00  -2.3963E+00   1.7488E+01  -1.6565E-01  -1.9609E-01  -2.8622E+00
   1998.75   1.6520E+03   1.7406E+03   5.7848E+04  -2.0983E+00  -2.4826E+00   1.8124E+01  -1.7171E-01  -2.0315E-01  -2.9662E+00
   1998.83   1.6563E+03   1.7367E+03   5.7849E+04  -2.1721E+00  -2.5686E+00   1.8757E+01  -1.7774E-01  -2.1019E-01  -3.0698E+00
   1998.92   1.6605E+03   1.7328E+03   5.7849E+04  -2.2451E+00  -2.6537E+00   1.9384E+01  -1.8372E-01  -2.1715E-01  -3.1723E+00
   1999.00   1.6647E+03   1.7289E+03   5.7849E+04  -2.3169E+00  -2.7373E+00   2.0000E+01  -1.8959E-01  -2.2399E-01  -3.2732E+00
   1999.08   1.6690E+03   1.7250E+03   5.7850E+04  -2.3870E+00  -2.8189E+00   2.0601E+01  -1.9533E-01  -2.3067E-01  -3.3715E+00
   1999.17   1.6733E+03   1.7210E+03   5.7850E+04  -2.4548E+00  -2.8978E+00   2.1183E+01  -2.0088E-01  -2.3713E-01  -3.4668E+00
   1999.25   1.6776E+03   1.7171E+03   5.7850E+04  -2.5200E+00  -2.9736E+00   2.1741E+01  -2.0621E-01  -2.4333E-01  -3.5582E+00
   1999.33   1.6819E+03   1.7131E+03   5.7851E+04  -2.5819E+00  -3.0456E+00   2.2273E+01  -2.1128E-01  -2.4922E-01  -3.6452E+00
   1999.42   1.6863E+03   1.7091E+03   5.7851E+04  -2.6402E+00  -3.1132E+00   2.2772E+01  -2.1605E-01  -2.5476E-01  -3.7269E+00
   1999.50   1.6907E+03   1.7051E+03   5.7852E+04  -2.6943E+00  -3.1760E+00   2.3236E+01  -2.2048E-01  -2.5989E-01  -3.8028E+00
   1999.58   1.6951E+03   1.7011E+03   5.7852E+04  -2.7438E+00  -3.2332E+00   2.3659E+01  -2.2453E-01  -2.6458E-01  -3.8721E+00
   1999.67   1.6995E+03   1.6971E+03   5.7852E+04  -2.7881E+00  -3.2844E+00   2.4038E+01  -2.2816E-01  -2.6876E-01  -3.9341E+00
   1999.75   1.7039E+03   1.6930E+03   5.7853E+04  -2.8268E+00  -3.3289E+00   2.4369E+01  -2.3132E-01  -2.7241E-01  -3.9882E+00
   1999.83   1.7084E+03   1.6890E+03   5.7853E+04  -2.8594E+00  -3.3662E+00   2.4646E+01  -2.3399E-01  -2.7546E-01  -4.0336E+00
   1999.92   1.7129E+03   1.6849E+03   5.7854E+04  -2.8854E+00  -3.3958E+00   2.4867E+01  -2.3612E-01  -2.7788E-01  -4.0698E+00
   2000.00   1.7174E+03   1.6809E+03   5.7854E+04  -2.9043E+00  -3.4169E+00   2.5027E+01  -2.3766E-01  -2.7961E-01  -4.0959E+00
   2000.08   1.7219E+03   1.6768E+03   5.7855E+04  -2.9158E+00  -3.4293E+00   2.5122E+01  -2.3860E-01  -2.8062E-01  -4.1116E+00
   2000.17   1.7265E+03   1.6727E+03   5.7855E+04  -2.9203E+00  -3.4335E+00   2.5158E+01  -2.3897E-01  -2.8097E-01  -4.1174E+00
   2000.25   1.7310E+03   1.6686E+03   5.7856E+04  -2.9185E+00  -3.4302E+00   2.5139E+01  -2.3883E-01  -2.8070E-01  -4.1143E+00
   2000.33   1.7356E+03   1.6645E+03   5.7856E+04  -2.9110E+00  -3.4202E+00   2.5071E+01  -2.3821E-01  -2.7987E-01  -4.1031E+00
   2000.42   1.7403E+03   1.6604E+03   5.7857E+04  -2.8984E+00  -3.4040E+00   2.4958E+01  -2.3717E-01  -2.7855E-01  -4.0846E+00
   2000.50   1.7449E+03   1.6563E+03   5.7857E+04  -2.8812E+00  -3.3826E+00   2.4806E+01  -2.3577E-01  -2.7680E-01  -4.0598E+00
   2000.58   1.7496E+03   1.6522E+03   5.7858E+04  -2.8602E+00  -3.3565E+00   2.4621E+01  -2.3405E-01  -2.7466E-01  -4.0295E+00
   2000.67   1.7543E+03   1.6481E+03   5.7858E+04  -2.8359E+00  -3.3265E+00   2.4408E+01  -2.3207E-01  -2.7221E-01  -3.9946E+00
   2000.75   1.7590E+03   1.6439E+03   5.7858E+04  -2.8090E+00  -3.2934E+00   2.4172E+01  -2.2987E-01  -2.6950E-01  -3.9559E+00
   2000.83   1.7637E+03   1.6398E+03   5.7859E+04  -2.7801E+00  -3.2578E+00   2.3918E+01  -2.2750E-01  -2.6659E-01  -3.9144E+00
   2000.92   1.7684E+03   1.6357E+03   5.7859E+04  -2.7498E+00  -3.2205E+00   2.3651E+01  -2.2502E-01  -2.6354E-01  -3.8708E+00
   2001.00   1.7732E+03   1.6315E+03   5.7860E+04  -2.7187E+00  -3.1822E+00   2.3378E+01  -2.2247E-01  -2.6040E-01  -3.8261E+00
   2001.08   1.7779E+03   1.6274E+03   5.7860E+04  -2.6874E+00  -3.1436E+00   2.3103E+01  -2.1991E-01  -2.5724E-01  -3.7811E+00
   2001.17   1.7827E+03   1.6232E+03   5.7861E+04  -2.6566E+00  -3.1055E+00   2.2832E+01  -2.1739E-01  -2.5412E-01  -3.7367E+00
   2001.25   1.7875E+03   1.6190E+03   5.7862E+04  -2.6268E+00  -3.0685E+00   2.2569E+01  -2.1495E-01  -2.5109E-01  -3.6937E+00
   2001.33   1.7923E+03   1.6148E+03   5.7862E+04  -2.5987E+00  -3.0334E+00   2.2321E+01  -2.1266E-01  -2.4822E-01  -3.6531E+00
   2001.42   1.7971E+03   1.6107E+03   5.7863E+04  -2.5730E+00  -3.0009E+00   2.2092E+01  -2.1055E-01  -2.4556E-01  -3.6156E+00
   2001.50   1.8020E+03   1.6065E+03   5.7863E+04  -2.5501E+00  -2.9717E+00   2.1888E+01  -2.0868E-01  -2.4317E-01  -3.5823E+00
   2001.58   1.8068E+03   1.6023E+03   5.7864E+04  -2.5308E+00  -2.9466E+00   2.1715E+01  -2.0710E-01  -2.4112E-01  -3.5538E+00
   2001.67   1.8117E+03   1.5981E+03   5.7864E+04  -2.5157E+00  -2.9262E+00   2.1576E+01  -2.0586E-01  -2.3945E-01  -3.5312E+00
   2001.75   1.8165E+03   1.5939E+03   5.7865E+04  -2.5053E+00  -2.9114E+00   2.1479E+01  -2.0501E-01  -2.3824E-01  -3.5152E+00
   2001.83   1.8214E+03   1.5897E+03   5.7865E+04  -2.5003E+00  -2.9027E+00   2.1427E+01  -2.0460E-01  -2.3753E-01  -3.5068E+00
   2001.92   1.8262E+03   1.5855E+03   5.7866E+04  -2.5013E+00  -2.9010E+00   2.1427E+01  -2.0469E-01  -2.3739E-01  -3.5068E+00
   2002.00   1.8311E+03   1.5813E+03   5.7867E+04  -2.5090E+00  -2.9070E+00   2.1483E+01  -2.0531E-01  -2.3788E-01  -3.5160E+00
   2002.08   1.8360E+03   1.5771E+03   5.7867E+04  -2.5237E+00  -2.9211E+00   2.1600E+01  -2.0651E-01  -2.3903E-01  -3.5351E+00
   2002.17   1.8409E+03   1.5729E+03   5.7868E+04  -2.5450E+00  -2.9428E+00   2.1773E+01  -2.0826E-01  -2.4081E-01  -3.5634E+00
   2002.25   1.8458E+03   1.5687E+03   5.7869E+04  -2.5722E+00  -2.9714E+00   2.1997E+01  -2.1049E-01  -2.4315E-01  -3.6001E+00
   2002.33   1.8507E+03   1.5644E+03   5.7869E+04  -2.6048E+00  -3.0062E+00   2.2267E+01  -2.1315E-01  -2.4600E-01  -3.6443E+00
   2002.42   1.8556E+03   1.5602E+03   5.7870E+04  -2.6421E+00  -3.0465E+00   2.2577E+01  -2.1620E-01  -2.4929E-01  -3.6950E+00
   2002.50   1.8605E+03   1.5560E+03   5.7871E+04  -2.6833E+00  -3.0914E+00   2.2921E+01  -2.1958E-01  -2.5297E-01  -3.7513E+00
   2002.58   1.8653E+03   1.5518E+03   5.7872E+04  -2.7280E+00  -3.1402E+00   2.3295E+01  -2.2323E-01  -2.5697E-01  -3.8124E+00
   2002.67   1.8702E+03   1.5476E+03   5.7872E+04  -2.7754E+00  -3.1923E+00   2.3692E+01  -2.2711E-01  -2.6123E-01  -3.8774E+00
   2002.75   1.8751E+03   1.5433E+03   5.7873E+04  -2.8249E+00  -3.2469E+00   2.4107E+01  -2.3116E-01  -2.6569E-01  -3.9453E+00
   2002.83   1.8800E+03   1.5391E+03   5.7874E+04  -2.8759E+00  -3.3032E+00   2.4534E+01  -2.3534E-01  -2.7030E-01  -4.0153E+00
   2002.92   1.8849E+03   1.5349E+03   5.7874E+04  -2.9277E+00  -3.3604E+00   2.4969E+01  -2.3957E-01  -2.7499E-01  -4.0865E+00
   2003.00   1.8898E+03   1.5307E+03   5.7875E+04  -2.9796E+00  -3.4180E+00   2.5406E+01  -2.4383E-01  -2.7969E-01  -4.1579E+00
   2003.08   1.8947E+03   1.5265E+03   5.7876E+04  -3.0311E+00  -3.4750E+00   2.5838E+01  -2.4804E-01  -2.8436E-01  -4.2287E+00
   2003.17   1.8996E+03   1.5223E+03   5.7877E+04  -3.0815E+00  -3.5309E+00   2.6262E+01  -2.5216E-01  -2.8893E-01  -4.2980E+00
   2003.25   1.9045E+03   1.5180E+03   5.7877E+04  -3.1302E+00  -3.5848E+00   2.6671E+01  -2.5614E-01  -2.9334E-01  -4.3649E+00
   2003.33   1.9094E+03   1.5138E+03   5.7878E+04  -3.1764E+00  -3.6359E+00   2.7059E+01  -2.5993E-01  -2.9753E-01  -4.4285E+00
   2003.42   1.9142E+03   1.5096E+03   5.7879E+04  -3.2196E+00  -3.6837E+00   2.7422E+01  -2.6346E-01  -3.0144E-01  -4.4878E+00
   2003.50   1.9191E+03   1.5054E+03   5.7879E+04  -3.2591E+00  -3.7273E+00   2.7753E+01  -2.6669E-01  -3.0500E-01  -4.5421E+00
   2003.58   1.9240E+03   1.5012E+03   5.7880E+04  -3.2943E+00  -3.7659E+00   2.8048E+01  -2.6957E-01  -3.0817E-01  -4.5903E+00
   2003.67   1.9288E+03   1.4970E+03   5.7880E+04  -3.3245E+00  -3.7989E+00   2.8300E+01  -2.7204E-01  -3.1087E-01  -4.6316E+00
   2003.75   1.9337E+03   1.4929E+03   5.7881E+04  -3.3491E+00  -3.8256E+00   2.8505E+01  -2.7406E-01  -3.1305E-01  -4.6651E+00
   2003.83   1.9385E+03   1.4887E+03   5.7881E+04  -3.3674E+00  -3.8451E+00   2.8657E+01  -2.7556E-01  -3.1464E-01  -4.6900E+00
   2003.92   1.9434E+03   1.4845E+03   5.7882E+04  -3.3789E+00  -3.8567E+00   2.8750E+01  -2.7649E-01  -3.1560E-01  -4.7052E+00
   2004.00   1.9482E+03   1.4803E+03   5.7882E+04  -3.3828E+00  -3.8597E+00   2.8779E+01  -2.7681E-01  -3.1584E-01  -4.7099E+00
   2004.08   1.9530E+03   1.4762E+03   5.7883E+04  -3.3787E+00  -3.8536E+00   2.8740E+01  -2.7648E-01  -3.1534E-01  -4.7035E+00
   2004.17   1.9578E+03   1.4720E+03   5.7883E+04  -3.3670E+00  -3.8388E+00   2.8635E+01  -2.7552E-01  -3.1413E-01  -4.6865E+00
   2004.25   1.9626E+03   1.4679E+03   5.7883E+04  -3.3481E+00  -3.8158E+00   2.8470E+01  -2.7398E-01  -3.1225E-01  -4.6595E+00
   2004.33   1.9674E+03   1.4637E+03   5.7884E+04  -3.3226E+00  -3.7853E+00   2.8249E+01  -2.7189E-01  -3.0975E-01  -4.6233E+00
   2004.42   1.9722E+03   1.4596E+03   5.7884E+04  -3.2911E+00  -3.7478E+00   2.7977E+01  -2.6931E-01  -3.0669E-01  -4.5787E+00
   2004.50   1.9769E+03   1.4554E+03   5.7884E+04  -3.2539E+00  -3.7040E+00   2.7657E+01  -2.6627E-01  -3.0310E-01  -4.5263E+00
   2004.58   1.9817E+03   1.4513E+03   5.7884E+04  -3.2118E+00  -3.6545E+00   2.7294E+01  -2.6282E-01  -2.9905E-01  -4.4670E+00
   2004.67   1.9865E+03   1.4472E+03   5.7885E+04  -3.1652E+00  -3.5998E+00   2.6893E+01  -2.5901E-01  -2.9457E-01  -4.4013E+00
   2004.75   1.9912E+03   1.4430E+03   5.7885E+04  -3.1145E+00  -3.5405E+00   2.6458E+01  -2.5486E-01  -2.8972E-01  -4.3301E+00
   2004.83   1.9959E+03   1.4389E+03   5.7885E+04  -3.0605E+00  -3.4773E+00   2.5994E+01  -2.5044E-01  -2.8455E-01  -4.2542E+00
   2004.92   2.0007E+03   1.4348E+03   5.7885E+04  -3.0035E+00  -3.4108E+00   2.5505E+01  -2.4578E-01  -2.7911E-01  -4.1741E+00
   2005.00   2.0054E+03   1.4307E+03   5.7885E+04  -2.9441E+00  -3.3415E+00   2.4995E+01  -2.4092E-01  -2.7343E-01  -4.0907E+00
   2005.08   2.0101E+03   1.4265E+03   5.7885E+04  -2.8828E+00  -3.2700E+00   2.4470E+01  -2.3590E-01  -2.6759E-01  -4.0047E+00
   2005.17   2.0148E+03   1.4224E+03   5.7885E+04  -2.8202E+00  -3.1970E+00   2.3933E+01  -2.3078E-01  -2.6162E-01  -3.9169E+00
   2005.25   2.0195E+03   1.4182E+03   5.7885E+04  -2.7568E+00  -3.1231E+00   2.3389E+01  -2.2559E-01  -2.5556E-01  -3.8278E+00
   2005.33   2.0242E+03   1.4141E+03   5.7885E+04  -2.6931E+00  -3.0488E+00   2.2842E+01  -2.2037E-01  -2.4948E-01  -3.7384E+00
   2005.42   2.0289E+03   1.4100E+03   5.7885E+04  -2.6296E+00  -2.9748E+00   2.2298E+01  -2.1518E-01  -2.4343E-01  -3.6493E+00
   2005.50   2.0336E+03   1.4058E+03   5.7884E+04  -2.5668E+00  -2.9016E+00   2.1760E+01  -2.1004E-01  -2.3744E-01  -3.5612E+00
   2005.58   2.0382E+03   1.4017E+03   5.7884E+04  -2.5054E+00  -2.8298E+00   2.1233E+01  -2.0502E-01  -2.3156E-01  -3.4750E+00
   2005.67   2.0429E+03   1.3975E+03   5.7884E+04  -2.4457E+00  -2.7601E+00   2.0721E+01  -2.0013E-01  -2.2586E-01  -3.3912E+00
   2005.75   2.0476E+03   1.3933E+03   5.7884E+04  -2.3884E+00  -2.6930E+00   2.0229E+01  -1.9544E-01  -2.2037E-01  -3.3107E+00
   2005.83   2.0522E+03   1.3892E+03   5.7884E+04  -2.3340E+00  -2.6292E+00   1.9761E+01  -1.9099E-01  -2.1515E-01  -3.2341E+00
   2005.92   2.0569E+03   1.3850E+03   5.7883E+04  -2.2829E+00  -2.5693E+00   1.9322E+01  -1.8681E-01  -2.1024E-01  -3.1623E+00
   2006.00   2.0615E+03   1.3808E+03   5.7883E+04  -2.2357E+00  -2.5137E+00   1.8917E+01  -1.8295E-01  -2.0570E-01  -3.0959E+00
   2006.08   2.0661E+03   1.3766E+03   5.7882E+04  -2.1929E+00  -2.4631E+00   1.8548E+01  -1.7944E-01  -2.0156E-01  -3.0355E+00
   2006.17   2.0707E+03   1.3724E+03   5.7882E+04  -2.1542E+00  -2.4171E+00   1.8214E+01  -1.7627E-01  -1.9780E-01  -2.9809E+00
   2006.25   2.0754E+03   1.3681E+03   5.7882E+04  -2.1192E+00  -2.3755E+00   1.7912E+01  -1.7342E-01  -1.9439E-01  -2.9315E+00
   2006.33   2.0800E+03   1.3639E+03   5.7881E+04  -2.0878E+00  -2.3379E+00   1.7640E+01  -1.7085E-01  -1.9131E-01  -2.8870E+00
   2006.42   2.0846E+03   1.3597E+03   5.7881E+04  -2.0596E+00  -2.3040E+00   1.7396E+01  -1.6853E-01  -1.8853E-01  -2.8470E+00
   2006.50   2.0892E+03   1.3554E+03   5.7880E+04  -2.0342E+00  -2.2733E+00   1.7175E+01  -1.6646E-01  -1.8602E-01  -2.8109E+00
   2006.58   2.0938E+03   1.3512E+03   5.7880E+04  -2.0114E+00  -2.2456E+00   1.6977E+01  -1.6459E-01  -1.8376E-01  -2.7785E+00
   2006.67   2.0984E+03   1.3469E+03   5.7879E+04  -1.9908E+00  -2.2204E+00   1.6798E+01  -1.6291E-01  -1.8170E-01  -2.7492E+00
   2006.75   2.1030E+03   1.3426E+03   5.7878E+04  -1.9721E+00  -2.1975E+00   1.6635E+01  -1.6138E-01  -1.7983E-01  -2.7225E+00
   2006.83   2.1076E+03   1.3383E+03   5.7878E+04  -1.9551E+00  -2.1766E+00   1.6486E+01  -1.5999E-01  -1.7811E-01  -2.6982E+00
   2006.92   2.1122E+03   1.3340E+03   5.7877E+04  -1.9394E+00  -2.1571E+00   1.6349E+01  -1.5870E-01  -1.7652E-01  -2.6757E+00
   2007.00   2.1169E+03   1.3297E+03   5.7877E+04  -1.9246E+00  -2.1389E+00   1.6220E+01  -1.5749E-01  -1.7502E-01  -2.6546E+00
   2007.08   2.1215E+03   1.3254E+03   5.7876E+04  -1.9105E+00  -2.1214E+00   1.6097E+01  -1.5634E-01  -1.7360E-01  -2.6344E+00
   2007.17   2.1261E+03   1.3211E+03   5.7875E+04  -1.8968E+00  -2.1045E+00   1.5977E+01  -1.5522E-01  -1.7221E-01  -2.6148E+00
   2007.25   2.1307E+03   1.3167E+03   5.7874E+04  -1.8831E+00  -2.0878E+00   1.5858E+01  -1.5410E-01  -1.7084E-01  -2.5953E+00
   2007.33   2.1353E+03   1.3124E+03   5.7874E+04  -1.8692E+00  -2.0708E+00   1.5736E+01  -1.5296E-01  -1.6945E-01  -2.5754E+00
   2007.42   2.1399E+03   1.3080E+03   5.7873E+04  -1.8546E+00  -2.0532E+00   1.5611E+01  -1.5177E-01  -1.6802E-01  -2.5548E+00
   2007.50   2.1446E+03   1.3036E+03   5.7872E+04  -1.8392E+00  -2.0348E+00   1.5477E+01  -1.5050E-01  -1.6651E-01  -2.5330E+00
   2007.58   2.1492E+03   1.2993E+03   5.7871E+04  -1.8226E+00  -2.0151E+00   1.5334E+01  -1.4914E-01  -1.6490E-01  -2.5096E+00
   2007.67   2.1538E+03   1.2949E+03   5.7870E+04  -1.8044E+00  -1.9938E+00   1.5178E+01  -1.4766E-01  -1.6316E-01  -2.4841E+00
   2007.75   2.1585E+03   1.2905E+03   5.7870E+04  -1.7844E+00  -1.9706E+00   1.5007E+01  -1.4602E-01  -1.6125E-01  -2.4561E+00
   2007.83   2.1631E+03   1.2861E+03   5.7869E+04  -1.7623E+00  -1.9450E+00   1.4818E+01  -1.4421E-01  -1.5916E-01  -2.4251E+00
   2007.92   2.1678E+03   1.2816E+03   5.7868E+04  -1.7376E+00  -1.9168E+00   1.4608E+01  -1.4219E-01  -1.5685E-01  -2.3908E+00
   2008.00   2.1725E+03   1.2772E+03   5.7867E+04  -1.7102E+00  -1.8856E+00   1.4375E+01  -1.3995E-01  -1.5430E-01  -2.3527E+00
   2008.08   2.1772E+03   1.2727E+03   5.7866E+04  -1.6798E+00  -1.8512E+00   1.4118E+01  -1.3746E-01  -1.5148E-01  -2.3105E+00
   2008.17   2.1818E+03   1.2683E+03   5.7865E+04  -1.6468E+00  -1.8138E+00   1.3837E+01  -1.3476E-01  -1.4843E-01  -2.2646E+00
   2008.25   2.1865E+03   1.2638E+03   5.7864E+04  -1.6115E+00  -1.7741E+00   1.3539E+01  -1.3187E-01  -1.4517E-01  -2.2158E+00
   2008.33   2.1913E+03   1.2594E+03   5.7863E+04  -1.5745E+00  -1.7324E+00   1.3225E+01  -1.2884E-01  -1.4176E-01  -2.1644E+00
   2008.42   2.1960E+03   1.2549E+03   5.7862E+04  -1.5361E+00  -1.6892E+00   1.2899E+01  -1.2570E-01  -1.3822E-01  -2.1111E+00
   2008.50   2.2007E+03   1.2504E+03   5.7861E+04  -1.4967E+00  -1.6449E+00   1.2566E+01  -1.2248E-01  -1.3460E-01  -2.0566E+00
   2008.58   2.2055E+03   1.2459E+03   5.7860E+04  -1.4569E+00  -1.6001E+00   1.2229E+01  -1.1922E-01  -1.3094E-01  -2.0014E+00
   2008.67   2.2103E+03   1.2414E+03   5.7859E+04  -1.4170E+00  -1.5552E+00   1.1890E+01  -1.1595E-01  -1.2726E-01  -1.9460E+00
   2008.75   2.2151E+03   1.2369E+03   5.7858E+04  -1.3774E+00  -1.5106E+00   1.1555E+01  -1.1272E-01  -1.2361E-01  -1.8911E+00
   2008.83   2.2199E+03   1.2324E+03   5.7857E+04  -1.3387E+00  -1.4669E+00   1.1226E+01  -1.0955E-01  -1.2004E-01  -1.8373E+00
   2008.92   2.2248E+03   1.2279E+03   5.7856E+04  -1.3012E+00  -1.4244E+00   1.0908E+01  -1.0648E-01  -1.1656E-01  -1.7852E+00
   2009.00   2.2297E+03   1.2234E+03   5.7855E+04  -1.2654E+00  -1.3837E+00   1.0603E+01  -1.0355E-01  -1.1323E-01  -1.7352E+00
   2009.08   2.2345E+03   1.2189E+03   5.7853E+04  -1.2316E+00  -1.3452E+00   1.0315E+01  -1.0079E-01  -1.1008E-01  -1.6882E+00
   2009.17   2.2395E+03   1.2143E+03   5.7852E+04  -1.2004E+00  -1.3094E+00   1.0048E+01  -9.8233E-02  -1.0715E-01  -1.6445E+00
   2009.25   2.2444E+03   1.2098E+03   5.7851E+04  -1.1722E+00  -1.2768E+00   9.8059E+00  -9.5924E-02  -1.0448E-01  -1.6048E+00
   2009.33   2.2494E+03   1.2053E+03   5.7850E+04  -1.1474E+00  -1.2477E+00   9.5917E+00  -9.3892E-02  -1.0210E-01  -1.5698E+00
   2009.42   2.2544E+03   1.2008E+03   5.7848E+04  -1.1264E+00  -1.2228E+00   9.4093E+00  -9.2175E-02  -1.0006E-01  -1.5399E+00
   2009.50   2.2594E+03   1.1963E+03   5.7847E+04  -1.1097E+00  -1.2023E+00   9.2621E+00  -9.0807E-02  -9.8386E-02  -1.5158E+00
   2009.58   2.2645E+03   1.1918E+03   5.7845E+04  -1.0977E+00  -1.1869E+00   9.1538E+00  -8.9824E-02  -9.7123E-02  -1.4981E+00
   2009.67   2.2696E+03   1.1873E+03   5.7844E+04  -1.0908E+00  -1.1769E+00   9.0881E+00  -8.9261E-02  -9.6306E-02  -1.4874E+00
   2009.75   2.2748E+03   1.1828E+03   5.7843E+04  -1.0895E+00  -1.1729E+00   9.0685E+00  -8.9153E-02  -9.5975E-02  -1.4842E+00
   2009.83   2.2799E+03   1.1783E+03   5.7841E+04  -1.0942E+00  -1.1752E+00   9.0985E+00  -8.9537E-02  -9.6167E-02  -1.4891E+00
   2009.92   2.2852E+03   1.1738E+03   5.7839E+04  -1.1053E+00  -1.1844E+00   9.1819E+00  -9.0446E-02  -9.6921E-02  -1.5027E+00
   2010.00   2.2904E+03   1.1693E+03   5.7838E+04  -1.1233E+00  -1.2009E+00   9.3222E+00  -9.1918E-02  -9.8273E-02  -1.5257E+00
   2010.08   2.2957E+03   1.1649E+03   5.7836E+04  -1.1484E+00  -1.2251E+00   9.5215E+00  -9.3973E-02  -1.0025E-01  -1.5583E+00
   2010.17   2.3010E+03   1.1604E+03   5.7834E+04  -1.1802E+00  -1.2563E+00   9.7763E+00  -9.6576E-02  -1.0281E-01  -1.6000E+00
   2010.25   2.3064E+03   1.1559E+03   5.7833E+04  -1.2181E+00  -1.2941E+00   1.0082E+01  -9.9676E-02  -1.0590E-01  -1.6500E+00
   2010.33   2.3118E+03   1.1515E+03   5.7831E+04  -1.2615E+00  -1.3377E+00   1.0432E+01  -1.0323E-01  -1.0947E-01  -1.7074E+00
   2010.42   2.3172E+03   1.1471E+03   5.7829E+04  -1.3097E+00  -1.3866E+00   1.0824E+01  -1.0717E-01  -1.1347E-01  -1.7714E+00
   2010.50   2.3227E+03   1.1426E+03   5.7827E+04  -1.3622E+00  -1.4400E+00   1.1251E+01  -1.1147E-01  -1.1784E-01  -1.8413E+00
   2010.58   2.3282E+03   1.1382E+03   5.7825E+04  -1.4184E+00  -1.4974E+00   1.1708E+01  -1.1607E-01  -1.2253E-01  -1.9161E+00
   2010.67   2.3337E+03   1.1338E+03   5.7823E+04  -1.4777E+00  -1.5580E+00   1.2190E+01  -1.2092E-01  -1.2749E-01  -1.9951E+00
   2010.75   2.3393E+03   1.1293E+03   5.7821E+04  -1.5393E+00  -1.6213E+00   1.2693E+01  -1.2597E-01  -1.3267E-01  -2.0774E+00
   2010.83   2.3449E+03   1.1249E+03   5.7819E+04  -1.6029E+00  -1.6866E+00   1.3212E+01  -1.3116E-01  -1.3802E-01  -2.1623E+00
   2010.92   2.3505E+03   1.1205E+03   5.7817E+04  -1.6677E+00  -1.7533E+00   1.3741E+01  -1.3647E-01  -1.4347E-01  -2.2489E+00
   2011.00   2.3561E+03   1.1161E+03   5.7815E+04  -1.7331E+00  -1.8207E+00   1.4275E+01  -1.4182E-01  -1.4899E-01  -2.3363E+00
   2011.08   2.3618E+03   1.1117E+03   5.7813E+04  -1.7985E+00  -1.8881E+00   1.4810E+01  -1.4717E-01  -1.5451E-01  -2.4239E+00
   2011.17   2.3675E+03   1.1073E+03   5.7810E+04  -1.8634E+00  -1.9550E+00   1.5340E+01  -1.5248E-01  -1.5998E-01  -2.5106E+00
   2011.25   2.3732E+03   1.1029E+03   5.7808E+04  -1.9271E+00  -2.0207E+00   1.5861E+01  -1.5769E-01  -1.6536E-01  -2.5958E+00
   2011.33   2.3789E+03   1.0985E+03   5.7806E+04  -1.9889E+00  -2.0846E+00   1.6367E+01  -1.6276E-01  -1.7058E-01  -2.6786E+00
   2011.42   2.3846E+03   1.0941E+03   5.7803E+04  -2.0484E+00  -2.1460E+00   1.6853E+01  -1.6762E-01  -1.7561E-01  -2.7582E+00
   2011.50   2.3904E+03   1.0897E+03   5.7801E+04  -2.1049E+00  -2.2042E+00   1.7315E+01  -1.7225E-01  -1.8037E-01  -2.8338E+00
   2011.58   2.3962E+03   1.0853E+03   5.7798E+04  -2.1578E+00  -2.2587E+00   1.7747E+01  -1.7657E-01  -1.8483E-01  -2.9045E+00
   2011.67   2.4019E+03   1.0810E+03   5.7796E+04  -2.2065E+00  -2.3087E+00   1.8145E+01  -1.8056E-01  -1.8892E-01  -2.9696E+00
   2011.75   2.4077E+03   1.0766E+03   5.7793E+04  -2.2503E+00  -2.3537E+00   1.8503E+01  -1.8415E-01  -1.9260E-01  -3.0282E+00
   2011.83   2.4135E+03   1.0722E+03   5.7791E+04  -2.2888E+00  -2.3930E+00   1.8816E+01  -1.8729E-01  -1.9582E-01  -3.0794E+00
   2011.92   2.4193E+03   1.0678E+03   5.7788E+04  -2.3211E+00  -2.4259E+00   1.9079E+01  -1.8994E-01  -1.9851E-01  -3.1226E+00
   2012.00   2.4252E+03   1.0634E+03   5.7785E+04  -2.3469E+00  -2.4519E+00   1.9288E+01  -1.9205E-01  -2.0064E-01  -3.1567E+00
