   1960.00   1.8522E+04  -6.4367E+02   4.4105E+04  -1.7602E+01   5.9713E+00   2.3915E+01  -1.4404E+00   4.8864E-01  -3.9139E+00
   1960.08   1.8523E+04  -6.4177E+02   4.4107E+04  -1.7493E+01   5.9343E+00   2.3766E+01  -1.4315E+00   4.8560E-01  -3.8896E+00
   1960.17   1.8525E+04  -6.3986E+02   4.4110E+04  -1.7341E+01   5.8827E+00   2.3559E+01  -1.4190E+00   4.8138E-01  -3.8557E+00
   1960.25   1.8526E+04  -6.3794E+02   4.4112E+04  -1.7149E+01   5.8177E+00   2.3299E+01  -1.4033E+00   4.7606E-01  -3.8131E+00
   1960.33   1.8527E+04  -6.3603E+02   4.4115E+04  -1.6921E+01   5.7404E+00   2.2989E+01  -1.3847E+00   4.6974E-01  -3.7623E+00
   1960.42   1.8528E+04  -6.3411E+02   4.4117E+04  -1.6660E+01   5.6518E+00   2.2634E+01  -1.3633E+00   4.6249E-01  -3.7042E+00
   1960.50   1.8530E+04  -6.3219E+02   4.4120E+04  -1.6369E+01   5.5531E+00   2.2238E+01  -1.3395E+00   4.5441E-01  -3.6395E+00
   1960.58   1.8531E+04  -6.3027E+02   4.4122E+04  -1.6051E+01   5.4453E+00   2.1806E+01  -1.3135E+00   4.4559E-01  -3.5688E+00
   1960.67   1.8532E+04  -6.2835E+02   4.4125E+04  -1.5710E+01   5.3296E+00   2.1342E+01  -1.2856E+00   4.3613E-01  -3.4929E+00
   1960.75   1.8534E+04  -6.2642E+02   4.4127E+04  -1.5349E+01   5.2070E+00   2.0851E+01  -1.2560E+00   4.2609E-01  -3.4125E+00
   1960.83   1.8535E+04  -6.2450E+02   4.4130E+04  -1.4970E+01   5.0787E+00   2.0337E+01  -1.2250E+00   4.1559E-01  -3.3283E+00
   1960.92   1.8536E+04  -6.2258E+02   4.4132E+04  -1.4578E+01   4.9456E+00   1.9804E+01  -1.1929E+00   4.0470E-01  -3.2411E+00
   1961.00   1.8537E+04  -6.2066E+02   4.4135E+04  -1.4175E+01   4.8090E+00   1.9256E+01  -1.1600E+00   3.9352E-01  -3.1515E+00
   1961.08   1.8539E+04  -6.1874E+02   4.4137E+04  -1.3765E+01   4.6699E+00   1.8698E+01  -1.1264E+00   3.8214E-01  -3.0602E+00
   1961.17   1.8540E+04  -6.1682E+02   4.4140E+04  -1.3351E+01   4.5293E+00   1.8135E+01  -1.0925E+00   3.7063E-01  -2.9680E+00
   1961.25   1.8541E+04  -6.1491E+02   4.4142E+04  -1.2935E+01   4.3884E+00   1.7571E+01  -1.0585E+00   3.5911E-01  -2.8756E+00
   1961.33   1.8543E+04  -6.1300E+02   4.4144E+04  -1.2522E+01   4.2483E+00   1.7009E+01  -1.0247E+00   3.4764E-01  -2.7837E+00
   1961.42   1.8544E+04  -6.1109E+02   4.4147E+04  -1.2115E+01   4.1101E+00   1.6455E+01  -9.9136E-01   3.3633E-01  -2.6931E+00
   1961.50   1.8545E+04  -6.0919E+02   4.4149E+04  -1.1716E+01   3.9748E+00   1.5913E+01  -9.5872E-01   3.2526E-01  -2.6044E+00
   1961.58   1.8547E+04  -6.0729E+02   4.4151E+04  -1.1329E+01   3.8436E+00   1.5387E+01  -9.2706E-01   3.1452E-01  -2.5183E+00
   1961.67   1.8548E+04  -6.0540E+02   4.4154E+04  -1.0957E+01   3.7175E+00   1.4882E+01  -8.9665E-01   3.0420E-01  -2.4356E+00
   1961.75   1.8549E+04  -6.0351E+02   4.4156E+04  -1.0604E+01   3.5976E+00   1.4401E+01  -8.6773E-01   2.9439E-01  -2.3570E+00
   1961.83   1.8550E+04  -6.0163E+02   4.4158E+04  -1.0272E+01   3.4851E+00   1.3950E+01  -8.4059E-01   2.8518E-01  -2.2831E+00
   1961.92   1.8552E+04  -5.9976E+02   4.4160E+04  -9.9654E+00   3.3809E+00   1.3533E+01  -8.1547E-01   2.7666E-01  -2.2148E+00
   1962.00   1.8553E+04  -5.9789E+02   4.4162E+04  -9.6865E+00   3.2863E+00   1.3154E+01  -7.9265E-01   2.6892E-01  -2.1527E+00
   1962.08   1.8554E+04  -5.9603E+02   4.4164E+04  -9.4380E+00   3.2020E+00   1.2816E+01  -7.7231E-01   2.6202E-01  -2.0974E+00
   1962.17   1.8556E+04  -5.9418E+02   4.4166E+04  -9.2188E+00   3.1276E+00   1.2517E+01  -7.5438E-01   2.5593E-01  -2.0486E+00
   1962.25   1.8557E+04  -5.9234E+02   4.4168E+04  -9.0269E+00   3.0625E+00   1.2256E+01  -7.3868E-01   2.5060E-01  -2.0059E+00
   1962.33   1.8558E+04  -5.9051E+02   4.4170E+04  -8.8605E+00   3.0060E+00   1.2030E+01  -7.2506E-01   2.4598E-01  -1.9688E+00
   1962.42   1.8559E+04  -5.8869E+02   4.4172E+04  -8.7175E+00   2.9574E+00   1.1835E+01  -7.1336E-01   2.4201E-01  -1.9369E+00
   1962.50   1.8561E+04  -5.8688E+02   4.4174E+04  -8.5961E+00   2.9162E+00   1.1669E+01  -7.0342E-01   2.3863E-01  -1.9098E+00
   1962.58   1.8562E+04  -5.8507E+02   4.4176E+04  -8.4942E+00   2.8816E+00   1.1531E+01  -6.9508E-01   2.3580E-01  -1.8871E+00
   1962.67   1.8563E+04  -5.8328E+02   4.4178E+04  -8.4099E+00   2.8529E+00   1.1416E+01  -6.8818E-01   2.3345E-01  -1.8683E+00
   1962.75   1.8564E+04  -5.8150E+02   4.4180E+04  -8.3412E+00   2.8296E+00   1.1322E+01  -6.8257E-01   2.3154E-01  -1.8529E+00
   1962.83   1.8566E+04  -5.7974E+02   4.4181E+04  -8.2863E+00   2.8109E+00   1.1247E+01  -6.7807E-01   2.3001E-01  -1.8406E+00
   1962.92   1.8567E+04  -5.7798E+02   4.4183E+04  -8.2432E+00   2.7962E+00   1.1188E+01  -6.7454E-01   2.2881E-01  -1.8310E+00
   1963.00   1.8568E+04  -5.7624E+02   4.4185E+04  -8.2099E+00   2.7848E+00   1.1142E+01  -6.7182E-01   2.2788E-01  -1.8235E+00
   1963.08   1.8569E+04  -5.7451E+02   4.4187E+04  -8.1844E+00   2.7761E+00   1.1107E+01  -6.6973E-01   2.2717E-01  -1.8177E+00
   1963.17   1.8571E+04  -5.7280E+02   4.4188E+04  -8.1649E+00   2.7694E+00   1.1080E+01  -6.6814E-01   2.2662E-01  -1.8133E+00
   1963.25   1.8572E+04  -5.7109E+02   4.4190E+04  -8.1493E+00   2.7640E+00   1.1058E+01  -6.6686E-01   2.2618E-01  -1.8098E+00
   1963.33   1.8573E+04  -5.6941E+02   4.4191E+04  -8.1358E+00   2.7594E+00   1.1039E+01  -6.6576E-01   2.2580E-01  -1.8067E+00
   1963.42   1.8574E+04  -5.6774E+02   4.4193E+04  -8.1223E+00   2.7547E+00   1.1021E+01  -6.6466E-01   2.2542E-01  -1.8037E+00
   1963.50   1.8576E+04  -5.6608E+02   4.4195E+04  -8.1070E+00   2.7495E+00   1.1000E+01  -6.6340E-01   2.2499E-01  -1.8002E+00
   1963.58   1.8577E+04  -5.6444E+02   4.4196E+04  -8.0879E+00   2.7429E+00   1.0973E+01  -6.6183E-01   2.2445E-01  -1.7959E+00
   1963.67   1.8578E+04  -5.6282E+02   4.4198E+04  -8.0630E+00   2.7344E+00   1.0939E+01  -6.5980E-01   2.2375E-01  -1.7903E+00
   1963.75   1.8579E+04  -5.6122E+02   4.4199E+04  -8.0303E+00   2.7232E+00   1.0894E+01  -6.5713E-01   2.2284E-01  -1.7830E+00
   1963.83   1.8581E+04  -5.5963E+02   4.4201E+04  -7.9880E+00   2.7088E+00   1.0837E+01  -6.5366E-01   2.2166E-01  -1.7735E+00
   1963.92   1.8582E+04  -5.5806E+02   4.4202E+04  -7.9341E+00   2.6904E+00   1.0763E+01  -6.4925E-01   2.2016E-01  -1.7615E+00
   1964.00   1.8583E+04  -5.5651E+02   4.4204E+04  -7.8667E+00   2.6675E+00   1.0671E+01  -6.4373E-01   2.1828E-01  -1.7465E+00
   1964.08   1.8584E+04  -5.5498E+02   4.4205E+04  -7.7844E+00   2.6395E+00   1.0559E+01  -6.3700E-01   2.1599E-01  -1.7282E+00
   1964.17   1.8586E+04  -5.5346E+02   4.4207E+04  -7.6888E+00   2.6070E+00   1.0429E+01  -6.2918E-01   2.1333E-01  -1.7069E+00
   1964.25   1.8587E+04  -5.5197E+02   4.4208E+04  -7.5822E+00   2.5707E+00   1.0284E+01  -6.2045E-01   2.1037E-01  -1.6832E+00
   1964.33   1.8588E+04  -5.5049E+02   4.4210E+04  -7.4668E+00   2.5315E+00   1.0128E+01  -6.1101E-01   2.0716E-01  -1.6575E+00
   1964.42   1.8590E+04  -5.4903E+02   4.4211E+04  -7.3448E+00   2.4901E+00   9.9618E+00  -6.0103E-01   2.0376E-01  -1.6304E+00
   1964.50   1.8591E+04  -5.4758E+02   4.4212E+04  -7.2185E+00   2.4471E+00   9.7902E+00  -5.9069E-01   2.0025E-01  -1.6023E+00
   1964.58   1.8592E+04  -5.4615E+02   4.4214E+04  -7.0901E+00   2.4035E+00   9.6156E+00  -5.8019E-01   1.9668E-01  -1.5737E+00
   1964.67   1.8594E+04  -5.4474E+02   4.4215E+04  -6.9618E+00   2.3598E+00   9.4413E+00  -5.6969E-01   1.9311E-01  -1.5452E+00
   1964.75   1.8595E+04  -5.4335E+02   4.4217E+04  -6.8360E+00   2.3170E+00   9.2701E+00  -5.5939E-01   1.8960E-01  -1.5172E+00
   1964.83   1.8596E+04  -5.4197E+02   4.4218E+04  -6.7147E+00   2.2757E+00   9.1052E+00  -5.4946E-01   1.8622E-01  -1.4902E+00
   1964.92   1.8598E+04  -5.4060E+02   4.4220E+04  -6.6002E+00   2.2367E+00   8.9495E+00  -5.4010E-01   1.8303E-01  -1.4647E+00
   1965.00   1.8599E+04  -5.3925E+02   4.4221E+04  -6.4949E+00   2.2008E+00   8.8061E+00  -5.3148E-01   1.8009E-01  -1.4412E+00
   1965.08   1.8600E+04  -5.3792E+02   4.4222E+04  -6.4009E+00   2.1687E+00   8.6780E+00  -5.2379E-01   1.7746E-01  -1.4203E+00
   1965.17   1.8602E+04  -5.3659E+02   4.4224E+04  -6.3204E+00   2.1412E+00   8.5683E+00  -5.1720E-01   1.7521E-01  -1.4023E+00
   1965.25   1.8603E+04  -5.3529E+02   4.4225E+04  -6.2557E+00   2.1190E+00   8.4800E+00  -5.1191E-01   1.7339E-01  -1.3878E+00
   1965.33   1.8605E+04  -5.3399E+02   4.4227E+04  -6.2091E+00   2.1028E+00   8.4160E+00  -5.0809E-01   1.7208E-01  -1.3774E+00
   1965.42   1.8606E+04  -5.3271E+02   4.4228E+04  -6.1827E+00   2.0936E+00   8.3795E+00  -5.0593E-01   1.7132E-01  -1.3714E+00
   1965.50   1.8607E+04  -5.3144E+02   4.4230E+04  -6.1788E+00   2.0919E+00   8.3735E+00  -5.0561E-01   1.7118E-01  -1.3704E+00
   1965.58   1.8609E+04  -5.3018E+02   4.4231E+04  -6.1996E+00   2.0985E+00   8.4009E+00  -5.0732E-01   1.7173E-01  -1.3749E+00
   1965.67   1.8610E+04  -5.2893E+02   4.4232E+04  -6.2474E+00   2.1143E+00   8.4649E+00  -5.1123E-01   1.7302E-01  -1.3854E+00
   1965.75   1.8611E+04  -5.2770E+02   4.4234E+04  -6.3245E+00   2.1400E+00   8.5684E+00  -5.1753E-01   1.7512E-01  -1.4023E+00
   1965.83   1.8613E+04  -5.2647E+02   4.4235E+04  -6.4329E+00   2.1763E+00   8.7145E+00  -5.2641E-01   1.7808E-01  -1.4262E+00
   1965.92   1.8614E+04  -5.2526E+02   4.4237E+04  -6.5751E+00   2.2239E+00   8.9062E+00  -5.3804E-01   1.8198E-01  -1.4576E+00
   1966.00   1.8615E+04  -5.2405E+02   4.4238E+04  -6.7531E+00   2.2837E+00   9.1465E+00  -5.5261E-01   1.8688E-01  -1.4969E+00
   1966.08   1.8617E+04  -5.2286E+02   4.4240E+04  -6.9684E+00   2.3561E+00   9.4373E+00  -5.7023E-01   1.9280E-01  -1.5445E+00
   1966.17   1.8618E+04  -5.2167E+02   4.4241E+04  -7.2186E+00   2.4403E+00   9.7754E+00  -5.9070E-01   1.9969E-01  -1.5998E+00
   1966.25   1.8619E+04  -5.2050E+02   4.4243E+04  -7.5007E+00   2.5352E+00   1.0156E+01  -6.1378E-01   2.0746E-01  -1.6622E+00
   1966.33   1.8621E+04  -5.1934E+02   4.4244E+04  -7.8112E+00   2.6398E+00   1.0576E+01  -6.3920E-01   2.1602E-01  -1.7309E+00
   1966.42   1.8622E+04  -5.1818E+02   4.4246E+04  -8.1472E+00   2.7530E+00   1.1030E+01  -6.6669E-01   2.2527E-01  -1.8053E+00
   1966.50   1.8623E+04  -5.1704E+02   4.4248E+04  -8.5053E+00   2.8736E+00   1.1515E+01  -6.9599E-01   2.3515E-01  -1.8845E+00
   1966.58   1.8624E+04  -5.1592E+02   4.4249E+04  -8.8824E+00   3.0007E+00   1.2025E+01  -7.2685E-01   2.4554E-01  -1.9679E+00
   1966.67   1.8626E+04  -5.1480E+02   4.4251E+04  -9.2752E+00   3.1330E+00   1.2556E+01  -7.5900E-01   2.5638E-01  -2.0549E+00
   1966.75   1.8627E+04  -5.1370E+02   4.4252E+04  -9.6807E+00   3.2697E+00   1.3104E+01  -7.9218E-01   2.6756E-01  -2.1446E+00
   1966.83   1.8628E+04  -5.1261E+02   4.4254E+04  -1.0096E+01   3.4095E+00   1.3665E+01  -8.2612E-01   2.7900E-01  -2.2365E+00
   1966.92   1.8630E+04  -5.1153E+02   4.4256E+04  -1.0517E+01   3.5514E+00   1.4235E+01  -8.6058E-01   2.9061E-01  -2.3297E+00
   1967.00   1.8631E+04  -5.1047E+02   4.4257E+04  -1.0941E+01   3.6944E+00   1.4808E+01  -8.9528E-01   3.0231E-01  -2.4235E+00
   1967.08   1.8633E+04  -5.0942E+02   4.4259E+04  -1.1365E+01   3.8372E+00   1.5381E+01  -9.2996E-01   3.1400E-01  -2.5173E+00
   1967.17   1.8634E+04  -5.0839E+02   4.4261E+04  -1.1785E+01   3.9789E+00   1.5950E+01  -9.6437E-01   3.2560E-01  -2.6104E+00
   1967.25   1.8635E+04  -5.0737E+02   4.4263E+04  -1.2199E+01   4.1184E+00   1.6510E+01  -9.9824E-01   3.3701E-01  -2.7020E+00
   1967.33   1.8637E+04  -5.0637E+02   4.4264E+04  -1.2603E+01   4.2546E+00   1.7057E+01  -1.0313E+00   3.4816E-01  -2.7915E+00
   1967.42   1.8638E+04  -5.0539E+02   4.4266E+04  -1.2994E+01   4.3864E+00   1.7585E+01  -1.0633E+00   3.5894E-01  -2.8781E+00
   1967.50   1.8640E+04  -5.0442E+02   4.4268E+04  -1.3369E+01   4.5127E+00   1.8093E+01  -1.0940E+00   3.6928E-01  -2.9610E+00
   1967.58   1.8641E+04  -5.0347E+02   4.4270E+04  -1.3725E+01   4.6325E+00   1.8573E+01  -1.1231E+00   3.7908E-01  -3.0397E+00
   1967.67   1.8642E+04  -5.0253E+02   4.4272E+04  -1.4058E+01   4.7447E+00   1.9024E+01  -1.1504E+00   3.8826E-01  -3.1134E+00
   1967.75   1.8644E+04  -5.0161E+02   4.4274E+04  -1.4365E+01   4.8481E+00   1.9439E+01  -1.1755E+00   3.9672E-01  -3.1814E+00
   1967.83   1.8646E+04  -5.0071E+02   4.4276E+04  -1.4643E+01   4.9418E+00   1.9816E+01  -1.1983E+00   4.0439E-01  -3.2430E+00
   1967.92   1.8647E+04  -4.9983E+02   4.4277E+04  -1.4890E+01   5.0246E+00   2.0148E+01  -1.2184E+00   4.1116E-01  -3.2975E+00
   1968.00   1.8649E+04  -4.9897E+02   4.4279E+04  -1.5100E+01   5.0955E+00   2.0433E+01  -1.2357E+00   4.1696E-01  -3.3441E+00
   1968.08   1.8650E+04  -4.9813E+02   4.4282E+04  -1.5274E+01   5.1536E+00   2.0667E+01  -1.2498E+00   4.2172E-01  -3.3824E+00
   1968.17   1.8652E+04  -4.9731E+02   4.4284E+04  -1.5410E+01   5.1992E+00   2.0851E+01  -1.2610E+00   4.2546E-01  -3.4125E+00
   1968.25   1.8654E+04  -4.9650E+02   4.4286E+04  -1.5511E+01   5.2331E+00   2.0988E+01  -1.2693E+00   4.2822E-01  -3.4348E+00
   1968.33   1.8655E+04  -4.9570E+02   4.4288E+04  -1.5579E+01   5.2556E+00   2.1079E+01  -1.2748E+00   4.3007E-01  -3.4498E+00
   1968.42   1.8657E+04  -4.9493E+02   4.4290E+04  -1.5615E+01   5.2675E+00   2.1128E+01  -1.2778E+00   4.3104E-01  -3.4578E+00
   1968.50   1.8659E+04  -4.9416E+02   4.4292E+04  -1.5622E+01   5.2693E+00   2.1136E+01  -1.2783E+00   4.3119E-01  -3.4591E+00
   1968.58   1.8660E+04  -4.9340E+02   4.4294E+04  -1.5600E+01   5.2615E+00   2.1106E+01  -1.2766E+00   4.3055E-01  -3.4542E+00
   1968.67   1.8662E+04  -4.9266E+02   4.4297E+04  -1.5552E+01   5.2449E+00   2.1040E+01  -1.2726E+00   4.2919E-01  -3.4435E+00
   1968.75   1.8664E+04  -4.9192E+02   4.4299E+04  -1.5480E+01   5.2199E+00   2.0941E+01  -1.2667E+00   4.2715E-01  -3.4273E+00
   1968.83   1.8666E+04  -4.9119E+02   4.4301E+04  -1.5384E+01   5.1872E+00   2.0811E+01  -1.2589E+00   4.2447E-01  -3.4060E+00
   1968.92   1.8668E+04  -4.9047E+02   4.4303E+04  -1.5267E+01   5.1473E+00   2.0653E+01  -1.2493E+00   4.2121E-01  -3.3800E+00
   1969.00   1.8669E+04  -4.8975E+02   4.4306E+04  -1.5131E+01   5.1009E+00   2.0467E+01  -1.2382E+00   4.1741E-01  -3.3497E+00
   1969.08   1.8671E+04  -4.8904E+02   4.4308E+04  -1.4977E+01   5.0485E+00   2.0258E+01  -1.2256E+00   4.1312E-01  -3.3155E+00
   1969.17   1.8673E+04  -4.8832E+02   4.4310E+04  -1.4807E+01   4.9906E+00   2.0028E+01  -1.2116E+00   4.0839E-01  -3.2778E+00
   1969.25   1.8675E+04  -4.8761E+02   4.4313E+04  -1.4623E+01   4.9280E+00   1.9778E+01  -1.1966E+00   4.0326E-01  -3.2368E+00
   1969.33   1.8677E+04  -4.8689E+02   4.4315E+04  -1.4426E+01   4.8611E+00   1.9511E+01  -1.1805E+00   3.9779E-01  -3.1932E+00
   1969.42   1.8679E+04  -4.8618E+02   4.4317E+04  -1.4218E+01   4.7906E+00   1.9229E+01  -1.1635E+00   3.9202E-01  -3.1471E+00
   1969.50   1.8681E+04  -4.8546E+02   4.4320E+04  -1.4002E+01   4.7171E+00   1.8936E+01  -1.1458E+00   3.8600E-01  -3.0990E+00
   1969.58   1.8683E+04  -4.8473E+02   4.4322E+04  -1.3778E+01   4.6410E+00   1.8632E+01  -1.1274E+00   3.7978E-01  -3.0493E+00
   1969.67   1.8685E+04  -4.8400E+02   4.4325E+04  -1.3548E+01   4.5631E+00   1.8321E+01  -1.1087E+00   3.7340E-01  -2.9984E+00
   1969.75   1.8687E+04  -4.8326E+02   4.4327E+04  -1.3315E+01   4.4839E+00   1.8004E+01  -1.0896E+00   3.6692E-01  -2.9466E+00
   1969.83   1.8689E+04  -4.8251E+02   4.4330E+04  -1.3079E+01   4.4041E+00   1.7685E+01  -1.0703E+00   3.6039E-01  -2.8944E+00
   1969.92   1.8691E+04  -4.8175E+02   4.4332E+04  -1.2844E+01   4.3240E+00   1.7365E+01  -1.0510E+00   3.5384E-01  -2.8420E+00
   1970.00   1.8693E+04  -4.8098E+02   4.4334E+04  -1.2609E+01   4.2445E+00   1.7048E+01  -1.0318E+00   3.4733E-01  -2.7900E+00
   1970.08   1.8695E+04  -4.8020E+02   4.4337E+04  -1.2378E+01   4.1660E+00   1.6734E+01  -1.0129E+00   3.4090E-01  -2.7387E+00
   1970.17   1.8697E+04  -4.7940E+02   4.4339E+04  -1.2150E+01   4.0889E+00   1.6426E+01  -9.9426E-01   3.3459E-01  -2.6883E+00
   1970.25   1.8699E+04  -4.7859E+02   4.4342E+04  -1.1928E+01   4.0136E+00   1.6125E+01  -9.7610E-01   3.2844E-01  -2.6390E+00
   1970.33   1.8701E+04  -4.7777E+02   4.4344E+04  -1.1713E+01   3.9405E+00   1.5833E+01  -9.5848E-01   3.2246E-01  -2.5912E+00
   1970.42   1.8703E+04  -4.7692E+02   4.4347E+04  -1.1505E+01   3.8701E+00   1.5551E+01  -9.4148E-01   3.1669E-01  -2.5452E+00
   1970.50   1.8705E+04  -4.7606E+02   4.4349E+04  -1.1306E+01   3.8025E+00   1.5282E+01  -9.2520E-01   3.1116E-01  -2.5010E+00
   1970.58   1.8707E+04  -4.7519E+02   4.4352E+04  -1.1117E+01   3.7383E+00   1.5026E+01  -9.0974E-01   3.0591E-01  -2.4591E+00
   1970.67   1.8709E+04  -4.7429E+02   4.4354E+04  -1.0939E+01   3.6779E+00   1.4784E+01  -8.9518E-01   3.0096E-01  -2.4196E+00
   1970.75   1.8711E+04  -4.7338E+02   4.4357E+04  -1.0774E+01   3.6215E+00   1.4560E+01  -8.8163E-01   2.9635E-01  -2.3828E+00
   1970.83   1.8713E+04  -4.7244E+02   4.4359E+04  -1.0622E+01   3.5697E+00   1.4353E+01  -8.6916E-01   2.9211E-01  -2.3490E+00
   1970.92   1.8715E+04  -4.7149E+02   4.4362E+04  -1.0484E+01   3.5227E+00   1.4166E+01  -8.5789E-01   2.8826E-01  -2.3184E+00
   1971.00   1.8717E+04  -4.7051E+02   4.4364E+04  -1.0362E+01   3.4809E+00   1.4000E+01  -8.4790E-01   2.8484E-01  -2.2912E+00
   1971.08   1.8719E+04  -4.6952E+02   4.4367E+04  -1.0256E+01   3.4448E+00   1.3857E+01  -8.3928E-01   2.8189E-01  -2.2678E+00
   1971.17   1.8721E+04  -4.6850E+02   4.4369E+04  -1.0169E+01   3.4147E+00   1.3738E+01  -8.3213E-01   2.7943E-01  -2.2483E+00
   1971.25   1.8723E+04  -4.6745E+02   4.4372E+04  -1.0101E+01   3.3910E+00   1.3645E+01  -8.2654E-01   2.7749E-01  -2.2331E+00
   1971.33   1.8725E+04  -4.6638E+02   4.4374E+04  -1.0053E+01   3.3740E+00   1.3579E+01  -8.2260E-01   2.7610E-01  -2.2223E+00
   1971.42   1.8727E+04  -4.6529E+02   4.4377E+04  -1.0026E+01   3.3643E+00   1.3542E+01  -8.2041E-01   2.7530E-01  -2.2162E+00
   1971.50   1.8729E+04  -4.6417E+02   4.4379E+04  -1.0022E+01   3.3620E+00   1.3535E+01  -8.2007E-01   2.7512E-01  -2.2151E+00
   1971.58   1.8731E+04  -4.6303E+02   4.4382E+04  -1.0041E+01   3.3677E+00   1.3560E+01  -8.2166E-01   2.7558E-01  -2.2193E+00
   1971.67   1.8733E+04  -4.6185E+02   4.4384E+04  -1.0085E+01   3.3817E+00   1.3619E+01  -8.2528E-01   2.7672E-01  -2.2289E+00
   1971.75   1.8734E+04  -4.6065E+02   4.4387E+04  -1.0155E+01   3.4043E+00   1.3713E+01  -8.3102E-01   2.7858E-01  -2.2442E+00
   1971.83   1.8736E+04  -4.5942E+02   4.4389E+04  -1.0253E+01   3.4360E+00   1.3843E+01  -8.3898E-01   2.8117E-01  -2.2656E+00
   1971.92   1.8738E+04  -4.5816E+02   4.4392E+04  -1.0378E+01   3.4772E+00   1.4011E+01  -8.4924E-01   2.8454E-01  -2.2931E+00
   1972.00   1.8740E+04  -4.5687E+02   4.4394E+04  -1.0533E+01   3.5282E+00   1.4219E+01  -8.6191E-01   2.8871E-01  -2.3272E+00
   1972.08   1.8742E+04  -4.5555E+02   4.4397E+04  -1.0718E+01   3.5891E+00   1.4468E+01  -8.7702E-01   2.9370E-01  -2.3678E+00
   1972.17   1.8744E+04  -4.5420E+02   4.4399E+04  -1.0929E+01   3.6592E+00   1.4753E+01  -8.9435E-01   2.9943E-01  -2.4144E+00
   1972.25   1.8746E+04  -4.5282E+02   4.4402E+04  -1.1165E+01   3.7373E+00   1.5070E+01  -9.1363E-01   3.0582E-01  -2.4663E+00
   1972.33   1.8748E+04  -4.5140E+02   4.4404E+04  -1.1421E+01   3.8222E+00   1.5415E+01  -9.3460E-01   3.1277E-01  -2.5228E+00
   1972.42   1.8750E+04  -4.4996E+02   4.4407E+04  -1.1695E+01   3.9129E+00   1.5783E+01  -9.5699E-01   3.2020E-01  -2.5831E+00
   1972.50   1.8752E+04  -4.4849E+02   4.4409E+04  -1.1982E+01   4.0084E+00   1.6170E+01  -9.8052E-01   3.2801E-01  -2.6465E+00
   1972.58   1.8753E+04  -4.4698E+02   4.4412E+04  -1.2281E+01   4.1074E+00   1.6572E+01  -1.0049E+00   3.3611E-01  -2.7122E+00
   1972.67   1.8755E+04  -4.4545E+02   4.4414E+04  -1.2586E+01   4.2089E+00   1.6984E+01  -1.0299E+00   3.4442E-01  -2.7796E+00
   1972.75   1.8757E+04  -4.4389E+02   4.4417E+04  -1.2896E+01   4.3118E+00   1.7401E+01  -1.0553E+00   3.5284E-01  -2.8479E+00
   1972.83   1.8759E+04  -4.4229E+02   4.4419E+04  -1.3207E+01   4.4150E+00   1.7819E+01  -1.0807E+00   3.6128E-01  -2.9163E+00
   1972.92   1.8761E+04  -4.4067E+02   4.4422E+04  -1.3515E+01   4.5173E+00   1.8234E+01  -1.1059E+00   3.6965E-01  -2.9843E+00
   1973.00   1.8763E+04  -4.3902E+02   4.4424E+04  -1.3817E+01   4.6177E+00   1.8642E+01  -1.1306E+00   3.7787E-01  -3.0509E+00
   1973.08   1.8765E+04  -4.3734E+02   4.4427E+04  -1.4110E+01   4.7151E+00   1.9036E+01  -1.1546E+00   3.8584E-01  -3.1155E+00
   1973.17   1.8766E+04  -4.3563E+02   4.4429E+04  -1.4390E+01   4.8084E+00   1.9414E+01  -1.1776E+00   3.9347E-01  -3.1774E+00
   1973.25   1.8768E+04  -4.3389E+02   4.4432E+04  -1.4655E+01   4.8964E+00   1.9771E+01  -1.1993E+00   4.0067E-01  -3.2358E+00
   1973.33   1.8770E+04  -4.3212E+02   4.4434E+04  -1.4901E+01   4.9781E+00   2.0103E+01  -1.2194E+00   4.0736E-01  -3.2900E+00
   1973.42   1.8772E+04  -4.3032E+02   4.4437E+04  -1.5125E+01   5.0523E+00   2.0404E+01  -1.2377E+00   4.1343E-01  -3.3393E+00
   1973.50   1.8774E+04  -4.2849E+02   4.4440E+04  -1.5323E+01   5.1180E+00   2.0670E+01  -1.2539E+00   4.1881E-01  -3.3829E+00
   1973.58   1.8775E+04  -4.2664E+02   4.4442E+04  -1.5492E+01   5.1740E+00   2.0898E+01  -1.2677E+00   4.2339E-01  -3.4202E+00
   1973.67   1.8777E+04  -4.2476E+02   4.4445E+04  -1.5629E+01   5.2193E+00   2.1082E+01  -1.2789E+00   4.2710E-01  -3.4503E+00
   1973.75   1.8779E+04  -4.2285E+02   4.4448E+04  -1.5730E+01   5.2527E+00   2.1218E+01  -1.2872E+00   4.2983E-01  -3.4726E+00
   1973.83   1.8781E+04  -4.2091E+02   4.4450E+04  -1.5792E+01   5.2732E+00   2.1302E+01  -1.2923E+00   4.3151E-01  -3.4863E+00
   1973.92   1.8782E+04  -4.1895E+02   4.4453E+04  -1.5812E+01   5.2796E+00   2.1329E+01  -1.2939E+00   4.3203E-01  -3.4907E+00
   1974.00   1.8784E+04  -4.1695E+02   4.4456E+04  -1.5787E+01   5.2709E+00   2.1295E+01  -1.2919E+00   4.3132E-01  -3.4851E+00
   1974.08   1.8786E+04  -4.1493E+02   4.4459E+04  -1.5715E+01   5.2463E+00   2.1196E+01  -1.2859E+00   4.2930E-01  -3.4690E+00
   1974.17   1.8788E+04  -4.1288E+02   4.4461E+04  -1.5597E+01   5.2068E+00   2.1038E+01  -1.2763E+00   4.2607E-01  -3.4431E+00
   1974.25   1.8789E+04  -4.1081E+02   4.4464E+04  -1.5439E+01   5.1537E+00   2.0825E+01  -1.2634E+00   4.2173E-01  -3.4082E+00
   1974.33   1.8791E+04  -4.0871E+02   4.4467E+04  -1.5245E+01   5.0886E+00   2.0562E+01  -1.2475E+00   4.1640E-01  -3.3653E+00
   1974.42   1.8793E+04  -4.0658E+02   4.4470E+04  -1.5019E+01   5.0126E+00   2.0257E+01  -1.2290E+00   4.1018E-01  -3.3152E+00
   1974.50   1.8795E+04  -4.0442E+02   4.4473E+04  -1.4764E+01   4.9272E+00   1.9913E+01  -1.2082E+00   4.0320E-01  -3.2589E+00
   1974.58   1.8796E+04  -4.0224E+02   4.4476E+04  -1.4486E+01   4.8338E+00   1.9537E+01  -1.1854E+00   3.9556E-01  -3.1974E+00
   1974.67   1.8798E+04  -4.0003E+02   4.4478E+04  -1.4187E+01   4.7338E+00   1.9134E+01  -1.1609E+00   3.8737E-01  -3.1314E+00
   1974.75   1.8800E+04  -3.9780E+02   4.4481E+04  -1.3873E+01   4.6285E+00   1.8709E+01  -1.1352E+00   3.7875E-01  -3.0620E+00
   1974.83   1.8802E+04  -3.9554E+02   4.4484E+04  -1.3547E+01   4.5192E+00   1.8269E+01  -1.1085E+00   3.6981E-01  -2.9899E+00
   1974.92   1.8803E+04  -3.9325E+02   4.4487E+04  -1.3213E+01   4.4074E+00   1.7819E+01  -1.0812E+00   3.6066E-01  -2.9163E+00
   1975.00   1.8805E+04  -3.9094E+02   4.4490E+04  -1.2876E+01   4.2945E+00   1.7364E+01  -1.0537E+00   3.5142E-01  -2.8418E+00
   1975.08   1.8807E+04  -3.8860E+02   4.4493E+04  -1.2540E+01   4.1817E+00   1.6910E+01  -1.0262E+00   3.4219E-01  -2.7675E+00
   1975.17   1.8808E+04  -3.8624E+02   4.4496E+04  -1.2209E+01   4.0705E+00   1.6462E+01  -9.9905E-01   3.3309E-01  -2.6943E+00
   1975.25   1.8810E+04  -3.8385E+02   4.4499E+04  -1.1886E+01   3.9623E+00   1.6027E+01  -9.7266E-01   3.2424E-01  -2.6230E+00
   1975.33   1.8812E+04  -3.8144E+02   4.4501E+04  -1.1577E+01   3.8584E+00   1.5609E+01  -9.4735E-01   3.1573E-01  -2.5546E+00
   1975.42   1.8813E+04  -3.7900E+02   4.4504E+04  -1.1285E+01   3.7602E+00   1.5214E+01  -9.2344E-01   3.0770E-01  -2.4900E+00
   1975.50   1.8815E+04  -3.7654E+02   4.4507E+04  -1.1014E+01   3.6690E+00   1.4848E+01  -9.0127E-01   3.0024E-01  -2.4301E+00
   1975.58   1.8816E+04  -3.7405E+02   4.4510E+04  -1.0768E+01   3.5863E+00   1.4516E+01  -8.8118E-01   2.9347E-01  -2.3758E+00
   1975.67   1.8818E+04  -3.7154E+02   4.4513E+04  -1.0552E+01   3.5134E+00   1.4224E+01  -8.6351E-01   2.8750E-01  -2.3280E+00
   1975.75   1.8819E+04  -3.6900E+02   4.4516E+04  -1.0370E+01   3.4517E+00   1.3978E+01  -8.4860E-01   2.8245E-01  -2.2876E+00
   1975.83   1.8821E+04  -3.6644E+02   4.4518E+04  -1.0226E+01   3.4025E+00   1.3782E+01  -8.3678E-01   2.7843E-01  -2.2556E+00
   1975.92   1.8822E+04  -3.6386E+02   4.4521E+04  -1.0123E+01   3.3673E+00   1.3643E+01  -8.2839E-01   2.7555E-01  -2.2328E+00
   1976.00   1.8824E+04  -3.6125E+02   4.4524E+04  -1.0067E+01   3.3474E+00   1.3565E+01  -8.2376E-01   2.7392E-01  -2.2201E+00
   1976.08   1.8825E+04  -3.5862E+02   4.4526E+04  -1.0059E+01   3.3437E+00   1.3554E+01  -8.2313E-01   2.7362E-01  -2.2183E+00
   1976.17   1.8827E+04  -3.5596E+02   4.4529E+04  -1.0098E+01   3.3554E+00   1.3605E+01  -8.2629E-01   2.7457E-01  -2.2266E+00
   1976.25   1.8828E+04  -3.5328E+02   4.4532E+04  -1.0179E+01   3.3812E+00   1.3713E+01  -8.3291E-01   2.7668E-01  -2.2443E+00
   1976.33   1.8830E+04  -3.5058E+02   4.4534E+04  -1.0298E+01   3.4198E+00   1.3873E+01  -8.4268E-01   2.7984E-01  -2.2704E+00
   1976.42   1.8831E+04  -3.4786E+02   4.4537E+04  -1.0452E+01   3.4699E+00   1.4079E+01  -8.5528E-01   2.8394E-01  -2.3042E+00
   1976.50   1.8832E+04  -3.4511E+02   4.4540E+04  -1.0637E+01   3.5302E+00   1.4327E+01  -8.7040E-01   2.8888E-01  -2.3448E+00
   1976.58   1.8834E+04  -3.4234E+02   4.4542E+04  -1.0848E+01   3.5995E+00   1.4611E+01  -8.8771E-01   2.9454E-01  -2.3912E+00
   1976.67   1.8835E+04  -3.3955E+02   4.4545E+04  -1.1083E+01   3.6763E+00   1.4926E+01  -9.0689E-01   3.0084E-01  -2.4428E+00
   1976.75   1.8836E+04  -3.3673E+02   4.4547E+04  -1.1336E+01   3.7596E+00   1.5267E+01  -9.2764E-01   3.0765E-01  -2.4985E+00
   1976.83   1.8837E+04  -3.3389E+02   4.4550E+04  -1.1605E+01   3.8479E+00   1.5628E+01  -9.4962E-01   3.1487E-01  -2.5576E+00
   1976.92   1.8839E+04  -3.3103E+02   4.4552E+04  -1.1885E+01   3.9399E+00   1.6004E+01  -9.7252E-01   3.2241E-01  -2.6192E+00
   1977.00   1.8840E+04  -3.2815E+02   4.4554E+04  -1.2172E+01   4.0345E+00   1.6390E+01  -9.9603E-01   3.3014E-01  -2.6824E+00
   1977.08   1.8841E+04  -3.2525E+02   4.4557E+04  -1.2463E+01   4.1302E+00   1.6781E+01  -1.0198E+00   3.3797E-01  -2.7464E+00
   1977.17   1.8842E+04  -3.2232E+02   4.4559E+04  -1.2753E+01   4.2258E+00   1.7171E+01  -1.0436E+00   3.4580E-01  -2.8102E+00
   1977.25   1.8843E+04  -3.1937E+02   4.4562E+04  -1.3039E+01   4.3200E+00   1.7556E+01  -1.0670E+00   3.5351E-01  -2.8732E+00
   1977.33   1.8844E+04  -3.1640E+02   4.4564E+04  -1.3317E+01   4.4115E+00   1.7929E+01  -1.0897E+00   3.6100E-01  -2.9343E+00
   1977.42   1.8845E+04  -3.1341E+02   4.4566E+04  -1.3583E+01   4.4991E+00   1.8287E+01  -1.1115E+00   3.6816E-01  -2.9928E+00
   1977.50   1.8846E+04  -3.1040E+02   4.4569E+04  -1.3832E+01   4.5813E+00   1.8623E+01  -1.1319E+00   3.7489E-01  -3.0478E+00
   1977.58   1.8848E+04  -3.0737E+02   4.4571E+04  -1.4062E+01   4.6570E+00   1.8932E+01  -1.1507E+00   3.8109E-01  -3.0984E+00
   1977.67   1.8848E+04  -3.0432E+02   4.4573E+04  -1.4268E+01   4.7249E+00   1.9209E+01  -1.1676E+00   3.8664E-01  -3.1437E+00
   1977.75   1.8849E+04  -3.0125E+02   4.4576E+04  -1.4447E+01   4.7836E+00   1.9449E+01  -1.1822E+00   3.9144E-01  -3.1830E+00
   1977.83   1.8850E+04  -2.9815E+02   4.4578E+04  -1.4594E+01   4.8319E+00   1.9646E+01  -1.1942E+00   3.9539E-01  -3.2153E+00
   1977.92   1.8851E+04  -2.9504E+02   4.4580E+04  -1.4706E+01   4.8684E+00   1.9796E+01  -1.2034E+00   3.9838E-01  -3.2399E+00
   1978.00   1.8852E+04  -2.9190E+02   4.4582E+04  -1.4778E+01   4.8919E+00   1.9893E+01  -1.2093E+00   4.0031E-01  -3.2558E+00
   1978.08   1.8853E+04  -2.8875E+02   4.4585E+04  -1.4808E+01   4.9016E+00   1.9934E+01  -1.2118E+00   4.0110E-01  -3.2624E+00
   1978.17   1.8854E+04  -2.8558E+02   4.4587E+04  -1.4799E+01   4.8981E+00   1.9921E+01  -1.2110E+00   4.0081E-01  -3.2603E+00
   1978.25   1.8855E+04  -2.8239E+02   4.4589E+04  -1.4754E+01   4.8828E+00   1.9860E+01  -1.2073E+00   3.9956E-01  -3.2503E+00
   1978.33   1.8856E+04  -2.7919E+02   4.4591E+04  -1.4677E+01   4.8568E+00   1.9756E+01  -1.2010E+00   3.9743E-01  -3.2333E+00
   1978.42   1.8856E+04  -2.7597E+02   4.4594E+04  -1.4572E+01   4.8214E+00   1.9614E+01  -1.1924E+00   3.9453E-01  -3.2100E+00
   1978.50   1.8857E+04  -2.7274E+02   4.4596E+04  -1.4441E+01   4.7777E+00   1.9438E+01  -1.1817E+00   3.9096E-01  -3.1812E+00
   1978.58   1.8858E+04  -2.6951E+02   4.4598E+04  -1.4290E+01   4.7271E+00   1.9234E+01  -1.1694E+00   3.8682E-01  -3.1478E+00
   1978.67   1.8858E+04  -2.6626E+02   4.4600E+04  -1.4121E+01   4.6706E+00   1.9006E+01  -1.1555E+00   3.8220E-01  -3.1105E+00
   1978.75   1.8859E+04  -2.6301E+02   4.4602E+04  -1.3939E+01   4.6096E+00   1.8760E+01  -1.1406E+00   3.7720E-01  -3.0703E+00
   1978.83   1.8860E+04  -2.5976E+02   4.4605E+04  -1.3746E+01   4.5452E+00   1.8500E+01  -1.1249E+00   3.7194E-01  -3.0278E+00
   1978.92   1.8860E+04  -2.5650E+02   4.4607E+04  -1.3548E+01   4.4787E+00   1.8232E+01  -1.1086E+00   3.6649E-01  -2.9839E+00
   1979.00   1.8861E+04  -2.5324E+02   4.4609E+04  -1.3346E+01   4.4112E+00   1.7961E+01  -1.0921E+00   3.6097E-01  -2.9394E+00
   1979.08   1.8861E+04  -2.4998E+02   4.4611E+04  -1.3146E+01   4.3441E+00   1.7690E+01  -1.0757E+00   3.5548E-01  -2.8952E+00
   1979.17   1.8862E+04  -2.4673E+02   4.4613E+04  -1.2950E+01   4.2785E+00   1.7426E+01  -1.0597E+00   3.5011E-01  -2.8520E+00
   1979.25   1.8862E+04  -2.4348E+02   4.4615E+04  -1.2763E+01   4.2155E+00   1.7174E+01  -1.0444E+00   3.4496E-01  -2.8107E+00
   1979.33   1.8863E+04  -2.4024E+02   4.4617E+04  -1.2588E+01   4.1566E+00   1.6937E+01  -1.0301E+00   3.4013E-01  -2.7720E+00
   1979.42   1.8863E+04  -2.3700E+02   4.4619E+04  -1.2429E+01   4.1028E+00   1.6722E+01  -1.0170E+00   3.3573E-01  -2.7368E+00
   1979.50   1.8864E+04  -2.3377E+02   4.4621E+04  -1.2289E+01   4.0554E+00   1.6533E+01  -1.0056E+00   3.3185E-01  -2.7058E+00
   1979.58   1.8864E+04  -2.3056E+02   4.4623E+04  -1.2172E+01   4.0155E+00   1.6375E+01  -9.9605E-01   3.2859E-01  -2.6800E+00
   1979.67   1.8864E+04  -2.2736E+02   4.4625E+04  -1.2082E+01   3.9845E+00   1.6254E+01  -9.8871E-01   3.2606E-01  -2.6601E+00
   1979.75   1.8865E+04  -2.2417E+02   4.4627E+04  -1.2023E+01   3.9635E+00   1.6173E+01  -9.8386E-01   3.2434E-01  -2.6469E+00
   1979.83   1.8865E+04  -2.2100E+02   4.4629E+04  -1.1998E+01   3.9538E+00   1.6138E+01  -9.8182E-01   3.2354E-01  -2.6412E+00
   1979.92   1.8865E+04  -2.1785E+02   4.4631E+04  -1.2011E+01   3.9565E+00   1.6155E+01  -9.8287E-01   3.2377E-01  -2.6439E+00
   1980.00   1.8865E+04  -2.1472E+02   4.4632E+04  -1.2066E+01   3.9729E+00   1.6227E+01  -9.8734E-01   3.2511E-01  -2.6557E+00
   1980.08   1.8866E+04  -2.1161E+02   4.4634E+04  -1.2164E+01   4.0039E+00   1.6359E+01  -9.9541E-01   3.2764E-01  -2.6773E+00
   1980.17   1.8866E+04  -2.0852E+02   4.4636E+04  -1.2305E+01   4.0486E+00   1.6547E+01  -1.0069E+00   3.3130E-01  -2.7080E+00
   1980.25   1.8866E+04  -2.0545E+02   4.4638E+04  -1.2484E+01   4.1060E+00   1.6787E+01  -1.0216E+00   3.3599E-01  -2.7473E+00
   1980.33   1.8866E+04  -2.0240E+02   4.4639E+04  -1.2698E+01   4.1749E+00   1.7074E+01  -1.0391E+00   3.4164E-01  -2.7943E+00
   1980.42   1.8866E+04  -1.9937E+02   4.4641E+04  -1.2944E+01   4.2544E+00   1.7404E+01  -1.0592E+00   3.4814E-01  -2.8483E+00
   1980.50   1.8866E+04  -1.9635E+02   4.4643E+04  -1.3219E+01   4.3431E+00   1.7772E+01  -1.0817E+00   3.5540E-01  -2.9086E+00
   1980.58   1.8866E+04  -1.9334E+02   4.4645E+04  -1.3519E+01   4.4401E+00   1.8174E+01  -1.1062E+00   3.6334E-01  -2.9744E+00
   1980.67   1.8866E+04  -1.9035E+02   4.4646E+04  -1.3840E+01   4.5443E+00   1.8605E+01  -1.1325E+00   3.7186E-01  -3.0449E+00
   1980.75   1.8866E+04  -1.8737E+02   4.4648E+04  -1.4180E+01   4.6545E+00   1.9061E+01  -1.1603E+00   3.8088E-01  -3.1195E+00
   1980.83   1.8866E+04  -1.8440E+02   4.4650E+04  -1.4534E+01   4.7696E+00   1.9537E+01  -1.1893E+00   3.9030E-01  -3.1974E+00
   1980.92   1.8866E+04  -1.8144E+02   4.4651E+04  -1.4900E+01   4.8885E+00   2.0028E+01  -1.2193E+00   4.0002E-01  -3.2778E+00
   1981.00   1.8866E+04  -1.7849E+02   4.4653E+04  -1.5275E+01   5.0101E+00   2.0531E+01  -1.2499E+00   4.0998E-01  -3.3601E+00
   1981.08   1.8865E+04  -1.7554E+02   4.4654E+04  -1.5654E+01   5.1332E+00   2.1040E+01  -1.2809E+00   4.2006E-01  -3.4434E+00
   1981.17   1.8865E+04  -1.7260E+02   4.4656E+04  -1.6034E+01   5.2569E+00   2.1551E+01  -1.3121E+00   4.3018E-01  -3.5270E+00
   1981.25   1.8865E+04  -1.6966E+02   4.4658E+04  -1.6413E+01   5.3800E+00   2.2059E+01  -1.3431E+00   4.4024E-01  -3.6102E+00
   1981.33   1.8865E+04  -1.6673E+02   4.4659E+04  -1.6786E+01   5.5012E+00   2.2560E+01  -1.3736E+00   4.5017E-01  -3.6922E+00
   1981.42   1.8865E+04  -1.6379E+02   4.4661E+04  -1.7151E+01   5.6197E+00   2.3050E+01  -1.4035E+00   4.5986E-01  -3.7724E+00
   1981.50   1.8864E+04  -1.6086E+02   4.4662E+04  -1.7504E+01   5.7342E+00   2.3524E+01  -1.4323E+00   4.6923E-01  -3.8499E+00
   1981.58   1.8864E+04  -1.5793E+02   4.4664E+04  -1.7841E+01   5.8436E+00   2.3976E+01  -1.4599E+00   4.7819E-01  -3.9240E+00
   1981.67   1.8864E+04  -1.5499E+02   4.4666E+04  -1.8160E+01   5.9469E+00   2.4404E+01  -1.4860E+00   4.8664E-01  -3.9940E+00
   1981.75   1.8864E+04  -1.5205E+02   4.4667E+04  -1.8456E+01   6.0429E+00   2.4802E+01  -1.5103E+00   4.9449E-01  -4.0591E+00
   1981.83   1.8863E+04  -1.4910E+02   4.4669E+04  -1.8727E+01   6.1304E+00   2.5165E+01  -1.5324E+00   5.0166E-01  -4.1186E+00
   1981.92   1.8863E+04  -1.4615E+02   4.4670E+04  -1.8969E+01   6.2085E+00   2.5490E+01  -1.5522E+00   5.0804E-01  -4.1717E+00
   1982.00   1.8863E+04  -1.4319E+02   4.4672E+04  -1.9179E+01   6.2760E+00   2.5771E+01  -1.5694E+00   5.1357E-01  -4.2178E+00
   1982.08   1.8863E+04  -1.4022E+02   4.4674E+04  -1.9353E+01   6.3320E+00   2.6006E+01  -1.5837E+00   5.1815E-01  -4.2562E+00
   1982.17   1.8862E+04  -1.3725E+02   4.4675E+04  -1.9494E+01   6.3767E+00   2.6194E+01  -1.5952E+00   5.2181E-01  -4.2870E+00
   1982.25   1.8862E+04  -1.3426E+02   4.4677E+04  -1.9602E+01   6.4107E+00   2.6339E+01  -1.6040E+00   5.2459E-01  -4.3106E+00
   1982.33   1.8862E+04  -1.3127E+02   4.4679E+04  -1.9678E+01   6.4343E+00   2.6441E+01  -1.6103E+00   5.2652E-01  -4.3273E+00
   1982.42   1.8861E+04  -1.2828E+02   4.4680E+04  -1.9724E+01   6.4480E+00   2.6502E+01  -1.6140E+00   5.2764E-01  -4.3374E+00
   1982.50   1.8861E+04  -1.2528E+02   4.4682E+04  -1.9742E+01   6.4523E+00   2.6525E+01  -1.6155E+00   5.2800E-01  -4.3412E+00
   1982.58   1.8861E+04  -1.2227E+02   4.4684E+04  -1.9732E+01   6.4477E+00   2.6512E+01  -1.6147E+00   5.2761E-01  -4.3389E+00
   1982.67   1.8860E+04  -1.1927E+02   4.4686E+04  -1.9696E+01   6.4345E+00   2.6463E+01  -1.6118E+00   5.2654E-01  -4.3310E+00
   1982.75   1.8860E+04  -1.1626E+02   4.4687E+04  -1.9636E+01   6.4133E+00   2.6382E+01  -1.6068E+00   5.2480E-01  -4.3177E+00
   1982.83   1.8860E+04  -1.1326E+02   4.4689E+04  -1.9553E+01   6.3846E+00   2.6269E+01  -1.6000E+00   5.2245E-01  -4.2993E+00
   1982.92   1.8859E+04  -1.1025E+02   4.4691E+04  -1.9448E+01   6.3487E+00   2.6128E+01  -1.5914E+00   5.1951E-01  -4.2761E+00
   1983.00   1.8859E+04  -1.0724E+02   4.4693E+04  -1.9322E+01   6.3061E+00   2.5959E+01  -1.5811E+00   5.1603E-01  -4.2484E+00
   1983.08   1.8859E+04  -1.0424E+02   4.4694E+04  -1.9178E+01   6.2574E+00   2.5764E+01  -1.5693E+00   5.1204E-01  -4.2166E+00
   1983.17   1.8858E+04  -1.0124E+02   4.4696E+04  -1.9016E+01   6.2029E+00   2.5546E+01  -1.5561E+00   5.0758E-01  -4.1809E+00
   1983.25   1.8858E+04  -9.8240E+01   4.4698E+04  -1.8838E+01   6.1431E+00   2.5306E+01  -1.5415E+00   5.0269E-01  -4.1416E+00
   1983.33   1.8857E+04  -9.5248E+01   4.4700E+04  -1.8645E+01   6.0785E+00   2.5046E+01  -1.5257E+00   4.9741E-01  -4.0991E+00
   1983.42   1.8857E+04  -9.2262E+01   4.4702E+04  -1.8438E+01   6.0096E+00   2.4769E+01  -1.5088E+00   4.9177E-01  -4.0537E+00
   1983.50   1.8856E+04  -8.9282E+01   4.4704E+04  -1.8220E+01   5.9368E+00   2.4475E+01  -1.4910E+00   4.8581E-01  -4.0056E+00
   1983.58   1.8856E+04  -8.6311E+01   4.4705E+04  -1.7991E+01   5.8605E+00   2.4167E+01  -1.4722E+00   4.7957E-01  -3.9551E+00
   1983.67   1.8855E+04  -8.3347E+01   4.4707E+04  -1.7753E+01   5.7812E+00   2.3846E+01  -1.4527E+00   4.7308E-01  -3.9027E+00
   1983.75   1.8855E+04  -8.0393E+01   4.4709E+04  -1.7507E+01   5.6995E+00   2.3515E+01  -1.4326E+00   4.6639E-01  -3.8485E+00
   1983.83   1.8854E+04  -7.7450E+01   4.4711E+04  -1.7254E+01   5.6156E+00   2.3175E+01  -1.4119E+00   4.5953E-01  -3.7929E+00
   1983.92   1.8854E+04  -7.4518E+01   4.4713E+04  -1.6997E+01   5.5302E+00   2.2829E+01  -1.3908E+00   4.5254E-01  -3.7362E+00
   1984.00   1.8853E+04  -7.1598E+01   4.4715E+04  -1.6735E+01   5.4436E+00   2.2478E+01  -1.3695E+00   4.4545E-01  -3.6787E+00
   1984.08   1.8852E+04  -6.8691E+01   4.4717E+04  -1.6472E+01   5.3563E+00   2.2123E+01  -1.3479E+00   4.3831E-01  -3.6206E+00
   1984.17   1.8852E+04  -6.5798E+01   4.4719E+04  -1.6206E+01   5.2683E+00   2.1765E+01  -1.3261E+00   4.3111E-01  -3.5621E+00
   1984.25   1.8851E+04  -6.2917E+01   4.4721E+04  -1.5938E+01   5.1798E+00   2.1405E+01  -1.3042E+00   4.2386E-01  -3.5031E+00
   1984.33   1.8850E+04  -6.0050E+01   4.4723E+04  -1.5668E+01   5.0906E+00   2.1042E+01  -1.2821E+00   4.1657E-01  -3.4437E+00
   1984.42   1.8850E+04  -5.7196E+01   4.4725E+04  -1.5396E+01   5.0009E+00   2.0676E+01  -1.2598E+00   4.0923E-01  -3.3839E+00
   1984.50   1.8849E+04  -5.4355E+01   4.4727E+04  -1.5122E+01   4.9107E+00   2.0308E+01  -1.2375E+00   4.0184E-01  -3.3237E+00
   1984.58   1.8848E+04  -5.1527E+01   4.4729E+04  -1.4847E+01   4.8200E+00   1.9938E+01  -1.2149E+00   3.9442E-01  -3.2631E+00
   1984.67   1.8847E+04  -4.8712E+01   4.4731E+04  -1.4570E+01   4.7288E+00   1.9566E+01  -1.1923E+00   3.8696E-01  -3.2022E+00
   1984.75   1.8847E+04  -4.5910E+01   4.4733E+04  -1.4292E+01   4.6372E+00   1.9192E+01  -1.1695E+00   3.7947E-01  -3.1409E+00
   1984.83   1.8846E+04  -4.3121E+01   4.4735E+04  -1.4012E+01   4.5453E+00   1.8816E+01  -1.1466E+00   3.7194E-01  -3.0794E+00
   1984.92   1.8845E+04  -4.0346E+01   4.4737E+04  -1.3731E+01   4.4530E+00   1.8438E+01  -1.1236E+00   3.6439E-01  -3.0175E+00
   1985.00   1.8844E+04  -3.7583E+01   4.4739E+04  -1.3449E+01   4.3603E+00   1.8058E+01  -1.1005E+00   3.5681E-01  -2.9555E+00
   1985.08   1.8843E+04  -3.4834E+01   4.4741E+04  -1.3165E+01   4.2674E+00   1.7678E+01  -1.0773E+00   3.4920E-01  -2.8931E+00
   1985.17   1.8843E+04  -3.2097E+01   4.4743E+04  -1.2881E+01   4.1742E+00   1.7296E+01  -1.0541E+00   3.4158E-01  -2.8306E+00
   1985.25   1.8842E+04  -2.9374E+01   4.4745E+04  -1.2596E+01   4.0808E+00   1.6913E+01  -1.0307E+00   3.3393E-01  -2.7679E+00
   1985.33   1.8841E+04  -2.6663E+01   4.4747E+04  -1.2310E+01   3.9872E+00   1.6528E+01  -1.0073E+00   3.2627E-01  -2.7050E+00
   1985.42   1.8840E+04  -2.3966E+01   4.4749E+04  -1.2024E+01   3.8934E+00   1.6143E+01  -9.8390E-01   3.1860E-01  -2.6420E+00
   1985.50   1.8839E+04  -2.1282E+01   4.4751E+04  -1.1737E+01   3.7995E+00   1.5758E+01  -9.6040E-01   3.1092E-01  -2.5789E+00
   1985.58   1.8839E+04  -1.8610E+01   4.4754E+04  -1.1449E+01   3.7056E+00   1.5371E+01  -9.3687E-01   3.0323E-01  -2.5157E+00
   1985.67   1.8838E+04  -1.5952E+01   4.4756E+04  -1.1161E+01   3.6115E+00   1.4984E+01  -9.1331E-01   2.9553E-01  -2.4523E+00
   1985.75   1.8837E+04  -1.3307E+01   4.4758E+04  -1.0873E+01   3.5174E+00   1.4597E+01  -8.8973E-01   2.8783E-01  -2.3890E+00
   1985.83   1.8836E+04  -1.0674E+01   4.4760E+04  -1.0584E+01   3.4233E+00   1.4210E+01  -8.6613E-01   2.8013E-01  -2.3256E+00
   1985.92   1.8836E+04  -8.0548E+00   4.4762E+04  -1.0296E+01   3.3293E+00   1.3822E+01  -8.4253E-01   2.7244E-01  -2.2621E+00
   1986.00   1.8835E+04  -5.4483E+00   4.4765E+04  -1.0008E+01   3.2353E+00   1.3435E+01  -8.1893E-01   2.6475E-01  -2.1987E+00
   1986.08   1.8834E+04  -2.8548E+00   4.4767E+04  -9.7198E+00   3.1415E+00   1.3048E+01  -7.9537E-01   2.5707E-01  -2.1354E+00
   1986.17   1.8833E+04  -2.7402E-01   4.4769E+04  -9.4339E+00   3.0484E+00   1.2664E+01  -7.7198E-01   2.4945E-01  -2.0726E+00
   1986.25   1.8833E+04   2.2940E+00   4.4771E+04  -9.1520E+00   2.9567E+00   1.2285E+01  -7.4891E-01   2.4194E-01  -2.0106E+00
   1986.33   1.8832E+04   4.8495E+00   4.4774E+04  -8.8759E+00   2.8668E+00   1.1914E+01  -7.2631E-01   2.3459E-01  -1.9499E+00
   1986.42   1.8831E+04   7.3926E+00   4.4776E+04  -8.6075E+00   2.7795E+00   1.1554E+01  -7.0436E-01   2.2744E-01  -1.8909E+00
   1986.50   1.8830E+04   9.9234E+00   4.4778E+04  -8.3488E+00   2.6952E+00   1.1206E+01  -6.8318E-01   2.2055E-01  -1.8340E+00
   1986.58   1.8830E+04   1.2442E+01   4.4780E+04  -8.1016E+00   2.6148E+00   1.0874E+01  -6.6296E-01   2.1397E-01  -1.7797E+00
   1986.67   1.8829E+04   1.4948E+01   4.4783E+04  -7.8679E+00   2.5386E+00   1.0560E+01  -6.4383E-01   2.0774E-01  -1.7283E+00
   1986.75   1.8828E+04   1.7443E+01   4.4785E+04  -7.6495E+00   2.4674E+00   1.0267E+01  -6.2596E-01   2.0191E-01  -1.6802E+00
   1986.83   1.8828E+04   1.9926E+01   4.4787E+04  -7.4484E+00   2.4018E+00   9.9962E+00  -6.0950E-01   1.9654E-01  -1.6360E+00
   1986.92   1.8827E+04   2.2397E+01   4.4790E+04  -7.2664E+00   2.3423E+00   9.7515E+00  -5.9461E-01   1.9167E-01  -1.5959E+00
   1987.00   1.8827E+04   2.4857E+01   4.4792E+04  -7.1054E+00   2.2895E+00   9.5350E+00  -5.8144E-01   1.8735E-01  -1.5605E+00
   1987.08   1.8826E+04   2.7305E+01   4.4794E+04  -6.9674E+00   2.2442E+00   9.3493E+00  -5.7014E-01   1.8364E-01  -1.5301E+00
   1987.17   1.8825E+04   2.9742E+01   4.4797E+04  -6.8542E+00   2.2067E+00   9.1969E+00  -5.6088E-01   1.8058E-01  -1.5052E+00
   1987.25   1.8825E+04   3.2168E+01   4.4799E+04  -6.7678E+00   2.1779E+00   9.0803E+00  -5.5381E-01   1.7822E-01  -1.4861E+00
   1987.33   1.8824E+04   3.4582E+01   4.4801E+04  -6.7100E+00   2.1583E+00   9.0021E+00  -5.4908E-01   1.7661E-01  -1.4733E+00
   1987.42   1.8823E+04   3.6986E+01   4.4804E+04  -6.6827E+00   2.1484E+00   8.9648E+00  -5.4685E-01   1.7580E-01  -1.4672E+00
   1987.50   1.8823E+04   3.9379E+01   4.4806E+04  -6.6879E+00   2.1489E+00   8.9711E+00  -5.4728E-01   1.7585E-01  -1.4682E+00
   1987.58   1.8822E+04   4.1761E+01   4.4809E+04  -6.7275E+00   2.1605E+00   9.0234E+00  -5.5051E-01   1.7679E-01  -1.4768E+00
   1987.67   1.8822E+04   4.4133E+01   4.4811E+04  -6.8032E+00   2.1836E+00   9.1242E+00  -5.5671E-01   1.7868E-01  -1.4933E+00
   1987.75   1.8821E+04   4.6495E+01   4.4813E+04  -6.9171E+00   2.2189E+00   9.2762E+00  -5.6603E-01   1.8158E-01  -1.5181E+00
   1987.83   1.8821E+04   4.8846E+01   4.4816E+04  -7.0711E+00   2.2671E+00   9.4818E+00  -5.7863E-01   1.8552E-01  -1.5518E+00
   1987.92   1.8820E+04   5.1187E+01   4.4818E+04  -7.2670E+00   2.3287E+00   9.7437E+00  -5.9466E-01   1.9056E-01  -1.5947E+00
   1988.00   1.8819E+04   5.3518E+01   4.4820E+04  -7.5067E+00   2.4043E+00   1.0064E+01  -6.1428E-01   1.9674E-01  -1.6471E+00
   1988.08   1.8819E+04   5.5839E+01   4.4823E+04  -7.7912E+00   2.4942E+00   1.0445E+01  -6.3756E-01   2.0410E-01  -1.7094E+00
   1988.17   1.8818E+04   5.8150E+01   4.4825E+04  -8.1176E+00   2.5975E+00   1.0882E+01  -6.6427E-01   2.1256E-01  -1.7809E+00
   1988.25   1.8818E+04   6.0451E+01   4.4827E+04  -8.4821E+00   2.7130E+00   1.1369E+01  -6.9409E-01   2.2201E-01  -1.8607E+00
   1988.33   1.8817E+04   6.2741E+01   4.4830E+04  -8.8807E+00   2.8394E+00   1.1903E+01  -7.2671E-01   2.3235E-01  -1.9481E+00
   1988.42   1.8817E+04   6.5020E+01   4.4832E+04  -9.3096E+00   2.9755E+00   1.2477E+01  -7.6181E-01   2.4349E-01  -2.0420E+00
   1988.50   1.8816E+04   6.7288E+01   4.4834E+04  -9.7649E+00   3.1201E+00   1.3087E+01  -7.9907E-01   2.5532E-01  -2.1418E+00
   1988.58   1.8815E+04   6.9544E+01   4.4837E+04  -1.0243E+01   3.2719E+00   1.3727E+01  -8.3818E-01   2.6774E-01  -2.2465E+00
   1988.67   1.8815E+04   7.1788E+01   4.4839E+04  -1.0740E+01   3.4297E+00   1.4392E+01  -8.7883E-01   2.8066E-01  -2.3554E+00
   1988.75   1.8814E+04   7.4021E+01   4.4841E+04  -1.1251E+01   3.5923E+00   1.5077E+01  -9.2069E-01   2.9396E-01  -2.4675E+00
   1988.83   1.8814E+04   7.6241E+01   4.4843E+04  -1.1774E+01   3.7584E+00   1.5777E+01  -9.6345E-01   3.0755E-01  -2.5820E+00
   1988.92   1.8813E+04   7.8449E+01   4.4846E+04  -1.2304E+01   3.9268E+00   1.6486E+01  -1.0068E+00   3.2133E-01  -2.6981E+00
   1989.00   1.8813E+04   8.0644E+01   4.4848E+04  -1.2837E+01   4.0962E+00   1.7200E+01  -1.0504E+00   3.3519E-01  -2.8149E+00
   1989.08   1.8812E+04   8.2826E+01   4.4850E+04  -1.3369E+01   4.2655E+00   1.7913E+01  -1.0940E+00   3.4905E-01  -2.9316E+00
   1989.17   1.8812E+04   8.4995E+01   4.4852E+04  -1.3897E+01   4.4334E+00   1.8620E+01  -1.1372E+00   3.6278E-01  -3.0474E+00
   1989.25   1.8811E+04   8.7150E+01   4.4855E+04  -1.4417E+01   4.5986E+00   1.9316E+01  -1.1798E+00   3.7630E-01  -3.1613E+00
   1989.33   1.8811E+04   8.9292E+01   4.4857E+04  -1.4925E+01   4.7599E+00   1.9996E+01  -1.2213E+00   3.8951E-01  -3.2726E+00
   1989.42   1.8810E+04   9.1419E+01   4.4859E+04  -1.5417E+01   4.9162E+00   2.0654E+01  -1.2616E+00   4.0229E-01  -3.3803E+00
   1989.50   1.8810E+04   9.3532E+01   4.4861E+04  -1.5889E+01   5.0661E+00   2.1286E+01  -1.3002E+00   4.1456E-01  -3.4837E+00
   1989.58   1.8809E+04   9.5630E+01   4.4863E+04  -1.6337E+01   5.2084E+00   2.1886E+01  -1.3369E+00   4.2621E-01  -3.5820E+00
   1989.67   1.8809E+04   9.7714E+01   4.4865E+04  -1.6758E+01   5.3420E+00   2.2450E+01  -1.3713E+00   4.3714E-01  -3.6741E+00
   1989.75   1.8808E+04   9.9782E+01   4.4867E+04  -1.7147E+01   5.4655E+00   2.2971E+01  -1.4032E+00   4.4724E-01  -3.7594E+00
   1989.83   1.8808E+04   1.0184E+02   4.4870E+04  -1.7501E+01   5.5777E+00   2.3445E+01  -1.4321E+00   4.5642E-01  -3.8370E+00
   1989.92   1.8807E+04   1.0387E+02   4.4872E+04  -1.7816E+01   5.6774E+00   2.3866E+01  -1.4579E+00   4.6458E-01  -3.9060E+00
   1990.00   1.8807E+04   1.0589E+02   4.4874E+04  -1.8088E+01   5.7633E+00   2.4230E+01  -1.4802E+00   4.7162E-01  -3.9655E+00
   1990.08   1.8806E+04   1.0790E+02   4.4876E+04  -1.8315E+01   5.8347E+00   2.4533E+01  -1.4987E+00   4.7745E-01  -4.0150E+00
   1990.17   1.8806E+04   1.0989E+02   4.4878E+04  -1.8496E+01   5.8918E+00   2.4776E+01  -1.5136E+00   4.8213E-01  -4.0548E+00
   1990.25   1.8806E+04   1.1187E+02   4.4880E+04  -1.8637E+01   5.9355E+00   2.4963E+01  -1.5250E+00   4.8571E-01  -4.0854E+00
   1990.33   1.8805E+04   1.1384E+02   4.4882E+04  -1.8737E+01   5.9667E+00   2.5097E+01  -1.5333E+00   4.8826E-01  -4.1073E+00
   1990.42   1.8805E+04   1.1580E+02   4.4884E+04  -1.8801E+01   5.9860E+00   2.5181E+01  -1.5385E+00   4.8984E-01  -4.1212E+00
   1990.50   1.8804E+04   1.1776E+02   4.4886E+04  -1.8830E+01   5.9943E+00   2.5220E+01  -1.5409E+00   4.9052E-01  -4.1275E+00
   1990.58   1.8804E+04   1.1971E+02   4.4887E+04  -1.8827E+01   5.9924E+00   2.5215E+01  -1.5406E+00   4.9036E-01  -4.1267E+00
   1990.67   1.8804E+04   1.2166E+02   4.4889E+04  -1.8795E+01   5.9810E+00   2.5171E+01  -1.5380E+00   4.8943E-01  -4.1195E+00
   1990.75   1.8803E+04   1.2361E+02   4.4891E+04  -1.8736E+01   5.9610E+00   2.5091E+01  -1.5331E+00   4.8779E-01  -4.1064E+00
   1990.83   1.8803E+04   1.2557E+02   4.4893E+04  -1.8652E+01   5.9331E+00   2.4978E+01  -1.5263E+00   4.8550E-01  -4.0879E+00
   1990.92   1.8803E+04   1.2753E+02   4.4895E+04  -1.8546E+01   5.8981E+00   2.4835E+01  -1.5176E+00   4.8264E-01  -4.0645E+00
   1991.00   1.8802E+04   1.2949E+02   4.4897E+04  -1.8420E+01   5.8568E+00   2.4666E+01  -1.5073E+00   4.7927E-01  -4.0368E+00
   1991.08   1.8802E+04   1.3147E+02   4.4899E+04  -1.8277E+01   5.8101E+00   2.4474E+01  -1.4956E+00   4.7544E-01  -4.0054E+00
   1991.17   1.8802E+04   1.3345E+02   4.4901E+04  -1.8120E+01   5.7586E+00   2.4262E+01  -1.4828E+00   4.7123E-01  -3.9707E+00
   1991.25   1.8801E+04   1.3545E+02   4.4902E+04  -1.7950E+01   5.7033E+00   2.4034E+01  -1.4689E+00   4.6670E-01  -3.9334E+00
   1991.33   1.8801E+04   1.3747E+02   4.4904E+04  -1.7771E+01   5.6448E+00   2.3793E+01  -1.4542E+00   4.6191E-01  -3.8939E+00
   1991.42   1.8801E+04   1.3950E+02   4.4906E+04  -1.7585E+01   5.5840E+00   2.3542E+01  -1.4389E+00   4.5694E-01  -3.8529E+00
   1991.50   1.8801E+04   1.4155E+02   4.4908E+04  -1.7393E+01   5.5216E+00   2.3285E+01  -1.4233E+00   4.5184E-01  -3.8108E+00
   1991.58   1.8800E+04   1.4363E+02   4.4910E+04  -1.7200E+01   5.4585E+00   2.3024E+01  -1.4074E+00   4.4667E-01  -3.7682E+00
   1991.67   1.8800E+04   1.4572E+02   4.4911E+04  -1.7006E+01   5.3954E+00   2.2764E+01  -1.3916E+00   4.4151E-01  -3.7256E+00
   1991.75   1.8800E+04   1.4784E+02   4.4913E+04  -1.6815E+01   5.3332E+00   2.2508E+01  -1.3760E+00   4.3642E-01  -3.6836E+00
   1991.83   1.8800E+04   1.5000E+02   4.4915E+04  -1.6630E+01   5.2726E+00   2.2258E+01  -1.3608E+00   4.3146E-01  -3.6428E+00
   1991.92   1.8800E+04   1.5218E+02   4.4917E+04  -1.6451E+01   5.2143E+00   2.2018E+01  -1.3462E+00   4.2669E-01  -3.6036E+00
   1992.00   1.8800E+04   1.5439E+02   4.4919E+04  -1.6283E+01   5.1593E+00   2.1792E+01  -1.3325E+00   4.2219E-01  -3.5666E+00
   1992.08   1.8799E+04   1.5664E+02   4.4921E+04  -1.6127E+01   5.1081E+00   2.1582E+01  -1.3197E+00   4.1800E-01  -3.5322E+00
   1992.17   1.8799E+04   1.5891E+02   4.4922E+04  -1.5983E+01   5.0605E+00   2.1387E+01  -1.3079E+00   4.1410E-01  -3.5003E+00
   1992.25   1.8799E+04   1.6123E+02   4.4924E+04  -1.5848E+01   5.0161E+00   2.1206E+01  -1.2968E+00   4.1047E-01  -3.4706E+00
   1992.33   1.8799E+04   1.6357E+02   4.4926E+04  -1.5722E+01   4.9745E+00   2.1037E+01  -1.2865E+00   4.0707E-01  -3.4429E+00
   1992.42   1.8799E+04   1.6595E+02   4.4928E+04  -1.5604E+01   4.9354E+00   2.0877E+01  -1.2769E+00   4.0387E-01  -3.4168E+00
   1992.50   1.8799E+04   1.6835E+02   4.4930E+04  -1.5492E+01   4.8984E+00   2.0727E+01  -1.2677E+00   4.0083E-01  -3.3922E+00
   1992.58   1.8799E+04   1.7078E+02   4.4931E+04  -1.5386E+01   4.8630E+00   2.0583E+01  -1.2590E+00   3.9794E-01  -3.3687E+00
   1992.67   1.8799E+04   1.7324E+02   4.4933E+04  -1.5283E+01   4.8289E+00   2.0445E+01  -1.2506E+00   3.9515E-01  -3.3460E+00
   1992.75   1.8799E+04   1.7573E+02   4.4935E+04  -1.5183E+01   4.7957E+00   2.0310E+01  -1.2424E+00   3.9244E-01  -3.3240E+00
   1992.83   1.8799E+04   1.7825E+02   4.4937E+04  -1.5085E+01   4.7631E+00   2.0178E+01  -1.2344E+00   3.8977E-01  -3.3023E+00
   1992.92   1.8799E+04   1.8079E+02   4.4939E+04  -1.4987E+01   4.7306E+00   2.0046E+01  -1.2264E+00   3.8711E-01  -3.2807E+00
   1993.00   1.8799E+04   1.8335E+02   4.4941E+04  -1.4888E+01   4.6978E+00   1.9912E+01  -1.2183E+00   3.8443E-01  -3.2589E+00
   1993.08   1.8799E+04   1.8594E+02   4.4943E+04  -1.4786E+01   4.6644E+00   1.9776E+01  -1.2100E+00   3.8169E-01  -3.2366E+00
   1993.17   1.8799E+04   1.8855E+02   4.4944E+04  -1.4682E+01   4.6300E+00   1.9636E+01  -1.2014E+00   3.7888E-01  -3.2136E+00
   1993.25   1.8800E+04   1.9119E+02   4.4946E+04  -1.4573E+01   4.5942E+00   1.9489E+01  -1.1925E+00   3.7595E-01  -3.1895E+00
   1993.33   1.8800E+04   1.9384E+02   4.4948E+04  -1.4458E+01   4.5566E+00   1.9334E+01  -1.1831E+00   3.7287E-01  -3.1642E+00
   1993.42   1.8800E+04   1.9652E+02   4.4950E+04  -1.4336E+01   4.5169E+00   1.9170E+01  -1.1731E+00   3.6962E-01  -3.1374E+00
   1993.50   1.8800E+04   1.9921E+02   4.4952E+04  -1.4205E+01   4.4746E+00   1.8995E+01  -1.1624E+00   3.6615E-01  -3.1088E+00
   1993.58   1.8800E+04   2.0192E+02   4.4954E+04  -1.4066E+01   4.4293E+00   1.8807E+01  -1.1510E+00   3.6245E-01  -3.0780E+00
   1993.67   1.8800E+04   2.0465E+02   4.4956E+04  -1.3915E+01   4.3807E+00   1.8605E+01  -1.1387E+00   3.5847E-01  -3.0450E+00
   1993.75   1.8800E+04   2.0740E+02   4.4958E+04  -1.3752E+01   4.3284E+00   1.8388E+01  -1.1254E+00   3.5419E-01  -3.0093E+00
   1993.83   1.8801E+04   2.1016E+02   4.4960E+04  -1.3577E+01   4.2720E+00   1.8152E+01  -1.1110E+00   3.4958E-01  -2.9708E+00
   1993.92   1.8801E+04   2.1294E+02   4.4962E+04  -1.3386E+01   4.2111E+00   1.7897E+01  -1.0954E+00   3.4459E-01  -2.9291E+00
   1994.00   1.8801E+04   2.1574E+02   4.4964E+04  -1.3181E+01   4.1453E+00   1.7621E+01  -1.0786E+00   3.3921E-01  -2.8839E+00
   1994.08   1.8801E+04   2.1854E+02   4.4966E+04  -1.2958E+01   4.0745E+00   1.7324E+01  -1.0604E+00   3.3341E-01  -2.8352E+00
   1994.17   1.8801E+04   2.2136E+02   4.4968E+04  -1.2721E+01   3.9988E+00   1.7006E+01  -1.0409E+00   3.2722E-01  -2.7832E+00
   1994.25   1.8802E+04   2.2419E+02   4.4970E+04  -1.2469E+01   3.9188E+00   1.6669E+01  -1.0204E+00   3.2068E-01  -2.7281E+00
   1994.33   1.8802E+04   2.2704E+02   4.4972E+04  -1.2205E+01   3.8350E+00   1.6316E+01  -9.9877E-01   3.1382E-01  -2.6703E+00
   1994.42   1.8802E+04   2.2990E+02   4.4975E+04  -1.1931E+01   3.7477E+00   1.5948E+01  -9.7628E-01   3.0668E-01  -2.6101E+00
   1994.50   1.8802E+04   2.3277E+02   4.4977E+04  -1.1646E+01   3.6576E+00   1.5568E+01  -9.5302E-01   2.9930E-01  -2.5478E+00
   1994.58   1.8803E+04   2.3566E+02   4.4979E+04  -1.1354E+01   3.5649E+00   1.5177E+01  -9.2911E-01   2.9172E-01  -2.4838E+00
   1994.67   1.8803E+04   2.3857E+02   4.4981E+04  -1.1055E+01   3.4703E+00   1.4777E+01  -9.0467E-01   2.8397E-01  -2.4184E+00
   1994.75   1.8803E+04   2.4148E+02   4.4983E+04  -1.0752E+01   3.3741E+00   1.4371E+01  -8.7982E-01   2.7610E-01  -2.3519E+00
   1994.83   1.8803E+04   2.4442E+02   4.4985E+04  -1.0445E+01   3.2769E+00   1.3960E+01  -8.5469E-01   2.6815E-01  -2.2847E+00
   1994.92   1.8804E+04   2.4736E+02   4.4988E+04  -1.0135E+01   3.1790E+00   1.3546E+01  -8.2939E-01   2.6014E-01  -2.2170E+00
   1995.00   1.8804E+04   2.5032E+02   4.4990E+04  -9.8258E+00   3.0810E+00   1.3132E+01  -8.0405E-01   2.5212E-01  -2.1492E+00
   1995.08   1.8804E+04   2.5330E+02   4.4992E+04  -9.5171E+00   2.9833E+00   1.2719E+01  -7.7879E-01   2.4412E-01  -2.0816E+00
   1995.17   1.8804E+04   2.5629E+02   4.4994E+04  -9.2108E+00   2.8864E+00   1.2309E+01  -7.5373E-01   2.3620E-01  -2.0146E+00
   1995.25   1.8805E+04   2.5930E+02   4.4997E+04  -8.9085E+00   2.7908E+00   1.1905E+01  -7.2899E-01   2.2837E-01  -1.9484E+00
   1995.33   1.8805E+04   2.6233E+02   4.4999E+04  -8.6116E+00   2.6968E+00   1.1508E+01  -7.0469E-01   2.2068E-01  -1.8834E+00
   1995.42   1.8805E+04   2.6536E+02   4.5001E+04  -8.3216E+00   2.6051E+00   1.1120E+01  -6.8096E-01   2.1317E-01  -1.8199E+00
   1995.50   1.8805E+04   2.6842E+02   4.5004E+04  -8.0400E+00   2.5160E+00   1.0743E+01  -6.5792E-01   2.0588E-01  -1.7583E+00
   1995.58   1.8806E+04   2.7149E+02   4.5006E+04  -7.7683E+00   2.4299E+00   1.0380E+01  -6.3568E-01   1.9884E-01  -1.6988E+00
   1995.67   1.8806E+04   2.7458E+02   4.5008E+04  -7.5079E+00   2.3475E+00   1.0032E+01  -6.1438E-01   1.9210E-01  -1.6418E+00
   1995.75   1.8806E+04   2.7768E+02   4.5011E+04  -7.2604E+00   2.2691E+00   9.7005E+00  -5.9412E-01   1.8568E-01  -1.5876E+00
   1995.83   1.8806E+04   2.8080E+02   4.5013E+04  -7.0272E+00   2.1952E+00   9.3886E+00  -5.7504E-01   1.7964E-01  -1.5365E+00
   1995.92   1.8807E+04   2.8394E+02   4.5016E+04  -6.8099E+00   2.1263E+00   9.0978E+00  -5.5726E-01   1.7399E-01  -1.4890E+00
   1996.00   1.8807E+04   2.8709E+02   4.5018E+04  -6.6098E+00   2.0628E+00   8.8302E+00  -5.4089E-01   1.6880E-01  -1.4452E+00
   1996.08   1.8807E+04   2.9026E+02   4.5020E+04  -6.4284E+00   2.0051E+00   8.5874E+00  -5.2604E-01   1.6408E-01  -1.4054E+00
   1996.17   1.8807E+04   2.9344E+02   4.5023E+04  -6.2658E+00   1.9533E+00   8.3698E+00  -5.1273E-01   1.5984E-01  -1.3698E+00
   1996.25   1.8807E+04   2.9664E+02   4.5025E+04  -6.1222E+00   1.9075E+00   8.1777E+00  -5.0098E-01   1.5609E-01  -1.3384E+00
   1996.33   1.8808E+04   2.9985E+02   4.5028E+04  -5.9978E+00   1.8677E+00   8.0111E+00  -4.9080E-01   1.5283E-01  -1.3111E+00
   1996.42   1.8808E+04   3.0308E+02   4.5030E+04  -5.8925E+00   1.8339E+00   7.8701E+00  -4.8219E-01   1.5007E-01  -1.2880E+00
   1996.50   1.8808E+04   3.0631E+02   4.5033E+04  -5.8066E+00   1.8060E+00   7.7550E+00  -4.7516E-01   1.4779E-01  -1.2692E+00
   1996.58   1.8808E+04   3.0954E+02   4.5035E+04  -5.7401E+00   1.7843E+00   7.6658E+00  -4.6972E-01   1.4601E-01  -1.2546E+00
   1996.67   1.8808E+04   3.1279E+02   4.5038E+04  -5.6932E+00   1.7686E+00   7.6028E+00  -4.6588E-01   1.4473E-01  -1.2443E+00
   1996.75   1.8809E+04   3.1604E+02   4.5040E+04  -5.6659E+00   1.7590E+00   7.5659E+00  -4.6364E-01   1.4394E-01  -1.2382E+00
   1996.83   1.8809E+04   3.1929E+02   4.5043E+04  -5.6584E+00   1.7556E+00   7.5555E+00  -4.6303E-01   1.4366E-01  -1.2365E+00
   1996.92   1.8809E+04   3.2254E+02   4.5045E+04  -5.6707E+00   1.7583E+00   7.5715E+00  -4.6404E-01   1.4388E-01  -1.2392E+00
   1997.00   1.8809E+04   3.2579E+02   4.5048E+04  -5.7030E+00   1.7672E+00   7.6142E+00  -4.6668E-01   1.4461E-01  -1.2461E+00
   1997.08   1.8809E+04   3.2904E+02   4.5050E+04  -5.7553E+00   1.7823E+00   7.6837E+00  -4.7096E-01   1.4585E-01  -1.2575E+00
   1997.17   1.8810E+04   3.3228E+02   4.5053E+04  -5.8279E+00   1.8037E+00   7.7801E+00  -4.7690E-01   1.4760E-01  -1.2733E+00
   1997.25   1.8810E+04   3.3552E+02   4.5055E+04  -5.9207E+00   1.8313E+00   7.9037E+00  -4.8449E-01   1.4986E-01  -1.2935E+00
   1997.33   1.8810E+04   3.3875E+02   4.5058E+04  -6.0339E+00   1.8652E+00   8.0544E+00  -4.9376E-01   1.5263E-01  -1.3182E+00
   1997.42   1.8810E+04   3.4198E+02   4.5061E+04  -6.1677E+00   1.9054E+00   8.2324E+00  -5.0470E-01   1.5592E-01  -1.3473E+00
   1997.50   1.8810E+04   3.4519E+02   4.5063E+04  -6.3220E+00   1.9520E+00   8.4380E+00  -5.1733E-01   1.5973E-01  -1.3810E+00
   1997.58   1.8810E+04   3.4839E+02   4.5066E+04  -6.4970E+00   2.0050E+00   8.6712E+00  -5.3165E-01   1.6407E-01  -1.4191E+00
   1997.67   1.8810E+04   3.5158E+02   4.5069E+04  -6.6929E+00   2.0643E+00   8.9321E+00  -5.4768E-01   1.6892E-01  -1.4618E+00
   1997.75   1.8811E+04   3.5475E+02   4.5071E+04  -6.9097E+00   2.1301E+00   9.2210E+00  -5.6542E-01   1.7430E-01  -1.5091E+00
   1997.83   1.8811E+04   3.5791E+02   4.5074E+04  -7.1475E+00   2.2023E+00   9.5379E+00  -5.8488E-01   1.8021E-01  -1.5610E+00
   1997.92   1.8811E+04   3.6105E+02   4.5077E+04  -7.4064E+00   2.2810E+00   9.8830E+00  -6.0607E-01   1.8665E-01  -1.6175E+00
   1998.00   1.8811E+04   3.6417E+02   4.5079E+04  -7.6866E+00   2.3662E+00   1.0256E+01  -6.2900E-01   1.9362E-01  -1.6786E+00
   1998.08   1.8811E+04   3.6727E+02   4.5082E+04  -7.9877E+00   2.4577E+00   1.0658E+01  -6.5364E-01   2.0112E-01  -1.7442E+00
   1998.17   1.8811E+04   3.7034E+02   4.5085E+04  -8.3077E+00   2.5551E+00   1.1084E+01  -6.7982E-01   2.0908E-01  -1.8140E+00
   1998.25   1.8811E+04   3.7340E+02   4.5087E+04  -8.6439E+00   2.6574E+00   1.1532E+01  -7.0733E-01   2.1746E-01  -1.8874E+00
   1998.33   1.8812E+04   3.7644E+02   4.5090E+04  -8.9939E+00   2.7639E+00   1.1999E+01  -7.3598E-01   2.2617E-01  -1.9637E+00
   1998.42   1.8812E+04   3.7946E+02   4.5093E+04  -9.3552E+00   2.8739E+00   1.2480E+01  -7.6554E-01   2.3517E-01  -2.0425E+00
   1998.50   1.8812E+04   3.8247E+02   4.5096E+04  -9.7253E+00   2.9866E+00   1.2973E+01  -7.9582E-01   2.4439E-01  -2.1232E+00
   1998.58   1.8812E+04   3.8545E+02   4.5098E+04  -1.0102E+01   3.1011E+00   1.3475E+01  -8.2661E-01   2.5376E-01  -2.2053E+00
   1998.67   1.8812E+04   3.8843E+02   4.5101E+04  -1.0481E+01   3.2168E+00   1.3981E+01  -8.5770E-01   2.6323E-01  -2.2882E+00
   1998.75   1.8812E+04   3.9139E+02   4.5104E+04  -1.0863E+01   3.3328E+00   1.4489E+01  -8.8889E-01   2.7272E-01  -2.3713E+00
   1998.83   1.8812E+04   3.9433E+02   4.5107E+04  -1.1242E+01   3.4484E+00   1.4995E+01  -9.1996E-01   2.8218E-01  -2.4541E+00
   1998.92   1.8813E+04   3.9726E+02   4.5110E+04  -1.1618E+01   3.5628E+00   1.5496E+01  -9.5072E-01   2.9154E-01  -2.5361E+00
   1999.00   1.8813E+04   4.0018E+02   4.5112E+04  -1.1988E+01   3.6752E+00   1.5989E+01  -9.8095E-01   3.0074E-01  -2.6167E+00
   1999.08   1.8813E+04   4.0309E+02   4.5115E+04  -1.2348E+01   3.7849E+00   1.6469E+01  -1.0105E+00   3.0972E-01  -2.6953E+00
   1999.17   1.8813E+04   4.0599E+02   4.5118E+04  -1.2697E+01   3.8911E+00   1.6934E+01  -1.0390E+00   3.1841E-01  -2.7715E+00
   1999.25   1.8813E+04   4.0888E+02   4.5121E+04  -1.3032E+01   3.9929E+00   1.7381E+01  -1.0665E+00   3.2674E-01  -2.8446E+00
   1999.33   1.8814E+04   4.1176E+02   4.5124E+04  -1.3351E+01   4.0898E+00   1.7805E+01  -1.0925E+00   3.3467E-01  -2.9141E+00
   1999.42   1.8814E+04   4.1464E+02   4.5127E+04  -1.3651E+01   4.1808E+00   1.8205E+01  -1.1170E+00   3.4211E-01  -2.9794E+00
   1999.50   1.8814E+04   4.1751E+02   4.5129E+04  -1.3929E+01   4.2652E+00   1.8575E+01  -1.1398E+00   3.4902E-01  -3.0400E+00
   1999.58   1.8814E+04   4.2037E+02   4.5132E+04  -1.4183E+01   4.3422E+00   1.8914E+01  -1.1606E+00   3.5532E-01  -3.0954E+00
   1999.67   1.8814E+04   4.2323E+02   4.5135E+04  -1.4410E+01   4.4111E+00   1.9217E+01  -1.1792E+00   3.6096E-01  -3.1450E+00
   1999.75   1.8815E+04   4.2608E+02   4.5138E+04  -1.4609E+01   4.4711E+00   1.9481E+01  -1.1954E+00   3.6587E-01  -3.1882E+00
   1999.83   1.8815E+04   4.2893E+02   4.5141E+04  -1.4775E+01   4.5213E+00   1.9703E+01  -1.2091E+00   3.6998E-01  -3.2246E+00
   1999.92   1.8815E+04   4.3178E+02   4.5144E+04  -1.4908E+01   4.5611E+00   1.9879E+01  -1.2199E+00   3.7324E-01  -3.2534E+00
   2000.00   1.8816E+04   4.3462E+02   4.5147E+04  -1.5004E+01   4.5897E+00   2.0007E+01  -1.2278E+00   3.7558E-01  -3.2743E+00
   2000.08   1.8816E+04   4.3747E+02   4.5150E+04  -1.5062E+01   4.6066E+00   2.0083E+01  -1.2325E+00   3.7696E-01  -3.2868E+00
   2000.17   1.8816E+04   4.4031E+02   4.5153E+04  -1.5083E+01   4.6124E+00   2.0112E+01  -1.2343E+00   3.7743E-01  -3.2915E+00
   2000.25   1.8817E+04   4.4316E+02   4.5156E+04  -1.5072E+01   4.6081E+00   2.0096E+01  -1.2334E+00   3.7708E-01  -3.2890E+00
   2000.33   1.8817E+04   4.4601E+02   4.5159E+04  -1.5031E+01   4.5948E+00   2.0041E+01  -1.2300E+00   3.7599E-01  -3.2800E+00
   2000.42   1.8817E+04   4.4886E+02   4.5162E+04  -1.4964E+01   4.5733E+00   1.9951E+01  -1.2245E+00   3.7423E-01  -3.2652E+00
   2000.50   1.8818E+04   4.5171E+02   4.5164E+04  -1.4873E+01   4.5446E+00   1.9830E+01  -1.2171E+00   3.7189E-01  -3.2454E+00
   2000.58   1.8818E+04   4.5456E+02   4.5167E+04  -1.4763E+01   4.5098E+00   1.9682E+01  -1.2080E+00   3.6904E-01  -3.2211E+00
   2000.67   1.8818E+04   4.5742E+02   4.5170E+04  -1.4635E+01   4.4698E+00   1.9511E+01  -1.1976E+00   3.6576E-01  -3.1932E+00
   2000.75   1.8819E+04   4.6028E+02   4.5173E+04  -1.4494E+01   4.4255E+00   1.9322E+01  -1.1860E+00   3.6214E-01  -3.1623E+00
   2000.83   1.8819E+04   4.6315E+02   4.5176E+04  -1.4342E+01   4.3779E+00   1.9119E+01  -1.1736E+00   3.5825E-01  -3.1290E+00
   2000.92   1.8820E+04   4.6603E+02   4.5179E+04  -1.4183E+01   4.3280E+00   1.8906E+01  -1.1606E+00   3.5416E-01  -3.0942E+00
   2001.00   1.8820E+04   4.6891E+02   4.5183E+04  -1.4019E+01   4.2768E+00   1.8688E+01  -1.1472E+00   3.4997E-01  -3.0584E+00
   2001.08   1.8821E+04   4.7179E+02   4.5186E+04  -1.3855E+01   4.2252E+00   1.8468E+01  -1.1337E+00   3.4575E-01  -3.0224E+00
   2001.17   1.8821E+04   4.7469E+02   4.5189E+04  -1.3692E+01   4.1742E+00   1.8251E+01  -1.1204E+00   3.4158E-01  -2.9869E+00
   2001.25   1.8822E+04   4.7759E+02   4.5192E+04  -1.3535E+01   4.1248E+00   1.8041E+01  -1.1076E+00   3.3754E-01  -2.9526E+00
   2001.33   1.8822E+04   4.8050E+02   4.5195E+04  -1.3387E+01   4.0780E+00   1.7842E+01  -1.0955E+00   3.3370E-01  -2.9201E+00
   2001.42   1.8823E+04   4.8342E+02   4.5198E+04  -1.3250E+01   4.0346E+00   1.7659E+01  -1.0843E+00   3.3015E-01  -2.8901E+00
   2001.50   1.8823E+04   4.8635E+02   4.5201E+04  -1.3129E+01   3.9957E+00   1.7496E+01  -1.0743E+00   3.2697E-01  -2.8634E+00
   2001.58   1.8824E+04   4.8929E+02   4.5204E+04  -1.3025E+01   3.9623E+00   1.7357E+01  -1.0658E+00   3.2424E-01  -2.8407E+00
   2001.67   1.8824E+04   4.9224E+02   4.5207E+04  -1.2942E+01   3.9353E+00   1.7246E+01  -1.0591E+00   3.2203E-01  -2.8225E+00
   2001.75   1.8824E+04   4.9521E+02   4.5210E+04  -1.2885E+01   3.9157E+00   1.7168E+01  -1.0543E+00   3.2042E-01  -2.8097E+00
   2001.83   1.8825E+04   4.9818E+02   4.5214E+04  -1.2854E+01   3.9044E+00   1.7127E+01  -1.0519E+00   3.1950E-01  -2.8030E+00
   2001.92   1.8825E+04   5.0117E+02   4.5217E+04  -1.2855E+01   3.9025E+00   1.7126E+01  -1.0519E+00   3.1935E-01  -2.8029E+00
   2002.00   1.8826E+04   5.0418E+02   4.5220E+04  -1.2889E+01   3.9109E+00   1.7171E+01  -1.0547E+00   3.2003E-01  -2.8103E+00
   2002.08   1.8826E+04   5.0719E+02   4.5223E+04  -1.2960E+01   3.9303E+00   1.7265E+01  -1.0605E+00   3.2161E-01  -2.8255E+00
   2002.17   1.8827E+04   5.1022E+02   4.5226E+04  -1.3064E+01   3.9599E+00   1.7403E+01  -1.0691E+00   3.2404E-01  -2.8482E+00
   2002.25   1.8827E+04   5.1326E+02   4.5230E+04  -1.3199E+01   3.9988E+00   1.7582E+01  -1.0801E+00   3.2722E-01  -2.8775E+00
   2002.33   1.8828E+04   5.1631E+02   4.5233E+04  -1.3362E+01   4.0460E+00   1.7797E+01  -1.0934E+00   3.3108E-01  -2.9127E+00
   2002.42   1.8828E+04   5.1937E+02   4.5236E+04  -1.3548E+01   4.1004E+00   1.8045E+01  -1.1087E+00   3.3554E-01  -2.9532E+00
   2002.50   1.8829E+04   5.2244E+02   4.5240E+04  -1.3755E+01   4.1612E+00   1.8320E+01  -1.1256E+00   3.4051E-01  -2.9982E+00
   2002.58   1.8829E+04   5.2551E+02   4.5243E+04  -1.3980E+01   4.2273E+00   1.8618E+01  -1.1440E+00   3.4592E-01  -3.0470E+00
   2002.67   1.8830E+04   5.2859E+02   4.5246E+04  -1.4219E+01   4.2977E+00   1.8935E+01  -1.1635E+00   3.5169E-01  -3.0990E+00
   2002.75   1.8830E+04   5.3167E+02   4.5249E+04  -1.4468E+01   4.3715E+00   1.9267E+01  -1.1839E+00   3.5772E-01  -3.1532E+00
   2002.83   1.8831E+04   5.3475E+02   4.5253E+04  -1.4725E+01   4.4475E+00   1.9609E+01  -1.2050E+00   3.6394E-01  -3.2092E+00
   2002.92   1.8831E+04   5.3783E+02   4.5256E+04  -1.4987E+01   4.5249E+00   1.9956E+01  -1.2264E+00   3.7028E-01  -3.2660E+00
   2003.00   1.8832E+04   5.4091E+02   4.5259E+04  -1.5249E+01   4.6027E+00   2.0305E+01  -1.2479E+00   3.7664E-01  -3.3231E+00
   2003.08   1.8832E+04   5.4399E+02   4.5263E+04  -1.5509E+01   4.6797E+00   2.0651E+01  -1.2691E+00   3.8294E-01  -3.3797E+00
   2003.17   1.8832E+04   5.4706E+02   4.5266E+04  -1.5764E+01   4.7552E+00   2.0989E+01  -1.2900E+00   3.8912E-01  -3.4351E+00
   2003.25   1.8833E+04   5.5013E+02   4.5269E+04  -1.6010E+01   4.8280E+00   2.1315E+01  -1.3101E+00   3.9507E-01  -3.4885E+00
   2003.33   1.8833E+04   5.5319E+02   4.5272E+04  -1.6243E+01   4.8971E+00   2.1626E+01  -1.3292E+00   4.0073E-01  -3.5393E+00
   2003.42   1.8834E+04   5.5624E+02   4.5275E+04  -1.6461E+01   4.9616E+00   2.1915E+01  -1.3470E+00   4.0601E-01  -3.5867E+00
   2003.50   1.8834E+04   5.5929E+02   4.5279E+04  -1.6660E+01   5.0205E+00   2.2180E+01  -1.3633E+00   4.1083E-01  -3.6300E+00
   2003.58   1.8834E+04   5.6232E+02   4.5282E+04  -1.6838E+01   5.0728E+00   2.2416E+01  -1.3778E+00   4.1511E-01  -3.6686E+00
   2003.67   1.8835E+04   5.6534E+02   4.5285E+04  -1.6990E+01   5.1175E+00   2.2617E+01  -1.3903E+00   4.1877E-01  -3.7016E+00
   2003.75   1.8835E+04   5.6834E+02   4.5288E+04  -1.7113E+01   5.1536E+00   2.2781E+01  -1.4004E+00   4.2172E-01  -3.7284E+00
   2003.83   1.8836E+04   5.7133E+02   4.5291E+04  -1.7204E+01   5.1800E+00   2.2902E+01  -1.4078E+00   4.2388E-01  -3.7482E+00
   2003.92   1.8836E+04   5.7430E+02   4.5294E+04  -1.7260E+01   5.1959E+00   2.2976E+01  -1.4124E+00   4.2518E-01  -3.7603E+00
   2004.00   1.8836E+04   5.7726E+02   4.5297E+04  -1.7278E+01   5.2002E+00   2.2999E+01  -1.4139E+00   4.2553E-01  -3.7641E+00
   2004.08   1.8837E+04   5.8019E+02   4.5300E+04  -1.7255E+01   5.1922E+00   2.2968E+01  -1.4120E+00   4.2488E-01  -3.7590E+00
   2004.17   1.8837E+04   5.8311E+02   4.5303E+04  -1.7193E+01   5.1724E+00   2.2885E+01  -1.4069E+00   4.2326E-01  -3.7453E+00
   2004.25   1.8837E+04   5.8601E+02   4.5306E+04  -1.7094E+01   5.1417E+00   2.2753E+01  -1.3988E+00   4.2075E-01  -3.7238E+00
   2004.33   1.8837E+04   5.8889E+02   4.5309E+04  -1.6962E+01   5.1008E+00   2.2576E+01  -1.3880E+00   4.1740E-01  -3.6948E+00
   2004.42   1.8838E+04   5.9176E+02   4.5312E+04  -1.6798E+01   5.0506E+00   2.2358E+01  -1.3746E+00   4.1329E-01  -3.6591E+00
   2004.50   1.8838E+04   5.9462E+02   4.5315E+04  -1.6606E+01   4.9918E+00   2.2102E+01  -1.3589E+00   4.0848E-01  -3.6173E+00
   2004.58   1.8838E+04   5.9747E+02   4.5318E+04  -1.6389E+01   4.9253E+00   2.1812E+01  -1.3411E+00   4.0304E-01  -3.5698E+00
   2004.67   1.8839E+04   6.0031E+02   4.5321E+04  -1.6149E+01   4.8518E+00   2.1492E+01  -1.3214E+00   3.9703E-01  -3.5173E+00
   2004.75   1.8839E+04   6.0314E+02   4.5323E+04  -1.5888E+01   4.7723E+00   2.1144E+01  -1.3001E+00   3.9052E-01  -3.4604E+00
   2004.83   1.8839E+04   6.0597E+02   4.5326E+04  -1.5610E+01   4.6874E+00   2.0773E+01  -1.2773E+00   3.8357E-01  -3.3997E+00
   2004.92   1.8840E+04   6.0879E+02   4.5329E+04  -1.5316E+01   4.5980E+00   2.0382E+01  -1.2533E+00   3.7626E-01  -3.3357E+00
   2005.00   1.8840E+04   6.1161E+02   4.5332E+04  -1.5011E+01   4.5049E+00   1.9974E+01  -1.2283E+00   3.6864E-01  -3.2690E+00
   2005.08   1.8840E+04   6.1442E+02   4.5334E+04  -1.4696E+01   4.4090E+00   1.9554E+01  -1.2025E+00   3.6079E-01  -3.2003E+00
   2005.17   1.8841E+04   6.1724E+02   4.5337E+04  -1.4374E+01   4.3109E+00   1.9125E+01  -1.1762E+00   3.5277E-01  -3.1300E+00
   2005.25   1.8841E+04   6.2006E+02   4.5339E+04  -1.4047E+01   4.2116E+00   1.8690E+01  -1.1495E+00   3.4464E-01  -3.0589E+00
   2005.33   1.8841E+04   6.2288E+02   4.5342E+04  -1.3720E+01   4.1118E+00   1.8253E+01  -1.1227E+00   3.3647E-01  -2.9874E+00
   2005.42   1.8842E+04   6.2570E+02   4.5345E+04  -1.3393E+01   4.0124E+00   1.7818E+01  -1.0960E+00   3.2834E-01  -2.9161E+00
   2005.50   1.8842E+04   6.2854E+02   4.5347E+04  -1.3071E+01   3.9141E+00   1.7388E+01  -1.0696E+00   3.2029E-01  -2.8457E+00
   2005.58   1.8843E+04   6.3138E+02   4.5350E+04  -1.2755E+01   3.8178E+00   1.6966E+01  -1.0437E+00   3.1241E-01  -2.7767E+00
   2005.67   1.8843E+04   6.3422E+02   4.5352E+04  -1.2448E+01   3.7242E+00   1.6557E+01  -1.0186E+00   3.0475E-01  -2.7097E+00
   2005.75   1.8843E+04   6.3708E+02   4.5355E+04  -1.2153E+01   3.6342E+00   1.6164E+01  -9.9447E-01   2.9739E-01  -2.6454E+00
   2005.83   1.8844E+04   6.3996E+02   4.5357E+04  -1.1873E+01   3.5486E+00   1.5790E+01  -9.7153E-01   2.9039E-01  -2.5842E+00
   2005.92   1.8844E+04   6.4284E+02   4.5360E+04  -1.1609E+01   3.4682E+00   1.5439E+01  -9.5001E-01   2.8380E-01  -2.5267E+00
   2006.00   1.8845E+04   6.4574E+02   4.5362E+04  -1.1366E+01   3.3938E+00   1.5114E+01  -9.3012E-01   2.7771E-01  -2.4736E+00
   2006.08   1.8846E+04   6.4866E+02   4.5365E+04  -1.1145E+01   3.3259E+00   1.4819E+01  -9.1203E-01   2.7216E-01  -2.4253E+00
   2006.17   1.8846E+04   6.5159E+02   4.5367E+04  -1.0945E+01   3.2644E+00   1.4552E+01  -8.9566E-01   2.6713E-01  -2.3816E+00
   2006.25   1.8847E+04   6.5454E+02   4.5370E+04  -1.0765E+01   3.2088E+00   1.4311E+01  -8.8088E-01   2.6258E-01  -2.3421E+00
   2006.33   1.8848E+04   6.5751E+02   4.5372E+04  -1.0602E+01   3.1585E+00   1.4094E+01  -8.6757E-01   2.5846E-01  -2.3066E+00
   2006.42   1.8848E+04   6.6050E+02   4.5375E+04  -1.0456E+01   3.1132E+00   1.3898E+01  -8.5559E-01   2.5475E-01  -2.2745E+00
   2006.50   1.8849E+04   6.6351E+02   4.5377E+04  -1.0324E+01   3.0723E+00   1.3722E+01  -8.4481E-01   2.5140E-01  -2.2457E+00
   2006.58   1.8850E+04   6.6654E+02   4.5380E+04  -1.0205E+01   3.0353E+00   1.3563E+01  -8.3510E-01   2.4838E-01  -2.2197E+00
   2006.67   1.8850E+04   6.6959E+02   4.5382E+04  -1.0098E+01   3.0018E+00   1.3419E+01  -8.2633E-01   2.4564E-01  -2.1962E+00
   2006.75   1.8851E+04   6.7266E+02   4.5384E+04  -1.0001E+01   2.9714E+00   1.3289E+01  -8.1838E-01   2.4315E-01  -2.1749E+00
   2006.83   1.8852E+04   6.7575E+02   4.5387E+04  -9.9120E+00   2.9435E+00   1.3170E+01  -8.1111E-01   2.4087E-01  -2.1554E+00
   2006.92   1.8853E+04   6.7886E+02   4.5389E+04  -9.8299E+00   2.9176E+00   1.3060E+01  -8.0438E-01   2.3875E-01  -2.1374E+00
   2007.00   1.8854E+04   6.8200E+02   4.5391E+04  -9.7528E+00   2.8934E+00   1.2957E+01  -7.9808E-01   2.3677E-01  -2.1205E+00
   2007.08   1.8854E+04   6.8515E+02   4.5394E+04  -9.6793E+00   2.8703E+00   1.2858E+01  -7.9206E-01   2.3488E-01  -2.1044E+00
   2007.17   1.8855E+04   6.8834E+02   4.5396E+04  -9.6077E+00   2.8478E+00   1.2762E+01  -7.8620E-01   2.3304E-01  -2.0887E+00
   2007.25   1.8856E+04   6.9154E+02   4.5399E+04  -9.5365E+00   2.8255E+00   1.2667E+01  -7.8037E-01   2.3121E-01  -2.0730E+00
   2007.33   1.8857E+04   6.9477E+02   4.5401E+04  -9.4640E+00   2.8029E+00   1.2570E+01  -7.7444E-01   2.2936E-01  -2.0572E+00
   2007.42   1.8857E+04   6.9802E+02   4.5403E+04  -9.3887E+00   2.7795E+00   1.2469E+01  -7.6828E-01   2.2745E-01  -2.0407E+00
   2007.50   1.8858E+04   7.0130E+02   4.5406E+04  -9.3089E+00   2.7549E+00   1.2362E+01  -7.6175E-01   2.2543E-01  -2.0232E+00
   2007.58   1.8859E+04   7.0461E+02   4.5408E+04  -9.2231E+00   2.7285E+00   1.2248E+01  -7.5473E-01   2.2328E-01  -2.0045E+00
   2007.67   1.8860E+04   7.0794E+02   4.5410E+04  -9.1297E+00   2.7000E+00   1.2123E+01  -7.4709E-01   2.2094E-01  -1.9841E+00
   2007.75   1.8860E+04   7.1130E+02   4.5413E+04  -9.0271E+00   2.6688E+00   1.1986E+01  -7.3869E-01   2.1839E-01  -1.9617E+00
   2007.83   1.8861E+04   7.1469E+02   4.5415E+04  -8.9136E+00   2.6344E+00   1.1835E+01  -7.2941E-01   2.1558E-01  -1.9369E+00
   2007.92   1.8862E+04   7.1810E+02   4.5417E+04  -8.7878E+00   2.5965E+00   1.1667E+01  -7.1911E-01   2.1247E-01  -1.9095E+00
   2008.00   1.8863E+04   7.2155E+02   4.5420E+04  -8.6479E+00   2.5544E+00   1.1481E+01  -7.0766E-01   2.0903E-01  -1.8790E+00
   2008.08   1.8863E+04   7.2502E+02   4.5422E+04  -8.4931E+00   2.5080E+00   1.1275E+01  -6.9499E-01   2.0523E-01  -1.8453E+00
   2008.17   1.8864E+04   7.2852E+02   4.5424E+04  -8.3249E+00   2.4576E+00   1.1051E+01  -6.8123E-01   2.0111E-01  -1.8087E+00
   2008.25   1.8865E+04   7.3205E+02   4.5427E+04  -8.1454E+00   2.4039E+00   1.0813E+01  -6.6654E-01   1.9671E-01  -1.7696E+00
   2008.33   1.8865E+04   7.3560E+02   4.5429E+04  -7.9568E+00   2.3476E+00   1.0562E+01  -6.5110E-01   1.9210E-01  -1.7286E+00
   2008.42   1.8866E+04   7.3918E+02   4.5431E+04  -7.7612E+00   2.2892E+00   1.0302E+01  -6.3511E-01   1.8733E-01  -1.6860E+00
   2008.50   1.8866E+04   7.4279E+02   4.5434E+04  -7.5610E+00   2.2294E+00   1.0036E+01  -6.1872E-01   1.8244E-01  -1.6425E+00
   2008.58   1.8867E+04   7.4642E+02   4.5436E+04  -7.3581E+00   2.1689E+00   9.7662E+00  -6.0212E-01   1.7748E-01  -1.5983E+00
   2008.67   1.8867E+04   7.5007E+02   4.5439E+04  -7.1549E+00   2.1082E+00   9.4960E+00  -5.8548E-01   1.7251E-01  -1.5541E+00
   2008.75   1.8868E+04   7.5375E+02   4.5441E+04  -6.9533E+00   2.0479E+00   9.2281E+00  -5.6899E-01   1.6758E-01  -1.5103E+00
   2008.83   1.8868E+04   7.5745E+02   4.5443E+04  -6.7558E+00   1.9888E+00   8.9654E+00  -5.5283E-01   1.6275E-01  -1.4673E+00
   2008.92   1.8869E+04   7.6118E+02   4.5446E+04  -6.5643E+00   1.9315E+00   8.7108E+00  -5.3716E-01   1.5805E-01  -1.4256E+00
   2009.00   1.8869E+04   7.6492E+02   4.5448E+04  -6.3810E+00   1.8765E+00   8.4672E+00  -5.2216E-01   1.5355E-01  -1.3857E+00
   2009.08   1.8870E+04   7.6869E+02   4.5450E+04  -6.2082E+00   1.8245E+00   8.2374E+00  -5.0802E-01   1.4930E-01  -1.3481E+00
   2009.17   1.8870E+04   7.7247E+02   4.5453E+04  -6.0480E+00   1.7761E+00   8.0243E+00  -4.9491E-01   1.4534E-01  -1.3133E+00
   2009.25   1.8870E+04   7.7627E+02   4.5455E+04  -5.9025E+00   1.7321E+00   7.8307E+00  -4.8301E-01   1.4174E-01  -1.2816E+00
   2009.33   1.8871E+04   7.8009E+02   4.5458E+04  -5.7740E+00   1.6929E+00   7.6596E+00  -4.7249E-01   1.3853E-01  -1.2536E+00
   2009.42   1.8871E+04   7.8393E+02   4.5460E+04  -5.6646E+00   1.6593E+00   7.5138E+00  -4.6353E-01   1.3578E-01  -1.2297E+00
   2009.50   1.8871E+04   7.8779E+02   4.5462E+04  -5.5764E+00   1.6318E+00   7.3962E+00  -4.5632E-01   1.3353E-01  -1.2105E+00
   2009.58   1.8872E+04   7.9166E+02   4.5465E+04  -5.5117E+00   1.6111E+00   7.3097E+00  -4.5103E-01   1.3184E-01  -1.1963E+00
   2009.67   1.8872E+04   7.9555E+02   4.5467E+04  -5.4726E+00   1.5978E+00   7.2571E+00  -4.4783E-01   1.3075E-01  -1.1877E+00
   2009.75   1.8872E+04   7.9945E+02   4.5470E+04  -5.4613E+00   1.5926E+00   7.2414E+00  -4.4690E-01   1.3032E-01  -1.1851E+00
   2009.83   1.8872E+04   8.0337E+02   4.5472E+04  -5.4799E+00   1.5961E+00   7.2653E+00  -4.4842E-01   1.3061E-01  -1.1890E+00
   2009.92   1.8872E+04   8.0730E+02   4.5475E+04  -5.5306E+00   1.6089E+00   7.3318E+00  -4.5257E-01   1.3165E-01  -1.1999E+00
   2010.00   1.8873E+04   8.1124E+02   4.5477E+04  -5.6156E+00   1.6316E+00   7.4437E+00  -4.5953E-01   1.3351E-01  -1.2182E+00
   2010.08   1.8873E+04   8.1519E+02   4.5480E+04  -5.7362E+00   1.6647E+00   7.6029E+00  -4.6940E-01   1.3622E-01  -1.2443E+00
   2010.17   1.8873E+04   8.1916E+02   4.5482E+04  -5.8902E+00   1.7074E+00   7.8063E+00  -4.8200E-01   1.3972E-01  -1.2776E+00
   2010.25   1.8873E+04   8.2314E+02   4.5485E+04  -6.0747E+00   1.7590E+00   8.0500E+00  -4.9709E-01   1.4394E-01  -1.3175E+00
   2010.33   1.8873E+04   8.2713E+02   4.5487E+04  -6.2865E+00   1.8186E+00   8.3301E+00  -5.1443E-01   1.4882E-01  -1.3633E+00
   2010.42   1.8873E+04   8.3113E+02   4.5490E+04  -6.5227E+00   1.8852E+00   8.6424E+00  -5.3376E-01   1.5427E-01  -1.4144E+00
   2010.50   1.8873E+04   8.3514E+02   4.5492E+04  -6.7803E+00   1.9581E+00   8.9831E+00  -5.5483E-01   1.6023E-01  -1.4702E+00
   2010.58   1.8874E+04   8.3916E+02   4.5495E+04  -7.0562E+00   2.0363E+00   9.3482E+00  -5.7741E-01   1.6663E-01  -1.5299E+00
   2010.67   1.8874E+04   8.4319E+02   4.5498E+04  -7.3475E+00   2.1190E+00   9.7335E+00  -6.0125E-01   1.7340E-01  -1.5930E+00
   2010.75   1.8874E+04   8.4723E+02   4.5500E+04  -7.6510E+00   2.2052E+00   1.0135E+01  -6.2609E-01   1.8046E-01  -1.6587E+00
   2010.83   1.8874E+04   8.5129E+02   4.5503E+04  -7.9639E+00   2.2942E+00   1.0549E+01  -6.5169E-01   1.8774E-01  -1.7265E+00
   2010.92   1.8874E+04   8.5535E+02   4.5505E+04  -8.2830E+00   2.3851E+00   1.0971E+01  -6.7780E-01   1.9517E-01  -1.7956E+00
   2011.00   1.8874E+04   8.5942E+02   4.5508E+04  -8.6054E+00   2.4769E+00   1.1398E+01  -7.0418E-01   2.0268E-01  -1.8654E+00
   2011.08   1.8874E+04   8.6351E+02   4.5510E+04  -8.9281E+00   2.5688E+00   1.1825E+01  -7.3059E-01   2.1021E-01  -1.9353E+00
   2011.17   1.8874E+04   8.6760E+02   4.5513E+04  -9.2479E+00   2.6600E+00   1.2248E+01  -7.5676E-01   2.1767E-01  -2.0046E+00
   2011.25   1.8874E+04   8.7170E+02   4.5516E+04  -9.5620E+00   2.7495E+00   1.2664E+01  -7.8246E-01   2.2499E-01  -2.0726E+00
   2011.33   1.8874E+04   8.7581E+02   4.5518E+04  -9.8672E+00   2.8365E+00   1.3068E+01  -8.0744E-01   2.3211E-01  -2.1387E+00
   2011.42   1.8874E+04   8.7993E+02   4.5521E+04  -1.0161E+01   2.9201E+00   1.3456E+01  -8.3145E-01   2.3896E-01  -2.2023E+00
   2011.50   1.8875E+04   8.8406E+02   4.5523E+04  -1.0439E+01   2.9995E+00   1.3825E+01  -8.5425E-01   2.4545E-01  -2.2626E+00
   2011.58   1.8875E+04   8.8820E+02   4.5526E+04  -1.0700E+01   3.0737E+00   1.4170E+01  -8.7559E-01   2.5153E-01  -2.3191E+00
   2011.67   1.8875E+04   8.9235E+02   4.5529E+04  -1.0940E+01   3.1420E+00   1.4487E+01  -8.9521E-01   2.5711E-01  -2.3710E+00
   2011.75   1.8875E+04   8.9650E+02   4.5531E+04  -1.1156E+01   3.2033E+00   1.4773E+01  -9.1289E-01   2.6213E-01  -2.4178E+00
   2011.83   1.8875E+04   9.0066E+02   4.5534E+04  -1.1345E+01   3.2569E+00   1.5023E+01  -9.2836E-01   2.6652E-01  -2.4587E+00
   2011.92   1.8875E+04   9.0483E+02   4.5536E+04  -1.1504E+01   3.3019E+00   1.5233E+01  -9.4138E-01   2.7020E-01  -2.4931E+00
   2012.00   1.8875E+04   9.0901E+02   4.5539E+04  -1.1630E+01   3.3374E+00   1.5400E+01  -9.5170E-01   2.7310E-01  -2.5204E+00
