   1960.00   1.4524E+04  -3.4462E+03   5.6424E+04  -1.6573E+01  -6.3017E-01   2.5345E+01  -1.3562E+00  -5.1567E-02  -4.1479E+00
   1960.08   1.4528E+04  -3.4466E+03   5.6423E+04  -1.6470E+01  -6.2611E-01   2.5187E+01  -1.3478E+00  -5.1235E-02  -4.1222E+00
   1960.17   1.4533E+04  -3.4471E+03   5.6422E+04  -1.6327E+01  -6.2053E-01   2.4968E+01  -1.3360E+00  -5.0778E-02  -4.0863E+00
   1960.25   1.4538E+04  -3.4475E+03   5.6421E+04  -1.6146E+01  -6.1353E-01   2.4692E+01  -1.3213E+00  -5.0205E-02  -4.0411E+00
   1960.33   1.4543E+04  -3.4480E+03   5.6421E+04  -1.5931E+01  -6.0523E-01   2.4364E+01  -1.3037E+00  -4.9526E-02  -3.9874E+00
   1960.42   1.4548E+04  -3.4485E+03   5.6420E+04  -1.5685E+01  -5.9574E-01   2.3988E+01  -1.2835E+00  -4.8750E-02  -3.9258E+00
   1960.50   1.4552E+04  -3.4489E+03   5.6419E+04  -1.5411E+01  -5.8519E-01   2.3568E+01  -1.2611E+00  -4.7886E-02  -3.8572E+00
   1960.58   1.4557E+04  -3.4494E+03   5.6418E+04  -1.5112E+01  -5.7368E-01   2.3111E+01  -1.2366E+00  -4.6944E-02  -3.7823E+00
   1960.67   1.4562E+04  -3.4500E+03   5.6417E+04  -1.4791E+01  -5.6132E-01   2.2619E+01  -1.2103E+00  -4.5933E-02  -3.7019E+00
   1960.75   1.4567E+04  -3.4505E+03   5.6417E+04  -1.4450E+01  -5.4824E-01   2.2099E+01  -1.1825E+00  -4.4863E-02  -3.6167E+00
   1960.83   1.4572E+04  -3.4511E+03   5.6416E+04  -1.4094E+01  -5.3455E-01   2.1554E+01  -1.1533E+00  -4.3743E-02  -3.5275E+00
   1960.92   1.4577E+04  -3.4516E+03   5.6415E+04  -1.3724E+01  -5.2036E-01   2.0989E+01  -1.1231E+00  -4.2581E-02  -3.4351E+00
   1961.00   1.4582E+04  -3.4523E+03   5.6414E+04  -1.3345E+01  -5.0579E-01   2.0409E+01  -1.0920E+00  -4.1389E-02  -3.3401E+00
   1961.08   1.4587E+04  -3.4529E+03   5.6413E+04  -1.2958E+01  -4.9095E-01   1.9818E+01  -1.0604E+00  -4.0175E-02  -3.2434E+00
   1961.17   1.4593E+04  -3.4536E+03   5.6412E+04  -1.2568E+01  -4.7596E-01   1.9221E+01  -1.0285E+00  -3.8948E-02  -3.1458E+00
   1961.25   1.4598E+04  -3.4543E+03   5.6411E+04  -1.2177E+01  -4.6092E-01   1.8623E+01  -9.9645E-01  -3.7717E-02  -3.0479E+00
   1961.33   1.4603E+04  -3.4550E+03   5.6410E+04  -1.1788E+01  -4.4596E-01   1.8028E+01  -9.6461E-01  -3.6493E-02  -2.9505E+00
   1961.42   1.4608E+04  -3.4557E+03   5.6409E+04  -1.1404E+01  -4.3120E-01   1.7441E+01  -9.3320E-01  -3.5285E-02  -2.8545E+00
   1961.50   1.4613E+04  -3.4565E+03   5.6408E+04  -1.1028E+01  -4.1673E-01   1.6867E+01  -9.0246E-01  -3.4101E-02  -2.7604E+00
   1961.58   1.4618E+04  -3.4574E+03   5.6407E+04  -1.0664E+01  -4.0269E-01   1.6310E+01  -8.7263E-01  -3.2952E-02  -2.6693E+00
   1961.67   1.4624E+04  -3.4583E+03   5.6406E+04  -1.0314E+01  -3.8917E-01   1.5774E+01  -8.4398E-01  -3.1846E-02  -2.5816E+00
   1961.75   1.4629E+04  -3.4592E+03   5.6404E+04  -9.9809E+00  -3.7631E-01   1.5265E+01  -8.1674E-01  -3.0794E-02  -2.4983E+00
   1961.83   1.4634E+04  -3.4602E+03   5.6403E+04  -9.6684E+00  -3.6421E-01   1.4787E+01  -7.9117E-01  -2.9803E-02  -2.4201E+00
   1961.92   1.4639E+04  -3.4612E+03   5.6402E+04  -9.3792E+00  -3.5299E-01   1.4345E+01  -7.6750E-01  -2.8885E-02  -2.3478E+00
   1962.00   1.4645E+04  -3.4622E+03   5.6401E+04  -9.1164E+00  -3.4276E-01   1.3943E+01  -7.4600E-01  -2.8048E-02  -2.2820E+00
   1962.08   1.4650E+04  -3.4634E+03   5.6399E+04  -8.8822E+00  -3.3360E-01   1.3585E+01  -7.2683E-01  -2.7299E-02  -2.2234E+00
   1962.17   1.4655E+04  -3.4645E+03   5.6398E+04  -8.6756E+00  -3.2548E-01   1.3270E+01  -7.0993E-01  -2.6634E-02  -2.1717E+00
   1962.25   1.4661E+04  -3.4657E+03   5.6397E+04  -8.4948E+00  -3.1833E-01   1.2993E+01  -6.9513E-01  -2.6049E-02  -2.1264E+00
   1962.33   1.4666E+04  -3.4670E+03   5.6395E+04  -8.3378E+00  -3.1209E-01   1.2753E+01  -6.8229E-01  -2.5538E-02  -2.0872E+00
   1962.42   1.4671E+04  -3.4683E+03   5.6394E+04  -8.2030E+00  -3.0668E-01   1.2547E+01  -6.7125E-01  -2.5095E-02  -2.0534E+00
   1962.50   1.4677E+04  -3.4696E+03   5.6392E+04  -8.0884E+00  -3.0203E-01   1.2372E+01  -6.6188E-01  -2.4715E-02  -2.0248E+00
   1962.58   1.4682E+04  -3.4710E+03   5.6391E+04  -7.9922E+00  -2.9808E-01   1.2225E+01  -6.5401E-01  -2.4392E-02  -2.0007E+00
   1962.67   1.4687E+04  -3.4724E+03   5.6389E+04  -7.9126E+00  -2.9476E-01   1.2103E+01  -6.4749E-01  -2.4120E-02  -1.9808E+00
   1962.75   1.4693E+04  -3.4739E+03   5.6388E+04  -7.8478E+00  -2.9200E-01   1.2004E+01  -6.4219E-01  -2.3894E-02  -1.9646E+00
   1962.83   1.4698E+04  -3.4754E+03   5.6386E+04  -7.7959E+00  -2.8973E-01   1.1924E+01  -6.3794E-01  -2.3709E-02  -1.9516E+00
   1962.92   1.4704E+04  -3.4769E+03   5.6384E+04  -7.7550E+00  -2.8789E-01   1.1862E+01  -6.3460E-01  -2.3558E-02  -1.9413E+00
   1963.00   1.4709E+04  -3.4784E+03   5.6383E+04  -7.7235E+00  -2.8640E-01   1.1814E+01  -6.3201E-01  -2.3437E-02  -1.9334E+00
   1963.08   1.4714E+04  -3.4800E+03   5.6381E+04  -7.6993E+00  -2.8521E-01   1.1777E+01  -6.3004E-01  -2.3339E-02  -1.9274E+00
   1963.17   1.4720E+04  -3.4815E+03   5.6380E+04  -7.6807E+00  -2.8423E-01   1.1748E+01  -6.2852E-01  -2.3259E-02  -1.9227E+00
   1963.25   1.4725E+04  -3.4832E+03   5.6378E+04  -7.6659E+00  -2.8340E-01   1.1726E+01  -6.2730E-01  -2.3191E-02  -1.9190E+00
   1963.33   1.4731E+04  -3.4848E+03   5.6376E+04  -7.6530E+00  -2.8266E-01   1.1706E+01  -6.2625E-01  -2.3130E-02  -1.9158E+00
   1963.42   1.4736E+04  -3.4864E+03   5.6375E+04  -7.6401E+00  -2.8193E-01   1.1686E+01  -6.2520E-01  -2.3071E-02  -1.9126E+00
   1963.50   1.4742E+04  -3.4880E+03   5.6373E+04  -7.6256E+00  -2.8115E-01   1.1664E+01  -6.2400E-01  -2.3007E-02  -1.9089E+00
   1963.58   1.4747E+04  -3.4897E+03   5.6372E+04  -7.6074E+00  -2.8025E-01   1.1636E+01  -6.2252E-01  -2.2933E-02  -1.9044E+00
   1963.67   1.4753E+04  -3.4914E+03   5.6370E+04  -7.5838E+00  -2.7916E-01   1.1600E+01  -6.2059E-01  -2.2844E-02  -1.8984E+00
   1963.75   1.4758E+04  -3.4930E+03   5.6369E+04  -7.5530E+00  -2.7782E-01   1.1553E+01  -6.1806E-01  -2.2734E-02  -1.8907E+00
   1963.83   1.4763E+04  -3.4947E+03   5.6367E+04  -7.5131E+00  -2.7614E-01   1.1492E+01  -6.1480E-01  -2.2597E-02  -1.8807E+00
   1963.92   1.4769E+04  -3.4964E+03   5.6366E+04  -7.4622E+00  -2.7408E-01   1.1414E+01  -6.1064E-01  -2.2428E-02  -1.8680E+00
   1964.00   1.4774E+04  -3.4981E+03   5.6364E+04  -7.3987E+00  -2.7155E-01   1.1316E+01  -6.0544E-01  -2.2221E-02  -1.8521E+00
   1964.08   1.4780E+04  -3.4998E+03   5.6363E+04  -7.3212E+00  -2.6852E-01   1.1198E+01  -5.9909E-01  -2.1973E-02  -1.8326E+00
   1964.17   1.4786E+04  -3.5014E+03   5.6361E+04  -7.2312E+00  -2.6503E-01   1.1060E+01  -5.9173E-01  -2.1687E-02  -1.8101E+00
   1964.25   1.4791E+04  -3.5031E+03   5.6360E+04  -7.1308E+00  -2.6116E-01   1.0907E+01  -5.8352E-01  -2.1371E-02  -1.7850E+00
   1964.33   1.4797E+04  -3.5048E+03   5.6359E+04  -7.0222E+00  -2.5698E-01   1.0740E+01  -5.7463E-01  -2.1029E-02  -1.7578E+00
   1964.42   1.4802E+04  -3.5064E+03   5.6357E+04  -6.9073E+00  -2.5257E-01   1.0565E+01  -5.6523E-01  -2.0668E-02  -1.7290E+00
   1964.50   1.4808E+04  -3.5081E+03   5.6356E+04  -6.7884E+00  -2.4801E-01   1.0383E+01  -5.5550E-01  -2.0295E-02  -1.6992E+00
   1964.58   1.4813E+04  -3.5097E+03   5.6355E+04  -6.6676E+00  -2.4337E-01   1.0198E+01  -5.4561E-01  -1.9915E-02  -1.6689E+00
   1964.67   1.4819E+04  -3.5114E+03   5.6354E+04  -6.5468E+00  -2.3872E-01   1.0013E+01  -5.3573E-01  -1.9535E-02  -1.6387E+00
   1964.75   1.4824E+04  -3.5130E+03   5.6353E+04  -6.4283E+00  -2.3414E-01   9.8313E+00  -5.2603E-01  -1.9160E-02  -1.6090E+00
   1964.83   1.4830E+04  -3.5146E+03   5.6351E+04  -6.3142E+00  -2.2970E-01   9.6565E+00  -5.1669E-01  -1.8797E-02  -1.5804E+00
   1964.92   1.4836E+04  -3.5162E+03   5.6350E+04  -6.2064E+00  -2.2548E-01   9.4915E+00  -5.0788E-01  -1.8451E-02  -1.5534E+00
   1965.00   1.4841E+04  -3.5178E+03   5.6349E+04  -6.1072E+00  -2.2156E-01   9.3396E+00  -4.9976E-01  -1.8130E-02  -1.5285E+00
   1965.08   1.4847E+04  -3.5194E+03   5.6348E+04  -6.0187E+00  -2.1800E-01   9.2038E+00  -4.9251E-01  -1.7839E-02  -1.5063E+00
   1965.17   1.4852E+04  -3.5210E+03   5.6347E+04  -5.9429E+00  -2.1488E-01   9.0876E+00  -4.8631E-01  -1.7584E-02  -1.4873E+00
   1965.25   1.4858E+04  -3.5226E+03   5.6346E+04  -5.8819E+00  -2.1229E-01   8.9940E+00  -4.8132E-01  -1.7371E-02  -1.4720E+00
   1965.33   1.4864E+04  -3.5242E+03   5.6345E+04  -5.8379E+00  -2.1028E-01   8.9263E+00  -4.7772E-01  -1.7207E-02  -1.4609E+00
   1965.42   1.4869E+04  -3.5257E+03   5.6344E+04  -5.8129E+00  -2.0894E-01   8.8877E+00  -4.7567E-01  -1.7098E-02  -1.4546E+00
   1965.50   1.4875E+04  -3.5273E+03   5.6343E+04  -5.8091E+00  -2.0835E-01   8.8814E+00  -4.7536E-01  -1.7049E-02  -1.4535E+00
   1965.58   1.4881E+04  -3.5288E+03   5.6342E+04  -5.8285E+00  -2.0857E-01   8.9106E+00  -4.7695E-01  -1.7067E-02  -1.4583E+00
   1965.67   1.4886E+04  -3.5304E+03   5.6341E+04  -5.8733E+00  -2.0968E-01   8.9786E+00  -4.8062E-01  -1.7158E-02  -1.4694E+00
   1965.75   1.4892E+04  -3.5319E+03   5.6340E+04  -5.9456E+00  -2.1176E-01   9.0885E+00  -4.8653E-01  -1.7328E-02  -1.4874E+00
   1965.83   1.4898E+04  -3.5334E+03   5.6339E+04  -6.0474E+00  -2.1488E-01   9.2436E+00  -4.9486E-01  -1.7584E-02  -1.5128E+00
   1965.92   1.4903E+04  -3.5349E+03   5.6338E+04  -6.1808E+00  -2.1912E-01   9.4470E+00  -5.0578E-01  -1.7930E-02  -1.5461E+00
   1966.00   1.4909E+04  -3.5363E+03   5.6338E+04  -6.3480E+00  -2.2454E-01   9.7021E+00  -5.1946E-01  -1.8374E-02  -1.5878E+00
   1966.08   1.4915E+04  -3.5378E+03   5.6337E+04  -6.5503E+00  -2.3121E-01   1.0011E+01  -5.3601E-01  -1.8920E-02  -1.6383E+00
   1966.17   1.4921E+04  -3.5392E+03   5.6336E+04  -6.7854E+00  -2.3903E-01   1.0369E+01  -5.5525E-01  -1.9560E-02  -1.6971E+00
   1966.25   1.4926E+04  -3.5406E+03   5.6335E+04  -7.0503E+00  -2.4791E-01   1.0774E+01  -5.7693E-01  -2.0286E-02  -1.7632E+00
   1966.33   1.4932E+04  -3.5421E+03   5.6334E+04  -7.3421E+00  -2.5773E-01   1.1219E+01  -6.0081E-01  -2.1090E-02  -1.8361E+00
   1966.42   1.4938E+04  -3.5435E+03   5.6333E+04  -7.6578E+00  -2.6840E-01   1.1701E+01  -6.2664E-01  -2.1964E-02  -1.9150E+00
   1966.50   1.4944E+04  -3.5449E+03   5.6332E+04  -7.9943E+00  -2.7981E-01   1.2215E+01  -6.5418E-01  -2.2897E-02  -1.9991E+00
   1966.58   1.4949E+04  -3.5463E+03   5.6332E+04  -8.3487E+00  -2.9185E-01   1.2756E+01  -6.8317E-01  -2.3882E-02  -2.0876E+00
   1966.67   1.4955E+04  -3.5476E+03   5.6331E+04  -8.7179E+00  -3.0441E-01   1.3319E+01  -7.1339E-01  -2.4910E-02  -2.1798E+00
   1966.75   1.4961E+04  -3.5490E+03   5.6330E+04  -9.0989E+00  -3.1740E-01   1.3901E+01  -7.4457E-01  -2.5973E-02  -2.2750E+00
   1966.83   1.4967E+04  -3.5504E+03   5.6329E+04  -9.4887E+00  -3.3070E-01   1.4496E+01  -7.7647E-01  -2.7061E-02  -2.3724E+00
   1966.92   1.4973E+04  -3.5517E+03   5.6328E+04  -9.8844E+00  -3.4421E-01   1.5100E+01  -8.0885E-01  -2.8167E-02  -2.4713E+00
   1967.00   1.4979E+04  -3.5531E+03   5.6327E+04  -1.0283E+01  -3.5782E-01   1.5709E+01  -8.4146E-01  -2.9281E-02  -2.5709E+00
   1967.08   1.4985E+04  -3.5545E+03   5.6327E+04  -1.0681E+01  -3.7143E-01   1.6317E+01  -8.7405E-01  -3.0394E-02  -2.6704E+00
   1967.17   1.4991E+04  -3.5558E+03   5.6326E+04  -1.1076E+01  -3.8493E-01   1.6920E+01  -9.0639E-01  -3.1499E-02  -2.7692E+00
   1967.25   1.4997E+04  -3.5572E+03   5.6325E+04  -1.1465E+01  -3.9822E-01   1.7514E+01  -9.3822E-01  -3.2586E-02  -2.8663E+00
   1967.33   1.5004E+04  -3.5585E+03   5.6324E+04  -1.1845E+01  -4.1119E-01   1.8094E+01  -9.6930E-01  -3.3647E-02  -2.9612E+00
   1967.42   1.5010E+04  -3.5599E+03   5.6323E+04  -1.2213E+01  -4.2373E-01   1.8655E+01  -9.9938E-01  -3.4674E-02  -3.0531E+00
   1967.50   1.5016E+04  -3.5612E+03   5.6322E+04  -1.2565E+01  -4.3574E-01   1.9193E+01  -1.0282E+00  -3.5657E-02  -3.1411E+00
   1967.58   1.5023E+04  -3.5626E+03   5.6321E+04  -1.2899E+01  -4.4711E-01   1.9703E+01  -1.0556E+00  -3.6588E-02  -3.2246E+00
   1967.67   1.5029E+04  -3.5640E+03   5.6321E+04  -1.3212E+01  -4.5775E-01   2.0181E+01  -1.0812E+00  -3.7458E-02  -3.3028E+00
   1967.75   1.5036E+04  -3.5653E+03   5.6320E+04  -1.3501E+01  -4.6753E-01   2.0621E+01  -1.1048E+00  -3.8258E-02  -3.3749E+00
   1967.83   1.5043E+04  -3.5667E+03   5.6319E+04  -1.3763E+01  -4.7636E-01   2.1021E+01  -1.1262E+00  -3.8981E-02  -3.4402E+00
   1967.92   1.5049E+04  -3.5681E+03   5.6318E+04  -1.3994E+01  -4.8413E-01   2.1374E+01  -1.1451E+00  -3.9617E-02  -3.4980E+00
   1968.00   1.5056E+04  -3.5695E+03   5.6317E+04  -1.4192E+01  -4.9074E-01   2.1676E+01  -1.1614E+00  -4.0157E-02  -3.5475E+00
   1968.08   1.5063E+04  -3.5709E+03   5.6316E+04  -1.4355E+01  -4.9610E-01   2.1924E+01  -1.1747E+00  -4.0596E-02  -3.5881E+00
   1968.17   1.5070E+04  -3.5723E+03   5.6315E+04  -1.4483E+01  -5.0025E-01   2.2119E+01  -1.1852E+00  -4.0936E-02  -3.6200E+00
   1968.25   1.5077E+04  -3.5738E+03   5.6314E+04  -1.4578E+01  -5.0325E-01   2.2264E+01  -1.1929E+00  -4.1181E-02  -3.6437E+00
   1968.33   1.5084E+04  -3.5752E+03   5.6313E+04  -1.4642E+01  -5.0514E-01   2.2361E+01  -1.1982E+00  -4.1336E-02  -3.6596E+00
   1968.42   1.5091E+04  -3.5766E+03   5.6312E+04  -1.4676E+01  -5.0600E-01   2.2412E+01  -1.2010E+00  -4.1406E-02  -3.6680E+00
   1968.50   1.5099E+04  -3.5781E+03   5.6311E+04  -1.4682E+01  -5.0587E-01   2.2421E+01  -1.2015E+00  -4.1396E-02  -3.6695E+00
   1968.58   1.5106E+04  -3.5796E+03   5.6310E+04  -1.4662E+01  -5.0482E-01   2.2389E+01  -1.1998E+00  -4.1310E-02  -3.6643E+00
   1968.67   1.5113E+04  -3.5811E+03   5.6309E+04  -1.4617E+01  -5.0290E-01   2.2320E+01  -1.1961E+00  -4.1153E-02  -3.6529E+00
   1968.75   1.5121E+04  -3.5825E+03   5.6308E+04  -1.4548E+01  -5.0018E-01   2.2215E+01  -1.1905E+00  -4.0930E-02  -3.6357E+00
   1968.83   1.5128E+04  -3.5840E+03   5.6307E+04  -1.4459E+01  -4.9670E-01   2.2077E+01  -1.1831E+00  -4.0645E-02  -3.6131E+00
   1968.92   1.5136E+04  -3.5856E+03   5.6306E+04  -1.4349E+01  -4.9252E-01   2.1908E+01  -1.1742E+00  -4.0303E-02  -3.5855E+00
   1969.00   1.5144E+04  -3.5871E+03   5.6305E+04  -1.4221E+01  -4.8771E-01   2.1712E+01  -1.1637E+00  -3.9909E-02  -3.5534E+00
   1969.08   1.5151E+04  -3.5886E+03   5.6304E+04  -1.4076E+01  -4.8232E-01   2.1490E+01  -1.1518E+00  -3.9468E-02  -3.5171E+00
   1969.17   1.5159E+04  -3.5902E+03   5.6303E+04  -1.3916E+01  -4.7641E-01   2.1246E+01  -1.1388E+00  -3.8985E-02  -3.4771E+00
   1969.25   1.5167E+04  -3.5917E+03   5.6301E+04  -1.3743E+01  -4.7003E-01   2.0980E+01  -1.1246E+00  -3.8463E-02  -3.4337E+00
   1969.33   1.5175E+04  -3.5933E+03   5.6300E+04  -1.3558E+01  -4.6325E-01   2.0697E+01  -1.1094E+00  -3.7908E-02  -3.3873E+00
   1969.42   1.5183E+04  -3.5949E+03   5.6299E+04  -1.3363E+01  -4.5612E-01   2.0399E+01  -1.0935E+00  -3.7325E-02  -3.3385E+00
   1969.50   1.5190E+04  -3.5965E+03   5.6298E+04  -1.3159E+01  -4.4870E-01   2.0087E+01  -1.0768E+00  -3.6717E-02  -3.2875E+00
   1969.58   1.5198E+04  -3.5981E+03   5.6296E+04  -1.2949E+01  -4.4105E-01   1.9765E+01  -1.0596E+00  -3.6091E-02  -3.2347E+00
   1969.67   1.5206E+04  -3.5997E+03   5.6295E+04  -1.2733E+01  -4.3322E-01   1.9435E+01  -1.0419E+00  -3.5450E-02  -3.1807E+00
   1969.75   1.5214E+04  -3.6013E+03   5.6294E+04  -1.2514E+01  -4.2527E-01   1.9099E+01  -1.0240E+00  -3.4800E-02  -3.1258E+00
   1969.83   1.5222E+04  -3.6029E+03   5.6292E+04  -1.2292E+01  -4.1726E-01   1.8760E+01  -1.0059E+00  -3.4145E-02  -3.0704E+00
   1969.92   1.5230E+04  -3.6046E+03   5.6291E+04  -1.2071E+01  -4.0925E-01   1.8421E+01  -9.8775E-01  -3.3489E-02  -3.0148E+00
   1970.00   1.5238E+04  -3.6062E+03   5.6290E+04  -1.1850E+01  -4.0130E-01   1.8084E+01  -9.6972E-01  -3.2838E-02  -2.9597E+00
   1970.08   1.5246E+04  -3.6079E+03   5.6288E+04  -1.1633E+01  -3.9345E-01   1.7751E+01  -9.5191E-01  -3.2196E-02  -2.9052E+00
   1970.17   1.5254E+04  -3.6096E+03   5.6287E+04  -1.1419E+01  -3.8575E-01   1.7424E+01  -9.3443E-01  -3.1566E-02  -2.8517E+00
   1970.25   1.5262E+04  -3.6113E+03   5.6285E+04  -1.1211E+01  -3.7823E-01   1.7105E+01  -9.1737E-01  -3.0951E-02  -2.7995E+00
   1970.33   1.5270E+04  -3.6130E+03   5.6283E+04  -1.1008E+01  -3.7093E-01   1.6796E+01  -9.0080E-01  -3.0353E-02  -2.7488E+00
   1970.42   1.5278E+04  -3.6147E+03   5.6282E+04  -1.0813E+01  -3.6388E-01   1.6497E+01  -8.8483E-01  -2.9776E-02  -2.6999E+00
   1970.50   1.5286E+04  -3.6164E+03   5.6280E+04  -1.0626E+01  -3.5711E-01   1.6211E+01  -8.6953E-01  -2.9222E-02  -2.6531E+00
   1970.58   1.5294E+04  -3.6182E+03   5.6278E+04  -1.0448E+01  -3.5066E-01   1.5939E+01  -8.5500E-01  -2.8694E-02  -2.6086E+00
   1970.67   1.5302E+04  -3.6199E+03   5.6276E+04  -1.0281E+01  -3.4456E-01   1.5683E+01  -8.4132E-01  -2.8195E-02  -2.5667E+00
   1970.75   1.5310E+04  -3.6217E+03   5.6275E+04  -1.0126E+01  -3.3884E-01   1.5444E+01  -8.2858E-01  -2.7728E-02  -2.5276E+00
   1970.83   1.5318E+04  -3.6235E+03   5.6273E+04  -9.9824E+00  -3.3355E-01   1.5225E+01  -8.1687E-01  -2.7294E-02  -2.4918E+00
   1970.92   1.5326E+04  -3.6252E+03   5.6271E+04  -9.8530E+00  -3.2871E-01   1.5027E+01  -8.0627E-01  -2.6898E-02  -2.4593E+00
   1971.00   1.5334E+04  -3.6270E+03   5.6268E+04  -9.7382E+00  -3.2436E-01   1.4851E+01  -7.9688E-01  -2.6542E-02  -2.4305E+00
   1971.08   1.5342E+04  -3.6288E+03   5.6266E+04  -9.6393E+00  -3.2053E-01   1.4699E+01  -7.8878E-01  -2.6229E-02  -2.4056E+00
   1971.17   1.5350E+04  -3.6306E+03   5.6264E+04  -9.5572E+00  -3.1726E-01   1.4572E+01  -7.8207E-01  -2.5961E-02  -2.3849E+00
   1971.25   1.5358E+04  -3.6325E+03   5.6262E+04  -9.4930E+00  -3.1458E-01   1.4473E+01  -7.7682E-01  -2.5742E-02  -2.3687E+00
   1971.33   1.5366E+04  -3.6343E+03   5.6259E+04  -9.4479E+00  -3.1252E-01   1.4403E+01  -7.7312E-01  -2.5574E-02  -2.3573E+00
   1971.42   1.5374E+04  -3.6361E+03   5.6256E+04  -9.4228E+00  -3.1113E-01   1.4364E+01  -7.7107E-01  -2.5460E-02  -2.3508E+00
   1971.50   1.5382E+04  -3.6380E+03   5.6254E+04  -9.4189E+00  -3.1043E-01   1.4357E+01  -7.7075E-01  -2.5402E-02  -2.3496E+00
   1971.58   1.5389E+04  -3.6398E+03   5.6251E+04  -9.4373E+00  -3.1045E-01   1.4383E+01  -7.7225E-01  -2.5405E-02  -2.3540E+00
   1971.67   1.5397E+04  -3.6417E+03   5.6248E+04  -9.4789E+00  -3.1124E-01   1.4446E+01  -7.7566E-01  -2.5469E-02  -2.3642E+00
   1971.75   1.5405E+04  -3.6436E+03   5.6245E+04  -9.5449E+00  -3.1283E-01   1.4545E+01  -7.8107E-01  -2.5599E-02  -2.3804E+00
   1971.83   1.5413E+04  -3.6454E+03   5.6242E+04  -9.6364E+00  -3.1524E-01   1.4683E+01  -7.8855E-01  -2.5796E-02  -2.4030E+00
   1971.92   1.5421E+04  -3.6473E+03   5.6238E+04  -9.7544E+00  -3.1852E-01   1.4862E+01  -7.9821E-01  -2.6065E-02  -2.4322E+00
   1972.00   1.5428E+04  -3.6492E+03   5.6235E+04  -9.9000E+00  -3.2270E-01   1.5082E+01  -8.1012E-01  -2.6407E-02  -2.4683E+00
   1972.08   1.5436E+04  -3.6511E+03   5.6231E+04  -1.0074E+01  -3.2779E-01   1.5345E+01  -8.2433E-01  -2.6823E-02  -2.5114E+00
   1972.17   1.5444E+04  -3.6530E+03   5.6227E+04  -1.0273E+01  -3.3371E-01   1.5647E+01  -8.4063E-01  -2.7308E-02  -2.5608E+00
   1972.25   1.5451E+04  -3.6550E+03   5.6224E+04  -1.0494E+01  -3.4036E-01   1.5984E+01  -8.5876E-01  -2.7852E-02  -2.6159E+00
   1972.33   1.5459E+04  -3.6569E+03   5.6220E+04  -1.0735E+01  -3.4765E-01   1.6349E+01  -8.7849E-01  -2.8449E-02  -2.6757E+00
   1972.42   1.5466E+04  -3.6588E+03   5.6215E+04  -1.0993E+01  -3.5548E-01   1.6740E+01  -8.9954E-01  -2.9089E-02  -2.7397E+00
   1972.50   1.5474E+04  -3.6608E+03   5.6211E+04  -1.1263E+01  -3.6374E-01   1.7150E+01  -9.2166E-01  -2.9765E-02  -2.8069E+00
   1972.58   1.5481E+04  -3.6627E+03   5.6207E+04  -1.1544E+01  -3.7233E-01   1.7576E+01  -9.4462E-01  -3.0468E-02  -2.8766E+00
   1972.67   1.5489E+04  -3.6647E+03   5.6202E+04  -1.1831E+01  -3.8116E-01   1.8013E+01  -9.6813E-01  -3.1190E-02  -2.9480E+00
   1972.75   1.5496E+04  -3.6667E+03   5.6198E+04  -1.2122E+01  -3.9012E-01   1.8455E+01  -9.9197E-01  -3.1924E-02  -3.0204E+00
   1972.83   1.5504E+04  -3.6687E+03   5.6193E+04  -1.2414E+01  -3.9913E-01   1.8899E+01  -1.0159E+00  -3.2661E-02  -3.0930E+00
   1972.92   1.5511E+04  -3.6707E+03   5.6188E+04  -1.2704E+01  -4.0806E-01   1.9339E+01  -1.0396E+00  -3.3392E-02  -3.1650E+00
   1973.00   1.5519E+04  -3.6727E+03   5.6183E+04  -1.2988E+01  -4.1684E-01   1.9770E+01  -1.0628E+00  -3.4110E-02  -3.2356E+00
   1973.08   1.5526E+04  -3.6748E+03   5.6178E+04  -1.3264E+01  -4.2535E-01   2.0189E+01  -1.0854E+00  -3.4807E-02  -3.3042E+00
   1973.17   1.5533E+04  -3.6768E+03   5.6173E+04  -1.3528E+01  -4.3350E-01   2.0590E+01  -1.1070E+00  -3.5474E-02  -3.3698E+00
   1973.25   1.5541E+04  -3.6789E+03   5.6167E+04  -1.3777E+01  -4.4119E-01   2.0968E+01  -1.1273E+00  -3.6103E-02  -3.4317E+00
   1973.33   1.5548E+04  -3.6810E+03   5.6162E+04  -1.4008E+01  -4.4832E-01   2.1320E+01  -1.1463E+00  -3.6686E-02  -3.4892E+00
   1973.42   1.5555E+04  -3.6831E+03   5.6156E+04  -1.4218E+01  -4.5479E-01   2.1639E+01  -1.1635E+00  -3.7215E-02  -3.5414E+00
   1973.50   1.5563E+04  -3.6852E+03   5.6151E+04  -1.4404E+01  -4.6049E-01   2.1921E+01  -1.1787E+00  -3.7682E-02  -3.5877E+00
   1973.58   1.5570E+04  -3.6874E+03   5.6145E+04  -1.4563E+01  -4.6534E-01   2.2163E+01  -1.1917E+00  -3.8079E-02  -3.6272E+00
   1973.67   1.5577E+04  -3.6896E+03   5.6139E+04  -1.4692E+01  -4.6923E-01   2.2358E+01  -1.2022E+00  -3.8397E-02  -3.6591E+00
   1973.75   1.5584E+04  -3.6918E+03   5.6133E+04  -1.4787E+01  -4.7205E-01   2.2502E+01  -1.2100E+00  -3.8628E-02  -3.6827E+00
   1973.83   1.5592E+04  -3.6940E+03   5.6127E+04  -1.4846E+01  -4.7372E-01   2.2591E+01  -1.2148E+00  -3.8765E-02  -3.6973E+00
   1973.92   1.5599E+04  -3.6962E+03   5.6121E+04  -1.4865E+01  -4.7413E-01   2.2620E+01  -1.2164E+00  -3.8798E-02  -3.7019E+00
   1974.00   1.5606E+04  -3.6985E+03   5.6115E+04  -1.4841E+01  -4.7318E-01   2.2583E+01  -1.2145E+00  -3.8720E-02  -3.6960E+00
   1974.08   1.5613E+04  -3.7007E+03   5.6109E+04  -1.4773E+01  -4.7081E-01   2.2479E+01  -1.2089E+00  -3.8526E-02  -3.6789E+00
   1974.17   1.5621E+04  -3.7030E+03   5.6102E+04  -1.4663E+01  -4.6710E-01   2.2311E+01  -1.1999E+00  -3.8223E-02  -3.6514E+00
   1974.25   1.5628E+04  -3.7054E+03   5.6096E+04  -1.4515E+01  -4.6218E-01   2.2084E+01  -1.1877E+00  -3.7821E-02  -3.6143E+00
   1974.33   1.5635E+04  -3.7077E+03   5.6089E+04  -1.4332E+01  -4.5617E-01   2.1806E+01  -1.1728E+00  -3.7328E-02  -3.5688E+00
   1974.42   1.5642E+04  -3.7101E+03   5.6083E+04  -1.4119E+01  -4.4918E-01   2.1482E+01  -1.1554E+00  -3.6757E-02  -3.5157E+00
   1974.50   1.5650E+04  -3.7124E+03   5.6076E+04  -1.3880E+01  -4.4135E-01   2.1117E+01  -1.1358E+00  -3.6116E-02  -3.4560E+00
   1974.58   1.5657E+04  -3.7148E+03   5.6069E+04  -1.3618E+01  -4.3279E-01   2.0718E+01  -1.1144E+00  -3.5416E-02  -3.3907E+00
   1974.67   1.5664E+04  -3.7172E+03   5.6063E+04  -1.3337E+01  -4.2363E-01   2.0291E+01  -1.0914E+00  -3.4666E-02  -3.3208E+00
   1974.75   1.5671E+04  -3.7197E+03   5.6056E+04  -1.3042E+01  -4.1398E-01   1.9840E+01  -1.0672E+00  -3.3876E-02  -3.2471E+00
   1974.83   1.5678E+04  -3.7221E+03   5.6049E+04  -1.2736E+01  -4.0397E-01   1.9374E+01  -1.0422E+00  -3.3057E-02  -3.1707E+00
   1974.92   1.5685E+04  -3.7245E+03   5.6042E+04  -1.2422E+01  -3.9372E-01   1.8896E+01  -1.0165E+00  -3.2218E-02  -3.0925E+00
   1975.00   1.5692E+04  -3.7270E+03   5.6034E+04  -1.2106E+01  -3.8335E-01   1.8413E+01  -9.9061E-01  -3.1370E-02  -3.0136E+00
   1975.08   1.5699E+04  -3.7294E+03   5.6027E+04  -1.1790E+01  -3.7299E-01   1.7932E+01  -9.6476E-01  -3.0522E-02  -2.9347E+00
   1975.17   1.5706E+04  -3.7319E+03   5.6020E+04  -1.1478E+01  -3.6275E-01   1.7457E+01  -9.3927E-01  -2.9684E-02  -2.8571E+00
   1975.25   1.5713E+04  -3.7344E+03   5.6012E+04  -1.1175E+01  -3.5276E-01   1.6995E+01  -9.1448E-01  -2.8866E-02  -2.7814E+00
   1975.33   1.5720E+04  -3.7368E+03   5.6005E+04  -1.0885E+01  -3.4314E-01   1.6552E+01  -8.9069E-01  -2.8079E-02  -2.7089E+00
   1975.42   1.5726E+04  -3.7393E+03   5.5997E+04  -1.0610E+01  -3.3400E-01   1.6133E+01  -8.6822E-01  -2.7332E-02  -2.6404E+00
   1975.50   1.5733E+04  -3.7418E+03   5.5989E+04  -1.0355E+01  -3.2549E-01   1.5745E+01  -8.4739E-01  -2.6635E-02  -2.5768E+00
   1975.58   1.5740E+04  -3.7442E+03   5.5982E+04  -1.0125E+01  -3.1770E-01   1.5393E+01  -8.2852E-01  -2.5998E-02  -2.5192E+00
   1975.67   1.5746E+04  -3.7467E+03   5.5974E+04  -9.9220E+00  -3.1077E-01   1.5083E+01  -8.1192E-01  -2.5431E-02  -2.4685E+00
   1975.75   1.5753E+04  -3.7491E+03   5.5966E+04  -9.7509E+00  -3.0483E-01   1.4821E+01  -7.9792E-01  -2.4944E-02  -2.4256E+00
   1975.83   1.5759E+04  -3.7516E+03   5.5958E+04  -9.6152E+00  -2.9998E-01   1.4613E+01  -7.8682E-01  -2.4547E-02  -2.3916E+00
   1975.92   1.5766E+04  -3.7540E+03   5.5949E+04  -9.5190E+00  -2.9635E-01   1.4465E+01  -7.7895E-01  -2.4250E-02  -2.3674E+00
   1976.00   1.5772E+04  -3.7565E+03   5.5941E+04  -9.4661E+00  -2.9406E-01   1.4383E+01  -7.7461E-01  -2.4063E-02  -2.3539E+00
   1976.08   1.5778E+04  -3.7589E+03   5.5933E+04  -9.4591E+00  -2.9321E-01   1.4371E+01  -7.7404E-01  -2.3993E-02  -2.3519E+00
   1976.17   1.5785E+04  -3.7613E+03   5.5924E+04  -9.4956E+00  -2.9370E-01   1.4424E+01  -7.7702E-01  -2.4034E-02  -2.3607E+00
   1976.25   1.5791E+04  -3.7637E+03   5.5916E+04  -9.5719E+00  -2.9544E-01   1.4539E+01  -7.8327E-01  -2.4176E-02  -2.3794E+00
   1976.33   1.5797E+04  -3.7661E+03   5.5907E+04  -9.6844E+00  -2.9830E-01   1.4708E+01  -7.9248E-01  -2.4410E-02  -2.4071E+00
   1976.42   1.5803E+04  -3.7685E+03   5.5898E+04  -9.8294E+00  -3.0219E-01   1.4926E+01  -8.0434E-01  -2.4728E-02  -2.4429E+00
   1976.50   1.5809E+04  -3.7709E+03   5.5890E+04  -1.0003E+01  -3.0697E-01   1.5189E+01  -8.1857E-01  -2.5119E-02  -2.4858E+00
   1976.58   1.5814E+04  -3.7733E+03   5.5881E+04  -1.0202E+01  -3.1255E-01   1.5490E+01  -8.3487E-01  -2.5576E-02  -2.5351E+00
   1976.67   1.5820E+04  -3.7757E+03   5.5872E+04  -1.0423E+01  -3.1880E-01   1.5823E+01  -8.5293E-01  -2.6088E-02  -2.5897E+00
   1976.75   1.5826E+04  -3.7781E+03   5.5863E+04  -1.0662E+01  -3.2562E-01   1.6184E+01  -8.7245E-01  -2.6646E-02  -2.6487E+00
   1976.83   1.5832E+04  -3.7805E+03   5.5854E+04  -1.0914E+01  -3.3290E-01   1.6567E+01  -8.9313E-01  -2.7241E-02  -2.7113E+00
   1976.92   1.5837E+04  -3.7829E+03   5.5845E+04  -1.1178E+01  -3.4052E-01   1.6965E+01  -9.1469E-01  -2.7865E-02  -2.7766E+00
   1977.00   1.5843E+04  -3.7853E+03   5.5836E+04  -1.1448E+01  -3.4837E-01   1.7375E+01  -9.3681E-01  -2.8507E-02  -2.8435E+00
   1977.08   1.5848E+04  -3.7877E+03   5.5826E+04  -1.1722E+01  -3.5634E-01   1.7789E+01  -9.5920E-01  -2.9159E-02  -2.9113E+00
   1977.17   1.5854E+04  -3.7902E+03   5.5817E+04  -1.1995E+01  -3.6431E-01   1.8202E+01  -9.8155E-01  -2.9812E-02  -2.9790E+00
   1977.25   1.5859E+04  -3.7926E+03   5.5808E+04  -1.2264E+01  -3.7218E-01   1.8610E+01  -1.0036E+00  -3.0455E-02  -3.0457E+00
   1977.33   1.5864E+04  -3.7950E+03   5.5799E+04  -1.2526E+01  -3.7982E-01   1.9006E+01  -1.0250E+00  -3.1081E-02  -3.1105E+00
   1977.42   1.5870E+04  -3.7975E+03   5.5790E+04  -1.2776E+01  -3.8714E-01   1.9385E+01  -1.0454E+00  -3.1680E-02  -3.1725E+00
   1977.50   1.5875E+04  -3.8000E+03   5.5780E+04  -1.3011E+01  -3.9401E-01   1.9740E+01  -1.0647E+00  -3.2242E-02  -3.2307E+00
   1977.58   1.5880E+04  -3.8024E+03   5.5771E+04  -1.3227E+01  -4.0033E-01   2.0068E+01  -1.0824E+00  -3.2759E-02  -3.2844E+00
   1977.67   1.5885E+04  -3.8049E+03   5.5762E+04  -1.3421E+01  -4.0597E-01   2.0362E+01  -1.0982E+00  -3.3221E-02  -3.3324E+00
   1977.75   1.5890E+04  -3.8075E+03   5.5752E+04  -1.3589E+01  -4.1084E-01   2.0616E+01  -1.1120E+00  -3.3619E-02  -3.3740E+00
   1977.83   1.5896E+04  -3.8100E+03   5.5743E+04  -1.3727E+01  -4.1481E-01   2.0825E+01  -1.1233E+00  -3.3944E-02  -3.4083E+00
   1977.92   1.5901E+04  -3.8126E+03   5.5734E+04  -1.3833E+01  -4.1778E-01   2.0984E+01  -1.1319E+00  -3.4187E-02  -3.4343E+00
   1978.00   1.5906E+04  -3.8151E+03   5.5724E+04  -1.3901E+01  -4.1963E-01   2.1087E+01  -1.1375E+00  -3.4338E-02  -3.4511E+00
   1978.08   1.5911E+04  -3.8178E+03   5.5715E+04  -1.3929E+01  -4.2029E-01   2.1130E+01  -1.1398E+00  -3.4392E-02  -3.4581E+00
   1978.17   1.5916E+04  -3.8204E+03   5.5706E+04  -1.3921E+01  -4.1981E-01   2.1116E+01  -1.1391E+00  -3.4354E-02  -3.4559E+00
   1978.25   1.5921E+04  -3.8230E+03   5.5697E+04  -1.3879E+01  -4.1832E-01   2.1051E+01  -1.1357E+00  -3.4231E-02  -3.4453E+00
   1978.33   1.5925E+04  -3.8257E+03   5.5688E+04  -1.3806E+01  -4.1591E-01   2.0941E+01  -1.1298E+00  -3.4034E-02  -3.4272E+00
   1978.42   1.5930E+04  -3.8284E+03   5.5678E+04  -1.3707E+01  -4.1268E-01   2.0790E+01  -1.1217E+00  -3.3770E-02  -3.4025E+00
   1978.50   1.5935E+04  -3.8311E+03   5.5669E+04  -1.3585E+01  -4.0874E-01   2.0603E+01  -1.1116E+00  -3.3447E-02  -3.3719E+00
   1978.58   1.5940E+04  -3.8338E+03   5.5660E+04  -1.3443E+01  -4.0419E-01   2.0387E+01  -1.1000E+00  -3.3075E-02  -3.3365E+00
   1978.67   1.5945E+04  -3.8365E+03   5.5651E+04  -1.3284E+01  -3.9913E-01   2.0145E+01  -1.0870E+00  -3.2661E-02  -3.2970E+00
   1978.75   1.5950E+04  -3.8393E+03   5.5642E+04  -1.3113E+01  -3.9367E-01   1.9884E+01  -1.0730E+00  -3.2214E-02  -3.2543E+00
   1978.83   1.5954E+04  -3.8420E+03   5.5633E+04  -1.2932E+01  -3.8792E-01   1.9609E+01  -1.0582E+00  -3.1743E-02  -3.2092E+00
   1978.92   1.5959E+04  -3.8448E+03   5.5623E+04  -1.2745E+01  -3.8197E-01   1.9324E+01  -1.0429E+00  -3.1256E-02  -3.1626E+00
   1979.00   1.5964E+04  -3.8476E+03   5.5614E+04  -1.2556E+01  -3.7592E-01   1.9036E+01  -1.0274E+00  -3.0762E-02  -3.1155E+00
   1979.08   1.5968E+04  -3.8504E+03   5.5605E+04  -1.2368E+01  -3.6989E-01   1.8749E+01  -1.0120E+00  -3.0268E-02  -3.0685E+00
   1979.17   1.5973E+04  -3.8532E+03   5.5596E+04  -1.2184E+01  -3.6398E-01   1.8469E+01  -9.9701E-01  -2.9784E-02  -3.0227E+00
   1979.25   1.5977E+04  -3.8560E+03   5.5587E+04  -1.2008E+01  -3.5828E-01   1.8201E+01  -9.8263E-01  -2.9318E-02  -2.9788E+00
   1979.33   1.5982E+04  -3.8588E+03   5.5578E+04  -1.1844E+01  -3.5290E-01   1.7950E+01  -9.6918E-01  -2.8878E-02  -2.9377E+00
   1979.42   1.5986E+04  -3.8616E+03   5.5569E+04  -1.1694E+01  -3.4795E-01   1.7722E+01  -9.5695E-01  -2.8473E-02  -2.9003E+00
   1979.50   1.5991E+04  -3.8644E+03   5.5560E+04  -1.1563E+01  -3.4354E-01   1.7521E+01  -9.4622E-01  -2.8112E-02  -2.8675E+00
   1979.58   1.5995E+04  -3.8672E+03   5.5551E+04  -1.1454E+01  -3.3975E-01   1.7353E+01  -9.3728E-01  -2.7802E-02  -2.8400E+00
   1979.67   1.6000E+04  -3.8701E+03   5.5542E+04  -1.1370E+01  -3.3670E-01   1.7224E+01  -9.3040E-01  -2.7552E-02  -2.8188E+00
   1979.75   1.6004E+04  -3.8729E+03   5.5533E+04  -1.1315E+01  -3.3449E-01   1.7138E+01  -9.2588E-01  -2.7371E-02  -2.8047E+00
   1979.83   1.6008E+04  -3.8757E+03   5.5524E+04  -1.1292E+01  -3.3322E-01   1.7100E+01  -9.2400E-01  -2.7268E-02  -2.7986E+00
   1979.92   1.6013E+04  -3.8785E+03   5.5515E+04  -1.1304E+01  -3.3300E-01   1.7117E+01  -9.2504E-01  -2.7250E-02  -2.8014E+00
   1980.00   1.6017E+04  -3.8813E+03   5.5505E+04  -1.1356E+01  -3.3393E-01   1.7193E+01  -9.2929E-01  -2.7326E-02  -2.8138E+00
   1980.08   1.6021E+04  -3.8841E+03   5.5496E+04  -1.1450E+01  -3.3608E-01   1.7332E+01  -9.3693E-01  -2.7502E-02  -2.8366E+00
   1980.17   1.6025E+04  -3.8869E+03   5.5487E+04  -1.1583E+01  -3.3939E-01   1.7531E+01  -9.4781E-01  -2.7773E-02  -2.8691E+00
   1980.25   1.6029E+04  -3.8897E+03   5.5478E+04  -1.1752E+01  -3.4378E-01   1.7784E+01  -9.6165E-01  -2.8131E-02  -2.9106E+00
   1980.33   1.6033E+04  -3.8925E+03   5.5469E+04  -1.1954E+01  -3.4913E-01   1.8088E+01  -9.7820E-01  -2.8570E-02  -2.9603E+00
   1980.42   1.6038E+04  -3.8952E+03   5.5460E+04  -1.2186E+01  -3.5537E-01   1.8437E+01  -9.9721E-01  -2.9080E-02  -3.0174E+00
   1980.50   1.6042E+04  -3.8980E+03   5.5451E+04  -1.2445E+01  -3.6240E-01   1.8826E+01  -1.0184E+00  -2.9656E-02  -3.0811E+00
   1980.58   1.6046E+04  -3.9007E+03   5.5442E+04  -1.2728E+01  -3.7013E-01   1.9252E+01  -1.0415E+00  -3.0288E-02  -3.1507E+00
   1980.67   1.6050E+04  -3.9035E+03   5.5433E+04  -1.3031E+01  -3.7847E-01   1.9708E+01  -1.0663E+00  -3.0970E-02  -3.2254E+00
   1980.75   1.6054E+04  -3.9062E+03   5.5424E+04  -1.3351E+01  -3.8732E-01   2.0190E+01  -1.0925E+00  -3.1694E-02  -3.3043E+00
   1980.83   1.6058E+04  -3.9089E+03   5.5415E+04  -1.3686E+01  -3.9659E-01   2.0693E+01  -1.1199E+00  -3.2453E-02  -3.3867E+00
   1980.92   1.6061E+04  -3.9116E+03   5.5406E+04  -1.4031E+01  -4.0618E-01   2.1213E+01  -1.1482E+00  -3.3238E-02  -3.4718E+00
   1981.00   1.6065E+04  -3.9143E+03   5.5397E+04  -1.4384E+01  -4.1601E-01   2.1745E+01  -1.1770E+00  -3.4043E-02  -3.5588E+00
   1981.08   1.6069E+04  -3.9170E+03   5.5388E+04  -1.4741E+01  -4.2599E-01   2.2284E+01  -1.2063E+00  -3.4859E-02  -3.6470E+00
   1981.17   1.6073E+04  -3.9196E+03   5.5379E+04  -1.5100E+01  -4.3601E-01   2.2824E+01  -1.2357E+00  -3.5679E-02  -3.7355E+00
   1981.25   1.6077E+04  -3.9223E+03   5.5371E+04  -1.5458E+01  -4.4600E-01   2.3362E+01  -1.2649E+00  -3.6496E-02  -3.8235E+00
   1981.33   1.6081E+04  -3.9249E+03   5.5362E+04  -1.5810E+01  -4.5584E-01   2.3893E+01  -1.2937E+00  -3.7302E-02  -3.9103E+00
   1981.42   1.6085E+04  -3.9275E+03   5.5353E+04  -1.6154E+01  -4.6546E-01   2.4411E+01  -1.3219E+00  -3.8089E-02  -3.9951E+00
   1981.50   1.6088E+04  -3.9301E+03   5.5344E+04  -1.6486E+01  -4.7476E-01   2.4912E+01  -1.3491E+00  -3.8850E-02  -4.0771E+00
   1981.58   1.6092E+04  -3.9327E+03   5.5335E+04  -1.6805E+01  -4.8365E-01   2.5391E+01  -1.3751E+00  -3.9577E-02  -4.1555E+00
   1981.67   1.6096E+04  -3.9352E+03   5.5327E+04  -1.7105E+01  -4.9203E-01   2.5843E+01  -1.3997E+00  -4.0263E-02  -4.2295E+00
   1981.75   1.6100E+04  -3.9378E+03   5.5318E+04  -1.7385E+01  -4.9981E-01   2.6264E+01  -1.4226E+00  -4.0900E-02  -4.2984E+00
   1981.83   1.6103E+04  -3.9403E+03   5.5310E+04  -1.7640E+01  -5.0690E-01   2.6648E+01  -1.4435E+00  -4.1480E-02  -4.3613E+00
   1981.92   1.6107E+04  -3.9428E+03   5.5301E+04  -1.7869E+01  -5.1321E-01   2.6992E+01  -1.4622E+00  -4.1996E-02  -4.4175E+00
   1982.00   1.6111E+04  -3.9453E+03   5.5292E+04  -1.8067E+01  -5.1865E-01   2.7289E+01  -1.4784E+00  -4.2441E-02  -4.4661E+00
   1982.08   1.6115E+04  -3.9477E+03   5.5284E+04  -1.8232E+01  -5.2313E-01   2.7537E+01  -1.4920E+00  -4.2808E-02  -4.5067E+00
   1982.17   1.6118E+04  -3.9501E+03   5.5276E+04  -1.8366E+01  -5.2669E-01   2.7735E+01  -1.5029E+00  -4.3099E-02  -4.5392E+00
   1982.25   1.6122E+04  -3.9526E+03   5.5267E+04  -1.8468E+01  -5.2935E-01   2.7888E+01  -1.5112E+00  -4.3317E-02  -4.5641E+00
   1982.33   1.6126E+04  -3.9549E+03   5.5259E+04  -1.8540E+01  -5.3117E-01   2.7995E+01  -1.5172E+00  -4.3465E-02  -4.5817E+00
   1982.42   1.6130E+04  -3.9573E+03   5.5251E+04  -1.8585E+01  -5.3216E-01   2.8059E+01  -1.5208E+00  -4.3547E-02  -4.5922E+00
   1982.50   1.6133E+04  -3.9597E+03   5.5242E+04  -1.8602E+01  -5.3238E-01   2.8083E+01  -1.5222E+00  -4.3565E-02  -4.5961E+00
   1982.58   1.6137E+04  -3.9620E+03   5.5234E+04  -1.8593E+01  -5.3186E-01   2.8068E+01  -1.5215E+00  -4.3522E-02  -4.5936E+00
   1982.67   1.6141E+04  -3.9643E+03   5.5226E+04  -1.8561E+01  -5.3064E-01   2.8016E+01  -1.5188E+00  -4.3422E-02  -4.5851E+00
   1982.75   1.6144E+04  -3.9666E+03   5.5218E+04  -1.8505E+01  -5.2875E-01   2.7929E+01  -1.5142E+00  -4.3268E-02  -4.5708E+00
   1982.83   1.6148E+04  -3.9689E+03   5.5209E+04  -1.8427E+01  -5.2624E-01   2.7809E+01  -1.5079E+00  -4.3063E-02  -4.5512E+00
   1982.92   1.6152E+04  -3.9712E+03   5.5201E+04  -1.8329E+01  -5.2315E-01   2.7658E+01  -1.4998E+00  -4.2809E-02  -4.5265E+00
   1983.00   1.6155E+04  -3.9734E+03   5.5193E+04  -1.8211E+01  -5.1951E-01   2.7478E+01  -1.4902E+00  -4.2511E-02  -4.4971E+00
   1983.08   1.6159E+04  -3.9757E+03   5.5185E+04  -1.8076E+01  -5.1535E-01   2.7271E+01  -1.4792E+00  -4.2172E-02  -4.4632E+00
   1983.17   1.6163E+04  -3.9779E+03   5.5177E+04  -1.7924E+01  -5.1073E-01   2.7040E+01  -1.4667E+00  -4.1793E-02  -4.4253E+00
   1983.25   1.6166E+04  -3.9801E+03   5.5169E+04  -1.7757E+01  -5.0567E-01   2.6785E+01  -1.4531E+00  -4.1379E-02  -4.3836E+00
   1983.33   1.6170E+04  -3.9823E+03   5.5160E+04  -1.7576E+01  -5.0022E-01   2.6509E+01  -1.4383E+00  -4.0933E-02  -4.3385E+00
   1983.42   1.6173E+04  -3.9845E+03   5.5152E+04  -1.7383E+01  -4.9441E-01   2.6214E+01  -1.4224E+00  -4.0458E-02  -4.2902E+00
   1983.50   1.6177E+04  -3.9867E+03   5.5144E+04  -1.7178E+01  -4.8828E-01   2.5902E+01  -1.4057E+00  -3.9956E-02  -4.2392E+00
   1983.58   1.6181E+04  -3.9889E+03   5.5136E+04  -1.6963E+01  -4.8187E-01   2.5575E+01  -1.3881E+00  -3.9432E-02  -4.1856E+00
   1983.67   1.6184E+04  -3.9911E+03   5.5128E+04  -1.6739E+01  -4.7522E-01   2.5235E+01  -1.3698E+00  -3.8888E-02  -4.1300E+00
   1983.75   1.6188E+04  -3.9932E+03   5.5120E+04  -1.6508E+01  -4.6837E-01   2.4884E+01  -1.3508E+00  -3.8327E-02  -4.0725E+00
   1983.83   1.6191E+04  -3.9954E+03   5.5111E+04  -1.6271E+01  -4.6135E-01   2.4523E+01  -1.3314E+00  -3.7752E-02  -4.0135E+00
   1983.92   1.6195E+04  -3.9975E+03   5.5103E+04  -1.6029E+01  -4.5420E-01   2.4156E+01  -1.3116E+00  -3.7167E-02  -3.9534E+00
   1984.00   1.6198E+04  -3.9996E+03   5.5095E+04  -1.5783E+01  -4.4696E-01   2.3783E+01  -1.2915E+00  -3.6575E-02  -3.8924E+00
   1984.08   1.6202E+04  -4.0018E+03   5.5086E+04  -1.5535E+01  -4.3967E-01   2.3407E+01  -1.2712E+00  -3.5978E-02  -3.8308E+00
   1984.17   1.6205E+04  -4.0039E+03   5.5078E+04  -1.5285E+01  -4.3232E-01   2.3028E+01  -1.2508E+00  -3.5377E-02  -3.7688E+00
   1984.25   1.6208E+04  -4.0060E+03   5.5069E+04  -1.5033E+01  -4.2493E-01   2.2646E+01  -1.2302E+00  -3.4772E-02  -3.7062E+00
   1984.33   1.6212E+04  -4.0081E+03   5.5061E+04  -1.4779E+01  -4.1750E-01   2.2261E+01  -1.2094E+00  -3.4164E-02  -3.6432E+00
   1984.42   1.6215E+04  -4.0102E+03   5.5053E+04  -1.4524E+01  -4.1003E-01   2.1873E+01  -1.1885E+00  -3.3553E-02  -3.5798E+00
   1984.50   1.6218E+04  -4.0123E+03   5.5044E+04  -1.4266E+01  -4.0252E-01   2.1483E+01  -1.1674E+00  -3.2938E-02  -3.5160E+00
   1984.58   1.6222E+04  -4.0144E+03   5.5035E+04  -1.4007E+01  -3.9497E-01   2.1091E+01  -1.1462E+00  -3.2321E-02  -3.4518E+00
   1984.67   1.6225E+04  -4.0165E+03   5.5027E+04  -1.3746E+01  -3.8739E-01   2.0697E+01  -1.1249E+00  -3.1700E-02  -3.3872E+00
   1984.75   1.6228E+04  -4.0185E+03   5.5018E+04  -1.3484E+01  -3.7978E-01   2.0300E+01  -1.1034E+00  -3.1078E-02  -3.3223E+00
   1984.83   1.6232E+04  -4.0206E+03   5.5010E+04  -1.3221E+01  -3.7214E-01   1.9902E+01  -1.0819E+00  -3.0453E-02  -3.2571E+00
   1984.92   1.6235E+04  -4.0226E+03   5.5001E+04  -1.2957E+01  -3.6448E-01   1.9501E+01  -1.0602E+00  -2.9826E-02  -3.1916E+00
   1985.00   1.6238E+04  -4.0247E+03   5.4992E+04  -1.2691E+01  -3.5680E-01   1.9100E+01  -1.0385E+00  -2.9197E-02  -3.1259E+00
   1985.08   1.6241E+04  -4.0267E+03   5.4984E+04  -1.2424E+01  -3.4909E-01   1.8696E+01  -1.0167E+00  -2.8566E-02  -3.0599E+00
   1985.17   1.6244E+04  -4.0287E+03   5.4975E+04  -1.2157E+01  -3.4137E-01   1.8292E+01  -9.9477E-01  -2.7934E-02  -2.9937E+00
   1985.25   1.6248E+04  -4.0307E+03   5.4966E+04  -1.1888E+01  -3.3363E-01   1.7886E+01  -9.7280E-01  -2.7301E-02  -2.9272E+00
   1985.33   1.6251E+04  -4.0326E+03   5.4957E+04  -1.1619E+01  -3.2588E-01   1.7479E+01  -9.5076E-01  -2.6667E-02  -2.8607E+00
   1985.42   1.6254E+04  -4.0346E+03   5.4949E+04  -1.1349E+01  -3.1812E-01   1.7072E+01  -9.2868E-01  -2.6032E-02  -2.7939E+00
   1985.50   1.6257E+04  -4.0365E+03   5.4940E+04  -1.1078E+01  -3.1036E-01   1.6663E+01  -9.0654E-01  -2.5397E-02  -2.7271E+00
   1985.58   1.6260E+04  -4.0384E+03   5.4931E+04  -1.0807E+01  -3.0259E-01   1.6254E+01  -8.8437E-01  -2.4761E-02  -2.6601E+00
   1985.67   1.6263E+04  -4.0403E+03   5.4922E+04  -1.0536E+01  -2.9482E-01   1.5844E+01  -8.6216E-01  -2.4125E-02  -2.5931E+00
   1985.75   1.6267E+04  -4.0422E+03   5.4913E+04  -1.0264E+01  -2.8705E-01   1.5435E+01  -8.3993E-01  -2.3489E-02  -2.5260E+00
   1985.83   1.6270E+04  -4.0441E+03   5.4905E+04  -9.9925E+00  -2.7928E-01   1.5024E+01  -8.1769E-01  -2.2854E-02  -2.4589E+00
   1985.92   1.6273E+04  -4.0459E+03   5.4896E+04  -9.7206E+00  -2.7152E-01   1.4614E+01  -7.9544E-01  -2.2219E-02  -2.3918E+00
   1986.00   1.6276E+04  -4.0478E+03   5.4887E+04  -9.4488E+00  -2.6377E-01   1.4204E+01  -7.7320E-01  -2.1584E-02  -2.3247E+00
   1986.08   1.6279E+04  -4.0496E+03   5.4878E+04  -9.1773E+00  -2.5604E-01   1.3795E+01  -7.5098E-01  -2.0952E-02  -2.2577E+00
   1986.17   1.6282E+04  -4.0513E+03   5.4869E+04  -8.9077E+00  -2.4836E-01   1.3389E+01  -7.2892E-01  -2.0324E-02  -2.1912E+00
   1986.25   1.6285E+04  -4.0531E+03   5.4860E+04  -8.6418E+00  -2.4080E-01   1.2988E+01  -7.0716E-01  -1.9705E-02  -2.1256E+00
   1986.33   1.6288E+04  -4.0549E+03   5.4851E+04  -8.3814E+00  -2.3338E-01   1.2596E+01  -6.8586E-01  -1.9098E-02  -2.0614E+00
   1986.42   1.6291E+04  -4.0566E+03   5.4842E+04  -8.1283E+00  -2.2617E-01   1.2214E+01  -6.6515E-01  -1.8508E-02  -1.9990E+00
   1986.50   1.6294E+04  -4.0583E+03   5.4833E+04  -7.8844E+00  -2.1921E-01   1.1846E+01  -6.4518E-01  -1.7938E-02  -1.9388E+00
   1986.58   1.6297E+04  -4.0600E+03   5.4824E+04  -7.6512E+00  -2.1254E-01   1.1495E+01  -6.2610E-01  -1.7392E-02  -1.8813E+00
   1986.67   1.6300E+04  -4.0617E+03   5.4816E+04  -7.4308E+00  -2.0622E-01   1.1163E+01  -6.0807E-01  -1.6875E-02  -1.8269E+00
   1986.75   1.6303E+04  -4.0634E+03   5.4807E+04  -7.2249E+00  -2.0029E-01   1.0852E+01  -5.9122E-01  -1.6390E-02  -1.7761E+00
   1986.83   1.6306E+04  -4.0650E+03   5.4798E+04  -7.0353E+00  -1.9479E-01   1.0566E+01  -5.7570E-01  -1.5940E-02  -1.7292E+00
   1986.92   1.6309E+04  -4.0667E+03   5.4789E+04  -6.8637E+00  -1.8979E-01   1.0307E+01  -5.6166E-01  -1.5530E-02  -1.6868E+00
   1987.00   1.6312E+04  -4.0683E+03   5.4780E+04  -6.7120E+00  -1.8531E-01   1.0078E+01  -5.4925E-01  -1.5164E-02  -1.6493E+00
   1987.08   1.6315E+04  -4.0700E+03   5.4771E+04  -6.5820E+00  -1.8142E-01   9.8810E+00  -5.3861E-01  -1.4846E-02  -1.6171E+00
   1987.17   1.6318E+04  -4.0716E+03   5.4762E+04  -6.4754E+00  -1.7816E-01   9.7195E+00  -5.2989E-01  -1.4579E-02  -1.5907E+00
   1987.25   1.6321E+04  -4.0733E+03   5.4753E+04  -6.3942E+00  -1.7557E-01   9.5959E+00  -5.2324E-01  -1.4367E-02  -1.5705E+00
   1987.33   1.6324E+04  -4.0749E+03   5.4744E+04  -6.3400E+00  -1.7370E-01   9.5129E+00  -5.1880E-01  -1.4214E-02  -1.5569E+00
   1987.42   1.6327E+04  -4.0765E+03   5.4735E+04  -6.3146E+00  -1.7261E-01   9.4731E+00  -5.1673E-01  -1.4125E-02  -1.5504E+00
   1987.50   1.6330E+04  -4.0781E+03   5.4726E+04  -6.3199E+00  -1.7234E-01   9.4792E+00  -5.1716E-01  -1.4102E-02  -1.5514E+00
   1987.58   1.6332E+04  -4.0797E+03   5.4717E+04  -6.3577E+00  -1.7293E-01   9.5340E+00  -5.2026E-01  -1.4151E-02  -1.5603E+00
   1987.67   1.6335E+04  -4.0814E+03   5.4708E+04  -6.4298E+00  -1.7443E-01   9.6401E+00  -5.2615E-01  -1.4274E-02  -1.5777E+00
   1987.75   1.6338E+04  -4.0830E+03   5.4700E+04  -6.5379E+00  -1.7690E-01   9.8002E+00  -5.3500E-01  -1.4476E-02  -1.6039E+00
   1987.83   1.6341E+04  -4.0846E+03   5.4691E+04  -6.6838E+00  -1.8037E-01   1.0017E+01  -5.4694E-01  -1.4760E-02  -1.6394E+00
   1987.92   1.6344E+04  -4.0862E+03   5.4682E+04  -6.8694E+00  -1.8490E-01   1.0293E+01  -5.6213E-01  -1.5131E-02  -1.6846E+00
   1988.00   1.6346E+04  -4.0879E+03   5.4673E+04  -7.0965E+00  -1.9054E-01   1.0631E+01  -5.8071E-01  -1.5592E-02  -1.7399E+00
   1988.08   1.6349E+04  -4.0895E+03   5.4664E+04  -7.3658E+00  -1.9730E-01   1.1033E+01  -6.0275E-01  -1.6145E-02  -1.8057E+00
   1988.17   1.6352E+04  -4.0912E+03   5.4655E+04  -7.6748E+00  -2.0511E-01   1.1494E+01  -6.2803E-01  -1.6784E-02  -1.8811E+00
   1988.25   1.6355E+04  -4.0928E+03   5.4646E+04  -8.0197E+00  -2.1388E-01   1.2009E+01  -6.5626E-01  -1.7502E-02  -1.9654E+00
   1988.33   1.6358E+04  -4.0945E+03   5.4638E+04  -8.3970E+00  -2.2351E-01   1.2572E+01  -6.8713E-01  -1.8290E-02  -2.0575E+00
   1988.42   1.6360E+04  -4.0961E+03   5.4629E+04  -8.8029E+00  -2.3390E-01   1.3178E+01  -7.2034E-01  -1.9140E-02  -2.1567E+00
   1988.50   1.6363E+04  -4.0978E+03   5.4620E+04  -9.2338E+00  -2.4496E-01   1.3821E+01  -7.5560E-01  -2.0045E-02  -2.2620E+00
   1988.58   1.6366E+04  -4.0995E+03   5.4611E+04  -9.6860E+00  -2.5659E-01   1.4497E+01  -7.9261E-01  -2.0997E-02  -2.3726E+00
   1988.67   1.6368E+04  -4.1011E+03   5.4602E+04  -1.0156E+01  -2.6869E-01   1.5199E+01  -8.3107E-01  -2.1987E-02  -2.4875E+00
   1988.75   1.6371E+04  -4.1028E+03   5.4594E+04  -1.0640E+01  -2.8116E-01   1.5922E+01  -8.7068E-01  -2.3007E-02  -2.6058E+00
   1988.83   1.6374E+04  -4.1045E+03   5.4585E+04  -1.1135E+01  -2.9391E-01   1.6661E+01  -9.1115E-01  -2.4050E-02  -2.7267E+00
   1988.92   1.6376E+04  -4.1062E+03   5.4576E+04  -1.1636E+01  -3.0683E-01   1.7410E+01  -9.5216E-01  -2.5108E-02  -2.8493E+00
   1989.00   1.6379E+04  -4.1079E+03   5.4567E+04  -1.2140E+01  -3.1984E-01   1.8163E+01  -9.9344E-01  -2.6173E-02  -2.9726E+00
   1989.08   1.6382E+04  -4.1096E+03   5.4559E+04  -1.2644E+01  -3.3284E-01   1.8916E+01  -1.0347E+00  -2.7236E-02  -3.0958E+00
   1989.17   1.6384E+04  -4.1113E+03   5.4550E+04  -1.3144E+01  -3.4573E-01   1.9663E+01  -1.0756E+00  -2.8291E-02  -3.2180E+00
   1989.25   1.6387E+04  -4.1131E+03   5.4541E+04  -1.3636E+01  -3.5840E-01   2.0397E+01  -1.1158E+00  -2.9328E-02  -3.3383E+00
   1989.33   1.6389E+04  -4.1148E+03   5.4532E+04  -1.4116E+01  -3.7077E-01   2.1115E+01  -1.1551E+00  -3.0340E-02  -3.4557E+00
   1989.42   1.6392E+04  -4.1165E+03   5.4524E+04  -1.4582E+01  -3.8274E-01   2.1810E+01  -1.1932E+00  -3.1320E-02  -3.5695E+00
   1989.50   1.6395E+04  -4.1182E+03   5.4515E+04  -1.5028E+01  -3.9421E-01   2.2477E+01  -1.2298E+00  -3.2258E-02  -3.6787E+00
   1989.58   1.6397E+04  -4.1200E+03   5.4506E+04  -1.5452E+01  -4.0508E-01   2.3111E+01  -1.2645E+00  -3.3148E-02  -3.7823E+00
   1989.67   1.6400E+04  -4.1217E+03   5.4498E+04  -1.5850E+01  -4.1525E-01   2.3705E+01  -1.2970E+00  -3.3980E-02  -3.8796E+00
   1989.75   1.6402E+04  -4.1235E+03   5.4489E+04  -1.6219E+01  -4.2464E-01   2.4255E+01  -1.3272E+00  -3.4748E-02  -3.9697E+00
   1989.83   1.6405E+04  -4.1252E+03   5.4481E+04  -1.6554E+01  -4.3314E-01   2.4756E+01  -1.3546E+00  -3.5444E-02  -4.0515E+00
   1989.92   1.6408E+04  -4.1270E+03   5.4472E+04  -1.6852E+01  -4.4065E-01   2.5200E+01  -1.3790E+00  -3.6058E-02  -4.1243E+00
   1990.00   1.6410E+04  -4.1288E+03   5.4463E+04  -1.7110E+01  -4.4708E-01   2.5584E+01  -1.4001E+00  -3.6584E-02  -4.1871E+00
   1990.08   1.6413E+04  -4.1305E+03   5.4455E+04  -1.7324E+01  -4.5235E-01   2.5903E+01  -1.4176E+00  -3.7016E-02  -4.2394E+00
   1990.17   1.6415E+04  -4.1323E+03   5.4446E+04  -1.7496E+01  -4.5651E-01   2.6160E+01  -1.4317E+00  -3.7356E-02  -4.2813E+00
   1990.25   1.6418E+04  -4.1341E+03   5.4438E+04  -1.7629E+01  -4.5961E-01   2.6357E+01  -1.4426E+00  -3.7610E-02  -4.3136E+00
   1990.33   1.6420E+04  -4.1358E+03   5.4429E+04  -1.7724E+01  -4.6172E-01   2.6498E+01  -1.4504E+00  -3.7783E-02  -4.3367E+00
   1990.42   1.6423E+04  -4.1376E+03   5.4421E+04  -1.7785E+01  -4.6290E-01   2.6587E+01  -1.4554E+00  -3.7879E-02  -4.3513E+00
   1990.50   1.6426E+04  -4.1394E+03   5.4412E+04  -1.7813E+01  -4.6321E-01   2.6627E+01  -1.4576E+00  -3.7905E-02  -4.3578E+00
   1990.58   1.6428E+04  -4.1412E+03   5.4404E+04  -1.7811E+01  -4.6272E-01   2.6622E+01  -1.4575E+00  -3.7864E-02  -4.3570E+00
   1990.67   1.6431E+04  -4.1430E+03   5.4395E+04  -1.7780E+01  -4.6147E-01   2.6575E+01  -1.4550E+00  -3.7763E-02  -4.3493E+00
   1990.75   1.6433E+04  -4.1448E+03   5.4387E+04  -1.7725E+01  -4.5955E-01   2.6490E+01  -1.4504E+00  -3.7605E-02  -4.3354E+00
   1990.83   1.6436E+04  -4.1466E+03   5.4378E+04  -1.7646E+01  -4.5701E-01   2.6370E+01  -1.4440E+00  -3.7397E-02  -4.3158E+00
   1990.92   1.6438E+04  -4.1484E+03   5.4370E+04  -1.7546E+01  -4.5391E-01   2.6219E+01  -1.4358E+00  -3.7143E-02  -4.2910E+00
   1991.00   1.6441E+04  -4.1502E+03   5.4361E+04  -1.7428E+01  -4.5031E-01   2.6040E+01  -1.4261E+00  -3.6849E-02  -4.2617E+00
   1991.08   1.6444E+04  -4.1520E+03   5.4353E+04  -1.7293E+01  -4.4628E-01   2.5837E+01  -1.4151E+00  -3.6519E-02  -4.2285E+00
   1991.17   1.6446E+04  -4.1538E+03   5.4345E+04  -1.7145E+01  -4.4188E-01   2.5613E+01  -1.4029E+00  -3.6159E-02  -4.1918E+00
   1991.25   1.6449E+04  -4.1556E+03   5.4336E+04  -1.6985E+01  -4.3717E-01   2.5371E+01  -1.3899E+00  -3.5774E-02  -4.1523E+00
   1991.33   1.6451E+04  -4.1575E+03   5.4328E+04  -1.6815E+01  -4.3221E-01   2.5116E+01  -1.3760E+00  -3.5368E-02  -4.1105E+00
   1991.42   1.6454E+04  -4.1593E+03   5.4319E+04  -1.6639E+01  -4.2707E-01   2.4851E+01  -1.3616E+00  -3.4947E-02  -4.0671E+00
   1991.50   1.6457E+04  -4.1611E+03   5.4311E+04  -1.6459E+01  -4.2180E-01   2.4579E+01  -1.3468E+00  -3.4516E-02  -4.0226E+00
   1991.58   1.6459E+04  -4.1629E+03   5.4303E+04  -1.6276E+01  -4.1648E-01   2.4303E+01  -1.3319E+00  -3.4081E-02  -3.9775E+00
   1991.67   1.6462E+04  -4.1648E+03   5.4294E+04  -1.6094E+01  -4.1116E-01   2.4028E+01  -1.3170E+00  -3.3645E-02  -3.9325E+00
   1991.75   1.6465E+04  -4.1666E+03   5.4286E+04  -1.5914E+01  -4.0590E-01   2.3757E+01  -1.3022E+00  -3.3215E-02  -3.8880E+00
   1991.83   1.6467E+04  -4.1684E+03   5.4277E+04  -1.5739E+01  -4.0076E-01   2.3492E+01  -1.2879E+00  -3.2795E-02  -3.8448E+00
   1991.92   1.6470E+04  -4.1702E+03   5.4269E+04  -1.5571E+01  -3.9582E-01   2.3239E+01  -1.2742E+00  -3.2390E-02  -3.8033E+00
   1992.00   1.6473E+04  -4.1721E+03   5.4261E+04  -1.5412E+01  -3.9112E-01   2.3000E+01  -1.2612E+00  -3.2006E-02  -3.7641E+00
   1992.08   1.6476E+04  -4.1739E+03   5.4252E+04  -1.5265E+01  -3.8673E-01   2.2777E+01  -1.2492E+00  -3.1646E-02  -3.7277E+00
   1992.17   1.6478E+04  -4.1757E+03   5.4244E+04  -1.5129E+01  -3.8261E-01   2.2571E+01  -1.2380E+00  -3.1309E-02  -3.6940E+00
   1992.25   1.6481E+04  -4.1776E+03   5.4235E+04  -1.5002E+01  -3.7876E-01   2.2379E+01  -1.2276E+00  -3.0994E-02  -3.6625E+00
   1992.33   1.6484E+04  -4.1794E+03   5.4227E+04  -1.4883E+01  -3.7513E-01   2.2199E+01  -1.2179E+00  -3.0697E-02  -3.6332E+00
   1992.42   1.6487E+04  -4.1812E+03   5.4218E+04  -1.4772E+01  -3.7169E-01   2.2031E+01  -1.2088E+00  -3.0416E-02  -3.6055E+00
   1992.50   1.6489E+04  -4.1830E+03   5.4210E+04  -1.4667E+01  -3.6843E-01   2.1871E+01  -1.2002E+00  -3.0149E-02  -3.5794E+00
   1992.58   1.6492E+04  -4.1848E+03   5.4202E+04  -1.4567E+01  -3.6531E-01   2.1719E+01  -1.1920E+00  -2.9894E-02  -3.5545E+00
   1992.67   1.6495E+04  -4.1866E+03   5.4193E+04  -1.4470E+01  -3.6231E-01   2.1572E+01  -1.1841E+00  -2.9648E-02  -3.5305E+00
   1992.75   1.6498E+04  -4.1884E+03   5.4185E+04  -1.4376E+01  -3.5938E-01   2.1430E+01  -1.1764E+00  -2.9408E-02  -3.5072E+00
   1992.83   1.6501E+04  -4.1902E+03   5.4176E+04  -1.4284E+01  -3.5652E-01   2.1289E+01  -1.1688E+00  -2.9174E-02  -3.4842E+00
   1992.92   1.6504E+04  -4.1919E+03   5.4168E+04  -1.4192E+01  -3.5368E-01   2.1149E+01  -1.1613E+00  -2.8941E-02  -3.4613E+00
   1993.00   1.6507E+04  -4.1936E+03   5.4159E+04  -1.4098E+01  -3.5083E-01   2.1008E+01  -1.1537E+00  -2.8709E-02  -3.4381E+00
   1993.08   1.6510E+04  -4.1954E+03   5.4150E+04  -1.4003E+01  -3.4796E-01   2.0863E+01  -1.1459E+00  -2.8474E-02  -3.4145E+00
   1993.17   1.6513E+04  -4.1971E+03   5.4142E+04  -1.3905E+01  -3.4503E-01   2.0714E+01  -1.1378E+00  -2.8234E-02  -3.3901E+00
   1993.25   1.6516E+04  -4.1987E+03   5.4133E+04  -1.3802E+01  -3.4202E-01   2.0559E+01  -1.1294E+00  -2.7987E-02  -3.3647E+00
   1993.33   1.6519E+04  -4.2004E+03   5.4124E+04  -1.3694E+01  -3.3889E-01   2.0395E+01  -1.1205E+00  -2.7731E-02  -3.3379E+00
   1993.42   1.6522E+04  -4.2020E+03   5.4116E+04  -1.3578E+01  -3.3561E-01   2.0222E+01  -1.1111E+00  -2.7463E-02  -3.3095E+00
   1993.50   1.6525E+04  -4.2036E+03   5.4107E+04  -1.3455E+01  -3.3216E-01   2.0037E+01  -1.1011E+00  -2.7181E-02  -3.2792E+00
   1993.58   1.6528E+04  -4.2052E+03   5.4098E+04  -1.3323E+01  -3.2851E-01   1.9838E+01  -1.0903E+00  -2.6882E-02  -3.2467E+00
   1993.67   1.6531E+04  -4.2067E+03   5.4089E+04  -1.3181E+01  -3.2463E-01   1.9625E+01  -1.0786E+00  -2.6565E-02  -3.2118E+00
   1993.75   1.6534E+04  -4.2082E+03   5.4080E+04  -1.3028E+01  -3.2050E-01   1.9394E+01  -1.0661E+00  -2.6226E-02  -3.1741E+00
   1993.83   1.6537E+04  -4.2097E+03   5.4071E+04  -1.2862E+01  -3.1607E-01   1.9145E+01  -1.0525E+00  -2.5864E-02  -3.1333E+00
   1993.92   1.6540E+04  -4.2112E+03   5.4062E+04  -1.2682E+01  -3.1133E-01   1.8876E+01  -1.0378E+00  -2.5476E-02  -3.0893E+00
   1994.00   1.6544E+04  -4.2126E+03   5.4053E+04  -1.2488E+01  -3.0625E-01   1.8585E+01  -1.0219E+00  -2.5061E-02  -3.0416E+00
   1994.08   1.6547E+04  -4.2139E+03   5.4044E+04  -1.2277E+01  -3.0080E-01   1.8270E+01  -1.0047E+00  -2.4615E-02  -2.9902E+00
   1994.17   1.6550E+04  -4.2153E+03   5.4035E+04  -1.2053E+01  -2.9502E-01   1.7935E+01  -9.8628E-01  -2.4142E-02  -2.9352E+00
   1994.25   1.6553E+04  -4.2166E+03   5.4026E+04  -1.1815E+01  -2.8893E-01   1.7579E+01  -9.6681E-01  -2.3643E-02  -2.8770E+00
   1994.33   1.6557E+04  -4.2178E+03   5.4016E+04  -1.1565E+01  -2.8257E-01   1.7206E+01  -9.4638E-01  -2.3123E-02  -2.8160E+00
   1994.42   1.6560E+04  -4.2191E+03   5.4007E+04  -1.1305E+01  -2.7597E-01   1.6818E+01  -9.2511E-01  -2.2583E-02  -2.7524E+00
   1994.50   1.6563E+04  -4.2203E+03   5.3998E+04  -1.1036E+01  -2.6917E-01   1.6416E+01  -9.0310E-01  -2.2026E-02  -2.6867E+00
   1994.58   1.6567E+04  -4.2214E+03   5.3988E+04  -1.0760E+01  -2.6219E-01   1.6004E+01  -8.8047E-01  -2.1455E-02  -2.6192E+00
   1994.67   1.6570E+04  -4.2226E+03   5.3979E+04  -1.0477E+01  -2.5508E-01   1.5582E+01  -8.5734E-01  -2.0874E-02  -2.5501E+00
   1994.75   1.6574E+04  -4.2237E+03   5.3969E+04  -1.0190E+01  -2.4787E-01   1.5153E+01  -8.3383E-01  -2.0283E-02  -2.4799E+00
   1994.83   1.6577E+04  -4.2248E+03   5.3959E+04  -9.8990E+00  -2.4058E-01   1.4719E+01  -8.1004E-01  -1.9687E-02  -2.4090E+00
   1994.92   1.6580E+04  -4.2258E+03   5.3950E+04  -9.6065E+00  -2.3326E-01   1.4283E+01  -7.8610E-01  -1.9088E-02  -2.3375E+00
   1995.00   1.6584E+04  -4.2268E+03   5.3940E+04  -9.3134E+00  -2.2593E-01   1.3846E+01  -7.6212E-01  -1.8488E-02  -2.2660E+00
   1995.08   1.6587E+04  -4.2278E+03   5.3930E+04  -9.0212E+00  -2.1864E-01   1.3410E+01  -7.3821E-01  -1.7891E-02  -2.1946E+00
   1995.17   1.6591E+04  -4.2288E+03   5.3920E+04  -8.7313E+00  -2.1141E-01   1.2977E+01  -7.1449E-01  -1.7300E-02  -2.1239E+00
   1995.25   1.6595E+04  -4.2298E+03   5.3910E+04  -8.4452E+00  -2.0428E-01   1.2551E+01  -6.9107E-01  -1.6716E-02  -2.0540E+00
   1995.33   1.6598E+04  -4.2307E+03   5.3900E+04  -8.1642E+00  -1.9727E-01   1.2131E+01  -6.6808E-01  -1.6143E-02  -1.9854E+00
   1995.42   1.6602E+04  -4.2316E+03   5.3890E+04  -7.8897E+00  -1.9044E-01   1.1722E+01  -6.4562E-01  -1.5583E-02  -1.9184E+00
   1995.50   1.6605E+04  -4.2325E+03   5.3880E+04  -7.6232E+00  -1.8380E-01   1.1324E+01  -6.2381E-01  -1.5040E-02  -1.8534E+00
   1995.58   1.6609E+04  -4.2334E+03   5.3870E+04  -7.3661E+00  -1.7739E-01   1.0941E+01  -6.0277E-01  -1.4516E-02  -1.7906E+00
   1995.67   1.6613E+04  -4.2342E+03   5.3860E+04  -7.1197E+00  -1.7125E-01   1.0573E+01  -5.8261E-01  -1.4013E-02  -1.7304E+00
   1995.75   1.6616E+04  -4.2351E+03   5.3849E+04  -6.8855E+00  -1.6541E-01   1.0224E+01  -5.6344E-01  -1.3535E-02  -1.6732E+00
   1995.83   1.6620E+04  -4.2359E+03   5.3839E+04  -6.6649E+00  -1.5990E-01   9.8945E+00  -5.4539E-01  -1.3084E-02  -1.6193E+00
   1995.92   1.6624E+04  -4.2367E+03   5.3829E+04  -6.4593E+00  -1.5475E-01   9.5875E+00  -5.2857E-01  -1.2663E-02  -1.5691E+00
   1996.00   1.6628E+04  -4.2375E+03   5.3818E+04  -6.2701E+00  -1.5001E-01   9.3049E+00  -5.1308E-01  -1.2275E-02  -1.5228E+00
   1996.08   1.6631E+04  -4.2383E+03   5.3808E+04  -6.0985E+00  -1.4569E-01   9.0485E+00  -4.9904E-01  -1.1922E-02  -1.4809E+00
   1996.17   1.6635E+04  -4.2391E+03   5.3797E+04  -5.9448E+00  -1.4181E-01   8.8187E+00  -4.8647E-01  -1.1604E-02  -1.4433E+00
   1996.25   1.6639E+04  -4.2398E+03   5.3787E+04  -5.8091E+00  -1.3836E-01   8.6157E+00  -4.7536E-01  -1.1322E-02  -1.4100E+00
   1996.33   1.6643E+04  -4.2406E+03   5.3776E+04  -5.6916E+00  -1.3535E-01   8.4396E+00  -4.6575E-01  -1.1076E-02  -1.3812E+00
   1996.42   1.6647E+04  -4.2413E+03   5.3765E+04  -5.5923E+00  -1.3278E-01   8.2905E+00  -4.5762E-01  -1.0865E-02  -1.3568E+00
   1996.50   1.6651E+04  -4.2420E+03   5.3754E+04  -5.5113E+00  -1.3064E-01   8.1687E+00  -4.5099E-01  -1.0691E-02  -1.3369E+00
   1996.58   1.6655E+04  -4.2428E+03   5.3744E+04  -5.4488E+00  -1.2894E-01   8.0742E+00  -4.4588E-01  -1.0552E-02  -1.3214E+00
   1996.67   1.6659E+04  -4.2435E+03   5.3733E+04  -5.4048E+00  -1.2768E-01   8.0072E+00  -4.4228E-01  -1.0448E-02  -1.3105E+00
   1996.75   1.6663E+04  -4.2442E+03   5.3722E+04  -5.3794E+00  -1.2686E-01   7.9678E+00  -4.4020E-01  -1.0381E-02  -1.3040E+00
   1996.83   1.6667E+04  -4.2449E+03   5.3711E+04  -5.3729E+00  -1.2649E-01   7.9562E+00  -4.3966E-01  -1.0350E-02  -1.3021E+00
   1996.92   1.6671E+04  -4.2456E+03   5.3700E+04  -5.3851E+00  -1.2655E-01   7.9725E+00  -4.4067E-01  -1.0355E-02  -1.3048E+00
   1997.00   1.6675E+04  -4.2463E+03   5.3689E+04  -5.4164E+00  -1.2705E-01   8.0169E+00  -4.4322E-01  -1.0397E-02  -1.3121E+00
   1997.08   1.6679E+04  -4.2470E+03   5.3678E+04  -5.4666E+00  -1.2800E-01   8.0895E+00  -4.4734E-01  -1.0474E-02  -1.3239E+00
   1997.17   1.6683E+04  -4.2476E+03   5.3666E+04  -5.5361E+00  -1.2939E-01   8.1904E+00  -4.5302E-01  -1.0588E-02  -1.3405E+00
   1997.25   1.6687E+04  -4.2483E+03   5.3655E+04  -5.6249E+00  -1.3123E-01   8.3199E+00  -4.6028E-01  -1.0738E-02  -1.3616E+00
   1997.33   1.6691E+04  -4.2490E+03   5.3644E+04  -5.7330E+00  -1.3351E-01   8.4779E+00  -4.6913E-01  -1.0925E-02  -1.3875E+00
   1997.42   1.6695E+04  -4.2497E+03   5.3633E+04  -5.8606E+00  -1.3624E-01   8.6648E+00  -4.7957E-01  -1.1148E-02  -1.4181E+00
   1997.50   1.6699E+04  -4.2503E+03   5.3621E+04  -6.0078E+00  -1.3941E-01   8.8806E+00  -4.9162E-01  -1.1408E-02  -1.4534E+00
   1997.58   1.6703E+04  -4.2510E+03   5.3610E+04  -6.1747E+00  -1.4304E-01   9.1254E+00  -5.0528E-01  -1.1705E-02  -1.4935E+00
   1997.67   1.6707E+04  -4.2517E+03   5.3599E+04  -6.3613E+00  -1.4711E-01   9.3995E+00  -5.2055E-01  -1.2038E-02  -1.5383E+00
   1997.75   1.6711E+04  -4.2524E+03   5.3587E+04  -6.5679E+00  -1.5163E-01   9.7029E+00  -5.3746E-01  -1.2408E-02  -1.5880E+00
   1997.83   1.6715E+04  -4.2530E+03   5.3576E+04  -6.7945E+00  -1.5660E-01   1.0036E+01  -5.5600E-01  -1.2815E-02  -1.6425E+00
   1997.92   1.6719E+04  -4.2537E+03   5.3564E+04  -7.0412E+00  -1.6203E-01   1.0398E+01  -5.7619E-01  -1.3259E-02  -1.7018E+00
   1998.00   1.6723E+04  -4.2544E+03   5.3553E+04  -7.3081E+00  -1.6790E-01   1.0791E+01  -5.9803E-01  -1.3740E-02  -1.7660E+00
   1998.08   1.6728E+04  -4.2551E+03   5.3541E+04  -7.5949E+00  -1.7422E-01   1.1212E+01  -6.2150E-01  -1.4257E-02  -1.8350E+00
   1998.17   1.6732E+04  -4.2558E+03   5.3530E+04  -7.8997E+00  -1.8094E-01   1.1660E+01  -6.4643E-01  -1.4806E-02  -1.9084E+00
   1998.25   1.6736E+04  -4.2565E+03   5.3518E+04  -8.2199E+00  -1.8800E-01   1.2131E+01  -6.7264E-01  -1.5384E-02  -1.9854E+00
   1998.33   1.6740E+04  -4.2572E+03   5.3507E+04  -8.5533E+00  -1.9536E-01   1.2622E+01  -6.9992E-01  -1.5986E-02  -2.0657E+00
   1998.42   1.6744E+04  -4.2578E+03   5.3495E+04  -8.8974E+00  -2.0295E-01   1.3128E+01  -7.2808E-01  -1.6607E-02  -2.1485E+00
   1998.50   1.6748E+04  -4.2585E+03   5.3483E+04  -9.2498E+00  -2.1072E-01   1.3646E+01  -7.5691E-01  -1.7244E-02  -2.2333E+00
   1998.58   1.6752E+04  -4.2592E+03   5.3472E+04  -9.6081E+00  -2.1863E-01   1.4173E+01  -7.8623E-01  -1.7890E-02  -2.3195E+00
   1998.67   1.6757E+04  -4.2599E+03   5.3460E+04  -9.9699E+00  -2.2660E-01   1.4705E+01  -8.1584E-01  -1.8543E-02  -2.4066E+00
   1998.75   1.6761E+04  -4.2605E+03   5.3448E+04  -1.0333E+01  -2.3460E-01   1.5239E+01  -8.4554E-01  -1.9198E-02  -2.4940E+00
   1998.83   1.6765E+04  -4.2612E+03   5.3437E+04  -1.0695E+01  -2.4257E-01   1.5770E+01  -8.7514E-01  -1.9850E-02  -2.5810E+00
   1998.92   1.6769E+04  -4.2618E+03   5.3425E+04  -1.1052E+01  -2.5045E-01   1.6297E+01  -9.0443E-01  -2.0494E-02  -2.6672E+00
   1999.00   1.6773E+04  -4.2624E+03   5.3413E+04  -1.1404E+01  -2.5819E-01   1.6814E+01  -9.3322E-01  -2.1127E-02  -2.7518E+00
   1999.08   1.6777E+04  -4.2630E+03   5.3401E+04  -1.1748E+01  -2.6573E-01   1.7319E+01  -9.6132E-01  -2.1745E-02  -2.8345E+00
   1999.17   1.6782E+04  -4.2636E+03   5.3390E+04  -1.2080E+01  -2.7302E-01   1.7808E+01  -9.8853E-01  -2.2342E-02  -2.9145E+00
   1999.25   1.6786E+04  -4.2641E+03   5.3378E+04  -1.2400E+01  -2.8002E-01   1.8277E+01  -1.0147E+00  -2.2914E-02  -2.9913E+00
   1999.33   1.6790E+04  -4.2647E+03   5.3366E+04  -1.2703E+01  -2.8665E-01   1.8723E+01  -1.0395E+00  -2.3457E-02  -3.0643E+00
   1999.42   1.6794E+04  -4.2652E+03   5.3354E+04  -1.2988E+01  -2.9287E-01   1.9143E+01  -1.0629E+00  -2.3966E-02  -3.1329E+00
   1999.50   1.6798E+04  -4.2657E+03   5.3342E+04  -1.3253E+01  -2.9863E-01   1.9532E+01  -1.0845E+00  -2.4437E-02  -3.1966E+00
   1999.58   1.6803E+04  -4.2662E+03   5.3331E+04  -1.3496E+01  -3.0387E-01   1.9888E+01  -1.1043E+00  -2.4866E-02  -3.2548E+00
   1999.67   1.6807E+04  -4.2666E+03   5.3319E+04  -1.3712E+01  -3.0854E-01   2.0206E+01  -1.1221E+00  -2.5248E-02  -3.3069E+00
   1999.75   1.6811E+04  -4.2670E+03   5.3307E+04  -1.3901E+01  -3.1258E-01   2.0483E+01  -1.1376E+00  -2.5579E-02  -3.3523E+00
   1999.83   1.6815E+04  -4.2674E+03   5.3295E+04  -1.4060E+01  -3.1594E-01   2.0716E+01  -1.1506E+00  -2.5853E-02  -3.3904E+00
   1999.92   1.6819E+04  -4.2677E+03   5.3283E+04  -1.4187E+01  -3.1856E-01   2.0901E+01  -1.1609E+00  -2.6068E-02  -3.4207E+00
   2000.00   1.6824E+04  -4.2680E+03   5.3272E+04  -1.4278E+01  -3.2040E-01   2.1035E+01  -1.1684E+00  -2.6218E-02  -3.4426E+00
   2000.08   1.6828E+04  -4.2683E+03   5.3260E+04  -1.4334E+01  -3.2141E-01   2.1115E+01  -1.1729E+00  -2.6301E-02  -3.4557E+00
   2000.17   1.6832E+04  -4.2685E+03   5.3248E+04  -1.4355E+01  -3.2165E-01   2.1145E+01  -1.1746E+00  -2.6321E-02  -3.4605E+00
   2000.25   1.6836E+04  -4.2687E+03   5.3236E+04  -1.4344E+01  -3.2118E-01   2.1128E+01  -1.1738E+00  -2.6282E-02  -3.4578E+00
   2000.33   1.6841E+04  -4.2689E+03   5.3224E+04  -1.4306E+01  -3.2007E-01   2.1070E+01  -1.1707E+00  -2.6191E-02  -3.4483E+00
   2000.42   1.6845E+04  -4.2690E+03   5.3213E+04  -1.4242E+01  -3.1839E-01   2.0975E+01  -1.1654E+00  -2.6054E-02  -3.4327E+00
   2000.50   1.6849E+04  -4.2691E+03   5.3201E+04  -1.4156E+01  -3.1619E-01   2.0847E+01  -1.1584E+00  -2.5874E-02  -3.4118E+00
   2000.58   1.6853E+04  -4.2692E+03   5.3189E+04  -1.4052E+01  -3.1356E-01   2.0691E+01  -1.1498E+00  -2.5659E-02  -3.3863E+00
   2000.67   1.6858E+04  -4.2693E+03   5.3177E+04  -1.3931E+01  -3.1056E-01   2.0511E+01  -1.1399E+00  -2.5413E-02  -3.3568E+00
   2000.75   1.6862E+04  -4.2693E+03   5.3165E+04  -1.3797E+01  -3.0725E-01   2.0312E+01  -1.1290E+00  -2.5143E-02  -3.3242E+00
   2000.83   1.6866E+04  -4.2693E+03   5.3154E+04  -1.3652E+01  -3.0371E-01   2.0098E+01  -1.1172E+00  -2.4853E-02  -3.2892E+00
   2000.92   1.6870E+04  -4.2693E+03   5.3142E+04  -1.3501E+01  -2.9999E-01   1.9873E+01  -1.1048E+00  -2.4549E-02  -3.2525E+00
   2001.00   1.6875E+04  -4.2693E+03   5.3130E+04  -1.3346E+01  -2.9618E-01   1.9643E+01  -1.0921E+00  -2.4236E-02  -3.2148E+00
   2001.08   1.6879E+04  -4.2693E+03   5.3118E+04  -1.3190E+01  -2.9232E-01   1.9411E+01  -1.0794E+00  -2.3921E-02  -3.1768E+00
   2001.17   1.6883E+04  -4.2693E+03   5.3107E+04  -1.3037E+01  -2.8850E-01   1.9182E+01  -1.0668E+00  -2.3608E-02  -3.1394E+00
   2001.25   1.6887E+04  -4.2692E+03   5.3095E+04  -1.2888E+01  -2.8478E-01   1.8961E+01  -1.0546E+00  -2.3304E-02  -3.1031E+00
   2001.33   1.6891E+04  -4.2692E+03   5.3083E+04  -1.2747E+01  -2.8122E-01   1.8751E+01  -1.0431E+00  -2.3013E-02  -3.0688E+00
   2001.42   1.6896E+04  -4.2691E+03   5.3072E+04  -1.2618E+01  -2.7790E-01   1.8558E+01  -1.0325E+00  -2.2741E-02  -3.0372E+00
   2001.50   1.6900E+04  -4.2690E+03   5.3060E+04  -1.2503E+01  -2.7488E-01   1.8386E+01  -1.0231E+00  -2.2493E-02  -3.0090E+00
   2001.58   1.6904E+04  -4.2690E+03   5.3048E+04  -1.2405E+01  -2.7222E-01   1.8239E+01  -1.0151E+00  -2.2276E-02  -2.9850E+00
   2001.67   1.6908E+04  -4.2689E+03   5.3037E+04  -1.2327E+01  -2.7000E-01   1.8122E+01  -1.0088E+00  -2.2094E-02  -2.9658E+00
   2001.75   1.6913E+04  -4.2688E+03   5.3025E+04  -1.2273E+01  -2.6828E-01   1.8038E+01  -1.0043E+00  -2.1954E-02  -2.9522E+00
   2001.83   1.6917E+04  -4.2688E+03   5.3013E+04  -1.2245E+01  -2.6714E-01   1.7994E+01  -1.0020E+00  -2.1860E-02  -2.9449E+00
   2001.92   1.6921E+04  -4.2687E+03   5.3002E+04  -1.2247E+01  -2.6663E-01   1.7993E+01  -1.0021E+00  -2.1818E-02  -2.9447E+00
   2002.00   1.6925E+04  -4.2687E+03   5.2990E+04  -1.2280E+01  -2.6682E-01   1.8039E+01  -1.0049E+00  -2.1834E-02  -2.9523E+00
   2002.08   1.6929E+04  -4.2687E+03   5.2979E+04  -1.2349E+01  -2.6776E-01   1.8136E+01  -1.0105E+00  -2.1911E-02  -2.9681E+00
   2002.17   1.6933E+04  -4.2686E+03   5.2967E+04  -1.2449E+01  -2.6941E-01   1.8280E+01  -1.0187E+00  -2.2046E-02  -2.9917E+00
   2002.25   1.6938E+04  -4.2686E+03   5.2956E+04  -1.2579E+01  -2.7169E-01   1.8467E+01  -1.0293E+00  -2.2232E-02  -3.0223E+00
   2002.33   1.6942E+04  -4.2686E+03   5.2944E+04  -1.2735E+01  -2.7454E-01   1.8692E+01  -1.0421E+00  -2.2466E-02  -3.0592E+00
   2002.42   1.6946E+04  -4.2686E+03   5.2932E+04  -1.2913E+01  -2.7790E-01   1.8951E+01  -1.0567E+00  -2.2740E-02  -3.1016E+00
   2002.50   1.6950E+04  -4.2686E+03   5.2921E+04  -1.3112E+01  -2.8168E-01   1.9239E+01  -1.0729E+00  -2.3050E-02  -3.1487E+00
   2002.58   1.6954E+04  -4.2686E+03   5.2909E+04  -1.3326E+01  -2.8584E-01   1.9552E+01  -1.0905E+00  -2.3390E-02  -3.1998E+00
   2002.67   1.6958E+04  -4.2686E+03   5.2898E+04  -1.3555E+01  -2.9029E-01   1.9884E+01  -1.1092E+00  -2.3755E-02  -3.2542E+00
   2002.75   1.6963E+04  -4.2686E+03   5.2886E+04  -1.3794E+01  -2.9498E-01   2.0231E+01  -1.1287E+00  -2.4138E-02  -3.3111E+00
   2002.83   1.6967E+04  -4.2686E+03   5.2875E+04  -1.4040E+01  -2.9983E-01   2.0589E+01  -1.1489E+00  -2.4535E-02  -3.3696E+00
   2002.92   1.6971E+04  -4.2687E+03   5.2863E+04  -1.4290E+01  -3.0478E-01   2.0953E+01  -1.1693E+00  -2.4940E-02  -3.4292E+00
   2003.00   1.6975E+04  -4.2687E+03   5.2852E+04  -1.4541E+01  -3.0976E-01   2.1319E+01  -1.1899E+00  -2.5348E-02  -3.4890E+00
   2003.08   1.6979E+04  -4.2687E+03   5.2840E+04  -1.4789E+01  -3.1470E-01   2.1681E+01  -1.2102E+00  -2.5752E-02  -3.5483E+00
   2003.17   1.6983E+04  -4.2687E+03   5.2829E+04  -1.5033E+01  -3.1954E-01   2.2036E+01  -1.2301E+00  -2.6148E-02  -3.6064E+00
   2003.25   1.6987E+04  -4.2687E+03   5.2817E+04  -1.5268E+01  -3.2420E-01   2.2378E+01  -1.2493E+00  -2.6530E-02  -3.6624E+00
   2003.33   1.6992E+04  -4.2687E+03   5.2806E+04  -1.5491E+01  -3.2863E-01   2.2703E+01  -1.2676E+00  -2.6892E-02  -3.7156E+00
   2003.42   1.6996E+04  -4.2687E+03   5.2795E+04  -1.5699E+01  -3.3274E-01   2.3006E+01  -1.2847E+00  -2.7229E-02  -3.7653E+00
   2003.50   1.7000E+04  -4.2687E+03   5.2783E+04  -1.5890E+01  -3.3649E-01   2.3284E+01  -1.3003E+00  -2.7535E-02  -3.8107E+00
   2003.58   1.7004E+04  -4.2687E+03   5.2772E+04  -1.6059E+01  -3.3979E-01   2.3530E+01  -1.3142E+00  -2.7805E-02  -3.8510E+00
   2003.67   1.7008E+04  -4.2687E+03   5.2760E+04  -1.6205E+01  -3.4258E-01   2.3742E+01  -1.3260E+00  -2.8033E-02  -3.8856E+00
   2003.75   1.7012E+04  -4.2687E+03   5.2749E+04  -1.6323E+01  -3.4479E-01   2.3913E+01  -1.3357E+00  -2.8215E-02  -3.9136E+00
   2003.83   1.7017E+04  -4.2687E+03   5.2737E+04  -1.6411E+01  -3.4636E-01   2.4040E+01  -1.3429E+00  -2.8343E-02  -3.9343E+00
   2003.92   1.7021E+04  -4.2686E+03   5.2725E+04  -1.6465E+01  -3.4722E-01   2.4117E+01  -1.3473E+00  -2.8413E-02  -3.9470E+00
   2004.00   1.7025E+04  -4.2686E+03   5.2714E+04  -1.6482E+01  -3.4730E-01   2.4141E+01  -1.3487E+00  -2.8420E-02  -3.9509E+00
   2004.08   1.7029E+04  -4.2685E+03   5.2702E+04  -1.6460E+01  -3.4656E-01   2.4107E+01  -1.3470E+00  -2.8359E-02  -3.9454E+00
   2004.17   1.7033E+04  -4.2684E+03   5.2691E+04  -1.6401E+01  -3.4502E-01   2.4019E+01  -1.3421E+00  -2.8233E-02  -3.9310E+00
   2004.25   1.7038E+04  -4.2684E+03   5.2679E+04  -1.6308E+01  -3.4274E-01   2.3881E+01  -1.3345E+00  -2.8047E-02  -3.9083E+00
   2004.33   1.7042E+04  -4.2683E+03   5.2668E+04  -1.6182E+01  -3.3978E-01   2.3695E+01  -1.3242E+00  -2.7804E-02  -3.8779E+00
   2004.42   1.7046E+04  -4.2682E+03   5.2656E+04  -1.6026E+01  -3.3619E-01   2.3465E+01  -1.3115E+00  -2.7510E-02  -3.8403E+00
   2004.50   1.7050E+04  -4.2680E+03   5.2645E+04  -1.5844E+01  -3.3202E-01   2.3196E+01  -1.2965E+00  -2.7169E-02  -3.7963E+00
   2004.58   1.7055E+04  -4.2679E+03   5.2633E+04  -1.5637E+01  -3.2733E-01   2.2891E+01  -1.2796E+00  -2.6785E-02  -3.7464E+00
   2004.67   1.7059E+04  -4.2678E+03   5.2621E+04  -1.5408E+01  -3.2216E-01   2.2554E+01  -1.2609E+00  -2.6363E-02  -3.6912E+00
   2004.75   1.7063E+04  -4.2677E+03   5.2610E+04  -1.5160E+01  -3.1658E-01   2.2189E+01  -1.2405E+00  -2.5906E-02  -3.6314E+00
   2004.83   1.7067E+04  -4.2675E+03   5.2598E+04  -1.4895E+01  -3.1064E-01   2.1799E+01  -1.2188E+00  -2.5420E-02  -3.5676E+00
   2004.92   1.7072E+04  -4.2674E+03   5.2587E+04  -1.4615E+01  -3.0439E-01   2.1388E+01  -1.1960E+00  -2.4909E-02  -3.5004E+00
   2005.00   1.7076E+04  -4.2672E+03   5.2575E+04  -1.4324E+01  -2.9789E-01   2.0960E+01  -1.1722E+00  -2.4377E-02  -3.4303E+00
   2005.08   1.7080E+04  -4.2670E+03   5.2564E+04  -1.4024E+01  -2.9119E-01   2.0518E+01  -1.1476E+00  -2.3828E-02  -3.3581E+00
   2005.17   1.7084E+04  -4.2669E+03   5.2552E+04  -1.3718E+01  -2.8434E-01   2.0067E+01  -1.1225E+00  -2.3268E-02  -3.2842E+00
   2005.25   1.7088E+04  -4.2667E+03   5.2541E+04  -1.3407E+01  -2.7740E-01   1.9610E+01  -1.0971E+00  -2.2699E-02  -3.2095E+00
   2005.33   1.7093E+04  -4.2665E+03   5.2529E+04  -1.3095E+01  -2.7041E-01   1.9151E+01  -1.0716E+00  -2.2128E-02  -3.1343E+00
   2005.42   1.7097E+04  -4.2663E+03   5.2518E+04  -1.2784E+01  -2.6345E-01   1.8694E+01  -1.0461E+00  -2.1558E-02  -3.0595E+00
   2005.50   1.7101E+04  -4.2661E+03   5.2506E+04  -1.2476E+01  -2.5655E-01   1.8242E+01  -1.0210E+00  -2.0994E-02  -2.9855E+00
   2005.58   1.7105E+04  -4.2659E+03   5.2495E+04  -1.2175E+01  -2.4978E-01   1.7799E+01  -9.9632E-01  -2.0439E-02  -2.9130E+00
   2005.67   1.7109E+04  -4.2657E+03   5.2484E+04  -1.1883E+01  -2.4318E-01   1.7369E+01  -9.7240E-01  -1.9899E-02  -2.8426E+00
   2005.75   1.7114E+04  -4.2655E+03   5.2472E+04  -1.1602E+01  -2.3681E-01   1.6956E+01  -9.4942E-01  -1.9378E-02  -2.7750E+00
   2005.83   1.7118E+04  -4.2653E+03   5.2461E+04  -1.1335E+01  -2.3072E-01   1.6563E+01  -9.2758E-01  -1.8880E-02  -2.7107E+00
   2005.92   1.7122E+04  -4.2651E+03   5.2450E+04  -1.1085E+01  -2.2498E-01   1.6194E+01  -9.0708E-01  -1.8410E-02  -2.6503E+00
   2006.00   1.7126E+04  -4.2649E+03   5.2438E+04  -1.0853E+01  -2.1962E-01   1.5853E+01  -8.8814E-01  -1.7972E-02  -2.5945E+00
   2006.08   1.7130E+04  -4.2647E+03   5.2427E+04  -1.0643E+01  -2.1470E-01   1.5543E+01  -8.7092E-01  -1.7569E-02  -2.5437E+00
   2006.17   1.7134E+04  -4.2645E+03   5.2416E+04  -1.0453E+01  -2.1019E-01   1.5262E+01  -8.5535E-01  -1.7200E-02  -2.4977E+00
   2006.25   1.7138E+04  -4.2642E+03   5.2405E+04  -1.0281E+01  -2.0607E-01   1.5008E+01  -8.4129E-01  -1.6863E-02  -2.4562E+00
   2006.33   1.7143E+04  -4.2640E+03   5.2393E+04  -1.0126E+01  -2.0231E-01   1.4779E+01  -8.2862E-01  -1.6555E-02  -2.4188E+00
   2006.42   1.7147E+04  -4.2638E+03   5.2382E+04  -9.9869E+00  -1.9887E-01   1.4573E+01  -8.1723E-01  -1.6274E-02  -2.3851E+00
   2006.50   1.7151E+04  -4.2636E+03   5.2371E+04  -9.8617E+00  -1.9574E-01   1.4388E+01  -8.0699E-01  -1.6017E-02  -2.3547E+00
   2006.58   1.7155E+04  -4.2634E+03   5.2360E+04  -9.7490E+00  -1.9287E-01   1.4221E+01  -7.9776E-01  -1.5782E-02  -2.3274E+00
   2006.67   1.7159E+04  -4.2632E+03   5.2349E+04  -9.6472E+00  -1.9024E-01   1.4070E+01  -7.8944E-01  -1.5567E-02  -2.3027E+00
   2006.75   1.7163E+04  -4.2630E+03   5.2338E+04  -9.5549E+00  -1.8782E-01   1.3933E+01  -7.8188E-01  -1.5369E-02  -2.2802E+00
   2006.83   1.7167E+04  -4.2628E+03   5.2327E+04  -9.4705E+00  -1.8558E-01   1.3807E+01  -7.7497E-01  -1.5186E-02  -2.2597E+00
   2006.92   1.7171E+04  -4.2626E+03   5.2316E+04  -9.3925E+00  -1.8349E-01   1.3691E+01  -7.6859E-01  -1.5015E-02  -2.2407E+00
   2007.00   1.7175E+04  -4.2624E+03   5.2305E+04  -9.3193E+00  -1.8152E-01   1.3582E+01  -7.6261E-01  -1.4854E-02  -2.2229E+00
   2007.08   1.7179E+04  -4.2622E+03   5.2294E+04  -9.2495E+00  -1.7965E-01   1.3478E+01  -7.5689E-01  -1.4701E-02  -2.2059E+00
   2007.17   1.7183E+04  -4.2620E+03   5.2283E+04  -9.1816E+00  -1.7783E-01   1.3377E+01  -7.5133E-01  -1.4552E-02  -2.1894E+00
   2007.25   1.7188E+04  -4.2618E+03   5.2272E+04  -9.1139E+00  -1.7606E-01   1.3277E+01  -7.4580E-01  -1.4407E-02  -2.1729E+00
   2007.33   1.7192E+04  -4.2616E+03   5.2261E+04  -9.0450E+00  -1.7428E-01   1.3175E+01  -7.4016E-01  -1.4261E-02  -2.1562E+00
   2007.42   1.7196E+04  -4.2614E+03   5.2250E+04  -8.9734E+00  -1.7248E-01   1.3069E+01  -7.3430E-01  -1.4114E-02  -2.1389E+00
   2007.50   1.7200E+04  -4.2613E+03   5.2239E+04  -8.8975E+00  -1.7062E-01   1.2957E+01  -7.2809E-01  -1.3962E-02  -2.1205E+00
   2007.58   1.7204E+04  -4.2611E+03   5.2229E+04  -8.8159E+00  -1.6868E-01   1.2836E+01  -7.2141E-01  -1.3803E-02  -2.1008E+00
   2007.67   1.7208E+04  -4.2610E+03   5.2218E+04  -8.7269E+00  -1.6662E-01   1.2705E+01  -7.1412E-01  -1.3635E-02  -2.0793E+00
   2007.75   1.7213E+04  -4.2608E+03   5.2207E+04  -8.6291E+00  -1.6442E-01   1.2561E+01  -7.0612E-01  -1.3454E-02  -2.0558E+00
   2007.83   1.7217E+04  -4.2607E+03   5.2196E+04  -8.5209E+00  -1.6204E-01   1.2403E+01  -6.9727E-01  -1.3260E-02  -2.0298E+00
   2007.92   1.7221E+04  -4.2605E+03   5.2185E+04  -8.4009E+00  -1.5947E-01   1.2227E+01  -6.8745E-01  -1.3049E-02  -2.0010E+00
   2008.00   1.7226E+04  -4.2604E+03   5.2174E+04  -8.2675E+00  -1.5666E-01   1.2031E+01  -6.7653E-01  -1.2819E-02  -1.9691E+00
   2008.08   1.7230E+04  -4.2603E+03   5.2163E+04  -8.1197E+00  -1.5360E-01   1.1815E+01  -6.6444E-01  -1.2569E-02  -1.9337E+00
   2008.17   1.7234E+04  -4.2602E+03   5.2152E+04  -7.9591E+00  -1.5031E-01   1.1580E+01  -6.5130E-01  -1.2300E-02  -1.8953E+00
   2008.25   1.7239E+04  -4.2601E+03   5.2141E+04  -7.7877E+00  -1.4684E-01   1.1330E+01  -6.3727E-01  -1.2016E-02  -1.8543E+00
   2008.33   1.7243E+04  -4.2600E+03   5.2130E+04  -7.6077E+00  -1.4322E-01   1.1067E+01  -6.2254E-01  -1.1719E-02  -1.8112E+00
   2008.42   1.7248E+04  -4.2599E+03   5.2119E+04  -7.4210E+00  -1.3948E-01   1.0794E+01  -6.0727E-01  -1.1413E-02  -1.7666E+00
   2008.50   1.7252E+04  -4.2599E+03   5.2108E+04  -7.2298E+00  -1.3566E-01   1.0515E+01  -5.9162E-01  -1.1101E-02  -1.7209E+00
   2008.58   1.7257E+04  -4.2598E+03   5.2097E+04  -7.0362E+00  -1.3180E-01   1.0232E+01  -5.7577E-01  -1.0785E-02  -1.6746E+00
   2008.67   1.7261E+04  -4.2597E+03   5.2087E+04  -6.8422E+00  -1.2793E-01   9.9488E+00  -5.5990E-01  -1.0469E-02  -1.6282E+00
   2008.75   1.7266E+04  -4.2596E+03   5.2076E+04  -6.6498E+00  -1.2410E-01   9.6677E+00  -5.4416E-01  -1.0155E-02  -1.5822E+00
   2008.83   1.7270E+04  -4.2595E+03   5.2065E+04  -6.4613E+00  -1.2034E-01   9.3921E+00  -5.2873E-01  -9.8473E-03  -1.5371E+00
   2008.92   1.7275E+04  -4.2594E+03   5.2054E+04  -6.2786E+00  -1.1668E-01   9.1249E+00  -5.1378E-01  -9.5479E-03  -1.4934E+00
   2009.00   1.7279E+04  -4.2593E+03   5.2043E+04  -6.1038E+00  -1.1316E-01   8.8692E+00  -4.9948E-01  -9.2601E-03  -1.4515E+00
   2009.08   1.7284E+04  -4.2591E+03   5.2032E+04  -5.9391E+00  -1.0982E-01   8.6279E+00  -4.8600E-01  -8.9870E-03  -1.4120E+00
   2009.17   1.7289E+04  -4.2590E+03   5.2021E+04  -5.7864E+00  -1.0670E-01   8.4040E+00  -4.7350E-01  -8.7315E-03  -1.3754E+00
   2009.25   1.7293E+04  -4.2588E+03   5.2010E+04  -5.6479E+00  -1.0383E-01   8.2006E+00  -4.6217E-01  -8.4966E-03  -1.3421E+00
   2009.33   1.7298E+04  -4.2586E+03   5.1999E+04  -5.5256E+00  -1.0125E-01   8.0207E+00  -4.5217E-01  -8.2853E-03  -1.3127E+00
   2009.42   1.7302E+04  -4.2585E+03   5.1988E+04  -5.4217E+00  -9.8994E-02   7.8672E+00  -4.4366E-01  -8.1007E-03  -1.2876E+00
   2009.50   1.7307E+04  -4.2582E+03   5.1976E+04  -5.3382E+00  -9.7100E-02   7.7433E+00  -4.3682E-01  -7.9457E-03  -1.2673E+00
   2009.58   1.7311E+04  -4.2580E+03   5.1965E+04  -5.2771E+00  -9.5605E-02   7.6518E+00  -4.3183E-01  -7.8234E-03  -1.2523E+00
   2009.67   1.7316E+04  -4.2577E+03   5.1954E+04  -5.2406E+00  -9.4545E-02   7.5958E+00  -4.2884E-01  -7.7367E-03  -1.2431E+00
   2009.75   1.7320E+04  -4.2575E+03   5.1943E+04  -5.2307E+00  -9.3958E-02   7.5783E+00  -4.2803E-01  -7.6886E-03  -1.2403E+00
   2009.83   1.7325E+04  -4.2572E+03   5.1932E+04  -5.2495E+00  -9.3880E-02   7.6023E+00  -4.2957E-01  -7.6822E-03  -1.2442E+00
   2009.92   1.7330E+04  -4.2568E+03   5.1921E+04  -5.2991E+00  -9.4347E-02   7.6709E+00  -4.3363E-01  -7.7205E-03  -1.2554E+00
   2010.00   1.7334E+04  -4.2564E+03   5.1910E+04  -5.3815E+00  -9.5397E-02   7.7869E+00  -4.4037E-01  -7.8064E-03  -1.2744E+00
   2010.08   1.7338E+04  -4.2560E+03   5.1899E+04  -5.4981E+00  -9.7052E-02   7.9523E+00  -4.4991E-01  -7.9418E-03  -1.3015E+00
   2010.17   1.7343E+04  -4.2556E+03   5.1888E+04  -5.6467E+00  -9.9274E-02   8.1641E+00  -4.6207E-01  -8.1236E-03  -1.3361E+00
   2010.25   1.7347E+04  -4.2551E+03   5.1877E+04  -5.8245E+00  -1.0201E-01   8.4180E+00  -4.7662E-01  -8.3478E-03  -1.3777E+00
   2010.33   1.7352E+04  -4.2546E+03   5.1865E+04  -6.0285E+00  -1.0522E-01   8.7100E+00  -4.9332E-01  -8.6102E-03  -1.4255E+00
   2010.42   1.7356E+04  -4.2541E+03   5.1854E+04  -6.2559E+00  -1.0884E-01   9.0357E+00  -5.1192E-01  -8.9066E-03  -1.4788E+00
   2010.50   1.7361E+04  -4.2536E+03   5.1843E+04  -6.5037E+00  -1.1283E-01   9.3910E+00  -5.3220E-01  -9.2328E-03  -1.5369E+00
   2010.58   1.7365E+04  -4.2530E+03   5.1832E+04  -6.7692E+00  -1.1713E-01   9.7719E+00  -5.5392E-01  -9.5846E-03  -1.5993E+00
   2010.67   1.7369E+04  -4.2524E+03   5.1821E+04  -7.0493E+00  -1.2169E-01   1.0174E+01  -5.7685E-01  -9.9580E-03  -1.6651E+00
   2010.75   1.7374E+04  -4.2518E+03   5.1809E+04  -7.3412E+00  -1.2646E-01   1.0593E+01  -6.0073E-01  -1.0349E-02  -1.7337E+00
   2010.83   1.7378E+04  -4.2512E+03   5.1798E+04  -7.6420E+00  -1.3140E-01   1.1025E+01  -6.2535E-01  -1.0752E-02  -1.8044E+00
   2010.92   1.7382E+04  -4.2506E+03   5.1787E+04  -7.9488E+00  -1.3644E-01   1.1466E+01  -6.5045E-01  -1.1165E-02  -1.8765E+00
   2011.00   1.7386E+04  -4.2499E+03   5.1775E+04  -8.2587E+00  -1.4155E-01   1.1911E+01  -6.7581E-01  -1.1583E-02  -1.9494E+00
   2011.08   1.7391E+04  -4.2493E+03   5.1764E+04  -8.5688E+00  -1.4666E-01   1.2357E+01  -7.0119E-01  -1.2001E-02  -2.0224E+00
   2011.17   1.7395E+04  -4.2486E+03   5.1753E+04  -8.8762E+00  -1.5173E-01   1.2799E+01  -7.2634E-01  -1.2416E-02  -2.0947E+00
   2011.25   1.7399E+04  -4.2479E+03   5.1741E+04  -9.1780E+00  -1.5671E-01   1.3233E+01  -7.5104E-01  -1.2823E-02  -2.1657E+00
   2011.33   1.7403E+04  -4.2473E+03   5.1730E+04  -9.4714E+00  -1.6154E-01   1.3655E+01  -7.7505E-01  -1.3219E-02  -2.2347E+00
   2011.42   1.7407E+04  -4.2466E+03   5.1719E+04  -9.7534E+00  -1.6617E-01   1.4060E+01  -7.9813E-01  -1.3598E-02  -2.3011E+00
   2011.50   1.7412E+04  -4.2459E+03   5.1707E+04  -1.0021E+01  -1.7056E-01   1.4445E+01  -8.2004E-01  -1.3957E-02  -2.3641E+00
   2011.58   1.7416E+04  -4.2452E+03   5.1696E+04  -1.0272E+01  -1.7465E-01   1.4805E+01  -8.4055E-01  -1.4292E-02  -2.4230E+00
   2011.67   1.7420E+04  -4.2445E+03   5.1684E+04  -1.0502E+01  -1.7840E-01   1.5136E+01  -8.5941E-01  -1.4598E-02  -2.4772E+00
   2011.75   1.7424E+04  -4.2438E+03   5.1673E+04  -1.0710E+01  -1.8174E-01   1.5434E+01  -8.7640E-01  -1.4872E-02  -2.5260E+00
   2011.83   1.7428E+04  -4.2431E+03   5.1661E+04  -1.0892E+01  -1.8464E-01   1.5695E+01  -8.9128E-01  -1.5109E-02  -2.5687E+00
   2011.92   1.7432E+04  -4.2425E+03   5.1650E+04  -1.1045E+01  -1.8703E-01   1.5915E+01  -9.0380E-01  -1.5305E-02  -2.6046E+00
   2012.00   1.7436E+04  -4.2418E+03   5.1638E+04  -1.1166E+01  -1.8887E-01   1.6088E+01  -9.1374E-01  -1.5455E-02  -2.6331E+00
