   1960.00   5.2378E+00  -8.8725E+02   5.7958E+04  -2.5843E+00  -2.5799E+00   3.0068E+01  -2.1147E-01  -2.1111E-01  -4.9210E+00
   1960.08   6.9103E+00  -8.8606E+02   5.7961E+04  -2.5681E+00  -2.5637E+00   2.9881E+01  -2.1015E-01  -2.0979E-01  -4.8904E+00
   1960.17   8.5842E+00  -8.8487E+02   5.7963E+04  -2.5457E+00  -2.5413E+00   2.9621E+01  -2.0832E-01  -2.0795E-01  -4.8478E+00
   1960.25   1.0259E+01  -8.8370E+02   5.7966E+04  -2.5175E+00  -2.5131E+00   2.9294E+01  -2.0600E-01  -2.0564E-01  -4.7942E+00
   1960.33   1.1935E+01  -8.8252E+02   5.7968E+04  -2.4839E+00  -2.4795E+00   2.8904E+01  -2.0326E-01  -2.0290E-01  -4.7305E+00
   1960.42   1.3610E+01  -8.8136E+02   5.7971E+04  -2.4454E+00  -2.4411E+00   2.8458E+01  -2.0011E-01  -1.9976E-01  -4.6574E+00
   1960.50   1.5285E+01  -8.8020E+02   5.7973E+04  -2.4026E+00  -2.3983E+00   2.7961E+01  -1.9661E-01  -1.9626E-01  -4.5761E+00
   1960.58   1.6959E+01  -8.7906E+02   5.7976E+04  -2.3559E+00  -2.3517E+00   2.7418E+01  -1.9278E-01  -1.9244E-01  -4.4872E+00
   1960.67   1.8632E+01  -8.7791E+02   5.7978E+04  -2.3057E+00  -2.3015E+00   2.6835E+01  -1.8867E-01  -1.8834E-01  -4.3918E+00
   1960.75   2.0302E+01  -8.7678E+02   5.7981E+04  -2.2525E+00  -2.2484E+00   2.6217E+01  -1.8432E-01  -1.8399E-01  -4.2907E+00
   1960.83   2.1970E+01  -8.7566E+02   5.7983E+04  -2.1968E+00  -2.1928E+00   2.5571E+01  -1.7977E-01  -1.7944E-01  -4.1849E+00
   1960.92   2.3636E+01  -8.7454E+02   5.7986E+04  -2.1391E+00  -2.1352E+00   2.4900E+01  -1.7504E-01  -1.7473E-01  -4.0752E+00
   1961.00   2.5298E+01  -8.7344E+02   5.7989E+04  -2.0798E+00  -2.0760E+00   2.4212E+01  -1.7019E-01  -1.6988E-01  -3.9626E+00
   1961.08   2.6956E+01  -8.7234E+02   5.7991E+04  -2.0195E+00  -2.0158E+00   2.3511E+01  -1.6526E-01  -1.6495E-01  -3.8479E+00
   1961.17   2.8610E+01  -8.7125E+02   5.7994E+04  -1.9585E+00  -1.9549E+00   2.2803E+01  -1.6027E-01  -1.5997E-01  -3.7320E+00
   1961.25   3.0259E+01  -8.7018E+02   5.7996E+04  -1.8974E+00  -1.8939E+00   2.2094E+01  -1.5527E-01  -1.5498E-01  -3.6158E+00
   1961.33   3.1903E+01  -8.6911E+02   5.7999E+04  -1.8367E+00  -1.8332E+00   2.1388E+01  -1.5030E-01  -1.5001E-01  -3.5003E+00
   1961.42   3.3541E+01  -8.6806E+02   5.8001E+04  -1.7767E+00  -1.7733E+00   2.0691E+01  -1.4539E-01  -1.4511E-01  -3.3864E+00
   1961.50   3.5172E+01  -8.6702E+02   5.8004E+04  -1.7180E+00  -1.7147E+00   2.0010E+01  -1.4059E-01  -1.4031E-01  -3.2748E+00
   1961.58   3.6797E+01  -8.6599E+02   5.8006E+04  -1.6611E+00  -1.6578E+00   1.9349E+01  -1.3593E-01  -1.3566E-01  -3.1667E+00
   1961.67   3.8415E+01  -8.6497E+02   5.8008E+04  -1.6064E+00  -1.6031E+00   1.8714E+01  -1.3145E-01  -1.3118E-01  -3.0627E+00
   1961.75   4.0025E+01  -8.6396E+02   5.8011E+04  -1.5544E+00  -1.5511E+00   1.8110E+01  -1.2720E-01  -1.2693E-01  -2.9639E+00
   1961.83   4.1627E+01  -8.6297E+02   5.8013E+04  -1.5056E+00  -1.5023E+00   1.7543E+01  -1.2320E-01  -1.2293E-01  -2.8711E+00
   1961.92   4.3220E+01  -8.6199E+02   5.8015E+04  -1.4604E+00  -1.4571E+00   1.7018E+01  -1.1950E-01  -1.1923E-01  -2.7852E+00
   1962.00   4.4805E+01  -8.6102E+02   5.8018E+04  -1.4193E+00  -1.4159E+00   1.6542E+01  -1.1614E-01  -1.1587E-01  -2.7072E+00
   1962.08   4.6379E+01  -8.6006E+02   5.8020E+04  -1.3827E+00  -1.3793E+00   1.6117E+01  -1.1314E-01  -1.1287E-01  -2.6377E+00
   1962.17   4.7944E+01  -8.5912E+02   5.8022E+04  -1.3503E+00  -1.3469E+00   1.5742E+01  -1.1050E-01  -1.1022E-01  -2.5764E+00
   1962.25   4.9499E+01  -8.5819E+02   5.8024E+04  -1.3220E+00  -1.3185E+00   1.5414E+01  -1.0818E-01  -1.0789E-01  -2.5227E+00
   1962.33   5.1045E+01  -8.5728E+02   5.8026E+04  -1.2974E+00  -1.2938E+00   1.5129E+01  -1.0617E-01  -1.0587E-01  -2.4761E+00
   1962.42   5.2580E+01  -8.5637E+02   5.8028E+04  -1.2763E+00  -1.2725E+00   1.4885E+01  -1.0444E-01  -1.0413E-01  -2.4361E+00
   1962.50   5.4106E+01  -8.5547E+02   5.8030E+04  -1.2583E+00  -1.2544E+00   1.4677E+01  -1.0297E-01  -1.0265E-01  -2.4021E+00
   1962.58   5.5622E+01  -8.5458E+02   5.8032E+04  -1.2432E+00  -1.2392E+00   1.4503E+01  -1.0173E-01  -1.0140E-01  -2.3735E+00
   1962.67   5.7129E+01  -8.5370E+02   5.8034E+04  -1.2307E+00  -1.2265E+00   1.4358E+01  -1.0071E-01  -1.0037E-01  -2.3499E+00
   1962.75   5.8625E+01  -8.5283E+02   5.8036E+04  -1.2205E+00  -1.2162E+00   1.4241E+01  -9.9875E-02  -9.9520E-02  -2.3306E+00
   1962.83   6.0111E+01  -8.5196E+02   5.8038E+04  -1.2123E+00  -1.2078E+00   1.4147E+01  -9.9204E-02  -9.8836E-02  -2.3152E+00
   1962.92   6.1587E+01  -8.5110E+02   5.8040E+04  -1.2059E+00  -1.2012E+00   1.4072E+01  -9.8676E-02  -9.8294E-02  -2.3031E+00
   1963.00   6.3054E+01  -8.5024E+02   5.8042E+04  -1.2008E+00  -1.1960E+00   1.4015E+01  -9.8265E-02  -9.7869E-02  -2.2937E+00
   1963.08   6.4510E+01  -8.4938E+02   5.8044E+04  -1.1970E+00  -1.1920E+00   1.3971E+01  -9.7950E-02  -9.7540E-02  -2.2866E+00
   1963.17   6.5956E+01  -8.4853E+02   5.8046E+04  -1.1940E+00  -1.1888E+00   1.3938E+01  -9.7707E-02  -9.7282E-02  -2.2810E+00
   1963.25   6.7392E+01  -8.4768E+02   5.8048E+04  -1.1916E+00  -1.1863E+00   1.3911E+01  -9.7511E-02  -9.7072E-02  -2.2766E+00
   1963.33   6.8818E+01  -8.4684E+02   5.8050E+04  -1.1895E+00  -1.1840E+00   1.3887E+01  -9.7341E-02  -9.6888E-02  -2.2728E+00
   1963.42   7.0233E+01  -8.4599E+02   5.8052E+04  -1.1875E+00  -1.1818E+00   1.3864E+01  -9.7173E-02  -9.6705E-02  -2.2690E+00
   1963.50   7.1638E+01  -8.4514E+02   5.8054E+04  -1.1852E+00  -1.1793E+00   1.3838E+01  -9.6982E-02  -9.6501E-02  -2.2647E+00
   1963.58   7.3033E+01  -8.4429E+02   5.8056E+04  -1.1823E+00  -1.1762E+00   1.3805E+01  -9.6747E-02  -9.6253E-02  -2.2593E+00
   1963.67   7.4418E+01  -8.4344E+02   5.8058E+04  -1.1786E+00  -1.1724E+00   1.3762E+01  -9.6443E-02  -9.5936E-02  -2.2523E+00
   1963.75   7.5792E+01  -8.4259E+02   5.8060E+04  -1.1737E+00  -1.1674E+00   1.3706E+01  -9.6047E-02  -9.5529E-02  -2.2431E+00
   1963.83   7.7156E+01  -8.4173E+02   5.8062E+04  -1.1675E+00  -1.1610E+00   1.3633E+01  -9.5536E-02  -9.5007E-02  -2.2312E+00
   1963.92   7.8510E+01  -8.4087E+02   5.8064E+04  -1.1596E+00  -1.1530E+00   1.3541E+01  -9.4887E-02  -9.4348E-02  -2.2161E+00
   1964.00   7.9853E+01  -8.4000E+02   5.8066E+04  -1.1496E+00  -1.1430E+00   1.3426E+01  -9.4076E-02  -9.3528E-02  -2.1973E+00
   1964.08   8.1185E+01  -8.3913E+02   5.8068E+04  -1.1376E+00  -1.1308E+00   1.3285E+01  -9.3088E-02  -9.2532E-02  -2.1742E+00
   1964.17   8.2507E+01  -8.3825E+02   5.8070E+04  -1.1236E+00  -1.1167E+00   1.3122E+01  -9.1942E-02  -9.1379E-02  -2.1475E+00
   1964.25   8.3818E+01  -8.3736E+02   5.8072E+04  -1.1079E+00  -1.1010E+00   1.2939E+01  -9.0663E-02  -9.0094E-02  -2.1177E+00
   1964.33   8.5118E+01  -8.3647E+02   5.8075E+04  -1.0910E+00  -1.0840E+00   1.2742E+01  -8.9280E-02  -8.8705E-02  -2.0854E+00
   1964.42   8.6406E+01  -8.3556E+02   5.8077E+04  -1.0732E+00  -1.0661E+00   1.2534E+01  -8.7819E-02  -8.7237E-02  -2.0513E+00
   1964.50   8.7683E+01  -8.3465E+02   5.8079E+04  -1.0547E+00  -1.0475E+00   1.2318E+01  -8.6306E-02  -8.5716E-02  -2.0160E+00
   1964.58   8.8948E+01  -8.3373E+02   5.8081E+04  -1.0359E+00  -1.0286E+00   1.2099E+01  -8.4769E-02  -8.4170E-02  -1.9801E+00
   1964.67   9.0201E+01  -8.3280E+02   5.8084E+04  -1.0171E+00  -1.0097E+00   1.1879E+01  -8.3233E-02  -8.2624E-02  -1.9442E+00
   1964.75   9.1442E+01  -8.3186E+02   5.8086E+04  -9.9873E-01  -9.9113E-01   1.1664E+01  -8.1727E-02  -8.1105E-02  -1.9090E+00
   1964.83   9.2670E+01  -8.3091E+02   5.8088E+04  -9.8100E-01  -9.7322E-01   1.1457E+01  -8.0276E-02  -7.9639E-02  -1.8750E+00
   1964.92   9.3886E+01  -8.2994E+02   5.8091E+04  -9.6427E-01  -9.5628E-01   1.1261E+01  -7.8907E-02  -7.8252E-02  -1.8430E+00
   1965.00   9.5089E+01  -8.2897E+02   5.8093E+04  -9.4888E-01  -9.4063E-01   1.1081E+01  -7.7647E-02  -7.6972E-02  -1.8135E+00
   1965.08   9.6279E+01  -8.2798E+02   5.8095E+04  -9.3514E-01  -9.2659E-01   1.0920E+01  -7.6523E-02  -7.5823E-02  -1.7872E+00
   1965.17   9.7455E+01  -8.2698E+02   5.8098E+04  -9.2339E-01  -9.1450E-01   1.0782E+01  -7.5562E-02  -7.4834E-02  -1.7646E+00
   1965.25   9.8619E+01  -8.2597E+02   5.8100E+04  -9.1396E-01  -9.0466E-01   1.0671E+01  -7.4789E-02  -7.4029E-02  -1.7465E+00
   1965.33   9.9768E+01  -8.2494E+02   5.8102E+04  -9.0716E-01  -8.9741E-01   1.0591E+01  -7.4233E-02  -7.3435E-02  -1.7334E+00
   1965.42   1.0090E+02  -8.2390E+02   5.8105E+04  -9.0333E-01  -8.9306E-01   1.0546E+01  -7.3920E-02  -7.3079E-02  -1.7259E+00
   1965.50   1.0203E+02  -8.2285E+02   5.8107E+04  -9.0279E-01  -8.9193E-01   1.0538E+01  -7.3876E-02  -7.2987E-02  -1.7247E+00
   1965.58   1.0313E+02  -8.2178E+02   5.8110E+04  -9.0588E-01  -8.9435E-01   1.0573E+01  -7.4128E-02  -7.3185E-02  -1.7304E+00
   1965.67   1.0423E+02  -8.2069E+02   5.8112E+04  -9.1291E-01  -9.0064E-01   1.0654E+01  -7.4704E-02  -7.3700E-02  -1.7437E+00
   1965.75   1.0530E+02  -8.1959E+02   5.8114E+04  -9.2422E-01  -9.1113E-01   1.0785E+01  -7.5629E-02  -7.4558E-02  -1.7650E+00
   1965.83   1.0637E+02  -8.1847E+02   5.8117E+04  -9.4012E-01  -9.2613E-01   1.0969E+01  -7.6931E-02  -7.5785E-02  -1.7952E+00
   1965.92   1.0742E+02  -8.1734E+02   5.8119E+04  -9.6096E-01  -9.4596E-01   1.1211E+01  -7.8636E-02  -7.7408E-02  -1.8347E+00
   1966.00   1.0845E+02  -8.1618E+02   5.8121E+04  -9.8705E-01  -9.7095E-01   1.1514E+01  -8.0771E-02  -7.9453E-02  -1.8843E+00
   1966.08   1.0947E+02  -8.1501E+02   5.8124E+04  -1.0186E+00  -1.0013E+00   1.1880E+01  -8.3352E-02  -8.1936E-02  -1.9443E+00
   1966.17   1.1047E+02  -8.1382E+02   5.8126E+04  -1.0552E+00  -1.0367E+00   1.2306E+01  -8.6351E-02  -8.4830E-02  -2.0140E+00
   1966.25   1.1146E+02  -8.1262E+02   5.8128E+04  -1.0965E+00  -1.0766E+00   1.2786E+01  -8.9731E-02  -8.8097E-02  -2.0926E+00
   1966.33   1.1243E+02  -8.1140E+02   5.8131E+04  -1.1420E+00  -1.1206E+00   1.3315E+01  -9.3452E-02  -9.1700E-02  -2.1791E+00
   1966.42   1.1339E+02  -8.1016E+02   5.8133E+04  -1.1912E+00  -1.1683E+00   1.3887E+01  -9.7478E-02  -9.5601E-02  -2.2727E+00
   1966.50   1.1434E+02  -8.0891E+02   5.8135E+04  -1.2437E+00  -1.2191E+00   1.4497E+01  -1.0177E-01  -9.9763E-02  -2.3725E+00
   1966.58   1.1528E+02  -8.0765E+02   5.8138E+04  -1.2989E+00  -1.2727E+00   1.5139E+01  -1.0629E-01  -1.0415E-01  -2.4776E+00
   1966.67   1.1620E+02  -8.0638E+02   5.8140E+04  -1.3564E+00  -1.3286E+00   1.5808E+01  -1.1100E-01  -1.0872E-01  -2.5871E+00
   1966.75   1.1712E+02  -8.0509E+02   5.8142E+04  -1.4158E+00  -1.3863E+00   1.6498E+01  -1.1585E-01  -1.1344E-01  -2.7002E+00
   1966.83   1.1803E+02  -8.0380E+02   5.8145E+04  -1.4765E+00  -1.4453E+00   1.7205E+01  -1.2083E-01  -1.1827E-01  -2.8158E+00
   1966.92   1.1892E+02  -8.0249E+02   5.8147E+04  -1.5382E+00  -1.5052E+00   1.7922E+01  -1.2587E-01  -1.2317E-01  -2.9332E+00
   1967.00   1.1981E+02  -8.0117E+02   5.8150E+04  -1.6003E+00  -1.5655E+00   1.8645E+01  -1.3095E-01  -1.2811E-01  -3.0514E+00
   1967.08   1.2069E+02  -7.9985E+02   5.8152E+04  -1.6624E+00  -1.6259E+00   1.9366E+01  -1.3603E-01  -1.3304E-01  -3.1695E+00
   1967.17   1.2156E+02  -7.9852E+02   5.8155E+04  -1.7240E+00  -1.6857E+00   2.0083E+01  -1.4107E-01  -1.3794E-01  -3.2867E+00
   1967.25   1.2243E+02  -7.9719E+02   5.8157E+04  -1.7846E+00  -1.7446E+00   2.0788E+01  -1.4603E-01  -1.4276E-01  -3.4021E+00
   1967.33   1.2329E+02  -7.9584E+02   5.8160E+04  -1.8438E+00  -1.8021E+00   2.1476E+01  -1.5088E-01  -1.4747E-01  -3.5148E+00
   1967.42   1.2414E+02  -7.9450E+02   5.8163E+04  -1.9011E+00  -1.8577E+00   2.2142E+01  -1.5557E-01  -1.5202E-01  -3.6238E+00
   1967.50   1.2499E+02  -7.9315E+02   5.8165E+04  -1.9560E+00  -1.9110E+00   2.2781E+01  -1.6006E-01  -1.5638E-01  -3.7283E+00
   1967.58   1.2584E+02  -7.9179E+02   5.8168E+04  -2.0081E+00  -1.9616E+00   2.3386E+01  -1.6433E-01  -1.6052E-01  -3.8274E+00
   1967.67   1.2668E+02  -7.9044E+02   5.8171E+04  -2.0570E+00  -2.0089E+00   2.3954E+01  -1.6832E-01  -1.6439E-01  -3.9203E+00
   1967.75   1.2752E+02  -7.8908E+02   5.8174E+04  -2.1020E+00  -2.0525E+00   2.4477E+01  -1.7201E-01  -1.6796E-01  -4.0059E+00
   1967.83   1.2836E+02  -7.8772E+02   5.8177E+04  -2.1429E+00  -2.0920E+00   2.4951E+01  -1.7535E-01  -1.7119E-01  -4.0835E+00
   1967.92   1.2919E+02  -7.8637E+02   5.8180E+04  -2.1790E+00  -2.1268E+00   2.5370E+01  -1.7831E-01  -1.7404E-01  -4.1520E+00
   1968.00   1.3002E+02  -7.8501E+02   5.8183E+04  -2.2100E+00  -2.1566E+00   2.5729E+01  -1.8084E-01  -1.7648E-01  -4.2108E+00
   1968.08   1.3086E+02  -7.8366E+02   5.8186E+04  -2.2354E+00  -2.1810E+00   2.6023E+01  -1.8292E-01  -1.7847E-01  -4.2590E+00
   1968.17   1.3169E+02  -7.8230E+02   5.8190E+04  -2.2555E+00  -2.2001E+00   2.6255E+01  -1.8457E-01  -1.8003E-01  -4.2969E+00
   1968.25   1.3252E+02  -7.8095E+02   5.8193E+04  -2.2704E+00  -2.2141E+00   2.6427E+01  -1.8579E-01  -1.8118E-01  -4.3251E+00
   1968.33   1.3335E+02  -7.7960E+02   5.8197E+04  -2.2805E+00  -2.2234E+00   2.6543E+01  -1.8662E-01  -1.8194E-01  -4.3440E+00
   1968.42   1.3418E+02  -7.7826E+02   5.8200E+04  -2.2860E+00  -2.2282E+00   2.6604E+01  -1.8706E-01  -1.8233E-01  -4.3540E+00
   1968.50   1.3502E+02  -7.7691E+02   5.8204E+04  -2.2871E+00  -2.2286E+00   2.6615E+01  -1.8715E-01  -1.8237E-01  -4.3558E+00
   1968.58   1.3584E+02  -7.7556E+02   5.8207E+04  -2.2841E+00  -2.2251E+00   2.6577E+01  -1.8691E-01  -1.8208E-01  -4.3496E+00
   1968.67   1.3667E+02  -7.7422E+02   5.8211E+04  -2.2772E+00  -2.2177E+00   2.6495E+01  -1.8634E-01  -1.8148E-01  -4.3362E+00
   1968.75   1.3750E+02  -7.7288E+02   5.8215E+04  -2.2667E+00  -2.2069E+00   2.6370E+01  -1.8549E-01  -1.8059E-01  -4.3158E+00
   1968.83   1.3833E+02  -7.7153E+02   5.8219E+04  -2.2529E+00  -2.1927E+00   2.6207E+01  -1.8435E-01  -1.7943E-01  -4.2890E+00
   1968.92   1.3915E+02  -7.7019E+02   5.8223E+04  -2.2360E+00  -2.1755E+00   2.6007E+01  -1.8297E-01  -1.7802E-01  -4.2564E+00
   1969.00   1.3998E+02  -7.6885E+02   5.8226E+04  -2.2162E+00  -2.1555E+00   2.5774E+01  -1.8135E-01  -1.7639E-01  -4.2183E+00
   1969.08   1.4080E+02  -7.6750E+02   5.8230E+04  -2.1938E+00  -2.1330E+00   2.5511E+01  -1.7952E-01  -1.7454E-01  -4.1752E+00
   1969.17   1.4162E+02  -7.6616E+02   5.8234E+04  -2.1691E+00  -2.1082E+00   2.5221E+01  -1.7750E-01  -1.7252E-01  -4.1277E+00
   1969.25   1.4245E+02  -7.6482E+02   5.8238E+04  -2.1423E+00  -2.0814E+00   2.4907E+01  -1.7531E-01  -1.7032E-01  -4.0762E+00
   1969.33   1.4326E+02  -7.6347E+02   5.8243E+04  -2.1137E+00  -2.0527E+00   2.4571E+01  -1.7297E-01  -1.6798E-01  -4.0213E+00
   1969.42   1.4408E+02  -7.6213E+02   5.8247E+04  -2.0835E+00  -2.0226E+00   2.4217E+01  -1.7050E-01  -1.6551E-01  -3.9633E+00
   1969.50   1.4490E+02  -7.6078E+02   5.8251E+04  -2.0520E+00  -1.9911E+00   2.3847E+01  -1.6792E-01  -1.6293E-01  -3.9028E+00
   1969.58   1.4572E+02  -7.5944E+02   5.8255E+04  -2.0194E+00  -1.9586E+00   2.3465E+01  -1.6525E-01  -1.6028E-01  -3.8403E+00
   1969.67   1.4653E+02  -7.5809E+02   5.8259E+04  -1.9860E+00  -1.9253E+00   2.3073E+01  -1.6251E-01  -1.5755E-01  -3.7762E+00
   1969.75   1.4734E+02  -7.5674E+02   5.8263E+04  -1.9520E+00  -1.8915E+00   2.2675E+01  -1.5973E-01  -1.5478E-01  -3.7110E+00
   1969.83   1.4815E+02  -7.5539E+02   5.8267E+04  -1.9177E+00  -1.8574E+00   2.2273E+01  -1.5693E-01  -1.5199E-01  -3.6453E+00
   1969.92   1.4896E+02  -7.5404E+02   5.8271E+04  -1.8834E+00  -1.8233E+00   2.1871E+01  -1.5412E-01  -1.4920E-01  -3.5794E+00
   1970.00   1.4977E+02  -7.5269E+02   5.8276E+04  -1.8492E+00  -1.7893E+00   2.1471E+01  -1.5132E-01  -1.4642E-01  -3.5140E+00
   1970.08   1.5057E+02  -7.5133E+02   5.8280E+04  -1.8155E+00  -1.7558E+00   2.1076E+01  -1.4856E-01  -1.4368E-01  -3.4493E+00
   1970.17   1.5138E+02  -7.4997E+02   5.8284E+04  -1.7824E+00  -1.7229E+00   2.0688E+01  -1.4586E-01  -1.4099E-01  -3.3859E+00
   1970.25   1.5219E+02  -7.4862E+02   5.8288E+04  -1.7501E+00  -1.6908E+00   2.0310E+01  -1.4321E-01  -1.3836E-01  -3.3239E+00
   1970.33   1.5300E+02  -7.4726E+02   5.8292E+04  -1.7187E+00  -1.6596E+00   1.9942E+01  -1.4065E-01  -1.3581E-01  -3.2638E+00
   1970.42   1.5381E+02  -7.4592E+02   5.8296E+04  -1.6885E+00  -1.6295E+00   1.9588E+01  -1.3817E-01  -1.3335E-01  -3.2058E+00
   1970.50   1.5463E+02  -7.4457E+02   5.8300E+04  -1.6596E+00  -1.6007E+00   1.9249E+01  -1.3580E-01  -1.3099E-01  -3.1502E+00
   1970.58   1.5547E+02  -7.4324E+02   5.8304E+04  -1.6321E+00  -1.5733E+00   1.8926E+01  -1.3356E-01  -1.2874E-01  -3.0975E+00
   1970.67   1.5631E+02  -7.4191E+02   5.8309E+04  -1.6063E+00  -1.5474E+00   1.8623E+01  -1.3144E-01  -1.2663E-01  -3.0478E+00
   1970.75   1.5716E+02  -7.4059E+02   5.8313E+04  -1.5822E+00  -1.5233E+00   1.8340E+01  -1.2947E-01  -1.2465E-01  -3.0015E+00
   1970.83   1.5803E+02  -7.3928E+02   5.8317E+04  -1.5601E+00  -1.5011E+00   1.8080E+01  -1.2767E-01  -1.2283E-01  -2.9589E+00
   1970.92   1.5891E+02  -7.3799E+02   5.8321E+04  -1.5402E+00  -1.4809E+00   1.7844E+01  -1.2603E-01  -1.2118E-01  -2.9204E+00
   1971.00   1.5981E+02  -7.3670E+02   5.8325E+04  -1.5226E+00  -1.4629E+00   1.7636E+01  -1.2459E-01  -1.1971E-01  -2.8863E+00
   1971.08   1.6073E+02  -7.3544E+02   5.8329E+04  -1.5074E+00  -1.4473E+00   1.7456E+01  -1.2335E-01  -1.1843E-01  -2.8568E+00
   1971.17   1.6168E+02  -7.3419E+02   5.8333E+04  -1.4949E+00  -1.4342E+00   1.7306E+01  -1.2233E-01  -1.1736E-01  -2.8323E+00
   1971.25   1.6264E+02  -7.3296E+02   5.8337E+04  -1.4852E+00  -1.4238E+00   1.7189E+01  -1.2154E-01  -1.1651E-01  -2.8132E+00
   1971.33   1.6363E+02  -7.3175E+02   5.8340E+04  -1.4785E+00  -1.4162E+00   1.7106E+01  -1.2099E-01  -1.1589E-01  -2.7996E+00
   1971.42   1.6465E+02  -7.3057E+02   5.8344E+04  -1.4750E+00  -1.4116E+00   1.7060E+01  -1.2070E-01  -1.1551E-01  -2.7920E+00
   1971.50   1.6569E+02  -7.2940E+02   5.8348E+04  -1.4747E+00  -1.4102E+00   1.7052E+01  -1.2068E-01  -1.1540E-01  -2.7907E+00
   1971.58   1.6676E+02  -7.2826E+02   5.8352E+04  -1.4780E+00  -1.4121E+00   1.7084E+01  -1.2094E-01  -1.1555E-01  -2.7960E+00
   1971.67   1.6787E+02  -7.2715E+02   5.8356E+04  -1.4849E+00  -1.4175E+00   1.7158E+01  -1.2151E-01  -1.1599E-01  -2.8081E+00
   1971.75   1.6901E+02  -7.2606E+02   5.8359E+04  -1.4956E+00  -1.4265E+00   1.7277E+01  -1.2239E-01  -1.1673E-01  -2.8275E+00
   1971.83   1.7018E+02  -7.2501E+02   5.8363E+04  -1.5104E+00  -1.4393E+00   1.7441E+01  -1.2360E-01  -1.1778E-01  -2.8545E+00
   1971.92   1.7140E+02  -7.2398E+02   5.8367E+04  -1.5293E+00  -1.4561E+00   1.7654E+01  -1.2514E-01  -1.1915E-01  -2.8892E+00
   1972.00   1.7265E+02  -7.2299E+02   5.8370E+04  -1.5525E+00  -1.4770E+00   1.7916E+01  -1.2705E-01  -1.2086E-01  -2.9322E+00
   1972.08   1.7394E+02  -7.2202E+02   5.8374E+04  -1.5802E+00  -1.5020E+00   1.8229E+01  -1.2931E-01  -1.2291E-01  -2.9834E+00
   1972.17   1.7527E+02  -7.2110E+02   5.8377E+04  -1.6118E+00  -1.5309E+00   1.8589E+01  -1.3190E-01  -1.2527E-01  -3.0422E+00
   1972.25   1.7664E+02  -7.2020E+02   5.8381E+04  -1.6470E+00  -1.5631E+00   1.8989E+01  -1.3478E-01  -1.2791E-01  -3.1077E+00
   1972.33   1.7805E+02  -7.1934E+02   5.8384E+04  -1.6853E+00  -1.5982E+00   1.9424E+01  -1.3791E-01  -1.3078E-01  -3.1789E+00
   1972.42   1.7949E+02  -7.1851E+02   5.8388E+04  -1.7260E+00  -1.6357E+00   1.9888E+01  -1.4124E-01  -1.3385E-01  -3.2549E+00
   1972.50   1.8098E+02  -7.1771E+02   5.8391E+04  -1.7689E+00  -1.6752E+00   2.0376E+01  -1.4475E-01  -1.3709E-01  -3.3348E+00
   1972.58   1.8250E+02  -7.1695E+02   5.8394E+04  -1.8133E+00  -1.7162E+00   2.0883E+01  -1.4838E-01  -1.4044E-01  -3.4177E+00
   1972.67   1.8406E+02  -7.1622E+02   5.8398E+04  -1.8588E+00  -1.7583E+00   2.1402E+01  -1.5211E-01  -1.4388E-01  -3.5026E+00
   1972.75   1.8566E+02  -7.1552E+02   5.8401E+04  -1.9049E+00  -1.8010E+00   2.1928E+01  -1.5588E-01  -1.4737E-01  -3.5887E+00
   1972.83   1.8730E+02  -7.1485E+02   5.8404E+04  -1.9511E+00  -1.8437E+00   2.2455E+01  -1.5966E-01  -1.5087E-01  -3.6750E+00
   1972.92   1.8897E+02  -7.1421E+02   5.8407E+04  -1.9969E+00  -1.8862E+00   2.2978E+01  -1.6341E-01  -1.5435E-01  -3.7606E+00
   1973.00   1.9067E+02  -7.1360E+02   5.8411E+04  -2.0419E+00  -1.9278E+00   2.3491E+01  -1.6709E-01  -1.5775E-01  -3.8446E+00
   1973.08   1.9241E+02  -7.1303E+02   5.8414E+04  -2.0855E+00  -1.9682E+00   2.3989E+01  -1.7066E-01  -1.6106E-01  -3.9261E+00
   1973.17   1.9419E+02  -7.1249E+02   5.8417E+04  -2.1273E+00  -2.0069E+00   2.4466E+01  -1.7408E-01  -1.6422E-01  -4.0041E+00
   1973.25   1.9599E+02  -7.1197E+02   5.8420E+04  -2.1667E+00  -2.0434E+00   2.4916E+01  -1.7730E-01  -1.6721E-01  -4.0777E+00
   1973.33   1.9784E+02  -7.1149E+02   5.8423E+04  -2.2033E+00  -2.0772E+00   2.5333E+01  -1.8030E-01  -1.6998E-01  -4.1461E+00
   1973.42   1.9971E+02  -7.1104E+02   5.8426E+04  -2.2366E+00  -2.1080E+00   2.5713E+01  -1.8302E-01  -1.7250E-01  -4.2082E+00
   1973.50   2.0162E+02  -7.1062E+02   5.8429E+04  -2.2661E+00  -2.1352E+00   2.6049E+01  -1.8544E-01  -1.7473E-01  -4.2632E+00
   1973.58   2.0356E+02  -7.1023E+02   5.8433E+04  -2.2913E+00  -2.1584E+00   2.6336E+01  -1.8750E-01  -1.7662E-01  -4.3102E+00
   1973.67   2.0553E+02  -7.0987E+02   5.8436E+04  -2.3118E+00  -2.1771E+00   2.6568E+01  -1.8917E-01  -1.7816E-01  -4.3482E+00
   1973.75   2.0753E+02  -7.0954E+02   5.8439E+04  -2.3270E+00  -2.1909E+00   2.6740E+01  -1.9042E-01  -1.7928E-01  -4.3763E+00
   1973.83   2.0956E+02  -7.0924E+02   5.8442E+04  -2.3364E+00  -2.1993E+00   2.6846E+01  -1.9119E-01  -1.7997E-01  -4.3936E+00
   1973.92   2.1162E+02  -7.0896E+02   5.8445E+04  -2.3396E+00  -2.2018E+00   2.6880E+01  -1.9145E-01  -1.8017E-01  -4.3991E+00
   1974.00   2.1372E+02  -7.0872E+02   5.8448E+04  -2.3360E+00  -2.1980E+00   2.6837E+01  -1.9116E-01  -1.7986E-01  -4.3921E+00
   1974.08   2.1584E+02  -7.0851E+02   5.8451E+04  -2.3255E+00  -2.1876E+00   2.6713E+01  -1.9029E-01  -1.7901E-01  -4.3718E+00
   1974.17   2.1799E+02  -7.0832E+02   5.8454E+04  -2.3083E+00  -2.1709E+00   2.6513E+01  -1.8889E-01  -1.7765E-01  -4.3391E+00
   1974.25   2.2017E+02  -7.0816E+02   5.8457E+04  -2.2851E+00  -2.1487E+00   2.6244E+01  -1.8699E-01  -1.7583E-01  -4.2952E+00
   1974.33   2.2237E+02  -7.0804E+02   5.8460E+04  -2.2566E+00  -2.1213E+00   2.5914E+01  -1.8466E-01  -1.7359E-01  -4.2411E+00
   1974.42   2.2461E+02  -7.0794E+02   5.8464E+04  -2.2233E+00  -2.0895E+00   2.5529E+01  -1.8193E-01  -1.7099E-01  -4.1780E+00
   1974.50   2.2687E+02  -7.0786E+02   5.8467E+04  -2.1858E+00  -2.0538E+00   2.5095E+01  -1.7886E-01  -1.6806E-01  -4.1071E+00
   1974.58   2.2917E+02  -7.0782E+02   5.8470E+04  -2.1447E+00  -2.0146E+00   2.4621E+01  -1.7551E-01  -1.6486E-01  -4.0296E+00
   1974.67   2.3148E+02  -7.0780E+02   5.8473E+04  -2.1008E+00  -1.9728E+00   2.4114E+01  -1.7191E-01  -1.6143E-01  -3.9465E+00
   1974.75   2.3383E+02  -7.0781E+02   5.8476E+04  -2.0545E+00  -1.9286E+00   2.3579E+01  -1.6812E-01  -1.5782E-01  -3.8590E+00
   1974.83   2.3621E+02  -7.0785E+02   5.8479E+04  -2.0065E+00  -1.8829E+00   2.3025E+01  -1.6419E-01  -1.5408E-01  -3.7682E+00
   1974.92   2.3861E+02  -7.0791E+02   5.8482E+04  -1.9574E+00  -1.8361E+00   2.2457E+01  -1.6017E-01  -1.5025E-01  -3.6754E+00
   1975.00   2.4103E+02  -7.0800E+02   5.8484E+04  -1.9078E+00  -1.7887E+00   2.1884E+01  -1.5611E-01  -1.4637E-01  -3.5816E+00
   1975.08   2.4349E+02  -7.0812E+02   5.8487E+04  -1.8583E+00  -1.7415E+00   2.1312E+01  -1.5207E-01  -1.4251E-01  -3.4879E+00
   1975.17   2.4597E+02  -7.0826E+02   5.8490E+04  -1.8096E+00  -1.6949E+00   2.0748E+01  -1.4808E-01  -1.3869E-01  -3.3957E+00
   1975.25   2.4848E+02  -7.0843E+02   5.8493E+04  -1.7622E+00  -1.6495E+00   2.0200E+01  -1.4420E-01  -1.3498E-01  -3.3059E+00
   1975.33   2.5101E+02  -7.0862E+02   5.8495E+04  -1.7167E+00  -1.6059E+00   1.9673E+01  -1.4048E-01  -1.3141E-01  -3.2197E+00
   1975.42   2.5357E+02  -7.0884E+02   5.8498E+04  -1.6739E+00  -1.5646E+00   1.9176E+01  -1.3697E-01  -1.2803E-01  -3.1383E+00
   1975.50   2.5615E+02  -7.0909E+02   5.8500E+04  -1.6342E+00  -1.5263E+00   1.8715E+01  -1.3372E-01  -1.2490E-01  -3.0628E+00
   1975.58   2.5876E+02  -7.0936E+02   5.8503E+04  -1.5983E+00  -1.4915E+00   1.8297E+01  -1.3079E-01  -1.2205E-01  -2.9944E+00
   1975.67   2.6140E+02  -7.0965E+02   5.8505E+04  -1.5667E+00  -1.4607E+00   1.7929E+01  -1.2821E-01  -1.1953E-01  -2.9343E+00
   1975.75   2.6405E+02  -7.0997E+02   5.8507E+04  -1.5403E+00  -1.4346E+00   1.7618E+01  -1.2604E-01  -1.1739E-01  -2.8834E+00
   1975.83   2.6674E+02  -7.1031E+02   5.8509E+04  -1.5194E+00  -1.4137E+00   1.7372E+01  -1.2433E-01  -1.1568E-01  -2.8431E+00
   1975.92   2.6945E+02  -7.1068E+02   5.8511E+04  -1.5047E+00  -1.3985E+00   1.7197E+01  -1.2313E-01  -1.1444E-01  -2.8144E+00
   1976.00   2.7218E+02  -7.1107E+02   5.8513E+04  -1.4970E+00  -1.3897E+00   1.7100E+01  -1.2250E-01  -1.1372E-01  -2.7985E+00
   1976.08   2.7494E+02  -7.1148E+02   5.8515E+04  -1.4964E+00  -1.3877E+00   1.7085E+01  -1.2245E-01  -1.1356E-01  -2.7962E+00
   1976.17   2.7771E+02  -7.1192E+02   5.8517E+04  -1.5028E+00  -1.3921E+00   1.7150E+01  -1.2297E-01  -1.1391E-01  -2.8068E+00
   1976.25   2.8051E+02  -7.1238E+02   5.8518E+04  -1.5154E+00  -1.4023E+00   1.7286E+01  -1.2401E-01  -1.1475E-01  -2.8291E+00
   1976.33   2.8333E+02  -7.1287E+02   5.8520E+04  -1.5338E+00  -1.4178E+00   1.7488E+01  -1.2551E-01  -1.1602E-01  -2.8621E+00
   1976.42   2.8616E+02  -7.1337E+02   5.8521E+04  -1.5573E+00  -1.4381E+00   1.7749E+01  -1.2744E-01  -1.1768E-01  -2.9047E+00
   1976.50   2.8900E+02  -7.1391E+02   5.8523E+04  -1.5854E+00  -1.4626E+00   1.8061E+01  -1.2973E-01  -1.1969E-01  -2.9559E+00
   1976.58   2.9185E+02  -7.1446E+02   5.8524E+04  -1.6174E+00  -1.4909E+00   1.8420E+01  -1.3235E-01  -1.2200E-01  -3.0146E+00
   1976.67   2.9471E+02  -7.1504E+02   5.8525E+04  -1.6529E+00  -1.5223E+00   1.8817E+01  -1.3526E-01  -1.2457E-01  -3.0796E+00
   1976.75   2.9758E+02  -7.1564E+02   5.8526E+04  -1.6912E+00  -1.5564E+00   1.9246E+01  -1.3839E-01  -1.2736E-01  -3.1499E+00
   1976.83   3.0045E+02  -7.1627E+02   5.8527E+04  -1.7317E+00  -1.5926E+00   1.9702E+01  -1.4170E-01  -1.3033E-01  -3.2244E+00
   1976.92   3.0333E+02  -7.1692E+02   5.8528E+04  -1.7738E+00  -1.6304E+00   2.0176E+01  -1.4515E-01  -1.3342E-01  -3.3021E+00
   1977.00   3.0620E+02  -7.1759E+02   5.8528E+04  -1.8171E+00  -1.6692E+00   2.0663E+01  -1.4869E-01  -1.3659E-01  -3.3818E+00
   1977.08   3.0907E+02  -7.1828E+02   5.8529E+04  -1.8609E+00  -1.7085E+00   2.1156E+01  -1.5228E-01  -1.3981E-01  -3.4624E+00
   1977.17   3.1194E+02  -7.1900E+02   5.8529E+04  -1.9046E+00  -1.7478E+00   2.1649E+01  -1.5585E-01  -1.4303E-01  -3.5430E+00
   1977.25   3.1480E+02  -7.1974E+02   5.8530E+04  -1.9476E+00  -1.7866E+00   2.2134E+01  -1.5937E-01  -1.4619E-01  -3.6224E+00
   1977.33   3.1765E+02  -7.2051E+02   5.8530E+04  -1.9894E+00  -1.8242E+00   2.2605E+01  -1.6279E-01  -1.4927E-01  -3.6995E+00
   1977.42   3.2048E+02  -7.2130E+02   5.8531E+04  -2.0294E+00  -1.8602E+00   2.3055E+01  -1.6606E-01  -1.5222E-01  -3.7733E+00
   1977.50   3.2331E+02  -7.2211E+02   5.8531E+04  -2.0670E+00  -1.8940E+00   2.3479E+01  -1.6914E-01  -1.5498E-01  -3.8426E+00
   1977.58   3.2612E+02  -7.2295E+02   5.8531E+04  -2.1016E+00  -1.9251E+00   2.3869E+01  -1.7197E-01  -1.5753E-01  -3.9064E+00
   1977.67   3.2891E+02  -7.2381E+02   5.8531E+04  -2.1326E+00  -1.9530E+00   2.4218E+01  -1.7451E-01  -1.5981E-01  -3.9636E+00
   1977.75   3.3168E+02  -7.2469E+02   5.8531E+04  -2.1596E+00  -1.9771E+00   2.4521E+01  -1.7672E-01  -1.6178E-01  -4.0131E+00
   1977.83   3.3442E+02  -7.2560E+02   5.8531E+04  -2.1818E+00  -1.9968E+00   2.4770E+01  -1.7854E-01  -1.6340E-01  -4.0539E+00
   1977.92   3.3714E+02  -7.2653E+02   5.8531E+04  -2.1987E+00  -2.0118E+00   2.4959E+01  -1.7992E-01  -1.6462E-01  -4.0849E+00
   1978.00   3.3984E+02  -7.2748E+02   5.8531E+04  -2.2098E+00  -2.0213E+00   2.5082E+01  -1.8082E-01  -1.6541E-01  -4.1049E+00
   1978.08   3.4250E+02  -7.2846E+02   5.8531E+04  -2.2145E+00  -2.0252E+00   2.5133E+01  -1.8122E-01  -1.6572E-01  -4.1133E+00
   1978.17   3.4514E+02  -7.2946E+02   5.8531E+04  -2.2134E+00  -2.0236E+00   2.5117E+01  -1.8113E-01  -1.6559E-01  -4.1107E+00
   1978.25   3.4775E+02  -7.3048E+02   5.8531E+04  -2.2070E+00  -2.0171E+00   2.5040E+01  -1.8060E-01  -1.6506E-01  -4.0981E+00
   1978.33   3.5033E+02  -7.3151E+02   5.8531E+04  -2.1957E+00  -2.0061E+00   2.4909E+01  -1.7968E-01  -1.6416E-01  -4.0766E+00
   1978.42   3.5288E+02  -7.3257E+02   5.8530E+04  -2.1803E+00  -1.9913E+00   2.4730E+01  -1.7841E-01  -1.6295E-01  -4.0473E+00
   1978.50   3.5540E+02  -7.3364E+02   5.8530E+04  -2.1611E+00  -1.9731E+00   2.4508E+01  -1.7684E-01  -1.6146E-01  -4.0110E+00
   1978.58   3.5789E+02  -7.3472E+02   5.8529E+04  -2.1388E+00  -1.9520E+00   2.4251E+01  -1.7502E-01  -1.5973E-01  -3.9689E+00
   1978.67   3.6036E+02  -7.3582E+02   5.8529E+04  -2.1139E+00  -1.9284E+00   2.3964E+01  -1.7298E-01  -1.5781E-01  -3.9219E+00
   1978.75   3.6279E+02  -7.3692E+02   5.8528E+04  -2.0871E+00  -1.9030E+00   2.3654E+01  -1.7078E-01  -1.5572E-01  -3.8712E+00
   1978.83   3.6520E+02  -7.3804E+02   5.8528E+04  -2.0587E+00  -1.8762E+00   2.3327E+01  -1.6846E-01  -1.5353E-01  -3.8176E+00
   1978.92   3.6759E+02  -7.3916E+02   5.8527E+04  -2.0294E+00  -1.8485E+00   2.2989E+01  -1.6607E-01  -1.5126E-01  -3.7623E+00
   1979.00   3.6994E+02  -7.4029E+02   5.8526E+04  -1.9998E+00  -1.8204E+00   2.2646E+01  -1.6364E-01  -1.4896E-01  -3.7063E+00
   1979.08   3.7227E+02  -7.4142E+02   5.8525E+04  -1.9704E+00  -1.7924E+00   2.2305E+01  -1.6124E-01  -1.4667E-01  -3.6505E+00
   1979.17   3.7457E+02  -7.4256E+02   5.8525E+04  -1.9417E+00  -1.7650E+00   2.1973E+01  -1.5889E-01  -1.4443E-01  -3.5961E+00
   1979.25   3.7685E+02  -7.4370E+02   5.8524E+04  -1.9143E+00  -1.7387E+00   2.1654E+01  -1.5665E-01  -1.4228E-01  -3.5440E+00
   1979.33   3.7910E+02  -7.4483E+02   5.8523E+04  -1.8888E+00  -1.7140E+00   2.1356E+01  -1.5456E-01  -1.4026E-01  -3.4952E+00
   1979.42   3.8132E+02  -7.4597E+02   5.8522E+04  -1.8656E+00  -1.6915E+00   2.1085E+01  -1.5267E-01  -1.3841E-01  -3.4508E+00
   1979.50   3.8352E+02  -7.4710E+02   5.8521E+04  -1.8455E+00  -1.6715E+00   2.0847E+01  -1.5102E-01  -1.3678E-01  -3.4119E+00
   1979.58   3.8569E+02  -7.4823E+02   5.8519E+04  -1.8288E+00  -1.6547E+00   2.0648E+01  -1.4965E-01  -1.3541E-01  -3.3793E+00
   1979.67   3.8783E+02  -7.4935E+02   5.8518E+04  -1.8163E+00  -1.6415E+00   2.0495E+01  -1.4863E-01  -1.3433E-01  -3.3542E+00
   1979.75   3.8995E+02  -7.5046E+02   5.8517E+04  -1.8083E+00  -1.6325E+00   2.0393E+01  -1.4798E-01  -1.3359E-01  -3.3376E+00
   1979.83   3.9204E+02  -7.5156E+02   5.8516E+04  -1.8055E+00  -1.6280E+00   2.0350E+01  -1.4775E-01  -1.3322E-01  -3.3305E+00
   1979.92   3.9411E+02  -7.5265E+02   5.8514E+04  -1.8085E+00  -1.6287E+00   2.0371E+01  -1.4799E-01  -1.3328E-01  -3.3339E+00
   1980.00   3.9616E+02  -7.5373E+02   5.8513E+04  -1.8177E+00  -1.6351E+00   2.0462E+01  -1.4875E-01  -1.3380E-01  -3.3489E+00
   1980.08   3.9818E+02  -7.5479E+02   5.8511E+04  -1.8337E+00  -1.6474E+00   2.0628E+01  -1.5005E-01  -1.3480E-01  -3.3761E+00
   1980.17   4.0017E+02  -7.5584E+02   5.8510E+04  -1.8559E+00  -1.6653E+00   2.0866E+01  -1.5187E-01  -1.3628E-01  -3.4149E+00
   1980.25   4.0215E+02  -7.5687E+02   5.8508E+04  -1.8840E+00  -1.6885E+00   2.1168E+01  -1.5416E-01  -1.3817E-01  -3.4644E+00
   1980.33   4.0410E+02  -7.5790E+02   5.8506E+04  -1.9173E+00  -1.7165E+00   2.1531E+01  -1.5690E-01  -1.4046E-01  -3.5237E+00
   1980.42   4.0602E+02  -7.5890E+02   5.8505E+04  -1.9555E+00  -1.7488E+00   2.1947E+01  -1.6002E-01  -1.4310E-01  -3.5919E+00
   1980.50   4.0793E+02  -7.5990E+02   5.8503E+04  -1.9980E+00  -1.7849E+00   2.2411E+01  -1.6349E-01  -1.4606E-01  -3.6679E+00
   1980.58   4.0982E+02  -7.6088E+02   5.8501E+04  -2.0442E+00  -1.8244E+00   2.2918E+01  -1.6728E-01  -1.4929E-01  -3.7508E+00
   1980.67   4.1168E+02  -7.6185E+02   5.8499E+04  -2.0938E+00  -1.8669E+00   2.3462E+01  -1.7133E-01  -1.5277E-01  -3.8398E+00
   1980.75   4.1353E+02  -7.6280E+02   5.8497E+04  -2.1461E+00  -1.9118E+00   2.4037E+01  -1.7561E-01  -1.5645E-01  -3.9339E+00
   1980.83   4.1535E+02  -7.6375E+02   5.8495E+04  -2.2006E+00  -1.9588E+00   2.4637E+01  -1.8008E-01  -1.6029E-01  -4.0321E+00
   1980.92   4.1716E+02  -7.6468E+02   5.8493E+04  -2.2569E+00  -2.0074E+00   2.5257E+01  -1.8469E-01  -1.6426E-01  -4.1336E+00
   1981.00   4.1895E+02  -7.6561E+02   5.8491E+04  -2.3145E+00  -2.0570E+00   2.5891E+01  -1.8940E-01  -1.6833E-01  -4.2373E+00
   1981.08   4.2072E+02  -7.6652E+02   5.8489E+04  -2.3728E+00  -2.1074E+00   2.6533E+01  -1.9417E-01  -1.7245E-01  -4.3424E+00
   1981.17   4.2247E+02  -7.6742E+02   5.8487E+04  -2.4313E+00  -2.1579E+00   2.7177E+01  -1.9895E-01  -1.7658E-01  -4.4478E+00
   1981.25   4.2421E+02  -7.6831E+02   5.8485E+04  -2.4895E+00  -2.2082E+00   2.7818E+01  -2.0372E-01  -1.8070E-01  -4.5528E+00
   1981.33   4.2594E+02  -7.6919E+02   5.8482E+04  -2.5470E+00  -2.2578E+00   2.8451E+01  -2.0842E-01  -1.8476E-01  -4.6562E+00
   1981.42   4.2765E+02  -7.7006E+02   5.8480E+04  -2.6031E+00  -2.3062E+00   2.9068E+01  -2.1301E-01  -1.8872E-01  -4.7573E+00
   1981.50   4.2934E+02  -7.7092E+02   5.8478E+04  -2.6574E+00  -2.3530E+00   2.9665E+01  -2.1746E-01  -1.9255E-01  -4.8550E+00
   1981.58   4.3102E+02  -7.7178E+02   5.8475E+04  -2.7094E+00  -2.3978E+00   3.0236E+01  -2.2171E-01  -1.9621E-01  -4.9485E+00
   1981.67   4.3269E+02  -7.7262E+02   5.8473E+04  -2.7586E+00  -2.4400E+00   3.0776E+01  -2.2574E-01  -1.9966E-01  -5.0367E+00
   1981.75   4.3434E+02  -7.7346E+02   5.8470E+04  -2.8045E+00  -2.4792E+00   3.1277E+01  -2.2949E-01  -2.0287E-01  -5.1188E+00
   1981.83   4.3598E+02  -7.7428E+02   5.8468E+04  -2.8465E+00  -2.5150E+00   3.1736E+01  -2.3293E-01  -2.0580E-01  -5.1939E+00
   1981.92   4.3762E+02  -7.7510E+02   5.8465E+04  -2.8841E+00  -2.5469E+00   3.2145E+01  -2.3601E-01  -2.0841E-01  -5.2609E+00
   1982.00   4.3924E+02  -7.7592E+02   5.8463E+04  -2.9169E+00  -2.5744E+00   3.2500E+01  -2.3869E-01  -2.1067E-01  -5.3189E+00
   1982.08   4.4085E+02  -7.7672E+02   5.8460E+04  -2.9444E+00  -2.5973E+00   3.2795E+01  -2.4094E-01  -2.1254E-01  -5.3673E+00
   1982.17   4.4245E+02  -7.7752E+02   5.8458E+04  -2.9668E+00  -2.6155E+00   3.3033E+01  -2.4277E-01  -2.1403E-01  -5.4062E+00
   1982.25   4.4404E+02  -7.7831E+02   5.8455E+04  -2.9842E+00  -2.6293E+00   3.3215E+01  -2.4420E-01  -2.1515E-01  -5.4360E+00
   1982.33   4.4563E+02  -7.7909E+02   5.8452E+04  -2.9969E+00  -2.6388E+00   3.3344E+01  -2.4524E-01  -2.1594E-01  -5.4570E+00
   1982.42   4.4721E+02  -7.7987E+02   5.8450E+04  -3.0050E+00  -2.6443E+00   3.3421E+01  -2.4590E-01  -2.1639E-01  -5.4697E+00
   1982.50   4.4879E+02  -7.8064E+02   5.8447E+04  -3.0088E+00  -2.6460E+00   3.3450E+01  -2.4621E-01  -2.1652E-01  -5.4745E+00
   1982.58   4.5036E+02  -7.8139E+02   5.8444E+04  -3.0084E+00  -2.6439E+00   3.3433E+01  -2.4618E-01  -2.1635E-01  -5.4716E+00
   1982.67   4.5193E+02  -7.8214E+02   5.8441E+04  -3.0042E+00  -2.6384E+00   3.3372E+01  -2.4583E-01  -2.1590E-01  -5.4616E+00
   1982.75   4.5350E+02  -7.8289E+02   5.8439E+04  -2.9962E+00  -2.6296E+00   3.3269E+01  -2.4518E-01  -2.1518E-01  -5.4448E+00
   1982.83   4.5507E+02  -7.8362E+02   5.8436E+04  -2.9847E+00  -2.6177E+00   3.3127E+01  -2.4424E-01  -2.1420E-01  -5.4216E+00
   1982.92   4.5665E+02  -7.8435E+02   5.8433E+04  -2.9699E+00  -2.6028E+00   3.2948E+01  -2.4303E-01  -2.1299E-01  -5.3923E+00
   1983.00   4.5822E+02  -7.8506E+02   5.8430E+04  -2.9520E+00  -2.5852E+00   3.2735E+01  -2.4156E-01  -2.1155E-01  -5.3574E+00
   1983.08   4.5980E+02  -7.8577E+02   5.8427E+04  -2.9312E+00  -2.5651E+00   3.2489E+01  -2.3986E-01  -2.0991E-01  -5.3172E+00
   1983.17   4.6138E+02  -7.8647E+02   5.8424E+04  -2.9078E+00  -2.5427E+00   3.2214E+01  -2.3794E-01  -2.0807E-01  -5.2722E+00
   1983.25   4.6296E+02  -7.8715E+02   5.8421E+04  -2.8818E+00  -2.5180E+00   3.1912E+01  -2.3582E-01  -2.0605E-01  -5.2227E+00
   1983.33   4.6455E+02  -7.8783E+02   5.8418E+04  -2.8536E+00  -2.4914E+00   3.1584E+01  -2.3351E-01  -2.0387E-01  -5.1691E+00
   1983.42   4.6615E+02  -7.8850E+02   5.8415E+04  -2.8234E+00  -2.4630E+00   3.1234E+01  -2.3104E-01  -2.0155E-01  -5.1117E+00
   1983.50   4.6776E+02  -7.8916E+02   5.8413E+04  -2.7913E+00  -2.4331E+00   3.0863E+01  -2.2841E-01  -1.9910E-01  -5.0510E+00
   1983.58   4.6938E+02  -7.8981E+02   5.8410E+04  -2.7575E+00  -2.4017E+00   3.0474E+01  -2.2565E-01  -1.9653E-01  -4.9874E+00
   1983.67   4.7101E+02  -7.9045E+02   5.8407E+04  -2.7223E+00  -2.3691E+00   3.0070E+01  -2.2277E-01  -1.9386E-01  -4.9213E+00
   1983.75   4.7265E+02  -7.9108E+02   5.8404E+04  -2.6859E+00  -2.3354E+00   2.9652E+01  -2.1979E-01  -1.9111E-01  -4.8529E+00
   1983.83   4.7431E+02  -7.9169E+02   5.8401E+04  -2.6485E+00  -2.3009E+00   2.9224E+01  -2.1673E-01  -1.8829E-01  -4.7828E+00
   1983.92   4.7598E+02  -7.9230E+02   5.8398E+04  -2.6102E+00  -2.2658E+00   2.8787E+01  -2.1359E-01  -1.8541E-01  -4.7113E+00
   1984.00   4.7766E+02  -7.9290E+02   5.8395E+04  -2.5713E+00  -2.2302E+00   2.8344E+01  -2.1041E-01  -1.8250E-01  -4.6387E+00
   1984.08   4.7937E+02  -7.9348E+02   5.8392E+04  -2.5320E+00  -2.1943E+00   2.7896E+01  -2.0720E-01  -1.7956E-01  -4.5655E+00
   1984.17   4.8108E+02  -7.9406E+02   5.8389E+04  -2.4923E+00  -2.1582E+00   2.7445E+01  -2.0395E-01  -1.7660E-01  -4.4917E+00
   1984.25   4.8282E+02  -7.9462E+02   5.8386E+04  -2.4523E+00  -2.1218E+00   2.6991E+01  -2.0067E-01  -1.7363E-01  -4.4173E+00
   1984.33   4.8457E+02  -7.9517E+02   5.8383E+04  -2.4118E+00  -2.0851E+00   2.6533E+01  -1.9736E-01  -1.7063E-01  -4.3424E+00
   1984.42   4.8634E+02  -7.9572E+02   5.8380E+04  -2.3711E+00  -2.0483E+00   2.6072E+01  -1.9403E-01  -1.6761E-01  -4.2669E+00
   1984.50   4.8813E+02  -7.9625E+02   5.8376E+04  -2.3300E+00  -2.0112E+00   2.5608E+01  -1.9066E-01  -1.6458E-01  -4.1910E+00
   1984.58   4.8993E+02  -7.9678E+02   5.8373E+04  -2.2886E+00  -1.9740E+00   2.5141E+01  -1.8728E-01  -1.6153E-01  -4.1145E+00
   1984.67   4.9175E+02  -7.9729E+02   5.8370E+04  -2.2469E+00  -1.9365E+00   2.4671E+01  -1.8387E-01  -1.5847E-01  -4.0377E+00
   1984.75   4.9359E+02  -7.9780E+02   5.8367E+04  -2.2050E+00  -1.8989E+00   2.4199E+01  -1.8043E-01  -1.5539E-01  -3.9605E+00
   1984.83   4.9544E+02  -7.9830E+02   5.8364E+04  -2.1627E+00  -1.8612E+00   2.3725E+01  -1.7698E-01  -1.5230E-01  -3.8828E+00
   1984.92   4.9732E+02  -7.9879E+02   5.8361E+04  -2.1203E+00  -1.8233E+00   2.3249E+01  -1.7350E-01  -1.4920E-01  -3.8049E+00
   1985.00   4.9921E+02  -7.9927E+02   5.8358E+04  -2.0776E+00  -1.7852E+00   2.2770E+01  -1.7001E-01  -1.4609E-01  -3.7266E+00
   1985.08   5.0112E+02  -7.9975E+02   5.8355E+04  -2.0347E+00  -1.7471E+00   2.2290E+01  -1.6650E-01  -1.4297E-01  -3.6480E+00
   1985.17   5.0305E+02  -8.0021E+02   5.8352E+04  -1.9916E+00  -1.7089E+00   2.1808E+01  -1.6297E-01  -1.3984E-01  -3.5692E+00
   1985.25   5.0500E+02  -8.0067E+02   5.8349E+04  -1.9483E+00  -1.6705E+00   2.1325E+01  -1.5943E-01  -1.3670E-01  -3.4901E+00
   1985.33   5.0696E+02  -8.0113E+02   5.8346E+04  -1.9049E+00  -1.6321E+00   2.0841E+01  -1.5588E-01  -1.3356E-01  -3.4108E+00
   1985.42   5.0895E+02  -8.0157E+02   5.8343E+04  -1.8613E+00  -1.5936E+00   2.0355E+01  -1.5231E-01  -1.3041E-01  -3.3313E+00
   1985.50   5.1095E+02  -8.0201E+02   5.8340E+04  -1.8176E+00  -1.5551E+00   1.9869E+01  -1.4873E-01  -1.2726E-01  -3.2517E+00
   1985.58   5.1298E+02  -8.0245E+02   5.8337E+04  -1.7737E+00  -1.5166E+00   1.9381E+01  -1.4515E-01  -1.2410E-01  -3.1720E+00
   1985.67   5.1502E+02  -8.0288E+02   5.8334E+04  -1.7298E+00  -1.4780E+00   1.8893E+01  -1.4155E-01  -1.2094E-01  -3.0921E+00
   1985.75   5.1708E+02  -8.0330E+02   5.8331E+04  -1.6858E+00  -1.4394E+00   1.8405E+01  -1.3795E-01  -1.1779E-01  -3.0122E+00
   1985.83   5.1916E+02  -8.0372E+02   5.8328E+04  -1.6417E+00  -1.4008E+00   1.7917E+01  -1.3434E-01  -1.1463E-01  -2.9323E+00
   1985.92   5.2126E+02  -8.0413E+02   5.8325E+04  -1.5976E+00  -1.3622E+00   1.7428E+01  -1.3073E-01  -1.1147E-01  -2.8523E+00
   1986.00   5.2338E+02  -8.0454E+02   5.8322E+04  -1.5534E+00  -1.3237E+00   1.6940E+01  -1.2711E-01  -1.0832E-01  -2.7723E+00
   1986.08   5.2552E+02  -8.0495E+02   5.8319E+04  -1.5092E+00  -1.2853E+00   1.6452E+01  -1.2350E-01  -1.0517E-01  -2.6925E+00
   1986.17   5.2768E+02  -8.0535E+02   5.8316E+04  -1.4654E+00  -1.2471E+00   1.5968E+01  -1.1991E-01  -1.0205E-01  -2.6133E+00
   1986.25   5.2986E+02  -8.0575E+02   5.8313E+04  -1.4221E+00  -1.2095E+00   1.5490E+01  -1.1637E-01  -9.8970E-02  -2.5351E+00
   1986.33   5.3206E+02  -8.0614E+02   5.8310E+04  -1.3797E+00  -1.1726E+00   1.5022E+01  -1.1290E-01  -9.5955E-02  -2.4586E+00
   1986.42   5.3428E+02  -8.0654E+02   5.8307E+04  -1.3385E+00  -1.1368E+00   1.4568E+01  -1.0953E-01  -9.3024E-02  -2.3842E+00
   1986.50   5.3652E+02  -8.0693E+02   5.8304E+04  -1.2988E+00  -1.1022E+00   1.4130E+01  -1.0628E-01  -9.0197E-02  -2.3125E+00
   1986.58   5.3877E+02  -8.0732E+02   5.8301E+04  -1.2608E+00  -1.0692E+00   1.3711E+01  -1.0317E-01  -8.7494E-02  -2.2439E+00
   1986.67   5.4105E+02  -8.0771E+02   5.8298E+04  -1.2250E+00  -1.0379E+00   1.3315E+01  -1.0024E-01  -8.4935E-02  -2.1791E+00
   1986.75   5.4334E+02  -8.0809E+02   5.8295E+04  -1.1915E+00  -1.0087E+00   1.2945E+01  -9.7500E-02  -8.2542E-02  -2.1186E+00
   1986.83   5.4566E+02  -8.0848E+02   5.8292E+04  -1.1607E+00  -9.8170E-01   1.2604E+01  -9.4982E-02  -8.0333E-02  -2.0628E+00
   1986.92   5.4799E+02  -8.0887E+02   5.8289E+04  -1.1329E+00  -9.5720E-01   1.2295E+01  -9.2708E-02  -7.8328E-02  -2.0123E+00
   1987.00   5.5034E+02  -8.0926E+02   5.8287E+04  -1.1084E+00  -9.3546E-01   1.2023E+01  -9.0703E-02  -7.6549E-02  -1.9676E+00
   1987.08   5.5271E+02  -8.0965E+02   5.8284E+04  -1.0875E+00  -9.1671E-01   1.1788E+01  -8.8993E-02  -7.5015E-02  -1.9293E+00
   1987.17   5.5509E+02  -8.1005E+02   5.8281E+04  -1.0705E+00  -9.0120E-01   1.1596E+01  -8.7601E-02  -7.3746E-02  -1.8979E+00
   1987.25   5.5750E+02  -8.1044E+02   5.8278E+04  -1.0577E+00  -8.8918E-01   1.1449E+01  -8.6553E-02  -7.2762E-02  -1.8738E+00
   1987.33   5.5992E+02  -8.1084E+02   5.8275E+04  -1.0494E+00  -8.8089E-01   1.1351E+01  -8.5872E-02  -7.2084E-02  -1.8577E+00
   1987.42   5.6236E+02  -8.1125E+02   5.8272E+04  -1.0459E+00  -8.7658E-01   1.1304E+01  -8.5584E-02  -7.1731E-02  -1.8500E+00
   1987.50   5.6481E+02  -8.1165E+02   5.8269E+04  -1.0475E+00  -8.7649E-01   1.1312E+01  -8.5713E-02  -7.1724E-02  -1.8513E+00
   1987.58   5.6729E+02  -8.1206E+02   5.8266E+04  -1.0544E+00  -8.8088E-01   1.1378E+01  -8.6284E-02  -7.2082E-02  -1.8621E+00
   1987.67   5.6978E+02  -8.1248E+02   5.8263E+04  -1.0671E+00  -8.8998E-01   1.1505E+01  -8.7322E-02  -7.2827E-02  -1.8830E+00
   1987.75   5.7229E+02  -8.1290E+02   5.8261E+04  -1.0858E+00  -9.0404E-01   1.1697E+01  -8.8851E-02  -7.3978E-02  -1.9144E+00
   1987.83   5.7481E+02  -8.1333E+02   5.8258E+04  -1.1108E+00  -9.2331E-01   1.1957E+01  -9.0895E-02  -7.5555E-02  -1.9568E+00
   1987.92   5.7736E+02  -8.1376E+02   5.8255E+04  -1.1424E+00  -9.4804E-01   1.2287E+01  -9.3480E-02  -7.7578E-02  -2.0109E+00
   1988.00   5.7991E+02  -8.1420E+02   5.8252E+04  -1.1808E+00  -9.7846E-01   1.2691E+01  -9.6629E-02  -8.0068E-02  -2.0771E+00
   1988.08   5.8249E+02  -8.1465E+02   5.8249E+04  -1.2264E+00  -1.0147E+00   1.3171E+01  -1.0036E-01  -8.3034E-02  -2.1557E+00
   1988.17   5.8508E+02  -8.1511E+02   5.8247E+04  -1.2785E+00  -1.0564E+00   1.3722E+01  -1.0462E-01  -8.6446E-02  -2.2458E+00
   1988.25   5.8769E+02  -8.1557E+02   5.8244E+04  -1.3367E+00  -1.1030E+00   1.4338E+01  -1.0938E-01  -9.0262E-02  -2.3465E+00
   1988.33   5.9031E+02  -8.1604E+02   5.8241E+04  -1.4002E+00  -1.1541E+00   1.5011E+01  -1.1458E-01  -9.4442E-02  -2.4566E+00
   1988.42   5.9295E+02  -8.1651E+02   5.8238E+04  -1.4685E+00  -1.2091E+00   1.5735E+01  -1.2017E-01  -9.8944E-02  -2.5752E+00
   1988.50   5.9561E+02  -8.1700E+02   5.8235E+04  -1.5409E+00  -1.2676E+00   1.6504E+01  -1.2610E-01  -1.0373E-01  -2.7010E+00
   1988.58   5.9828E+02  -8.1748E+02   5.8233E+04  -1.6169E+00  -1.3290E+00   1.7311E+01  -1.3232E-01  -1.0875E-01  -2.8331E+00
   1988.67   6.0096E+02  -8.1798E+02   5.8230E+04  -1.6959E+00  -1.3928E+00   1.8150E+01  -1.3878E-01  -1.1397E-01  -2.9704E+00
   1988.75   6.0366E+02  -8.1848E+02   5.8227E+04  -1.7772E+00  -1.4586E+00   1.9014E+01  -1.4543E-01  -1.1936E-01  -3.1118E+00
   1988.83   6.0637E+02  -8.1898E+02   5.8224E+04  -1.8603E+00  -1.5258E+00   1.9896E+01  -1.5223E-01  -1.2486E-01  -3.2562E+00
   1988.92   6.0910E+02  -8.1949E+02   5.8222E+04  -1.9444E+00  -1.5939E+00   2.0791E+01  -1.5911E-01  -1.3043E-01  -3.4027E+00
   1989.00   6.1184E+02  -8.2000E+02   5.8219E+04  -2.0291E+00  -1.6625E+00   2.1691E+01  -1.6605E-01  -1.3604E-01  -3.5500E+00
   1989.08   6.1460E+02  -8.2052E+02   5.8216E+04  -2.1138E+00  -1.7310E+00   2.2591E+01  -1.7297E-01  -1.4165E-01  -3.6972E+00
   1989.17   6.1737E+02  -8.2105E+02   5.8213E+04  -2.1977E+00  -1.7989E+00   2.3483E+01  -1.7984E-01  -1.4720E-01  -3.8432E+00
   1989.25   6.2015E+02  -8.2157E+02   5.8211E+04  -2.2803E+00  -1.8657E+00   2.4361E+01  -1.8660E-01  -1.5267E-01  -3.9869E+00
   1989.33   6.2295E+02  -8.2210E+02   5.8208E+04  -2.3610E+00  -1.9310E+00   2.5218E+01  -1.9320E-01  -1.5801E-01  -4.1272E+00
   1989.42   6.2576E+02  -8.2264E+02   5.8205E+04  -2.4392E+00  -1.9942E+00   2.6049E+01  -1.9960E-01  -1.6319E-01  -4.2631E+00
   1989.50   6.2858E+02  -8.2318E+02   5.8203E+04  -2.5142E+00  -2.0548E+00   2.6846E+01  -2.0574E-01  -1.6815E-01  -4.3936E+00
   1989.58   6.3141E+02  -8.2372E+02   5.8200E+04  -2.5855E+00  -2.1123E+00   2.7603E+01  -2.1157E-01  -1.7285E-01  -4.5175E+00
   1989.67   6.3426E+02  -8.2427E+02   5.8197E+04  -2.6525E+00  -2.1663E+00   2.8313E+01  -2.1706E-01  -1.7727E-01  -4.6337E+00
   1989.75   6.3712E+02  -8.2481E+02   5.8195E+04  -2.7145E+00  -2.2162E+00   2.8970E+01  -2.2213E-01  -1.8135E-01  -4.7413E+00
   1989.83   6.3999E+02  -8.2536E+02   5.8192E+04  -2.7710E+00  -2.2615E+00   2.9568E+01  -2.2675E-01  -1.8506E-01  -4.8391E+00
   1989.92   6.4287E+02  -8.2592E+02   5.8189E+04  -2.8213E+00  -2.3017E+00   3.0100E+01  -2.3087E-01  -1.8835E-01  -4.9261E+00
   1990.00   6.4576E+02  -8.2647E+02   5.8187E+04  -2.8648E+00  -2.3363E+00   3.0559E+01  -2.3443E-01  -1.9118E-01  -5.0013E+00
   1990.08   6.4867E+02  -8.2703E+02   5.8184E+04  -2.9012E+00  -2.3650E+00   3.0940E+01  -2.3740E-01  -1.9353E-01  -5.0637E+00
   1990.17   6.5158E+02  -8.2759E+02   5.8181E+04  -2.9305E+00  -2.3879E+00   3.1247E+01  -2.3980E-01  -1.9540E-01  -5.1139E+00
   1990.25   6.5451E+02  -8.2815E+02   5.8179E+04  -2.9532E+00  -2.4053E+00   3.1483E+01  -2.4166E-01  -1.9683E-01  -5.1525E+00
   1990.33   6.5745E+02  -8.2872E+02   5.8176E+04  -2.9697E+00  -2.4176E+00   3.1652E+01  -2.4301E-01  -1.9784E-01  -5.1802E+00
   1990.42   6.6040E+02  -8.2929E+02   5.8173E+04  -2.9804E+00  -2.4252E+00   3.1759E+01  -2.4389E-01  -1.9845E-01  -5.1977E+00
   1990.50   6.6336E+02  -8.2987E+02   5.8171E+04  -2.9857E+00  -2.4282E+00   3.1808E+01  -2.4432E-01  -1.9870E-01  -5.2056E+00
   1990.58   6.6634E+02  -8.3045E+02   5.8168E+04  -2.9860E+00  -2.4271E+00   3.1802E+01  -2.4434E-01  -1.9861E-01  -5.2047E+00
   1990.67   6.6933E+02  -8.3104E+02   5.8166E+04  -2.9815E+00  -2.4221E+00   3.1747E+01  -2.4398E-01  -1.9820E-01  -5.1957E+00
   1990.75   6.7233E+02  -8.3163E+02   5.8163E+04  -2.9729E+00  -2.4137E+00   3.1646E+01  -2.4327E-01  -1.9751E-01  -5.1791E+00
   1990.83   6.7534E+02  -8.3224E+02   5.8160E+04  -2.9603E+00  -2.4020E+00   3.1503E+01  -2.4225E-01  -1.9656E-01  -5.1558E+00
   1990.92   6.7837E+02  -8.3285E+02   5.8158E+04  -2.9443E+00  -2.3875E+00   3.1323E+01  -2.4094E-01  -1.9537E-01  -5.1264E+00
   1991.00   6.8141E+02  -8.3347E+02   5.8155E+04  -2.9253E+00  -2.3704E+00   3.1110E+01  -2.3937E-01  -1.9397E-01  -5.0915E+00
   1991.08   6.8446E+02  -8.3410E+02   5.8152E+04  -2.9035E+00  -2.3510E+00   3.0868E+01  -2.3759E-01  -1.9238E-01  -5.0519E+00
   1991.17   6.8753E+02  -8.3474E+02   5.8150E+04  -2.8794E+00  -2.3298E+00   3.0601E+01  -2.3562E-01  -1.9065E-01  -5.0082E+00
   1991.25   6.9061E+02  -8.3539E+02   5.8147E+04  -2.8534E+00  -2.3069E+00   3.0313E+01  -2.3349E-01  -1.8878E-01  -4.9611E+00
   1991.33   6.9370E+02  -8.3605E+02   5.8145E+04  -2.8259E+00  -2.2828E+00   3.0010E+01  -2.3124E-01  -1.8680E-01  -4.9114E+00
   1991.42   6.9681E+02  -8.3672E+02   5.8142E+04  -2.7972E+00  -2.2578E+00   2.9693E+01  -2.2890E-01  -1.8475E-01  -4.8596E+00
   1991.50   6.9994E+02  -8.3740E+02   5.8139E+04  -2.7678E+00  -2.2321E+00   2.9369E+01  -2.2649E-01  -1.8265E-01  -4.8066E+00
   1991.58   7.0308E+02  -8.3810E+02   5.8137E+04  -2.7381E+00  -2.2061E+00   2.9041E+01  -2.2406E-01  -1.8052E-01  -4.7529E+00
   1991.67   7.0623E+02  -8.3881E+02   5.8134E+04  -2.7084E+00  -2.1801E+00   2.8713E+01  -2.2163E-01  -1.7840E-01  -4.6992E+00
   1991.75   7.0940E+02  -8.3954E+02   5.8132E+04  -2.6792E+00  -2.1545E+00   2.8390E+01  -2.1924E-01  -1.7630E-01  -4.6463E+00
   1991.83   7.1259E+02  -8.4028E+02   5.8129E+04  -2.6507E+00  -2.1295E+00   2.8075E+01  -2.1691E-01  -1.7426E-01  -4.5948E+00
   1991.92   7.1579E+02  -8.4104E+02   5.8126E+04  -2.6235E+00  -2.1055E+00   2.7773E+01  -2.1468E-01  -1.7229E-01  -4.5453E+00
   1992.00   7.1900E+02  -8.4181E+02   5.8124E+04  -2.5979E+00  -2.0828E+00   2.7488E+01  -2.1258E-01  -1.7043E-01  -4.4987E+00
   1992.08   7.2224E+02  -8.4260E+02   5.8121E+04  -2.5741E+00  -2.0616E+00   2.7223E+01  -2.1064E-01  -1.6870E-01  -4.4554E+00
   1992.17   7.2549E+02  -8.4341E+02   5.8119E+04  -2.5522E+00  -2.0419E+00   2.6978E+01  -2.0885E-01  -1.6709E-01  -4.4152E+00
   1992.25   7.2876E+02  -8.4423E+02   5.8116E+04  -2.5319E+00  -2.0235E+00   2.6749E+01  -2.0718E-01  -1.6558E-01  -4.3778E+00
   1992.33   7.3205E+02  -8.4506E+02   5.8113E+04  -2.5129E+00  -2.0063E+00   2.6535E+01  -2.0564E-01  -1.6417E-01  -4.3428E+00
   1992.42   7.3536E+02  -8.4590E+02   5.8111E+04  -2.4952E+00  -1.9900E+00   2.6335E+01  -2.0418E-01  -1.6284E-01  -4.3100E+00
   1992.50   7.3869E+02  -8.4675E+02   5.8108E+04  -2.4785E+00  -1.9746E+00   2.6145E+01  -2.0282E-01  -1.6159E-01  -4.2789E+00
   1992.58   7.4205E+02  -8.4761E+02   5.8105E+04  -2.4626E+00  -1.9599E+00   2.5964E+01  -2.0151E-01  -1.6038E-01  -4.2493E+00
   1992.67   7.4544E+02  -8.4848E+02   5.8103E+04  -2.4473E+00  -1.9458E+00   2.5790E+01  -2.0026E-01  -1.5922E-01  -4.2207E+00
   1992.75   7.4885E+02  -8.4935E+02   5.8100E+04  -2.4324E+00  -1.9320E+00   2.5620E+01  -1.9904E-01  -1.5810E-01  -4.1930E+00
   1992.83   7.5229E+02  -8.5022E+02   5.8098E+04  -2.4177E+00  -1.9184E+00   2.5453E+01  -1.9784E-01  -1.5699E-01  -4.1656E+00
   1992.92   7.5576E+02  -8.5110E+02   5.8095E+04  -2.4031E+00  -1.9050E+00   2.5286E+01  -1.9664E-01  -1.5588E-01  -4.1384E+00
   1993.00   7.5927E+02  -8.5198E+02   5.8093E+04  -2.3882E+00  -1.8914E+00   2.5118E+01  -1.9543E-01  -1.5477E-01  -4.1109E+00
   1993.08   7.6280E+02  -8.5285E+02   5.8090E+04  -2.3730E+00  -1.8776E+00   2.4947E+01  -1.9418E-01  -1.5364E-01  -4.0828E+00
   1993.17   7.6637E+02  -8.5373E+02   5.8088E+04  -2.3572E+00  -1.8634E+00   2.4769E+01  -1.9289E-01  -1.5248E-01  -4.0538E+00
   1993.25   7.6998E+02  -8.5460E+02   5.8085E+04  -2.3407E+00  -1.8487E+00   2.4584E+01  -1.9154E-01  -1.5128E-01  -4.0235E+00
   1993.33   7.7362E+02  -8.5547E+02   5.8083E+04  -2.3231E+00  -1.8332E+00   2.4389E+01  -1.9010E-01  -1.5001E-01  -3.9916E+00
   1993.42   7.7730E+02  -8.5633E+02   5.8080E+04  -2.3044E+00  -1.8169E+00   2.4183E+01  -1.8857E-01  -1.4868E-01  -3.9577E+00
   1993.50   7.8103E+02  -8.5718E+02   5.8078E+04  -2.2843E+00  -1.7996E+00   2.3962E+01  -1.8693E-01  -1.4726E-01  -3.9216E+00
   1993.58   7.8479E+02  -8.5802E+02   5.8075E+04  -2.2627E+00  -1.7811E+00   2.3725E+01  -1.8516E-01  -1.4575E-01  -3.8829E+00
   1993.67   7.8860E+02  -8.5885E+02   5.8073E+04  -2.2393E+00  -1.7613E+00   2.3470E+01  -1.8324E-01  -1.4413E-01  -3.8412E+00
   1993.75   7.9245E+02  -8.5967E+02   5.8070E+04  -2.2139E+00  -1.7400E+00   2.3196E+01  -1.8117E-01  -1.4239E-01  -3.7962E+00
   1993.83   7.9634E+02  -8.6047E+02   5.8068E+04  -2.1864E+00  -1.7171E+00   2.2898E+01  -1.7892E-01  -1.4051E-01  -3.7476E+00
   1993.92   8.0029E+02  -8.6126E+02   5.8066E+04  -2.1565E+00  -1.6924E+00   2.2577E+01  -1.7647E-01  -1.3849E-01  -3.6950E+00
   1994.00   8.0428E+02  -8.6203E+02   5.8063E+04  -2.1241E+00  -1.6658E+00   2.2229E+01  -1.7382E-01  -1.3631E-01  -3.6381E+00
   1994.08   8.0832E+02  -8.6279E+02   5.8061E+04  -2.0890E+00  -1.6371E+00   2.1854E+01  -1.7094E-01  -1.3397E-01  -3.5766E+00
   1994.17   8.1241E+02  -8.6353E+02   5.8059E+04  -2.0514E+00  -1.6065E+00   2.1453E+01  -1.6787E-01  -1.3146E-01  -3.5109E+00
   1994.25   8.1655E+02  -8.6425E+02   5.8057E+04  -2.0115E+00  -1.5742E+00   2.1028E+01  -1.6460E-01  -1.2882E-01  -3.4414E+00
   1994.33   8.2074E+02  -8.6496E+02   5.8055E+04  -1.9696E+00  -1.5404E+00   2.0582E+01  -1.6117E-01  -1.2605E-01  -3.3685E+00
   1994.42   8.2497E+02  -8.6565E+02   5.8052E+04  -1.9259E+00  -1.5052E+00   2.0118E+01  -1.5760E-01  -1.2317E-01  -3.2926E+00
   1994.50   8.2926E+02  -8.6634E+02   5.8050E+04  -1.8807E+00  -1.4688E+00   1.9638E+01  -1.5390E-01  -1.2019E-01  -3.2141E+00
   1994.58   8.3359E+02  -8.6702E+02   5.8048E+04  -1.8341E+00  -1.4314E+00   1.9145E+01  -1.5009E-01  -1.1713E-01  -3.1333E+00
   1994.67   8.3796E+02  -8.6769E+02   5.8046E+04  -1.7865E+00  -1.3933E+00   1.8641E+01  -1.4619E-01  -1.1401E-01  -3.0508E+00
   1994.75   8.4238E+02  -8.6835E+02   5.8044E+04  -1.7381E+00  -1.3545E+00   1.8129E+01  -1.4223E-01  -1.1084E-01  -2.9669E+00
   1994.83   8.4685E+02  -8.6901E+02   5.8042E+04  -1.6891E+00  -1.3154E+00   1.7610E+01  -1.3822E-01  -1.0764E-01  -2.8821E+00
   1994.92   8.5136E+02  -8.6967E+02   5.8040E+04  -1.6397E+00  -1.2759E+00   1.7089E+01  -1.3418E-01  -1.0441E-01  -2.7967E+00
   1995.00   8.5592E+02  -8.7033E+02   5.8038E+04  -1.5903E+00  -1.2365E+00   1.6566E+01  -1.3013E-01  -1.0118E-01  -2.7112E+00
   1995.08   8.6051E+02  -8.7099E+02   5.8036E+04  -1.5410E+00  -1.1972E+00   1.6045E+01  -1.2610E-01  -9.7963E-02  -2.6259E+00
   1995.17   8.6516E+02  -8.7165E+02   5.8034E+04  -1.4921E+00  -1.1581E+00   1.5528E+01  -1.2210E-01  -9.4771E-02  -2.5414E+00
   1995.25   8.6984E+02  -8.7231E+02   5.8032E+04  -1.4438E+00  -1.1196E+00   1.5018E+01  -1.1815E-01  -9.1621E-02  -2.4579E+00
   1995.33   8.7457E+02  -8.7298E+02   5.8030E+04  -1.3964E+00  -1.0818E+00   1.4517E+01  -1.1427E-01  -8.8527E-02  -2.3759E+00
   1995.42   8.7933E+02  -8.7365E+02   5.8028E+04  -1.3501E+00  -1.0449E+00   1.4028E+01  -1.1048E-01  -8.5505E-02  -2.2958E+00
   1995.50   8.8414E+02  -8.7434E+02   5.8026E+04  -1.3052E+00  -1.0090E+00   1.3552E+01  -1.0680E-01  -8.2571E-02  -2.2180E+00
   1995.58   8.8899E+02  -8.7503E+02   5.8024E+04  -1.2618E+00  -9.7443E-01   1.3094E+01  -1.0325E-01  -7.9738E-02  -2.1430E+00
   1995.67   8.9388E+02  -8.7573E+02   5.8022E+04  -1.2203E+00  -9.4126E-01   1.2655E+01  -9.9857E-02  -7.7024E-02  -2.0711E+00
   1995.75   8.9880E+02  -8.7645E+02   5.8020E+04  -1.1808E+00  -9.0971E-01   1.2237E+01  -9.6629E-02  -7.4442E-02  -2.0027E+00
   1995.83   9.0377E+02  -8.7719E+02   5.8018E+04  -1.1437E+00  -8.7996E-01   1.1843E+01  -9.3591E-02  -7.2008E-02  -1.9383E+00
   1995.92   9.0877E+02  -8.7793E+02   5.8017E+04  -1.1091E+00  -8.5221E-01   1.1476E+01  -9.0762E-02  -6.9737E-02  -1.8783E+00
   1996.00   9.1382E+02  -8.7870E+02   5.8015E+04  -1.0774E+00  -8.2665E-01   1.1139E+01  -8.8162E-02  -6.7645E-02  -1.8230E+00
   1996.08   9.1890E+02  -8.7949E+02   5.8013E+04  -1.0486E+00  -8.0342E-01   1.0832E+01  -8.5809E-02  -6.5744E-02  -1.7729E+00
   1996.17   9.2401E+02  -8.8029E+02   5.8011E+04  -1.0229E+00  -7.8256E-01   1.0558E+01  -8.3705E-02  -6.4037E-02  -1.7279E+00
   1996.25   9.2916E+02  -8.8112E+02   5.8009E+04  -1.0003E+00  -7.6409E-01   1.0316E+01  -8.1855E-02  -6.2526E-02  -1.6882E+00
   1996.33   9.3435E+02  -8.8196E+02   5.8007E+04  -9.8079E-01  -7.4802E-01   1.0105E+01  -8.0259E-02  -6.1211E-02  -1.6538E+00
   1996.42   9.3957E+02  -8.8283E+02   5.8005E+04  -9.6442E-01  -7.3435E-01   9.9275E+00  -7.8919E-02  -6.0092E-02  -1.6247E+00
   1996.50   9.4482E+02  -8.8371E+02   5.8004E+04  -9.5120E-01  -7.2310E-01   9.7822E+00  -7.7837E-02  -5.9171E-02  -1.6010E+00
   1996.58   9.5011E+02  -8.8462E+02   5.8002E+04  -9.4115E-01  -7.1427E-01   9.6696E+00  -7.7015E-02  -5.8449E-02  -1.5825E+00
   1996.67   9.5543E+02  -8.8554E+02   5.8000E+04  -9.3431E-01  -7.0787E-01   9.5900E+00  -7.6455E-02  -5.7925E-02  -1.5695E+00
   1996.75   9.6078E+02  -8.8649E+02   5.7998E+04  -9.3068E-01  -7.0392E-01   9.5435E+00  -7.6158E-02  -5.7602E-02  -1.5619E+00
   1996.83   9.6617E+02  -8.8745E+02   5.7996E+04  -9.3030E-01  -7.0241E-01   9.5302E+00  -7.6127E-02  -5.7479E-02  -1.5597E+00
   1996.92   9.7158E+02  -8.8844E+02   5.7995E+04  -9.3319E-01  -7.0338E-01   9.5504E+00  -7.6363E-02  -5.7557E-02  -1.5630E+00
   1997.00   9.7703E+02  -8.8944E+02   5.7993E+04  -9.3936E-01  -7.0681E-01   9.6042E+00  -7.6868E-02  -5.7838E-02  -1.5718E+00
   1997.08   9.8250E+02  -8.9047E+02   5.7991E+04  -9.4885E-01  -7.1272E-01   9.6919E+00  -7.7644E-02  -5.8322E-02  -1.5862E+00
   1997.17   9.8800E+02  -8.9152E+02   5.7990E+04  -9.6167E-01  -7.2112E-01   9.8134E+00  -7.8693E-02  -5.9010E-02  -1.6061E+00
   1997.25   9.9353E+02  -8.9259E+02   5.7988E+04  -9.7784E-01  -7.3203E-01   9.9692E+00  -8.0017E-02  -5.9902E-02  -1.6316E+00
   1997.33   9.9909E+02  -8.9368E+02   5.7986E+04  -9.9739E-01  -7.4544E-01   1.0159E+01  -8.1617E-02  -6.1000E-02  -1.6627E+00
   1997.42   1.0047E+03  -8.9479E+02   5.7985E+04  -1.0203E+00  -7.6137E-01   1.0384E+01  -8.3496E-02  -6.2304E-02  -1.6994E+00
   1997.50   1.0103E+03  -8.9592E+02   5.7983E+04  -1.0467E+00  -7.7984E-01   1.0643E+01  -8.5654E-02  -6.3814E-02  -1.7418E+00
   1997.58   1.0159E+03  -8.9707E+02   5.7982E+04  -1.0766E+00  -8.0084E-01   1.0937E+01  -8.8095E-02  -6.5533E-02  -1.7900E+00
   1997.67   1.0216E+03  -8.9824E+02   5.7980E+04  -1.1098E+00  -8.2438E-01   1.1266E+01  -9.0819E-02  -6.7460E-02  -1.8438E+00
   1997.75   1.0273E+03  -8.9944E+02   5.7979E+04  -1.1466E+00  -8.5049E-01   1.1631E+01  -9.3829E-02  -6.9596E-02  -1.9035E+00
   1997.83   1.0330E+03  -9.0065E+02   5.7977E+04  -1.1869E+00  -8.7916E-01   1.2030E+01  -9.7127E-02  -7.1942E-02  -1.9689E+00
   1997.92   1.0387E+03  -9.0189E+02   5.7976E+04  -1.2308E+00  -9.1041E-01   1.2465E+01  -1.0071E-01  -7.4499E-02  -2.0401E+00
   1998.00   1.0444E+03  -9.0315E+02   5.7974E+04  -1.2782E+00  -9.4425E-01   1.2936E+01  -1.0459E-01  -7.7268E-02  -2.1172E+00
   1998.08   1.0502E+03  -9.0443E+02   5.7973E+04  -1.3291E+00  -9.8062E-01   1.3443E+01  -1.0876E-01  -8.0245E-02  -2.2000E+00
   1998.17   1.0560E+03  -9.0574E+02   5.7972E+04  -1.3831E+00  -1.0193E+00   1.3980E+01  -1.1318E-01  -8.3409E-02  -2.2880E+00
   1998.25   1.0618E+03  -9.0706E+02   5.7970E+04  -1.4399E+00  -1.0599E+00   1.4546E+01  -1.1783E-01  -8.6735E-02  -2.3805E+00
   1998.33   1.0677E+03  -9.0840E+02   5.7969E+04  -1.4990E+00  -1.1023E+00   1.5134E+01  -1.2267E-01  -9.0198E-02  -2.4768E+00
   1998.42   1.0735E+03  -9.0976E+02   5.7968E+04  -1.5600E+00  -1.1459E+00   1.5741E+01  -1.2766E-01  -9.3773E-02  -2.5762E+00
   1998.50   1.0794E+03  -9.1113E+02   5.7967E+04  -1.6225E+00  -1.1907E+00   1.6363E+01  -1.3277E-01  -9.7434E-02  -2.6780E+00
   1998.58   1.0853E+03  -9.1251E+02   5.7965E+04  -1.6860E+00  -1.2362E+00   1.6996E+01  -1.3797E-01  -1.0116E-01  -2.7816E+00
   1998.67   1.0912E+03  -9.1392E+02   5.7964E+04  -1.7502E+00  -1.2821E+00   1.7635E+01  -1.4322E-01  -1.0492E-01  -2.8861E+00
   1998.75   1.0972E+03  -9.1533E+02   5.7963E+04  -1.8145E+00  -1.3282E+00   1.8275E+01  -1.4848E-01  -1.0869E-01  -2.9909E+00
   1998.83   1.1032E+03  -9.1675E+02   5.7962E+04  -1.8786E+00  -1.3741E+00   1.8914E+01  -1.5373E-01  -1.1244E-01  -3.0954E+00
   1998.92   1.1091E+03  -9.1818E+02   5.7961E+04  -1.9421E+00  -1.4195E+00   1.9545E+01  -1.5892E-01  -1.1616E-01  -3.1988E+00
   1999.00   1.1152E+03  -9.1962E+02   5.7960E+04  -2.0045E+00  -1.4641E+00   2.0166E+01  -1.6403E-01  -1.1981E-01  -3.3005E+00
   1999.08   1.1212E+03  -9.2107E+02   5.7959E+04  -2.0654E+00  -1.5077E+00   2.0772E+01  -1.6901E-01  -1.2337E-01  -3.3996E+00
   1999.17   1.1273E+03  -9.2253E+02   5.7958E+04  -2.1244E+00  -1.5498E+00   2.1359E+01  -1.7384E-01  -1.2682E-01  -3.4957E+00
   1999.25   1.1333E+03  -9.2399E+02   5.7956E+04  -2.1811E+00  -1.5903E+00   2.1923E+01  -1.7848E-01  -1.3013E-01  -3.5879E+00
   1999.33   1.1394E+03  -9.2545E+02   5.7955E+04  -2.2350E+00  -1.6287E+00   2.2458E+01  -1.8289E-01  -1.3328E-01  -3.6755E+00
   1999.42   1.1456E+03  -9.2691E+02   5.7954E+04  -2.2857E+00  -1.6648E+00   2.2962E+01  -1.8704E-01  -1.3623E-01  -3.7579E+00
   1999.50   1.1517E+03  -9.2838E+02   5.7953E+04  -2.3329E+00  -1.6982E+00   2.3429E+01  -1.9090E-01  -1.3897E-01  -3.8344E+00
   1999.58   1.1579E+03  -9.2985E+02   5.7952E+04  -2.3760E+00  -1.7288E+00   2.3856E+01  -1.9443E-01  -1.4147E-01  -3.9043E+00
   1999.67   1.1641E+03  -9.3131E+02   5.7951E+04  -2.4146E+00  -1.7560E+00   2.4238E+01  -1.9759E-01  -1.4370E-01  -3.9668E+00
   1999.75   1.1703E+03  -9.3277E+02   5.7950E+04  -2.4484E+00  -1.7798E+00   2.4571E+01  -2.0035E-01  -1.4564E-01  -4.0213E+00
   1999.83   1.1765E+03  -9.3423E+02   5.7949E+04  -2.4769E+00  -1.7996E+00   2.4851E+01  -2.0269E-01  -1.4726E-01  -4.0672E+00
   1999.92   1.1828E+03  -9.3568E+02   5.7948E+04  -2.4997E+00  -1.8153E+00   2.5074E+01  -2.0455E-01  -1.4855E-01  -4.1036E+00
   2000.00   1.1890E+03  -9.3713E+02   5.7947E+04  -2.5163E+00  -1.8265E+00   2.5234E+01  -2.0591E-01  -1.4947E-01  -4.1299E+00
   2000.08   1.1953E+03  -9.3857E+02   5.7946E+04  -2.5266E+00  -1.8331E+00   2.5331E+01  -2.0675E-01  -1.5000E-01  -4.1457E+00
   2000.17   1.2017E+03  -9.4000E+02   5.7945E+04  -2.5308E+00  -1.8352E+00   2.5367E+01  -2.0709E-01  -1.5018E-01  -4.1516E+00
   2000.25   1.2080E+03  -9.4143E+02   5.7944E+04  -2.5295E+00  -1.8334E+00   2.5348E+01  -2.0699E-01  -1.5003E-01  -4.1484E+00
   2000.33   1.2144E+03  -9.4285E+02   5.7943E+04  -2.5233E+00  -1.8279E+00   2.5278E+01  -2.0648E-01  -1.4958E-01  -4.1371E+00
   2000.42   1.2208E+03  -9.4426E+02   5.7942E+04  -2.5126E+00  -1.8192E+00   2.5165E+01  -2.0561E-01  -1.4886E-01  -4.1185E+00
   2000.50   1.2272E+03  -9.4567E+02   5.7941E+04  -2.4981E+00  -1.8076E+00   2.5012E+01  -2.0442E-01  -1.4792E-01  -4.0934E+00
   2000.58   1.2336E+03  -9.4707E+02   5.7940E+04  -2.4803E+00  -1.7935E+00   2.4825E+01  -2.0296E-01  -1.4677E-01  -4.0629E+00
   2000.67   1.2400E+03  -9.4847E+02   5.7939E+04  -2.4596E+00  -1.7774E+00   2.4610E+01  -2.0127E-01  -1.4545E-01  -4.0277E+00
   2000.75   1.2465E+03  -9.4986E+02   5.7937E+04  -2.4367E+00  -1.7596E+00   2.4371E+01  -1.9939E-01  -1.4399E-01  -3.9886E+00
   2000.83   1.2530E+03  -9.5125E+02   5.7936E+04  -2.4120E+00  -1.7404E+00   2.4115E+01  -1.9737E-01  -1.4242E-01  -3.9467E+00
   2000.92   1.2595E+03  -9.5263E+02   5.7935E+04  -2.3861E+00  -1.7204E+00   2.3847E+01  -1.9526E-01  -1.4078E-01  -3.9028E+00
   2001.00   1.2660E+03  -9.5402E+02   5.7934E+04  -2.3596E+00  -1.6997E+00   2.3571E+01  -1.9309E-01  -1.3909E-01  -3.8577E+00
   2001.08   1.2725E+03  -9.5539E+02   5.7933E+04  -2.3330E+00  -1.6790E+00   2.3294E+01  -1.9091E-01  -1.3739E-01  -3.8123E+00
   2001.17   1.2790E+03  -9.5677E+02   5.7932E+04  -2.3067E+00  -1.6584E+00   2.3020E+01  -1.8876E-01  -1.3571E-01  -3.7675E+00
   2001.25   1.2856E+03  -9.5814E+02   5.7931E+04  -2.2814E+00  -1.6385E+00   2.2755E+01  -1.8669E-01  -1.3408E-01  -3.7241E+00
   2001.33   1.2921E+03  -9.5951E+02   5.7930E+04  -2.2576E+00  -1.6196E+00   2.2505E+01  -1.8474E-01  -1.3253E-01  -3.6831E+00
   2001.42   1.2987E+03  -9.6088E+02   5.7929E+04  -2.2358E+00  -1.6021E+00   2.2274E+01  -1.8296E-01  -1.3110E-01  -3.6454E+00
   2001.50   1.3053E+03  -9.6225E+02   5.7928E+04  -2.2166E+00  -1.5863E+00   2.2068E+01  -1.8139E-01  -1.2981E-01  -3.6117E+00
   2001.58   1.3119E+03  -9.6361E+02   5.7927E+04  -2.2005E+00  -1.5727E+00   2.1893E+01  -1.8007E-01  -1.2869E-01  -3.5830E+00
   2001.67   1.3185E+03  -9.6498E+02   5.7926E+04  -2.1880E+00  -1.5616E+00   2.1753E+01  -1.7904E-01  -1.2779E-01  -3.5601E+00
   2001.75   1.3251E+03  -9.6634E+02   5.7925E+04  -2.1797E+00  -1.5535E+00   2.1655E+01  -1.7836E-01  -1.2712E-01  -3.5440E+00
   2001.83   1.3318E+03  -9.6770E+02   5.7924E+04  -2.1760E+00  -1.5487E+00   2.1602E+01  -1.7807E-01  -1.2673E-01  -3.5355E+00
   2001.92   1.3384E+03  -9.6907E+02   5.7923E+04  -2.1777E+00  -1.5475E+00   2.1602E+01  -1.7820E-01  -1.2664E-01  -3.5354E+00
   2002.00   1.3450E+03  -9.7043E+02   5.7922E+04  -2.1850E+00  -1.5505E+00   2.1659E+01  -1.7880E-01  -1.2688E-01  -3.5447E+00
   2002.08   1.3517E+03  -9.7180E+02   5.7921E+04  -2.1986E+00  -1.5578E+00   2.1776E+01  -1.7991E-01  -1.2748E-01  -3.5639E+00
   2002.17   1.3583E+03  -9.7317E+02   5.7920E+04  -2.2178E+00  -1.5692E+00   2.1951E+01  -1.8149E-01  -1.2841E-01  -3.5925E+00
   2002.25   1.3650E+03  -9.7453E+02   5.7919E+04  -2.2423E+00  -1.5843E+00   2.2177E+01  -1.8349E-01  -1.2964E-01  -3.6294E+00
   2002.33   1.3716E+03  -9.7590E+02   5.7918E+04  -2.2714E+00  -1.6026E+00   2.2448E+01  -1.8587E-01  -1.3114E-01  -3.6739E+00
   2002.42   1.3783E+03  -9.7727E+02   5.7917E+04  -2.3045E+00  -1.6239E+00   2.2760E+01  -1.8858E-01  -1.3288E-01  -3.7250E+00
   2002.50   1.3850E+03  -9.7863E+02   5.7916E+04  -2.3412E+00  -1.6476E+00   2.3107E+01  -1.9158E-01  -1.3483E-01  -3.7817E+00
   2002.58   1.3917E+03  -9.8000E+02   5.7915E+04  -2.3808E+00  -1.6735E+00   2.3483E+01  -1.9482E-01  -1.3694E-01  -3.8433E+00
   2002.67   1.3983E+03  -9.8136E+02   5.7914E+04  -2.4228E+00  -1.7011E+00   2.3883E+01  -1.9826E-01  -1.3920E-01  -3.9088E+00
   2002.75   1.4050E+03  -9.8273E+02   5.7914E+04  -2.4666E+00  -1.7300E+00   2.4302E+01  -2.0184E-01  -1.4156E-01  -3.9772E+00
   2002.83   1.4117E+03  -9.8408E+02   5.7913E+04  -2.5117E+00  -1.7598E+00   2.4733E+01  -2.0553E-01  -1.4401E-01  -4.0478E+00
   2002.92   1.4183E+03  -9.8544E+02   5.7912E+04  -2.5575E+00  -1.7902E+00   2.5171E+01  -2.0928E-01  -1.4649E-01  -4.1195E+00
   2003.00   1.4250E+03  -9.8680E+02   5.7911E+04  -2.6034E+00  -1.8207E+00   2.5611E+01  -2.1303E-01  -1.4899E-01  -4.1915E+00
   2003.08   1.4317E+03  -9.8815E+02   5.7910E+04  -2.6489E+00  -1.8509E+00   2.6047E+01  -2.1676E-01  -1.5146E-01  -4.2629E+00
   2003.17   1.4383E+03  -9.8950E+02   5.7909E+04  -2.6934E+00  -1.8806E+00   2.6474E+01  -2.2040E-01  -1.5389E-01  -4.3327E+00
   2003.25   1.4450E+03  -9.9084E+02   5.7908E+04  -2.7363E+00  -1.9091E+00   2.6886E+01  -2.2391E-01  -1.5622E-01  -4.4001E+00
   2003.33   1.4516E+03  -9.9218E+02   5.7907E+04  -2.7772E+00  -1.9363E+00   2.7277E+01  -2.2726E-01  -1.5844E-01  -4.4642E+00
   2003.42   1.4583E+03  -9.9351E+02   5.7906E+04  -2.8153E+00  -1.9616E+00   2.7642E+01  -2.3038E-01  -1.6052E-01  -4.5240E+00
   2003.50   1.4649E+03  -9.9484E+02   5.7905E+04  -2.8503E+00  -1.9847E+00   2.7976E+01  -2.3324E-01  -1.6241E-01  -4.5786E+00
   2003.58   1.4715E+03  -9.9617E+02   5.7904E+04  -2.8814E+00  -2.0051E+00   2.8273E+01  -2.3579E-01  -1.6408E-01  -4.6272E+00
   2003.67   1.4781E+03  -9.9749E+02   5.7903E+04  -2.9082E+00  -2.0226E+00   2.8528E+01  -2.3798E-01  -1.6551E-01  -4.6689E+00
   2003.75   1.4847E+03  -9.9880E+02   5.7902E+04  -2.9301E+00  -2.0367E+00   2.8734E+01  -2.3977E-01  -1.6666E-01  -4.7027E+00
   2003.83   1.4913E+03  -1.0001E+03   5.7901E+04  -2.9465E+00  -2.0469E+00   2.8887E+01  -2.4112E-01  -1.6750E-01  -4.7277E+00
   2003.92   1.4979E+03  -1.0014E+03   5.7900E+04  -2.9569E+00  -2.0530E+00   2.8981E+01  -2.4197E-01  -1.6800E-01  -4.7430E+00
   2004.00   1.5045E+03  -1.0027E+03   5.7899E+04  -2.9607E+00  -2.0545E+00   2.9010E+01  -2.4228E-01  -1.6812E-01  -4.7477E+00
   2004.08   1.5110E+03  -1.0040E+03   5.7898E+04  -2.9575E+00  -2.0511E+00   2.8970E+01  -2.4201E-01  -1.6785E-01  -4.7413E+00
   2004.17   1.5176E+03  -1.0053E+03   5.7896E+04  -2.9476E+00  -2.0431E+00   2.8865E+01  -2.4120E-01  -1.6719E-01  -4.7241E+00
   2004.25   1.5241E+03  -1.0065E+03   5.7895E+04  -2.9314E+00  -2.0308E+00   2.8699E+01  -2.3988E-01  -1.6618E-01  -4.6969E+00
   2004.33   1.5306E+03  -1.0078E+03   5.7894E+04  -2.9095E+00  -2.0144E+00   2.8476E+01  -2.3809E-01  -1.6484E-01  -4.6604E+00
   2004.42   1.5372E+03  -1.0091E+03   5.7893E+04  -2.8823E+00  -1.9943E+00   2.8201E+01  -2.3586E-01  -1.6320E-01  -4.6154E+00
   2004.50   1.5437E+03  -1.0103E+03   5.7891E+04  -2.8502E+00  -1.9709E+00   2.7878E+01  -2.3323E-01  -1.6128E-01  -4.5626E+00
   2004.58   1.5501E+03  -1.0116E+03   5.7890E+04  -2.8137E+00  -1.9443E+00   2.7512E+01  -2.3024E-01  -1.5911E-01  -4.5027E+00
   2004.67   1.5566E+03  -1.0128E+03   5.7889E+04  -2.7732E+00  -1.9151E+00   2.7108E+01  -2.2693E-01  -1.5671E-01  -4.4365E+00
   2004.75   1.5631E+03  -1.0140E+03   5.7887E+04  -2.7293E+00  -1.8834E+00   2.6670E+01  -2.2334E-01  -1.5412E-01  -4.3648E+00
   2004.83   1.5695E+03  -1.0153E+03   5.7886E+04  -2.6824E+00  -1.8496E+00   2.6202E+01  -2.1950E-01  -1.5135E-01  -4.2882E+00
   2004.92   1.5760E+03  -1.0165E+03   5.7884E+04  -2.6329E+00  -1.8140E+00   2.5708E+01  -2.1545E-01  -1.4844E-01  -4.2075E+00
   2005.00   1.5824E+03  -1.0177E+03   5.7883E+04  -2.5813E+00  -1.7770E+00   2.5195E+01  -2.1123E-01  -1.4541E-01  -4.1234E+00
   2005.08   1.5888E+03  -1.0189E+03   5.7881E+04  -2.5281E+00  -1.7388E+00   2.4665E+01  -2.0688E-01  -1.4229E-01  -4.0367E+00
   2005.17   1.5953E+03  -1.0202E+03   5.7880E+04  -2.4737E+00  -1.6998E+00   2.4124E+01  -2.0243E-01  -1.3909E-01  -3.9481E+00
   2005.25   1.6017E+03  -1.0214E+03   5.7878E+04  -2.4186E+00  -1.6602E+00   2.3575E+01  -1.9792E-01  -1.3586E-01  -3.8583E+00
   2005.33   1.6081E+03  -1.0226E+03   5.7877E+04  -2.3633E+00  -1.6205E+00   2.3024E+01  -1.9339E-01  -1.3261E-01  -3.7682E+00
   2005.42   1.6145E+03  -1.0238E+03   5.7875E+04  -2.3081E+00  -1.5809E+00   2.2475E+01  -1.8887E-01  -1.2937E-01  -3.6783E+00
   2005.50   1.6209E+03  -1.0250E+03   5.7873E+04  -2.2537E+00  -1.5418E+00   2.1933E+01  -1.8442E-01  -1.2616E-01  -3.5895E+00
   2005.58   1.6272E+03  -1.0262E+03   5.7872E+04  -2.2003E+00  -1.5034E+00   2.1401E+01  -1.8005E-01  -1.2302E-01  -3.5025E+00
   2005.67   1.6336E+03  -1.0274E+03   5.7870E+04  -2.1485E+00  -1.4661E+00   2.0885E+01  -1.7582E-01  -1.1997E-01  -3.4181E+00
   2005.75   1.6400E+03  -1.0285E+03   5.7868E+04  -2.0988E+00  -1.4302E+00   2.0389E+01  -1.7175E-01  -1.1703E-01  -3.3369E+00
   2005.83   1.6463E+03  -1.0297E+03   5.7867E+04  -2.0516E+00  -1.3960E+00   1.9918E+01  -1.6789E-01  -1.1424E-01  -3.2597E+00
   2005.92   1.6527E+03  -1.0309E+03   5.7865E+04  -2.0074E+00  -1.3639E+00   1.9475E+01  -1.6427E-01  -1.1161E-01  -3.1873E+00
   2006.00   1.6590E+03  -1.0321E+03   5.7863E+04  -1.9666E+00  -1.3341E+00   1.9066E+01  -1.6093E-01  -1.0917E-01  -3.1204E+00
   2006.08   1.6654E+03  -1.0333E+03   5.7861E+04  -1.9296E+00  -1.3069E+00   1.8694E+01  -1.5790E-01  -1.0695E-01  -3.0595E+00
   2006.17   1.6717E+03  -1.0345E+03   5.7859E+04  -1.8961E+00  -1.2823E+00   1.8357E+01  -1.5516E-01  -1.0493E-01  -3.0043E+00
   2006.25   1.6781E+03  -1.0357E+03   5.7857E+04  -1.8661E+00  -1.2599E+00   1.8053E+01  -1.5270E-01  -1.0310E-01  -2.9546E+00
   2006.33   1.6844E+03  -1.0368E+03   5.7855E+04  -1.8390E+00  -1.2396E+00   1.7779E+01  -1.5049E-01  -1.0144E-01  -2.9097E+00
   2006.42   1.6907E+03  -1.0380E+03   5.7854E+04  -1.8148E+00  -1.2213E+00   1.7532E+01  -1.4851E-01  -9.9942E-02  -2.8693E+00
   2006.50   1.6971E+03  -1.0392E+03   5.7852E+04  -1.7931E+00  -1.2048E+00   1.7310E+01  -1.4673E-01  -9.8588E-02  -2.8330E+00
   2006.58   1.7034E+03  -1.0404E+03   5.7850E+04  -1.7736E+00  -1.1898E+00   1.7110E+01  -1.4513E-01  -9.7362E-02  -2.8002E+00
   2006.67   1.7097E+03  -1.0415E+03   5.7848E+04  -1.7560E+00  -1.1762E+00   1.6929E+01  -1.4370E-01  -9.6249E-02  -2.7706E+00
   2006.75   1.7161E+03  -1.0427E+03   5.7846E+04  -1.7401E+00  -1.1638E+00   1.6765E+01  -1.4240E-01  -9.5235E-02  -2.7438E+00
   2006.83   1.7224E+03  -1.0439E+03   5.7843E+04  -1.7257E+00  -1.1524E+00   1.6615E+01  -1.4121E-01  -9.4303E-02  -2.7192E+00
   2006.92   1.7287E+03  -1.0451E+03   5.7841E+04  -1.7123E+00  -1.1419E+00   1.6476E+01  -1.4012E-01  -9.3439E-02  -2.6965E+00
   2007.00   1.7350E+03  -1.0463E+03   5.7839E+04  -1.6998E+00  -1.1320E+00   1.6346E+01  -1.3909E-01  -9.2628E-02  -2.6752E+00
   2007.08   1.7414E+03  -1.0475E+03   5.7837E+04  -1.6878E+00  -1.1225E+00   1.6222E+01  -1.3812E-01  -9.1855E-02  -2.6549E+00
   2007.17   1.7477E+03  -1.0486E+03   5.7835E+04  -1.6762E+00  -1.1133E+00   1.6101E+01  -1.3716E-01  -9.1104E-02  -2.6351E+00
   2007.25   1.7540E+03  -1.0498E+03   5.7833E+04  -1.6645E+00  -1.1042E+00   1.5981E+01  -1.3621E-01  -9.0360E-02  -2.6154E+00
   2007.33   1.7604E+03  -1.0510E+03   5.7831E+04  -1.6526E+00  -1.0951E+00   1.5858E+01  -1.3524E-01  -8.9608E-02  -2.5954E+00
   2007.42   1.7667E+03  -1.0522E+03   5.7829E+04  -1.6402E+00  -1.0856E+00   1.5731E+01  -1.3422E-01  -8.8834E-02  -2.5746E+00
   2007.50   1.7730E+03  -1.0534E+03   5.7826E+04  -1.6269E+00  -1.0757E+00   1.5597E+01  -1.3313E-01  -8.8021E-02  -2.5526E+00
   2007.58   1.7794E+03  -1.0546E+03   5.7824E+04  -1.6125E+00  -1.0651E+00   1.5453E+01  -1.3195E-01  -8.7155E-02  -2.5290E+00
   2007.67   1.7857E+03  -1.0558E+03   5.7822E+04  -1.5968E+00  -1.0536E+00   1.5295E+01  -1.3067E-01  -8.6220E-02  -2.5033E+00
   2007.75   1.7921E+03  -1.0570E+03   5.7820E+04  -1.5794E+00  -1.0412E+00   1.5123E+01  -1.2924E-01  -8.5202E-02  -2.4750E+00
   2007.83   1.7984E+03  -1.0582E+03   5.7817E+04  -1.5601E+00  -1.0276E+00   1.4932E+01  -1.2766E-01  -8.4086E-02  -2.4438E+00
   2007.92   1.8048E+03  -1.0595E+03   5.7815E+04  -1.5386E+00  -1.0125E+00   1.4721E+01  -1.2590E-01  -8.2855E-02  -2.4092E+00
   2008.00   1.8112E+03  -1.0607E+03   5.7813E+04  -1.5146E+00  -9.9590E-01   1.4486E+01  -1.2394E-01  -8.1495E-02  -2.3708E+00
   2008.08   1.8176E+03  -1.0619E+03   5.7810E+04  -1.4880E+00  -9.7760E-01   1.4226E+01  -1.2176E-01  -7.9997E-02  -2.3283E+00
   2008.17   1.8239E+03  -1.0631E+03   5.7808E+04  -1.4589E+00  -9.5777E-01   1.3944E+01  -1.1939E-01  -7.8375E-02  -2.2821E+00
   2008.25   1.8303E+03  -1.0644E+03   5.7806E+04  -1.4279E+00  -9.3668E-01   1.3643E+01  -1.1685E-01  -7.6649E-02  -2.2328E+00
   2008.33   1.8367E+03  -1.0656E+03   5.7803E+04  -1.3953E+00  -9.1455E-01   1.3326E+01  -1.1418E-01  -7.4838E-02  -2.1810E+00
   2008.42   1.8431E+03  -1.0668E+03   5.7801E+04  -1.3615E+00  -8.9164E-01   1.2998E+01  -1.1142E-01  -7.2963E-02  -2.1273E+00
   2008.50   1.8496E+03  -1.0681E+03   5.7798E+04  -1.3269E+00  -8.6818E-01   1.2663E+01  -1.0858E-01  -7.1044E-02  -2.0724E+00
   2008.58   1.8560E+03  -1.0693E+03   5.7796E+04  -1.2919E+00  -8.4443E-01   1.2322E+01  -1.0571E-01  -6.9100E-02  -2.0167E+00
   2008.67   1.8624E+03  -1.0705E+03   5.7794E+04  -1.2567E+00  -8.2063E-01   1.1982E+01  -1.0284E-01  -6.7152E-02  -1.9609E+00
   2008.75   1.8689E+03  -1.0717E+03   5.7791E+04  -1.2220E+00  -7.9702E-01   1.1644E+01  -9.9994E-02  -6.5220E-02  -1.9056E+00
   2008.83   1.8754E+03  -1.0729E+03   5.7789E+04  -1.1879E+00  -7.7384E-01   1.1312E+01  -9.7208E-02  -6.3323E-02  -1.8514E+00
   2008.92   1.8819E+03  -1.0741E+03   5.7786E+04  -1.1550E+00  -7.5134E-01   1.0991E+01  -9.4512E-02  -6.1482E-02  -1.7988E+00
   2009.00   1.8884E+03  -1.0753E+03   5.7783E+04  -1.1235E+00  -7.2976E-01   1.0683E+01  -9.1940E-02  -5.9717E-02  -1.7485E+00
   2009.08   1.8949E+03  -1.0765E+03   5.7781E+04  -1.0940E+00  -7.0935E-01   1.0394E+01  -8.9521E-02  -5.8047E-02  -1.7010E+00
   2009.17   1.9014E+03  -1.0776E+03   5.7778E+04  -1.0667E+00  -6.9035E-01   1.0125E+01  -8.7288E-02  -5.6492E-02  -1.6570E+00
   2009.25   1.9080E+03  -1.0788E+03   5.7776E+04  -1.0421E+00  -6.7301E-01   9.8803E+00  -8.5273E-02  -5.5073E-02  -1.6170E+00
   2009.33   1.9145E+03  -1.0799E+03   5.7773E+04  -1.0205E+00  -6.5757E-01   9.6644E+00  -8.3508E-02  -5.3809E-02  -1.5817E+00
   2009.42   1.9211E+03  -1.0810E+03   5.7770E+04  -1.0023E+00  -6.4427E-01   9.4804E+00  -8.2023E-02  -5.2721E-02  -1.5516E+00
   2009.50   1.9277E+03  -1.0821E+03   5.7768E+04  -9.8802E-01  -6.3335E-01   9.3320E+00  -8.0850E-02  -5.1828E-02  -1.5273E+00
   2009.58   1.9343E+03  -1.0832E+03   5.7765E+04  -9.7790E-01  -6.2507E-01   9.2228E+00  -8.0022E-02  -5.1150E-02  -1.5094E+00
   2009.67   1.9410E+03  -1.0842E+03   5.7762E+04  -9.7237E-01  -6.1966E-01   9.1564E+00  -7.9570E-02  -5.0707E-02  -1.4985E+00
   2009.75   1.9476E+03  -1.0853E+03   5.7759E+04  -9.7183E-01  -6.1738E-01   9.1364E+00  -7.9525E-02  -5.0520E-02  -1.4953E+00
   2009.83   1.9543E+03  -1.0863E+03   5.7756E+04  -9.7665E-01  -6.1845E-01   9.1665E+00  -7.9919E-02  -5.0608E-02  -1.5002E+00
   2009.92   1.9610E+03  -1.0872E+03   5.7754E+04  -9.8722E-01  -6.2314E-01   9.2503E+00  -8.0785E-02  -5.0992E-02  -1.5139E+00
   2010.00   1.9678E+03  -1.0882E+03   5.7751E+04  -1.0039E+00  -6.3167E-01   9.3915E+00  -8.2153E-02  -5.1690E-02  -1.5370E+00
   2010.08   1.9745E+03  -1.0891E+03   5.7748E+04  -1.0270E+00  -6.4421E-01   9.5921E+00  -8.4042E-02  -5.2716E-02  -1.5699E+00
   2010.17   1.9813E+03  -1.0900E+03   5.7745E+04  -1.0561E+00  -6.6050E-01   9.8487E+00  -8.6421E-02  -5.4049E-02  -1.6118E+00
   2010.25   1.9881E+03  -1.0908E+03   5.7742E+04  -1.0906E+00  -6.8021E-01   1.0156E+01  -8.9245E-02  -5.5662E-02  -1.6622E+00
   2010.33   1.9949E+03  -1.0917E+03   5.7739E+04  -1.1300E+00  -7.0301E-01   1.0509E+01  -9.2470E-02  -5.7527E-02  -1.7200E+00
   2010.42   2.0018E+03  -1.0925E+03   5.7736E+04  -1.1738E+00  -7.2855E-01   1.0903E+01  -9.6052E-02  -5.9617E-02  -1.7845E+00
   2010.50   2.0086E+03  -1.0932E+03   5.7733E+04  -1.2214E+00  -7.5649E-01   1.1333E+01  -9.9946E-02  -6.1904E-02  -1.8548E+00
   2010.58   2.0155E+03  -1.0940E+03   5.7729E+04  -1.2722E+00  -7.8651E-01   1.1794E+01  -1.0411E-01  -6.4360E-02  -1.9301E+00
   2010.67   2.0224E+03  -1.0947E+03   5.7726E+04  -1.3258E+00  -8.1826E-01   1.2280E+01  -1.0849E-01  -6.6958E-02  -2.0097E+00
   2010.75   2.0293E+03  -1.0955E+03   5.7723E+04  -1.3816E+00  -8.5140E-01   1.2786E+01  -1.1306E-01  -6.9670E-02  -2.0926E+00
   2010.83   2.0363E+03  -1.0962E+03   5.7720E+04  -1.4390E+00  -8.8559E-01   1.3309E+01  -1.1775E-01  -7.2468E-02  -2.1781E+00
   2010.92   2.0432E+03  -1.0968E+03   5.7716E+04  -1.4975E+00  -9.2051E-01   1.3841E+01  -1.2254E-01  -7.5326E-02  -2.2653E+00
   2011.00   2.0502E+03  -1.0975E+03   5.7713E+04  -1.5566E+00  -9.5581E-01   1.4379E+01  -1.2737E-01  -7.8214E-02  -2.3534E+00
   2011.08   2.0572E+03  -1.0981E+03   5.7710E+04  -1.6156E+00  -9.9114E-01   1.4918E+01  -1.3221E-01  -8.1106E-02  -2.4415E+00
   2011.17   2.0642E+03  -1.0988E+03   5.7706E+04  -1.6742E+00  -1.0262E+00   1.5452E+01  -1.3700E-01  -8.3973E-02  -2.5289E+00
   2011.25   2.0712E+03  -1.0994E+03   5.7703E+04  -1.7317E+00  -1.0606E+00   1.5976E+01  -1.4170E-01  -8.6789E-02  -2.6147E+00
   2011.33   2.0782E+03  -1.1000E+03   5.7699E+04  -1.7875E+00  -1.0940E+00   1.6486E+01  -1.4628E-01  -8.9526E-02  -2.6981E+00
   2011.42   2.0852E+03  -1.1006E+03   5.7696E+04  -1.8413E+00  -1.1262E+00   1.6976E+01  -1.5067E-01  -9.2155E-02  -2.7783E+00
   2011.50   2.0922E+03  -1.1011E+03   5.7692E+04  -1.8923E+00  -1.1567E+00   1.7441E+01  -1.5484E-01  -9.4650E-02  -2.8544E+00
   2011.58   2.0993E+03  -1.1017E+03   5.7689E+04  -1.9400E+00  -1.1852E+00   1.7876E+01  -1.5875E-01  -9.6982E-02  -2.9256E+00
   2011.67   2.1063E+03  -1.1023E+03   5.7685E+04  -1.9840E+00  -1.2113E+00   1.8277E+01  -1.6235E-01  -9.9125E-02  -2.9911E+00
   2011.75   2.1134E+03  -1.1028E+03   5.7681E+04  -2.0237E+00  -1.2349E+00   1.8637E+01  -1.6560E-01  -1.0105E-01  -3.0501E+00
   2011.83   2.1204E+03  -1.1033E+03   5.7678E+04  -2.0584E+00  -1.2554E+00   1.8952E+01  -1.6844E-01  -1.0273E-01  -3.1018E+00
   2011.92   2.1275E+03  -1.1039E+03   5.7674E+04  -2.0878E+00  -1.2726E+00   1.9218E+01  -1.7085E-01  -1.0414E-01  -3.1452E+00
   2012.00   2.1345E+03  -1.1044E+03   5.7670E+04  -2.1112E+00  -1.2861E+00   1.9428E+01  -1.7276E-01  -1.0524E-01  -3.1796E+00
