   1960.00   1.4774E+04  -7.9091E+03   5.0847E+04  -1.5759E+01   1.7493E+00   2.5807E+01  -1.2896E+00   1.4314E-01  -4.2237E+00
   1960.08   1.4780E+04  -7.9093E+03   5.0847E+04  -1.5661E+01   1.7385E+00   2.5647E+01  -1.2815E+00   1.4227E-01  -4.1974E+00
   1960.17   1.4786E+04  -7.9094E+03   5.0847E+04  -1.5525E+01   1.7236E+00   2.5424E+01  -1.2704E+00   1.4104E-01  -4.1609E+00
   1960.25   1.4792E+04  -7.9096E+03   5.0846E+04  -1.5353E+01   1.7047E+00   2.5143E+01  -1.2563E+00   1.3949E-01  -4.1149E+00
   1960.33   1.4798E+04  -7.9097E+03   5.0846E+04  -1.5149E+01   1.6821E+00   2.4808E+01  -1.2396E+00   1.3765E-01  -4.0601E+00
   1960.42   1.4804E+04  -7.9099E+03   5.0846E+04  -1.4915E+01   1.6563E+00   2.4425E+01  -1.2205E+00   1.3554E-01  -3.9974E+00
   1960.50   1.4810E+04  -7.9100E+03   5.0846E+04  -1.4654E+01   1.6275E+00   2.3998E+01  -1.1992E+00   1.3318E-01  -3.9276E+00
   1960.58   1.4816E+04  -7.9102E+03   5.0845E+04  -1.4370E+01   1.5961E+00   2.3532E+01  -1.1759E+00   1.3061E-01  -3.8513E+00
   1960.67   1.4822E+04  -7.9103E+03   5.0845E+04  -1.4064E+01   1.5623E+00   2.3032E+01  -1.1509E+00   1.2784E-01  -3.7694E+00
   1960.75   1.4828E+04  -7.9105E+03   5.0845E+04  -1.3741E+01   1.5265E+00   2.2502E+01  -1.1244E+00   1.2492E-01  -3.6827E+00
   1960.83   1.4835E+04  -7.9106E+03   5.0845E+04  -1.3402E+01   1.4891E+00   2.1947E+01  -1.0967E+00   1.2185E-01  -3.5919E+00
   1960.92   1.4841E+04  -7.9108E+03   5.0844E+04  -1.3050E+01   1.4502E+00   2.1372E+01  -1.0679E+00   1.1867E-01  -3.4977E+00
   1961.00   1.4847E+04  -7.9109E+03   5.0844E+04  -1.2690E+01   1.4103E+00   2.0781E+01  -1.0384E+00   1.1541E-01  -3.4010E+00
   1961.08   1.4854E+04  -7.9111E+03   5.0843E+04  -1.2322E+01   1.3697E+00   2.0179E+01  -1.0083E+00   1.1208E-01  -3.3026E+00
   1961.17   1.4860E+04  -7.9112E+03   5.0843E+04  -1.1951E+01   1.3287E+00   1.9572E+01  -9.7797E-01   1.0873E-01  -3.2031E+00
   1961.25   1.4867E+04  -7.9114E+03   5.0843E+04  -1.1579E+01   1.2876E+00   1.8962E+01  -9.4753E-01   1.0536E-01  -3.1034E+00
   1961.33   1.4873E+04  -7.9116E+03   5.0842E+04  -1.1209E+01   1.2467E+00   1.8357E+01  -9.1727E-01   1.0202E-01  -3.0043E+00
   1961.42   1.4880E+04  -7.9117E+03   5.0842E+04  -1.0844E+01   1.2064E+00   1.7759E+01  -8.8740E-01   9.8716E-02  -2.9064E+00
   1961.50   1.4886E+04  -7.9119E+03   5.0841E+04  -1.0487E+01   1.1669E+00   1.7174E+01  -8.5817E-01   9.5487E-02  -2.8107E+00
   1961.58   1.4893E+04  -7.9121E+03   5.0840E+04  -1.0141E+01   1.1286E+00   1.6607E+01  -8.2982E-01   9.2356E-02  -2.7178E+00
   1961.67   1.4899E+04  -7.9123E+03   5.0840E+04  -9.8079E+00   1.0919E+00   1.6061E+01  -8.0258E-01   8.9348E-02  -2.6286E+00
   1961.75   1.4906E+04  -7.9125E+03   5.0839E+04  -9.4914E+00   1.0570E+00   1.5543E+01  -7.7669E-01   8.6491E-02  -2.5438E+00
   1961.83   1.4913E+04  -7.9127E+03   5.0838E+04  -9.1943E+00   1.0242E+00   1.5056E+01  -7.5237E-01   8.3810E-02  -2.4641E+00
   1961.92   1.4919E+04  -7.9129E+03   5.0837E+04  -8.9194E+00   9.9389E-01   1.4606E+01  -7.2988E-01   8.1331E-02  -2.3904E+00
   1962.00   1.4926E+04  -7.9131E+03   5.0837E+04  -8.6696E+00   9.6640E-01   1.4197E+01  -7.0943E-01   7.9081E-02  -2.3235E+00
   1962.08   1.4933E+04  -7.9134E+03   5.0836E+04  -8.4470E+00   9.4193E-01   1.3832E+01  -6.9122E-01   7.7078E-02  -2.2638E+00
   1962.17   1.4940E+04  -7.9136E+03   5.0835E+04  -8.2506E+00   9.2038E-01   1.3510E+01  -6.7515E-01   7.5315E-02  -2.2111E+00
   1962.25   1.4947E+04  -7.9139E+03   5.0834E+04  -8.0787E+00   9.0155E-01   1.3229E+01  -6.6108E-01   7.3775E-02  -2.1650E+00
   1962.33   1.4954E+04  -7.9142E+03   5.0832E+04  -7.9296E+00   8.8526E-01   1.2984E+01  -6.4888E-01   7.2441E-02  -2.1250E+00
   1962.42   1.4960E+04  -7.9144E+03   5.0831E+04  -7.8014E+00   8.7130E-01   1.2774E+01  -6.3839E-01   7.1299E-02  -2.0907E+00
   1962.50   1.4967E+04  -7.9147E+03   5.0830E+04  -7.6926E+00   8.5948E-01   1.2596E+01  -6.2949E-01   7.0332E-02  -2.0615E+00
   1962.58   1.4974E+04  -7.9150E+03   5.0829E+04  -7.6012E+00   8.4961E-01   1.2446E+01  -6.2201E-01   6.9524E-02  -2.0369E+00
   1962.67   1.4981E+04  -7.9154E+03   5.0827E+04  -7.5256E+00   8.4148E-01   1.2322E+01  -6.1582E-01   6.8859E-02  -2.0167E+00
   1962.75   1.4988E+04  -7.9157E+03   5.0826E+04  -7.4640E+00   8.3492E-01   1.2221E+01  -6.1079E-01   6.8322E-02  -2.0001E+00
   1962.83   1.4995E+04  -7.9160E+03   5.0825E+04  -7.4148E+00   8.2971E-01   1.2140E+01  -6.0675E-01   6.7895E-02  -1.9869E+00
   1962.92   1.5002E+04  -7.9163E+03   5.0823E+04  -7.3760E+00   8.2567E-01   1.2077E+01  -6.0358E-01   6.7565E-02  -1.9765E+00
   1963.00   1.5009E+04  -7.9167E+03   5.0822E+04  -7.3461E+00   8.2259E-01   1.2027E+01  -6.0113E-01   6.7313E-02  -1.9684E+00
   1963.08   1.5016E+04  -7.9170E+03   5.0821E+04  -7.3232E+00   8.2030E-01   1.1990E+01  -5.9926E-01   6.7125E-02  -1.9622E+00
   1963.17   1.5024E+04  -7.9174E+03   5.0819E+04  -7.3056E+00   8.1858E-01   1.1961E+01  -5.9782E-01   6.6985E-02  -1.9575E+00
   1963.25   1.5031E+04  -7.9178E+03   5.0818E+04  -7.2915E+00   8.1725E-01   1.1937E+01  -5.9667E-01   6.6876E-02  -1.9537E+00
   1963.33   1.5038E+04  -7.9182E+03   5.0816E+04  -7.2793E+00   8.1611E-01   1.1917E+01  -5.9567E-01   6.6783E-02  -1.9504E+00
   1963.42   1.5045E+04  -7.9185E+03   5.0815E+04  -7.2672E+00   8.1497E-01   1.1897E+01  -5.9468E-01   6.6689E-02  -1.9471E+00
   1963.50   1.5052E+04  -7.9189E+03   5.0813E+04  -7.2534E+00   8.1362E-01   1.1874E+01  -5.9355E-01   6.6579E-02  -1.9434E+00
   1963.58   1.5059E+04  -7.9193E+03   5.0812E+04  -7.2362E+00   8.1189E-01   1.1846E+01  -5.9214E-01   6.6437E-02  -1.9387E+00
   1963.67   1.5066E+04  -7.9197E+03   5.0811E+04  -7.2138E+00   8.0956E-01   1.1809E+01  -5.9031E-01   6.6247E-02  -1.9327E+00
   1963.75   1.5073E+04  -7.9202E+03   5.0809E+04  -7.1846E+00   8.0645E-01   1.1761E+01  -5.8792E-01   6.5992E-02  -1.9248E+00
   1963.83   1.5081E+04  -7.9206E+03   5.0808E+04  -7.1467E+00   8.0236E-01   1.1699E+01  -5.8481E-01   6.5658E-02  -1.9146E+00
   1963.92   1.5088E+04  -7.9210E+03   5.0807E+04  -7.0984E+00   7.9710E-01   1.1619E+01  -5.8086E-01   6.5227E-02  -1.9017E+00
   1964.00   1.5095E+04  -7.9214E+03   5.0805E+04  -7.0379E+00   7.9047E-01   1.1520E+01  -5.7592E-01   6.4684E-02  -1.8854E+00
   1964.08   1.5102E+04  -7.9219E+03   5.0804E+04  -6.9643E+00   7.8235E-01   1.1400E+01  -5.6989E-01   6.4020E-02  -1.8657E+00
   1964.17   1.5109E+04  -7.9223E+03   5.0803E+04  -6.8787E+00   7.7288E-01   1.1259E+01  -5.6289E-01   6.3245E-02  -1.8427E+00
   1964.25   1.5116E+04  -7.9228E+03   5.0801E+04  -6.7833E+00   7.6231E-01   1.1103E+01  -5.5508E-01   6.2380E-02  -1.8171E+00
   1964.33   1.5124E+04  -7.9232E+03   5.0800E+04  -6.6800E+00   7.5085E-01   1.0934E+01  -5.4663E-01   6.1442E-02  -1.7894E+00
   1964.42   1.5131E+04  -7.9237E+03   5.0799E+04  -6.5708E+00   7.3873E-01   1.0755E+01  -5.3769E-01   6.0451E-02  -1.7601E+00
   1964.50   1.5138E+04  -7.9241E+03   5.0798E+04  -6.4578E+00   7.2618E-01   1.0569E+01  -5.2844E-01   5.9424E-02  -1.7298E+00
   1964.58   1.5145E+04  -7.9246E+03   5.0797E+04  -6.3429E+00   7.1342E-01   1.0381E+01  -5.1904E-01   5.8380E-02  -1.6990E+00
   1964.67   1.5152E+04  -7.9250E+03   5.0796E+04  -6.2281E+00   7.0068E-01   1.0193E+01  -5.0965E-01   5.7337E-02  -1.6682E+00
   1964.75   1.5160E+04  -7.9255E+03   5.0795E+04  -6.1154E+00   6.8819E-01   1.0008E+01  -5.0043E-01   5.6315E-02  -1.6379E+00
   1964.83   1.5167E+04  -7.9259E+03   5.0793E+04  -6.0069E+00   6.7617E-01   9.8300E+00  -4.9155E-01   5.5331E-02  -1.6088E+00
   1964.92   1.5174E+04  -7.9264E+03   5.0792E+04  -5.9045E+00   6.6484E-01   9.6620E+00  -4.8317E-01   5.4404E-02  -1.5813E+00
   1965.00   1.5181E+04  -7.9269E+03   5.0791E+04  -5.8102E+00   6.5444E-01   9.5073E+00  -4.7545E-01   5.3553E-02  -1.5560E+00
   1965.08   1.5188E+04  -7.9273E+03   5.0790E+04  -5.7261E+00   6.4519E-01   9.3690E+00  -4.6857E-01   5.2796E-02  -1.5333E+00
   1965.17   1.5195E+04  -7.9278E+03   5.0790E+04  -5.6541E+00   6.3732E-01   9.2506E+00  -4.6267E-01   5.2152E-02  -1.5140E+00
   1965.25   1.5203E+04  -7.9282E+03   5.0789E+04  -5.5962E+00   6.3104E-01   9.1553E+00  -4.5794E-01   5.1638E-02  -1.4984E+00
   1965.33   1.5210E+04  -7.9287E+03   5.0788E+04  -5.5544E+00   6.2660E-01   9.0863E+00  -4.5452E-01   5.1275E-02  -1.4871E+00
   1965.42   1.5217E+04  -7.9291E+03   5.0787E+04  -5.5308E+00   6.2420E-01   9.0469E+00  -4.5258E-01   5.1079E-02  -1.4806E+00
   1965.50   1.5224E+04  -7.9296E+03   5.0786E+04  -5.5273E+00   6.2409E-01   9.0404E+00  -4.5230E-01   5.1070E-02  -1.4796E+00
   1965.58   1.5231E+04  -7.9300E+03   5.0785E+04  -5.5459E+00   6.2649E-01   9.0700E+00  -4.5382E-01   5.1266E-02  -1.4844E+00
   1965.67   1.5238E+04  -7.9305E+03   5.0784E+04  -5.5886E+00   6.3162E-01   9.1391E+00  -4.5732E-01   5.1685E-02  -1.4957E+00
   1965.75   1.5246E+04  -7.9309E+03   5.0784E+04  -5.6575E+00   6.3970E-01   9.2509E+00  -4.6296E-01   5.2347E-02  -1.5140E+00
   1965.83   1.5253E+04  -7.9313E+03   5.0783E+04  -5.7545E+00   6.5097E-01   9.4086E+00  -4.7090E-01   5.3269E-02  -1.5398E+00
   1965.92   1.5260E+04  -7.9318E+03   5.0782E+04  -5.8817E+00   6.6566E-01   9.6156E+00  -4.8130E-01   5.4471E-02  -1.5737E+00
   1966.00   1.5267E+04  -7.9322E+03   5.0781E+04  -6.0409E+00   6.8397E-01   9.8751E+00  -4.9433E-01   5.5970E-02  -1.6162E+00
   1966.08   1.5274E+04  -7.9326E+03   5.0781E+04  -6.2335E+00   7.0606E-01   1.0189E+01  -5.1009E-01   5.7778E-02  -1.6675E+00
   1966.17   1.5281E+04  -7.9330E+03   5.0780E+04  -6.4574E+00   7.3169E-01   1.0554E+01  -5.2841E-01   5.9875E-02  -1.7273E+00
   1966.25   1.5288E+04  -7.9334E+03   5.0779E+04  -6.7097E+00   7.6054E-01   1.0966E+01  -5.4906E-01   6.2235E-02  -1.7946E+00
   1966.33   1.5296E+04  -7.9338E+03   5.0779E+04  -6.9875E+00   7.9228E-01   1.1419E+01  -5.7179E-01   6.4832E-02  -1.8688E+00
   1966.42   1.5303E+04  -7.9342E+03   5.0778E+04  -7.2880E+00   8.2658E-01   1.1909E+01  -5.9638E-01   6.7639E-02  -1.9491E+00
   1966.50   1.5310E+04  -7.9345E+03   5.0777E+04  -7.6084E+00   8.6313E-01   1.2432E+01  -6.2260E-01   7.0630E-02  -2.0346E+00
   1966.58   1.5317E+04  -7.9349E+03   5.0777E+04  -7.9458E+00   9.0159E-01   1.2982E+01  -6.5021E-01   7.3778E-02  -2.1247E+00
   1966.67   1.5324E+04  -7.9352E+03   5.0776E+04  -8.2972E+00   9.4166E-01   1.3556E+01  -6.7897E-01   7.7056E-02  -2.2186E+00
   1966.75   1.5331E+04  -7.9355E+03   5.0776E+04  -8.6600E+00   9.8299E-01   1.4148E+01  -7.0865E-01   8.0439E-02  -2.3155E+00
   1966.83   1.5338E+04  -7.9358E+03   5.0775E+04  -9.0311E+00   1.0253E+00   1.4754E+01  -7.3902E-01   8.3899E-02  -2.4146E+00
   1966.92   1.5346E+04  -7.9361E+03   5.0775E+04  -9.4078E+00   1.0682E+00   1.5368E+01  -7.6984E-01   8.7410E-02  -2.5152E+00
   1967.00   1.5353E+04  -7.9364E+03   5.0774E+04  -9.7872E+00   1.1114E+00   1.5988E+01  -8.0089E-01   9.0946E-02  -2.6166E+00
   1967.08   1.5360E+04  -7.9366E+03   5.0774E+04  -1.0166E+01   1.1546E+00   1.6607E+01  -8.3192E-01   9.4479E-02  -2.7178E+00
   1967.17   1.5368E+04  -7.9368E+03   5.0773E+04  -1.0543E+01   1.1974E+00   1.7221E+01  -8.6270E-01   9.7985E-02  -2.8183E+00
   1967.25   1.5375E+04  -7.9371E+03   5.0773E+04  -1.0913E+01   1.2396E+00   1.7825E+01  -8.9300E-01   1.0144E-01  -2.9172E+00
   1967.33   1.5382E+04  -7.9372E+03   5.0773E+04  -1.1274E+01   1.2807E+00   1.8415E+01  -9.2259E-01   1.0480E-01  -3.0138E+00
   1967.42   1.5390E+04  -7.9374E+03   5.0772E+04  -1.1624E+01   1.3206E+00   1.8986E+01  -9.5122E-01   1.0807E-01  -3.1073E+00
   1967.50   1.5397E+04  -7.9375E+03   5.0772E+04  -1.1960E+01   1.3588E+00   1.9533E+01  -9.7868E-01   1.1119E-01  -3.1969E+00
   1967.58   1.5405E+04  -7.9376E+03   5.0772E+04  -1.2278E+01   1.3951E+00   2.0053E+01  -1.0047E+00   1.1416E-01  -3.2818E+00
   1967.67   1.5412E+04  -7.9377E+03   5.0771E+04  -1.2576E+01   1.4290E+00   2.0539E+01  -1.0291E+00   1.1694E-01  -3.3614E+00
   1967.75   1.5420E+04  -7.9378E+03   5.0771E+04  -1.2851E+01   1.4603E+00   2.0987E+01  -1.0516E+00   1.1950E-01  -3.4348E+00
   1967.83   1.5428E+04  -7.9378E+03   5.0771E+04  -1.3100E+01   1.4887E+00   2.1393E+01  -1.0720E+00   1.2182E-01  -3.5013E+00
   1967.92   1.5435E+04  -7.9378E+03   5.0771E+04  -1.3320E+01   1.5139E+00   2.1753E+01  -1.0900E+00   1.2388E-01  -3.5601E+00
   1968.00   1.5443E+04  -7.9378E+03   5.0770E+04  -1.3509E+01   1.5354E+00   2.2060E+01  -1.1054E+00   1.2564E-01  -3.6104E+00
   1968.08   1.5451E+04  -7.9377E+03   5.0770E+04  -1.3664E+01   1.5531E+00   2.2313E+01  -1.1181E+00   1.2709E-01  -3.6517E+00
   1968.17   1.5459E+04  -7.9376E+03   5.0770E+04  -1.3786E+01   1.5671E+00   2.2511E+01  -1.1281E+00   1.2824E-01  -3.6842E+00
   1968.25   1.5467E+04  -7.9375E+03   5.0770E+04  -1.3877E+01   1.5776E+00   2.2659E+01  -1.1355E+00   1.2909E-01  -3.7083E+00
   1968.33   1.5475E+04  -7.9374E+03   5.0770E+04  -1.3937E+01   1.5846E+00   2.2757E+01  -1.1405E+00   1.2967E-01  -3.7245E+00
   1968.42   1.5483E+04  -7.9372E+03   5.0770E+04  -1.3970E+01   1.5885E+00   2.2810E+01  -1.1432E+00   1.2998E-01  -3.7330E+00
   1968.50   1.5491E+04  -7.9370E+03   5.0770E+04  -1.3976E+01   1.5893E+00   2.2818E+01  -1.1437E+00   1.3005E-01  -3.7345E+00
   1968.58   1.5499E+04  -7.9368E+03   5.0770E+04  -1.3957E+01   1.5872E+00   2.2786E+01  -1.1421E+00   1.2988E-01  -3.7292E+00
   1968.67   1.5507E+04  -7.9366E+03   5.0770E+04  -1.3914E+01   1.5825E+00   2.2715E+01  -1.1386E+00   1.2950E-01  -3.7176E+00
   1968.75   1.5516E+04  -7.9363E+03   5.0770E+04  -1.3849E+01   1.5753E+00   2.2608E+01  -1.1332E+00   1.2890E-01  -3.7001E+00
   1968.83   1.5524E+04  -7.9360E+03   5.0770E+04  -1.3763E+01   1.5657E+00   2.2468E+01  -1.1263E+00   1.2812E-01  -3.6771E+00
   1968.92   1.5532E+04  -7.9357E+03   5.0770E+04  -1.3659E+01   1.5540E+00   2.2296E+01  -1.1177E+00   1.2716E-01  -3.6490E+00
   1969.00   1.5541E+04  -7.9354E+03   5.0770E+04  -1.3537E+01   1.5403E+00   2.2096E+01  -1.1077E+00   1.2604E-01  -3.6163E+00
   1969.08   1.5549E+04  -7.9351E+03   5.0770E+04  -1.3399E+01   1.5248E+00   2.1871E+01  -1.0965E+00   1.2478E-01  -3.5794E+00
   1969.17   1.5558E+04  -7.9348E+03   5.0770E+04  -1.3247E+01   1.5077E+00   2.1622E+01  -1.0840E+00   1.2337E-01  -3.5386E+00
   1969.25   1.5566E+04  -7.9344E+03   5.0770E+04  -1.3083E+01   1.4891E+00   2.1352E+01  -1.0706E+00   1.2186E-01  -3.4944E+00
   1969.33   1.5575E+04  -7.9341E+03   5.0770E+04  -1.2907E+01   1.4693E+00   2.1063E+01  -1.0562E+00   1.2023E-01  -3.4473E+00
   1969.42   1.5583E+04  -7.9337E+03   5.0770E+04  -1.2721E+01   1.4483E+00   2.0759E+01  -1.0410E+00   1.1852E-01  -3.3975E+00
   1969.50   1.5592E+04  -7.9334E+03   5.0770E+04  -1.2527E+01   1.4265E+00   2.0442E+01  -1.0251E+00   1.1673E-01  -3.3456E+00
   1969.58   1.5601E+04  -7.9330E+03   5.0770E+04  -1.2327E+01   1.4039E+00   2.0114E+01  -1.0087E+00   1.1488E-01  -3.2919E+00
   1969.67   1.5609E+04  -7.9326E+03   5.0770E+04  -1.2122E+01   1.3807E+00   1.9778E+01  -9.9194E-01   1.1298E-01  -3.2369E+00
   1969.75   1.5618E+04  -7.9323E+03   5.0769E+04  -1.1913E+01   1.3571E+00   1.9437E+01  -9.7487E-01   1.1105E-01  -3.1810E+00
   1969.83   1.5627E+04  -7.9319E+03   5.0769E+04  -1.1703E+01   1.3333E+00   1.9092E+01  -9.5763E-01   1.0911E-01  -3.1246E+00
   1969.92   1.5635E+04  -7.9315E+03   5.0769E+04  -1.1492E+01   1.3095E+00   1.8747E+01  -9.4038E-01   1.0716E-01  -3.0681E+00
   1970.00   1.5644E+04  -7.9312E+03   5.0769E+04  -1.1282E+01   1.2858E+00   1.8403E+01  -9.2322E-01   1.0522E-01  -3.0119E+00
   1970.08   1.5653E+04  -7.9308E+03   5.0769E+04  -1.1075E+01   1.2624E+00   1.8065E+01  -9.0628E-01   1.0330E-01  -2.9565E+00
   1970.17   1.5662E+04  -7.9305E+03   5.0768E+04  -1.0872E+01   1.2394E+00   1.7732E+01  -8.8965E-01   1.0142E-01  -2.9020E+00
   1970.25   1.5670E+04  -7.9301E+03   5.0768E+04  -1.0673E+01   1.2170E+00   1.7407E+01  -8.7341E-01   9.9587E-02  -2.8489E+00
   1970.33   1.5679E+04  -7.9298E+03   5.0767E+04  -1.0481E+01   1.1952E+00   1.7092E+01  -8.5765E-01   9.7805E-02  -2.7973E+00
   1970.42   1.5688E+04  -7.9294E+03   5.0767E+04  -1.0295E+01   1.1742E+00   1.6788E+01  -8.4245E-01   9.6086E-02  -2.7475E+00
   1970.50   1.5696E+04  -7.9291E+03   5.0766E+04  -1.0117E+01   1.1541E+00   1.6497E+01  -8.2790E-01   9.4441E-02  -2.6998E+00
   1970.58   1.5705E+04  -7.9287E+03   5.0766E+04  -9.9483E+00   1.1350E+00   1.6220E+01  -8.1407E-01   9.2878E-02  -2.6545E+00
   1970.67   1.5714E+04  -7.9284E+03   5.0765E+04  -9.7893E+00   1.1170E+00   1.5959E+01  -8.0106E-01   9.1408E-02  -2.6119E+00
   1970.75   1.5723E+04  -7.9280E+03   5.0764E+04  -9.6412E+00   1.1003E+00   1.5717E+01  -7.8894E-01   9.0040E-02  -2.5722E+00
   1970.83   1.5732E+04  -7.9276E+03   5.0764E+04  -9.5050E+00   1.0850E+00   1.5493E+01  -7.7780E-01   8.8783E-02  -2.5356E+00
   1970.92   1.5740E+04  -7.9272E+03   5.0763E+04  -9.3819E+00   1.0711E+00   1.5291E+01  -7.6773E-01   8.7648E-02  -2.5026E+00
   1971.00   1.5749E+04  -7.9268E+03   5.0762E+04  -9.2728E+00   1.0588E+00   1.5112E+01  -7.5880E-01   8.6643E-02  -2.4732E+00
   1971.08   1.5758E+04  -7.9264E+03   5.0761E+04  -9.1787E+00   1.0482E+00   1.4957E+01  -7.5110E-01   8.5778E-02  -2.4479E+00
   1971.17   1.5767E+04  -7.9260E+03   5.0760E+04  -9.1007E+00   1.0395E+00   1.4829E+01  -7.4471E-01   8.5064E-02  -2.4269E+00
   1971.25   1.5775E+04  -7.9256E+03   5.0759E+04  -9.0398E+00   1.0327E+00   1.4728E+01  -7.3973E-01   8.4508E-02  -2.4104E+00
   1971.33   1.5784E+04  -7.9251E+03   5.0757E+04  -8.9969E+00   1.0280E+00   1.4657E+01  -7.3622E-01   8.4122E-02  -2.3987E+00
   1971.42   1.5793E+04  -7.9246E+03   5.0756E+04  -8.9732E+00   1.0255E+00   1.4616E+01  -7.3428E-01   8.3915E-02  -2.3921E+00
   1971.50   1.5801E+04  -7.9241E+03   5.0754E+04  -8.9697E+00   1.0252E+00   1.4609E+01  -7.3399E-01   8.3896E-02  -2.3909E+00
   1971.58   1.5810E+04  -7.9236E+03   5.0753E+04  -8.9873E+00   1.0274E+00   1.4636E+01  -7.3544E-01   8.4074E-02  -2.3953E+00
   1971.67   1.5819E+04  -7.9230E+03   5.0751E+04  -9.0271E+00   1.0321E+00   1.4699E+01  -7.3869E-01   8.4460E-02  -2.4057E+00
   1971.75   1.5827E+04  -7.9224E+03   5.0749E+04  -9.0902E+00   1.0395E+00   1.4800E+01  -7.4385E-01   8.5063E-02  -2.4222E+00
   1971.83   1.5836E+04  -7.9218E+03   5.0747E+04  -9.1775E+00   1.0496E+00   1.4941E+01  -7.5100E-01   8.5893E-02  -2.4452E+00
   1971.92   1.5845E+04  -7.9212E+03   5.0745E+04  -9.2900E+00   1.0627E+00   1.5122E+01  -7.6021E-01   8.6959E-02  -2.4749E+00
   1972.00   1.5853E+04  -7.9205E+03   5.0743E+04  -9.4289E+00   1.0787E+00   1.5347E+01  -7.7157E-01   8.8271E-02  -2.5116E+00
   1972.08   1.5862E+04  -7.9198E+03   5.0741E+04  -9.5944E+00   1.0978E+00   1.5614E+01  -7.8511E-01   8.9832E-02  -2.5554E+00
   1972.17   1.5870E+04  -7.9191E+03   5.0739E+04  -9.7842E+00   1.1196E+00   1.5921E+01  -8.0065E-01   9.1621E-02  -2.6057E+00
   1972.25   1.5879E+04  -7.9183E+03   5.0736E+04  -9.9955E+00   1.1439E+00   1.6264E+01  -8.1793E-01   9.3610E-02  -2.6617E+00
   1972.33   1.5888E+04  -7.9175E+03   5.0733E+04  -1.0225E+01   1.1704E+00   1.6636E+01  -8.3673E-01   9.5771E-02  -2.7226E+00
   1972.42   1.5896E+04  -7.9167E+03   5.0731E+04  -1.0470E+01   1.1985E+00   1.7033E+01  -8.5679E-01   9.8076E-02  -2.7876E+00
   1972.50   1.5905E+04  -7.9158E+03   5.0728E+04  -1.0728E+01   1.2281E+00   1.7451E+01  -8.7788E-01   1.0050E-01  -2.8560E+00
   1972.58   1.5913E+04  -7.9149E+03   5.0725E+04  -1.0995E+01   1.2588E+00   1.7884E+01  -8.9975E-01   1.0301E-01  -2.9269E+00
   1972.67   1.5922E+04  -7.9140E+03   5.0722E+04  -1.1269E+01   1.2903E+00   1.8328E+01  -9.2216E-01   1.0558E-01  -2.9996E+00
   1972.75   1.5930E+04  -7.9130E+03   5.0719E+04  -1.1547E+01   1.3221E+00   1.8778E+01  -9.4487E-01   1.0819E-01  -3.0733E+00
   1972.83   1.5938E+04  -7.9121E+03   5.0715E+04  -1.1825E+01   1.3541E+00   1.9230E+01  -9.6764E-01   1.1081E-01  -3.1471E+00
   1972.92   1.5947E+04  -7.9110E+03   5.0712E+04  -1.2101E+01   1.3858E+00   1.9677E+01  -9.9023E-01   1.1340E-01  -3.2204E+00
   1973.00   1.5955E+04  -7.9100E+03   5.0708E+04  -1.2372E+01   1.4168E+00   2.0116E+01  -1.0124E+00   1.1594E-01  -3.2922E+00
   1973.08   1.5964E+04  -7.9089E+03   5.0705E+04  -1.2634E+01   1.4470E+00   2.0542E+01  -1.0339E+00   1.1841E-01  -3.3620E+00
   1973.17   1.5972E+04  -7.9078E+03   5.0701E+04  -1.2886E+01   1.4758E+00   2.0950E+01  -1.0544E+00   1.2077E-01  -3.4287E+00
   1973.25   1.5981E+04  -7.9067E+03   5.0697E+04  -1.3123E+01   1.5031E+00   2.1335E+01  -1.0739E+00   1.2300E-01  -3.4917E+00
   1973.33   1.5989E+04  -7.9055E+03   5.0693E+04  -1.3344E+01   1.5283E+00   2.1692E+01  -1.0919E+00   1.2506E-01  -3.5502E+00
   1973.42   1.5997E+04  -7.9043E+03   5.0690E+04  -1.3544E+01   1.5513E+00   2.2017E+01  -1.1083E+00   1.2695E-01  -3.6034E+00
   1973.50   1.6006E+04  -7.9031E+03   5.0686E+04  -1.3721E+01   1.5717E+00   2.2305E+01  -1.1228E+00   1.2861E-01  -3.6504E+00
   1973.58   1.6014E+04  -7.9019E+03   5.0681E+04  -1.3873E+01   1.5891E+00   2.2550E+01  -1.1352E+00   1.3003E-01  -3.6906E+00
   1973.67   1.6023E+04  -7.9006E+03   5.0677E+04  -1.3995E+01   1.6032E+00   2.2749E+01  -1.1452E+00   1.3119E-01  -3.7231E+00
   1973.75   1.6031E+04  -7.8993E+03   5.0673E+04  -1.4086E+01   1.6136E+00   2.2896E+01  -1.1527E+00   1.3204E-01  -3.7471E+00
   1973.83   1.6039E+04  -7.8980E+03   5.0669E+04  -1.4142E+01   1.6200E+00   2.2986E+01  -1.1573E+00   1.3257E-01  -3.7619E+00
   1973.92   1.6048E+04  -7.8967E+03   5.0664E+04  -1.4160E+01   1.6222E+00   2.3015E+01  -1.1588E+00   1.3274E-01  -3.7667E+00
   1974.00   1.6056E+04  -7.8953E+03   5.0660E+04  -1.4138E+01   1.6196E+00   2.2978E+01  -1.1569E+00   1.3253E-01  -3.7606E+00
   1974.08   1.6065E+04  -7.8939E+03   5.0655E+04  -1.4073E+01   1.6122E+00   2.2872E+01  -1.1516E+00   1.3193E-01  -3.7432E+00
   1974.17   1.6073E+04  -7.8925E+03   5.0651E+04  -1.3968E+01   1.6002E+00   2.2700E+01  -1.1430E+00   1.3095E-01  -3.7152E+00
   1974.25   1.6082E+04  -7.8911E+03   5.0646E+04  -1.3827E+01   1.5841E+00   2.2470E+01  -1.1315E+00   1.2962E-01  -3.6775E+00
   1974.33   1.6090E+04  -7.8896E+03   5.0641E+04  -1.3653E+01   1.5642E+00   2.2187E+01  -1.1172E+00   1.2800E-01  -3.6312E+00
   1974.42   1.6099E+04  -7.8881E+03   5.0636E+04  -1.3450E+01   1.5410E+00   2.1857E+01  -1.1006E+00   1.2610E-01  -3.5771E+00
   1974.50   1.6107E+04  -7.8866E+03   5.0632E+04  -1.3222E+01   1.5149E+00   2.1486E+01  -1.0820E+00   1.2397E-01  -3.5164E+00
   1974.58   1.6116E+04  -7.8850E+03   5.0627E+04  -1.2973E+01   1.4864E+00   2.1080E+01  -1.0616E+00   1.2163E-01  -3.4500E+00
   1974.67   1.6124E+04  -7.8835E+03   5.0622E+04  -1.2706E+01   1.4558E+00   2.0645E+01  -1.0397E+00   1.1913E-01  -3.3788E+00
   1974.75   1.6132E+04  -7.8819E+03   5.0617E+04  -1.2425E+01   1.4236E+00   2.0187E+01  -1.0167E+00   1.1649E-01  -3.3038E+00
   1974.83   1.6141E+04  -7.8803E+03   5.0611E+04  -1.2133E+01   1.3902E+00   1.9712E+01  -9.9283E-01   1.1376E-01  -3.2261E+00
   1974.92   1.6149E+04  -7.8787E+03   5.0606E+04  -1.1834E+01   1.3561E+00   1.9226E+01  -9.6840E-01   1.1097E-01  -3.1465E+00
   1975.00   1.6158E+04  -7.8770E+03   5.0601E+04  -1.1533E+01   1.3216E+00   1.8735E+01  -9.4373E-01   1.0814E-01  -3.0662E+00
   1975.08   1.6166E+04  -7.8754E+03   5.0596E+04  -1.1232E+01   1.2871E+00   1.8245E+01  -9.1910E-01   1.0533E-01  -2.9860E+00
   1975.17   1.6174E+04  -7.8737E+03   5.0590E+04  -1.0935E+01   1.2532E+00   1.7762E+01  -8.9483E-01   1.0255E-01  -2.9069E+00
   1975.25   1.6182E+04  -7.8719E+03   5.0585E+04  -1.0647E+01   1.2202E+00   1.7292E+01  -8.7122E-01   9.9849E-02  -2.8300E+00
   1975.33   1.6191E+04  -7.8702E+03   5.0579E+04  -1.0370E+01   1.1885E+00   1.6841E+01  -8.4856E-01   9.7258E-02  -2.7562E+00
   1975.42   1.6199E+04  -7.8684E+03   5.0573E+04  -1.0108E+01   1.1586E+00   1.6415E+01  -8.2717E-01   9.4812E-02  -2.6864E+00
   1975.50   1.6207E+04  -7.8667E+03   5.0568E+04  -9.8660E+00   1.1309E+00   1.6019E+01  -8.0734E-01   9.2545E-02  -2.6217E+00
   1975.58   1.6215E+04  -7.8649E+03   5.0562E+04  -9.6464E+00   1.1059E+00   1.5661E+01  -7.8937E-01   9.0492E-02  -2.5631E+00
   1975.67   1.6223E+04  -7.8630E+03   5.0556E+04  -9.4534E+00   1.0838E+00   1.5346E+01  -7.7357E-01   8.8688E-02  -2.5115E+00
   1975.75   1.6231E+04  -7.8612E+03   5.0550E+04  -9.2905E+00   1.0652E+00   1.5079E+01  -7.6024E-01   8.7166E-02  -2.4679E+00
   1975.83   1.6239E+04  -7.8593E+03   5.0544E+04  -9.1614E+00   1.0505E+00   1.4868E+01  -7.4968E-01   8.5963E-02  -2.4333E+00
   1975.92   1.6247E+04  -7.8575E+03   5.0538E+04  -9.0699E+00   1.0401E+00   1.4717E+01  -7.4219E-01   8.5112E-02  -2.4086E+00
   1976.00   1.6255E+04  -7.8556E+03   5.0532E+04  -9.0197E+00   1.0344E+00   1.4634E+01  -7.3808E-01   8.4648E-02  -2.3949E+00
   1976.08   1.6263E+04  -7.8536E+03   5.0525E+04  -9.0131E+00   1.0338E+00   1.4621E+01  -7.3755E-01   8.4594E-02  -2.3929E+00
   1976.17   1.6270E+04  -7.8517E+03   5.0519E+04  -9.0481E+00   1.0379E+00   1.4675E+01  -7.4041E-01   8.4930E-02  -2.4018E+00
   1976.25   1.6278E+04  -7.8497E+03   5.0513E+04  -9.1210E+00   1.0463E+00   1.4792E+01  -7.4637E-01   8.5621E-02  -2.4208E+00
   1976.33   1.6286E+04  -7.8478E+03   5.0506E+04  -9.2283E+00   1.0587E+00   1.4964E+01  -7.5516E-01   8.6636E-02  -2.4490E+00
   1976.42   1.6293E+04  -7.8458E+03   5.0500E+04  -9.3667E+00   1.0747E+00   1.5186E+01  -7.6648E-01   8.7942E-02  -2.4854E+00
   1976.50   1.6301E+04  -7.8438E+03   5.0493E+04  -9.5326E+00   1.0938E+00   1.5453E+01  -7.8005E-01   8.9505E-02  -2.5291E+00
   1976.58   1.6308E+04  -7.8418E+03   5.0486E+04  -9.7225E+00   1.1157E+00   1.5759E+01  -7.9559E-01   9.1294E-02  -2.5791E+00
   1976.67   1.6316E+04  -7.8398E+03   5.0480E+04  -9.9329E+00   1.1399E+00   1.6098E+01  -8.1281E-01   9.3276E-02  -2.6347E+00
   1976.75   1.6323E+04  -7.8378E+03   5.0473E+04  -1.0160E+01   1.1660E+00   1.6466E+01  -8.3143E-01   9.5417E-02  -2.6948E+00
   1976.83   1.6330E+04  -7.8357E+03   5.0466E+04  -1.0401E+01   1.1938E+00   1.6855E+01  -8.5115E-01   9.7685E-02  -2.7584E+00
   1976.92   1.6338E+04  -7.8337E+03   5.0459E+04  -1.0653E+01   1.2226E+00   1.7260E+01  -8.7170E-01   1.0005E-01  -2.8248E+00
   1977.00   1.6345E+04  -7.8317E+03   5.0452E+04  -1.0910E+01   1.2523E+00   1.7676E+01  -8.9279E-01   1.0247E-01  -2.8929E+00
   1977.08   1.6352E+04  -7.8297E+03   5.0445E+04  -1.1171E+01   1.2822E+00   1.8098E+01  -9.1414E-01   1.0493E-01  -2.9619E+00
   1977.17   1.6359E+04  -7.8277E+03   5.0438E+04  -1.1432E+01   1.3122E+00   1.8519E+01  -9.3545E-01   1.0738E-01  -3.0308E+00
   1977.25   1.6366E+04  -7.8256E+03   5.0431E+04  -1.1688E+01   1.3417E+00   1.8933E+01  -9.5644E-01   1.0979E-01  -3.0986E+00
   1977.33   1.6373E+04  -7.8236E+03   5.0424E+04  -1.1937E+01   1.3703E+00   1.9336E+01  -9.7684E-01   1.1213E-01  -3.1645E+00
   1977.42   1.6380E+04  -7.8216E+03   5.0417E+04  -1.2176E+01   1.3977E+00   1.9721E+01  -9.9635E-01   1.1437E-01  -3.2276E+00
   1977.50   1.6387E+04  -7.8197E+03   5.0409E+04  -1.2400E+01   1.4234E+00   2.0083E+01  -1.0147E+00   1.1648E-01  -3.2868E+00
   1977.58   1.6394E+04  -7.8177E+03   5.0402E+04  -1.2606E+01   1.4471E+00   2.0416E+01  -1.0316E+00   1.1842E-01  -3.3414E+00
   1977.67   1.6401E+04  -7.8157E+03   5.0395E+04  -1.2791E+01   1.4684E+00   2.0715E+01  -1.0467E+00   1.2016E-01  -3.3903E+00
   1977.75   1.6408E+04  -7.8138E+03   5.0387E+04  -1.2951E+01   1.4868E+00   2.0974E+01  -1.0598E+00   1.2166E-01  -3.4326E+00
   1977.83   1.6415E+04  -7.8119E+03   5.0380E+04  -1.3083E+01   1.5020E+00   2.1187E+01  -1.0706E+00   1.2291E-01  -3.4675E+00
   1977.92   1.6422E+04  -7.8099E+03   5.0372E+04  -1.3184E+01   1.5135E+00   2.1348E+01  -1.0788E+00   1.2385E-01  -3.4939E+00
   1978.00   1.6428E+04  -7.8081E+03   5.0365E+04  -1.3248E+01   1.5209E+00   2.1453E+01  -1.0841E+00   1.2446E-01  -3.5110E+00
   1978.08   1.6435E+04  -7.8062E+03   5.0357E+04  -1.3276E+01   1.5241E+00   2.1496E+01  -1.0864E+00   1.2472E-01  -3.5181E+00
   1978.17   1.6442E+04  -7.8044E+03   5.0350E+04  -1.3268E+01   1.5232E+00   2.1483E+01  -1.0857E+00   1.2464E-01  -3.5159E+00
   1978.25   1.6449E+04  -7.8025E+03   5.0342E+04  -1.3228E+01   1.5186E+00   2.1417E+01  -1.0824E+00   1.2426E-01  -3.5051E+00
   1978.33   1.6456E+04  -7.8007E+03   5.0335E+04  -1.3159E+01   1.5107E+00   2.1304E+01  -1.0768E+00   1.2362E-01  -3.4867E+00
   1978.42   1.6462E+04  -7.7990E+03   5.0327E+04  -1.3064E+01   1.4998E+00   2.1151E+01  -1.0691E+00   1.2273E-01  -3.4615E+00
   1978.50   1.6469E+04  -7.7972E+03   5.0320E+04  -1.2948E+01   1.4864E+00   2.0961E+01  -1.0595E+00   1.2163E-01  -3.4305E+00
   1978.58   1.6476E+04  -7.7954E+03   5.0312E+04  -1.2812E+01   1.4709E+00   2.0740E+01  -1.0484E+00   1.2036E-01  -3.3944E+00
   1978.67   1.6482E+04  -7.7937E+03   5.0304E+04  -1.2661E+01   1.4535E+00   2.0495E+01  -1.0361E+00   1.1894E-01  -3.3542E+00
   1978.75   1.6489E+04  -7.7920E+03   5.0297E+04  -1.2498E+01   1.4347E+00   2.0229E+01  -1.0227E+00   1.1740E-01  -3.3107E+00
   1978.83   1.6495E+04  -7.7903E+03   5.0289E+04  -1.2326E+01   1.4149E+00   1.9949E+01  -1.0086E+00   1.1578E-01  -3.2649E+00
   1978.92   1.6502E+04  -7.7886E+03   5.0281E+04  -1.2148E+01   1.3945E+00   1.9660E+01  -9.9406E-01   1.1411E-01  -3.2175E+00
   1979.00   1.6508E+04  -7.7869E+03   5.0273E+04  -1.1968E+01   1.3737E+00   1.9366E+01  -9.7931E-01   1.1241E-01  -3.1695E+00
   1979.08   1.6515E+04  -7.7853E+03   5.0266E+04  -1.1788E+01   1.3531E+00   1.9074E+01  -9.6464E-01   1.1072E-01  -3.1217E+00
   1979.17   1.6521E+04  -7.7836E+03   5.0258E+04  -1.1613E+01   1.3330E+00   1.8789E+01  -9.5032E-01   1.0908E-01  -3.0751E+00
   1979.25   1.6528E+04  -7.7820E+03   5.0250E+04  -1.1446E+01   1.3137E+00   1.8517E+01  -9.3662E-01   1.0750E-01  -3.0304E+00
   1979.33   1.6534E+04  -7.7803E+03   5.0242E+04  -1.1289E+01   1.2956E+00   1.8261E+01  -9.2381E-01   1.0602E-01  -2.9887E+00
   1979.42   1.6541E+04  -7.7787E+03   5.0234E+04  -1.1147E+01   1.2792E+00   1.8029E+01  -9.1217E-01   1.0468E-01  -2.9506E+00
   1979.50   1.6547E+04  -7.7771E+03   5.0226E+04  -1.1022E+01   1.2648E+00   1.7825E+01  -9.0195E-01   1.0350E-01  -2.9172E+00
   1979.58   1.6554E+04  -7.7755E+03   5.0219E+04  -1.0918E+01   1.2527E+00   1.7654E+01  -8.9344E-01   1.0251E-01  -2.8893E+00
   1979.67   1.6560E+04  -7.7738E+03   5.0211E+04  -1.0838E+01   1.2434E+00   1.7522E+01  -8.8690E-01   1.0175E-01  -2.8677E+00
   1979.75   1.6566E+04  -7.7722E+03   5.0203E+04  -1.0786E+01   1.2373E+00   1.7435E+01  -8.8260E-01   1.0125E-01  -2.8534E+00
   1979.83   1.6572E+04  -7.7706E+03   5.0195E+04  -1.0764E+01   1.2347E+00   1.7397E+01  -8.8082E-01   1.0103E-01  -2.8472E+00
   1979.92   1.6579E+04  -7.7690E+03   5.0187E+04  -1.0776E+01   1.2359E+00   1.7414E+01  -8.8183E-01   1.0114E-01  -2.8499E+00
   1980.00   1.6585E+04  -7.7674E+03   5.0179E+04  -1.0826E+01   1.2415E+00   1.7491E+01  -8.8589E-01   1.0159E-01  -2.8626E+00
   1980.08   1.6591E+04  -7.7658E+03   5.0171E+04  -1.0915E+01   1.2515E+00   1.7632E+01  -8.9319E-01   1.0241E-01  -2.8857E+00
   1980.17   1.6597E+04  -7.7642E+03   5.0163E+04  -1.1042E+01   1.2659E+00   1.7834E+01  -9.0357E-01   1.0359E-01  -2.9188E+00
   1980.25   1.6604E+04  -7.7626E+03   5.0155E+04  -1.1203E+01   1.2842E+00   1.8092E+01  -9.1678E-01   1.0509E-01  -2.9610E+00
   1980.33   1.6610E+04  -7.7610E+03   5.0147E+04  -1.1396E+01   1.3062E+00   1.8401E+01  -9.3258E-01   1.0689E-01  -3.0116E+00
   1980.42   1.6616E+04  -7.7594E+03   5.0139E+04  -1.1618E+01   1.3314E+00   1.8756E+01  -9.5071E-01   1.0895E-01  -3.0697E+00
   1980.50   1.6622E+04  -7.7578E+03   5.0131E+04  -1.1865E+01   1.3595E+00   1.9153E+01  -9.7093E-01   1.1125E-01  -3.1345E+00
   1980.58   1.6628E+04  -7.7562E+03   5.0123E+04  -1.2135E+01   1.3902E+00   1.9585E+01  -9.9299E-01   1.1376E-01  -3.2053E+00
   1980.67   1.6634E+04  -7.7546E+03   5.0115E+04  -1.2424E+01   1.4232E+00   2.0049E+01  -1.0166E+00   1.1646E-01  -3.2813E+00
   1980.75   1.6640E+04  -7.7530E+03   5.0107E+04  -1.2729E+01   1.4580E+00   2.0540E+01  -1.0416E+00   1.1931E-01  -3.3615E+00
   1980.83   1.6646E+04  -7.7513E+03   5.0099E+04  -1.3048E+01   1.4943E+00   2.1052E+01  -1.0677E+00   1.2228E-01  -3.4454E+00
   1980.92   1.6652E+04  -7.7497E+03   5.0091E+04  -1.3377E+01   1.5318E+00   2.1581E+01  -1.0947E+00   1.2535E-01  -3.5320E+00
   1981.00   1.6658E+04  -7.7481E+03   5.0083E+04  -1.3714E+01   1.5702E+00   2.2122E+01  -1.1222E+00   1.2849E-01  -3.6205E+00
   1981.08   1.6664E+04  -7.7465E+03   5.0075E+04  -1.4055E+01   1.6090E+00   2.2670E+01  -1.1501E+00   1.3167E-01  -3.7102E+00
   1981.17   1.6670E+04  -7.7449E+03   5.0067E+04  -1.4397E+01   1.6480E+00   2.3220E+01  -1.1781E+00   1.3485E-01  -3.8002E+00
   1981.25   1.6676E+04  -7.7433E+03   5.0059E+04  -1.4738E+01   1.6868E+00   2.3767E+01  -1.2060E+00   1.3803E-01  -3.8898E+00
   1981.33   1.6682E+04  -7.7417E+03   5.0051E+04  -1.5074E+01   1.7250E+00   2.4307E+01  -1.2335E+00   1.4116E-01  -3.9781E+00
   1981.42   1.6688E+04  -7.7401E+03   5.0044E+04  -1.5402E+01   1.7623E+00   2.4834E+01  -1.2603E+00   1.4421E-01  -4.0643E+00
   1981.50   1.6694E+04  -7.7385E+03   5.0036E+04  -1.5719E+01   1.7984E+00   2.5344E+01  -1.2863E+00   1.4716E-01  -4.1477E+00
   1981.58   1.6699E+04  -7.7369E+03   5.0028E+04  -1.6023E+01   1.8328E+00   2.5831E+01  -1.3111E+00   1.4998E-01  -4.2275E+00
   1981.67   1.6705E+04  -7.7353E+03   5.0021E+04  -1.6309E+01   1.8654E+00   2.6291E+01  -1.3346E+00   1.5264E-01  -4.3028E+00
   1981.75   1.6711E+04  -7.7337E+03   5.0013E+04  -1.6576E+01   1.8956E+00   2.6719E+01  -1.3564E+00   1.5512E-01  -4.3729E+00
   1981.83   1.6717E+04  -7.7321E+03   5.0005E+04  -1.6820E+01   1.9232E+00   2.7110E+01  -1.3764E+00   1.5738E-01  -4.4369E+00
   1981.92   1.6723E+04  -7.7305E+03   4.9998E+04  -1.7038E+01   1.9479E+00   2.7460E+01  -1.3942E+00   1.5939E-01  -4.4941E+00
   1982.00   1.6729E+04  -7.7290E+03   4.9990E+04  -1.7227E+01   1.9692E+00   2.7762E+01  -1.4097E+00   1.6114E-01  -4.5436E+00
   1982.08   1.6734E+04  -7.7274E+03   4.9983E+04  -1.7385E+01   1.9869E+00   2.8014E+01  -1.4226E+00   1.6259E-01  -4.5848E+00
   1982.17   1.6740E+04  -7.7258E+03   4.9976E+04  -1.7512E+01   2.0010E+00   2.8216E+01  -1.4330E+00   1.6375E-01  -4.6179E+00
   1982.25   1.6746E+04  -7.7242E+03   4.9969E+04  -1.7609E+01   2.0118E+00   2.8371E+01  -1.4410E+00   1.6463E-01  -4.6433E+00
   1982.33   1.6752E+04  -7.7226E+03   4.9961E+04  -1.7678E+01   2.0193E+00   2.8481E+01  -1.4466E+00   1.6524E-01  -4.6611E+00
   1982.42   1.6758E+04  -7.7210E+03   4.9954E+04  -1.7721E+01   2.0238E+00   2.8546E+01  -1.4501E+00   1.6561E-01  -4.6719E+00
   1982.50   1.6763E+04  -7.7194E+03   4.9947E+04  -1.7737E+01   2.0253E+00   2.8570E+01  -1.4514E+00   1.6573E-01  -4.6758E+00
   1982.58   1.6769E+04  -7.7178E+03   4.9940E+04  -1.7729E+01   2.0239E+00   2.8555E+01  -1.4508E+00   1.6562E-01  -4.6733E+00
   1982.67   1.6775E+04  -7.7162E+03   4.9933E+04  -1.7698E+01   2.0199E+00   2.8502E+01  -1.4482E+00   1.6529E-01  -4.6646E+00
   1982.75   1.6781E+04  -7.7146E+03   4.9926E+04  -1.7645E+01   2.0134E+00   2.8413E+01  -1.4439E+00   1.6476E-01  -4.6502E+00
   1982.83   1.6786E+04  -7.7129E+03   4.9919E+04  -1.7571E+01   2.0045E+00   2.8292E+01  -1.4378E+00   1.6403E-01  -4.6302E+00
   1982.92   1.6792E+04  -7.7113E+03   4.9912E+04  -1.7477E+01   1.9933E+00   2.8138E+01  -1.4301E+00   1.6312E-01  -4.6051E+00
   1983.00   1.6798E+04  -7.7096E+03   4.9905E+04  -1.7365E+01   1.9801E+00   2.7955E+01  -1.4210E+00   1.6203E-01  -4.5752E+00
   1983.08   1.6803E+04  -7.7080E+03   4.9898E+04  -1.7236E+01   1.9649E+00   2.7745E+01  -1.4105E+00   1.6079E-01  -4.5408E+00
   1983.17   1.6809E+04  -7.7063E+03   4.9891E+04  -1.7092E+01   1.9479E+00   2.7509E+01  -1.3986E+00   1.5940E-01  -4.5022E+00
   1983.25   1.6815E+04  -7.7046E+03   4.9884E+04  -1.6932E+01   1.9293E+00   2.7250E+01  -1.3856E+00   1.5787E-01  -4.4598E+00
   1983.33   1.6820E+04  -7.7029E+03   4.9877E+04  -1.6760E+01   1.9091E+00   2.6970E+01  -1.3715E+00   1.5623E-01  -4.4139E+00
   1983.42   1.6826E+04  -7.7011E+03   4.9870E+04  -1.6575E+01   1.8876E+00   2.6670E+01  -1.3564E+00   1.5446E-01  -4.3648E+00
   1983.50   1.6832E+04  -7.6994E+03   4.9864E+04  -1.6380E+01   1.8649E+00   2.6352E+01  -1.3404E+00   1.5260E-01  -4.3128E+00
   1983.58   1.6837E+04  -7.6976E+03   4.9857E+04  -1.6175E+01   1.8410E+00   2.6020E+01  -1.3236E+00   1.5065E-01  -4.2584E+00
   1983.67   1.6843E+04  -7.6958E+03   4.9850E+04  -1.5962E+01   1.8162E+00   2.5674E+01  -1.3062E+00   1.4862E-01  -4.2018E+00
   1983.75   1.6848E+04  -7.6940E+03   4.9843E+04  -1.5742E+01   1.7907E+00   2.5317E+01  -1.2881E+00   1.4653E-01  -4.1433E+00
   1983.83   1.6854E+04  -7.6921E+03   4.9836E+04  -1.5515E+01   1.7644E+00   2.4950E+01  -1.2696E+00   1.4439E-01  -4.0833E+00
   1983.92   1.6859E+04  -7.6902E+03   4.9829E+04  -1.5285E+01   1.7377E+00   2.4576E+01  -1.2508E+00   1.4220E-01  -4.0222E+00
   1984.00   1.6865E+04  -7.6883E+03   4.9822E+04  -1.5051E+01   1.7106E+00   2.4197E+01  -1.2316E+00   1.3998E-01  -3.9601E+00
   1984.08   1.6870E+04  -7.6864E+03   4.9815E+04  -1.4814E+01   1.6833E+00   2.3814E+01  -1.2123E+00   1.3775E-01  -3.8975E+00
   1984.17   1.6876E+04  -7.6844E+03   4.9808E+04  -1.4576E+01   1.6558E+00   2.3429E+01  -1.1928E+00   1.3549E-01  -3.8344E+00
   1984.25   1.6881E+04  -7.6824E+03   4.9801E+04  -1.4336E+01   1.6281E+00   2.3040E+01  -1.1731E+00   1.3322E-01  -3.7707E+00
   1984.33   1.6887E+04  -7.6804E+03   4.9794E+04  -1.4094E+01   1.6001E+00   2.2649E+01  -1.1533E+00   1.3094E-01  -3.7067E+00
   1984.42   1.6892E+04  -7.6783E+03   4.9787E+04  -1.3850E+01   1.5720E+00   2.2254E+01  -1.1333E+00   1.2864E-01  -3.6422E+00
   1984.50   1.6898E+04  -7.6762E+03   4.9780E+04  -1.3604E+01   1.5438E+00   2.1858E+01  -1.1133E+00   1.2633E-01  -3.5772E+00
   1984.58   1.6903E+04  -7.6741E+03   4.9773E+04  -1.3357E+01   1.5154E+00   2.1459E+01  -1.0930E+00   1.2400E-01  -3.5119E+00
   1984.67   1.6908E+04  -7.6720E+03   4.9765E+04  -1.3109E+01   1.4868E+00   2.1057E+01  -1.0727E+00   1.2167E-01  -3.4462E+00
   1984.75   1.6914E+04  -7.6698E+03   4.9758E+04  -1.2859E+01   1.4581E+00   2.0654E+01  -1.0523E+00   1.1932E-01  -3.3802E+00
   1984.83   1.6919E+04  -7.6676E+03   4.9751E+04  -1.2608E+01   1.4293E+00   2.0249E+01  -1.0317E+00   1.1696E-01  -3.3139E+00
   1984.92   1.6924E+04  -7.6654E+03   4.9744E+04  -1.2356E+01   1.4004E+00   1.9841E+01  -1.0111E+00   1.1459E-01  -3.2473E+00
   1985.00   1.6930E+04  -7.6631E+03   4.9737E+04  -1.2103E+01   1.3713E+00   1.9433E+01  -9.9037E-01   1.1222E-01  -3.1804E+00
   1985.08   1.6935E+04  -7.6608E+03   4.9730E+04  -1.1848E+01   1.3422E+00   1.9022E+01  -9.6956E-01   1.0983E-01  -3.1132E+00
   1985.17   1.6940E+04  -7.6585E+03   4.9722E+04  -1.1593E+01   1.3130E+00   1.8611E+01  -9.4867E-01   1.0744E-01  -3.0459E+00
   1985.25   1.6945E+04  -7.6562E+03   4.9715E+04  -1.1337E+01   1.2837E+00   1.8198E+01  -9.2772E-01   1.0504E-01  -2.9783E+00
   1985.33   1.6951E+04  -7.6538E+03   4.9708E+04  -1.1080E+01   1.2543E+00   1.7784E+01  -9.0671E-01   1.0264E-01  -2.9106E+00
   1985.42   1.6956E+04  -7.6514E+03   4.9701E+04  -1.0823E+01   1.2249E+00   1.7369E+01  -8.8565E-01   1.0023E-01  -2.8427E+00
   1985.50   1.6961E+04  -7.6490E+03   4.9694E+04  -1.0565E+01   1.1955E+00   1.6954E+01  -8.6454E-01   9.7825E-02  -2.7747E+00
   1985.58   1.6966E+04  -7.6466E+03   4.9686E+04  -1.0307E+01   1.1660E+00   1.6538E+01  -8.4340E-01   9.5412E-02  -2.7066E+00
   1985.67   1.6971E+04  -7.6442E+03   4.9679E+04  -1.0048E+01   1.1365E+00   1.6121E+01  -8.2223E-01   9.2997E-02  -2.6384E+00
   1985.75   1.6976E+04  -7.6417E+03   4.9672E+04  -9.7890E+00   1.1069E+00   1.5704E+01  -8.0103E-01   9.0581E-02  -2.5701E+00
   1985.83   1.6981E+04  -7.6392E+03   4.9665E+04  -9.5298E+00   1.0774E+00   1.5287E+01  -7.7983E-01   8.8164E-02  -2.5019E+00
   1985.92   1.6987E+04  -7.6366E+03   4.9658E+04  -9.2705E+00   1.0479E+00   1.4870E+01  -7.5861E-01   8.5749E-02  -2.4336E+00
   1986.00   1.6992E+04  -7.6341E+03   4.9651E+04  -9.0113E+00   1.0184E+00   1.4452E+01  -7.3740E-01   8.3335E-02  -2.3653E+00
   1986.08   1.6997E+04  -7.6315E+03   4.9643E+04  -8.7524E+00   9.8894E-01   1.4036E+01  -7.1621E-01   8.0925E-02  -2.2971E+00
   1986.17   1.7002E+04  -7.6289E+03   4.9636E+04  -8.4954E+00   9.5972E-01   1.3623E+01  -6.9518E-01   7.8534E-02  -2.2295E+00
   1986.25   1.7007E+04  -7.6263E+03   4.9629E+04  -8.2418E+00   9.3091E-01   1.3215E+01  -6.7443E-01   7.6176E-02  -2.1627E+00
   1986.33   1.7012E+04  -7.6237E+03   4.9622E+04  -7.9935E+00   9.0270E-01   1.2816E+01  -6.5411E-01   7.3868E-02  -2.0974E+00
   1986.42   1.7017E+04  -7.6210E+03   4.9615E+04  -7.7522E+00   8.7529E-01   1.2427E+01  -6.3437E-01   7.1625E-02  -2.0339E+00
   1986.50   1.7022E+04  -7.6184E+03   4.9608E+04  -7.5195E+00   8.4887E-01   1.2053E+01  -6.1533E-01   6.9464E-02  -1.9727E+00
   1986.58   1.7027E+04  -7.6157E+03   4.9601E+04  -7.2973E+00   8.2364E-01   1.1696E+01  -5.9714E-01   6.7398E-02  -1.9141E+00
   1986.67   1.7032E+04  -7.6130E+03   4.9594E+04  -7.0871E+00   7.9977E-01   1.1358E+01  -5.7994E-01   6.5446E-02  -1.8588E+00
   1986.75   1.7037E+04  -7.6103E+03   4.9587E+04  -6.8908E+00   7.7748E-01   1.1042E+01  -5.6387E-01   6.3621E-02  -1.8071E+00
   1986.83   1.7042E+04  -7.6076E+03   4.9580E+04  -6.7100E+00   7.5694E-01   1.0751E+01  -5.4908E-01   6.1940E-02  -1.7594E+00
   1986.92   1.7047E+04  -7.6048E+03   4.9573E+04  -6.5464E+00   7.3835E-01   1.0487E+01  -5.3569E-01   6.0420E-02  -1.7163E+00
   1987.00   1.7052E+04  -7.6021E+03   4.9566E+04  -6.4018E+00   7.2191E-01   1.0254E+01  -5.2386E-01   5.9074E-02  -1.6782E+00
   1987.08   1.7057E+04  -7.5994E+03   4.9559E+04  -6.2779E+00   7.0780E-01   1.0054E+01  -5.1372E-01   5.7920E-02  -1.6454E+00
   1987.17   1.7062E+04  -7.5966E+03   4.9552E+04  -6.1763E+00   6.9622E-01   9.8894E+00  -5.0541E-01   5.6972E-02  -1.6185E+00
   1987.25   1.7066E+04  -7.5939E+03   4.9545E+04  -6.0989E+00   6.8736E-01   9.7636E+00  -4.9908E-01   5.6247E-02  -1.5979E+00
   1987.33   1.7071E+04  -7.5911E+03   4.9538E+04  -6.0473E+00   6.8141E-01   9.6791E+00  -4.9485E-01   5.5760E-02  -1.5841E+00
   1987.42   1.7076E+04  -7.5883E+03   4.9531E+04  -6.0233E+00   6.7857E-01   9.6386E+00  -4.9289E-01   5.5528E-02  -1.5775E+00
   1987.50   1.7081E+04  -7.5856E+03   4.9524E+04  -6.0285E+00   6.7903E-01   9.6449E+00  -4.9331E-01   5.5565E-02  -1.5785E+00
   1987.58   1.7086E+04  -7.5828E+03   4.9517E+04  -6.0646E+00   6.8297E-01   9.7006E+00  -4.9627E-01   5.5888E-02  -1.5876E+00
   1987.67   1.7091E+04  -7.5801E+03   4.9510E+04  -6.1335E+00   6.9060E-01   9.8085E+00  -5.0190E-01   5.6512E-02  -1.6053E+00
   1987.75   1.7096E+04  -7.5773E+03   4.9503E+04  -6.2367E+00   7.0210E-01   9.9714E+00  -5.1035E-01   5.7453E-02  -1.6319E+00
   1987.83   1.7101E+04  -7.5746E+03   4.9496E+04  -6.3761E+00   7.1767E-01   1.0192E+01  -5.2176E-01   5.8727E-02  -1.6680E+00
   1987.92   1.7105E+04  -7.5718E+03   4.9489E+04  -6.5532E+00   7.3750E-01   1.0473E+01  -5.3625E-01   6.0350E-02  -1.7140E+00
   1988.00   1.7110E+04  -7.5691E+03   4.9483E+04  -6.7700E+00   7.6178E-01   1.0817E+01  -5.5399E-01   6.2337E-02  -1.7703E+00
   1988.08   1.7115E+04  -7.5664E+03   4.9476E+04  -7.0271E+00   7.9061E-01   1.1226E+01  -5.7503E-01   6.4696E-02  -1.8372E+00
   1988.17   1.7120E+04  -7.5636E+03   4.9469E+04  -7.3220E+00   8.2368E-01   1.1695E+01  -5.9916E-01   6.7402E-02  -1.9140E+00
   1988.25   1.7125E+04  -7.5609E+03   4.9462E+04  -7.6512E+00   8.6062E-01   1.2218E+01  -6.2610E-01   7.0425E-02  -1.9997E+00
   1988.33   1.7130E+04  -7.5582E+03   4.9455E+04  -8.0112E+00   9.0103E-01   1.2791E+01  -6.5556E-01   7.3732E-02  -2.0934E+00
   1988.42   1.7134E+04  -7.5555E+03   4.9448E+04  -8.3986E+00   9.4451E-01   1.3408E+01  -6.8726E-01   7.7290E-02  -2.1944E+00
   1988.50   1.7139E+04  -7.5529E+03   4.9441E+04  -8.8098E+00   9.9069E-01   1.4063E+01  -7.2091E-01   8.1068E-02  -2.3015E+00
   1988.58   1.7144E+04  -7.5502E+03   4.9434E+04  -9.2414E+00   1.0392E+00   1.4750E+01  -7.5623E-01   8.5034E-02  -2.4140E+00
   1988.67   1.7149E+04  -7.5475E+03   4.9427E+04  -9.6899E+00   1.0895E+00   1.5464E+01  -7.9293E-01   8.9156E-02  -2.5309E+00
   1988.75   1.7154E+04  -7.5448E+03   4.9421E+04  -1.0152E+01   1.1414E+00   1.6200E+01  -8.3073E-01   9.3402E-02  -2.6513E+00
   1988.83   1.7158E+04  -7.5422E+03   4.9414E+04  -1.0624E+01   1.1944E+00   1.6952E+01  -8.6934E-01   9.7739E-02  -2.7743E+00
   1988.92   1.7163E+04  -7.5395E+03   4.9407E+04  -1.1102E+01   1.2481E+00   1.7714E+01  -9.0849E-01   1.0214E-01  -2.8990E+00
   1989.00   1.7168E+04  -7.5369E+03   4.9400E+04  -1.1583E+01   1.3022E+00   1.8480E+01  -9.4787E-01   1.0656E-01  -3.0245E+00
   1989.08   1.7173E+04  -7.5342E+03   4.9393E+04  -1.2064E+01   1.3562E+00   1.9246E+01  -9.8722E-01   1.1098E-01  -3.1498E+00
   1989.17   1.7178E+04  -7.5316E+03   4.9386E+04  -1.2541E+01   1.4098E+00   2.0006E+01  -1.0262E+00   1.1536E-01  -3.2742E+00
   1989.25   1.7182E+04  -7.5289E+03   4.9379E+04  -1.3011E+01   1.4625E+00   2.0753E+01  -1.0647E+00   1.1968E-01  -3.3965E+00
   1989.33   1.7187E+04  -7.5263E+03   4.9373E+04  -1.3469E+01   1.5140E+00   2.1484E+01  -1.1022E+00   1.2389E-01  -3.5160E+00
   1989.42   1.7192E+04  -7.5237E+03   4.9366E+04  -1.3913E+01   1.5639E+00   2.2191E+01  -1.1385E+00   1.2798E-01  -3.6318E+00
   1989.50   1.7197E+04  -7.5210E+03   4.9359E+04  -1.4339E+01   1.6118E+00   2.2870E+01  -1.1734E+00   1.3189E-01  -3.7429E+00
   1989.58   1.7202E+04  -7.5184E+03   4.9352E+04  -1.4744E+01   1.6573E+00   2.3514E+01  -1.2065E+00   1.3561E-01  -3.8483E+00
   1989.67   1.7206E+04  -7.5158E+03   4.9345E+04  -1.5124E+01   1.6999E+00   2.4119E+01  -1.2376E+00   1.3911E-01  -3.9473E+00
   1989.75   1.7211E+04  -7.5132E+03   4.9339E+04  -1.5476E+01   1.7394E+00   2.4679E+01  -1.2664E+00   1.4234E-01  -4.0389E+00
   1989.83   1.7216E+04  -7.5106E+03   4.9332E+04  -1.5796E+01   1.7753E+00   2.5188E+01  -1.2926E+00   1.4528E-01  -4.1222E+00
   1989.92   1.7221E+04  -7.5079E+03   4.9325E+04  -1.6080E+01   1.8073E+00   2.5640E+01  -1.3158E+00   1.4789E-01  -4.1963E+00
   1990.00   1.7226E+04  -7.5053E+03   4.9318E+04  -1.6326E+01   1.8349E+00   2.6031E+01  -1.3360E+00   1.5015E-01  -4.2602E+00
   1990.08   1.7231E+04  -7.5027E+03   4.9312E+04  -1.6531E+01   1.8578E+00   2.6355E+01  -1.3527E+00   1.5203E-01  -4.3133E+00
   1990.17   1.7235E+04  -7.5001E+03   4.9305E+04  -1.6695E+01   1.8763E+00   2.6616E+01  -1.3662E+00   1.5353E-01  -4.3560E+00
   1990.25   1.7240E+04  -7.4975E+03   4.9298E+04  -1.6822E+01   1.8904E+00   2.6817E+01  -1.3765E+00   1.5470E-01  -4.3888E+00
   1990.33   1.7245E+04  -7.4949E+03   4.9291E+04  -1.6913E+01   1.9006E+00   2.6960E+01  -1.3840E+00   1.5553E-01  -4.4124E+00
   1990.42   1.7250E+04  -7.4923E+03   4.9285E+04  -1.6971E+01   1.9071E+00   2.7051E+01  -1.3887E+00   1.5606E-01  -4.4272E+00
   1990.50   1.7255E+04  -7.4897E+03   4.9278E+04  -1.6998E+01   1.9100E+00   2.7092E+01  -1.3909E+00   1.5630E-01  -4.4339E+00
   1990.58   1.7260E+04  -7.4871E+03   4.9271E+04  -1.6996E+01   1.9097E+00   2.7087E+01  -1.3908E+00   1.5627E-01  -4.4330E+00
   1990.67   1.7264E+04  -7.4845E+03   4.9265E+04  -1.6967E+01   1.9064E+00   2.7039E+01  -1.3884E+00   1.5600E-01  -4.4252E+00
   1990.75   1.7269E+04  -7.4819E+03   4.9258E+04  -1.6914E+01   1.9004E+00   2.6952E+01  -1.3841E+00   1.5551E-01  -4.4110E+00
   1990.83   1.7274E+04  -7.4793E+03   4.9251E+04  -1.6839E+01   1.8918E+00   2.6830E+01  -1.3779E+00   1.5481E-01  -4.3910E+00
   1990.92   1.7279E+04  -7.4767E+03   4.9245E+04  -1.6743E+01   1.8811E+00   2.6676E+01  -1.3701E+00   1.5393E-01  -4.3658E+00
   1991.00   1.7284E+04  -7.4741E+03   4.9238E+04  -1.6631E+01   1.8683E+00   2.6494E+01  -1.3609E+00   1.5288E-01  -4.3360E+00
   1991.08   1.7289E+04  -7.4715E+03   4.9231E+04  -1.6502E+01   1.8538E+00   2.6287E+01  -1.3504E+00   1.5170E-01  -4.3022E+00
   1991.17   1.7294E+04  -7.4689E+03   4.9225E+04  -1.6361E+01   1.8378E+00   2.6059E+01  -1.3388E+00   1.5039E-01  -4.2649E+00
   1991.25   1.7298E+04  -7.4663E+03   4.9218E+04  -1.6208E+01   1.8205E+00   2.5814E+01  -1.3263E+00   1.4897E-01  -4.2247E+00
   1991.33   1.7303E+04  -7.4637E+03   4.9211E+04  -1.6047E+01   1.8023E+00   2.5554E+01  -1.3131E+00   1.4748E-01  -4.1822E+00
   1991.42   1.7308E+04  -7.4612E+03   4.9205E+04  -1.5879E+01   1.7833E+00   2.5284E+01  -1.2994E+00   1.4593E-01  -4.1380E+00
   1991.50   1.7313E+04  -7.4586E+03   4.9198E+04  -1.5707E+01   1.7638E+00   2.5007E+01  -1.2853E+00   1.4434E-01  -4.0927E+00
   1991.58   1.7318E+04  -7.4560E+03   4.9191E+04  -1.5533E+01   1.7441E+00   2.4727E+01  -1.2711E+00   1.4272E-01  -4.0468E+00
   1991.67   1.7323E+04  -7.4534E+03   4.9184E+04  -1.5359E+01   1.7245E+00   2.4447E+01  -1.2568E+00   1.4111E-01  -4.0010E+00
   1991.75   1.7328E+04  -7.4508E+03   4.9178E+04  -1.5188E+01   1.7050E+00   2.4171E+01  -1.2428E+00   1.3952E-01  -3.9558E+00
   1991.83   1.7333E+04  -7.4483E+03   4.9171E+04  -1.5021E+01   1.6861E+00   2.3902E+01  -1.2291E+00   1.3798E-01  -3.9118E+00
   1991.92   1.7338E+04  -7.4457E+03   4.9164E+04  -1.4861E+01   1.6680E+00   2.3644E+01  -1.2160E+00   1.3649E-01  -3.8696E+00
   1992.00   1.7343E+04  -7.4431E+03   4.9158E+04  -1.4710E+01   1.6508E+00   2.3400E+01  -1.2037E+00   1.3509E-01  -3.8297E+00
   1992.08   1.7348E+04  -7.4406E+03   4.9151E+04  -1.4569E+01   1.6349E+00   2.3174E+01  -1.1922E+00   1.3379E-01  -3.7927E+00
   1992.17   1.7353E+04  -7.4380E+03   4.9144E+04  -1.4439E+01   1.6201E+00   2.2964E+01  -1.1816E+00   1.3258E-01  -3.7583E+00
   1992.25   1.7358E+04  -7.4354E+03   4.9138E+04  -1.4318E+01   1.6064E+00   2.2769E+01  -1.1717E+00   1.3145E-01  -3.7264E+00
   1992.33   1.7363E+04  -7.4329E+03   4.9131E+04  -1.4206E+01   1.5935E+00   2.2586E+01  -1.1624E+00   1.3040E-01  -3.6965E+00
   1992.42   1.7368E+04  -7.4303E+03   4.9124E+04  -1.4100E+01   1.5814E+00   2.2414E+01  -1.1538E+00   1.2941E-01  -3.6684E+00
   1992.50   1.7373E+04  -7.4277E+03   4.9117E+04  -1.3999E+01   1.5700E+00   2.2252E+01  -1.1456E+00   1.2847E-01  -3.6418E+00
   1992.58   1.7378E+04  -7.4252E+03   4.9111E+04  -1.3904E+01   1.5591E+00   2.2097E+01  -1.1378E+00   1.2758E-01  -3.6164E+00
   1992.67   1.7383E+04  -7.4226E+03   4.9104E+04  -1.3812E+01   1.5485E+00   2.1948E+01  -1.1302E+00   1.2672E-01  -3.5920E+00
   1992.75   1.7388E+04  -7.4200E+03   4.9097E+04  -1.3722E+01   1.5383E+00   2.1803E+01  -1.1229E+00   1.2588E-01  -3.5683E+00
   1992.83   1.7393E+04  -7.4174E+03   4.9090E+04  -1.3634E+01   1.5282E+00   2.1660E+01  -1.1157E+00   1.2505E-01  -3.5449E+00
   1992.92   1.7398E+04  -7.4148E+03   4.9083E+04  -1.3546E+01   1.5182E+00   2.1517E+01  -1.1085E+00   1.2423E-01  -3.5216E+00
   1993.00   1.7403E+04  -7.4122E+03   4.9077E+04  -1.3457E+01   1.5080E+00   2.1374E+01  -1.1012E+00   1.2340E-01  -3.4980E+00
   1993.08   1.7408E+04  -7.4095E+03   4.9070E+04  -1.3367E+01   1.4976E+00   2.1227E+01  -1.0938E+00   1.2255E-01  -3.4740E+00
   1993.17   1.7413E+04  -7.4069E+03   4.9063E+04  -1.3273E+01   1.4869E+00   2.1075E+01  -1.0861E+00   1.2167E-01  -3.4492E+00
   1993.25   1.7418E+04  -7.4042E+03   4.9056E+04  -1.3175E+01   1.4757E+00   2.0917E+01  -1.0781E+00   1.2076E-01  -3.4233E+00
   1993.33   1.7423E+04  -7.4016E+03   4.9049E+04  -1.3071E+01   1.4640E+00   2.0751E+01  -1.0696E+00   1.1980E-01  -3.3961E+00
   1993.42   1.7428E+04  -7.3989E+03   4.9043E+04  -1.2962E+01   1.4515E+00   2.0574E+01  -1.0607E+00   1.1877E-01  -3.3672E+00
   1993.50   1.7433E+04  -7.3962E+03   4.9036E+04  -1.2844E+01   1.4381E+00   2.0386E+01  -1.0511E+00   1.1768E-01  -3.3364E+00
   1993.58   1.7438E+04  -7.3934E+03   4.9029E+04  -1.2719E+01   1.4239E+00   2.0184E+01  -1.0408E+00   1.1652E-01  -3.3033E+00
   1993.67   1.7443E+04  -7.3907E+03   4.9022E+04  -1.2583E+01   1.4085E+00   1.9967E+01  -1.0297E+00   1.1526E-01  -3.2677E+00
   1993.75   1.7448E+04  -7.3879E+03   4.9015E+04  -1.2437E+01   1.3919E+00   1.9732E+01  -1.0177E+00   1.1390E-01  -3.2294E+00
   1993.83   1.7454E+04  -7.3851E+03   4.9008E+04  -1.2278E+01   1.3740E+00   1.9479E+01  -1.0047E+00   1.1243E-01  -3.1879E+00
   1993.92   1.7459E+04  -7.3823E+03   4.9001E+04  -1.2107E+01   1.3546E+00   1.9205E+01  -9.9069E-01   1.1085E-01  -3.1431E+00
   1994.00   1.7464E+04  -7.3794E+03   4.8994E+04  -1.1921E+01   1.3337E+00   1.8909E+01  -9.7550E-01   1.0913E-01  -3.0946E+00
   1994.08   1.7469E+04  -7.3766E+03   4.8987E+04  -1.1721E+01   1.3111E+00   1.8589E+01  -9.5910E-01   1.0728E-01  -3.0423E+00
   1994.17   1.7474E+04  -7.3737E+03   4.8981E+04  -1.1506E+01   1.2869E+00   1.8247E+01  -9.4155E-01   1.0531E-01  -2.9863E+00
   1994.25   1.7479E+04  -7.3707E+03   4.8974E+04  -1.1279E+01   1.2613E+00   1.7885E+01  -9.2297E-01   1.0321E-01  -2.9271E+00
   1994.33   1.7485E+04  -7.3678E+03   4.8967E+04  -1.1041E+01   1.2345E+00   1.7506E+01  -9.0348E-01   1.0102E-01  -2.8650E+00
   1994.42   1.7490E+04  -7.3648E+03   4.8960E+04  -1.0793E+01   1.2066E+00   1.7111E+01  -8.8317E-01   9.8734E-02  -2.8004E+00
   1994.50   1.7495E+04  -7.3618E+03   4.8953E+04  -1.0536E+01   1.1777E+00   1.6702E+01  -8.6216E-01   9.6371E-02  -2.7335E+00
   1994.58   1.7500E+04  -7.3588E+03   4.8946E+04  -1.0272E+01   1.1480E+00   1.6283E+01  -8.4057E-01   9.3942E-02  -2.6648E+00
   1994.67   1.7505E+04  -7.3557E+03   4.8939E+04  -1.0002E+01   1.1177E+00   1.5853E+01  -8.1849E-01   9.1459E-02  -2.5946E+00
   1994.75   1.7511E+04  -7.3526E+03   4.8931E+04  -9.7280E+00   1.0868E+00   1.5417E+01  -7.9605E-01   8.8935E-02  -2.5232E+00
   1994.83   1.7516E+04  -7.3495E+03   4.8924E+04  -9.4506E+00   1.0556E+00   1.4976E+01  -7.7334E-01   8.6382E-02  -2.4510E+00
   1994.92   1.7521E+04  -7.3464E+03   4.8917E+04  -9.1713E+00   1.0242E+00   1.4532E+01  -7.5049E-01   8.3813E-02  -2.3783E+00
   1995.00   1.7526E+04  -7.3432E+03   4.8910E+04  -8.8915E+00   9.9277E-01   1.4087E+01  -7.2760E-01   8.1239E-02  -2.3055E+00
   1995.08   1.7532E+04  -7.3400E+03   4.8903E+04  -8.6127E+00   9.6142E-01   1.3644E+01  -7.0478E-01   7.8673E-02  -2.2329E+00
   1995.17   1.7537E+04  -7.3368E+03   4.8896E+04  -8.3360E+00   9.3031E-01   1.3204E+01  -6.8214E-01   7.6127E-02  -2.1609E+00
   1995.25   1.7542E+04  -7.3335E+03   4.8889E+04  -8.0628E+00   8.9960E-01   1.2769E+01  -6.5979E-01   7.3614E-02  -2.0899E+00
   1995.33   1.7548E+04  -7.3302E+03   4.8881E+04  -7.7946E+00   8.6943E-01   1.2343E+01  -6.3784E-01   7.1146E-02  -2.0201E+00
   1995.42   1.7553E+04  -7.3269E+03   4.8874E+04  -7.5326E+00   8.3996E-01   1.1927E+01  -6.1640E-01   6.8735E-02  -1.9519E+00
   1995.50   1.7558E+04  -7.3236E+03   4.8867E+04  -7.2783E+00   8.1134E-01   1.1522E+01  -5.9558E-01   6.6393E-02  -1.8857E+00
   1995.58   1.7564E+04  -7.3202E+03   4.8859E+04  -7.0328E+00   7.8372E-01   1.1132E+01  -5.7550E-01   6.4132E-02  -1.8218E+00
   1995.67   1.7569E+04  -7.3169E+03   4.8852E+04  -6.7976E+00   7.5725E-01   1.0758E+01  -5.5625E-01   6.1966E-02  -1.7606E+00
   1995.75   1.7574E+04  -7.3134E+03   4.8845E+04  -6.5741E+00   7.3207E-01   1.0402E+01  -5.3796E-01   5.9905E-02  -1.7024E+00
   1995.83   1.7580E+04  -7.3100E+03   4.8837E+04  -6.3635E+00   7.0834E-01   1.0067E+01  -5.2073E-01   5.7964E-02  -1.6476E+00
   1995.92   1.7585E+04  -7.3065E+03   4.8830E+04  -6.1673E+00   6.8621E-01   9.7550E+00  -5.0467E-01   5.6153E-02  -1.5965E+00
   1996.00   1.7590E+04  -7.3030E+03   4.8822E+04  -5.9867E+00   6.6583E-01   9.4675E+00  -4.8989E-01   5.4485E-02  -1.5495E+00
   1996.08   1.7596E+04  -7.2995E+03   4.8815E+04  -5.8229E+00   6.4732E-01   9.2067E+00  -4.7649E-01   5.2970E-02  -1.5068E+00
   1996.17   1.7601E+04  -7.2959E+03   4.8807E+04  -5.6762E+00   6.3072E-01   8.9729E+00  -4.6448E-01   5.1612E-02  -1.4685E+00
   1996.25   1.7606E+04  -7.2924E+03   4.8799E+04  -5.5467E+00   6.1604E-01   8.7664E+00  -4.5389E-01   5.0411E-02  -1.4347E+00
   1996.33   1.7612E+04  -7.2888E+03   4.8792E+04  -5.4345E+00   6.0328E-01   8.5872E+00  -4.4471E-01   4.9367E-02  -1.4054E+00
   1996.42   1.7617E+04  -7.2851E+03   4.8784E+04  -5.3398E+00   5.9246E-01   8.4356E+00  -4.3695E-01   4.8481E-02  -1.3806E+00
   1996.50   1.7623E+04  -7.2815E+03   4.8776E+04  -5.2625E+00   5.8359E-01   8.3117E+00  -4.3063E-01   4.7755E-02  -1.3603E+00
   1996.58   1.7628E+04  -7.2778E+03   4.8769E+04  -5.2028E+00   5.7667E-01   8.2156E+00  -4.2575E-01   4.7189E-02  -1.3446E+00
   1996.67   1.7634E+04  -7.2741E+03   4.8761E+04  -5.1609E+00   5.7172E-01   8.1474E+00  -4.2232E-01   4.6784E-02  -1.3334E+00
   1996.75   1.7639E+04  -7.2703E+03   4.8753E+04  -5.1368E+00   5.6874E-01   8.1074E+00  -4.2034E-01   4.6541E-02  -1.3269E+00
   1996.83   1.7645E+04  -7.2666E+03   4.8745E+04  -5.1305E+00   5.6775E-01   8.0957E+00  -4.1983E-01   4.6459E-02  -1.3249E+00
   1996.92   1.7650E+04  -7.2628E+03   4.8737E+04  -5.1423E+00   5.6875E-01   8.1123E+00  -4.2080E-01   4.6541E-02  -1.3277E+00
   1997.00   1.7655E+04  -7.2590E+03   4.8729E+04  -5.1722E+00   5.7176E-01   8.1575E+00  -4.2324E-01   4.6787E-02  -1.3351E+00
   1997.08   1.7661E+04  -7.2552E+03   4.8721E+04  -5.2203E+00   5.7677E-01   8.2314E+00  -4.2718E-01   4.7198E-02  -1.3472E+00
   1997.17   1.7666E+04  -7.2513E+03   4.8713E+04  -5.2867E+00   5.8381E-01   8.3342E+00  -4.3261E-01   4.7774E-02  -1.3640E+00
   1997.25   1.7672E+04  -7.2475E+03   4.8706E+04  -5.3715E+00   5.9288E-01   8.4659E+00  -4.3955E-01   4.8516E-02  -1.3855E+00
   1997.33   1.7677E+04  -7.2436E+03   4.8698E+04  -5.4748E+00   6.0400E-01   8.6268E+00  -4.4801E-01   4.9425E-02  -1.4119E+00
   1997.42   1.7683E+04  -7.2397E+03   4.8689E+04  -5.5967E+00   6.1716E-01   8.8170E+00  -4.5798E-01   5.0502E-02  -1.4430E+00
   1997.50   1.7688E+04  -7.2358E+03   4.8681E+04  -5.7374E+00   6.3238E-01   9.0366E+00  -4.6949E-01   5.1748E-02  -1.4789E+00
   1997.58   1.7694E+04  -7.2318E+03   4.8673E+04  -5.8968E+00   6.4968E-01   9.2858E+00  -4.8254E-01   5.3164E-02  -1.5197E+00
   1997.67   1.7699E+04  -7.2279E+03   4.8665E+04  -6.0751E+00   6.6905E-01   9.5647E+00  -4.9713E-01   5.4749E-02  -1.5654E+00
   1997.75   1.7705E+04  -7.2239E+03   4.8657E+04  -6.2725E+00   6.9052E-01   9.8735E+00  -5.1328E-01   5.6505E-02  -1.6159E+00
   1997.83   1.7710E+04  -7.2199E+03   4.8649E+04  -6.4890E+00   7.1408E-01   1.0212E+01  -5.3100E-01   5.8433E-02  -1.6714E+00
   1997.92   1.7716E+04  -7.2158E+03   4.8641E+04  -6.7246E+00   7.3975E-01   1.0581E+01  -5.5028E-01   6.0534E-02  -1.7317E+00
   1998.00   1.7721E+04  -7.2118E+03   4.8633E+04  -6.9796E+00   7.6754E-01   1.0981E+01  -5.7115E-01   6.2808E-02  -1.7971E+00
   1998.08   1.7727E+04  -7.2078E+03   4.8625E+04  -7.2536E+00   7.9741E-01   1.1410E+01  -5.9357E-01   6.5252E-02  -1.8673E+00
   1998.17   1.7732E+04  -7.2037E+03   4.8617E+04  -7.5447E+00   8.2916E-01   1.1866E+01  -6.1739E-01   6.7850E-02  -1.9419E+00
   1998.25   1.7738E+04  -7.1996E+03   4.8608E+04  -7.8507E+00   8.6253E-01   1.2345E+01  -6.4242E-01   7.0581E-02  -2.0204E+00
   1998.33   1.7743E+04  -7.1955E+03   4.8600E+04  -8.1691E+00   8.9728E-01   1.2844E+01  -6.6848E-01   7.3425E-02  -2.1020E+00
   1998.42   1.7749E+04  -7.1914E+03   4.8592E+04  -8.4978E+00   9.3315E-01   1.3359E+01  -6.9538E-01   7.6360E-02  -2.1863E+00
   1998.50   1.7754E+04  -7.1872E+03   4.8584E+04  -8.8345E+00   9.6989E-01   1.3886E+01  -7.2293E-01   7.9366E-02  -2.2726E+00
   1998.58   1.7760E+04  -7.1831E+03   4.8576E+04  -9.1768E+00   1.0072E+00   1.4422E+01  -7.5094E-01   8.2423E-02  -2.3604E+00
   1998.67   1.7765E+04  -7.1789E+03   4.8568E+04  -9.5224E+00   1.0450E+00   1.4964E+01  -7.7922E-01   8.5510E-02  -2.4490E+00
   1998.75   1.7770E+04  -7.1747E+03   4.8559E+04  -9.8692E+00   1.0828E+00   1.5507E+01  -8.0760E-01   8.8607E-02  -2.5379E+00
   1998.83   1.7776E+04  -7.1706E+03   4.8551E+04  -1.0215E+01   1.1205E+00   1.6048E+01  -8.3587E-01   9.1693E-02  -2.6265E+00
   1998.92   1.7781E+04  -7.1663E+03   4.8543E+04  -1.0557E+01   1.1578E+00   1.6584E+01  -8.6385E-01   9.4747E-02  -2.7141E+00
   1999.00   1.7787E+04  -7.1621E+03   4.8535E+04  -1.0893E+01   1.1945E+00   1.7110E+01  -8.9136E-01   9.7749E-02  -2.8003E+00
   1999.08   1.7792E+04  -7.1579E+03   4.8527E+04  -1.1221E+01   1.2303E+00   1.7624E+01  -9.1821E-01   1.0068E-01  -2.8844E+00
   1999.17   1.7798E+04  -7.1536E+03   4.8519E+04  -1.1539E+01   1.2650E+00   1.8122E+01  -9.4420E-01   1.0352E-01  -2.9658E+00
   1999.25   1.7803E+04  -7.1493E+03   4.8510E+04  -1.1843E+01   1.2983E+00   1.8599E+01  -9.6916E-01   1.0624E-01  -3.0440E+00
   1999.33   1.7808E+04  -7.1450E+03   4.8502E+04  -1.2133E+01   1.3299E+00   1.9053E+01  -9.9289E-01   1.0883E-01  -3.1183E+00
   1999.42   1.7814E+04  -7.1407E+03   4.8494E+04  -1.2406E+01   1.3596E+00   1.9480E+01  -1.0152E+00   1.1126E-01  -3.1881E+00
   1999.50   1.7819E+04  -7.1364E+03   4.8486E+04  -1.2659E+01   1.3872E+00   1.9876E+01  -1.0359E+00   1.1352E-01  -3.2529E+00
   1999.58   1.7825E+04  -7.1321E+03   4.8478E+04  -1.2891E+01   1.4124E+00   2.0238E+01  -1.0548E+00   1.1558E-01  -3.3122E+00
   1999.67   1.7830E+04  -7.1277E+03   4.8470E+04  -1.3098E+01   1.4349E+00   2.0562E+01  -1.0718E+00   1.1742E-01  -3.3651E+00
   1999.75   1.7835E+04  -7.1234E+03   4.8462E+04  -1.3278E+01   1.4546E+00   2.0844E+01  -1.0866E+00   1.1903E-01  -3.4113E+00
   1999.83   1.7841E+04  -7.1190E+03   4.8454E+04  -1.3430E+01   1.4711E+00   2.1081E+01  -1.0990E+00   1.2038E-01  -3.4502E+00
   1999.92   1.7846E+04  -7.1146E+03   4.8446E+04  -1.3551E+01   1.4842E+00   2.1270E+01  -1.1089E+00   1.2145E-01  -3.4810E+00
   2000.00   1.7852E+04  -7.1102E+03   4.8438E+04  -1.3639E+01   1.4936E+00   2.1406E+01  -1.1161E+00   1.2222E-01  -3.5033E+00
   2000.08   1.7857E+04  -7.1058E+03   4.8430E+04  -1.3692E+01   1.4993E+00   2.1487E+01  -1.1204E+00   1.2268E-01  -3.5166E+00
   2000.17   1.7862E+04  -7.1013E+03   4.8422E+04  -1.3712E+01   1.5013E+00   2.1517E+01  -1.1220E+00   1.2285E-01  -3.5215E+00
   2000.25   1.7868E+04  -7.0969E+03   4.8414E+04  -1.3702E+01   1.5001E+00   2.1500E+01  -1.1212E+00   1.2275E-01  -3.5188E+00
   2000.33   1.7873E+04  -7.0924E+03   4.8406E+04  -1.3665E+01   1.4959E+00   2.1441E+01  -1.1182E+00   1.2241E-01  -3.5091E+00
   2000.42   1.7878E+04  -7.0880E+03   4.8398E+04  -1.3604E+01   1.4891E+00   2.1344E+01  -1.1133E+00   1.2185E-01  -3.4932E+00
   2000.50   1.7883E+04  -7.0835E+03   4.8391E+04  -1.3523E+01   1.4799E+00   2.1214E+01  -1.1066E+00   1.2110E-01  -3.4719E+00
   2000.58   1.7889E+04  -7.0790E+03   4.8383E+04  -1.3422E+01   1.4688E+00   2.1055E+01  -1.0984E+00   1.2019E-01  -3.4459E+00
   2000.67   1.7894E+04  -7.0745E+03   4.8375E+04  -1.3307E+01   1.4559E+00   2.0872E+01  -1.0889E+00   1.1914E-01  -3.4160E+00
   2000.75   1.7899E+04  -7.0700E+03   4.8367E+04  -1.3179E+01   1.4417E+00   2.0670E+01  -1.0784E+00   1.1798E-01  -3.3828E+00
   2000.83   1.7904E+04  -7.0655E+03   4.8360E+04  -1.3041E+01   1.4264E+00   2.0452E+01  -1.0672E+00   1.1673E-01  -3.3472E+00
   2000.92   1.7910E+04  -7.0609E+03   4.8352E+04  -1.2897E+01   1.4104E+00   2.0223E+01  -1.0554E+00   1.1541E-01  -3.3098E+00
   2001.00   1.7915E+04  -7.0564E+03   4.8344E+04  -1.2749E+01   1.3940E+00   1.9989E+01  -1.0433E+00   1.1407E-01  -3.2714E+00
   2001.08   1.7920E+04  -7.0519E+03   4.8337E+04  -1.2600E+01   1.3774E+00   1.9753E+01  -1.0311E+00   1.1271E-01  -3.2328E+00
   2001.17   1.7925E+04  -7.0473E+03   4.8329E+04  -1.2454E+01   1.3611E+00   1.9520E+01  -1.0191E+00   1.1138E-01  -3.1947E+00
   2001.25   1.7931E+04  -7.0428E+03   4.8321E+04  -1.2312E+01   1.3452E+00   1.9295E+01  -1.0075E+00   1.1008E-01  -3.1579E+00
   2001.33   1.7936E+04  -7.0382E+03   4.8314E+04  -1.2178E+01   1.3302E+00   1.9082E+01  -9.9649E-01   1.0885E-01  -3.1230E+00
   2001.42   1.7941E+04  -7.0336E+03   4.8306E+04  -1.2054E+01   1.3164E+00   1.8885E+01  -9.8639E-01   1.0772E-01  -3.0908E+00
   2001.50   1.7946E+04  -7.0291E+03   4.8298E+04  -1.1944E+01   1.3040E+00   1.8710E+01  -9.7740E-01   1.0671E-01  -3.0621E+00
   2001.58   1.7952E+04  -7.0245E+03   4.8291E+04  -1.1851E+01   1.2934E+00   1.8561E+01  -9.6976E-01   1.0584E-01  -3.0376E+00
   2001.67   1.7957E+04  -7.0199E+03   4.8283E+04  -1.1777E+01   1.2850E+00   1.8441E+01  -9.6371E-01   1.0515E-01  -3.0181E+00
   2001.75   1.7962E+04  -7.0154E+03   4.8275E+04  -1.1725E+01   1.2789E+00   1.8357E+01  -9.5947E-01   1.0465E-01  -3.0043E+00
   2001.83   1.7967E+04  -7.0108E+03   4.8268E+04  -1.1699E+01   1.2756E+00   1.8312E+01  -9.5730E-01   1.0438E-01  -2.9969E+00
   2001.92   1.7972E+04  -7.0062E+03   4.8260E+04  -1.1700E+01   1.2753E+00   1.8310E+01  -9.5743E-01   1.0436E-01  -2.9967E+00
   2002.00   1.7978E+04  -7.0016E+03   4.8253E+04  -1.1733E+01   1.2784E+00   1.8358E+01  -9.6008E-01   1.0461E-01  -3.0044E+00
   2002.08   1.7983E+04  -6.9971E+03   4.8245E+04  -1.1798E+01   1.2850E+00   1.8456E+01  -9.6543E-01   1.0515E-01  -3.0205E+00
   2002.17   1.7988E+04  -6.9925E+03   4.8237E+04  -1.1894E+01   1.2950E+00   1.8603E+01  -9.7330E-01   1.0597E-01  -3.0446E+00
   2002.25   1.7993E+04  -6.9879E+03   4.8230E+04  -1.2018E+01   1.3081E+00   1.8793E+01  -9.8345E-01   1.0704E-01  -3.0757E+00
   2002.33   1.7998E+04  -6.9833E+03   4.8222E+04  -1.2167E+01   1.3239E+00   1.9023E+01  -9.9564E-01   1.0833E-01  -3.1133E+00
   2002.42   1.8004E+04  -6.9787E+03   4.8215E+04  -1.2338E+01   1.3420E+00   1.9286E+01  -1.0096E+00   1.0982E-01  -3.1564E+00
   2002.50   1.8009E+04  -6.9742E+03   4.8207E+04  -1.2527E+01   1.3622E+00   1.9579E+01  -1.0251E+00   1.1147E-01  -3.2043E+00
   2002.58   1.8014E+04  -6.9696E+03   4.8200E+04  -1.2733E+01   1.3841E+00   1.9897E+01  -1.0419E+00   1.1326E-01  -3.2564E+00
   2002.67   1.8019E+04  -6.9650E+03   4.8192E+04  -1.2951E+01   1.4075E+00   2.0235E+01  -1.0598E+00   1.1517E-01  -3.3117E+00
   2002.75   1.8024E+04  -6.9605E+03   4.8184E+04  -1.3180E+01   1.4319E+00   2.0589E+01  -1.0785E+00   1.1717E-01  -3.3696E+00
   2002.83   1.8029E+04  -6.9559E+03   4.8177E+04  -1.3415E+01   1.4570E+00   2.0953E+01  -1.0977E+00   1.1923E-01  -3.4292E+00
   2002.92   1.8035E+04  -6.9513E+03   4.8169E+04  -1.3654E+01   1.4826E+00   2.1324E+01  -1.1173E+00   1.2132E-01  -3.4899E+00
   2003.00   1.8040E+04  -6.9467E+03   4.8162E+04  -1.3894E+01   1.5083E+00   2.1696E+01  -1.1369E+00   1.2343E-01  -3.5508E+00
   2003.08   1.8045E+04  -6.9422E+03   4.8154E+04  -1.4131E+01   1.5338E+00   2.2065E+01  -1.1564E+00   1.2551E-01  -3.6111E+00
   2003.17   1.8050E+04  -6.9376E+03   4.8147E+04  -1.4364E+01   1.5588E+00   2.2425E+01  -1.1754E+00   1.2755E-01  -3.6702E+00
   2003.25   1.8056E+04  -6.9330E+03   4.8139E+04  -1.4588E+01   1.5828E+00   2.2774E+01  -1.1938E+00   1.2952E-01  -3.7271E+00
   2003.33   1.8061E+04  -6.9285E+03   4.8131E+04  -1.4802E+01   1.6057E+00   2.3105E+01  -1.2112E+00   1.3140E-01  -3.7813E+00
   2003.42   1.8066E+04  -6.9239E+03   4.8124E+04  -1.5001E+01   1.6271E+00   2.3414E+01  -1.2276E+00   1.3314E-01  -3.8319E+00
   2003.50   1.8071E+04  -6.9193E+03   4.8116E+04  -1.5183E+01   1.6466E+00   2.3696E+01  -1.2425E+00   1.3474E-01  -3.8781E+00
   2003.58   1.8076E+04  -6.9148E+03   4.8109E+04  -1.5346E+01   1.6639E+00   2.3947E+01  -1.2557E+00   1.3616E-01  -3.9192E+00
   2003.67   1.8082E+04  -6.9102E+03   4.8101E+04  -1.5485E+01   1.6787E+00   2.4162E+01  -1.2671E+00   1.3737E-01  -3.9543E+00
   2003.75   1.8087E+04  -6.9056E+03   4.8094E+04  -1.5597E+01   1.6907E+00   2.4336E+01  -1.2763E+00   1.3835E-01  -3.9829E+00
   2003.83   1.8092E+04  -6.9011E+03   4.8086E+04  -1.5681E+01   1.6996E+00   2.4465E+01  -1.2832E+00   1.3908E-01  -4.0040E+00
   2003.92   1.8097E+04  -6.8965E+03   4.8079E+04  -1.5733E+01   1.7050E+00   2.4544E+01  -1.2874E+00   1.3952E-01  -4.0169E+00
   2004.00   1.8103E+04  -6.8919E+03   4.8071E+04  -1.5750E+01   1.7066E+00   2.4568E+01  -1.2888E+00   1.3965E-01  -4.0208E+00
   2004.08   1.8108E+04  -6.8874E+03   4.8064E+04  -1.5729E+01   1.7042E+00   2.4534E+01  -1.2871E+00   1.3945E-01  -4.0153E+00
   2004.17   1.8113E+04  -6.8828E+03   4.8056E+04  -1.5673E+01   1.6979E+00   2.4445E+01  -1.2825E+00   1.3894E-01  -4.0006E+00
   2004.25   1.8118E+04  -6.8783E+03   4.8049E+04  -1.5583E+01   1.6880E+00   2.4303E+01  -1.2752E+00   1.3813E-01  -3.9775E+00
   2004.33   1.8124E+04  -6.8737E+03   4.8041E+04  -1.5463E+01   1.6748E+00   2.4114E+01  -1.2654E+00   1.3705E-01  -3.9465E+00
   2004.42   1.8129E+04  -6.8692E+03   4.8034E+04  -1.5315E+01   1.6585E+00   2.3881E+01  -1.2532E+00   1.3572E-01  -3.9083E+00
   2004.50   1.8134E+04  -6.8646E+03   4.8026E+04  -1.5141E+01   1.6394E+00   2.3607E+01  -1.2390E+00   1.3416E-01  -3.8635E+00
   2004.58   1.8139E+04  -6.8601E+03   4.8019E+04  -1.4943E+01   1.6178E+00   2.3297E+01  -1.2228E+00   1.3239E-01  -3.8127E+00
   2004.67   1.8145E+04  -6.8555E+03   4.8011E+04  -1.4724E+01   1.5940E+00   2.2954E+01  -1.2049E+00   1.3043E-01  -3.7566E+00
   2004.75   1.8150E+04  -6.8510E+03   4.8004E+04  -1.4487E+01   1.5681E+00   2.2582E+01  -1.1855E+00   1.2832E-01  -3.6957E+00
   2004.83   1.8155E+04  -6.8465E+03   4.7996E+04  -1.4234E+01   1.5405E+00   2.2185E+01  -1.1648E+00   1.2606E-01  -3.6308E+00
   2004.92   1.8160E+04  -6.8420E+03   4.7989E+04  -1.3967E+01   1.5114E+00   2.1767E+01  -1.1429E+00   1.2368E-01  -3.5623E+00
   2005.00   1.8166E+04  -6.8375E+03   4.7981E+04  -1.3689E+01   1.4811E+00   2.1331E+01  -1.1202E+00   1.2120E-01  -3.4910E+00
   2005.08   1.8171E+04  -6.8330E+03   4.7974E+04  -1.3402E+01   1.4499E+00   2.0882E+01  -1.0967E+00   1.1865E-01  -3.4175E+00
   2005.17   1.8176E+04  -6.8285E+03   4.7967E+04  -1.3109E+01   1.4180E+00   2.0423E+01  -1.0727E+00   1.1604E-01  -3.3424E+00
   2005.25   1.8181E+04  -6.8240E+03   4.7959E+04  -1.2813E+01   1.3857E+00   1.9958E+01  -1.0485E+00   1.1339E-01  -3.2663E+00
   2005.33   1.8186E+04  -6.8195E+03   4.7952E+04  -1.2514E+01   1.3532E+00   1.9491E+01  -1.0241E+00   1.1074E-01  -3.1898E+00
   2005.42   1.8192E+04  -6.8151E+03   4.7944E+04  -1.2217E+01   1.3209E+00   1.9025E+01  -9.9976E-01   1.0809E-01  -3.1136E+00
   2005.50   1.8197E+04  -6.8106E+03   4.7937E+04  -1.1924E+01   1.2889E+00   1.8565E+01  -9.7573E-01   1.0547E-01  -3.0384E+00
   2005.58   1.8202E+04  -6.8062E+03   4.7930E+04  -1.1636E+01   1.2576E+00   1.8114E+01  -9.5220E-01   1.0291E-01  -2.9646E+00
   2005.67   1.8207E+04  -6.8017E+03   4.7922E+04  -1.1357E+01   1.2273E+00   1.7677E+01  -9.2936E-01   1.0043E-01  -2.8930E+00
   2005.75   1.8212E+04  -6.7973E+03   4.7915E+04  -1.1089E+01   1.1980E+00   1.7256E+01  -9.0741E-01   9.8037E-02  -2.8241E+00
   2005.83   1.8217E+04  -6.7929E+03   4.7908E+04  -1.0834E+01   1.1703E+00   1.6856E+01  -8.8654E-01   9.5765E-02  -2.7587E+00
   2005.92   1.8222E+04  -6.7885E+03   4.7901E+04  -1.0595E+01   1.1442E+00   1.6481E+01  -8.6697E-01   9.3633E-02  -2.6972E+00
   2006.00   1.8227E+04  -6.7842E+03   4.7893E+04  -1.0374E+01   1.1202E+00   1.6134E+01  -8.4889E-01   9.1663E-02  -2.6404E+00
   2006.08   1.8232E+04  -6.7798E+03   4.7886E+04  -1.0173E+01   1.0983E+00   1.5818E+01  -8.3244E-01   8.9871E-02  -2.5887E+00
   2006.17   1.8237E+04  -6.7755E+03   4.7879E+04  -9.9910E+00   1.0784E+00   1.5532E+01  -8.1757E-01   8.8249E-02  -2.5420E+00
   2006.25   1.8242E+04  -6.7711E+03   4.7872E+04  -9.8270E+00   1.0605E+00   1.5274E+01  -8.0414E-01   8.6785E-02  -2.4997E+00
   2006.33   1.8247E+04  -6.7668E+03   4.7864E+04  -9.6792E+00   1.0444E+00   1.5041E+01  -7.9206E-01   8.5465E-02  -2.4616E+00
   2006.42   1.8252E+04  -6.7625E+03   4.7857E+04  -9.5464E+00   1.0299E+00   1.4831E+01  -7.8118E-01   8.4277E-02  -2.4273E+00
   2006.50   1.8257E+04  -6.7582E+03   4.7850E+04  -9.4268E+00   1.0168E+00   1.4643E+01  -7.7140E-01   8.3209E-02  -2.3964E+00
   2006.58   1.8262E+04  -6.7540E+03   4.7843E+04  -9.3193E+00   1.0051E+00   1.4472E+01  -7.6260E-01   8.2246E-02  -2.3686E+00
   2006.67   1.8267E+04  -6.7497E+03   4.7836E+04  -9.2222E+00   9.9445E-01   1.4319E+01  -7.5465E-01   8.1377E-02  -2.3434E+00
   2006.75   1.8272E+04  -6.7455E+03   4.7829E+04  -9.1341E+00   9.8481E-01   1.4179E+01  -7.4744E-01   8.0588E-02  -2.3206E+00
   2006.83   1.8276E+04  -6.7412E+03   4.7822E+04  -9.0535E+00   9.7599E-01   1.4051E+01  -7.4086E-01   7.9866E-02  -2.2997E+00
   2006.92   1.8281E+04  -6.7370E+03   4.7815E+04  -8.9791E+00   9.6784E-01   1.3933E+01  -7.3477E-01   7.9199E-02  -2.2803E+00
   2007.00   1.8286E+04  -6.7328E+03   4.7807E+04  -8.9093E+00   9.6020E-01   1.3823E+01  -7.2906E-01   7.8574E-02  -2.2622E+00
   2007.08   1.8291E+04  -6.7286E+03   4.7800E+04  -8.8428E+00   9.5291E-01   1.3717E+01  -7.2361E-01   7.7977E-02  -2.2449E+00
   2007.17   1.8296E+04  -6.7243E+03   4.7793E+04  -8.7779E+00   9.4582E-01   1.3614E+01  -7.1830E-01   7.7397E-02  -2.2281E+00
   2007.25   1.8301E+04  -6.7202E+03   4.7786E+04  -8.7134E+00   9.3876E-01   1.3512E+01  -7.1302E-01   7.6819E-02  -2.2114E+00
   2007.33   1.8306E+04  -6.7160E+03   4.7779E+04  -8.6476E+00   9.3159E-01   1.3408E+01  -7.0764E-01   7.6232E-02  -2.1943E+00
   2007.42   1.8310E+04  -6.7118E+03   4.7772E+04  -8.5793E+00   9.2413E-01   1.3300E+01  -7.0205E-01   7.5622E-02  -2.1767E+00
   2007.50   1.8315E+04  -6.7076E+03   4.7765E+04  -8.5068E+00   9.1625E-01   1.3186E+01  -6.9612E-01   7.4977E-02  -2.1580E+00
   2007.58   1.8320E+04  -6.7035E+03   4.7758E+04  -8.4289E+00   9.0777E-01   1.3063E+01  -6.8974E-01   7.4283E-02  -2.1379E+00
   2007.67   1.8325E+04  -6.6993E+03   4.7750E+04  -8.3439E+00   8.9854E-01   1.2930E+01  -6.8278E-01   7.3528E-02  -2.1161E+00
   2007.75   1.8330E+04  -6.6951E+03   4.7743E+04  -8.2505E+00   8.8840E-01   1.2784E+01  -6.7514E-01   7.2698E-02  -2.0922E+00
   2007.83   1.8335E+04  -6.6910E+03   4.7736E+04  -8.1471E+00   8.7720E-01   1.2622E+01  -6.6668E-01   7.1782E-02  -2.0657E+00
   2007.92   1.8340E+04  -6.6868E+03   4.7729E+04  -8.0325E+00   8.6478E-01   1.2443E+01  -6.5730E-01   7.0765E-02  -2.0364E+00
   2008.00   1.8345E+04  -6.6827E+03   4.7722E+04  -7.9050E+00   8.5098E-01   1.2244E+01  -6.4687E-01   6.9636E-02  -2.0039E+00
   2008.08   1.8350E+04  -6.6786E+03   4.7714E+04  -7.7637E+00   8.3570E-01   1.2024E+01  -6.3531E-01   6.8386E-02  -1.9679E+00
   2008.17   1.8355E+04  -6.6744E+03   4.7707E+04  -7.6103E+00   8.1910E-01   1.1785E+01  -6.2275E-01   6.7027E-02  -1.9288E+00
   2008.25   1.8360E+04  -6.6703E+03   4.7700E+04  -7.4465E+00   8.0138E-01   1.1530E+01  -6.0935E-01   6.5578E-02  -1.8871E+00
   2008.33   1.8365E+04  -6.6662E+03   4.7693E+04  -7.2744E+00   7.8277E-01   1.1263E+01  -5.9527E-01   6.4054E-02  -1.8432E+00
   2008.42   1.8370E+04  -6.6620E+03   4.7686E+04  -7.0960E+00   7.6347E-01   1.0985E+01  -5.8067E-01   6.2475E-02  -1.7978E+00
   2008.50   1.8376E+04  -6.6579E+03   4.7678E+04  -6.9132E+00   7.4369E-01   1.0701E+01  -5.6571E-01   6.0856E-02  -1.7513E+00
   2008.58   1.8381E+04  -6.6538E+03   4.7671E+04  -6.7281E+00   7.2364E-01   1.0413E+01  -5.5056E-01   5.9216E-02  -1.7042E+00
   2008.67   1.8386E+04  -6.6497E+03   4.7664E+04  -6.5426E+00   7.0355E-01   1.0125E+01  -5.3539E-01   5.7572E-02  -1.6570E+00
   2008.75   1.8391E+04  -6.6455E+03   4.7656E+04  -6.3588E+00   6.8361E-01   9.8387E+00  -5.2034E-01   5.5940E-02  -1.6102E+00
   2008.83   1.8396E+04  -6.6414E+03   4.7649E+04  -6.1786E+00   6.6404E-01   9.5582E+00  -5.0559E-01   5.4339E-02  -1.5643E+00
   2008.92   1.8402E+04  -6.6373E+03   4.7642E+04  -6.0039E+00   6.4506E-01   9.2863E+00  -4.9130E-01   5.2786E-02  -1.5198E+00
   2009.00   1.8407E+04  -6.6331E+03   4.7634E+04  -5.8369E+00   6.2687E-01   9.0261E+00  -4.7763E-01   5.1297E-02  -1.4772E+00
   2009.08   1.8412E+04  -6.6290E+03   4.7627E+04  -5.6794E+00   6.0969E-01   8.7805E+00  -4.6475E-01   4.9891E-02  -1.4370E+00
   2009.17   1.8417E+04  -6.6249E+03   4.7619E+04  -5.5335E+00   5.9373E-01   8.5527E+00  -4.5281E-01   4.8585E-02  -1.3997E+00
   2009.25   1.8422E+04  -6.6207E+03   4.7612E+04  -5.4011E+00   5.7920E-01   8.3458E+00  -4.4198E-01   4.7396E-02  -1.3659E+00
   2009.33   1.8428E+04  -6.6166E+03   4.7605E+04  -5.2843E+00   5.6631E-01   8.1627E+00  -4.3242E-01   4.6342E-02  -1.3359E+00
   2009.42   1.8433E+04  -6.6125E+03   4.7597E+04  -5.1850E+00   5.5528E-01   8.0066E+00  -4.2429E-01   4.5439E-02  -1.3104E+00
   2009.50   1.8438E+04  -6.6083E+03   4.7590E+04  -5.1052E+00   5.4631E-01   7.8805E+00  -4.1776E-01   4.4705E-02  -1.2897E+00
   2009.58   1.8443E+04  -6.6042E+03   4.7582E+04  -5.0469E+00   5.3963E-01   7.7874E+00  -4.1299E-01   4.4158E-02  -1.2745E+00
   2009.67   1.8449E+04  -6.6000E+03   4.7575E+04  -5.0121E+00   5.3543E-01   7.7305E+00  -4.1014E-01   4.3815E-02  -1.2652E+00
   2009.75   1.8454E+04  -6.5958E+03   4.7568E+04  -5.0027E+00   5.3394E-01   7.7128E+00  -4.0937E-01   4.3692E-02  -1.2623E+00
   2009.83   1.8459E+04  -6.5917E+03   4.7560E+04  -5.0208E+00   5.3536E-01   7.7373E+00  -4.1086E-01   4.3809E-02  -1.2663E+00
   2009.92   1.8464E+04  -6.5875E+03   4.7553E+04  -5.0684E+00   5.3991E-01   7.8071E+00  -4.1475E-01   4.4181E-02  -1.2777E+00
   2010.00   1.8470E+04  -6.5833E+03   4.7545E+04  -5.1474E+00   5.4780E-01   7.9254E+00  -4.2121E-01   4.4826E-02  -1.2971E+00
   2010.08   1.8475E+04  -6.5791E+03   4.7538E+04  -5.2590E+00   5.5915E-01   8.0938E+00  -4.3034E-01   4.5755E-02  -1.3246E+00
   2010.17   1.8480E+04  -6.5749E+03   4.7530E+04  -5.4012E+00   5.7376E-01   8.3094E+00  -4.4198E-01   4.6951E-02  -1.3599E+00
   2010.25   1.8485E+04  -6.5707E+03   4.7523E+04  -5.5714E+00   5.9134E-01   8.5679E+00  -4.5591E-01   4.8389E-02  -1.4022E+00
   2010.33   1.8491E+04  -6.5665E+03   4.7515E+04  -5.7666E+00   6.1159E-01   8.8651E+00  -4.7188E-01   5.0046E-02  -1.4509E+00
   2010.42   1.8496E+04  -6.5623E+03   4.7508E+04  -5.9842E+00   6.3421E-01   9.1967E+00  -4.8969E-01   5.1898E-02  -1.5051E+00
   2010.50   1.8501E+04  -6.5581E+03   4.7500E+04  -6.2214E+00   6.5892E-01   9.5584E+00  -5.0910E-01   5.3920E-02  -1.5643E+00
   2010.58   1.8506E+04  -6.5538E+03   4.7493E+04  -6.4754E+00   6.8543E-01   9.9461E+00  -5.2988E-01   5.6089E-02  -1.6278E+00
   2010.67   1.8511E+04  -6.5496E+03   4.7485E+04  -6.7434E+00   7.1343E-01   1.0355E+01  -5.5181E-01   5.8380E-02  -1.6948E+00
   2010.75   1.8517E+04  -6.5454E+03   4.7478E+04  -7.0227E+00   7.4264E-01   1.0782E+01  -5.7467E-01   6.0770E-02  -1.7646E+00
   2010.83   1.8522E+04  -6.5411E+03   4.7470E+04  -7.3105E+00   7.7276E-01   1.1222E+01  -5.9822E-01   6.3235E-02  -1.8366E+00
   2010.92   1.8527E+04  -6.5369E+03   4.7463E+04  -7.6040E+00   8.0350E-01   1.1671E+01  -6.2224E-01   6.5751E-02  -1.9100E+00
   2011.00   1.8532E+04  -6.5326E+03   4.7455E+04  -7.9006E+00   8.3457E-01   1.2124E+01  -6.4651E-01   6.8293E-02  -1.9842E+00
   2011.08   1.8537E+04  -6.5283E+03   4.7448E+04  -8.1973E+00   8.6567E-01   1.2578E+01  -6.7079E-01   7.0838E-02  -2.0585E+00
   2011.17   1.8542E+04  -6.5241E+03   4.7440E+04  -8.4914E+00   8.9652E-01   1.3027E+01  -6.9486E-01   7.3362E-02  -2.1321E+00
   2011.25   1.8548E+04  -6.5198E+03   4.7432E+04  -8.7802E+00   9.2681E-01   1.3469E+01  -7.1849E-01   7.5841E-02  -2.2044E+00
   2011.33   1.8553E+04  -6.5155E+03   4.7425E+04  -9.0609E+00   9.5625E-01   1.3898E+01  -7.4146E-01   7.8250E-02  -2.2746E+00
   2011.42   1.8558E+04  -6.5112E+03   4.7417E+04  -9.3308E+00   9.8456E-01   1.4311E+01  -7.6354E-01   8.0567E-02  -2.3422E+00
   2011.50   1.8563E+04  -6.5069E+03   4.7409E+04  -9.5870E+00   1.0114E+00   1.4703E+01  -7.8451E-01   8.2766E-02  -2.4063E+00
   2011.58   1.8568E+04  -6.5026E+03   4.7402E+04  -9.8268E+00   1.0366E+00   1.5069E+01  -8.0413E-01   8.4824E-02  -2.4663E+00
   2011.67   1.8573E+04  -6.4983E+03   4.7394E+04  -1.0047E+01   1.0597E+00   1.5407E+01  -8.2218E-01   8.6717E-02  -2.5214E+00
   2011.75   1.8578E+04  -6.4940E+03   4.7386E+04  -1.0246E+01   1.0805E+00   1.5710E+01  -8.3844E-01   8.8421E-02  -2.5711E+00
   2011.83   1.8583E+04  -6.4897E+03   4.7379E+04  -1.0420E+01   1.0988E+00   1.5976E+01  -8.5268E-01   8.9912E-02  -2.6146E+00
   2011.92   1.8588E+04  -6.4854E+03   4.7371E+04  -1.0567E+01   1.1141E+00   1.6199E+01  -8.6466E-01   9.1166E-02  -2.6511E+00
   2012.00   1.8593E+04  -6.4810E+03   4.7363E+04  -1.0683E+01   1.1262E+00   1.6376E+01  -8.7418E-01   9.2158E-02  -2.6801E+00
