   1960.00   7.9645E+02  -4.0804E+03   5.5956E+04  -5.4988E-01   4.0289E-02   3.0284E+01  -4.4997E-02   3.2969E-03  -4.9563E+00
   1960.08   7.9749E+02  -4.0792E+03   5.5960E+04  -5.4644E-01   4.0183E-02   3.0096E+01  -4.4715E-02   3.2882E-03  -4.9255E+00
   1960.17   7.9852E+02  -4.0780E+03   5.5963E+04  -5.4166E-01   3.9977E-02   2.9834E+01  -4.4324E-02   3.2713E-03  -4.8826E+00
   1960.25   7.9956E+02  -4.0768E+03   5.5966E+04  -5.3563E-01   3.9678E-02   2.9504E+01  -4.3831E-02   3.2468E-03  -4.8286E+00
   1960.33   8.0059E+02  -4.0756E+03   5.5969E+04  -5.2847E-01   3.9294E-02   2.9112E+01  -4.3245E-02   3.2155E-03  -4.7644E+00
   1960.42   8.0163E+02  -4.0745E+03   5.5972E+04  -5.2028E-01   3.8834E-02   2.8662E+01  -4.2575E-02   3.1778E-03  -4.6909E+00
   1960.50   8.0267E+02  -4.0733E+03   5.5976E+04  -5.1115E-01   3.8306E-02   2.8161E+01  -4.1827E-02   3.1346E-03  -4.6089E+00
   1960.58   8.0371E+02  -4.0721E+03   5.5979E+04  -5.0118E-01   3.7717E-02   2.7614E+01  -4.1012E-02   3.0864E-03  -4.5194E+00
   1960.67   8.0475E+02  -4.0710E+03   5.5982E+04  -4.9048E-01   3.7076E-02   2.7027E+01  -4.0136E-02   3.0340E-03  -4.4233E+00
   1960.75   8.0580E+02  -4.0698E+03   5.5985E+04  -4.7915E-01   3.6391E-02   2.6405E+01  -3.9209E-02   2.9779E-03  -4.3215E+00
   1960.83   8.0684E+02  -4.0687E+03   5.5989E+04  -4.6728E-01   3.5668E-02   2.5754E+01  -3.8238E-02   2.9187E-03  -4.2149E+00
   1960.92   8.0788E+02  -4.0675E+03   5.5992E+04  -4.5498E-01   3.4917E-02   2.5079E+01  -3.7231E-02   2.8573E-03  -4.1044E+00
   1961.00   8.0892E+02  -4.0664E+03   5.5995E+04  -4.4235E-01   3.4146E-02   2.4386E+01  -3.6198E-02   2.7942E-03  -3.9910E+00
   1961.08   8.0996E+02  -4.0653E+03   5.5999E+04  -4.2949E-01   3.3362E-02   2.3680E+01  -3.5146E-02   2.7300E-03  -3.8754E+00
   1961.17   8.1099E+02  -4.0642E+03   5.6002E+04  -4.1651E-01   3.2574E-02   2.2967E+01  -3.4083E-02   2.6655E-03  -3.7587E+00
   1961.25   8.1203E+02  -4.0631E+03   5.6005E+04  -4.0349E-01   3.1789E-02   2.2252E+01  -3.3018E-02   2.6013E-03  -3.6418E+00
   1961.33   8.1307E+02  -4.0620E+03   5.6008E+04  -3.9055E-01   3.1015E-02   2.1541E+01  -3.1959E-02   2.5380E-03  -3.5254E+00
   1961.42   8.1410E+02  -4.0609E+03   5.6011E+04  -3.7778E-01   3.0260E-02   2.0840E+01  -3.0914E-02   2.4762E-03  -3.4106E+00
   1961.50   8.1513E+02  -4.0598E+03   5.6015E+04  -3.6528E-01   2.9533E-02   2.0153E+01  -2.9891E-02   2.4167E-03  -3.2983E+00
   1961.58   8.1616E+02  -4.0588E+03   5.6018E+04  -3.5316E-01   2.8842E-02   1.9487E+01  -2.8900E-02   2.3601E-03  -3.1893E+00
   1961.67   8.1719E+02  -4.0577E+03   5.6021E+04  -3.4152E-01   2.8193E-02   1.8848E+01  -2.7947E-02   2.3070E-03  -3.0846E+00
   1961.75   8.1821E+02  -4.0567E+03   5.6024E+04  -3.3046E-01   2.7596E-02   1.8240E+01  -2.7041E-02   2.2582E-03  -2.9851E+00
   1961.83   8.1923E+02  -4.0557E+03   5.6027E+04  -3.2007E-01   2.7058E-02   1.7668E+01  -2.6191E-02   2.2142E-03  -2.8916E+00
   1961.92   8.2025E+02  -4.0547E+03   5.6030E+04  -3.1046E-01   2.6587E-02   1.7140E+01  -2.5405E-02   2.1757E-03  -2.8052E+00
   1962.00   8.2126E+02  -4.0537E+03   5.6033E+04  -3.0173E-01   2.6192E-02   1.6660E+01  -2.4691E-02   2.1433E-03  -2.7266E+00
   1962.08   8.2227E+02  -4.0527E+03   5.6036E+04  -2.9395E-01   2.5877E-02   1.6232E+01  -2.4054E-02   2.1176E-03  -2.6566E+00
   1962.17   8.2328E+02  -4.0518E+03   5.6039E+04  -2.8710E-01   2.5640E-02   1.5855E+01  -2.3493E-02   2.0981E-03  -2.5948E+00
   1962.25   8.2428E+02  -4.0508E+03   5.6042E+04  -2.8110E-01   2.5474E-02   1.5524E+01  -2.3002E-02   2.0845E-03  -2.5407E+00
   1962.33   8.2527E+02  -4.0499E+03   5.6045E+04  -2.7590E-01   2.5373E-02   1.5237E+01  -2.2577E-02   2.0763E-03  -2.4938E+00
   1962.42   8.2626E+02  -4.0490E+03   5.6047E+04  -2.7143E-01   2.5332E-02   1.4991E+01  -2.2212E-02   2.0729E-03  -2.4535E+00
   1962.50   8.2725E+02  -4.0481E+03   5.6050E+04  -2.6765E-01   2.5344E-02   1.4782E+01  -2.1902E-02   2.0739E-03  -2.4192E+00
   1962.58   8.2822E+02  -4.0472E+03   5.6053E+04  -2.6447E-01   2.5403E-02   1.4606E+01  -2.1642E-02   2.0787E-03  -2.3904E+00
   1962.67   8.2919E+02  -4.0463E+03   5.6056E+04  -2.6185E-01   2.5503E-02   1.4461E+01  -2.1428E-02   2.0869E-03  -2.3666E+00
   1962.75   8.3015E+02  -4.0455E+03   5.6058E+04  -2.5973E-01   2.5639E-02   1.4342E+01  -2.1254E-02   2.0981E-03  -2.3472E+00
   1962.83   8.3111E+02  -4.0446E+03   5.6061E+04  -2.5803E-01   2.5804E-02   1.4247E+01  -2.1115E-02   2.1116E-03  -2.3317E+00
   1962.92   8.3205E+02  -4.0438E+03   5.6064E+04  -2.5671E-01   2.5993E-02   1.4173E+01  -2.1006E-02   2.1270E-03  -2.3195E+00
   1963.00   8.3299E+02  -4.0430E+03   5.6066E+04  -2.5569E-01   2.6199E-02   1.4115E+01  -2.0923E-02   2.1439E-03  -2.3101E+00
   1963.08   8.3391E+02  -4.0421E+03   5.6069E+04  -2.5493E-01   2.6417E-02   1.4071E+01  -2.0861E-02   2.1617E-03  -2.3028E+00
   1963.17   8.3483E+02  -4.0413E+03   5.6072E+04  -2.5435E-01   2.6640E-02   1.4037E+01  -2.0813E-02   2.1800E-03  -2.2973E+00
   1963.25   8.3573E+02  -4.0406E+03   5.6074E+04  -2.5390E-01   2.6862E-02   1.4010E+01  -2.0776E-02   2.1982E-03  -2.2928E+00
   1963.33   8.3663E+02  -4.0398E+03   5.6077E+04  -2.5351E-01   2.7079E-02   1.3986E+01  -2.0745E-02   2.2158E-03  -2.2890E+00
   1963.42   8.3751E+02  -4.0390E+03   5.6080E+04  -2.5313E-01   2.7282E-02   1.3963E+01  -2.0714E-02   2.2325E-03  -2.2851E+00
   1963.50   8.3838E+02  -4.0383E+03   5.6082E+04  -2.5269E-01   2.7467E-02   1.3936E+01  -2.0678E-02   2.2477E-03  -2.2808E+00
   1963.58   8.3924E+02  -4.0375E+03   5.6085E+04  -2.5214E-01   2.7628E-02   1.3903E+01  -2.0633E-02   2.2608E-03  -2.2753E+00
   1963.67   8.4008E+02  -4.0368E+03   5.6088E+04  -2.5141E-01   2.7758E-02   1.3859E+01  -2.0573E-02   2.2715E-03  -2.2683E+00
   1963.75   8.4091E+02  -4.0360E+03   5.6091E+04  -2.5044E-01   2.7852E-02   1.3803E+01  -2.0493E-02   2.2792E-03  -2.2590E+00
   1963.83   8.4173E+02  -4.0353E+03   5.6093E+04  -2.4916E-01   2.7904E-02   1.3730E+01  -2.0389E-02   2.2834E-03  -2.2471E+00
   1963.92   8.4253E+02  -4.0346E+03   5.6096E+04  -2.4753E-01   2.7907E-02   1.3637E+01  -2.0256E-02   2.2837E-03  -2.2319E+00
   1964.00   8.4332E+02  -4.0339E+03   5.6099E+04  -2.4548E-01   2.7856E-02   1.3521E+01  -2.0088E-02   2.2795E-03  -2.2128E+00
   1964.08   8.4409E+02  -4.0332E+03   5.6102E+04  -2.4296E-01   2.7747E-02   1.3379E+01  -1.9882E-02   2.2706E-03  -2.1897E+00
   1964.17   8.4484E+02  -4.0325E+03   5.6105E+04  -2.4004E-01   2.7588E-02   1.3215E+01  -1.9642E-02   2.2576E-03  -2.1627E+00
   1964.25   8.4558E+02  -4.0318E+03   5.6107E+04  -2.3677E-01   2.7389E-02   1.3031E+01  -1.9375E-02   2.2413E-03  -2.1327E+00
   1964.33   8.4630E+02  -4.0311E+03   5.6110E+04  -2.3323E-01   2.7160E-02   1.2833E+01  -1.9085E-02   2.2225E-03  -2.1002E+00
   1964.42   8.4701E+02  -4.0305E+03   5.6113E+04  -2.2949E-01   2.6910E-02   1.2623E+01  -1.8780E-02   2.2021E-03  -2.0658E+00
   1964.50   8.4770E+02  -4.0298E+03   5.6116E+04  -2.2563E-01   2.6651E-02   1.2405E+01  -1.8463E-02   2.1809E-03  -2.0303E+00
   1964.58   8.4837E+02  -4.0291E+03   5.6119E+04  -2.2171E-01   2.6391E-02   1.2184E+01  -1.8143E-02   2.1596E-03  -1.9941E+00
   1964.67   8.4903E+02  -4.0285E+03   5.6122E+04  -2.1781E-01   2.6142E-02   1.1964E+01  -1.7823E-02   2.1392E-03  -1.9580E+00
   1964.75   8.4967E+02  -4.0278E+03   5.6125E+04  -2.1399E-01   2.5913E-02   1.1747E+01  -1.7511E-02   2.1204E-03  -1.9225E+00
   1964.83   8.5029E+02  -4.0271E+03   5.6128E+04  -2.1033E-01   2.5713E-02   1.1538E+01  -1.7211E-02   2.1041E-03  -1.8883E+00
   1964.92   8.5089E+02  -4.0265E+03   5.6131E+04  -2.0690E-01   2.5554E-02   1.1341E+01  -1.6931E-02   2.0911E-03  -1.8561E+00
   1965.00   8.5148E+02  -4.0258E+03   5.6134E+04  -2.0377E-01   2.5445E-02   1.1159E+01  -1.6674E-02   2.0822E-03  -1.8264E+00
   1965.08   8.5205E+02  -4.0251E+03   5.6137E+04  -2.0100E-01   2.5397E-02   1.0997E+01  -1.6448E-02   2.0782E-03  -1.7998E+00
   1965.17   8.5260E+02  -4.0245E+03   5.6140E+04  -1.9868E-01   2.5418E-02   1.0859E+01  -1.6258E-02   2.0800E-03  -1.7771E+00
   1965.25   8.5313E+02  -4.0238E+03   5.6143E+04  -1.9688E-01   2.5520E-02   1.0747E+01  -1.6111E-02   2.0883E-03  -1.7588E+00
   1965.33   8.5364E+02  -4.0231E+03   5.6146E+04  -1.9566E-01   2.5713E-02   1.0666E+01  -1.6011E-02   2.1041E-03  -1.7456E+00
   1965.42   8.5414E+02  -4.0224E+03   5.6149E+04  -1.9509E-01   2.6006E-02   1.0620E+01  -1.5964E-02   2.1281E-03  -1.7381E+00
   1965.50   8.5461E+02  -4.0217E+03   5.6152E+04  -1.9525E-01   2.6409E-02   1.0613E+01  -1.5977E-02   2.1611E-03  -1.7369E+00
   1965.58   8.5507E+02  -4.0210E+03   5.6156E+04  -1.9621E-01   2.6933E-02   1.0648E+01  -1.6056E-02   2.2040E-03  -1.7426E+00
   1965.67   8.5551E+02  -4.0203E+03   5.6159E+04  -1.9803E-01   2.7588E-02   1.0729E+01  -1.6205E-02   2.2576E-03  -1.7559E+00
   1965.75   8.5592E+02  -4.0196E+03   5.6162E+04  -2.0080E-01   2.8384E-02   1.0861E+01  -1.6432E-02   2.3226E-03  -1.7775E+00
   1965.83   8.5632E+02  -4.0188E+03   5.6165E+04  -2.0458E-01   2.9330E-02   1.1046E+01  -1.6741E-02   2.4000E-03  -1.8078E+00
   1965.92   8.5670E+02  -4.0181E+03   5.6168E+04  -2.0944E-01   3.0436E-02   1.1289E+01  -1.7139E-02   2.4906E-03  -1.8476E+00
   1966.00   8.5706E+02  -4.0173E+03   5.6171E+04  -2.1545E-01   3.1714E-02   1.1594E+01  -1.7631E-02   2.5952E-03  -1.8976E+00
   1966.08   8.5739E+02  -4.0165E+03   5.6174E+04  -2.2266E-01   3.3168E-02   1.1963E+01  -1.8221E-02   2.7142E-03  -1.9579E+00
   1966.17   8.5771E+02  -4.0158E+03   5.6177E+04  -2.3100E-01   3.4788E-02   1.2392E+01  -1.8903E-02   2.8467E-03  -2.0281E+00
   1966.25   8.5801E+02  -4.0150E+03   5.6180E+04  -2.4035E-01   3.6557E-02   1.2876E+01  -1.9668E-02   2.9915E-03  -2.1072E+00
   1966.33   8.5829E+02  -4.0142E+03   5.6183E+04  -2.5062E-01   3.8461E-02   1.3408E+01  -2.0508E-02   3.1473E-03  -2.1944E+00
   1966.42   8.5856E+02  -4.0133E+03   5.6186E+04  -2.6170E-01   4.0484E-02   1.3984E+01  -2.1415E-02   3.3128E-03  -2.2887E+00
   1966.50   8.5880E+02  -4.0125E+03   5.6189E+04  -2.7350E-01   4.2610E-02   1.4598E+01  -2.2380E-02   3.4868E-03  -2.3892E+00
   1966.58   8.5904E+02  -4.0117E+03   5.6192E+04  -2.8590E-01   4.4824E-02   1.5245E+01  -2.3396E-02   3.6680E-03  -2.4950E+00
   1966.67   8.5925E+02  -4.0108E+03   5.6195E+04  -2.9882E-01   4.7111E-02   1.5919E+01  -2.4452E-02   3.8551E-03  -2.6053E+00
   1966.75   8.5946E+02  -4.0100E+03   5.6198E+04  -3.1214E-01   4.9455E-02   1.6614E+01  -2.5542E-02   4.0469E-03  -2.7191E+00
   1966.83   8.5965E+02  -4.0091E+03   5.6201E+04  -3.2576E-01   5.1840E-02   1.7326E+01  -2.6657E-02   4.2421E-03  -2.8355E+00
   1966.92   8.5983E+02  -4.0083E+03   5.6205E+04  -3.3958E-01   5.4251E-02   1.8048E+01  -2.7788E-02   4.4394E-03  -2.9537E+00
   1967.00   8.6000E+02  -4.0074E+03   5.6208E+04  -3.5350E-01   5.6673E-02   1.8775E+01  -2.8927E-02   4.6376E-03  -3.0727E+00
   1967.08   8.6016E+02  -4.0065E+03   5.6211E+04  -3.6742E-01   5.9090E-02   1.9502E+01  -3.0066E-02   4.8354E-03  -3.1917E+00
   1967.17   8.6031E+02  -4.0057E+03   5.6214E+04  -3.8122E-01   6.1486E-02   2.0223E+01  -3.1196E-02   5.0315E-03  -3.3097E+00
   1967.25   8.6045E+02  -4.0048E+03   5.6217E+04  -3.9482E-01   6.3847E-02   2.0933E+01  -3.2309E-02   5.2246E-03  -3.4259E+00
   1967.33   8.6058E+02  -4.0039E+03   5.6221E+04  -4.0811E-01   6.6156E-02   2.1626E+01  -3.3396E-02   5.4136E-03  -3.5394E+00
   1967.42   8.6070E+02  -4.0031E+03   5.6224E+04  -4.2098E-01   6.8399E-02   2.2297E+01  -3.4449E-02   5.5971E-03  -3.6491E+00
   1967.50   8.6082E+02  -4.0022E+03   5.6228E+04  -4.3334E-01   7.0559E-02   2.2940E+01  -3.5460E-02   5.7739E-03  -3.7544E+00
   1967.58   8.6093E+02  -4.0013E+03   5.6231E+04  -4.4507E-01   7.2621E-02   2.3550E+01  -3.6420E-02   5.9426E-03  -3.8542E+00
   1967.67   8.6104E+02  -4.0005E+03   5.6235E+04  -4.5608E-01   7.4570E-02   2.4121E+01  -3.7322E-02   6.1021E-03  -3.9477E+00
   1967.75   8.6115E+02  -3.9996E+03   5.6238E+04  -4.6627E-01   7.6390E-02   2.4648E+01  -3.8155E-02   6.2511E-03  -4.0339E+00
   1967.83   8.6125E+02  -3.9987E+03   5.6242E+04  -4.7554E-01   7.8066E-02   2.5125E+01  -3.8913E-02   6.3882E-03  -4.1120E+00
   1967.92   8.6135E+02  -3.9979E+03   5.6246E+04  -4.8377E-01   7.9583E-02   2.5547E+01  -3.9587E-02   6.5123E-03  -4.1811E+00
   1968.00   8.6145E+02  -3.9970E+03   5.6249E+04  -4.9087E-01   8.0924E-02   2.5909E+01  -4.0168E-02   6.6220E-03  -4.2402E+00
   1968.08   8.6155E+02  -3.9962E+03   5.6253E+04  -4.9676E-01   8.2078E-02   2.6205E+01  -4.0650E-02   6.7165E-03  -4.2888E+00
   1968.17   8.6165E+02  -3.9953E+03   5.6257E+04  -5.0148E-01   8.3050E-02   2.6439E+01  -4.1036E-02   6.7960E-03  -4.3270E+00
   1968.25   8.6174E+02  -3.9945E+03   5.6261E+04  -5.0507E-01   8.3847E-02   2.6612E+01  -4.1330E-02   6.8612E-03  -4.3553E+00
   1968.33   8.6184E+02  -3.9937E+03   5.6265E+04  -5.0759E-01   8.4478E-02   2.6728E+01  -4.1536E-02   6.9129E-03  -4.3743E+00
   1968.42   8.6194E+02  -3.9929E+03   5.6270E+04  -5.0910E-01   8.4952E-02   2.6790E+01  -4.1660E-02   6.9516E-03  -4.3845E+00
   1968.50   8.6203E+02  -3.9920E+03   5.6274E+04  -5.0965E-01   8.5275E-02   2.6800E+01  -4.1705E-02   6.9781E-03  -4.3862E+00
   1968.58   8.6213E+02  -3.9912E+03   5.6278E+04  -5.0930E-01   8.5457E-02   2.6763E+01  -4.1676E-02   6.9930E-03  -4.3800E+00
   1968.67   8.6223E+02  -3.9904E+03   5.6282E+04  -5.0810E-01   8.5506E-02   2.6680E+01  -4.1578E-02   6.9970E-03  -4.3664E+00
   1968.75   8.6232E+02  -3.9896E+03   5.6287E+04  -5.0610E-01   8.5429E-02   2.6554E+01  -4.1415E-02   6.9907E-03  -4.3459E+00
   1968.83   8.6242E+02  -3.9888E+03   5.6291E+04  -5.0337E-01   8.5236E-02   2.6390E+01  -4.1191E-02   6.9749E-03  -4.3190E+00
   1968.92   8.6251E+02  -3.9880E+03   5.6296E+04  -4.9996E-01   8.4933E-02   2.6189E+01  -4.0912E-02   6.9501E-03  -4.2861E+00
   1969.00   8.6261E+02  -3.9873E+03   5.6300E+04  -4.9592E-01   8.4530E-02   2.5954E+01  -4.0581E-02   6.9171E-03  -4.2477E+00
   1969.08   8.6271E+02  -3.9865E+03   5.6305E+04  -4.9130E-01   8.4035E-02   2.5689E+01  -4.0204E-02   6.8766E-03  -4.2044E+00
   1969.17   8.6280E+02  -3.9857E+03   5.6309E+04  -4.8617E-01   8.3455E-02   2.5397E+01  -3.9784E-02   6.8292E-03  -4.1565E+00
   1969.25   8.6290E+02  -3.9849E+03   5.6314E+04  -4.8058E-01   8.2799E-02   2.5080E+01  -3.9326E-02   6.7755E-03  -4.1047E+00
   1969.33   8.6299E+02  -3.9841E+03   5.6319E+04  -4.7458E-01   8.2075E-02   2.4742E+01  -3.8835E-02   6.7163E-03  -4.0493E+00
   1969.42   8.6309E+02  -3.9834E+03   5.6323E+04  -4.6823E-01   8.1292E-02   2.4385E+01  -3.8316E-02   6.6522E-03  -3.9909E+00
   1969.50   8.6319E+02  -3.9826E+03   5.6328E+04  -4.6159E-01   8.0457E-02   2.4013E+01  -3.7772E-02   6.5838E-03  -3.9300E+00
   1969.58   8.6328E+02  -3.9818E+03   5.6333E+04  -4.5470E-01   7.9579E-02   2.3628E+01  -3.7208E-02   6.5120E-03  -3.8670E+00
   1969.67   8.6338E+02  -3.9811E+03   5.6337E+04  -4.4763E-01   7.8665E-02   2.3234E+01  -3.6629E-02   6.4372E-03  -3.8025E+00
   1969.75   8.6348E+02  -3.9803E+03   5.6342E+04  -4.4042E-01   7.7725E-02   2.2833E+01  -3.6040E-02   6.3602E-03  -3.7369E+00
   1969.83   8.6358E+02  -3.9795E+03   5.6347E+04  -4.3314E-01   7.6766E-02   2.2429E+01  -3.5444E-02   6.2818E-03  -3.6707E+00
   1969.92   8.6367E+02  -3.9788E+03   5.6352E+04  -4.2584E-01   7.5796E-02   2.2023E+01  -3.4847E-02   6.2024E-03  -3.6044E+00
   1970.00   8.6377E+02  -3.9780E+03   5.6356E+04  -4.1858E-01   7.4824E-02   2.1620E+01  -3.4252E-02   6.1228E-03  -3.5384E+00
   1970.08   8.6387E+02  -3.9772E+03   5.6361E+04  -4.1140E-01   7.3857E-02   2.1223E+01  -3.3665E-02   6.0438E-03  -3.4733E+00
   1970.17   8.6397E+02  -3.9765E+03   5.6366E+04  -4.0435E-01   7.2905E-02   2.0832E+01  -3.3088E-02   5.9659E-03  -3.4094E+00
   1970.25   8.6408E+02  -3.9757E+03   5.6370E+04  -3.9747E-01   7.1976E-02   2.0451E+01  -3.2525E-02   5.8899E-03  -3.3470E+00
   1970.33   8.6419E+02  -3.9750E+03   5.6375E+04  -3.9081E-01   7.1079E-02   2.0081E+01  -3.1980E-02   5.8164E-03  -3.2865E+00
   1970.42   8.6431E+02  -3.9742E+03   5.6380E+04  -3.8439E-01   7.0222E-02   1.9724E+01  -3.1455E-02   5.7463E-03  -3.2281E+00
   1970.50   8.6445E+02  -3.9735E+03   5.6385E+04  -3.7828E-01   6.9413E-02   1.9382E+01  -3.0954E-02   5.6801E-03  -3.1721E+00
   1970.58   8.6459E+02  -3.9727E+03   5.6389E+04  -3.7249E-01   6.8661E-02   1.9058E+01  -3.0481E-02   5.6186E-03  -3.1190E+00
   1970.67   8.6476E+02  -3.9719E+03   5.6394E+04  -3.6708E-01   6.7976E-02   1.8752E+01  -3.0038E-02   5.5625E-03  -3.0690E+00
   1970.75   8.6494E+02  -3.9712E+03   5.6398E+04  -3.6209E-01   6.7365E-02   1.8467E+01  -2.9630E-02   5.5125E-03  -3.0223E+00
   1970.83   8.6514E+02  -3.9704E+03   5.6403E+04  -3.5755E-01   6.6837E-02   1.8205E+01  -2.9258E-02   5.4693E-03  -2.9795E+00
   1970.92   8.6536E+02  -3.9697E+03   5.6408E+04  -3.5350E-01   6.6400E-02   1.7968E+01  -2.8927E-02   5.4336E-03  -2.9407E+00
   1971.00   8.6561E+02  -3.9689E+03   5.6412E+04  -3.5000E-01   6.6064E-02   1.7758E+01  -2.8641E-02   5.4061E-03  -2.9063E+00
   1971.08   8.6589E+02  -3.9682E+03   5.6417E+04  -3.4707E-01   6.5837E-02   1.7577E+01  -2.8401E-02   5.3874E-03  -2.8766E+00
   1971.17   8.6619E+02  -3.9674E+03   5.6421E+04  -3.4477E-01   6.5727E-02   1.7426E+01  -2.8212E-02   5.3784E-03  -2.8520E+00
   1971.25   8.6652E+02  -3.9667E+03   5.6426E+04  -3.4312E-01   6.5742E-02   1.7308E+01  -2.8077E-02   5.3797E-03  -2.8327E+00
   1971.33   8.6689E+02  -3.9659E+03   5.6430E+04  -3.4217E-01   6.5893E-02   1.7225E+01  -2.8000E-02   5.3920E-03  -2.8190E+00
   1971.42   8.6729E+02  -3.9652E+03   5.6435E+04  -3.4196E-01   6.6186E-02   1.7178E+01  -2.7983E-02   5.4160E-03  -2.8114E+00
   1971.50   8.6773E+02  -3.9644E+03   5.6439E+04  -3.4254E-01   6.6631E-02   1.7170E+01  -2.8030E-02   5.4525E-03  -2.8100E+00
   1971.58   8.6821E+02  -3.9637E+03   5.6444E+04  -3.4393E-01   6.7237E-02   1.7202E+01  -2.8144E-02   5.5020E-03  -2.8153E+00
   1971.67   8.6874E+02  -3.9629E+03   5.6448E+04  -3.4619E-01   6.8011E-02   1.7277E+01  -2.8329E-02   5.5654E-03  -2.8276E+00
   1971.75   8.6930E+02  -3.9622E+03   5.6452E+04  -3.4936E-01   6.8963E-02   1.7396E+01  -2.8588E-02   5.6432E-03  -2.8471E+00
   1971.83   8.6991E+02  -3.9614E+03   5.6456E+04  -3.5346E-01   7.0100E-02   1.7562E+01  -2.8924E-02   5.7363E-03  -2.8742E+00
   1971.92   8.7058E+02  -3.9607E+03   5.6461E+04  -3.5856E-01   7.1433E-02   1.7776E+01  -2.9341E-02   5.8454E-03  -2.9092E+00
   1972.00   8.7129E+02  -3.9599E+03   5.6465E+04  -3.6467E-01   7.2968E-02   1.8040E+01  -2.9841E-02   5.9710E-03  -2.9525E+00
   1972.08   8.7205E+02  -3.9592E+03   5.6469E+04  -3.7183E-01   7.4710E-02   1.8355E+01  -3.0427E-02   6.1135E-03  -3.0040E+00
   1972.17   8.7287E+02  -3.9584E+03   5.6473E+04  -3.7994E-01   7.6639E-02   1.8717E+01  -3.1091E-02   6.2714E-03  -3.0632E+00
   1972.25   8.7374E+02  -3.9577E+03   5.6477E+04  -3.8888E-01   7.8733E-02   1.9120E+01  -3.1822E-02   6.4427E-03  -3.1292E+00
   1972.33   8.7465E+02  -3.9569E+03   5.6481E+04  -3.9854E-01   8.0965E-02   1.9558E+01  -3.2612E-02   6.6254E-03  -3.2008E+00
   1972.42   8.7562E+02  -3.9562E+03   5.6485E+04  -4.0879E-01   8.3313E-02   2.0025E+01  -3.3451E-02   6.8175E-03  -3.2774E+00
   1972.50   8.7664E+02  -3.9555E+03   5.6489E+04  -4.1953E-01   8.5753E-02   2.0517E+01  -3.4330E-02   7.0172E-03  -3.3578E+00
   1972.58   8.7771E+02  -3.9547E+03   5.6493E+04  -4.3063E-01   8.8259E-02   2.1027E+01  -3.5238E-02   7.2223E-03  -3.4413E+00
   1972.67   8.7882E+02  -3.9540E+03   5.6497E+04  -4.4198E-01   9.0809E-02   2.1549E+01  -3.6167E-02   7.4309E-03  -3.5268E+00
   1972.75   8.7999E+02  -3.9532E+03   5.6500E+04  -4.5345E-01   9.3378E-02   2.2079E+01  -3.7106E-02   7.6412E-03  -3.6135E+00
   1972.83   8.8120E+02  -3.9525E+03   5.6504E+04  -4.6495E-01   9.5942E-02   2.2610E+01  -3.8047E-02   7.8510E-03  -3.7004E+00
   1972.92   8.8245E+02  -3.9518E+03   5.6508E+04  -4.7634E-01   9.8477E-02   2.3137E+01  -3.8979E-02   8.0584E-03  -3.7866E+00
   1973.00   8.8375E+02  -3.9510E+03   5.6512E+04  -4.8751E-01   1.0096E-01   2.3653E+01  -3.9893E-02   8.2615E-03  -3.8711E+00
   1973.08   8.8510E+02  -3.9503E+03   5.6516E+04  -4.9834E-01   1.0336E-01   2.4155E+01  -4.0780E-02   8.4583E-03  -3.9532E+00
   1973.17   8.8649E+02  -3.9496E+03   5.6519E+04  -5.0872E-01   1.0567E-01   2.4634E+01  -4.1629E-02   8.6468E-03  -4.0317E+00
   1973.25   8.8792E+02  -3.9488E+03   5.6523E+04  -5.1853E-01   1.0784E-01   2.5087E+01  -4.2432E-02   8.8250E-03  -4.1058E+00
   1973.33   8.8940E+02  -3.9481E+03   5.6527E+04  -5.2765E-01   1.0987E-01   2.5508E+01  -4.3178E-02   8.9910E-03  -4.1746E+00
   1973.42   8.9092E+02  -3.9474E+03   5.6530E+04  -5.3597E-01   1.1173E-01   2.5890E+01  -4.3859E-02   9.1428E-03  -4.2372E+00
   1973.50   8.9248E+02  -3.9467E+03   5.6534E+04  -5.4336E-01   1.1339E-01   2.6229E+01  -4.4464E-02   9.2784E-03  -4.2926E+00
   1973.58   8.9408E+02  -3.9460E+03   5.6538E+04  -5.4972E-01   1.1482E-01   2.6517E+01  -4.4984E-02   9.3959E-03  -4.3399E+00
   1973.67   8.9572E+02  -3.9452E+03   5.6541E+04  -5.5492E-01   1.1601E-01   2.6751E+01  -4.5409E-02   9.4933E-03  -4.3781E+00
   1973.75   8.9740E+02  -3.9445E+03   5.6545E+04  -5.5885E-01   1.1693E-01   2.6924E+01  -4.5731E-02   9.5686E-03  -4.4064E+00
   1973.83   8.9912E+02  -3.9438E+03   5.6549E+04  -5.6139E-01   1.1756E-01   2.7031E+01  -4.5939E-02   9.6198E-03  -4.4238E+00
   1973.92   9.0088E+02  -3.9431E+03   5.6552E+04  -5.6242E-01   1.1787E-01   2.7065E+01  -4.6023E-02   9.6451E-03  -4.4295E+00
   1974.00   9.0268E+02  -3.9424E+03   5.6556E+04  -5.6183E-01   1.1783E-01   2.7021E+01  -4.5975E-02   9.6423E-03  -4.4223E+00
   1974.08   9.0451E+02  -3.9418E+03   5.6560E+04  -5.5954E-01   1.1744E-01   2.6897E+01  -4.5788E-02   9.6103E-03  -4.4019E+00
   1974.17   9.0638E+02  -3.9411E+03   5.6563E+04  -5.5566E-01   1.1672E-01   2.6696E+01  -4.5470E-02   9.5510E-03  -4.3690E+00
   1974.25   9.0828E+02  -3.9404E+03   5.6567E+04  -5.5035E-01   1.1569E-01   2.6425E+01  -4.5035E-02   9.4670E-03  -4.3248E+00
   1974.33   9.1023E+02  -3.9397E+03   5.6571E+04  -5.4374E-01   1.1439E-01   2.6092E+01  -4.4494E-02   9.3609E-03  -4.2703E+00
   1974.42   9.1220E+02  -3.9390E+03   5.6574E+04  -5.3598E-01   1.1286E-01   2.5704E+01  -4.3860E-02   9.2353E-03  -4.2068E+00
   1974.50   9.1422E+02  -3.9384E+03   5.6578E+04  -5.2723E-01   1.1112E-01   2.5268E+01  -4.3144E-02   9.0929E-03  -4.1354E+00
   1974.58   9.1627E+02  -3.9377E+03   5.6582E+04  -5.1764E-01   1.0921E-01   2.4791E+01  -4.2359E-02   8.9363E-03  -4.0573E+00
   1974.67   9.1835E+02  -3.9370E+03   5.6585E+04  -5.0736E-01   1.0715E-01   2.4280E+01  -4.1517E-02   8.7682E-03  -3.9736E+00
   1974.75   9.2048E+02  -3.9364E+03   5.6589E+04  -4.9653E-01   1.0499E-01   2.3741E+01  -4.0631E-02   8.5910E-03  -3.8855E+00
   1974.83   9.2263E+02  -3.9357E+03   5.6592E+04  -4.8530E-01   1.0274E-01   2.3183E+01  -3.9712E-02   8.4076E-03  -3.7942E+00
   1974.92   9.2482E+02  -3.9350E+03   5.6596E+04  -4.7383E-01   1.0046E-01   2.2612E+01  -3.8774E-02   8.2204E-03  -3.7007E+00
   1975.00   9.2705E+02  -3.9343E+03   5.6599E+04  -4.6226E-01   9.8156E-02   2.2035E+01  -3.7827E-02   8.0322E-03  -3.6062E+00
   1975.08   9.2931E+02  -3.9337E+03   5.6603E+04  -4.5074E-01   9.5875E-02   2.1459E+01  -3.6884E-02   7.8455E-03  -3.5120E+00
   1975.17   9.3161E+02  -3.9330E+03   5.6606E+04  -4.3943E-01   9.3645E-02   2.0891E+01  -3.5958E-02   7.6630E-03  -3.4190E+00
   1975.25   9.3394E+02  -3.9323E+03   5.6609E+04  -4.2846E-01   9.1498E-02   2.0339E+01  -3.5061E-02   7.4873E-03  -3.3286E+00
   1975.33   9.3631E+02  -3.9316E+03   5.6613E+04  -4.1800E-01   8.9466E-02   1.9808E+01  -3.4205E-02   7.3210E-03  -3.2419E+00
   1975.42   9.3871E+02  -3.9309E+03   5.6616E+04  -4.0818E-01   8.7581E-02   1.9308E+01  -3.3402E-02   7.1668E-03  -3.1599E+00
   1975.50   9.4115E+02  -3.9302E+03   5.6619E+04  -3.9917E-01   8.5876E-02   1.8843E+01  -3.2664E-02   7.0273E-03  -3.0839E+00
   1975.58   9.4361E+02  -3.9295E+03   5.6622E+04  -3.9110E-01   8.4382E-02   1.8422E+01  -3.2004E-02   6.9050E-03  -3.0150E+00
   1975.67   9.4612E+02  -3.9288E+03   5.6625E+04  -3.8413E-01   8.3132E-02   1.8052E+01  -3.1434E-02   6.8027E-03  -2.9544E+00
   1975.75   9.4865E+02  -3.9281E+03   5.6627E+04  -3.7841E-01   8.2158E-02   1.7739E+01  -3.0966E-02   6.7230E-03  -2.9032E+00
   1975.83   9.5123E+02  -3.9273E+03   5.6630E+04  -3.7409E-01   8.1491E-02   1.7491E+01  -3.0612E-02   6.6685E-03  -2.8626E+00
   1975.92   9.5383E+02  -3.9266E+03   5.6633E+04  -3.7131E-01   8.1165E-02   1.7315E+01  -3.0385E-02   6.6417E-03  -2.8337E+00
   1976.00   9.5647E+02  -3.9259E+03   5.6635E+04  -3.7023E-01   8.1210E-02   1.7217E+01  -3.0296E-02   6.6455E-03  -2.8177E+00
   1976.08   9.5914E+02  -3.9251E+03   5.6638E+04  -3.7095E-01   8.1649E-02   1.7203E+01  -3.0355E-02   6.6814E-03  -2.8154E+00
   1976.17   9.6184E+02  -3.9244E+03   5.6640E+04  -3.7336E-01   8.2459E-02   1.7267E+01  -3.0552E-02   6.7477E-03  -2.8260E+00
   1976.25   9.6457E+02  -3.9236E+03   5.6642E+04  -3.7733E-01   8.3609E-02   1.7405E+01  -3.0877E-02   6.8417E-03  -2.8485E+00
   1976.33   9.6733E+02  -3.9228E+03   5.6644E+04  -3.8271E-01   8.5065E-02   1.7608E+01  -3.1317E-02   6.9609E-03  -2.8817E+00
   1976.42   9.7011E+02  -3.9220E+03   5.6646E+04  -3.8935E-01   8.6796E-02   1.7870E+01  -3.1861E-02   7.1025E-03  -2.9247E+00
   1976.50   9.7292E+02  -3.9212E+03   5.6648E+04  -3.9711E-01   8.8769E-02   1.8185E+01  -3.2496E-02   7.2640E-03  -2.9762E+00
   1976.58   9.7575E+02  -3.9205E+03   5.6650E+04  -4.0585E-01   9.0951E-02   1.8546E+01  -3.3211E-02   7.4426E-03  -3.0352E+00
   1976.67   9.7859E+02  -3.9197E+03   5.6652E+04  -4.1542E-01   9.3311E-02   1.8946E+01  -3.3994E-02   7.6356E-03  -3.1007E+00
   1976.75   9.8146E+02  -3.9189E+03   5.6653E+04  -4.2567E-01   9.5815E-02   1.9378E+01  -3.4833E-02   7.8406E-03  -3.1715E+00
   1976.83   9.8434E+02  -3.9181E+03   5.6655E+04  -4.3647E-01   9.8431E-02   1.9837E+01  -3.5716E-02   8.0547E-03  -3.2465E+00
   1976.92   9.8723E+02  -3.9173E+03   5.6656E+04  -4.4765E-01   1.0113E-01   2.0314E+01  -3.6632E-02   8.2753E-03  -3.3247E+00
   1977.00   9.9014E+02  -3.9165E+03   5.6657E+04  -4.5909E-01   1.0387E-01   2.0805E+01  -3.7568E-02   8.4999E-03  -3.4049E+00
   1977.08   9.9306E+02  -3.9157E+03   5.6659E+04  -4.7063E-01   1.0663E-01   2.1301E+01  -3.8512E-02   8.7257E-03  -3.4861E+00
   1977.17   9.9598E+02  -3.9149E+03   5.6660E+04  -4.8213E-01   1.0937E-01   2.1797E+01  -3.9453E-02   8.9500E-03  -3.5673E+00
   1977.25   9.9891E+02  -3.9141E+03   5.6661E+04  -4.9345E-01   1.1206E-01   2.2285E+01  -4.0379E-02   9.1703E-03  -3.6472E+00
   1977.33   1.0018E+03  -3.9134E+03   5.6662E+04  -5.0443E-01   1.1467E-01   2.2759E+01  -4.1278E-02   9.3839E-03  -3.7248E+00
   1977.42   1.0048E+03  -3.9126E+03   5.6663E+04  -5.1494E-01   1.1717E-01   2.3213E+01  -4.2138E-02   9.5881E-03  -3.7991E+00
   1977.50   1.0077E+03  -3.9119E+03   5.6664E+04  -5.2483E-01   1.1952E-01   2.3640E+01  -4.2947E-02   9.7802E-03  -3.8689E+00
   1977.58   1.0106E+03  -3.9111E+03   5.6664E+04  -5.3395E-01   1.2169E-01   2.4032E+01  -4.3694E-02   9.9577E-03  -3.9331E+00
   1977.67   1.0136E+03  -3.9104E+03   5.6665E+04  -5.4216E-01   1.2364E-01   2.4384E+01  -4.4366E-02   1.0118E-02  -3.9907E+00
   1977.75   1.0165E+03  -3.9096E+03   5.6666E+04  -5.4932E-01   1.2536E-01   2.4689E+01  -4.4951E-02   1.0258E-02  -4.0406E+00
   1977.83   1.0194E+03  -3.9089E+03   5.6666E+04  -5.5528E-01   1.2679E-01   2.4940E+01  -4.5438E-02   1.0375E-02  -4.0817E+00
   1977.92   1.0223E+03  -3.9082E+03   5.6667E+04  -5.5989E-01   1.2792E-01   2.5130E+01  -4.5816E-02   1.0468E-02  -4.1128E+00
   1978.00   1.0252E+03  -3.9076E+03   5.6667E+04  -5.6301E-01   1.2870E-01   2.5253E+01  -4.6071E-02   1.0532E-02  -4.1330E+00
   1978.08   1.0281E+03  -3.9069E+03   5.6667E+04  -5.6454E-01   1.2913E-01   2.5305E+01  -4.6196E-02   1.0567E-02  -4.1414E+00
   1978.17   1.0309E+03  -3.9062E+03   5.6668E+04  -5.6458E-01   1.2921E-01   2.5289E+01  -4.6199E-02   1.0573E-02  -4.1388E+00
   1978.25   1.0338E+03  -3.9056E+03   5.6668E+04  -5.6327E-01   1.2898E-01   2.5212E+01  -4.6092E-02   1.0555E-02  -4.1261E+00
   1978.33   1.0366E+03  -3.9050E+03   5.6668E+04  -5.6075E-01   1.2848E-01   2.5079E+01  -4.5887E-02   1.0514E-02  -4.1045E+00
   1978.42   1.0394E+03  -3.9044E+03   5.6668E+04  -5.5718E-01   1.2774E-01   2.4899E+01  -4.5594E-02   1.0453E-02  -4.0749E+00
   1978.50   1.0422E+03  -3.9037E+03   5.6668E+04  -5.5268E-01   1.2678E-01   2.4676E+01  -4.5226E-02   1.0375E-02  -4.0384E+00
   1978.58   1.0450E+03  -3.9032E+03   5.6668E+04  -5.4742E-01   1.2565E-01   2.4417E+01  -4.4795E-02   1.0282E-02  -3.9960E+00
   1978.67   1.0477E+03  -3.9026E+03   5.6668E+04  -5.4152E-01   1.2438E-01   2.4128E+01  -4.4313E-02   1.0178E-02  -3.9488E+00
   1978.75   1.0504E+03  -3.9020E+03   5.6668E+04  -5.3514E-01   1.2299E-01   2.3815E+01  -4.3791E-02   1.0065E-02  -3.8976E+00
   1978.83   1.0532E+03  -3.9014E+03   5.6667E+04  -5.2842E-01   1.2153E-01   2.3486E+01  -4.3241E-02   9.9450E-03  -3.8437E+00
   1978.92   1.0558E+03  -3.9008E+03   5.6667E+04  -5.2149E-01   1.2003E-01   2.3146E+01  -4.2674E-02   9.8217E-03  -3.7880E+00
   1979.00   1.0585E+03  -3.9003E+03   5.6667E+04  -5.1452E-01   1.1851E-01   2.2801E+01  -4.2103E-02   9.6974E-03  -3.7316E+00
   1979.08   1.0611E+03  -3.8997E+03   5.6666E+04  -5.0763E-01   1.1701E-01   2.2458E+01  -4.1539E-02   9.5749E-03  -3.6755E+00
   1979.17   1.0637E+03  -3.8992E+03   5.6666E+04  -5.0097E-01   1.1556E-01   2.2123E+01  -4.0995E-02   9.4567E-03  -3.6207E+00
   1979.25   1.0663E+03  -3.8986E+03   5.6665E+04  -4.9469E-01   1.1421E-01   2.1802E+01  -4.0481E-02   9.3456E-03  -3.5682E+00
   1979.33   1.0689E+03  -3.8981E+03   5.6665E+04  -4.8893E-01   1.1297E-01   2.1502E+01  -4.0009E-02   9.2444E-03  -3.5191E+00
   1979.42   1.0714E+03  -3.8975E+03   5.6664E+04  -4.8383E-01   1.1189E-01   2.1229E+01  -3.9592E-02   9.1556E-03  -3.4744E+00
   1979.50   1.0739E+03  -3.8970E+03   5.6663E+04  -4.7954E-01   1.1099E-01   2.0990E+01  -3.9241E-02   9.0820E-03  -3.4352E+00
   1979.58   1.0764E+03  -3.8964E+03   5.6662E+04  -4.7620E-01   1.1030E-01   2.0789E+01  -3.8968E-02   9.0263E-03  -3.4024E+00
   1979.67   1.0788E+03  -3.8959E+03   5.6661E+04  -4.7396E-01   1.0988E-01   2.0635E+01  -3.8784E-02   8.9911E-03  -3.3771E+00
   1979.75   1.0812E+03  -3.8953E+03   5.6661E+04  -4.7296E-01   1.0973E-01   2.0533E+01  -3.8702E-02   8.9792E-03  -3.3604E+00
   1979.83   1.0836E+03  -3.8947E+03   5.6660E+04  -4.7333E-01   1.0990E-01   2.0489E+01  -3.8733E-02   8.9933E-03  -3.3532E+00
   1979.92   1.0859E+03  -3.8941E+03   5.6658E+04  -4.7524E-01   1.1042E-01   2.0510E+01  -3.8889E-02   9.0360E-03  -3.3567E+00
   1980.00   1.0882E+03  -3.8936E+03   5.6657E+04  -4.7881E-01   1.1133E-01   2.0602E+01  -3.9181E-02   9.1100E-03  -3.3717E+00
   1980.08   1.0904E+03  -3.8930E+03   5.6656E+04  -4.8415E-01   1.1264E-01   2.0769E+01  -3.9618E-02   9.2172E-03  -3.3991E+00
   1980.17   1.0927E+03  -3.8924E+03   5.6655E+04  -4.9117E-01   1.1433E-01   2.1008E+01  -4.0192E-02   9.3559E-03  -3.4382E+00
   1980.25   1.0949E+03  -3.8918E+03   5.6654E+04  -4.9973E-01   1.1638E-01   2.1313E+01  -4.0893E-02   9.5233E-03  -3.4881E+00
   1980.33   1.0970E+03  -3.8912E+03   5.6652E+04  -5.0970E-01   1.1875E-01   2.1678E+01  -4.1709E-02   9.7170E-03  -3.5478E+00
   1980.42   1.0991E+03  -3.8905E+03   5.6651E+04  -5.2094E-01   1.2140E-01   2.2097E+01  -4.2629E-02   9.9344E-03  -3.6164E+00
   1980.50   1.1012E+03  -3.8899E+03   5.6649E+04  -5.3332E-01   1.2432E-01   2.2564E+01  -4.3642E-02   1.0173E-02  -3.6929E+00
   1980.58   1.1033E+03  -3.8893E+03   5.6648E+04  -5.4671E-01   1.2746E-01   2.3075E+01  -4.4737E-02   1.0430E-02  -3.7764E+00
   1980.67   1.1053E+03  -3.8886E+03   5.6646E+04  -5.6096E-01   1.3079E-01   2.3622E+01  -4.5904E-02   1.0703E-02  -3.8660E+00
   1980.75   1.1073E+03  -3.8879E+03   5.6645E+04  -5.7595E-01   1.3428E-01   2.4201E+01  -4.7130E-02   1.0989E-02  -3.9608E+00
   1980.83   1.1093E+03  -3.8873E+03   5.6643E+04  -5.9154E-01   1.3791E-01   2.4805E+01  -4.8406E-02   1.1285E-02  -4.0597E+00
   1980.92   1.1112E+03  -3.8866E+03   5.6641E+04  -6.0759E-01   1.4164E-01   2.5429E+01  -4.9719E-02   1.1590E-02  -4.1618E+00
   1981.00   1.1131E+03  -3.8859E+03   5.6639E+04  -6.2397E-01   1.4543E-01   2.6067E+01  -5.1059E-02   1.1900E-02  -4.2662E+00
   1981.08   1.1150E+03  -3.8852E+03   5.6638E+04  -6.4054E-01   1.4926E-01   2.6714E+01  -5.2416E-02   1.2214E-02  -4.3720E+00
   1981.17   1.1169E+03  -3.8845E+03   5.6636E+04  -6.5717E-01   1.5309E-01   2.7363E+01  -5.3776E-02   1.2527E-02  -4.4782E+00
   1981.25   1.1187E+03  -3.8837E+03   5.6634E+04  -6.7372E-01   1.5689E-01   2.8008E+01  -5.5131E-02   1.2838E-02  -4.5838E+00
   1981.33   1.1206E+03  -3.8830E+03   5.6632E+04  -6.9007E-01   1.6063E-01   2.8645E+01  -5.6469E-02   1.3145E-02  -4.6880E+00
   1981.42   1.1224E+03  -3.8822E+03   5.6630E+04  -7.0607E-01   1.6429E-01   2.9266E+01  -5.7778E-02   1.3444E-02  -4.7898E+00
   1981.50   1.1241E+03  -3.8815E+03   5.6628E+04  -7.2158E-01   1.6782E-01   2.9868E+01  -5.9047E-02   1.3732E-02  -4.8882E+00
   1981.58   1.1259E+03  -3.8807E+03   5.6626E+04  -7.3648E-01   1.7119E-01   3.0443E+01  -6.0267E-02   1.4009E-02  -4.9823E+00
   1981.67   1.1276E+03  -3.8799E+03   5.6624E+04  -7.5063E-01   1.7438E-01   3.0986E+01  -6.1424E-02   1.4270E-02  -5.0711E+00
   1981.75   1.1293E+03  -3.8791E+03   5.6622E+04  -7.6389E-01   1.7735E-01   3.1491E+01  -6.2510E-02   1.4513E-02  -5.1538E+00
   1981.83   1.1310E+03  -3.8783E+03   5.6619E+04  -7.7613E-01   1.8007E-01   3.1952E+01  -6.3511E-02   1.4735E-02  -5.2293E+00
   1981.92   1.1327E+03  -3.8774E+03   5.6617E+04  -7.8722E-01   1.8251E-01   3.2364E+01  -6.4418E-02   1.4935E-02  -5.2968E+00
   1982.00   1.1344E+03  -3.8766E+03   5.6615E+04  -7.9701E-01   1.8463E-01   3.2722E+01  -6.5220E-02   1.5109E-02  -5.3552E+00
   1982.08   1.1360E+03  -3.8757E+03   5.6613E+04  -8.0541E-01   1.8642E-01   3.3019E+01  -6.5907E-02   1.5255E-02  -5.4040E+00
   1982.17   1.1377E+03  -3.8749E+03   5.6611E+04  -8.1244E-01   1.8788E-01   3.3259E+01  -6.6482E-02   1.5374E-02  -5.4431E+00
   1982.25   1.1393E+03  -3.8740E+03   5.6608E+04  -8.1814E-01   1.8902E-01   3.3442E+01  -6.6949E-02   1.5467E-02  -5.4731E+00
   1982.33   1.1409E+03  -3.8731E+03   5.6606E+04  -8.2258E-01   1.8985E-01   3.3571E+01  -6.7312E-02   1.5535E-02  -5.4943E+00
   1982.42   1.1425E+03  -3.8721E+03   5.6604E+04  -8.2580E-01   1.9039E-01   3.3649E+01  -6.7576E-02   1.5580E-02  -5.5071E+00
   1982.50   1.1441E+03  -3.8712E+03   5.6601E+04  -8.2786E-01   1.9065E-01   3.3679E+01  -6.7744E-02   1.5601E-02  -5.5119E+00
   1982.58   1.1456E+03  -3.8703E+03   5.6599E+04  -8.2881E-01   1.9065E-01   3.3661E+01  -6.7822E-02   1.5601E-02  -5.5090E+00
   1982.67   1.1472E+03  -3.8693E+03   5.6596E+04  -8.2871E-01   1.9040E-01   3.3600E+01  -6.7813E-02   1.5580E-02  -5.4989E+00
   1982.75   1.1488E+03  -3.8683E+03   5.6594E+04  -8.2759E-01   1.8991E-01   3.3496E+01  -6.7722E-02   1.5540E-02  -5.4820E+00
   1982.83   1.1503E+03  -3.8674E+03   5.6591E+04  -8.2553E-01   1.8919E-01   3.3353E+01  -6.7554E-02   1.5482E-02  -5.4586E+00
   1982.92   1.1519E+03  -3.8663E+03   5.6589E+04  -8.2257E-01   1.8826E-01   3.3173E+01  -6.7311E-02   1.5406E-02  -5.4291E+00
   1983.00   1.1534E+03  -3.8653E+03   5.6586E+04  -8.1876E-01   1.8714E-01   3.2958E+01  -6.7000E-02   1.5313E-02  -5.3940E+00
   1983.08   1.1549E+03  -3.8643E+03   5.6584E+04  -8.1416E-01   1.8583E-01   3.2711E+01  -6.6623E-02   1.5206E-02  -5.3536E+00
   1983.17   1.1565E+03  -3.8633E+03   5.6581E+04  -8.0882E-01   1.8434E-01   3.2434E+01  -6.6186E-02   1.5085E-02  -5.3082E+00
   1983.25   1.1580E+03  -3.8622E+03   5.6579E+04  -8.0279E-01   1.8270E-01   3.2130E+01  -6.5693E-02   1.4951E-02  -5.2584E+00
   1983.33   1.1595E+03  -3.8611E+03   5.6576E+04  -7.9613E-01   1.8092E-01   3.1800E+01  -6.5148E-02   1.4805E-02  -5.2044E+00
   1983.42   1.1610E+03  -3.8601E+03   5.6574E+04  -7.8889E-01   1.7900E-01   3.1447E+01  -6.4555E-02   1.4648E-02  -5.1467E+00
   1983.50   1.1625E+03  -3.8590E+03   5.6571E+04  -7.8111E-01   1.7696E-01   3.1074E+01  -6.3919E-02   1.4481E-02  -5.0856E+00
   1983.58   1.1641E+03  -3.8579E+03   5.6569E+04  -7.7286E-01   1.7482E-01   3.0683E+01  -6.3243E-02   1.4306E-02  -5.0215E+00
   1983.67   1.1656E+03  -3.8567E+03   5.6566E+04  -7.6418E-01   1.7259E-01   3.0276E+01  -6.2533E-02   1.4123E-02  -4.9549E+00
   1983.75   1.1671E+03  -3.8556E+03   5.6564E+04  -7.5514E-01   1.7028E-01   2.9855E+01  -6.1793E-02   1.3934E-02  -4.8861E+00
   1983.83   1.1686E+03  -3.8545E+03   5.6561E+04  -7.4577E-01   1.6791E-01   2.9424E+01  -6.1027E-02   1.3740E-02  -4.8155E+00
   1983.92   1.1702E+03  -3.8533E+03   5.6559E+04  -7.3614E-01   1.6548E-01   2.8984E+01  -6.0239E-02   1.3542E-02  -4.7435E+00
   1984.00   1.1717E+03  -3.8521E+03   5.6556E+04  -7.2630E-01   1.6302E-01   2.8538E+01  -5.9433E-02   1.3340E-02  -4.6705E+00
   1984.08   1.1732E+03  -3.8509E+03   5.6553E+04  -7.1628E-01   1.6053E-01   2.8087E+01  -5.8614E-02   1.3136E-02  -4.5968E+00
   1984.17   1.1748E+03  -3.8498E+03   5.6551E+04  -7.0611E-01   1.5801E-01   2.7633E+01  -5.7782E-02   1.2930E-02  -4.5224E+00
   1984.25   1.1763E+03  -3.8485E+03   5.6548E+04  -6.9580E-01   1.5548E-01   2.7175E+01  -5.6937E-02   1.2723E-02  -4.4475E+00
   1984.33   1.1779E+03  -3.8473E+03   5.6546E+04  -6.8533E-01   1.5292E-01   2.6714E+01  -5.6081E-02   1.2513E-02  -4.3721E+00
   1984.42   1.1794E+03  -3.8461E+03   5.6543E+04  -6.7473E-01   1.5034E-01   2.6250E+01  -5.5213E-02   1.2302E-02  -4.2961E+00
   1984.50   1.1810E+03  -3.8448E+03   5.6541E+04  -6.6399E-01   1.4774E-01   2.5783E+01  -5.4334E-02   1.2089E-02  -4.2196E+00
   1984.58   1.1826E+03  -3.8436E+03   5.6538E+04  -6.5311E-01   1.4512E-01   2.5313E+01  -5.3445E-02   1.1875E-02  -4.1427E+00
   1984.67   1.1842E+03  -3.8423E+03   5.6536E+04  -6.4212E-01   1.4248E-01   2.4840E+01  -5.2545E-02   1.1660E-02  -4.0654E+00
   1984.75   1.1858E+03  -3.8410E+03   5.6533E+04  -6.3100E-01   1.3983E-01   2.4365E+01  -5.1635E-02   1.1442E-02  -3.9876E+00
   1984.83   1.1874E+03  -3.8397E+03   5.6531E+04  -6.1976E-01   1.3716E-01   2.3887E+01  -5.0715E-02   1.1224E-02  -3.9094E+00
   1984.92   1.1890E+03  -3.8384E+03   5.6528E+04  -6.0842E-01   1.3448E-01   2.3408E+01  -4.9787E-02   1.1005E-02  -3.8309E+00
   1985.00   1.1906E+03  -3.8371E+03   5.6526E+04  -5.9697E-01   1.3178E-01   2.2926E+01  -4.8850E-02   1.0784E-02  -3.7521E+00
   1985.08   1.1922E+03  -3.8358E+03   5.6523E+04  -5.8541E-01   1.2908E-01   2.2443E+01  -4.7904E-02   1.0562E-02  -3.6730E+00
   1985.17   1.1938E+03  -3.8345E+03   5.6521E+04  -5.7376E-01   1.2636E-01   2.1958E+01  -4.6951E-02   1.0340E-02  -3.5936E+00
   1985.25   1.1955E+03  -3.8331E+03   5.6518E+04  -5.6202E-01   1.2362E-01   2.1471E+01  -4.5990E-02   1.0116E-02  -3.5140E+00
   1985.33   1.1971E+03  -3.8318E+03   5.6516E+04  -5.5019E-01   1.2088E-01   2.0984E+01  -4.5022E-02   9.8920E-03  -3.4342E+00
   1985.42   1.1988E+03  -3.8304E+03   5.6513E+04  -5.3828E-01   1.1813E-01   2.0495E+01  -4.4048E-02   9.6670E-03  -3.3542E+00
   1985.50   1.2005E+03  -3.8290E+03   5.6511E+04  -5.2629E-01   1.1538E-01   2.0005E+01  -4.3067E-02   9.4415E-03  -3.2740E+00
   1985.58   1.2021E+03  -3.8276E+03   5.6509E+04  -5.1423E-01   1.1262E-01   1.9514E+01  -4.2080E-02   9.2154E-03  -3.1937E+00
   1985.67   1.2038E+03  -3.8262E+03   5.6506E+04  -5.0211E-01   1.0985E-01   1.9023E+01  -4.1088E-02   8.9888E-03  -3.1133E+00
   1985.75   1.2055E+03  -3.8248E+03   5.6504E+04  -4.8992E-01   1.0707E-01   1.8531E+01  -4.0090E-02   8.7619E-03  -3.0329E+00
   1985.83   1.2072E+03  -3.8234E+03   5.6501E+04  -4.7767E-01   1.0430E-01   1.8040E+01  -3.9088E-02   8.5348E-03  -2.9524E+00
   1985.92   1.2090E+03  -3.8220E+03   5.6499E+04  -4.6537E-01   1.0152E-01   1.7548E+01  -3.8082E-02   8.3074E-03  -2.8719E+00
   1986.00   1.2107E+03  -3.8205E+03   5.6497E+04  -4.5303E-01   9.8740E-02   1.7056E+01  -3.7071E-02   8.0799E-03  -2.7914E+00
   1986.08   1.2124E+03  -3.8191E+03   5.6494E+04  -4.4065E-01   9.5963E-02   1.6565E+01  -3.6059E-02   7.8527E-03  -2.7110E+00
   1986.17   1.2142E+03  -3.8176E+03   5.6492E+04  -4.2833E-01   9.3206E-02   1.6077E+01  -3.5050E-02   7.6271E-03  -2.6312E+00
   1986.25   1.2160E+03  -3.8161E+03   5.6490E+04  -4.1615E-01   9.0489E-02   1.5596E+01  -3.4054E-02   7.4047E-03  -2.5525E+00
   1986.33   1.2177E+03  -3.8147E+03   5.6487E+04  -4.0421E-01   8.7833E-02   1.5125E+01  -3.3077E-02   7.1874E-03  -2.4754E+00
   1986.42   1.2195E+03  -3.8132E+03   5.6485E+04  -3.9261E-01   8.5258E-02   1.4668E+01  -3.2127E-02   6.9767E-03  -2.4005E+00
   1986.50   1.2213E+03  -3.8117E+03   5.6483E+04  -3.8143E-01   8.2784E-02   1.4227E+01  -3.1213E-02   6.7743E-03  -2.3283E+00
   1986.58   1.2231E+03  -3.8102E+03   5.6481E+04  -3.7078E-01   8.0433E-02   1.3805E+01  -3.0341E-02   6.5818E-03  -2.2593E+00
   1986.67   1.2250E+03  -3.8087E+03   5.6478E+04  -3.6074E-01   7.8223E-02   1.3406E+01  -2.9519E-02   6.4010E-03  -2.1941E+00
   1986.75   1.2268E+03  -3.8072E+03   5.6476E+04  -3.5141E-01   7.6176E-02   1.3034E+01  -2.8756E-02   6.2335E-03  -2.1331E+00
   1986.83   1.2287E+03  -3.8057E+03   5.6474E+04  -3.4288E-01   7.4311E-02   1.2690E+01  -2.8058E-02   6.0809E-03  -2.0769E+00
   1986.92   1.2305E+03  -3.8042E+03   5.6472E+04  -3.3525E-01   7.2650E-02   1.2380E+01  -2.7433E-02   5.9450E-03  -2.0261E+00
   1987.00   1.2324E+03  -3.8027E+03   5.6470E+04  -3.2861E-01   7.1213E-02   1.2105E+01  -2.6890E-02   5.8273E-03  -1.9811E+00
   1987.08   1.2343E+03  -3.8011E+03   5.6468E+04  -3.2305E-01   7.0019E-02   1.1869E+01  -2.6435E-02   5.7297E-03  -1.9425E+00
   1987.17   1.2362E+03  -3.7996E+03   5.6465E+04  -3.1868E-01   6.9089E-02   1.1676E+01  -2.6077E-02   5.6536E-03  -1.9109E+00
   1987.25   1.2381E+03  -3.7981E+03   5.6463E+04  -3.1557E-01   6.8444E-02   1.1528E+01  -2.5824E-02   5.6008E-03  -1.8867E+00
   1987.33   1.2400E+03  -3.7966E+03   5.6461E+04  -3.1384E-01   6.8104E-02   1.1429E+01  -2.5682E-02   5.5730E-03  -1.8704E+00
   1987.42   1.2419E+03  -3.7950E+03   5.6459E+04  -3.1357E-01   6.8090E-02   1.1382E+01  -2.5659E-02   5.5718E-03  -1.8627E+00
   1987.50   1.2439E+03  -3.7935E+03   5.6457E+04  -3.1485E-01   6.8421E-02   1.1390E+01  -2.5764E-02   5.5989E-03  -1.8640E+00
   1987.58   1.2459E+03  -3.7920E+03   5.6455E+04  -3.1778E-01   6.9118E-02   1.1456E+01  -2.6004E-02   5.6559E-03  -1.8749E+00
   1987.67   1.2478E+03  -3.7905E+03   5.6453E+04  -3.2245E-01   7.0201E-02   1.1584E+01  -2.6386E-02   5.7446E-03  -1.8959E+00
   1987.75   1.2498E+03  -3.7890E+03   5.6451E+04  -3.2896E-01   7.1691E-02   1.1777E+01  -2.6919E-02   5.8665E-03  -1.9275E+00
   1987.83   1.2518E+03  -3.7874E+03   5.6449E+04  -3.3740E-01   7.3608E-02   1.2039E+01  -2.7610E-02   6.0234E-03  -1.9702E+00
   1987.92   1.2538E+03  -3.7859E+03   5.6447E+04  -3.4787E-01   7.5973E-02   1.2371E+01  -2.8466E-02   6.2169E-03  -2.0247E+00
   1988.00   1.2559E+03  -3.7844E+03   5.6445E+04  -3.6045E-01   7.8805E-02   1.2778E+01  -2.9496E-02   6.4486E-03  -2.0913E+00
   1988.08   1.2579E+03  -3.7829E+03   5.6443E+04  -3.7521E-01   8.2115E-02   1.3262E+01  -3.0703E-02   6.7195E-03  -2.1704E+00
   1988.17   1.2600E+03  -3.7814E+03   5.6441E+04  -3.9198E-01   8.5872E-02   1.3816E+01  -3.2076E-02   7.0270E-03  -2.2612E+00
   1988.25   1.2621E+03  -3.7799E+03   5.6439E+04  -4.1060E-01   9.0036E-02   1.4436E+01  -3.3600E-02   7.3677E-03  -2.3626E+00
   1988.33   1.2641E+03  -3.7784E+03   5.6437E+04  -4.3087E-01   9.4564E-02   1.5113E+01  -3.5258E-02   7.7382E-03  -2.4735E+00
   1988.42   1.2662E+03  -3.7770E+03   5.6435E+04  -4.5261E-01   9.9416E-02   1.5843E+01  -3.7037E-02   8.1352E-03  -2.5928E+00
   1988.50   1.2683E+03  -3.7755E+03   5.6433E+04  -4.7562E-01   1.0455E-01   1.6617E+01  -3.8920E-02   8.5554E-03  -2.7195E+00
   1988.58   1.2705E+03  -3.7740E+03   5.6431E+04  -4.9973E-01   1.0993E-01   1.7429E+01  -4.0893E-02   8.9953E-03  -2.8525E+00
   1988.67   1.2726E+03  -3.7725E+03   5.6430E+04  -5.2474E-01   1.1550E-01   1.8274E+01  -4.2940E-02   9.4517E-03  -2.9907E+00
   1988.75   1.2748E+03  -3.7711E+03   5.6428E+04  -5.5048E-01   1.2124E-01   1.9144E+01  -4.5046E-02   9.9211E-03  -3.1331E+00
   1988.83   1.2769E+03  -3.7696E+03   5.6426E+04  -5.7674E-01   1.2709E-01   2.0032E+01  -4.7195E-02   1.0400E-02  -3.2785E+00
   1988.92   1.2791E+03  -3.7681E+03   5.6424E+04  -6.0335E-01   1.3303E-01   2.0933E+01  -4.9373E-02   1.0886E-02  -3.4260E+00
   1989.00   1.2813E+03  -3.7667E+03   5.6422E+04  -6.3012E-01   1.3899E-01   2.1840E+01  -5.1563E-02   1.1374E-02  -3.5743E+00
   1989.08   1.2835E+03  -3.7652E+03   5.6420E+04  -6.5686E-01   1.4496E-01   2.2745E+01  -5.3751E-02   1.1862E-02  -3.7225E+00
   1989.17   1.2857E+03  -3.7637E+03   5.6419E+04  -6.8339E-01   1.5087E-01   2.3643E+01  -5.5922E-02   1.2346E-02  -3.8695E+00
   1989.25   1.2879E+03  -3.7623E+03   5.6417E+04  -7.0952E-01   1.5670E-01   2.4527E+01  -5.8060E-02   1.2823E-02  -4.0142E+00
   1989.33   1.2901E+03  -3.7608E+03   5.6415E+04  -7.3505E-01   1.6241E-01   2.5391E+01  -6.0150E-02   1.3290E-02  -4.1555E+00
   1989.42   1.2923E+03  -3.7594E+03   5.6413E+04  -7.5982E-01   1.6794E-01   2.6227E+01  -6.2176E-02   1.3742E-02  -4.2923E+00
   1989.50   1.2946E+03  -3.7580E+03   5.6411E+04  -7.8362E-01   1.7326E-01   2.7029E+01  -6.4124E-02   1.4178E-02  -4.4236E+00
   1989.58   1.2969E+03  -3.7565E+03   5.6410E+04  -8.0627E-01   1.7833E-01   2.7791E+01  -6.5977E-02   1.4593E-02  -4.5484E+00
   1989.67   1.2991E+03  -3.7551E+03   5.6408E+04  -8.2759E-01   1.8311E-01   2.8507E+01  -6.7722E-02   1.4984E-02  -4.6654E+00
   1989.75   1.3014E+03  -3.7536E+03   5.6406E+04  -8.4738E-01   1.8755E-01   2.9169E+01  -6.9342E-02   1.5348E-02  -4.7738E+00
   1989.83   1.3037E+03  -3.7522E+03   5.6405E+04  -8.6547E-01   1.9162E-01   2.9770E+01  -7.0822E-02   1.5681E-02  -4.8723E+00
   1989.92   1.3060E+03  -3.7508E+03   5.6403E+04  -8.8166E-01   1.9528E-01   3.0306E+01  -7.2147E-02   1.5980E-02  -4.9599E+00
   1990.00   1.3083E+03  -3.7493E+03   5.6401E+04  -8.9577E-01   1.9848E-01   3.0768E+01  -7.3301E-02   1.6241E-02  -5.0355E+00
   1990.08   1.3106E+03  -3.7479E+03   5.6399E+04  -9.0767E-01   2.0119E-01   3.1152E+01  -7.4275E-02   1.6463E-02  -5.0984E+00
   1990.17   1.3129E+03  -3.7465E+03   5.6398E+04  -9.1741E-01   2.0343E-01   3.1461E+01  -7.5072E-02   1.6646E-02  -5.1489E+00
   1990.25   1.3153E+03  -3.7450E+03   5.6396E+04  -9.2513E-01   2.0522E-01   3.1698E+01  -7.5704E-02   1.6793E-02  -5.1878E+00
   1990.33   1.3176E+03  -3.7436E+03   5.6394E+04  -9.3094E-01   2.0660E-01   3.1869E+01  -7.6179E-02   1.6906E-02  -5.2157E+00
   1990.42   1.3200E+03  -3.7422E+03   5.6393E+04  -9.3496E-01   2.0758E-01   3.1976E+01  -7.6508E-02   1.6986E-02  -5.2333E+00
   1990.50   1.3223E+03  -3.7408E+03   5.6391E+04  -9.3732E-01   2.0819E-01   3.2025E+01  -7.6701E-02   1.7037E-02  -5.2413E+00
   1990.58   1.3247E+03  -3.7393E+03   5.6389E+04  -9.3814E-01   2.0847E-01   3.2020E+01  -7.6768E-02   1.7059E-02  -5.2403E+00
   1990.67   1.3271E+03  -3.7379E+03   5.6388E+04  -9.3753E-01   2.0843E-01   3.1964E+01  -7.6718E-02   1.7056E-02  -5.2312E+00
   1990.75   1.3295E+03  -3.7365E+03   5.6386E+04  -9.3562E-01   2.0811E-01   3.1862E+01  -7.6562E-02   1.7030E-02  -5.2146E+00
   1990.83   1.3319E+03  -3.7351E+03   5.6384E+04  -9.3252E-01   2.0752E-01   3.1718E+01  -7.6309E-02   1.6982E-02  -5.1911E+00
   1990.92   1.3344E+03  -3.7337E+03   5.6383E+04  -9.2837E-01   2.0670E-01   3.1537E+01  -7.5969E-02   1.6915E-02  -5.1614E+00
   1991.00   1.3368E+03  -3.7323E+03   5.6381E+04  -9.2327E-01   2.0568E-01   3.1323E+01  -7.5551E-02   1.6830E-02  -5.1263E+00
   1991.08   1.3393E+03  -3.7309E+03   5.6379E+04  -9.1735E-01   2.0447E-01   3.1079E+01  -7.5067E-02   1.6731E-02  -5.0864E+00
   1991.17   1.3418E+03  -3.7295E+03   5.6378E+04  -9.1073E-01   2.0310E-01   3.0810E+01  -7.4526E-02   1.6620E-02  -5.0424E+00
   1991.25   1.3443E+03  -3.7281E+03   5.6376E+04  -9.0354E-01   2.0161E-01   3.0521E+01  -7.3937E-02   1.6497E-02  -4.9950E+00
   1991.33   1.3468E+03  -3.7268E+03   5.6374E+04  -8.9588E-01   2.0001E-01   3.0215E+01  -7.3310E-02   1.6367E-02  -4.9450E+00
   1991.42   1.3494E+03  -3.7254E+03   5.6373E+04  -8.8789E-01   1.9833E-01   2.9896E+01  -7.2657E-02   1.6230E-02  -4.8929E+00
   1991.50   1.3520E+03  -3.7240E+03   5.6371E+04  -8.7968E-01   1.9661E-01   2.9570E+01  -7.1985E-02   1.6089E-02  -4.8394E+00
   1991.58   1.3546E+03  -3.7227E+03   5.6369E+04  -8.7138E-01   1.9486E-01   2.9239E+01  -7.1305E-02   1.5946E-02  -4.7853E+00
   1991.67   1.3572E+03  -3.7213E+03   5.6368E+04  -8.6310E-01   1.9312E-01   2.8909E+01  -7.0628E-02   1.5803E-02  -4.7313E+00
   1991.75   1.3598E+03  -3.7200E+03   5.6366E+04  -8.5496E-01   1.9140E-01   2.8584E+01  -6.9962E-02   1.5662E-02  -4.6780E+00
   1991.83   1.3625E+03  -3.7186E+03   5.6364E+04  -8.4709E-01   1.8974E-01   2.8267E+01  -6.9318E-02   1.5526E-02  -4.6261E+00
   1991.92   1.3651E+03  -3.7173E+03   5.6363E+04  -8.3961E-01   1.8816E-01   2.7963E+01  -6.8706E-02   1.5397E-02  -4.5764E+00
   1992.00   1.3678E+03  -3.7160E+03   5.6361E+04  -8.3264E-01   1.8669E-01   2.7676E+01  -6.8135E-02   1.5277E-02  -4.5294E+00
   1992.08   1.3706E+03  -3.7147E+03   5.6359E+04  -8.2626E-01   1.8534E-01   2.7409E+01  -6.7613E-02   1.5167E-02  -4.4858E+00
   1992.17   1.3733E+03  -3.7134E+03   5.6357E+04  -8.2045E-01   1.8412E-01   2.7162E+01  -6.7137E-02   1.5066E-02  -4.4453E+00
   1992.25   1.3761E+03  -3.7121E+03   5.6356E+04  -8.1513E-01   1.8300E-01   2.6932E+01  -6.6702E-02   1.4975E-02  -4.4077E+00
   1992.33   1.3789E+03  -3.7108E+03   5.6354E+04  -8.1024E-01   1.8197E-01   2.6717E+01  -6.6302E-02   1.4890E-02  -4.3725E+00
   1992.42   1.3818E+03  -3.7095E+03   5.6352E+04  -8.0572E-01   1.8101E-01   2.6515E+01  -6.5932E-02   1.4812E-02  -4.3394E+00
   1992.50   1.3846E+03  -3.7082E+03   5.6350E+04  -8.0150E-01   1.8012E-01   2.6323E+01  -6.5587E-02   1.4739E-02  -4.3081E+00
   1992.58   1.3875E+03  -3.7069E+03   5.6348E+04  -7.9752E-01   1.7928E-01   2.6141E+01  -6.5261E-02   1.4670E-02  -4.2783E+00
   1992.67   1.3904E+03  -3.7056E+03   5.6347E+04  -7.9370E-01   1.7846E-01   2.5966E+01  -6.4949E-02   1.4604E-02  -4.2496E+00
   1992.75   1.3934E+03  -3.7043E+03   5.6345E+04  -7.8999E-01   1.7767E-01   2.5795E+01  -6.4645E-02   1.4539E-02  -4.2216E+00
   1992.83   1.3964E+03  -3.7030E+03   5.6343E+04  -7.8632E-01   1.7687E-01   2.5627E+01  -6.4345E-02   1.4474E-02  -4.1941E+00
   1992.92   1.3994E+03  -3.7017E+03   5.6341E+04  -7.8262E-01   1.7607E-01   2.5459E+01  -6.4042E-02   1.4408E-02  -4.1666E+00
   1993.00   1.4024E+03  -3.7004E+03   5.6340E+04  -7.7883E-01   1.7524E-01   2.5290E+01  -6.3732E-02   1.4340E-02  -4.1390E+00
   1993.08   1.4055E+03  -3.6991E+03   5.6338E+04  -7.7487E-01   1.7437E-01   2.5117E+01  -6.3408E-02   1.4269E-02  -4.1107E+00
   1993.17   1.4086E+03  -3.6978E+03   5.6336E+04  -7.7070E-01   1.7344E-01   2.4938E+01  -6.3067E-02   1.4193E-02  -4.0814E+00
   1993.25   1.4117E+03  -3.6965E+03   5.6335E+04  -7.6624E-01   1.7245E-01   2.4752E+01  -6.2701E-02   1.4111E-02  -4.0509E+00
   1993.33   1.4148E+03  -3.6951E+03   5.6333E+04  -7.6142E-01   1.7136E-01   2.4556E+01  -6.2307E-02   1.4023E-02  -4.0188E+00
   1993.42   1.4180E+03  -3.6938E+03   5.6331E+04  -7.5618E-01   1.7018E-01   2.4348E+01  -6.1879E-02   1.3926E-02  -3.9848E+00
   1993.50   1.4213E+03  -3.6924E+03   5.6330E+04  -7.5046E-01   1.6889E-01   2.4125E+01  -6.1410E-02   1.3820E-02  -3.9484E+00
   1993.58   1.4245E+03  -3.6910E+03   5.6328E+04  -7.4418E-01   1.6747E-01   2.3887E+01  -6.0897E-02   1.3704E-02  -3.9094E+00
   1993.67   1.4278E+03  -3.6896E+03   5.6327E+04  -7.3729E-01   1.6590E-01   2.3631E+01  -6.0333E-02   1.3576E-02  -3.8674E+00
   1993.75   1.4311E+03  -3.6882E+03   5.6325E+04  -7.2971E-01   1.6418E-01   2.3354E+01  -5.9713E-02   1.3435E-02  -3.8221E+00
   1993.83   1.4345E+03  -3.6868E+03   5.6324E+04  -7.2139E-01   1.6229E-01   2.3055E+01  -5.9032E-02   1.3280E-02  -3.7732E+00
   1993.92   1.4379E+03  -3.6853E+03   5.6322E+04  -7.1226E-01   1.6020E-01   2.2731E+01  -5.8284E-02   1.3110E-02  -3.7202E+00
   1994.00   1.4413E+03  -3.6838E+03   5.6321E+04  -7.0224E-01   1.5792E-01   2.2381E+01  -5.7465E-02   1.2923E-02  -3.6629E+00
   1994.08   1.4447E+03  -3.6823E+03   5.6320E+04  -6.9131E-01   1.5543E-01   2.2003E+01  -5.6570E-02   1.2719E-02  -3.6010E+00
   1994.17   1.4482E+03  -3.6808E+03   5.6318E+04  -6.7951E-01   1.5274E-01   2.1599E+01  -5.5605E-02   1.2499E-02  -3.5349E+00
   1994.25   1.4518E+03  -3.6793E+03   5.6317E+04  -6.6693E-01   1.4987E-01   2.1171E+01  -5.4575E-02   1.2264E-02  -3.4649E+00
   1994.33   1.4553E+03  -3.6777E+03   5.6316E+04  -6.5366E-01   1.4684E-01   2.0723E+01  -5.3489E-02   1.2016E-02  -3.3915E+00
   1994.42   1.4589E+03  -3.6761E+03   5.6315E+04  -6.3976E-01   1.4367E-01   2.0256E+01  -5.2352E-02   1.1757E-02  -3.3151E+00
   1994.50   1.4626E+03  -3.6745E+03   5.6314E+04  -6.2533E-01   1.4037E-01   1.9773E+01  -5.1171E-02   1.1487E-02  -3.2360E+00
   1994.58   1.4662E+03  -3.6729E+03   5.6313E+04  -6.1045E-01   1.3697E-01   1.9276E+01  -4.9953E-02   1.1209E-02  -3.1547E+00
   1994.67   1.4699E+03  -3.6713E+03   5.6312E+04  -5.9519E-01   1.3349E-01   1.8768E+01  -4.8704E-02   1.0923E-02  -3.0717E+00
   1994.75   1.4737E+03  -3.6696E+03   5.6311E+04  -5.7964E-01   1.2993E-01   1.8252E+01  -4.7432E-02   1.0632E-02  -2.9872E+00
   1994.83   1.4775E+03  -3.6679E+03   5.6310E+04  -5.6388E-01   1.2633E-01   1.7731E+01  -4.6143E-02   1.0337E-02  -2.9018E+00
   1994.92   1.4813E+03  -3.6663E+03   5.6309E+04  -5.4800E-01   1.2269E-01   1.7205E+01  -4.4843E-02   1.0040E-02  -2.8158E+00
   1995.00   1.4851E+03  -3.6646E+03   5.6308E+04  -5.3207E-01   1.1904E-01   1.6679E+01  -4.3539E-02   9.7413E-03  -2.7297E+00
   1995.08   1.4890E+03  -3.6629E+03   5.6307E+04  -5.1617E-01   1.1540E-01   1.6155E+01  -4.2239E-02   9.4431E-03  -2.6439E+00
   1995.17   1.4930E+03  -3.6612E+03   5.6306E+04  -5.0040E-01   1.1178E-01   1.5634E+01  -4.0948E-02   9.1468E-03  -2.5587E+00
   1995.25   1.4969E+03  -3.6594E+03   5.6305E+04  -4.8482E-01   1.0820E-01   1.5121E+01  -3.9673E-02   8.8541E-03  -2.4746E+00
   1995.33   1.5009E+03  -3.6577E+03   5.6305E+04  -4.6952E-01   1.0468E-01   1.4616E+01  -3.8421E-02   8.5663E-03  -2.3921E+00
   1995.42   1.5050E+03  -3.6560E+03   5.6304E+04  -4.5459E-01   1.0125E-01   1.4123E+01  -3.7199E-02   8.2850E-03  -2.3115E+00
   1995.50   1.5091E+03  -3.6542E+03   5.6303E+04  -4.4010E-01   9.7905E-02   1.3645E+01  -3.6014E-02   8.0116E-03  -2.2332E+00
   1995.58   1.5132E+03  -3.6525E+03   5.6302E+04  -4.2614E-01   9.4681E-02   1.3183E+01  -3.4871E-02   7.7478E-03  -2.1576E+00
   1995.67   1.5173E+03  -3.6507E+03   5.6302E+04  -4.1279E-01   9.1592E-02   1.2741E+01  -3.3778E-02   7.4950E-03  -2.0852E+00
   1995.75   1.5215E+03  -3.6490E+03   5.6301E+04  -4.0012E-01   8.8655E-02   1.2320E+01  -3.2742E-02   7.2547E-03  -2.0164E+00
   1995.83   1.5258E+03  -3.6472E+03   5.6300E+04  -3.8823E-01   8.5890E-02   1.1924E+01  -3.1769E-02   7.0284E-03  -1.9515E+00
   1995.92   1.5300E+03  -3.6455E+03   5.6299E+04  -3.7719E-01   8.3314E-02   1.1555E+01  -3.0865E-02   6.8176E-03  -1.8911E+00
   1996.00   1.5344E+03  -3.6437E+03   5.6299E+04  -3.6708E-01   8.0947E-02   1.1215E+01  -3.0038E-02   6.6239E-03  -1.8355E+00
   1996.08   1.5387E+03  -3.6419E+03   5.6298E+04  -3.5798E-01   7.8804E-02   1.0907E+01  -2.9294E-02   6.4485E-03  -1.7850E+00
   1996.17   1.5431E+03  -3.6402E+03   5.6297E+04  -3.4991E-01   7.6889E-02   1.0630E+01  -2.8633E-02   6.2919E-03  -1.7398E+00
   1996.25   1.5475E+03  -3.6384E+03   5.6296E+04  -3.4288E-01   7.5206E-02   1.0386E+01  -2.8058E-02   6.1541E-03  -1.6998E+00
   1996.33   1.5520E+03  -3.6367E+03   5.6296E+04  -3.3690E-01   7.3755E-02   1.0174E+01  -2.7568E-02   6.0354E-03  -1.6652E+00
   1996.42   1.5565E+03  -3.6349E+03   5.6295E+04  -3.3199E-01   7.2540E-02   9.9954E+00  -2.7166E-02   5.9360E-03  -1.6359E+00
   1996.50   1.5611E+03  -3.6332E+03   5.6294E+04  -3.2815E-01   7.1562E-02   9.8492E+00  -2.6853E-02   5.8559E-03  -1.6119E+00
   1996.58   1.5656E+03  -3.6314E+03   5.6294E+04  -3.2541E-01   7.0823E-02   9.7359E+00  -2.6628E-02   5.7955E-03  -1.5934E+00
   1996.67   1.5703E+03  -3.6297E+03   5.6293E+04  -3.2376E-01   7.0327E-02   9.6557E+00  -2.6494E-02   5.7549E-03  -1.5803E+00
   1996.75   1.5749E+03  -3.6280E+03   5.6293E+04  -3.2323E-01   7.0073E-02   9.6089E+00  -2.6450E-02   5.7341E-03  -1.5726E+00
   1996.83   1.5796E+03  -3.6262E+03   5.6292E+04  -3.2383E-01   7.0066E-02   9.5956E+00  -2.6499E-02   5.7335E-03  -1.5704E+00
   1996.92   1.5843E+03  -3.6245E+03   5.6291E+04  -3.2557E-01   7.0307E-02   9.6159E+00  -2.6642E-02   5.7533E-03  -1.5737E+00
   1997.00   1.5891E+03  -3.6228E+03   5.6291E+04  -3.2846E-01   7.0798E-02   9.6701E+00  -2.6878E-02   5.7934E-03  -1.5826E+00
   1997.08   1.5939E+03  -3.6211E+03   5.6290E+04  -3.3251E-01   7.1541E-02   9.7583E+00  -2.7210E-02   5.8543E-03  -1.5971E+00
   1997.17   1.5987E+03  -3.6194E+03   5.6290E+04  -3.3774E-01   7.2539E-02   9.8807E+00  -2.7637E-02   5.9359E-03  -1.6171E+00
   1997.25   1.6035E+03  -3.6177E+03   5.6289E+04  -3.4416E-01   7.3793E-02   1.0038E+01  -2.8162E-02   6.0385E-03  -1.6428E+00
   1997.33   1.6084E+03  -3.6161E+03   5.6289E+04  -3.5177E-01   7.5306E-02   1.0229E+01  -2.8786E-02   6.1623E-03  -1.6741E+00
   1997.42   1.6133E+03  -3.6144E+03   5.6288E+04  -3.6060E-01   7.7080E-02   1.0455E+01  -2.9508E-02   6.3075E-03  -1.7111E+00
   1997.50   1.6183E+03  -3.6128E+03   5.6288E+04  -3.7066E-01   7.9117E-02   1.0716E+01  -3.0331E-02   6.4742E-03  -1.7538E+00
   1997.58   1.6232E+03  -3.6111E+03   5.6287E+04  -3.8195E-01   8.1419E-02   1.1012E+01  -3.1255E-02   6.6625E-03  -1.8023E+00
   1997.67   1.6282E+03  -3.6095E+03   5.6287E+04  -3.9449E-01   8.3988E-02   1.1344E+01  -3.2281E-02   6.8727E-03  -1.8565E+00
   1997.75   1.6332E+03  -3.6079E+03   5.6286E+04  -4.0829E-01   8.6826E-02   1.1710E+01  -3.3411E-02   7.1050E-03  -1.9165E+00
   1997.83   1.6383E+03  -3.6063E+03   5.6286E+04  -4.2337E-01   8.9936E-02   1.2113E+01  -3.4644E-02   7.3595E-03  -1.9824E+00
   1997.92   1.6434E+03  -3.6047E+03   5.6286E+04  -4.3973E-01   9.3320E-02   1.2551E+01  -3.5983E-02   7.6364E-03  -2.0541E+00
   1998.00   1.6485E+03  -3.6031E+03   5.6286E+04  -4.5739E-01   9.6979E-02   1.3025E+01  -3.7428E-02   7.9358E-03  -2.1317E+00
   1998.08   1.6536E+03  -3.6016E+03   5.6285E+04  -4.7633E-01   1.0091E-01   1.3535E+01  -3.8979E-02   8.2576E-03  -2.2151E+00
   1998.17   1.6588E+03  -3.6000E+03   5.6285E+04  -4.9644E-01   1.0509E-01   1.4076E+01  -4.0624E-02   8.5994E-03  -2.3038E+00
   1998.25   1.6640E+03  -3.5985E+03   5.6285E+04  -5.1754E-01   1.0948E-01   1.4646E+01  -4.2350E-02   8.9586E-03  -2.3969E+00
   1998.33   1.6692E+03  -3.5970E+03   5.6285E+04  -5.3949E-01   1.1405E-01   1.5238E+01  -4.4147E-02   9.3326E-03  -2.4939E+00
   1998.42   1.6744E+03  -3.5955E+03   5.6285E+04  -5.6214E-01   1.1877E-01   1.5850E+01  -4.6000E-02   9.7187E-03  -2.5939E+00
   1998.50   1.6796E+03  -3.5940E+03   5.6285E+04  -5.8533E-01   1.2360E-01   1.6476E+01  -4.7897E-02   1.0114E-02  -2.6964E+00
   1998.58   1.6849E+03  -3.5925E+03   5.6284E+04  -6.0890E-01   1.2852E-01   1.7113E+01  -4.9827E-02   1.0517E-02  -2.8007E+00
   1998.67   1.6902E+03  -3.5910E+03   5.6284E+04  -6.3271E-01   1.3349E-01   1.7756E+01  -5.1775E-02   1.0923E-02  -2.9059E+00
   1998.75   1.6955E+03  -3.5895E+03   5.6284E+04  -6.5659E-01   1.3847E-01   1.8401E+01  -5.3729E-02   1.1331E-02  -3.0115E+00
   1998.83   1.7009E+03  -3.5881E+03   5.6284E+04  -6.8040E-01   1.4344E-01   1.9044E+01  -5.5678E-02   1.1738E-02  -3.1167E+00
   1998.92   1.7062E+03  -3.5866E+03   5.6284E+04  -7.0398E-01   1.4837E-01   1.9680E+01  -5.7607E-02   1.2141E-02  -3.2208E+00
   1999.00   1.7116E+03  -3.5851E+03   5.6284E+04  -7.2718E-01   1.5321E-01   2.0305E+01  -5.9506E-02   1.2537E-02  -3.3231E+00
   1999.08   1.7170E+03  -3.5836E+03   5.6285E+04  -7.4984E-01   1.5795E-01   2.0915E+01  -6.1360E-02   1.2925E-02  -3.4230E+00
   1999.17   1.7225E+03  -3.5822E+03   5.6285E+04  -7.7181E-01   1.6254E-01   2.1506E+01  -6.3158E-02   1.3300E-02  -3.5197E+00
   1999.25   1.7279E+03  -3.5807E+03   5.6285E+04  -7.9293E-01   1.6695E-01   2.2073E+01  -6.4886E-02   1.3661E-02  -3.6125E+00
   1999.33   1.7334E+03  -3.5792E+03   5.6285E+04  -8.1306E-01   1.7115E-01   2.2612E+01  -6.6533E-02   1.4005E-02  -3.7008E+00
   1999.42   1.7388E+03  -3.5778E+03   5.6285E+04  -8.3203E-01   1.7511E-01   2.3119E+01  -6.8085E-02   1.4330E-02  -3.7838E+00
   1999.50   1.7443E+03  -3.5763E+03   5.6285E+04  -8.4969E-01   1.7880E-01   2.3590E+01  -6.9531E-02   1.4631E-02  -3.8608E+00
   1999.58   1.7499E+03  -3.5748E+03   5.6285E+04  -8.6590E-01   1.8218E-01   2.4020E+01  -7.0857E-02   1.4908E-02  -3.9311E+00
   1999.67   1.7554E+03  -3.5733E+03   5.6285E+04  -8.8048E-01   1.8522E-01   2.4405E+01  -7.2050E-02   1.5157E-02  -3.9941E+00
   1999.75   1.7609E+03  -3.5718E+03   5.6285E+04  -8.9330E-01   1.8789E-01   2.4740E+01  -7.3099E-02   1.5375E-02  -4.0490E+00
   1999.83   1.7665E+03  -3.5702E+03   5.6285E+04  -9.0420E-01   1.9016E-01   2.5022E+01  -7.3991E-02   1.5561E-02  -4.0951E+00
   1999.92   1.7721E+03  -3.5687E+03   5.6286E+04  -9.1301E-01   1.9199E-01   2.5246E+01  -7.4712E-02   1.5711E-02  -4.1318E+00
   2000.00   1.7777E+03  -3.5671E+03   5.6286E+04  -9.1960E-01   1.9335E-01   2.5408E+01  -7.5251E-02   1.5822E-02  -4.1583E+00
   2000.08   1.7833E+03  -3.5656E+03   5.6286E+04  -9.2386E-01   1.9422E-01   2.5505E+01  -7.5600E-02   1.5893E-02  -4.1742E+00
   2000.17   1.7889E+03  -3.5640E+03   5.6286E+04  -9.2593E-01   1.9463E-01   2.5541E+01  -7.5769E-02   1.5927E-02  -4.1801E+00
   2000.25   1.7946E+03  -3.5624E+03   5.6286E+04  -9.2601E-01   1.9462E-01   2.5522E+01  -7.5776E-02   1.5926E-02  -4.1769E+00
   2000.33   1.8002E+03  -3.5608E+03   5.6286E+04  -9.2431E-01   1.9424E-01   2.5452E+01  -7.5636E-02   1.5895E-02  -4.1655E+00
   2000.42   1.8059E+03  -3.5592E+03   5.6287E+04  -9.2101E-01   1.9352E-01   2.5338E+01  -7.5366E-02   1.5836E-02  -4.1468E+00
   2000.50   1.8116E+03  -3.5575E+03   5.6287E+04  -9.1631E-01   1.9250E-01   2.5184E+01  -7.4982E-02   1.5752E-02  -4.1216E+00
   2000.58   1.8173E+03  -3.5559E+03   5.6287E+04  -9.1042E-01   1.9123E-01   2.4996E+01  -7.4500E-02   1.5649E-02  -4.0908E+00
   2000.67   1.8230E+03  -3.5542E+03   5.6287E+04  -9.0354E-01   1.8975E-01   2.4779E+01  -7.3937E-02   1.5527E-02  -4.0553E+00
   2000.75   1.8287E+03  -3.5526E+03   5.6287E+04  -8.9585E-01   1.8810E-01   2.4539E+01  -7.3308E-02   1.5392E-02  -4.0161E+00
   2000.83   1.8345E+03  -3.5509E+03   5.6287E+04  -8.8757E-01   1.8631E-01   2.4281E+01  -7.2630E-02   1.5246E-02  -3.9739E+00
   2000.92   1.8402E+03  -3.5492E+03   5.6288E+04  -8.7888E-01   1.8444E-01   2.4011E+01  -7.1919E-02   1.5093E-02  -3.9296E+00
   2001.00   1.8460E+03  -3.5475E+03   5.6288E+04  -8.6998E-01   1.8253E-01   2.3733E+01  -7.1191E-02   1.4936E-02  -3.8842E+00
   2001.08   1.8517E+03  -3.5458E+03   5.6288E+04  -8.6108E-01   1.8060E-01   2.3454E+01  -7.0463E-02   1.4779E-02  -3.8385E+00
   2001.17   1.8575E+03  -3.5441E+03   5.6288E+04  -8.5238E-01   1.7871E-01   2.3178E+01  -6.9750E-02   1.4624E-02  -3.7934E+00
   2001.25   1.8633E+03  -3.5424E+03   5.6288E+04  -8.4406E-01   1.7690E-01   2.2912E+01  -6.9070E-02   1.4476E-02  -3.7497E+00
   2001.33   1.8691E+03  -3.5406E+03   5.6289E+04  -8.3633E-01   1.7521E-01   2.2660E+01  -6.8437E-02   1.4338E-02  -3.7085E+00
   2001.42   1.8749E+03  -3.5389E+03   5.6289E+04  -8.2939E-01   1.7368E-01   2.2427E+01  -6.7869E-02   1.4212E-02  -3.6704E+00
   2001.50   1.8807E+03  -3.5372E+03   5.6289E+04  -8.2343E-01   1.7235E-01   2.2220E+01  -6.7382E-02   1.4103E-02  -3.6365E+00
   2001.58   1.8865E+03  -3.5354E+03   5.6289E+04  -8.1866E-01   1.7126E-01   2.2043E+01  -6.6991E-02   1.4014E-02  -3.6076E+00
   2001.67   1.8924E+03  -3.5337E+03   5.6290E+04  -8.1527E-01   1.7045E-01   2.1903E+01  -6.6714E-02   1.3948E-02  -3.5846E+00
   2001.75   1.8982E+03  -3.5319E+03   5.6290E+04  -8.1346E-01   1.6997E-01   2.1804E+01  -6.6566E-02   1.3909E-02  -3.5684E+00
   2001.83   1.9041E+03  -3.5302E+03   5.6290E+04  -8.1343E-01   1.6986E-01   2.1751E+01  -6.6563E-02   1.3899E-02  -3.5598E+00
   2001.92   1.9099E+03  -3.5284E+03   5.6291E+04  -8.1537E-01   1.7015E-01   2.1751E+01  -6.6722E-02   1.3923E-02  -3.5597E+00
   2002.00   1.9158E+03  -3.5266E+03   5.6291E+04  -8.1949E-01   1.7089E-01   2.1808E+01  -6.7059E-02   1.3984E-02  -3.5691E+00
   2002.08   1.9216E+03  -3.5249E+03   5.6291E+04  -8.2591E-01   1.7211E-01   2.1926E+01  -6.7585E-02   1.4084E-02  -3.5885E+00
   2002.17   1.9275E+03  -3.5231E+03   5.6292E+04  -8.3450E-01   1.7377E-01   2.2102E+01  -6.8287E-02   1.4220E-02  -3.6172E+00
   2002.25   1.9334E+03  -3.5213E+03   5.6292E+04  -8.4503E-01   1.7584E-01   2.2329E+01  -6.9149E-02   1.4389E-02  -3.6544E+00
   2002.33   1.9393E+03  -3.5196E+03   5.6293E+04  -8.5729E-01   1.7827E-01   2.2603E+01  -7.0153E-02   1.4588E-02  -3.6992E+00
   2002.42   1.9451E+03  -3.5178E+03   5.6293E+04  -8.7107E-01   1.8101E-01   2.2917E+01  -7.1280E-02   1.4812E-02  -3.7506E+00
   2002.50   1.9510E+03  -3.5160E+03   5.6293E+04  -8.8616E-01   1.8402E-01   2.3266E+01  -7.2515E-02   1.5058E-02  -3.8078E+00
   2002.58   1.9569E+03  -3.5142E+03   5.6294E+04  -9.0235E-01   1.8726E-01   2.3645E+01  -7.3839E-02   1.5323E-02  -3.8698E+00
   2002.67   1.9628E+03  -3.5125E+03   5.6294E+04  -9.1941E-01   1.9068E-01   2.4048E+01  -7.5235E-02   1.5603E-02  -3.9357E+00
   2002.75   1.9687E+03  -3.5107E+03   5.6295E+04  -9.3713E-01   1.9424E-01   2.4469E+01  -7.6686E-02   1.5895E-02  -4.0046E+00
   2002.83   1.9745E+03  -3.5089E+03   5.6295E+04  -9.5532E-01   1.9790E-01   2.4903E+01  -7.8174E-02   1.6194E-02  -4.0757E+00
   2002.92   1.9804E+03  -3.5071E+03   5.6296E+04  -9.7373E-01   2.0161E-01   2.5344E+01  -7.9681E-02   1.6498E-02  -4.1479E+00
   2003.00   1.9863E+03  -3.5053E+03   5.6296E+04  -9.9218E-01   2.0533E-01   2.5787E+01  -8.1191E-02   1.6802E-02  -4.2204E+00
   2003.08   1.9921E+03  -3.5035E+03   5.6296E+04  -1.0104E+00   2.0901E-01   2.6226E+01  -8.2685E-02   1.7104E-02  -4.2922E+00
   2003.17   1.9980E+03  -3.5018E+03   5.6297E+04  -1.0283E+00   2.1261E-01   2.6656E+01  -8.4146E-02   1.7398E-02  -4.3626E+00
   2003.25   2.0038E+03  -3.5000E+03   5.6297E+04  -1.0455E+00   2.1609E-01   2.7071E+01  -8.5557E-02   1.7683E-02  -4.4304E+00
   2003.33   2.0096E+03  -3.4982E+03   5.6298E+04  -1.0620E+00   2.1941E-01   2.7465E+01  -8.6900E-02   1.7954E-02  -4.4949E+00
   2003.42   2.0154E+03  -3.4964E+03   5.6298E+04  -1.0773E+00   2.2251E-01   2.7833E+01  -8.8158E-02   1.8208E-02  -4.5551E+00
   2003.50   2.0212E+03  -3.4946E+03   5.6298E+04  -1.0915E+00   2.2535E-01   2.8169E+01  -8.9314E-02   1.8441E-02  -4.6102E+00
   2003.58   2.0270E+03  -3.4928E+03   5.6299E+04  -1.1041E+00   2.2790E-01   2.8468E+01  -9.0349E-02   1.8649E-02  -4.6591E+00
   2003.67   2.0328E+03  -3.4910E+03   5.6299E+04  -1.1151E+00   2.3011E-01   2.8724E+01  -9.1247E-02   1.8830E-02  -4.7010E+00
   2003.75   2.0386E+03  -3.4892E+03   5.6299E+04  -1.1242E+00   2.3193E-01   2.8932E+01  -9.1990E-02   1.8979E-02  -4.7350E+00
   2003.83   2.0443E+03  -3.4874E+03   5.6300E+04  -1.1311E+00   2.3332E-01   2.9086E+01  -9.2560E-02   1.9092E-02  -4.7602E+00
   2003.92   2.0501E+03  -3.4856E+03   5.6300E+04  -1.1358E+00   2.3423E-01   2.9180E+01  -9.2941E-02   1.9167E-02  -4.7757E+00
   2004.00   2.0558E+03  -3.4839E+03   5.6300E+04  -1.1379E+00   2.3463E-01   2.9210E+01  -9.3114E-02   1.9200E-02  -4.7805E+00
   2004.08   2.0615E+03  -3.4821E+03   5.6300E+04  -1.1373E+00   2.3448E-01   2.9170E+01  -9.3067E-02   1.9187E-02  -4.7740E+00
   2004.17   2.0671E+03  -3.4803E+03   5.6300E+04  -1.1342E+00   2.3380E-01   2.9064E+01  -9.2810E-02   1.9132E-02  -4.7566E+00
   2004.25   2.0728E+03  -3.4785E+03   5.6301E+04  -1.1286E+00   2.3264E-01   2.8897E+01  -9.2357E-02   1.9037E-02  -4.7292E+00
   2004.33   2.0784E+03  -3.4767E+03   5.6301E+04  -1.1209E+00   2.3102E-01   2.8672E+01  -9.1723E-02   1.8905E-02  -4.6925E+00
   2004.42   2.0840E+03  -3.4749E+03   5.6301E+04  -1.1111E+00   2.2899E-01   2.8395E+01  -9.0922E-02   1.8738E-02  -4.6472E+00
   2004.50   2.0896E+03  -3.4731E+03   5.6301E+04  -1.0995E+00   2.2658E-01   2.8070E+01  -8.9969E-02   1.8541E-02  -4.5940E+00
   2004.58   2.0952E+03  -3.4713E+03   5.6301E+04  -1.0861E+00   2.2383E-01   2.7702E+01  -8.8878E-02   1.8316E-02  -4.5337E+00
   2004.67   2.1008E+03  -3.4695E+03   5.6301E+04  -1.0713E+00   2.2077E-01   2.7295E+01  -8.7663E-02   1.8066E-02  -4.4671E+00
   2004.75   2.1064E+03  -3.4677E+03   5.6301E+04  -1.0551E+00   2.1744E-01   2.6853E+01  -8.6340E-02   1.7793E-02  -4.3948E+00
   2004.83   2.1119E+03  -3.4658E+03   5.6301E+04  -1.0378E+00   2.1388E-01   2.6382E+01  -8.4922E-02   1.7502E-02  -4.3177E+00
   2004.92   2.1174E+03  -3.4640E+03   5.6301E+04  -1.0195E+00   2.1013E-01   2.5886E+01  -8.3425E-02   1.7195E-02  -4.2364E+00
   2005.00   2.1230E+03  -3.4622E+03   5.6301E+04  -1.0004E+00   2.0621E-01   2.5368E+01  -8.1862E-02   1.6874E-02  -4.1518E+00
   2005.08   2.1285E+03  -3.4604E+03   5.6300E+04  -9.8067E-01   2.0217E-01   2.4835E+01  -8.0248E-02   1.6544E-02  -4.0645E+00
   2005.17   2.1340E+03  -3.4586E+03   5.6300E+04  -9.6051E-01   1.9805E-01   2.4290E+01  -7.8599E-02   1.6206E-02  -3.9753E+00
   2005.25   2.1395E+03  -3.4568E+03   5.6300E+04  -9.4008E-01   1.9387E-01   2.3738E+01  -7.6927E-02   1.5865E-02  -3.8849E+00
   2005.33   2.1449E+03  -3.4549E+03   5.6300E+04  -9.1956E-01   1.8969E-01   2.3183E+01  -7.5248E-02   1.5522E-02  -3.7941E+00
   2005.42   2.1504E+03  -3.4531E+03   5.6300E+04  -8.9913E-01   1.8552E-01   2.2630E+01  -7.3576E-02   1.5181E-02  -3.7036E+00
   2005.50   2.1559E+03  -3.4513E+03   5.6299E+04  -8.7897E-01   1.8142E-01   2.2084E+01  -7.1926E-02   1.4845E-02  -3.6142E+00
   2005.58   2.1613E+03  -3.4494E+03   5.6299E+04  -8.5924E-01   1.7741E-01   2.1549E+01  -7.0312E-02   1.4517E-02  -3.5267E+00
   2005.67   2.1668E+03  -3.4476E+03   5.6299E+04  -8.4014E-01   1.7353E-01   2.1029E+01  -6.8749E-02   1.4200E-02  -3.4416E+00
   2005.75   2.1722E+03  -3.4457E+03   5.6299E+04  -8.2184E-01   1.6983E-01   2.0530E+01  -6.7251E-02   1.3897E-02  -3.3599E+00
   2005.83   2.1776E+03  -3.4439E+03   5.6298E+04  -8.0451E-01   1.6633E-01   2.0055E+01  -6.5833E-02   1.3611E-02  -3.2822E+00
   2005.92   2.1831E+03  -3.4420E+03   5.6298E+04  -7.8833E-01   1.6307E-01   1.9609E+01  -6.4509E-02   1.3344E-02  -3.2092E+00
   2006.00   2.1885E+03  -3.4401E+03   5.6298E+04  -7.7348E-01   1.6009E-01   1.9197E+01  -6.3294E-02   1.3101E-02  -3.1418E+00
   2006.08   2.1939E+03  -3.4382E+03   5.6297E+04  -7.6009E-01   1.5742E-01   1.8823E+01  -6.2198E-02   1.2882E-02  -3.0805E+00
   2006.17   2.1993E+03  -3.4364E+03   5.6297E+04  -7.4809E-01   1.5504E-01   1.8483E+01  -6.1217E-02   1.2687E-02  -3.0250E+00
   2006.25   2.2048E+03  -3.4345E+03   5.6296E+04  -7.3738E-01   1.5293E-01   1.8177E+01  -6.0340E-02   1.2515E-02  -2.9749E+00
   2006.33   2.2102E+03  -3.4326E+03   5.6296E+04  -7.2785E-01   1.5107E-01   1.7901E+01  -5.9560E-02   1.2362E-02  -2.9297E+00
   2006.42   2.2156E+03  -3.4307E+03   5.6296E+04  -7.1938E-01   1.4942E-01   1.7653E+01  -5.8867E-02   1.2227E-02  -2.8891E+00
   2006.50   2.2210E+03  -3.4288E+03   5.6295E+04  -7.1186E-01   1.4798E-01   1.7429E+01  -5.8252E-02   1.2109E-02  -2.8525E+00
   2006.58   2.2264E+03  -3.4269E+03   5.6295E+04  -7.0519E-01   1.4671E-01   1.7228E+01  -5.7706E-02   1.2005E-02  -2.8195E+00
   2006.67   2.2318E+03  -3.4250E+03   5.6294E+04  -6.9924E-01   1.4559E-01   1.7046E+01  -5.7219E-02   1.1914E-02  -2.7897E+00
   2006.75   2.2372E+03  -3.4231E+03   5.6294E+04  -6.9393E-01   1.4460E-01   1.6880E+01  -5.6784E-02   1.1832E-02  -2.7627E+00
   2006.83   2.2427E+03  -3.4212E+03   5.6293E+04  -6.8912E-01   1.4371E-01   1.6729E+01  -5.6391E-02   1.1760E-02  -2.7379E+00
   2006.92   2.2481E+03  -3.4192E+03   5.6293E+04  -6.8471E-01   1.4290E-01   1.6589E+01  -5.6030E-02   1.1694E-02  -2.7150E+00
   2007.00   2.2535E+03  -3.4173E+03   5.6292E+04  -6.8060E-01   1.4215E-01   1.6458E+01  -5.5693E-02   1.1632E-02  -2.6936E+00
   2007.08   2.2589E+03  -3.4154E+03   5.6292E+04  -6.7666E-01   1.4144E-01   1.6333E+01  -5.5371E-02   1.1574E-02  -2.6731E+00
   2007.17   2.2644E+03  -3.4135E+03   5.6291E+04  -6.7280E-01   1.4073E-01   1.6212E+01  -5.5055E-02   1.1516E-02  -2.6532E+00
   2007.25   2.2698E+03  -3.4115E+03   5.6290E+04  -6.6889E-01   1.4001E-01   1.6091E+01  -5.4736E-02   1.1457E-02  -2.6334E+00
   2007.33   2.2753E+03  -3.4096E+03   5.6290E+04  -6.6483E-01   1.3926E-01   1.5967E+01  -5.4404E-02   1.1395E-02  -2.6132E+00
   2007.42   2.2807E+03  -3.4077E+03   5.6289E+04  -6.6051E-01   1.3844E-01   1.5840E+01  -5.4050E-02   1.1329E-02  -2.5923E+00
   2007.50   2.2862E+03  -3.4058E+03   5.6289E+04  -6.5582E-01   1.3754E-01   1.5704E+01  -5.3666E-02   1.1255E-02  -2.5702E+00
   2007.58   2.2916E+03  -3.4038E+03   5.6288E+04  -6.5065E-01   1.3653E-01   1.5559E+01  -5.3243E-02   1.1172E-02  -2.5464E+00
   2007.67   2.2971E+03  -3.4019E+03   5.6287E+04  -6.4488E-01   1.3539E-01   1.5400E+01  -5.2771E-02   1.1079E-02  -2.5205E+00
   2007.75   2.3026E+03  -3.4000E+03   5.6287E+04  -6.3841E-01   1.3410E-01   1.5227E+01  -5.2241E-02   1.0974E-02  -2.4920E+00
   2007.83   2.3081E+03  -3.3980E+03   5.6286E+04  -6.3113E-01   1.3263E-01   1.5035E+01  -5.1645E-02   1.0853E-02  -2.4606E+00
   2007.92   2.3136E+03  -3.3961E+03   5.6285E+04  -6.2292E-01   1.3096E-01   1.4822E+01  -5.0973E-02   1.0716E-02  -2.4258E+00
   2008.00   2.3191E+03  -3.3942E+03   5.6284E+04  -6.1367E-01   1.2906E-01   1.4585E+01  -5.0217E-02   1.0561E-02  -2.3871E+00
   2008.08   2.3247E+03  -3.3922E+03   5.6284E+04  -6.0333E-01   1.2692E-01   1.4324E+01  -4.9370E-02   1.0386E-02  -2.3443E+00
   2008.17   2.3302E+03  -3.3903E+03   5.6283E+04  -5.9200E-01   1.2457E-01   1.4040E+01  -4.8443E-02   1.0194E-02  -2.2977E+00
   2008.25   2.3358E+03  -3.3884E+03   5.6282E+04  -5.7985E-01   1.2204E-01   1.3736E+01  -4.7449E-02   9.9868E-03  -2.2481E+00
   2008.33   2.3414E+03  -3.3865E+03   5.6281E+04  -5.6705E-01   1.1936E-01   1.3418E+01  -4.6402E-02   9.7676E-03  -2.1960E+00
   2008.42   2.3469E+03  -3.3845E+03   5.6280E+04  -5.5375E-01   1.1657E-01   1.3088E+01  -4.5313E-02   9.5392E-03  -2.1419E+00
   2008.50   2.3525E+03  -3.3826E+03   5.6280E+04  -5.4011E-01   1.1370E-01   1.2750E+01  -4.4198E-02   9.3043E-03  -2.0866E+00
   2008.58   2.3582E+03  -3.3806E+03   5.6279E+04  -5.2632E-01   1.1079E-01   1.2407E+01  -4.3069E-02   9.0656E-03  -2.0305E+00
   2008.67   2.3638E+03  -3.3787E+03   5.6278E+04  -5.1251E-01   1.0786E-01   1.2064E+01  -4.1939E-02   8.8261E-03  -1.9744E+00
   2008.75   2.3694E+03  -3.3767E+03   5.6277E+04  -4.9886E-01   1.0495E-01   1.1724E+01  -4.0822E-02   8.5883E-03  -1.9187E+00
   2008.83   2.3751E+03  -3.3748E+03   5.6276E+04  -4.8553E-01   1.0210E-01   1.1390E+01  -3.9731E-02   8.3552E-03  -1.8641E+00
   2008.92   2.3807E+03  -3.3728E+03   5.6275E+04  -4.7269E-01   9.9344E-02   1.1066E+01  -3.8680E-02   8.1294E-03  -1.8111E+00
   2009.00   2.3864E+03  -3.3708E+03   5.6274E+04  -4.6049E-01   9.6709E-02   1.0757E+01  -3.7682E-02   7.9137E-03  -1.7605E+00
   2009.08   2.3921E+03  -3.3688E+03   5.6273E+04  -4.4909E-01   9.4231E-02   1.0465E+01  -3.6750E-02   7.7110E-03  -1.7127E+00
   2009.17   2.3977E+03  -3.3667E+03   5.6272E+04  -4.3867E-01   9.1945E-02   1.0194E+01  -3.5897E-02   7.5239E-03  -1.6684E+00
   2009.25   2.4034E+03  -3.3647E+03   5.6271E+04  -4.2939E-01   8.9884E-02   9.9482E+00  -3.5137E-02   7.3552E-03  -1.6281E+00
   2009.33   2.4092E+03  -3.3626E+03   5.6270E+04  -4.2140E-01   8.8082E-02   9.7308E+00  -3.4483E-02   7.2078E-03  -1.5926E+00
   2009.42   2.4149E+03  -3.3606E+03   5.6269E+04  -4.1487E-01   8.6573E-02   9.5456E+00  -3.3949E-02   7.0843E-03  -1.5622E+00
   2009.50   2.4206E+03  -3.3585E+03   5.6268E+04  -4.0996E-01   8.5391E-02   9.3962E+00  -3.3547E-02   6.9876E-03  -1.5378E+00
   2009.58   2.4264E+03  -3.3563E+03   5.6267E+04  -4.0684E-01   8.4570E-02   9.2862E+00  -3.3292E-02   6.9204E-03  -1.5198E+00
   2009.67   2.4321E+03  -3.3542E+03   5.6266E+04  -4.0566E-01   8.4143E-02   9.2194E+00  -3.3195E-02   6.8855E-03  -1.5088E+00
   2009.75   2.4379E+03  -3.3520E+03   5.6265E+04  -4.0660E-01   8.4145E-02   9.1993E+00  -3.3272E-02   6.8856E-03  -1.5056E+00
   2009.83   2.4436E+03  -3.3498E+03   5.6264E+04  -4.0981E-01   8.4609E-02   9.2296E+00  -3.3535E-02   6.9235E-03  -1.5105E+00
   2009.92   2.4494E+03  -3.3476E+03   5.6262E+04  -4.1546E-01   8.5568E-02   9.3140E+00  -3.3997E-02   7.0021E-03  -1.5243E+00
   2010.00   2.4552E+03  -3.3454E+03   5.6261E+04  -4.2370E-01   8.7058E-02   9.4562E+00  -3.4672E-02   7.1240E-03  -1.5476E+00
   2010.08   2.4610E+03  -3.3431E+03   5.6260E+04  -4.3465E-01   8.9098E-02   9.6582E+00  -3.5567E-02   7.2910E-03  -1.5807E+00
   2010.17   2.4668E+03  -3.3408E+03   5.6259E+04  -4.4812E-01   9.1656E-02   9.9166E+00  -3.6670E-02   7.5002E-03  -1.6230E+00
   2010.25   2.4727E+03  -3.3384E+03   5.6258E+04  -4.6389E-01   9.4683E-02   1.0226E+01  -3.7961E-02   7.7480E-03  -1.6736E+00
   2010.33   2.4785E+03  -3.3361E+03   5.6256E+04  -4.8173E-01   9.8135E-02   1.0582E+01  -3.9421E-02   8.0304E-03  -1.7318E+00
   2010.42   2.4843E+03  -3.3337E+03   5.6255E+04  -5.0141E-01   1.0196E-01   1.0979E+01  -4.1031E-02   8.3437E-03  -1.7968E+00
   2010.50   2.4902E+03  -3.3313E+03   5.6254E+04  -5.2270E-01   1.0612E-01   1.1411E+01  -4.2772E-02   8.6840E-03  -1.8676E+00
   2010.58   2.4960E+03  -3.3288E+03   5.6252E+04  -5.4535E-01   1.1056E-01   1.1875E+01  -4.4626E-02   9.0475E-03  -1.9435E+00
   2010.67   2.5019E+03  -3.3264E+03   5.6251E+04  -5.6915E-01   1.1524E-01   1.2364E+01  -4.6574E-02   9.4305E-03  -2.0236E+00
   2010.75   2.5078E+03  -3.3239E+03   5.6250E+04  -5.9386E-01   1.2011E-01   1.2875E+01  -4.8596E-02   9.8290E-03  -2.1071E+00
   2010.83   2.5137E+03  -3.3214E+03   5.6248E+04  -6.1925E-01   1.2513E-01   1.3400E+01  -5.0673E-02   1.0239E-02  -2.1931E+00
   2010.92   2.5196E+03  -3.3189E+03   5.6247E+04  -6.4509E-01   1.3024E-01   1.3937E+01  -5.2788E-02   1.0658E-02  -2.2809E+00
   2011.00   2.5255E+03  -3.3163E+03   5.6246E+04  -6.7114E-01   1.3540E-01   1.4479E+01  -5.4919E-02   1.1080E-02  -2.3696E+00
   2011.08   2.5314E+03  -3.3137E+03   5.6244E+04  -6.9718E-01   1.4057E-01   1.5021E+01  -5.7050E-02   1.1503E-02  -2.4584E+00
   2011.17   2.5373E+03  -3.3112E+03   5.6243E+04  -7.2297E-01   1.4569E-01   1.5559E+01  -5.9161E-02   1.1922E-02  -2.5464E+00
   2011.25   2.5432E+03  -3.3086E+03   5.6241E+04  -7.4828E-01   1.5072E-01   1.6087E+01  -6.1232E-02   1.2333E-02  -2.6328E+00
   2011.33   2.5491E+03  -3.3060E+03   5.6240E+04  -7.7288E-01   1.5562E-01   1.6600E+01  -6.3245E-02   1.2734E-02  -2.7168E+00
   2011.42   2.5551E+03  -3.3033E+03   5.6238E+04  -7.9654E-01   1.6033E-01   1.7093E+01  -6.5182E-02   1.3120E-02  -2.7975E+00
   2011.50   2.5610E+03  -3.3007E+03   5.6237E+04  -8.1903E-01   1.6481E-01   1.7562E+01  -6.7022E-02   1.3487E-02  -2.8741E+00
   2011.58   2.5670E+03  -3.2980E+03   5.6235E+04  -8.4012E-01   1.6902E-01   1.8000E+01  -6.8747E-02   1.3831E-02  -2.9459E+00
   2011.67   2.5729E+03  -3.2953E+03   5.6233E+04  -8.5957E-01   1.7291E-01   1.8403E+01  -7.0339E-02   1.4149E-02  -3.0118E+00
   2011.75   2.5789E+03  -3.2927E+03   5.6232E+04  -8.7715E-01   1.7642E-01   1.8766E+01  -7.1778E-02   1.4437E-02  -3.0712E+00
   2011.83   2.5848E+03  -3.2900E+03   5.6230E+04  -8.9264E-01   1.7952E-01   1.9083E+01  -7.3045E-02   1.4690E-02  -3.1232E+00
   2011.92   2.5908E+03  -3.2873E+03   5.6228E+04  -9.0579E-01   1.8215E-01   1.9351E+01  -7.4121E-02   1.4906E-02  -3.1669E+00
   2012.00   2.5968E+03  -3.2846E+03   5.6227E+04  -9.1639E-01   1.8428E-01   1.9562E+01  -7.4988E-02   1.5080E-02  -3.2016E+00
