   1960.00   1.7312E+04   7.3102E+03   5.3660E+04  -1.6999E+01  -4.8677E+00   2.4592E+01  -1.3910E+00  -3.9832E-01  -4.0248E+00
   1960.08   1.7313E+04   7.3097E+03   5.3658E+04  -1.6893E+01  -4.8374E+00   2.4439E+01  -1.3824E+00  -3.9584E-01  -3.9998E+00
   1960.17   1.7315E+04   7.3092E+03   5.3656E+04  -1.6746E+01  -4.7952E+00   2.4227E+01  -1.3703E+00  -3.9239E-01  -3.9650E+00
   1960.25   1.7317E+04   7.3086E+03   5.3654E+04  -1.6561E+01  -4.7421E+00   2.3959E+01  -1.3552E+00  -3.8805E-01  -3.9211E+00
   1960.33   1.7319E+04   7.3081E+03   5.3652E+04  -1.6340E+01  -4.6790E+00   2.3640E+01  -1.3371E+00  -3.8288E-01  -3.8690E+00
   1960.42   1.7321E+04   7.3075E+03   5.3650E+04  -1.6088E+01  -4.6067E+00   2.3275E+01  -1.3165E+00  -3.7697E-01  -3.8093E+00
   1960.50   1.7323E+04   7.3069E+03   5.3648E+04  -1.5807E+01  -4.5262E+00   2.2869E+01  -1.2935E+00  -3.7038E-01  -3.7427E+00
   1960.58   1.7325E+04   7.3064E+03   5.3646E+04  -1.5500E+01  -4.4382E+00   2.2425E+01  -1.2683E+00  -3.6318E-01  -3.6701E+00
   1960.67   1.7327E+04   7.3058E+03   5.3644E+04  -1.5170E+01  -4.3438E+00   2.1948E+01  -1.2414E+00  -3.5545E-01  -3.5921E+00
   1960.75   1.7329E+04   7.3051E+03   5.3642E+04  -1.4821E+01  -4.2438E+00   2.1443E+01  -1.2128E+00  -3.4727E-01  -3.5094E+00
   1960.83   1.7331E+04   7.3045E+03   5.3640E+04  -1.4455E+01  -4.1390E+00   2.0914E+01  -1.1829E+00  -3.3870E-01  -3.4229E+00
   1960.92   1.7333E+04   7.3039E+03   5.3638E+04  -1.4076E+01  -4.0305E+00   2.0366E+01  -1.1518E+00  -3.2982E-01  -3.3332E+00
   1961.00   1.7335E+04   7.3032E+03   5.3636E+04  -1.3687E+01  -3.9190E+00   1.9803E+01  -1.1200E+00  -3.2069E-01  -3.2410E+00
   1961.08   1.7337E+04   7.3025E+03   5.3634E+04  -1.3290E+01  -3.8054E+00   1.9230E+01  -1.0876E+00  -3.1140E-01  -3.1472E+00
   1961.17   1.7339E+04   7.3019E+03   5.3632E+04  -1.2890E+01  -3.6908E+00   1.8651E+01  -1.0548E+00  -3.0202E-01  -3.0525E+00
   1961.25   1.7341E+04   7.3011E+03   5.3630E+04  -1.2489E+01  -3.5758E+00   1.8071E+01  -1.0219E+00  -2.9261E-01  -2.9575E+00
   1961.33   1.7343E+04   7.3004E+03   5.3628E+04  -1.2090E+01  -3.4615E+00   1.7494E+01  -9.8929E-01  -2.8325E-01  -2.8630E+00
   1961.42   1.7345E+04   7.2997E+03   5.3626E+04  -1.1696E+01  -3.3487E+00   1.6924E+01  -9.5706E-01  -2.7402E-01  -2.7698E+00
   1961.50   1.7347E+04   7.2989E+03   5.3625E+04  -1.1310E+01  -3.2383E+00   1.6367E+01  -9.2553E-01  -2.6499E-01  -2.6786E+00
   1961.58   1.7349E+04   7.2982E+03   5.3623E+04  -1.0936E+01  -3.1311E+00   1.5826E+01  -8.9493E-01  -2.5622E-01  -2.5902E+00
   1961.67   1.7350E+04   7.2974E+03   5.3621E+04  -1.0577E+01  -3.0282E+00   1.5307E+01  -8.6553E-01  -2.4780E-01  -2.5052E+00
   1961.75   1.7352E+04   7.2966E+03   5.3619E+04  -1.0236E+01  -2.9304E+00   1.4813E+01  -8.3759E-01  -2.3979E-01  -2.4244E+00
   1961.83   1.7354E+04   7.2957E+03   5.3617E+04  -9.9150E+00  -2.8385E+00   1.4350E+01  -8.1135E-01  -2.3227E-01  -2.3485E+00
   1961.92   1.7356E+04   7.2949E+03   5.3615E+04  -9.6182E+00  -2.7534E+00   1.3921E+01  -7.8706E-01  -2.2531E-01  -2.2783E+00
   1962.00   1.7357E+04   7.2940E+03   5.3613E+04  -9.3486E+00  -2.6761E+00   1.3531E+01  -7.6500E-01  -2.1899E-01  -2.2145E+00
   1962.08   1.7359E+04   7.2931E+03   5.3611E+04  -9.1082E+00  -2.6072E+00   1.3184E+01  -7.4533E-01  -2.1335E-01  -2.1577E+00
   1962.17   1.7360E+04   7.2922E+03   5.3609E+04  -8.8962E+00  -2.5464E+00   1.2877E+01  -7.2798E-01  -2.0837E-01  -2.1075E+00
   1962.25   1.7362E+04   7.2913E+03   5.3607E+04  -8.7106E+00  -2.4931E+00   1.2609E+01  -7.1279E-01  -2.0401E-01  -2.0636E+00
   1962.33   1.7363E+04   7.2904E+03   5.3605E+04  -8.5495E+00  -2.4468E+00   1.2376E+01  -6.9961E-01  -2.0023E-01  -2.0255E+00
   1962.42   1.7364E+04   7.2894E+03   5.3603E+04  -8.4110E+00  -2.4071E+00   1.2177E+01  -6.8828E-01  -1.9697E-01  -1.9928E+00
   1962.50   1.7366E+04   7.2885E+03   5.3601E+04  -8.2933E+00  -2.3732E+00   1.2007E+01  -6.7864E-01  -1.9420E-01  -1.9650E+00
   1962.58   1.7367E+04   7.2875E+03   5.3599E+04  -8.1945E+00  -2.3448E+00   1.1864E+01  -6.7056E-01  -1.9188E-01  -1.9417E+00
   1962.67   1.7368E+04   7.2866E+03   5.3597E+04  -8.1127E+00  -2.3212E+00   1.1746E+01  -6.6387E-01  -1.8995E-01  -1.9224E+00
   1962.75   1.7369E+04   7.2856E+03   5.3595E+04  -8.0461E+00  -2.3020E+00   1.1650E+01  -6.5841E-01  -1.8837E-01  -1.9067E+00
   1962.83   1.7371E+04   7.2846E+03   5.3593E+04  -7.9926E+00  -2.2866E+00   1.1573E+01  -6.5404E-01  -1.8711E-01  -1.8941E+00
   1962.92   1.7372E+04   7.2837E+03   5.3591E+04  -7.9506E+00  -2.2744E+00   1.1513E+01  -6.5060E-01  -1.8611E-01  -1.8842E+00
   1963.00   1.7373E+04   7.2827E+03   5.3589E+04  -7.9180E+00  -2.2649E+00   1.1466E+01  -6.4794E-01  -1.8534E-01  -1.8766E+00
   1963.08   1.7374E+04   7.2817E+03   5.3587E+04  -7.8931E+00  -2.2576E+00   1.1430E+01  -6.4590E-01  -1.8474E-01  -1.8707E+00
   1963.17   1.7375E+04   7.2808E+03   5.3585E+04  -7.8739E+00  -2.2520E+00   1.1403E+01  -6.4432E-01  -1.8428E-01  -1.8662E+00
   1963.25   1.7376E+04   7.2798E+03   5.3583E+04  -7.8585E+00  -2.2474E+00   1.1381E+01  -6.4307E-01  -1.8391E-01  -1.8626E+00
   1963.33   1.7377E+04   7.2789E+03   5.3581E+04  -7.8451E+00  -2.2434E+00   1.1362E+01  -6.4197E-01  -1.8358E-01  -1.8595E+00
   1963.42   1.7378E+04   7.2779E+03   5.3578E+04  -7.8318E+00  -2.2395E+00   1.1343E+01  -6.4088E-01  -1.8326E-01  -1.8564E+00
   1963.50   1.7380E+04   7.2770E+03   5.3576E+04  -7.8168E+00  -2.2350E+00   1.1321E+01  -6.3965E-01  -1.8289E-01  -1.8529E+00
   1963.58   1.7381E+04   7.2761E+03   5.3574E+04  -7.7980E+00  -2.2295E+00   1.1295E+01  -6.3811E-01  -1.8244E-01  -1.8485E+00
   1963.67   1.7382E+04   7.2753E+03   5.3572E+04  -7.7737E+00  -2.2225E+00   1.1260E+01  -6.3613E-01  -1.8186E-01  -1.8428E+00
   1963.75   1.7383E+04   7.2744E+03   5.3570E+04  -7.7420E+00  -2.2132E+00   1.1214E+01  -6.3353E-01  -1.8111E-01  -1.8353E+00
   1963.83   1.7384E+04   7.2736E+03   5.3568E+04  -7.7010E+00  -2.2014E+00   1.1155E+01  -6.3017E-01  -1.8014E-01  -1.8256E+00
   1963.92   1.7385E+04   7.2727E+03   5.3566E+04  -7.6487E+00  -2.1863E+00   1.1079E+01  -6.2590E-01  -1.7891E-01  -1.8132E+00
   1964.00   1.7386E+04   7.2720E+03   5.3564E+04  -7.5835E+00  -2.1675E+00   1.0985E+01  -6.2056E-01  -1.7737E-01  -1.7978E+00
   1964.08   1.7387E+04   7.2712E+03   5.3562E+04  -7.5039E+00  -2.1447E+00   1.0870E+01  -6.1405E-01  -1.7550E-01  -1.7790E+00
   1964.17   1.7388E+04   7.2705E+03   5.3559E+04  -7.4115E+00  -2.1181E+00   1.0736E+01  -6.0649E-01  -1.7333E-01  -1.7571E+00
   1964.25   1.7390E+04   7.2697E+03   5.3557E+04  -7.3086E+00  -2.0886E+00   1.0587E+01  -5.9806E-01  -1.7091E-01  -1.7327E+00
   1964.33   1.7391E+04   7.2691E+03   5.3555E+04  -7.1971E+00  -2.0566E+00   1.0426E+01  -5.8894E-01  -1.6829E-01  -1.7063E+00
   1964.42   1.7392E+04   7.2684E+03   5.3553E+04  -7.0793E+00  -2.0228E+00   1.0256E+01  -5.7930E-01  -1.6552E-01  -1.6784E+00
   1964.50   1.7393E+04   7.2677E+03   5.3551E+04  -6.9573E+00  -1.9877E+00   1.0079E+01  -5.6932E-01  -1.6266E-01  -1.6495E+00
   1964.58   1.7395E+04   7.2671E+03   5.3549E+04  -6.8333E+00  -1.9521E+00   9.8996E+00  -5.5917E-01  -1.5974E-01  -1.6202E+00
   1964.67   1.7396E+04   7.2665E+03   5.3546E+04  -6.7094E+00  -1.9165E+00   9.7203E+00  -5.4903E-01  -1.5683E-01  -1.5908E+00
   1964.75   1.7397E+04   7.2659E+03   5.3544E+04  -6.5878E+00  -1.8816E+00   9.5443E+00  -5.3908E-01  -1.5397E-01  -1.5620E+00
   1964.83   1.7398E+04   7.2653E+03   5.3542E+04  -6.4706E+00  -1.8478E+00   9.3748E+00  -5.2949E-01  -1.5121E-01  -1.5343E+00
   1964.92   1.7400E+04   7.2648E+03   5.3540E+04  -6.3600E+00  -1.8160E+00   9.2148E+00  -5.2044E-01  -1.4860E-01  -1.5081E+00
   1965.00   1.7401E+04   7.2642E+03   5.3537E+04  -6.2581E+00  -1.7866E+00   9.0675E+00  -5.1211E-01  -1.4620E-01  -1.4840E+00
   1965.08   1.7402E+04   7.2637E+03   5.3535E+04  -6.1672E+00  -1.7603E+00   8.9359E+00  -5.0466E-01  -1.4405E-01  -1.4625E+00
   1965.17   1.7404E+04   7.2632E+03   5.3533E+04  -6.0892E+00  -1.7377E+00   8.8232E+00  -4.9829E-01  -1.4220E-01  -1.4440E+00
   1965.25   1.7405E+04   7.2626E+03   5.3531E+04  -6.0265E+00  -1.7195E+00   8.7326E+00  -4.9315E-01  -1.4070E-01  -1.4292E+00
   1965.33   1.7406E+04   7.2621E+03   5.3529E+04  -5.9811E+00  -1.7061E+00   8.6671E+00  -4.8944E-01  -1.3961E-01  -1.4185E+00
   1965.42   1.7408E+04   7.2616E+03   5.3526E+04  -5.9553E+00  -1.6983E+00   8.6299E+00  -4.8732E-01  -1.3897E-01  -1.4124E+00
   1965.50   1.7409E+04   7.2611E+03   5.3524E+04  -5.9510E+00  -1.6966E+00   8.6241E+00  -4.8698E-01  -1.3884E-01  -1.4114E+00
   1965.58   1.7410E+04   7.2606E+03   5.3522E+04  -5.9706E+00  -1.7017E+00   8.6528E+00  -4.8858E-01  -1.3925E-01  -1.4161E+00
   1965.67   1.7411E+04   7.2601E+03   5.3520E+04  -6.0162E+00  -1.7142E+00   8.7191E+00  -4.9230E-01  -1.4028E-01  -1.4270E+00
   1965.75   1.7413E+04   7.2596E+03   5.3517E+04  -6.0898E+00  -1.7347E+00   8.8261E+00  -4.9833E-01  -1.4195E-01  -1.4445E+00
   1965.83   1.7414E+04   7.2591E+03   5.3515E+04  -6.1937E+00  -1.7638E+00   8.9770E+00  -5.0684E-01  -1.4433E-01  -1.4692E+00
   1965.92   1.7415E+04   7.2586E+03   5.3513E+04  -6.3301E+00  -1.8021E+00   9.1749E+00  -5.1799E-01  -1.4746E-01  -1.5016E+00
   1966.00   1.7417E+04   7.2580E+03   5.3511E+04  -6.5010E+00  -1.8502E+00   9.4229E+00  -5.3198E-01  -1.5140E-01  -1.5422E+00
   1966.08   1.7418E+04   7.2575E+03   5.3508E+04  -6.7078E+00  -1.9085E+00   9.7229E+00  -5.4890E-01  -1.5618E-01  -1.5913E+00
   1966.17   1.7419E+04   7.2570E+03   5.3506E+04  -6.9482E+00  -1.9764E+00   1.0072E+01  -5.6857E-01  -1.6173E-01  -1.6483E+00
   1966.25   1.7420E+04   7.2565E+03   5.3504E+04  -7.2192E+00  -2.0530E+00   1.0465E+01  -5.9075E-01  -1.6800E-01  -1.7127E+00
   1966.33   1.7421E+04   7.2559E+03   5.3502E+04  -7.5177E+00  -2.1374E+00   1.0898E+01  -6.1518E-01  -1.7491E-01  -1.7835E+00
   1966.42   1.7423E+04   7.2554E+03   5.3499E+04  -7.8406E+00  -2.2288E+00   1.1366E+01  -6.4160E-01  -1.8238E-01  -1.8601E+00
   1966.50   1.7424E+04   7.2548E+03   5.3497E+04  -8.1849E+00  -2.3262E+00   1.1865E+01  -6.6977E-01  -1.9036E-01  -1.9419E+00
   1966.58   1.7425E+04   7.2543E+03   5.3495E+04  -8.5474E+00  -2.4288E+00   1.2391E+01  -6.9944E-01  -1.9875E-01  -2.0279E+00
   1966.67   1.7426E+04   7.2537E+03   5.3493E+04  -8.9252E+00  -2.5358E+00   1.2939E+01  -7.3035E-01  -2.0750E-01  -2.1175E+00
   1966.75   1.7428E+04   7.2532E+03   5.3491E+04  -9.3150E+00  -2.6462E+00   1.3504E+01  -7.6225E-01  -2.1654E-01  -2.2101E+00
   1966.83   1.7429E+04   7.2526E+03   5.3488E+04  -9.7139E+00  -2.7591E+00   1.4082E+01  -7.9490E-01  -2.2578E-01  -2.3047E+00
   1966.92   1.7430E+04   7.2521E+03   5.3486E+04  -1.0119E+01  -2.8738E+00   1.4669E+01  -8.2803E-01  -2.3517E-01  -2.4008E+00
   1967.00   1.7431E+04   7.2515E+03   5.3484E+04  -1.0527E+01  -2.9893E+00   1.5261E+01  -8.6139E-01  -2.4462E-01  -2.4976E+00
   1967.08   1.7432E+04   7.2510E+03   5.3482E+04  -1.0934E+01  -3.1047E+00   1.5852E+01  -8.9475E-01  -2.5406E-01  -2.5943E+00
   1967.17   1.7434E+04   7.2505E+03   5.3480E+04  -1.1339E+01  -3.2193E+00   1.6438E+01  -9.2784E-01  -2.6343E-01  -2.6902E+00
   1967.25   1.7435E+04   7.2499E+03   5.3478E+04  -1.1737E+01  -3.3320E+00   1.7015E+01  -9.6040E-01  -2.7266E-01  -2.7847E+00
   1967.33   1.7436E+04   7.2494E+03   5.3476E+04  -1.2125E+01  -3.4420E+00   1.7578E+01  -9.9220E-01  -2.8166E-01  -2.8769E+00
   1967.42   1.7438E+04   7.2489E+03   5.3474E+04  -1.2501E+01  -3.5485E+00   1.8124E+01  -1.0230E+00  -2.9037E-01  -2.9661E+00
   1967.50   1.7439E+04   7.2484E+03   5.3472E+04  -1.2862E+01  -3.6506E+00   1.8646E+01  -1.0525E+00  -2.9873E-01  -3.0517E+00
   1967.58   1.7440E+04   7.2479E+03   5.3471E+04  -1.3204E+01  -3.7473E+00   1.9142E+01  -1.0805E+00  -3.0665E-01  -3.1328E+00
   1967.67   1.7442E+04   7.2474E+03   5.3469E+04  -1.3524E+01  -3.8379E+00   1.9606E+01  -1.1067E+00  -3.1406E-01  -3.2088E+00
   1967.75   1.7443E+04   7.2469E+03   5.3467E+04  -1.3819E+01  -3.9215E+00   2.0035E+01  -1.1308E+00  -3.2090E-01  -3.2789E+00
   1967.83   1.7445E+04   7.2464E+03   5.3465E+04  -1.4087E+01  -3.9971E+00   2.0423E+01  -1.1527E+00  -3.2708E-01  -3.3424E+00
   1967.92   1.7446E+04   7.2459E+03   5.3464E+04  -1.4324E+01  -4.0639E+00   2.0766E+01  -1.1721E+00  -3.3255E-01  -3.3985E+00
   1968.00   1.7448E+04   7.2455E+03   5.3462E+04  -1.4526E+01  -4.1211E+00   2.1060E+01  -1.1887E+00  -3.3723E-01  -3.4466E+00
   1968.08   1.7449E+04   7.2450E+03   5.3460E+04  -1.4693E+01  -4.1679E+00   2.1301E+01  -1.2023E+00  -3.4106E-01  -3.4861E+00
   1968.17   1.7451E+04   7.2446E+03   5.3459E+04  -1.4824E+01  -4.2047E+00   2.1491E+01  -1.2130E+00  -3.4407E-01  -3.5172E+00
   1968.25   1.7452E+04   7.2442E+03   5.3457E+04  -1.4921E+01  -4.2319E+00   2.1632E+01  -1.2210E+00  -3.4629E-01  -3.5402E+00
   1968.33   1.7454E+04   7.2437E+03   5.3456E+04  -1.4986E+01  -4.2499E+00   2.1726E+01  -1.2263E+00  -3.4777E-01  -3.5557E+00
   1968.42   1.7456E+04   7.2433E+03   5.3455E+04  -1.5020E+01  -4.2593E+00   2.1776E+01  -1.2291E+00  -3.4854E-01  -3.5639E+00
   1968.50   1.7457E+04   7.2429E+03   5.3453E+04  -1.5026E+01  -4.2605E+00   2.1785E+01  -1.2296E+00  -3.4864E-01  -3.5654E+00
   1968.58   1.7459E+04   7.2426E+03   5.3452E+04  -1.5005E+01  -4.2541E+00   2.1754E+01  -1.2279E+00  -3.4811E-01  -3.5603E+00
   1968.67   1.7461E+04   7.2422E+03   5.3451E+04  -1.4959E+01  -4.2404E+00   2.1687E+01  -1.2241E+00  -3.4699E-01  -3.5493E+00
   1968.75   1.7463E+04   7.2418E+03   5.3450E+04  -1.4889E+01  -4.2200E+00   2.1585E+01  -1.2183E+00  -3.4532E-01  -3.5327E+00
   1968.83   1.7464E+04   7.2415E+03   5.3448E+04  -1.4796E+01  -4.1933E+00   2.1452E+01  -1.2108E+00  -3.4314E-01  -3.5108E+00
   1968.92   1.7466E+04   7.2411E+03   5.3447E+04  -1.4684E+01  -4.1608E+00   2.1288E+01  -1.2016E+00  -3.4048E-01  -3.4840E+00
   1969.00   1.7468E+04   7.2408E+03   5.3446E+04  -1.4552E+01  -4.1230E+00   2.1098E+01  -1.1908E+00  -3.3739E-01  -3.4529E+00
   1969.08   1.7470E+04   7.2404E+03   5.3445E+04  -1.4404E+01  -4.0804E+00   2.0883E+01  -1.1787E+00  -3.3390E-01  -3.4177E+00
   1969.17   1.7472E+04   7.2401E+03   5.3444E+04  -1.4240E+01  -4.0334E+00   2.0645E+01  -1.1653E+00  -3.3005E-01  -3.3788E+00
   1969.25   1.7474E+04   7.2398E+03   5.3443E+04  -1.4062E+01  -3.9825E+00   2.0388E+01  -1.1507E+00  -3.2589E-01  -3.3367E+00
   1969.33   1.7476E+04   7.2394E+03   5.3442E+04  -1.3873E+01  -3.9281E+00   2.0113E+01  -1.1352E+00  -3.2144E-01  -3.2917E+00
   1969.42   1.7478E+04   7.2391E+03   5.3441E+04  -1.3673E+01  -3.8709E+00   1.9823E+01  -1.1188E+00  -3.1676E-01  -3.2442E+00
   1969.50   1.7480E+04   7.2388E+03   5.3440E+04  -1.3464E+01  -3.8112E+00   1.9520E+01  -1.1018E+00  -3.1187E-01  -3.1947E+00
   1969.58   1.7481E+04   7.2385E+03   5.3439E+04  -1.3248E+01  -3.7494E+00   1.9208E+01  -1.0841E+00  -3.0682E-01  -3.1436E+00
   1969.67   1.7483E+04   7.2382E+03   5.3438E+04  -1.3027E+01  -3.6862E+00   1.8887E+01  -1.0660E+00  -3.0164E-01  -3.0911E+00
   1969.75   1.7485E+04   7.2379E+03   5.3437E+04  -1.2802E+01  -3.6219E+00   1.8561E+01  -1.0476E+00  -2.9639E-01  -3.0378E+00
   1969.83   1.7487E+04   7.2376E+03   5.3435E+04  -1.2576E+01  -3.5571E+00   1.8233E+01  -1.0291E+00  -2.9108E-01  -2.9840E+00
   1969.92   1.7489E+04   7.2373E+03   5.3434E+04  -1.2349E+01  -3.4922E+00   1.7903E+01  -1.0105E+00  -2.8577E-01  -2.9301E+00
   1970.00   1.7491E+04   7.2370E+03   5.3433E+04  -1.2123E+01  -3.4276E+00   1.7576E+01  -9.9200E-01  -2.8049E-01  -2.8765E+00
   1970.08   1.7493E+04   7.2366E+03   5.3432E+04  -1.1900E+01  -3.3639E+00   1.7253E+01  -9.7376E-01  -2.7527E-01  -2.8236E+00
   1970.17   1.7495E+04   7.2363E+03   5.3431E+04  -1.1681E+01  -3.3014E+00   1.6936E+01  -9.5585E-01  -2.7016E-01  -2.7717E+00
   1970.25   1.7497E+04   7.2360E+03   5.3430E+04  -1.1467E+01  -3.2403E+00   1.6626E+01  -9.3836E-01  -2.6516E-01  -2.7210E+00
   1970.33   1.7499E+04   7.2357E+03   5.3429E+04  -1.1260E+01  -3.1811E+00   1.6325E+01  -9.2139E-01  -2.6031E-01  -2.6718E+00
   1970.42   1.7501E+04   7.2354E+03   5.3428E+04  -1.1060E+01  -3.1239E+00   1.6035E+01  -9.0502E-01  -2.5563E-01  -2.6243E+00
   1970.50   1.7504E+04   7.2350E+03   5.3426E+04  -1.0868E+01  -3.0691E+00   1.5757E+01  -8.8934E-01  -2.5114E-01  -2.5788E+00
   1970.58   1.7506E+04   7.2347E+03   5.3425E+04  -1.0686E+01  -3.0170E+00   1.5493E+01  -8.7445E-01  -2.4688E-01  -2.5357E+00
   1970.67   1.7508E+04   7.2343E+03   5.3424E+04  -1.0515E+01  -2.9679E+00   1.5245E+01  -8.6042E-01  -2.4286E-01  -2.4950E+00
   1970.75   1.7510E+04   7.2340E+03   5.3423E+04  -1.0355E+01  -2.9221E+00   1.5013E+01  -8.4736E-01  -2.3912E-01  -2.4571E+00
   1970.83   1.7512E+04   7.2336E+03   5.3421E+04  -1.0208E+01  -2.8799E+00   1.4801E+01  -8.3535E-01  -2.3567E-01  -2.4223E+00
   1970.92   1.7514E+04   7.2332E+03   5.3420E+04  -1.0076E+01  -2.8417E+00   1.4608E+01  -8.2449E-01  -2.3254E-01  -2.3908E+00
   1971.00   1.7516E+04   7.2327E+03   5.3419E+04  -9.9578E+00  -2.8077E+00   1.4437E+01  -8.1485E-01  -2.2976E-01  -2.3628E+00
   1971.08   1.7518E+04   7.2323E+03   5.3418E+04  -9.8562E+00  -2.7783E+00   1.4290E+01  -8.0654E-01  -2.2735E-01  -2.3387E+00
   1971.17   1.7520E+04   7.2318E+03   5.3416E+04  -9.7718E+00  -2.7537E+00   1.4168E+01  -7.9963E-01  -2.2533E-01  -2.3187E+00
   1971.25   1.7522E+04   7.2313E+03   5.3415E+04  -9.7058E+00  -2.7342E+00   1.4072E+01  -7.9423E-01  -2.2374E-01  -2.3030E+00
   1971.33   1.7524E+04   7.2308E+03   5.3414E+04  -9.6592E+00  -2.7202E+00   1.4004E+01  -7.9041E-01  -2.2260E-01  -2.2919E+00
   1971.42   1.7526E+04   7.2302E+03   5.3412E+04  -9.6331E+00  -2.7120E+00   1.3966E+01  -7.8828E-01  -2.2192E-01  -2.2857E+00
   1971.50   1.7527E+04   7.2296E+03   5.3411E+04  -9.6287E+00  -2.7098E+00   1.3960E+01  -7.8792E-01  -2.2175E-01  -2.2847E+00
   1971.58   1.7529E+04   7.2290E+03   5.3409E+04  -9.6469E+00  -2.7141E+00   1.3986E+01  -7.8941E-01  -2.2209E-01  -2.2890E+00
   1971.67   1.7531E+04   7.2283E+03   5.3408E+04  -9.6890E+00  -2.7250E+00   1.4047E+01  -7.9286E-01  -2.2299E-01  -2.2990E+00
   1971.75   1.7533E+04   7.2276E+03   5.3406E+04  -9.7560E+00  -2.7429E+00   1.4144E+01  -7.9834E-01  -2.2445E-01  -2.3148E+00
   1971.83   1.7535E+04   7.2269E+03   5.3405E+04  -9.8491E+00  -2.7681E+00   1.4279E+01  -8.0595E-01  -2.2652E-01  -2.3369E+00
   1971.92   1.7537E+04   7.2261E+03   5.3403E+04  -9.9692E+00  -2.8009E+00   1.4453E+01  -8.1578E-01  -2.2920E-01  -2.3654E+00
   1972.00   1.7539E+04   7.2252E+03   5.3402E+04  -1.0118E+01  -2.8417E+00   1.4668E+01  -8.2792E-01  -2.3253E-01  -2.4005E+00
   1972.08   1.7541E+04   7.2244E+03   5.3400E+04  -1.0294E+01  -2.8904E+00   1.4924E+01  -8.4240E-01  -2.3652E-01  -2.4425E+00
   1972.17   1.7543E+04   7.2234E+03   5.3399E+04  -1.0498E+01  -2.9465E+00   1.5218E+01  -8.5902E-01  -2.4111E-01  -2.4906E+00
   1972.25   1.7545E+04   7.2225E+03   5.3397E+04  -1.0724E+01  -3.0090E+00   1.5546E+01  -8.7751E-01  -2.4623E-01  -2.5442E+00
   1972.33   1.7547E+04   7.2215E+03   5.3396E+04  -1.0969E+01  -3.0771E+00   1.5902E+01  -8.9763E-01  -2.5180E-01  -2.6025E+00
   1972.42   1.7548E+04   7.2204E+03   5.3394E+04  -1.1232E+01  -3.1499E+00   1.6282E+01  -9.1910E-01  -2.5775E-01  -2.6648E+00
   1972.50   1.7550E+04   7.2193E+03   5.3392E+04  -1.1508E+01  -3.2264E+00   1.6682E+01  -9.4168E-01  -2.6402E-01  -2.7302E+00
   1972.58   1.7552E+04   7.2182E+03   5.3391E+04  -1.1794E+01  -3.3058E+00   1.7097E+01  -9.6510E-01  -2.7052E-01  -2.7981E+00
   1972.67   1.7554E+04   7.2170E+03   5.3389E+04  -1.2087E+01  -3.3873E+00   1.7522E+01  -9.8909E-01  -2.7718E-01  -2.8676E+00
   1972.75   1.7556E+04   7.2158E+03   5.3388E+04  -1.2384E+01  -3.4698E+00   1.7952E+01  -1.0134E+00  -2.8394E-01  -2.9381E+00
   1972.83   1.7558E+04   7.2145E+03   5.3386E+04  -1.2682E+01  -3.5526E+00   1.8384E+01  -1.0378E+00  -2.9071E-01  -3.0088E+00
   1972.92   1.7559E+04   7.2132E+03   5.3384E+04  -1.2978E+01  -3.6348E+00   1.8812E+01  -1.0620E+00  -2.9743E-01  -3.0789E+00
   1973.00   1.7561E+04   7.2119E+03   5.3383E+04  -1.3268E+01  -3.7154E+00   1.9233E+01  -1.0857E+00  -3.0403E-01  -3.1476E+00
   1973.08   1.7563E+04   7.2105E+03   5.3381E+04  -1.3549E+01  -3.7935E+00   1.9640E+01  -1.1087E+00  -3.1043E-01  -3.2143E+00
   1973.17   1.7565E+04   7.2091E+03   5.3379E+04  -1.3818E+01  -3.8684E+00   2.0030E+01  -1.1308E+00  -3.1655E-01  -3.2782E+00
   1973.25   1.7567E+04   7.2076E+03   5.3378E+04  -1.4073E+01  -3.9390E+00   2.0399E+01  -1.1516E+00  -3.2233E-01  -3.3385E+00
   1973.33   1.7568E+04   7.2061E+03   5.3376E+04  -1.4309E+01  -4.0046E+00   2.0741E+01  -1.1709E+00  -3.2769E-01  -3.3944E+00
   1973.42   1.7570E+04   7.2045E+03   5.3374E+04  -1.4523E+01  -4.0641E+00   2.1051E+01  -1.1884E+00  -3.3257E-01  -3.4453E+00
   1973.50   1.7572E+04   7.2030E+03   5.3373E+04  -1.4713E+01  -4.1168E+00   2.1327E+01  -1.2040E+00  -3.3688E-01  -3.4903E+00
   1973.58   1.7574E+04   7.2014E+03   5.3371E+04  -1.4875E+01  -4.1618E+00   2.1562E+01  -1.2172E+00  -3.4056E-01  -3.5288E+00
   1973.67   1.7576E+04   7.1997E+03   5.3370E+04  -1.5006E+01  -4.1980E+00   2.1752E+01  -1.2280E+00  -3.4353E-01  -3.5599E+00
   1973.75   1.7577E+04   7.1980E+03   5.3368E+04  -1.5103E+01  -4.2248E+00   2.1892E+01  -1.2359E+00  -3.4572E-01  -3.5829E+00
   1973.83   1.7579E+04   7.1963E+03   5.3367E+04  -1.5163E+01  -4.2412E+00   2.1979E+01  -1.2408E+00  -3.4706E-01  -3.5971E+00
   1973.92   1.7581E+04   7.1945E+03   5.3365E+04  -1.5183E+01  -4.2462E+00   2.2007E+01  -1.2424E+00  -3.4747E-01  -3.6016E+00
   1974.00   1.7583E+04   7.1928E+03   5.3364E+04  -1.5158E+01  -4.2390E+00   2.1971E+01  -1.2404E+00  -3.4688E-01  -3.5959E+00
   1974.08   1.7584E+04   7.1909E+03   5.3362E+04  -1.5088E+01  -4.2191E+00   2.1870E+01  -1.2347E+00  -3.4525E-01  -3.5793E+00
   1974.17   1.7586E+04   7.1891E+03   5.3361E+04  -1.4976E+01  -4.1873E+00   2.1706E+01  -1.2255E+00  -3.4265E-01  -3.5525E+00
   1974.25   1.7588E+04   7.1872E+03   5.3359E+04  -1.4824E+01  -4.1445E+00   2.1487E+01  -1.2131E+00  -3.3915E-01  -3.5165E+00
   1974.33   1.7590E+04   7.1852E+03   5.3358E+04  -1.4637E+01  -4.0920E+00   2.1216E+01  -1.1978E+00  -3.3485E-01  -3.4722E+00
   1974.42   1.7591E+04   7.1833E+03   5.3356E+04  -1.4420E+01  -4.0308E+00   2.0901E+01  -1.1800E+00  -3.2984E-01  -3.4206E+00
   1974.50   1.7593E+04   7.1813E+03   5.3355E+04  -1.4175E+01  -3.9620E+00   2.0546E+01  -1.1600E+00  -3.2421E-01  -3.3626E+00
   1974.58   1.7595E+04   7.1793E+03   5.3353E+04  -1.3908E+01  -3.8868E+00   2.0158E+01  -1.1381E+00  -3.1806E-01  -3.2991E+00
   1974.67   1.7597E+04   7.1772E+03   5.3352E+04  -1.3621E+01  -3.8062E+00   1.9742E+01  -1.1146E+00  -3.1146E-01  -3.2310E+00
   1974.75   1.7598E+04   7.1751E+03   5.3350E+04  -1.3319E+01  -3.7213E+00   1.9305E+01  -1.0899E+00  -3.0452E-01  -3.1594E+00
   1974.83   1.7600E+04   7.1730E+03   5.3349E+04  -1.3006E+01  -3.6333E+00   1.8851E+01  -1.0643E+00  -2.9732E-01  -3.0851E+00
   1974.92   1.7602E+04   7.1708E+03   5.3348E+04  -1.2686E+01  -3.5433E+00   1.8386E+01  -1.0381E+00  -2.8995E-01  -3.0091E+00
   1975.00   1.7604E+04   7.1686E+03   5.3346E+04  -1.2362E+01  -3.4523E+00   1.7917E+01  -1.0116E+00  -2.8250E-01  -2.9323E+00
   1975.08   1.7605E+04   7.1663E+03   5.3345E+04  -1.2039E+01  -3.3614E+00   1.7449E+01  -9.8516E-01  -2.7507E-01  -2.8556E+00
   1975.17   1.7607E+04   7.1640E+03   5.3343E+04  -1.1721E+01  -3.2718E+00   1.6987E+01  -9.5911E-01  -2.6773E-01  -2.7801E+00
   1975.25   1.7609E+04   7.1617E+03   5.3341E+04  -1.1411E+01  -3.1846E+00   1.6538E+01  -9.3376E-01  -2.6060E-01  -2.7066E+00
   1975.33   1.7610E+04   7.1594E+03   5.3340E+04  -1.1114E+01  -3.1008E+00   1.6107E+01  -9.0943E-01  -2.5374E-01  -2.6360E+00
   1975.42   1.7612E+04   7.1570E+03   5.3338E+04  -1.0833E+01  -3.0216E+00   1.5700E+01  -8.8646E-01  -2.4726E-01  -2.5694E+00
   1975.50   1.7613E+04   7.1546E+03   5.3337E+04  -1.0573E+01  -2.9481E+00   1.5322E+01  -8.6516E-01  -2.4124E-01  -2.5076E+00
   1975.58   1.7615E+04   7.1521E+03   5.3335E+04  -1.0337E+01  -2.8813E+00   1.4980E+01  -8.4585E-01  -2.3578E-01  -2.4516E+00
   1975.67   1.7616E+04   7.1496E+03   5.3333E+04  -1.0129E+01  -2.8224E+00   1.4679E+01  -8.2887E-01  -2.3096E-01  -2.4023E+00
   1975.75   1.7618E+04   7.1471E+03   5.3331E+04  -9.9538E+00  -2.7725E+00   1.4425E+01  -8.1453E-01  -2.2687E-01  -2.3607E+00
   1975.83   1.7619E+04   7.1445E+03   5.3329E+04  -9.8149E+00  -2.7327E+00   1.4223E+01  -8.0315E-01  -2.2361E-01  -2.3277E+00
   1975.92   1.7621E+04   7.1419E+03   5.3327E+04  -9.7161E+00  -2.7040E+00   1.4079E+01  -7.9507E-01  -2.2127E-01  -2.3042E+00
   1976.00   1.7622E+04   7.1393E+03   5.3325E+04  -9.6615E+00  -2.6876E+00   1.4000E+01  -7.9061E-01  -2.1993E-01  -2.2912E+00
   1976.08   1.7623E+04   7.1366E+03   5.3323E+04  -9.6538E+00  -2.6843E+00   1.3988E+01  -7.8997E-01  -2.1966E-01  -2.2893E+00
   1976.17   1.7625E+04   7.1339E+03   5.3321E+04  -9.6904E+00  -2.6933E+00   1.4041E+01  -7.9297E-01  -2.2040E-01  -2.2980E+00
   1976.25   1.7626E+04   7.1311E+03   5.3319E+04  -9.7678E+00  -2.7137E+00   1.4153E+01  -7.9930E-01  -2.2206E-01  -2.3163E+00
   1976.33   1.7627E+04   7.1283E+03   5.3317E+04  -9.8821E+00  -2.7443E+00   1.4318E+01  -8.0865E-01  -2.2457E-01  -2.3433E+00
   1976.42   1.7628E+04   7.1255E+03   5.3315E+04  -1.0030E+01  -2.7842E+00   1.4531E+01  -8.2072E-01  -2.2783E-01  -2.3782E+00
   1976.50   1.7629E+04   7.1227E+03   5.3312E+04  -1.0206E+01  -2.8322E+00   1.4787E+01  -8.3520E-01  -2.3176E-01  -2.4201E+00
   1976.58   1.7630E+04   7.1198E+03   5.3310E+04  -1.0409E+01  -2.8875E+00   1.5081E+01  -8.5179E-01  -2.3628E-01  -2.4681E+00
   1976.67   1.7632E+04   7.1169E+03   5.3308E+04  -1.0634E+01  -2.9489E+00   1.5406E+01  -8.7017E-01  -2.4131E-01  -2.5214E+00
   1976.75   1.7633E+04   7.1139E+03   5.3305E+04  -1.0877E+01  -3.0154E+00   1.5758E+01  -8.9005E-01  -2.4675E-01  -2.5789E+00
   1976.83   1.7634E+04   7.1110E+03   5.3303E+04  -1.1134E+01  -3.0859E+00   1.6131E+01  -9.1113E-01  -2.5252E-01  -2.6400E+00
   1976.92   1.7635E+04   7.1080E+03   5.3300E+04  -1.1403E+01  -3.1595E+00   1.6519E+01  -9.3308E-01  -2.5854E-01  -2.7035E+00
   1977.00   1.7636E+04   7.1050E+03   5.3298E+04  -1.1678E+01  -3.2351E+00   1.6918E+01  -9.5562E-01  -2.6473E-01  -2.7688E+00
   1977.08   1.7637E+04   7.1020E+03   5.3295E+04  -1.1957E+01  -3.3116E+00   1.7322E+01  -9.7843E-01  -2.7099E-01  -2.8349E+00
   1977.17   1.7638E+04   7.0989E+03   5.3293E+04  -1.2235E+01  -3.3881E+00   1.7725E+01  -1.0012E+00  -2.7725E-01  -2.9008E+00
   1977.25   1.7639E+04   7.0959E+03   5.3290E+04  -1.2509E+01  -3.4635E+00   1.8122E+01  -1.0237E+00  -2.8342E-01  -2.9658E+00
   1977.33   1.7640E+04   7.0928E+03   5.3287E+04  -1.2776E+01  -3.5367E+00   1.8507E+01  -1.0455E+00  -2.8941E-01  -3.0289E+00
   1977.42   1.7641E+04   7.0897E+03   5.3285E+04  -1.3031E+01  -3.6067E+00   1.8876E+01  -1.0663E+00  -2.9514E-01  -3.0893E+00
   1977.50   1.7642E+04   7.0866E+03   5.3282E+04  -1.3270E+01  -3.6725E+00   1.9223E+01  -1.0859E+00  -3.0052E-01  -3.1461E+00
   1977.58   1.7643E+04   7.0835E+03   5.3280E+04  -1.3491E+01  -3.7331E+00   1.9542E+01  -1.1039E+00  -3.0548E-01  -3.1983E+00
   1977.67   1.7643E+04   7.0804E+03   5.3277E+04  -1.3688E+01  -3.7873E+00   1.9829E+01  -1.1201E+00  -3.0992E-01  -3.2452E+00
   1977.75   1.7644E+04   7.0772E+03   5.3275E+04  -1.3860E+01  -3.8343E+00   2.0076E+01  -1.1341E+00  -3.1376E-01  -3.2857E+00
   1977.83   1.7645E+04   7.0741E+03   5.3272E+04  -1.4001E+01  -3.8728E+00   2.0281E+01  -1.1457E+00  -3.1692E-01  -3.3191E+00
   1977.92   1.7646E+04   7.0709E+03   5.3270E+04  -1.4108E+01  -3.9020E+00   2.0435E+01  -1.1544E+00  -3.1930E-01  -3.3445E+00
   1978.00   1.7647E+04   7.0678E+03   5.3267E+04  -1.4177E+01  -3.9207E+00   2.0535E+01  -1.1601E+00  -3.2084E-01  -3.3609E+00
   1978.08   1.7648E+04   7.0646E+03   5.3265E+04  -1.4206E+01  -3.9283E+00   2.0577E+01  -1.1625E+00  -3.2146E-01  -3.3677E+00
   1978.17   1.7649E+04   7.0614E+03   5.3262E+04  -1.4197E+01  -3.9255E+00   2.0564E+01  -1.1617E+00  -3.2122E-01  -3.3656E+00
   1978.25   1.7650E+04   7.0583E+03   5.3260E+04  -1.4154E+01  -3.9130E+00   2.0502E+01  -1.1582E+00  -3.2021E-01  -3.3553E+00
   1978.33   1.7651E+04   7.0551E+03   5.3257E+04  -1.4080E+01  -3.8921E+00   2.0394E+01  -1.1522E+00  -3.1849E-01  -3.3377E+00
   1978.42   1.7652E+04   7.0519E+03   5.3255E+04  -1.3978E+01  -3.8636E+00   2.0247E+01  -1.1439E+00  -3.1616E-01  -3.3137E+00
   1978.50   1.7653E+04   7.0487E+03   5.3253E+04  -1.3853E+01  -3.8284E+00   2.0066E+01  -1.1336E+00  -3.1328E-01  -3.2840E+00
   1978.58   1.7654E+04   7.0456E+03   5.3250E+04  -1.3708E+01  -3.7877E+00   1.9855E+01  -1.1217E+00  -3.0995E-01  -3.2495E+00
   1978.67   1.7655E+04   7.0424E+03   5.3248E+04  -1.3546E+01  -3.7423E+00   1.9620E+01  -1.1085E+00  -3.0623E-01  -3.2111E+00
   1978.75   1.7656E+04   7.0392E+03   5.3246E+04  -1.3371E+01  -3.6932E+00   1.9366E+01  -1.0942E+00  -3.0222E-01  -3.1695E+00
   1978.83   1.7657E+04   7.0360E+03   5.3243E+04  -1.3186E+01  -3.6415E+00   1.9098E+01  -1.0790E+00  -2.9798E-01  -3.1256E+00
   1978.92   1.7658E+04   7.0329E+03   5.3241E+04  -1.2996E+01  -3.5880E+00   1.8822E+01  -1.0634E+00  -2.9361E-01  -3.0804E+00
   1979.00   1.7659E+04   7.0297E+03   5.3239E+04  -1.2802E+01  -3.5338E+00   1.8541E+01  -1.0476E+00  -2.8917E-01  -3.0345E+00
   1979.08   1.7660E+04   7.0265E+03   5.3236E+04  -1.2610E+01  -3.4798E+00   1.8262E+01  -1.0319E+00  -2.8475E-01  -2.9888E+00
   1979.17   1.7660E+04   7.0234E+03   5.3234E+04  -1.2422E+01  -3.4269E+00   1.7990E+01  -1.0165E+00  -2.8043E-01  -2.9442E+00
   1979.25   1.7661E+04   7.0202E+03   5.3231E+04  -1.2243E+01  -3.3763E+00   1.7729E+01  -1.0018E+00  -2.7629E-01  -2.9016E+00
   1979.33   1.7662E+04   7.0171E+03   5.3229E+04  -1.2074E+01  -3.3288E+00   1.7485E+01  -9.8806E-01  -2.7240E-01  -2.8616E+00
   1979.42   1.7663E+04   7.0140E+03   5.3227E+04  -1.1922E+01  -3.2855E+00   1.7263E+01  -9.7555E-01  -2.6885E-01  -2.8253E+00
   1979.50   1.7664E+04   7.0109E+03   5.3224E+04  -1.1787E+01  -3.2472E+00   1.7068E+01  -9.6457E-01  -2.6572E-01  -2.7934E+00
   1979.58   1.7665E+04   7.0077E+03   5.3222E+04  -1.1675E+01  -3.2151E+00   1.6905E+01  -9.5541E-01  -2.6309E-01  -2.7667E+00
   1979.67   1.7666E+04   7.0046E+03   5.3219E+04  -1.1589E+01  -3.1899E+00   1.6780E+01  -9.4835E-01  -2.6103E-01  -2.7462E+00
   1979.75   1.7667E+04   7.0015E+03   5.3217E+04  -1.1532E+01  -3.1728E+00   1.6696E+01  -9.4370E-01  -2.5964E-01  -2.7325E+00
   1979.83   1.7668E+04   6.9985E+03   5.3214E+04  -1.1508E+01  -3.1647E+00   1.6661E+01  -9.4173E-01  -2.5897E-01  -2.7267E+00
   1979.92   1.7669E+04   6.9954E+03   5.3212E+04  -1.1521E+01  -3.1666E+00   1.6678E+01  -9.4274E-01  -2.5913E-01  -2.7295E+00
   1980.00   1.7669E+04   6.9923E+03   5.3209E+04  -1.1573E+01  -3.1794E+00   1.6752E+01  -9.4701E-01  -2.6017E-01  -2.7417E+00
   1980.08   1.7670E+04   6.9893E+03   5.3206E+04  -1.1667E+01  -3.2039E+00   1.6888E+01  -9.5475E-01  -2.6217E-01  -2.7639E+00
   1980.17   1.7671E+04   6.9863E+03   5.3204E+04  -1.1802E+01  -3.2393E+00   1.7082E+01  -9.6578E-01  -2.6508E-01  -2.7957E+00
   1980.25   1.7672E+04   6.9833E+03   5.3201E+04  -1.1974E+01  -3.2850E+00   1.7330E+01  -9.7984E-01  -2.6881E-01  -2.8363E+00
   1980.33   1.7673E+04   6.9803E+03   5.3198E+04  -1.2180E+01  -3.3398E+00   1.7627E+01  -9.9665E-01  -2.7330E-01  -2.8848E+00
   1980.42   1.7674E+04   6.9773E+03   5.3195E+04  -1.2416E+01  -3.4031E+00   1.7967E+01  -1.0160E+00  -2.7848E-01  -2.9405E+00
   1980.50   1.7674E+04   6.9743E+03   5.3193E+04  -1.2679E+01  -3.4738E+00   1.8347E+01  -1.0375E+00  -2.8427E-01  -3.0027E+00
   1980.58   1.7675E+04   6.9713E+03   5.3190E+04  -1.2966E+01  -3.5512E+00   1.8762E+01  -1.0610E+00  -2.9060E-01  -3.0707E+00
   1980.67   1.7676E+04   6.9684E+03   5.3187E+04  -1.3274E+01  -3.6342E+00   1.9207E+01  -1.0863E+00  -2.9739E-01  -3.1435E+00
   1980.75   1.7677E+04   6.9655E+03   5.3184E+04  -1.3600E+01  -3.7221E+00   1.9678E+01  -1.1129E+00  -3.0458E-01  -3.2205E+00
   1980.83   1.7678E+04   6.9625E+03   5.3181E+04  -1.3940E+01  -3.8140E+00   2.0169E+01  -1.1407E+00  -3.1210E-01  -3.3009E+00
   1980.92   1.7678E+04   6.9596E+03   5.3178E+04  -1.4292E+01  -3.9088E+00   2.0676E+01  -1.1695E+00  -3.1986E-01  -3.3839E+00
   1981.00   1.7679E+04   6.9568E+03   5.3175E+04  -1.4651E+01  -4.0059E+00   2.1195E+01  -1.1989E+00  -3.2780E-01  -3.4688E+00
   1981.08   1.7680E+04   6.9539E+03   5.3172E+04  -1.5014E+01  -4.1042E+00   2.1720E+01  -1.2286E+00  -3.3585E-01  -3.5548E+00
   1981.17   1.7681E+04   6.9510E+03   5.3169E+04  -1.5380E+01  -4.2029E+00   2.2248E+01  -1.2585E+00  -3.4393E-01  -3.6411E+00
   1981.25   1.7682E+04   6.9482E+03   5.3166E+04  -1.5743E+01  -4.3011E+00   2.2773E+01  -1.2882E+00  -3.5196E-01  -3.7270E+00
   1981.33   1.7682E+04   6.9454E+03   5.3163E+04  -1.6101E+01  -4.3980E+00   2.3290E+01  -1.3176E+00  -3.5989E-01  -3.8117E+00
   1981.42   1.7683E+04   6.9425E+03   5.3160E+04  -1.6451E+01  -4.4925E+00   2.3796E+01  -1.3462E+00  -3.6762E-01  -3.8944E+00
   1981.50   1.7684E+04   6.9397E+03   5.3157E+04  -1.6790E+01  -4.5839E+00   2.4284E+01  -1.3739E+00  -3.7510E-01  -3.9744E+00
   1981.58   1.7685E+04   6.9369E+03   5.3154E+04  -1.7113E+01  -4.6713E+00   2.4752E+01  -1.4004E+00  -3.8225E-01  -4.0509E+00
   1981.67   1.7686E+04   6.9342E+03   5.3151E+04  -1.7419E+01  -4.7537E+00   2.5193E+01  -1.4254E+00  -3.8900E-01  -4.1231E+00
   1981.75   1.7687E+04   6.9314E+03   5.3148E+04  -1.7703E+01  -4.8303E+00   2.5603E+01  -1.4487E+00  -3.9527E-01  -4.1903E+00
   1981.83   1.7688E+04   6.9287E+03   5.3144E+04  -1.7963E+01  -4.9002E+00   2.5978E+01  -1.4700E+00  -4.0099E-01  -4.2517E+00
   1981.92   1.7689E+04   6.9259E+03   5.3141E+04  -1.8196E+01  -4.9625E+00   2.6313E+01  -1.4890E+00  -4.0608E-01  -4.3065E+00
   1982.00   1.7690E+04   6.9232E+03   5.3138E+04  -1.8397E+01  -5.0163E+00   2.6604E+01  -1.5054E+00  -4.1049E-01  -4.3540E+00
   1982.08   1.7691E+04   6.9205E+03   5.3135E+04  -1.8565E+01  -5.0610E+00   2.6846E+01  -1.5192E+00  -4.1414E-01  -4.3936E+00
   1982.17   1.7691E+04   6.9178E+03   5.3132E+04  -1.8700E+01  -5.0967E+00   2.7040E+01  -1.5302E+00  -4.1706E-01  -4.4254E+00
   1982.25   1.7692E+04   6.9152E+03   5.3129E+04  -1.8804E+01  -5.1237E+00   2.7189E+01  -1.5387E+00  -4.1927E-01  -4.4497E+00
   1982.33   1.7694E+04   6.9125E+03   5.3126E+04  -1.8877E+01  -5.1425E+00   2.7294E+01  -1.5447E+00  -4.2081E-01  -4.4669E+00
   1982.42   1.7695E+04   6.9099E+03   5.3122E+04  -1.8922E+01  -5.1534E+00   2.7357E+01  -1.5484E+00  -4.2170E-01  -4.4773E+00
   1982.50   1.7696E+04   6.9072E+03   5.3119E+04  -1.8939E+01  -5.1567E+00   2.7380E+01  -1.5498E+00  -4.2197E-01  -4.4811E+00
   1982.58   1.7697E+04   6.9046E+03   5.3116E+04  -1.8930E+01  -5.1529E+00   2.7366E+01  -1.5490E+00  -4.2166E-01  -4.4788E+00
   1982.67   1.7698E+04   6.9020E+03   5.3113E+04  -1.8896E+01  -5.1423E+00   2.7316E+01  -1.5463E+00  -4.2080E-01  -4.4705E+00
   1982.75   1.7699E+04   6.8994E+03   5.3110E+04  -1.8839E+01  -5.1253E+00   2.7231E+01  -1.5416E+00  -4.1940E-01  -4.4567E+00
   1982.83   1.7700E+04   6.8968E+03   5.3107E+04  -1.8759E+01  -5.1022E+00   2.7115E+01  -1.5351E+00  -4.1751E-01  -4.4376E+00
   1982.92   1.7701E+04   6.8942E+03   5.3103E+04  -1.8659E+01  -5.0734E+00   2.6968E+01  -1.5268E+00  -4.1516E-01  -4.4137E+00
   1983.00   1.7702E+04   6.8916E+03   5.3100E+04  -1.8539E+01  -5.0393E+00   2.6793E+01  -1.5170E+00  -4.1237E-01  -4.3850E+00
   1983.08   1.7703E+04   6.8891E+03   5.3097E+04  -1.8401E+01  -5.0002E+00   2.6592E+01  -1.5057E+00  -4.0917E-01  -4.3521E+00
   1983.17   1.7704E+04   6.8865E+03   5.3094E+04  -1.8246E+01  -4.9566E+00   2.6367E+01  -1.4930E+00  -4.0560E-01  -4.3152E+00
   1983.25   1.7705E+04   6.8839E+03   5.3090E+04  -1.8075E+01  -4.9088E+00   2.6119E+01  -1.4791E+00  -4.0169E-01  -4.2746E+00
   1983.33   1.7706E+04   6.8814E+03   5.3087E+04  -1.7890E+01  -4.8571E+00   2.5850E+01  -1.4640E+00  -3.9746E-01  -4.2307E+00
   1983.42   1.7707E+04   6.8789E+03   5.3084E+04  -1.7693E+01  -4.8019E+00   2.5563E+01  -1.4478E+00  -3.9294E-01  -4.1837E+00
   1983.50   1.7708E+04   6.8763E+03   5.3080E+04  -1.7484E+01  -4.7436E+00   2.5260E+01  -1.4307E+00  -3.8817E-01  -4.1340E+00
   1983.58   1.7710E+04   6.8738E+03   5.3077E+04  -1.7264E+01  -4.6825E+00   2.4941E+01  -1.4127E+00  -3.8317E-01  -4.0819E+00
   1983.67   1.7711E+04   6.8713E+03   5.3073E+04  -1.7036E+01  -4.6191E+00   2.4610E+01  -1.3941E+00  -3.7798E-01  -4.0277E+00
   1983.75   1.7712E+04   6.8687E+03   5.3070E+04  -1.6800E+01  -4.5537E+00   2.4268E+01  -1.3748E+00  -3.7263E-01  -3.9717E+00
   1983.83   1.7713E+04   6.8662E+03   5.3066E+04  -1.6558E+01  -4.4866E+00   2.3917E+01  -1.3550E+00  -3.6714E-01  -3.9143E+00
   1983.92   1.7714E+04   6.8637E+03   5.3063E+04  -1.6312E+01  -4.4183E+00   2.3559E+01  -1.3348E+00  -3.6155E-01  -3.8557E+00
   1984.00   1.7715E+04   6.8612E+03   5.3059E+04  -1.6061E+01  -4.3490E+00   2.3196E+01  -1.3143E+00  -3.5588E-01  -3.7963E+00
   1984.08   1.7715E+04   6.8586E+03   5.3056E+04  -1.5809E+01  -4.2792E+00   2.2830E+01  -1.2936E+00  -3.5017E-01  -3.7364E+00
   1984.17   1.7716E+04   6.8561E+03   5.3052E+04  -1.5554E+01  -4.2088E+00   2.2461E+01  -1.2728E+00  -3.4441E-01  -3.6759E+00
   1984.25   1.7717E+04   6.8536E+03   5.3048E+04  -1.5297E+01  -4.1380E+00   2.2088E+01  -1.2517E+00  -3.3861E-01  -3.6150E+00
   1984.33   1.7718E+04   6.8511E+03   5.3045E+04  -1.5038E+01  -4.0667E+00   2.1713E+01  -1.2306E+00  -3.3278E-01  -3.5536E+00
   1984.42   1.7719E+04   6.8486E+03   5.3041E+04  -1.4777E+01  -3.9949E+00   2.1336E+01  -1.2092E+00  -3.2691E-01  -3.4918E+00
   1984.50   1.7720E+04   6.8461E+03   5.3037E+04  -1.4515E+01  -3.9228E+00   2.0956E+01  -1.1878E+00  -3.2100E-01  -3.4296E+00
   1984.58   1.7721E+04   6.8435E+03   5.3033E+04  -1.4251E+01  -3.8502E+00   2.0574E+01  -1.1662E+00  -3.1507E-01  -3.3671E+00
   1984.67   1.7722E+04   6.8410E+03   5.3029E+04  -1.3986E+01  -3.7773E+00   2.0189E+01  -1.1445E+00  -3.0910E-01  -3.3042E+00
   1984.75   1.7722E+04   6.8385E+03   5.3025E+04  -1.3719E+01  -3.7041E+00   1.9803E+01  -1.1226E+00  -3.0311E-01  -3.2409E+00
   1984.83   1.7723E+04   6.8359E+03   5.3022E+04  -1.3450E+01  -3.6306E+00   1.9414E+01  -1.1007E+00  -2.9709E-01  -3.1774E+00
   1984.92   1.7724E+04   6.8334E+03   5.3018E+04  -1.3181E+01  -3.5568E+00   1.9024E+01  -1.0786E+00  -2.9105E-01  -3.1135E+00
   1985.00   1.7725E+04   6.8308E+03   5.3014E+04  -1.2910E+01  -3.4827E+00   1.8633E+01  -1.0565E+00  -2.8499E-01  -3.0494E+00
   1985.08   1.7725E+04   6.8283E+03   5.3010E+04  -1.2639E+01  -3.4084E+00   1.8240E+01  -1.0342E+00  -2.7891E-01  -2.9851E+00
   1985.17   1.7726E+04   6.8257E+03   5.3006E+04  -1.2366E+01  -3.3339E+00   1.7845E+01  -1.0119E+00  -2.7282E-01  -2.9206E+00
   1985.25   1.7727E+04   6.8232E+03   5.3002E+04  -1.2093E+01  -3.2592E+00   1.7450E+01  -9.8954E-01  -2.6671E-01  -2.8558E+00
   1985.33   1.7728E+04   6.8206E+03   5.2997E+04  -1.1818E+01  -3.1844E+00   1.7053E+01  -9.6710E-01  -2.6058E-01  -2.7909E+00
   1985.42   1.7728E+04   6.8180E+03   5.2993E+04  -1.1543E+01  -3.1095E+00   1.6656E+01  -9.4461E-01  -2.5445E-01  -2.7259E+00
   1985.50   1.7729E+04   6.8154E+03   5.2989E+04  -1.1268E+01  -3.0344E+00   1.6257E+01  -9.2207E-01  -2.4831E-01  -2.6607E+00
   1985.58   1.7730E+04   6.8128E+03   5.2985E+04  -1.0992E+01  -2.9593E+00   1.5859E+01  -8.9949E-01  -2.4216E-01  -2.5954E+00
   1985.67   1.7730E+04   6.8101E+03   5.2981E+04  -1.0716E+01  -2.8841E+00   1.5459E+01  -8.7689E-01  -2.3601E-01  -2.5301E+00
   1985.75   1.7731E+04   6.8075E+03   5.2977E+04  -1.0439E+01  -2.8089E+00   1.5060E+01  -8.5426E-01  -2.2986E-01  -2.4647E+00
   1985.83   1.7732E+04   6.8049E+03   5.2973E+04  -1.0163E+01  -2.7337E+00   1.4660E+01  -8.3162E-01  -2.2370E-01  -2.3992E+00
   1985.92   1.7733E+04   6.8022E+03   5.2968E+04  -9.8859E+00  -2.6586E+00   1.4260E+01  -8.0897E-01  -2.1755E-01  -2.3338E+00
   1986.00   1.7733E+04   6.7995E+03   5.2964E+04  -9.6092E+00  -2.5835E+00   1.3860E+01  -7.8633E-01  -2.1141E-01  -2.2684E+00
   1986.08   1.7734E+04   6.7968E+03   5.2960E+04  -9.3329E+00  -2.5085E+00   1.3461E+01  -7.6371E-01  -2.0527E-01  -2.2030E+00
   1986.17   1.7735E+04   6.7941E+03   5.2956E+04  -9.0585E+00  -2.4341E+00   1.3065E+01  -7.4126E-01  -1.9919E-01  -2.1382E+00
   1986.25   1.7735E+04   6.7914E+03   5.2951E+04  -8.7879E+00  -2.3608E+00   1.2674E+01  -7.1912E-01  -1.9318E-01  -2.0742E+00
   1986.33   1.7736E+04   6.7887E+03   5.2947E+04  -8.5229E+00  -2.2890E+00   1.2291E+01  -6.9743E-01  -1.8731E-01  -2.0116E+00
   1986.42   1.7737E+04   6.7859E+03   5.2943E+04  -8.2653E+00  -2.2192E+00   1.1919E+01  -6.7635E-01  -1.8159E-01  -1.9507E+00
   1986.50   1.7737E+04   6.7832E+03   5.2938E+04  -8.0170E+00  -2.1518E+00   1.1560E+01  -6.5603E-01  -1.7609E-01  -1.8920E+00
   1986.58   1.7738E+04   6.7804E+03   5.2934E+04  -7.7797E+00  -2.0875E+00   1.1218E+01  -6.3662E-01  -1.7082E-01  -1.8359E+00
   1986.67   1.7739E+04   6.7776E+03   5.2930E+04  -7.5553E+00  -2.0266E+00   1.0894E+01  -6.1826E-01  -1.6584E-01  -1.7829E+00
   1986.75   1.7739E+04   6.7748E+03   5.2925E+04  -7.3457E+00  -1.9697E+00   1.0591E+01  -6.0110E-01  -1.6118E-01  -1.7333E+00
   1986.83   1.7740E+04   6.7720E+03   5.2921E+04  -7.1526E+00  -1.9172E+00   1.0312E+01  -5.8530E-01  -1.5688E-01  -1.6877E+00
   1986.92   1.7741E+04   6.7692E+03   5.2916E+04  -6.9779E+00  -1.8695E+00   1.0059E+01  -5.7100E-01  -1.5298E-01  -1.6463E+00
   1987.00   1.7741E+04   6.7664E+03   5.2912E+04  -6.8233E+00  -1.8273E+00   9.8361E+00  -5.5836E-01  -1.4953E-01  -1.6098E+00
   1987.08   1.7742E+04   6.7636E+03   5.2907E+04  -6.6908E+00  -1.7909E+00   9.6445E+00  -5.4751E-01  -1.4655E-01  -1.5784E+00
   1987.17   1.7743E+04   6.7608E+03   5.2903E+04  -6.5821E+00  -1.7609E+00   9.4872E+00  -5.3862E-01  -1.4410E-01  -1.5527E+00
   1987.25   1.7743E+04   6.7579E+03   5.2899E+04  -6.4991E+00  -1.7377E+00   9.3669E+00  -5.3183E-01  -1.4220E-01  -1.5330E+00
   1987.33   1.7744E+04   6.7551E+03   5.2894E+04  -6.4436E+00  -1.7219E+00   9.2863E+00  -5.2729E-01  -1.4090E-01  -1.5198E+00
   1987.42   1.7745E+04   6.7523E+03   5.2890E+04  -6.4175E+00  -1.7138E+00   9.2478E+00  -5.2514E-01  -1.4024E-01  -1.5135E+00
   1987.50   1.7745E+04   6.7494E+03   5.2885E+04  -6.4224E+00  -1.7140E+00   9.2543E+00  -5.2555E-01  -1.4026E-01  -1.5146E+00
   1987.58   1.7746E+04   6.7466E+03   5.2881E+04  -6.4603E+00  -1.7229E+00   9.3082E+00  -5.2865E-01  -1.4099E-01  -1.5234E+00
   1987.67   1.7746E+04   6.7437E+03   5.2876E+04  -6.5331E+00  -1.7412E+00   9.4123E+00  -5.3460E-01  -1.4248E-01  -1.5404E+00
   1987.75   1.7747E+04   6.7408E+03   5.2872E+04  -6.6424E+00  -1.7691E+00   9.5691E+00  -5.4355E-01  -1.4476E-01  -1.5661E+00
   1987.83   1.7748E+04   6.7380E+03   5.2867E+04  -6.7902E+00  -1.8072E+00   9.7812E+00  -5.5564E-01  -1.4789E-01  -1.6008E+00
   1987.92   1.7748E+04   6.7351E+03   5.2862E+04  -6.9782E+00  -1.8561E+00   1.0051E+01  -5.7103E-01  -1.5188E-01  -1.6450E+00
   1988.00   1.7749E+04   6.7323E+03   5.2858E+04  -7.2084E+00  -1.9161E+00   1.0382E+01  -5.8986E-01  -1.5679E-01  -1.6992E+00
   1988.08   1.7749E+04   6.7294E+03   5.2853E+04  -7.4815E+00  -1.9875E+00   1.0775E+01  -6.1221E-01  -1.6264E-01  -1.7634E+00
   1988.17   1.7750E+04   6.7265E+03   5.2849E+04  -7.7949E+00  -2.0695E+00   1.1226E+01  -6.3786E-01  -1.6935E-01  -1.8372E+00
   1988.25   1.7750E+04   6.7237E+03   5.2844E+04  -8.1447E+00  -2.1613E+00   1.1729E+01  -6.6649E-01  -1.7686E-01  -1.9195E+00
   1988.33   1.7751E+04   6.7208E+03   5.2839E+04  -8.5274E+00  -2.2618E+00   1.2279E+01  -6.9780E-01  -1.8508E-01  -2.0096E+00
   1988.42   1.7751E+04   6.7180E+03   5.2835E+04  -8.9392E+00  -2.3700E+00   1.2872E+01  -7.3150E-01  -1.9394E-01  -2.1066E+00
   1988.50   1.7752E+04   6.7151E+03   5.2830E+04  -9.3763E+00  -2.4849E+00   1.3500E+01  -7.6727E-01  -2.0334E-01  -2.2095E+00
   1988.58   1.7752E+04   6.7123E+03   5.2826E+04  -9.8352E+00  -2.6056E+00   1.4161E+01  -8.0482E-01  -2.1322E-01  -2.3175E+00
   1988.67   1.7753E+04   6.7094E+03   5.2821E+04  -1.0312E+01  -2.7311E+00   1.4847E+01  -8.4384E-01  -2.2349E-01  -2.4298E+00
   1988.75   1.7753E+04   6.7066E+03   5.2816E+04  -1.0803E+01  -2.8604E+00   1.5553E+01  -8.8403E-01  -2.3407E-01  -2.5455E+00
   1988.83   1.7753E+04   6.7038E+03   5.2812E+04  -1.1305E+01  -2.9925E+00   1.6275E+01  -9.2509E-01  -2.4487E-01  -2.6636E+00
   1988.92   1.7754E+04   6.7009E+03   5.2807E+04  -1.1814E+01  -3.1264E+00   1.7007E+01  -9.6671E-01  -2.5583E-01  -2.7834E+00
   1989.00   1.7754E+04   6.6981E+03   5.2802E+04  -1.2325E+01  -3.2611E+00   1.7744E+01  -1.0086E+00  -2.6686E-01  -2.9039E+00
   1989.08   1.7755E+04   6.6953E+03   5.2798E+04  -1.2837E+01  -3.3957E+00   1.8479E+01  -1.0504E+00  -2.7787E-01  -3.0244E+00
   1989.17   1.7755E+04   6.6925E+03   5.2793E+04  -1.3344E+01  -3.5292E+00   1.9209E+01  -1.0919E+00  -2.8880E-01  -3.1438E+00
   1989.25   1.7755E+04   6.6896E+03   5.2788E+04  -1.3843E+01  -3.6606E+00   1.9927E+01  -1.1328E+00  -2.9955E-01  -3.2613E+00
   1989.33   1.7756E+04   6.6868E+03   5.2784E+04  -1.4330E+01  -3.7889E+00   2.0629E+01  -1.1727E+00  -3.1005E-01  -3.3761E+00
   1989.42   1.7756E+04   6.6840E+03   5.2779E+04  -1.4802E+01  -3.9131E+00   2.1308E+01  -1.2113E+00  -3.2021E-01  -3.4873E+00
   1989.50   1.7757E+04   6.6813E+03   5.2774E+04  -1.5256E+01  -4.0323E+00   2.1960E+01  -1.2484E+00  -3.2997E-01  -3.5940E+00
   1989.58   1.7757E+04   6.6785E+03   5.2769E+04  -1.5686E+01  -4.1455E+00   2.2579E+01  -1.2836E+00  -3.3923E-01  -3.6953E+00
   1989.67   1.7757E+04   6.6757E+03   5.2765E+04  -1.6090E+01  -4.2516E+00   2.3160E+01  -1.3166E+00  -3.4791E-01  -3.7904E+00
   1989.75   1.7758E+04   6.6729E+03   5.2760E+04  -1.6464E+01  -4.3497E+00   2.3698E+01  -1.3472E+00  -3.5594E-01  -3.8784E+00
   1989.83   1.7758E+04   6.6702E+03   5.2755E+04  -1.6804E+01  -4.4389E+00   2.4187E+01  -1.3750E+00  -3.6324E-01  -3.9584E+00
   1989.92   1.7759E+04   6.6675E+03   5.2751E+04  -1.7106E+01  -4.5181E+00   2.4622E+01  -1.3998E+00  -3.6972E-01  -4.0296E+00
   1990.00   1.7759E+04   6.6647E+03   5.2746E+04  -1.7367E+01  -4.5863E+00   2.4997E+01  -1.4211E+00  -3.7530E-01  -4.0910E+00
   1990.08   1.7759E+04   6.6620E+03   5.2741E+04  -1.7584E+01  -4.6429E+00   2.5309E+01  -1.4389E+00  -3.7993E-01  -4.1421E+00
   1990.17   1.7760E+04   6.6593E+03   5.2736E+04  -1.7759E+01  -4.6882E+00   2.5560E+01  -1.4532E+00  -3.8364E-01  -4.1832E+00
   1990.25   1.7760E+04   6.6566E+03   5.2732E+04  -1.7893E+01  -4.7228E+00   2.5753E+01  -1.4642E+00  -3.8647E-01  -4.2147E+00
   1990.33   1.7761E+04   6.6539E+03   5.2727E+04  -1.7990E+01  -4.7474E+00   2.5891E+01  -1.4721E+00  -3.8848E-01  -4.2374E+00
   1990.42   1.7761E+04   6.6512E+03   5.2722E+04  -1.8051E+01  -4.7625E+00   2.5979E+01  -1.4771E+00  -3.8972E-01  -4.2517E+00
   1990.50   1.7762E+04   6.6485E+03   5.2717E+04  -1.8079E+01  -4.7689E+00   2.6018E+01  -1.4794E+00  -3.9024E-01  -4.2582E+00
   1990.58   1.7762E+04   6.6459E+03   5.2713E+04  -1.8076E+01  -4.7671E+00   2.6014E+01  -1.4791E+00  -3.9009E-01  -4.2574E+00
   1990.67   1.7762E+04   6.6432E+03   5.2708E+04  -1.8045E+01  -4.7578E+00   2.5968E+01  -1.4766E+00  -3.8933E-01  -4.2500E+00
   1990.75   1.7763E+04   6.6406E+03   5.2703E+04  -1.7988E+01  -4.7416E+00   2.5886E+01  -1.4719E+00  -3.8801E-01  -4.2365E+00
   1990.83   1.7763E+04   6.6379E+03   5.2698E+04  -1.7907E+01  -4.7191E+00   2.5769E+01  -1.4653E+00  -3.8617E-01  -4.2174E+00
   1990.92   1.7764E+04   6.6353E+03   5.2694E+04  -1.7805E+01  -4.6910E+00   2.5622E+01  -1.4570E+00  -3.8387E-01  -4.1933E+00
   1991.00   1.7764E+04   6.6326E+03   5.2689E+04  -1.7684E+01  -4.6579E+00   2.5447E+01  -1.4471E+00  -3.8116E-01  -4.1647E+00
   1991.08   1.7765E+04   6.6300E+03   5.2684E+04  -1.7547E+01  -4.6205E+00   2.5249E+01  -1.4359E+00  -3.7809E-01  -4.1323E+00
   1991.17   1.7765E+04   6.6274E+03   5.2679E+04  -1.7396E+01  -4.5792E+00   2.5031E+01  -1.4235E+00  -3.7472E-01  -4.0966E+00
   1991.25   1.7766E+04   6.6248E+03   5.2675E+04  -1.7233E+01  -4.5349E+00   2.4796E+01  -1.4102E+00  -3.7109E-01  -4.0581E+00
   1991.33   1.7766E+04   6.6222E+03   5.2670E+04  -1.7061E+01  -4.4880E+00   2.4547E+01  -1.3961E+00  -3.6726E-01  -4.0174E+00
   1991.42   1.7767E+04   6.6196E+03   5.2665E+04  -1.6882E+01  -4.4394E+00   2.4288E+01  -1.3814E+00  -3.6327E-01  -3.9750E+00
   1991.50   1.7767E+04   6.6170E+03   5.2660E+04  -1.6698E+01  -4.3894E+00   2.4023E+01  -1.3664E+00  -3.5919E-01  -3.9316E+00
   1991.58   1.7768E+04   6.6144E+03   5.2655E+04  -1.6512E+01  -4.3389E+00   2.3754E+01  -1.3512E+00  -3.5506E-01  -3.8876E+00
   1991.67   1.7769E+04   6.6118E+03   5.2650E+04  -1.6326E+01  -4.2884E+00   2.3486E+01  -1.3360E+00  -3.5092E-01  -3.8437E+00
   1991.75   1.7769E+04   6.6092E+03   5.2646E+04  -1.6143E+01  -4.2386E+00   2.3221E+01  -1.3210E+00  -3.4685E-01  -3.8004E+00
   1991.83   1.7770E+04   6.6066E+03   5.2641E+04  -1.5965E+01  -4.1901E+00   2.2964E+01  -1.3064E+00  -3.4287E-01  -3.7583E+00
   1991.92   1.7771E+04   6.6040E+03   5.2636E+04  -1.5793E+01  -4.1434E+00   2.2717E+01  -1.2924E+00  -3.3906E-01  -3.7178E+00
   1992.00   1.7771E+04   6.6014E+03   5.2631E+04  -1.5632E+01  -4.0994E+00   2.2484E+01  -1.2792E+00  -3.3545E-01  -3.6797E+00
   1992.08   1.7772E+04   6.5988E+03   5.2626E+04  -1.5482E+01  -4.0583E+00   2.2267E+01  -1.2669E+00  -3.3209E-01  -3.6442E+00
   1992.17   1.7773E+04   6.5963E+03   5.2621E+04  -1.5343E+01  -4.0201E+00   2.2066E+01  -1.2555E+00  -3.2897E-01  -3.6113E+00
   1992.25   1.7773E+04   6.5937E+03   5.2616E+04  -1.5214E+01  -3.9845E+00   2.1879E+01  -1.2449E+00  -3.2605E-01  -3.5807E+00
   1992.33   1.7774E+04   6.5911E+03   5.2611E+04  -1.5093E+01  -3.9511E+00   2.1704E+01  -1.2351E+00  -3.2332E-01  -3.5521E+00
   1992.42   1.7775E+04   6.5885E+03   5.2606E+04  -1.4979E+01  -3.9197E+00   2.1540E+01  -1.2258E+00  -3.2075E-01  -3.5252E+00
   1992.50   1.7776E+04   6.5859E+03   5.2601E+04  -1.4872E+01  -3.8900E+00   2.1384E+01  -1.2170E+00  -3.1832E-01  -3.4998E+00
   1992.58   1.7777E+04   6.5833E+03   5.2596E+04  -1.4770E+01  -3.8616E+00   2.1236E+01  -1.2086E+00  -3.1599E-01  -3.4755E+00
   1992.67   1.7777E+04   6.5807E+03   5.2591E+04  -1.4671E+01  -3.8342E+00   2.1093E+01  -1.2006E+00  -3.1375E-01  -3.4522E+00
   1992.75   1.7778E+04   6.5781E+03   5.2586E+04  -1.4575E+01  -3.8076E+00   2.0955E+01  -1.1927E+00  -3.1157E-01  -3.4294E+00
   1992.83   1.7779E+04   6.5755E+03   5.2581E+04  -1.4481E+01  -3.7814E+00   2.0818E+01  -1.1850E+00  -3.0943E-01  -3.4070E+00
   1992.92   1.7780E+04   6.5729E+03   5.2576E+04  -1.4387E+01  -3.7553E+00   2.0681E+01  -1.1773E+00  -3.0729E-01  -3.3847E+00
   1993.00   1.7781E+04   6.5703E+03   5.2571E+04  -1.4292E+01  -3.7290E+00   2.0544E+01  -1.1695E+00  -3.0514E-01  -3.3622E+00
   1993.08   1.7782E+04   6.5676E+03   5.2566E+04  -1.4195E+01  -3.7022E+00   2.0403E+01  -1.1616E+00  -3.0295E-01  -3.3392E+00
   1993.17   1.7783E+04   6.5650E+03   5.2561E+04  -1.4094E+01  -3.6747E+00   2.0258E+01  -1.1534E+00  -3.0070E-01  -3.3155E+00
   1993.25   1.7784E+04   6.5623E+03   5.2555E+04  -1.3990E+01  -3.6460E+00   2.0107E+01  -1.1448E+00  -2.9835E-01  -3.2907E+00
   1993.33   1.7785E+04   6.5596E+03   5.2550E+04  -1.3879E+01  -3.6159E+00   1.9947E+01  -1.1358E+00  -2.9589E-01  -3.2646E+00
   1993.42   1.7786E+04   6.5569E+03   5.2545E+04  -1.3762E+01  -3.5842E+00   1.9778E+01  -1.1262E+00  -2.9329E-01  -3.2369E+00
   1993.50   1.7787E+04   6.5542E+03   5.2540E+04  -1.3637E+01  -3.5504E+00   1.9597E+01  -1.1159E+00  -2.9053E-01  -3.2073E+00
   1993.58   1.7788E+04   6.5515E+03   5.2534E+04  -1.3503E+01  -3.5143E+00   1.9404E+01  -1.1049E+00  -2.8757E-01  -3.1756E+00
   1993.67   1.7789E+04   6.5488E+03   5.2529E+04  -1.3358E+01  -3.4755E+00   1.9195E+01  -1.0931E+00  -2.8440E-01  -3.1415E+00
   1993.75   1.7790E+04   6.5460E+03   5.2523E+04  -1.3202E+01  -3.4338E+00   1.8970E+01  -1.0804E+00  -2.8099E-01  -3.1047E+00
   1993.83   1.7791E+04   6.5433E+03   5.2518E+04  -1.3034E+01  -3.3889E+00   1.8727E+01  -1.0666E+00  -2.7732E-01  -3.0649E+00
   1993.92   1.7792E+04   6.5405E+03   5.2512E+04  -1.2851E+01  -3.3404E+00   1.8464E+01  -1.0516E+00  -2.7335E-01  -3.0219E+00
   1994.00   1.7793E+04   6.5377E+03   5.2507E+04  -1.2654E+01  -3.2881E+00   1.8180E+01  -1.0355E+00  -2.6907E-01  -2.9753E+00
   1994.08   1.7794E+04   6.5348E+03   5.2501E+04  -1.2440E+01  -3.2318E+00   1.7873E+01  -1.0180E+00  -2.6446E-01  -2.9250E+00
   1994.17   1.7795E+04   6.5320E+03   5.2496E+04  -1.2212E+01  -3.1716E+00   1.7544E+01  -9.9935E-01  -2.5953E-01  -2.8713E+00
   1994.25   1.7796E+04   6.5291E+03   5.2490E+04  -1.1971E+01  -3.1080E+00   1.7197E+01  -9.7960E-01  -2.5433E-01  -2.8144E+00
   1994.33   1.7797E+04   6.5262E+03   5.2484E+04  -1.1718E+01  -3.0414E+00   1.6832E+01  -9.5887E-01  -2.4888E-01  -2.7548E+00
   1994.42   1.7798E+04   6.5233E+03   5.2479E+04  -1.1454E+01  -2.9721E+00   1.6453E+01  -9.3729E-01  -2.4321E-01  -2.6927E+00
   1994.50   1.7799E+04   6.5204E+03   5.2473E+04  -1.1181E+01  -2.9005E+00   1.6060E+01  -9.1497E-01  -2.3735E-01  -2.6284E+00
   1994.58   1.7800E+04   6.5174E+03   5.2467E+04  -1.0901E+01  -2.8269E+00   1.5657E+01  -8.9202E-01  -2.3133E-01  -2.5624E+00
   1994.67   1.7801E+04   6.5144E+03   5.2461E+04  -1.0614E+01  -2.7518E+00   1.5244E+01  -8.6856E-01  -2.2518E-01  -2.4949E+00
   1994.75   1.7803E+04   6.5114E+03   5.2455E+04  -1.0323E+01  -2.6754E+00   1.4825E+01  -8.4472E-01  -2.1893E-01  -2.4263E+00
   1994.83   1.7804E+04   6.5083E+03   5.2449E+04  -1.0028E+01  -2.5982E+00   1.4401E+01  -8.2060E-01  -2.1261E-01  -2.3569E+00
   1994.92   1.7805E+04   6.5053E+03   5.2443E+04  -9.7313E+00  -2.5205E+00   1.3974E+01  -7.9632E-01  -2.0625E-01  -2.2871E+00
   1995.00   1.7806E+04   6.5022E+03   5.2437E+04  -9.4341E+00  -2.4427E+00   1.3547E+01  -7.7200E-01  -1.9989E-01  -2.2171E+00
   1995.08   1.7807E+04   6.4991E+03   5.2431E+04  -9.1379E+00  -2.3652E+00   1.3121E+01  -7.4776E-01  -1.9354E-01  -2.1474E+00
   1995.17   1.7809E+04   6.4959E+03   5.2425E+04  -8.8440E+00  -2.2883E+00   1.2698E+01  -7.2371E-01  -1.8725E-01  -2.0782E+00
   1995.25   1.7810E+04   6.4928E+03   5.2419E+04  -8.5538E+00  -2.2123E+00   1.2281E+01  -6.9996E-01  -1.8104E-01  -2.0099E+00
   1995.33   1.7811E+04   6.4896E+03   5.2413E+04  -8.2689E+00  -2.1378E+00   1.1871E+01  -6.7665E-01  -1.7494E-01  -1.9428E+00
   1995.42   1.7812E+04   6.4864E+03   5.2407E+04  -7.9907E+00  -2.0650E+00   1.1471E+01  -6.5388E-01  -1.6898E-01  -1.8773E+00
   1995.50   1.7814E+04   6.4831E+03   5.2401E+04  -7.7204E+00  -1.9942E+00   1.1082E+01  -6.3177E-01  -1.6319E-01  -1.8137E+00
   1995.58   1.7815E+04   6.4798E+03   5.2395E+04  -7.4597E+00  -1.9260E+00   1.0707E+01  -6.1043E-01  -1.5760E-01  -1.7523E+00
   1995.67   1.7816E+04   6.4765E+03   5.2388E+04  -7.2099E+00  -1.8606E+00   1.0347E+01  -5.8999E-01  -1.5225E-01  -1.6935E+00
   1995.75   1.7818E+04   6.4732E+03   5.2382E+04  -6.9724E+00  -1.7983E+00   1.0006E+01  -5.7056E-01  -1.4716E-01  -1.6375E+00
   1995.83   1.7819E+04   6.4698E+03   5.2376E+04  -6.7487E+00  -1.7397E+00   9.6838E+00  -5.5225E-01  -1.4236E-01  -1.5849E+00
   1995.92   1.7820E+04   6.4665E+03   5.2370E+04  -6.5402E+00  -1.6850E+00   9.3837E+00  -5.3519E-01  -1.3788E-01  -1.5357E+00
   1996.00   1.7822E+04   6.4630E+03   5.2363E+04  -6.3483E+00  -1.6346E+00   9.1074E+00  -5.1948E-01  -1.3376E-01  -1.4905E+00
   1996.08   1.7823E+04   6.4596E+03   5.2357E+04  -6.1742E+00  -1.5888E+00   8.8568E+00  -5.0524E-01  -1.3001E-01  -1.4495E+00
   1996.17   1.7825E+04   6.4561E+03   5.2351E+04  -6.0183E+00  -1.5477E+00   8.6322E+00  -4.9248E-01  -1.2665E-01  -1.4128E+00
   1996.25   1.7826E+04   6.4526E+03   5.2345E+04  -5.8806E+00  -1.5113E+00   8.4338E+00  -4.8121E-01  -1.2367E-01  -1.3803E+00
   1996.33   1.7828E+04   6.4490E+03   5.2338E+04  -5.7613E+00  -1.4797E+00   8.2618E+00  -4.7145E-01  -1.2108E-01  -1.3521E+00
   1996.42   1.7830E+04   6.4455E+03   5.2332E+04  -5.6604E+00  -1.4528E+00   8.1162E+00  -4.6320E-01  -1.1888E-01  -1.3283E+00
   1996.50   1.7831E+04   6.4419E+03   5.2326E+04  -5.5782E+00  -1.4306E+00   7.9973E+00  -4.5646E-01  -1.1707E-01  -1.3088E+00
   1996.58   1.7833E+04   6.4382E+03   5.2320E+04  -5.5145E+00  -1.4133E+00   7.9051E+00  -4.5126E-01  -1.1565E-01  -1.2938E+00
   1996.67   1.7834E+04   6.4346E+03   5.2313E+04  -5.4697E+00  -1.4008E+00   7.8398E+00  -4.4758E-01  -1.1463E-01  -1.2831E+00
   1996.75   1.7836E+04   6.4309E+03   5.2307E+04  -5.4437E+00  -1.3931E+00   7.8016E+00  -4.4546E-01  -1.1400E-01  -1.2768E+00
   1996.83   1.7838E+04   6.4272E+03   5.2301E+04  -5.4367E+00  -1.3903E+00   7.7906E+00  -4.4488E-01  -1.1377E-01  -1.2750E+00
   1996.92   1.7839E+04   6.4234E+03   5.2294E+04  -5.4487E+00  -1.3924E+00   7.8070E+00  -4.4587E-01  -1.1394E-01  -1.2777E+00
   1997.00   1.7841E+04   6.4197E+03   5.2288E+04  -5.4800E+00  -1.3994E+00   7.8508E+00  -4.4843E-01  -1.1451E-01  -1.2849E+00
   1997.08   1.7843E+04   6.4159E+03   5.2282E+04  -5.5305E+00  -1.4112E+00   7.9222E+00  -4.5257E-01  -1.1548E-01  -1.2966E+00
   1997.17   1.7844E+04   6.4120E+03   5.2276E+04  -5.6005E+00  -1.4280E+00   8.0215E+00  -4.5829E-01  -1.1686E-01  -1.3128E+00
   1997.25   1.7846E+04   6.4082E+03   5.2269E+04  -5.6899E+00  -1.4498E+00   8.1486E+00  -4.6560E-01  -1.1864E-01  -1.3336E+00
   1997.33   1.7848E+04   6.4043E+03   5.2263E+04  -5.7989E+00  -1.4765E+00   8.3038E+00  -4.7453E-01  -1.2083E-01  -1.3590E+00
   1997.42   1.7849E+04   6.4004E+03   5.2257E+04  -5.9276E+00  -1.5083E+00   8.4872E+00  -4.8506E-01  -1.2342E-01  -1.3890E+00
   1997.50   1.7851E+04   6.3965E+03   5.2251E+04  -6.0761E+00  -1.5450E+00   8.6989E+00  -4.9721E-01  -1.2643E-01  -1.4237E+00
   1997.58   1.7853E+04   6.3925E+03   5.2245E+04  -6.2446E+00  -1.5868E+00   8.9391E+00  -5.1099E-01  -1.2985E-01  -1.4630E+00
   1997.67   1.7854E+04   6.3885E+03   5.2238E+04  -6.4330E+00  -1.6337E+00   9.2079E+00  -5.2641E-01  -1.3369E-01  -1.5070E+00
   1997.75   1.7856E+04   6.3845E+03   5.2232E+04  -6.6415E+00  -1.6856E+00   9.5055E+00  -5.4348E-01  -1.3793E-01  -1.5557E+00
   1997.83   1.7858E+04   6.3805E+03   5.2226E+04  -6.8703E+00  -1.7426E+00   9.8321E+00  -5.6220E-01  -1.4260E-01  -1.6091E+00
   1997.92   1.7859E+04   6.3764E+03   5.2220E+04  -7.1194E+00  -1.8048E+00   1.0188E+01  -5.8258E-01  -1.4769E-01  -1.6673E+00
   1998.00   1.7861E+04   6.3724E+03   5.2214E+04  -7.3889E+00  -1.8721E+00   1.0572E+01  -6.0464E-01  -1.5319E-01  -1.7303E+00
   1998.08   1.7862E+04   6.3683E+03   5.2208E+04  -7.6785E+00  -1.9444E+00   1.0986E+01  -6.2834E-01  -1.5911E-01  -1.7980E+00
   1998.17   1.7864E+04   6.3641E+03   5.2202E+04  -7.9862E+00  -2.0213E+00   1.1425E+01  -6.5352E-01  -1.6540E-01  -1.8699E+00
   1998.25   1.7866E+04   6.3600E+03   5.2196E+04  -8.3096E+00  -2.1021E+00   1.1887E+01  -6.7998E-01  -1.7202E-01  -1.9454E+00
   1998.33   1.7867E+04   6.3558E+03   5.2190E+04  -8.6463E+00  -2.1863E+00   1.2368E+01  -7.0753E-01  -1.7890E-01  -2.0241E+00
   1998.42   1.7869E+04   6.3516E+03   5.2184E+04  -8.9938E+00  -2.2731E+00   1.2864E+01  -7.3596E-01  -1.8601E-01  -2.1053E+00
   1998.50   1.7870E+04   6.3474E+03   5.2178E+04  -9.3496E+00  -2.3621E+00   1.3372E+01  -7.6508E-01  -1.9329E-01  -2.1885E+00
   1998.58   1.7872E+04   6.3431E+03   5.2172E+04  -9.7115E+00  -2.4526E+00   1.3889E+01  -7.9469E-01  -2.0069E-01  -2.2731E+00
   1998.67   1.7874E+04   6.3389E+03   5.2167E+04  -1.0077E+01  -2.5439E+00   1.4411E+01  -8.2459E-01  -2.0817E-01  -2.3585E+00
   1998.75   1.7875E+04   6.3346E+03   5.2161E+04  -1.0443E+01  -2.6355E+00   1.4934E+01  -8.5458E-01  -2.1567E-01  -2.4441E+00
   1998.83   1.7877E+04   6.3303E+03   5.2155E+04  -1.0809E+01  -2.7268E+00   1.5456E+01  -8.8447E-01  -2.2314E-01  -2.5295E+00
   1998.92   1.7878E+04   6.3259E+03   5.2149E+04  -1.1170E+01  -2.8172E+00   1.5972E+01  -9.1405E-01  -2.3053E-01  -2.6140E+00
   1999.00   1.7880E+04   6.3216E+03   5.2143E+04  -1.1525E+01  -2.9060E+00   1.6479E+01  -9.4313E-01  -2.3780E-01  -2.6970E+00
   1999.08   1.7881E+04   6.3172E+03   5.2137E+04  -1.1872E+01  -2.9926E+00   1.6974E+01  -9.7150E-01  -2.4488E-01  -2.7781E+00
   1999.17   1.7883E+04   6.3128E+03   5.2131E+04  -1.2208E+01  -3.0764E+00   1.7454E+01  -9.9898E-01  -2.5174E-01  -2.8565E+00
   1999.25   1.7884E+04   6.3084E+03   5.2125E+04  -1.2530E+01  -3.1569E+00   1.7914E+01  -1.0253E+00  -2.5833E-01  -2.9318E+00
   1999.33   1.7886E+04   6.3039E+03   5.2120E+04  -1.2837E+01  -3.2333E+00   1.8352E+01  -1.0504E+00  -2.6458E-01  -3.0034E+00
   1999.42   1.7887E+04   6.2995E+03   5.2114E+04  -1.3125E+01  -3.3051E+00   1.8763E+01  -1.0740E+00  -2.7046E-01  -3.0708E+00
   1999.50   1.7889E+04   6.2950E+03   5.2108E+04  -1.3392E+01  -3.3718E+00   1.9145E+01  -1.0959E+00  -2.7591E-01  -3.1332E+00
   1999.58   1.7890E+04   6.2905E+03   5.2102E+04  -1.3637E+01  -3.4326E+00   1.9493E+01  -1.1159E+00  -2.8089E-01  -3.1903E+00
   1999.67   1.7892E+04   6.2859E+03   5.2096E+04  -1.3855E+01  -3.4869E+00   1.9806E+01  -1.1338E+00  -2.8533E-01  -3.2414E+00
   1999.75   1.7894E+04   6.2814E+03   5.2090E+04  -1.4046E+01  -3.5342E+00   2.0078E+01  -1.1494E+00  -2.8920E-01  -3.2859E+00
   1999.83   1.7895E+04   6.2768E+03   5.2084E+04  -1.4207E+01  -3.5738E+00   2.0306E+01  -1.1625E+00  -2.9245E-01  -3.3234E+00
   1999.92   1.7897E+04   6.2722E+03   5.2078E+04  -1.4334E+01  -3.6052E+00   2.0488E+01  -1.1730E+00  -2.9501E-01  -3.3531E+00
   2000.00   1.7898E+04   6.2676E+03   5.2072E+04  -1.4426E+01  -3.6277E+00   2.0620E+01  -1.1805E+00  -2.9685E-01  -3.3746E+00
   2000.08   1.7900E+04   6.2630E+03   5.2065E+04  -1.4482E+01  -3.6409E+00   2.0698E+01  -1.1851E+00  -2.9793E-01  -3.3875E+00
   2000.17   1.7901E+04   6.2584E+03   5.2059E+04  -1.4503E+01  -3.6453E+00   2.0728E+01  -1.1868E+00  -2.9830E-01  -3.3923E+00
   2000.25   1.7903E+04   6.2537E+03   5.2053E+04  -1.4492E+01  -3.6419E+00   2.0712E+01  -1.1859E+00  -2.9801E-01  -3.3897E+00
   2000.33   1.7904E+04   6.2490E+03   5.2047E+04  -1.4453E+01  -3.6312E+00   2.0655E+01  -1.1827E+00  -2.9714E-01  -3.3804E+00
   2000.42   1.7906E+04   6.2443E+03   5.2041E+04  -1.4388E+01  -3.6141E+00   2.0562E+01  -1.1774E+00  -2.9574E-01  -3.3652E+00
   2000.50   1.7908E+04   6.2396E+03   5.2034E+04  -1.4301E+01  -3.5913E+00   2.0437E+01  -1.1703E+00  -2.9388E-01  -3.3447E+00
   2000.58   1.7909E+04   6.2349E+03   5.2028E+04  -1.4195E+01  -3.5636E+00   2.0284E+01  -1.1616E+00  -2.9161E-01  -3.3197E+00
   2000.67   1.7911E+04   6.2301E+03   5.2022E+04  -1.4072E+01  -3.5318E+00   2.0108E+01  -1.1515E+00  -2.8901E-01  -3.2909E+00
   2000.75   1.7912E+04   6.2254E+03   5.2015E+04  -1.3937E+01  -3.4967E+00   1.9913E+01  -1.1404E+00  -2.8613E-01  -3.2590E+00
   2000.83   1.7914E+04   6.2206E+03   5.2009E+04  -1.3791E+01  -3.4589E+00   1.9704E+01  -1.1285E+00  -2.8305E-01  -3.2248E+00
   2000.92   1.7916E+04   6.2158E+03   5.2003E+04  -1.3638E+01  -3.4193E+00   1.9484E+01  -1.1160E+00  -2.7981E-01  -3.1888E+00
   2001.00   1.7917E+04   6.2110E+03   5.1996E+04  -1.3481E+01  -3.3787E+00   1.9259E+01  -1.1031E+00  -2.7648E-01  -3.1520E+00
   2001.08   1.7919E+04   6.2062E+03   5.1990E+04  -1.3323E+01  -3.3377E+00   1.9032E+01  -1.0902E+00  -2.7313E-01  -3.1148E+00
   2001.17   1.7920E+04   6.2014E+03   5.1983E+04  -1.3167E+01  -3.2973E+00   1.8808E+01  -1.0774E+00  -2.6982E-01  -3.0782E+00
   2001.25   1.7922E+04   6.1966E+03   5.1977E+04  -1.3016E+01  -3.2580E+00   1.8592E+01  -1.0651E+00  -2.6661E-01  -3.0428E+00
   2001.33   1.7923E+04   6.1917E+03   5.1971E+04  -1.2873E+01  -3.2208E+00   1.8387E+01  -1.0534E+00  -2.6356E-01  -3.0092E+00
   2001.42   1.7925E+04   6.1869E+03   5.1964E+04  -1.2742E+01  -3.1863E+00   1.8198E+01  -1.0427E+00  -2.6074E-01  -2.9784E+00
   2001.50   1.7927E+04   6.1820E+03   5.1958E+04  -1.2625E+01  -3.1554E+00   1.8030E+01  -1.0331E+00  -2.5820E-01  -2.9508E+00
   2001.58   1.7928E+04   6.1771E+03   5.1952E+04  -1.2526E+01  -3.1287E+00   1.7887E+01  -1.0250E+00  -2.5602E-01  -2.9273E+00
   2001.67   1.7930E+04   6.1723E+03   5.1945E+04  -1.2447E+01  -3.1071E+00   1.7772E+01  -1.0185E+00  -2.5426E-01  -2.9086E+00
   2001.75   1.7931E+04   6.1674E+03   5.1939E+04  -1.2391E+01  -3.0914E+00   1.7691E+01  -1.0140E+00  -2.5297E-01  -2.8954E+00
   2001.83   1.7933E+04   6.1625E+03   5.1933E+04  -1.2362E+01  -3.0823E+00   1.7649E+01  -1.0116E+00  -2.5222E-01  -2.8884E+00
   2001.92   1.7934E+04   6.1576E+03   5.1926E+04  -1.2363E+01  -3.0805E+00   1.7648E+01  -1.0117E+00  -2.5208E-01  -2.8883E+00
   2002.00   1.7936E+04   6.1527E+03   5.1920E+04  -1.2397E+01  -3.0868E+00   1.7694E+01  -1.0144E+00  -2.5260E-01  -2.8958E+00
   2002.08   1.7937E+04   6.1478E+03   5.1914E+04  -1.2465E+01  -3.1018E+00   1.7790E+01  -1.0200E+00  -2.5383E-01  -2.9115E+00
   2002.17   1.7938E+04   6.1429E+03   5.1908E+04  -1.2566E+01  -3.1250E+00   1.7932E+01  -1.0282E+00  -2.5572E-01  -2.9348E+00
   2002.25   1.7940E+04   6.1380E+03   5.1901E+04  -1.2696E+01  -3.1554E+00   1.8116E+01  -1.0389E+00  -2.5821E-01  -2.9649E+00
   2002.33   1.7941E+04   6.1331E+03   5.1895E+04  -1.2852E+01  -3.1924E+00   1.8338E+01  -1.0517E+00  -2.6123E-01  -3.0012E+00
   2002.42   1.7943E+04   6.1281E+03   5.1889E+04  -1.3032E+01  -3.2351E+00   1.8593E+01  -1.0664E+00  -2.6473E-01  -3.0429E+00
   2002.50   1.7944E+04   6.1232E+03   5.1883E+04  -1.3231E+01  -3.2829E+00   1.8876E+01  -1.0827E+00  -2.6864E-01  -3.0892E+00
   2002.58   1.7946E+04   6.1183E+03   5.1877E+04  -1.3448E+01  -3.3348E+00   1.9183E+01  -1.1004E+00  -2.7289E-01  -3.1395E+00
   2002.67   1.7947E+04   6.1134E+03   5.1871E+04  -1.3677E+01  -3.3901E+00   1.9509E+01  -1.1192E+00  -2.7742E-01  -3.1929E+00
   2002.75   1.7948E+04   6.1085E+03   5.1865E+04  -1.3918E+01  -3.4481E+00   1.9851E+01  -1.1389E+00  -2.8216E-01  -3.2488E+00
   2002.83   1.7950E+04   6.1035E+03   5.1858E+04  -1.4165E+01  -3.5079E+00   2.0203E+01  -1.1592E+00  -2.8705E-01  -3.3064E+00
   2002.92   1.7951E+04   6.0986E+03   5.1852E+04  -1.4417E+01  -3.5688E+00   2.0561E+01  -1.1798E+00  -2.9203E-01  -3.3650E+00
   2003.00   1.7952E+04   6.0937E+03   5.1846E+04  -1.4670E+01  -3.6299E+00   2.0920E+01  -1.2004E+00  -2.9703E-01  -3.4237E+00
   2003.08   1.7954E+04   6.0888E+03   5.1840E+04  -1.4920E+01  -3.6905E+00   2.1276E+01  -1.2209E+00  -3.0200E-01  -3.4820E+00
   2003.17   1.7955E+04   6.0838E+03   5.1834E+04  -1.5165E+01  -3.7498E+00   2.1624E+01  -1.2410E+00  -3.0685E-01  -3.5390E+00
   2003.25   1.7956E+04   6.0789E+03   5.1828E+04  -1.5402E+01  -3.8071E+00   2.1960E+01  -1.2603E+00  -3.1153E-01  -3.5940E+00
   2003.33   1.7957E+04   6.0740E+03   5.1822E+04  -1.5627E+01  -3.8614E+00   2.2280E+01  -1.2787E+00  -3.1598E-01  -3.6463E+00
   2003.42   1.7959E+04   6.0691E+03   5.1815E+04  -1.5837E+01  -3.9122E+00   2.2578E+01  -1.2959E+00  -3.2013E-01  -3.6952E+00
   2003.50   1.7960E+04   6.0642E+03   5.1809E+04  -1.6029E+01  -3.9585E+00   2.2851E+01  -1.3116E+00  -3.2392E-01  -3.7398E+00
   2003.58   1.7961E+04   6.0593E+03   5.1803E+04  -1.6199E+01  -3.9996E+00   2.3093E+01  -1.3256E+00  -3.2729E-01  -3.7794E+00
   2003.67   1.7962E+04   6.0544E+03   5.1796E+04  -1.6345E+01  -4.0346E+00   2.3301E+01  -1.3376E+00  -3.3016E-01  -3.8134E+00
   2003.75   1.7964E+04   6.0495E+03   5.1790E+04  -1.6464E+01  -4.0629E+00   2.3469E+01  -1.3473E+00  -3.3247E-01  -3.8410E+00
   2003.83   1.7965E+04   6.0446E+03   5.1784E+04  -1.6552E+01  -4.0837E+00   2.3594E+01  -1.3545E+00  -3.3417E-01  -3.8614E+00
   2003.92   1.7966E+04   6.0397E+03   5.1777E+04  -1.6606E+01  -4.0960E+00   2.3670E+01  -1.3589E+00  -3.3518E-01  -3.8739E+00
   2004.00   1.7967E+04   6.0348E+03   5.1771E+04  -1.6623E+01  -4.0993E+00   2.3694E+01  -1.3603E+00  -3.3545E-01  -3.8778E+00
   2004.08   1.7968E+04   6.0299E+03   5.1764E+04  -1.6601E+01  -4.0928E+00   2.3662E+01  -1.3585E+00  -3.3492E-01  -3.8725E+00
   2004.17   1.7970E+04   6.0251E+03   5.1758E+04  -1.6542E+01  -4.0771E+00   2.3576E+01  -1.3536E+00  -3.3363E-01  -3.8584E+00
   2004.25   1.7971E+04   6.0202E+03   5.1751E+04  -1.6447E+01  -4.0527E+00   2.3440E+01  -1.3458E+00  -3.3164E-01  -3.8362E+00
   2004.33   1.7972E+04   6.0153E+03   5.1745E+04  -1.6319E+01  -4.0203E+00   2.3258E+01  -1.3354E+00  -3.2898E-01  -3.8064E+00
   2004.42   1.7973E+04   6.0105E+03   5.1738E+04  -1.6162E+01  -3.9806E+00   2.3033E+01  -1.3226E+00  -3.2573E-01  -3.7696E+00
   2004.50   1.7974E+04   6.0056E+03   5.1731E+04  -1.5978E+01  -3.9340E+00   2.2769E+01  -1.3075E+00  -3.2192E-01  -3.7264E+00
   2004.58   1.7975E+04   6.0008E+03   5.1724E+04  -1.5769E+01  -3.8814E+00   2.2470E+01  -1.2904E+00  -3.1762E-01  -3.6775E+00
   2004.67   1.7976E+04   5.9959E+03   5.1718E+04  -1.5537E+01  -3.8234E+00   2.2140E+01  -1.2714E+00  -3.1287E-01  -3.6234E+00
   2004.75   1.7977E+04   5.9911E+03   5.1711E+04  -1.5287E+01  -3.7605E+00   2.1782E+01  -1.2509E+00  -3.0772E-01  -3.5648E+00
   2004.83   1.7979E+04   5.9862E+03   5.1704E+04  -1.5019E+01  -3.6934E+00   2.1399E+01  -1.2290E+00  -3.0223E-01  -3.5022E+00
   2004.92   1.7980E+04   5.9813E+03   5.1697E+04  -1.4737E+01  -3.6227E+00   2.0996E+01  -1.2059E+00  -2.9645E-01  -3.4363E+00
   2005.00   1.7981E+04   5.9765E+03   5.1690E+04  -1.4443E+01  -3.5491E+00   2.0577E+01  -1.1819E+00  -2.9043E-01  -3.3676E+00
   2005.08   1.7982E+04   5.9716E+03   5.1683E+04  -1.4140E+01  -3.4733E+00   2.0144E+01  -1.1571E+00  -2.8422E-01  -3.2968E+00
   2005.17   1.7983E+04   5.9667E+03   5.1676E+04  -1.3830E+01  -3.3958E+00   1.9702E+01  -1.1317E+00  -2.7788E-01  -3.2244E+00
   2005.25   1.7984E+04   5.9619E+03   5.1669E+04  -1.3516E+01  -3.3173E+00   1.9254E+01  -1.1060E+00  -2.7146E-01  -3.1511E+00
   2005.33   1.7985E+04   5.9570E+03   5.1663E+04  -1.3201E+01  -3.2384E+00   1.8804E+01  -1.0802E+00  -2.6500E-01  -3.0774E+00
   2005.42   1.7986E+04   5.9521E+03   5.1656E+04  -1.2887E+01  -3.1598E+00   1.8355E+01  -1.0545E+00  -2.5857E-01  -3.0040E+00
   2005.50   1.7987E+04   5.9472E+03   5.1649E+04  -1.2576E+01  -3.0821E+00   1.7912E+01  -1.0291E+00  -2.5221E-01  -2.9315E+00
   2005.58   1.7988E+04   5.9422E+03   5.1642E+04  -1.2272E+01  -3.0059E+00   1.7478E+01  -1.0042E+00  -2.4598E-01  -2.8604E+00
   2005.67   1.7989E+04   5.9373E+03   5.1635E+04  -1.1977E+01  -2.9319E+00   1.7056E+01  -9.8008E-01  -2.3992E-01  -2.7914E+00
   2005.75   1.7990E+04   5.9324E+03   5.1627E+04  -1.1693E+01  -2.8607E+00   1.6651E+01  -9.5686E-01  -2.3410E-01  -2.7251E+00
   2005.83   1.7991E+04   5.9274E+03   5.1620E+04  -1.1423E+01  -2.7930E+00   1.6266E+01  -9.3478E-01  -2.2855E-01  -2.6620E+00
   2005.92   1.7992E+04   5.9224E+03   5.1613E+04  -1.1170E+01  -2.7293E+00   1.5904E+01  -9.1407E-01  -2.2334E-01  -2.6029E+00
   2006.00   1.7993E+04   5.9175E+03   5.1606E+04  -1.0936E+01  -2.6704E+00   1.5570E+01  -8.9493E-01  -2.1852E-01  -2.5482E+00
   2006.08   1.7994E+04   5.9125E+03   5.1599E+04  -1.0724E+01  -2.6167E+00   1.5266E+01  -8.7752E-01  -2.1412E-01  -2.4984E+00
   2006.17   1.7995E+04   5.9074E+03   5.1592E+04  -1.0531E+01  -2.5679E+00   1.4991E+01  -8.6177E-01  -2.1013E-01  -2.4534E+00
   2006.25   1.7996E+04   5.9024E+03   5.1585E+04  -1.0357E+01  -2.5238E+00   1.4742E+01  -8.4755E-01  -2.0652E-01  -2.4127E+00
   2006.33   1.7997E+04   5.8974E+03   5.1578E+04  -1.0201E+01  -2.4839E+00   1.4518E+01  -8.3473E-01  -2.0325E-01  -2.3761E+00
   2006.42   1.7998E+04   5.8923E+03   5.1571E+04  -1.0060E+01  -2.4478E+00   1.4317E+01  -8.2320E-01  -2.0031E-01  -2.3431E+00
   2006.50   1.7999E+04   5.8872E+03   5.1564E+04  -9.9330E+00  -2.4153E+00   1.4135E+01  -8.1282E-01  -1.9764E-01  -2.3134E+00
   2006.58   1.8000E+04   5.8822E+03   5.1557E+04  -9.8188E+00  -2.3859E+00   1.3972E+01  -8.0348E-01  -1.9524E-01  -2.2866E+00
   2006.67   1.8001E+04   5.8771E+03   5.1550E+04  -9.7157E+00  -2.3592E+00   1.3824E+01  -7.9504E-01  -1.9306E-01  -2.2624E+00
   2006.75   1.8002E+04   5.8720E+03   5.1543E+04  -9.6221E+00  -2.3350E+00   1.3690E+01  -7.8738E-01  -1.9107E-01  -2.2405E+00
   2006.83   1.8003E+04   5.8669E+03   5.1536E+04  -9.5365E+00  -2.3127E+00   1.3567E+01  -7.8037E-01  -1.8925E-01  -2.2204E+00
   2006.92   1.8004E+04   5.8618E+03   5.1529E+04  -9.4573E+00  -2.2921E+00   1.3454E+01  -7.7390E-01  -1.8756E-01  -2.2019E+00
   2007.00   1.8005E+04   5.8566E+03   5.1522E+04  -9.3831E+00  -2.2727E+00   1.3347E+01  -7.6782E-01  -1.8598E-01  -2.1845E+00
   2007.08   1.8006E+04   5.8515E+03   5.1515E+04  -9.3123E+00  -2.2543E+00   1.3246E+01  -7.6203E-01  -1.8447E-01  -2.1678E+00
   2007.17   1.8007E+04   5.8464E+03   5.1508E+04  -9.2434E+00  -2.2363E+00   1.3147E+01  -7.5639E-01  -1.8300E-01  -2.1517E+00
   2007.25   1.8008E+04   5.8412E+03   5.1501E+04  -9.1748E+00  -2.2185E+00   1.3049E+01  -7.5077E-01  -1.8154E-01  -2.1356E+00
   2007.33   1.8009E+04   5.8361E+03   5.1494E+04  -9.1050E+00  -2.2005E+00   1.2949E+01  -7.4506E-01  -1.8007E-01  -2.1192E+00
   2007.42   1.8010E+04   5.8310E+03   5.1487E+04  -9.0324E+00  -2.1819E+00   1.2845E+01  -7.3913E-01  -1.7855E-01  -2.1023E+00
   2007.50   1.8010E+04   5.8258E+03   5.1480E+04  -8.9556E+00  -2.1624E+00   1.2735E+01  -7.3284E-01  -1.7695E-01  -2.0843E+00
   2007.58   1.8011E+04   5.8207E+03   5.1473E+04  -8.8730E+00  -2.1415E+00   1.2617E+01  -7.2608E-01  -1.7524E-01  -2.0650E+00
   2007.67   1.8012E+04   5.8156E+03   5.1466E+04  -8.7831E+00  -2.1189E+00   1.2489E+01  -7.1873E-01  -1.7339E-01  -2.0440E+00
   2007.75   1.8013E+04   5.8104E+03   5.1459E+04  -8.6843E+00  -2.0942E+00   1.2348E+01  -7.1064E-01  -1.7137E-01  -2.0209E+00
   2007.83   1.8014E+04   5.8053E+03   5.1452E+04  -8.5752E+00  -2.0671E+00   1.2192E+01  -7.0171E-01  -1.6915E-01  -1.9954E+00
   2007.92   1.8015E+04   5.8002E+03   5.1445E+04  -8.4540E+00  -2.0371E+00   1.2020E+01  -6.9180E-01  -1.6670E-01  -1.9672E+00
   2008.00   1.8016E+04   5.7950E+03   5.1438E+04  -8.3195E+00  -2.0039E+00   1.1828E+01  -6.8079E-01  -1.6398E-01  -1.9358E+00
   2008.08   1.8017E+04   5.7899E+03   5.1431E+04  -8.1705E+00  -1.9674E+00   1.1616E+01  -6.6860E-01  -1.6099E-01  -1.9010E+00
   2008.17   1.8018E+04   5.7848E+03   5.1425E+04  -8.0086E+00  -1.9277E+00   1.1385E+01  -6.5535E-01  -1.5775E-01  -1.8633E+00
   2008.25   1.8019E+04   5.7797E+03   5.1418E+04  -7.8360E+00  -1.8855E+00   1.1139E+01  -6.4122E-01  -1.5429E-01  -1.8231E+00
   2008.33   1.8020E+04   5.7746E+03   5.1411E+04  -7.6545E+00  -1.8412E+00   1.0881E+01  -6.2637E-01  -1.5066E-01  -1.7808E+00
   2008.42   1.8021E+04   5.7694E+03   5.1404E+04  -7.4665E+00  -1.7953E+00   1.0613E+01  -6.1098E-01  -1.4691E-01  -1.7369E+00
   2008.50   1.8022E+04   5.7643E+03   5.1397E+04  -7.2738E+00  -1.7483E+00   1.0339E+01  -5.9522E-01  -1.4306E-01  -1.6921E+00
   2008.58   1.8023E+04   5.7592E+03   5.1390E+04  -7.0787E+00  -1.7006E+00   1.0061E+01  -5.7926E-01  -1.3916E-01  -1.6466E+00
   2008.67   1.8024E+04   5.7541E+03   5.1382E+04  -6.8833E+00  -1.6529E+00   9.7825E+00  -5.6326E-01  -1.3526E-01  -1.6010E+00
   2008.75   1.8025E+04   5.7490E+03   5.1375E+04  -6.6895E+00  -1.6056E+00   9.5065E+00  -5.4740E-01  -1.3139E-01  -1.5558E+00
   2008.83   1.8026E+04   5.7439E+03   5.1368E+04  -6.4995E+00  -1.5591E+00   9.2358E+00  -5.3186E-01  -1.2758E-01  -1.5115E+00
   2008.92   1.8027E+04   5.7388E+03   5.1361E+04  -6.3154E+00  -1.5140E+00   8.9734E+00  -5.1679E-01  -1.2389E-01  -1.4686E+00
   2009.00   1.8028E+04   5.7337E+03   5.1354E+04  -6.1392E+00  -1.4708E+00   8.7223E+00  -5.0238E-01  -1.2035E-01  -1.4275E+00
   2009.08   1.8029E+04   5.7286E+03   5.1347E+04  -5.9731E+00  -1.4299E+00   8.4854E+00  -4.8879E-01  -1.1701E-01  -1.3887E+00
   2009.17   1.8030E+04   5.7235E+03   5.1340E+04  -5.8192E+00  -1.3919E+00   8.2657E+00  -4.7619E-01  -1.1390E-01  -1.3528E+00
   2009.25   1.8031E+04   5.7183E+03   5.1332E+04  -5.6795E+00  -1.3572E+00   8.0661E+00  -4.6475E-01  -1.1106E-01  -1.3201E+00
   2009.33   1.8033E+04   5.7132E+03   5.1325E+04  -5.5560E+00  -1.3263E+00   7.8896E+00  -4.5465E-01  -1.0853E-01  -1.2912E+00
   2009.42   1.8034E+04   5.7081E+03   5.1317E+04  -5.4510E+00  -1.2998E+00   7.7392E+00  -4.4606E-01  -1.0636E-01  -1.2666E+00
   2009.50   1.8035E+04   5.7029E+03   5.1310E+04  -5.3665E+00  -1.2781E+00   7.6178E+00  -4.3914E-01  -1.0459E-01  -1.2467E+00
   2009.58   1.8036E+04   5.6978E+03   5.1302E+04  -5.3045E+00  -1.2617E+00   7.5284E+00  -4.3407E-01  -1.0324E-01  -1.2321E+00
   2009.67   1.8037E+04   5.6926E+03   5.1295E+04  -5.2673E+00  -1.2511E+00   7.4739E+00  -4.3102E-01  -1.0238E-01  -1.2232E+00
   2009.75   1.8038E+04   5.6875E+03   5.1287E+04  -5.2567E+00  -1.2468E+00   7.4573E+00  -4.3016E-01  -1.0203E-01  -1.2205E+00
   2009.83   1.8039E+04   5.6823E+03   5.1280E+04  -5.2750E+00  -1.2494E+00   7.4816E+00  -4.3166E-01  -1.0224E-01  -1.2244E+00
   2009.92   1.8040E+04   5.6771E+03   5.1272E+04  -5.3242E+00  -1.2592E+00   7.5497E+00  -4.3568E-01  -1.0304E-01  -1.2356E+00
   2010.00   1.8040E+04   5.6719E+03   5.1264E+04  -5.4064E+00  -1.2768E+00   7.6646E+00  -4.4241E-01  -1.0448E-01  -1.2544E+00
   2010.08   1.8041E+04   5.6667E+03   5.1256E+04  -5.5229E+00  -1.3024E+00   7.8281E+00  -4.5194E-01  -1.0658E-01  -1.2812E+00
   2010.17   1.8042E+04   5.6615E+03   5.1248E+04  -5.6716E+00  -1.3357E+00   8.0372E+00  -4.6411E-01  -1.0930E-01  -1.3154E+00
   2010.25   1.8043E+04   5.6563E+03   5.1240E+04  -5.8496E+00  -1.3759E+00   8.2878E+00  -4.7867E-01  -1.1259E-01  -1.3564E+00
   2010.33   1.8044E+04   5.6510E+03   5.1232E+04  -6.0539E+00  -1.4223E+00   8.5758E+00  -4.9540E-01  -1.1639E-01  -1.4035E+00
   2010.42   1.8045E+04   5.6458E+03   5.1223E+04  -6.2818E+00  -1.4743E+00   8.8971E+00  -5.1404E-01  -1.2064E-01  -1.4561E+00
   2010.50   1.8046E+04   5.6405E+03   5.1215E+04  -6.5301E+00  -1.5311E+00   9.2475E+00  -5.3436E-01  -1.2529E-01  -1.5135E+00
   2010.58   1.8047E+04   5.6353E+03   5.1207E+04  -6.7962E+00  -1.5921E+00   9.6230E+00  -5.5613E-01  -1.3028E-01  -1.5749E+00
   2010.67   1.8048E+04   5.6300E+03   5.1198E+04  -7.0770E+00  -1.6566E+00   1.0019E+01  -5.7911E-01  -1.3556E-01  -1.6398E+00
   2010.75   1.8049E+04   5.6247E+03   5.1190E+04  -7.3696E+00  -1.7239E+00   1.0433E+01  -6.0306E-01  -1.4107E-01  -1.7074E+00
   2010.83   1.8050E+04   5.6194E+03   5.1181E+04  -7.6712E+00  -1.7934E+00   1.0859E+01  -6.2774E-01  -1.4675E-01  -1.7771E+00
   2010.92   1.8051E+04   5.6141E+03   5.1172E+04  -7.9788E+00  -1.8643E+00   1.1293E+01  -6.5291E-01  -1.5256E-01  -1.8482E+00
   2011.00   1.8051E+04   5.6088E+03   5.1164E+04  -8.2896E+00  -1.9360E+00   1.1732E+01  -6.7834E-01  -1.5842E-01  -1.9201E+00
   2011.08   1.8052E+04   5.6035E+03   5.1155E+04  -8.6006E+00  -2.0077E+00   1.2171E+01  -7.0379E-01  -1.6429E-01  -1.9920E+00
   2011.17   1.8053E+04   5.5981E+03   5.1146E+04  -8.9088E+00  -2.0789E+00   1.2607E+01  -7.2901E-01  -1.7011E-01  -2.0633E+00
   2011.25   1.8054E+04   5.5928E+03   5.1137E+04  -9.2115E+00  -2.1487E+00   1.3035E+01  -7.5378E-01  -1.7583E-01  -2.1332E+00
   2011.33   1.8055E+04   5.5875E+03   5.1129E+04  -9.5057E+00  -2.2166E+00   1.3450E+01  -7.7786E-01  -1.8139E-01  -2.2013E+00
   2011.42   1.8055E+04   5.5821E+03   5.1120E+04  -9.7885E+00  -2.2819E+00   1.3850E+01  -8.0100E-01  -1.8673E-01  -2.2667E+00
   2011.50   1.8056E+04   5.5767E+03   5.1111E+04  -1.0057E+01  -2.3438E+00   1.4229E+01  -8.2297E-01  -1.9180E-01  -2.3288E+00
   2011.58   1.8057E+04   5.5714E+03   5.1102E+04  -1.0308E+01  -2.4018E+00   1.4584E+01  -8.4353E-01  -1.9654E-01  -2.3869E+00
   2011.67   1.8057E+04   5.5660E+03   5.1093E+04  -1.0539E+01  -2.4550E+00   1.4911E+01  -8.6245E-01  -2.0089E-01  -2.4403E+00
   2011.75   1.8058E+04   5.5606E+03   5.1084E+04  -1.0748E+01  -2.5028E+00   1.5205E+01  -8.7948E-01  -2.0481E-01  -2.4884E+00
   2011.83   1.8059E+04   5.5552E+03   5.1074E+04  -1.0930E+01  -2.5446E+00   1.5462E+01  -8.9439E-01  -2.0823E-01  -2.5305E+00
   2011.92   1.8059E+04   5.5498E+03   5.1065E+04  -1.1083E+01  -2.5797E+00   1.5678E+01  -9.0694E-01  -2.1109E-01  -2.5659E+00
   2012.00   1.8060E+04   5.5444E+03   5.1056E+04  -1.1205E+01  -2.6073E+00   1.5850E+01  -9.1689E-01  -2.1335E-01  -2.5940E+00
