   1960.00   1.7651E+04  -1.1489E+03   4.4724E+04  -1.6596E+01   5.9083E+00   2.4639E+01  -1.3581E+00   4.8348E-01  -4.0324E+00
   1960.08   1.7652E+04  -1.1470E+03   4.4726E+04  -1.6493E+01   5.8717E+00   2.4486E+01  -1.3496E+00   4.8048E-01  -4.0073E+00
   1960.17   1.7654E+04  -1.1451E+03   4.4728E+04  -1.6350E+01   5.8206E+00   2.4273E+01  -1.3379E+00   4.7630E-01  -3.9725E+00
   1960.25   1.7655E+04  -1.1432E+03   4.4731E+04  -1.6169E+01   5.7563E+00   2.4004E+01  -1.3231E+00   4.7104E-01  -3.9285E+00
   1960.33   1.7657E+04  -1.1413E+03   4.4733E+04  -1.5954E+01   5.6798E+00   2.3685E+01  -1.3055E+00   4.6478E-01  -3.8763E+00
   1960.42   1.7658E+04  -1.1394E+03   4.4736E+04  -1.5708E+01   5.5922E+00   2.3319E+01  -1.2854E+00   4.5761E-01  -3.8164E+00
   1960.50   1.7660E+04  -1.1375E+03   4.4738E+04  -1.5434E+01   5.4945E+00   2.2911E+01  -1.2629E+00   4.4962E-01  -3.7497E+00
   1960.58   1.7661E+04  -1.1356E+03   4.4740E+04  -1.5134E+01   5.3879E+00   2.2466E+01  -1.2384E+00   4.4090E-01  -3.6769E+00
   1960.67   1.7663E+04  -1.1337E+03   4.4743E+04  -1.4812E+01   5.2734E+00   2.1989E+01  -1.2121E+00   4.3153E-01  -3.5987E+00
   1960.75   1.7664E+04  -1.1317E+03   4.4745E+04  -1.4472E+01   5.1522E+00   2.1483E+01  -1.1842E+00   4.2160E-01  -3.5159E+00
   1960.83   1.7666E+04  -1.1298E+03   4.4748E+04  -1.4115E+01   5.0252E+00   2.0953E+01  -1.1550E+00   4.1121E-01  -3.4291E+00
   1960.92   1.7668E+04  -1.1279E+03   4.4750E+04  -1.3745E+01   4.8935E+00   2.0403E+01  -1.1248E+00   4.0044E-01  -3.3392E+00
   1961.00   1.7669E+04  -1.1260E+03   4.4752E+04  -1.3365E+01   4.7584E+00   1.9839E+01  -1.0937E+00   3.8938E-01  -3.2469E+00
   1961.08   1.7671E+04  -1.1241E+03   4.4755E+04  -1.2978E+01   4.6207E+00   1.9265E+01  -1.0620E+00   3.7811E-01  -3.1529E+00
   1961.17   1.7672E+04  -1.1222E+03   4.4757E+04  -1.2588E+01   4.4816E+00   1.8684E+01  -1.0301E+00   3.6673E-01  -3.0579E+00
   1961.25   1.7674E+04  -1.1202E+03   4.4759E+04  -1.2196E+01   4.3423E+00   1.8103E+01  -9.9801E-01   3.5533E-01  -2.9627E+00
   1961.33   1.7675E+04  -1.1183E+03   4.4762E+04  -1.1807E+01   4.2036E+00   1.7524E+01  -9.6615E-01   3.4399E-01  -2.8680E+00
   1961.42   1.7677E+04  -1.1164E+03   4.4764E+04  -1.1422E+01   4.0669E+00   1.6954E+01  -9.3470E-01   3.3279E-01  -2.7746E+00
   1961.50   1.7678E+04  -1.1145E+03   4.4766E+04  -1.1046E+01   3.9330E+00   1.6395E+01  -9.0393E-01   3.2184E-01  -2.6832E+00
   1961.58   1.7680E+04  -1.1126E+03   4.4768E+04  -1.0682E+01   3.8032E+00   1.5853E+01  -8.7409E-01   3.1122E-01  -2.5945E+00
   1961.67   1.7682E+04  -1.1107E+03   4.4770E+04  -1.0331E+01   3.6784E+00   1.5333E+01  -8.4541E-01   3.0101E-01  -2.5093E+00
   1961.75   1.7683E+04  -1.1088E+03   4.4773E+04  -9.9981E+00   3.5599E+00   1.4838E+01  -8.1815E-01   2.9130E-01  -2.4283E+00
   1961.83   1.7685E+04  -1.1069E+03   4.4775E+04  -9.6853E+00   3.4485E+00   1.4373E+01  -7.9255E-01   2.8219E-01  -2.3523E+00
   1961.92   1.7686E+04  -1.1050E+03   4.4777E+04  -9.3959E+00   3.3455E+00   1.3943E+01  -7.6887E-01   2.7376E-01  -2.2819E+00
   1962.00   1.7688E+04  -1.1032E+03   4.4779E+04  -9.1330E+00   3.2519E+00   1.3552E+01  -7.4736E-01   2.6610E-01  -2.2180E+00
   1962.08   1.7689E+04  -1.1013E+03   4.4781E+04  -8.8987E+00   3.1685E+00   1.3204E+01  -7.2819E-01   2.5928E-01  -2.1610E+00
   1962.17   1.7691E+04  -1.0994E+03   4.4783E+04  -8.6921E+00   3.0949E+00   1.2897E+01  -7.1128E-01   2.5325E-01  -2.1107E+00
   1962.25   1.7692E+04  -1.0976E+03   4.4785E+04  -8.5112E+00   3.0305E+00   1.2628E+01  -6.9648E-01   2.4798E-01  -2.0666E+00
   1962.33   1.7694E+04  -1.0957E+03   4.4787E+04  -8.3543E+00   2.9746E+00   1.2394E+01  -6.8364E-01   2.4341E-01  -2.0284E+00
   1962.42   1.7695E+04  -1.0939E+03   4.4788E+04  -8.2195E+00   2.9266E+00   1.2194E+01  -6.7261E-01   2.3948E-01  -1.9956E+00
   1962.50   1.7697E+04  -1.0920E+03   4.4790E+04  -8.1050E+00   2.8858E+00   1.2023E+01  -6.6324E-01   2.3614E-01  -1.9677E+00
   1962.58   1.7698E+04  -1.0902E+03   4.4792E+04  -8.0089E+00   2.8515E+00   1.1880E+01  -6.5538E-01   2.3334E-01  -1.9443E+00
   1962.67   1.7700E+04  -1.0884E+03   4.4794E+04  -7.9295E+00   2.8232E+00   1.1761E+01  -6.4887E-01   2.3102E-01  -1.9249E+00
   1962.75   1.7701E+04  -1.0866E+03   4.4796E+04  -7.8648E+00   2.8001E+00   1.1665E+01  -6.4358E-01   2.2913E-01  -1.9091E+00
   1962.83   1.7703E+04  -1.0848E+03   4.4797E+04  -7.8131E+00   2.7816E+00   1.1588E+01  -6.3934E-01   2.2762E-01  -1.8964E+00
   1962.92   1.7704E+04  -1.0830E+03   4.4799E+04  -7.7724E+00   2.7671E+00   1.1527E+01  -6.3602E-01   2.2643E-01  -1.8865E+00
   1963.00   1.7706E+04  -1.0813E+03   4.4801E+04  -7.7410E+00   2.7559E+00   1.1480E+01  -6.3345E-01   2.2551E-01  -1.8787E+00
   1963.08   1.7707E+04  -1.0795E+03   4.4802E+04  -7.7170E+00   2.7473E+00   1.1443E+01  -6.3149E-01   2.2481E-01  -1.8728E+00
   1963.17   1.7709E+04  -1.0778E+03   4.4804E+04  -7.6986E+00   2.7407E+00   1.1416E+01  -6.2998E-01   2.2427E-01  -1.8683E+00
   1963.25   1.7710E+04  -1.0760E+03   4.4805E+04  -7.6840E+00   2.7354E+00   1.1393E+01  -6.2878E-01   2.2384E-01  -1.8647E+00
   1963.33   1.7712E+04  -1.0743E+03   4.4807E+04  -7.6712E+00   2.7308E+00   1.1374E+01  -6.2774E-01   2.2346E-01  -1.8615E+00
   1963.42   1.7713E+04  -1.0726E+03   4.4809E+04  -7.6586E+00   2.7262E+00   1.1355E+01  -6.2670E-01   2.2309E-01  -1.8583E+00
   1963.50   1.7715E+04  -1.0710E+03   4.4810E+04  -7.6441E+00   2.7210E+00   1.1333E+01  -6.2552E-01   2.2266E-01  -1.8548E+00
   1963.58   1.7716E+04  -1.0693E+03   4.4812E+04  -7.6261E+00   2.7145E+00   1.1306E+01  -6.2405E-01   2.2213E-01  -1.8503E+00
   1963.67   1.7718E+04  -1.0677E+03   4.4813E+04  -7.6026E+00   2.7061E+00   1.1271E+01  -6.2212E-01   2.2144E-01  -1.8446E+00
   1963.75   1.7719E+04  -1.0660E+03   4.4815E+04  -7.5719E+00   2.6951E+00   1.1225E+01  -6.1961E-01   2.2054E-01  -1.8370E+00
   1963.83   1.7721E+04  -1.0644E+03   4.4816E+04  -7.5320E+00   2.6808E+00   1.1165E+01  -6.1635E-01   2.1937E-01  -1.8273E+00
   1963.92   1.7723E+04  -1.0628E+03   4.4817E+04  -7.4812E+00   2.6626E+00   1.1089E+01  -6.1219E-01   2.1789E-01  -1.8149E+00
   1964.00   1.7724E+04  -1.0613E+03   4.4819E+04  -7.4176E+00   2.6399E+00   1.0995E+01  -6.0698E-01   2.1603E-01  -1.7994E+00
   1964.08   1.7726E+04  -1.0597E+03   4.4820E+04  -7.3400E+00   2.6122E+00   1.0880E+01  -6.0063E-01   2.1376E-01  -1.7806E+00
   1964.17   1.7727E+04  -1.0582E+03   4.4822E+04  -7.2499E+00   2.5801E+00   1.0746E+01  -5.9326E-01   2.1113E-01  -1.7586E+00
   1964.25   1.7729E+04  -1.0567E+03   4.4823E+04  -7.1494E+00   2.5443E+00   1.0596E+01  -5.8504E-01   2.0820E-01  -1.7342E+00
   1964.33   1.7730E+04  -1.0552E+03   4.4825E+04  -7.0406E+00   2.5054E+00   1.0435E+01  -5.7613E-01   2.0502E-01  -1.7078E+00
   1964.42   1.7732E+04  -1.0537E+03   4.4826E+04  -6.9256E+00   2.4644E+00   1.0264E+01  -5.6672E-01   2.0166E-01  -1.6798E+00
   1964.50   1.7733E+04  -1.0523E+03   4.4828E+04  -6.8065E+00   2.4219E+00   1.0087E+01  -5.5698E-01   1.9819E-01  -1.6509E+00
   1964.58   1.7735E+04  -1.0508E+03   4.4829E+04  -6.6854E+00   2.3787E+00   9.9072E+00  -5.4707E-01   1.9465E-01  -1.6214E+00
   1964.67   1.7737E+04  -1.0494E+03   4.4830E+04  -6.5645E+00   2.3356E+00   9.7276E+00  -5.3718E-01   1.9112E-01  -1.5920E+00
   1964.75   1.7738E+04  -1.0480E+03   4.4832E+04  -6.4458E+00   2.2932E+00   9.5512E+00  -5.2746E-01   1.8765E-01  -1.5632E+00
   1964.83   1.7740E+04  -1.0466E+03   4.4833E+04  -6.3315E+00   2.2524E+00   9.3813E+00  -5.1811E-01   1.8431E-01  -1.5354E+00
   1964.92   1.7741E+04  -1.0453E+03   4.4835E+04  -6.2236E+00   2.2138E+00   9.2209E+00  -5.0928E-01   1.8115E-01  -1.5091E+00
   1965.00   1.7743E+04  -1.0439E+03   4.4836E+04  -6.1243E+00   2.1782E+00   9.0732E+00  -5.0116E-01   1.7825E-01  -1.4849E+00
   1965.08   1.7745E+04  -1.0425E+03   4.4838E+04  -6.0357E+00   2.1465E+00   8.9413E+00  -4.9390E-01   1.7565E-01  -1.4633E+00
   1965.17   1.7746E+04  -1.0412E+03   4.4839E+04  -5.9598E+00   2.1193E+00   8.8282E+00  -4.8770E-01   1.7342E-01  -1.4448E+00
   1965.25   1.7748E+04  -1.0399E+03   4.4840E+04  -5.8989E+00   2.0973E+00   8.7372E+00  -4.8271E-01   1.7162E-01  -1.4299E+00
   1965.33   1.7749E+04  -1.0386E+03   4.4842E+04  -5.8549E+00   2.0814E+00   8.6713E+00  -4.7911E-01   1.7032E-01  -1.4192E+00
   1965.42   1.7751E+04  -1.0373E+03   4.4843E+04  -5.8301E+00   2.0722E+00   8.6337E+00  -4.7708E-01   1.6957E-01  -1.4130E+00
   1965.50   1.7752E+04  -1.0360E+03   4.4845E+04  -5.8264E+00   2.0706E+00   8.6275E+00  -4.7678E-01   1.6944E-01  -1.4120E+00
   1965.58   1.7754E+04  -1.0347E+03   4.4846E+04  -5.8461E+00   2.0772E+00   8.6558E+00  -4.7839E-01   1.6998E-01  -1.4166E+00
   1965.67   1.7756E+04  -1.0335E+03   4.4848E+04  -5.8913E+00   2.0929E+00   8.7217E+00  -4.8208E-01   1.7126E-01  -1.4274E+00
   1965.75   1.7757E+04  -1.0322E+03   4.4849E+04  -5.9639E+00   2.1183E+00   8.8283E+00  -4.8803E-01   1.7334E-01  -1.4449E+00
   1965.83   1.7759E+04  -1.0310E+03   4.4851E+04  -6.0663E+00   2.1542E+00   8.9789E+00  -4.9640E-01   1.7628E-01  -1.4695E+00
   1965.92   1.7760E+04  -1.0297E+03   4.4852E+04  -6.2003E+00   2.2014E+00   9.1764E+00  -5.0738E-01   1.8014E-01  -1.5018E+00
   1966.00   1.7762E+04  -1.0285E+03   4.4854E+04  -6.3683E+00   2.2607E+00   9.4240E+00  -5.2112E-01   1.8499E-01  -1.5423E+00
   1966.08   1.7763E+04  -1.0273E+03   4.4855E+04  -6.5714E+00   2.3323E+00   9.7236E+00  -5.3774E-01   1.9086E-01  -1.5914E+00
   1966.17   1.7765E+04  -1.0260E+03   4.4857E+04  -6.8074E+00   2.4157E+00   1.0072E+01  -5.5705E-01   1.9768E-01  -1.6484E+00
   1966.25   1.7767E+04  -1.0248E+03   4.4858E+04  -7.0734E+00   2.5097E+00   1.0465E+01  -5.7882E-01   2.0537E-01  -1.7127E+00
   1966.33   1.7768E+04  -1.0236E+03   4.4860E+04  -7.3663E+00   2.6132E+00   1.0897E+01  -6.0279E-01   2.1384E-01  -1.7835E+00
   1966.42   1.7770E+04  -1.0224E+03   4.4862E+04  -7.6831E+00   2.7253E+00   1.1365E+01  -6.2871E-01   2.2301E-01  -1.8600E+00
   1966.50   1.7771E+04  -1.0213E+03   4.4863E+04  -8.0209E+00   2.8447E+00   1.1864E+01  -6.5635E-01   2.3279E-01  -1.9417E+00
   1966.58   1.7773E+04  -1.0201E+03   4.4865E+04  -8.3766E+00   2.9705E+00   1.2390E+01  -6.8546E-01   2.4308E-01  -2.0277E+00
   1966.67   1.7774E+04  -1.0189E+03   4.4866E+04  -8.7471E+00   3.1016E+00   1.2937E+01  -7.1578E-01   2.5381E-01  -2.1173E+00
   1966.75   1.7776E+04  -1.0178E+03   4.4868E+04  -9.1295E+00   3.2369E+00   1.3502E+01  -7.4707E-01   2.6488E-01  -2.2097E+00
   1966.83   1.7777E+04  -1.0166E+03   4.4870E+04  -9.5208E+00   3.3754E+00   1.4080E+01  -7.7909E-01   2.7621E-01  -2.3043E+00
   1966.92   1.7779E+04  -1.0155E+03   4.4871E+04  -9.9179E+00   3.5159E+00   1.4667E+01  -8.1158E-01   2.8771E-01  -2.4004E+00
   1967.00   1.7780E+04  -1.0144E+03   4.4873E+04  -1.0318E+01   3.6574E+00   1.5258E+01  -8.4431E-01   2.9928E-01  -2.4971E+00
   1967.08   1.7782E+04  -1.0133E+03   4.4875E+04  -1.0718E+01   3.7988E+00   1.5848E+01  -8.7702E-01   3.1086E-01  -2.5938E+00
   1967.17   1.7784E+04  -1.0122E+03   4.4877E+04  -1.1114E+01   3.9391E+00   1.6434E+01  -9.0947E-01   3.2234E-01  -2.6896E+00
   1967.25   1.7785E+04  -1.0112E+03   4.4879E+04  -1.1504E+01   4.0772E+00   1.7011E+01  -9.4142E-01   3.3364E-01  -2.7840E+00
   1967.33   1.7787E+04  -1.0101E+03   4.4880E+04  -1.1886E+01   4.2121E+00   1.7574E+01  -9.7260E-01   3.4468E-01  -2.8762E+00
   1967.42   1.7789E+04  -1.0091E+03   4.4882E+04  -1.2254E+01   4.3426E+00   1.8119E+01  -1.0028E+00   3.5535E-01  -2.9654E+00
   1967.50   1.7790E+04  -1.0080E+03   4.4884E+04  -1.2608E+01   4.4677E+00   1.8642E+01  -1.0317E+00   3.6559E-01  -3.0509E+00
   1967.58   1.7792E+04  -1.0070E+03   4.4886E+04  -1.2944E+01   4.5863E+00   1.9137E+01  -1.0592E+00   3.7529E-01  -3.1320E+00
   1967.67   1.7794E+04  -1.0061E+03   4.4888E+04  -1.3258E+01   4.6973E+00   1.9601E+01  -1.0849E+00   3.8438E-01  -3.2080E+00
   1967.75   1.7795E+04  -1.0051E+03   4.4890E+04  -1.3547E+01   4.7997E+00   2.0029E+01  -1.1086E+00   3.9276E-01  -3.2780E+00
   1967.83   1.7797E+04  -1.0041E+03   4.4892E+04  -1.3810E+01   4.8925E+00   2.0417E+01  -1.1301E+00   4.0035E-01  -3.3415E+00
   1967.92   1.7799E+04  -1.0032E+03   4.4894E+04  -1.4042E+01   4.9745E+00   2.0760E+01  -1.1491E+00   4.0706E-01  -3.3976E+00
   1968.00   1.7801E+04  -1.0023E+03   4.4896E+04  -1.4241E+01   5.0446E+00   2.1053E+01  -1.1654E+00   4.1280E-01  -3.4456E+00
   1968.08   1.7802E+04  -1.0014E+03   4.4899E+04  -1.4404E+01   5.1022E+00   2.1294E+01  -1.1787E+00   4.1751E-01  -3.4850E+00
   1968.17   1.7804E+04  -1.0006E+03   4.4901E+04  -1.4533E+01   5.1474E+00   2.1484E+01  -1.1892E+00   4.2121E-01  -3.5161E+00
   1968.25   1.7806E+04  -9.9970E+02   4.4903E+04  -1.4629E+01   5.1809E+00   2.1625E+01  -1.1971E+00   4.2396E-01  -3.5391E+00
   1968.33   1.7808E+04  -9.9887E+02   4.4905E+04  -1.4693E+01   5.2033E+00   2.1719E+01  -1.2023E+00   4.2578E-01  -3.5545E+00
   1968.42   1.7810E+04  -9.9805E+02   4.4908E+04  -1.4727E+01   5.2150E+00   2.1769E+01  -1.2051E+00   4.2675E-01  -3.5627E+00
   1968.50   1.7812E+04  -9.9725E+02   4.4910E+04  -1.4733E+01   5.2168E+00   2.1777E+01  -1.2056E+00   4.2689E-01  -3.5641E+00
   1968.58   1.7814E+04  -9.9645E+02   4.4912E+04  -1.4713E+01   5.2092E+00   2.1747E+01  -1.2039E+00   4.2627E-01  -3.5591E+00
   1968.67   1.7816E+04  -9.9567E+02   4.4915E+04  -1.4667E+01   5.1927E+00   2.1679E+01  -1.2002E+00   4.2492E-01  -3.5480E+00
   1968.75   1.7818E+04  -9.9490E+02   4.4917E+04  -1.4599E+01   5.1680E+00   2.1577E+01  -1.1946E+00   4.2290E-01  -3.5313E+00
   1968.83   1.7820E+04  -9.9413E+02   4.4919E+04  -1.4509E+01   5.1357E+00   2.1443E+01  -1.1873E+00   4.2025E-01  -3.5094E+00
   1968.92   1.7822E+04  -9.9337E+02   4.4922E+04  -1.4399E+01   5.0962E+00   2.1279E+01  -1.1782E+00   4.1702E-01  -3.4826E+00
   1969.00   1.7824E+04  -9.9261E+02   4.4924E+04  -1.4270E+01   5.0502E+00   2.1089E+01  -1.1677E+00   4.1326E-01  -3.4514E+00
   1969.08   1.7826E+04  -9.9185E+02   4.4927E+04  -1.4125E+01   4.9984E+00   2.0873E+01  -1.1558E+00   4.0902E-01  -3.4162E+00
   1969.17   1.7828E+04  -9.9110E+02   4.4929E+04  -1.3965E+01   4.9411E+00   2.0636E+01  -1.1427E+00   4.0433E-01  -3.3773E+00
   1969.25   1.7830E+04  -9.9034E+02   4.4932E+04  -1.3791E+01   4.8791E+00   2.0378E+01  -1.1285E+00   3.9926E-01  -3.3351E+00
   1969.33   1.7832E+04  -9.8958E+02   4.4935E+04  -1.3605E+01   4.8129E+00   2.0103E+01  -1.1133E+00   3.9385E-01  -3.2901E+00
   1969.42   1.7834E+04  -9.8882E+02   4.4937E+04  -1.3410E+01   4.7432E+00   1.9813E+01  -1.0973E+00   3.8814E-01  -3.2426E+00
   1969.50   1.7837E+04  -9.8806E+02   4.4940E+04  -1.3205E+01   4.6704E+00   1.9510E+01  -1.0806E+00   3.8218E-01  -3.1931E+00
   1969.58   1.7839E+04  -9.8728E+02   4.4942E+04  -1.2994E+01   4.5951E+00   1.9198E+01  -1.0633E+00   3.7602E-01  -3.1419E+00
   1969.67   1.7841E+04  -9.8650E+02   4.4945E+04  -1.2778E+01   4.5180E+00   1.8877E+01  -1.0456E+00   3.6971E-01  -3.0894E+00
   1969.75   1.7843E+04  -9.8571E+02   4.4947E+04  -1.2558E+01   4.4396E+00   1.8551E+01  -1.0276E+00   3.6330E-01  -3.0361E+00
   1969.83   1.7845E+04  -9.8491E+02   4.4950E+04  -1.2336E+01   4.3606E+00   1.8222E+01  -1.0094E+00   3.5683E-01  -2.9822E+00
   1969.92   1.7847E+04  -9.8410E+02   4.4953E+04  -1.2113E+01   4.2814E+00   1.7893E+01  -9.9125E-01   3.5035E-01  -2.9283E+00
   1970.00   1.7850E+04  -9.8327E+02   4.4955E+04  -1.1892E+01   4.2026E+00   1.7565E+01  -9.7316E-01   3.4390E-01  -2.8747E+00
   1970.08   1.7852E+04  -9.8242E+02   4.4958E+04  -1.1674E+01   4.1249E+00   1.7242E+01  -9.5529E-01   3.3754E-01  -2.8218E+00
   1970.17   1.7854E+04  -9.8156E+02   4.4961E+04  -1.1460E+01   4.0486E+00   1.6924E+01  -9.3776E-01   3.3130E-01  -2.7699E+00
   1970.25   1.7856E+04  -9.8068E+02   4.4963E+04  -1.1251E+01   3.9741E+00   1.6615E+01  -9.2064E-01   3.2520E-01  -2.7191E+00
   1970.33   1.7858E+04  -9.7978E+02   4.4966E+04  -1.1047E+01   3.9018E+00   1.6314E+01  -9.0402E-01   3.1928E-01  -2.6699E+00
   1970.42   1.7861E+04  -9.7887E+02   4.4968E+04  -1.0852E+01   3.8320E+00   1.6024E+01  -8.8799E-01   3.1357E-01  -2.6224E+00
   1970.50   1.7863E+04  -9.7793E+02   4.4971E+04  -1.0664E+01   3.7652E+00   1.5746E+01  -8.7264E-01   3.0811E-01  -2.5770E+00
   1970.58   1.7865E+04  -9.7698E+02   4.4974E+04  -1.0486E+01   3.7016E+00   1.5482E+01  -8.5806E-01   3.0291E-01  -2.5337E+00
   1970.67   1.7867E+04  -9.7600E+02   4.4976E+04  -1.0318E+01   3.6418E+00   1.5233E+01  -8.4434E-01   2.9801E-01  -2.4931E+00
   1970.75   1.7869E+04  -9.7501E+02   4.4979E+04  -1.0162E+01   3.5860E+00   1.5002E+01  -8.3156E-01   2.9345E-01  -2.4552E+00
   1970.83   1.7872E+04  -9.7399E+02   4.4982E+04  -1.0018E+01   3.5347E+00   1.4789E+01  -8.1981E-01   2.8925E-01  -2.4203E+00
   1970.92   1.7874E+04  -9.7295E+02   4.4984E+04  -9.8885E+00   3.4882E+00   1.4596E+01  -8.0918E-01   2.8544E-01  -2.3888E+00
   1971.00   1.7876E+04  -9.7188E+02   4.4987E+04  -9.7733E+00   3.4469E+00   1.4425E+01  -7.9976E-01   2.8206E-01  -2.3608E+00
   1971.08   1.7878E+04  -9.7079E+02   4.4989E+04  -9.6740E+00   3.4111E+00   1.4277E+01  -7.9163E-01   2.7914E-01  -2.3367E+00
   1971.17   1.7880E+04  -9.6968E+02   4.4992E+04  -9.5917E+00   3.3814E+00   1.4155E+01  -7.8489E-01   2.7670E-01  -2.3166E+00
   1971.25   1.7883E+04  -9.6854E+02   4.4995E+04  -9.5273E+00   3.3579E+00   1.4059E+01  -7.7962E-01   2.7478E-01  -2.3009E+00
   1971.33   1.7885E+04  -9.6737E+02   4.4997E+04  -9.4820E+00   3.3412E+00   1.3991E+01  -7.7592E-01   2.7341E-01  -2.2898E+00
   1971.42   1.7887E+04  -9.6618E+02   4.5000E+04  -9.4569E+00   3.3315E+00   1.3953E+01  -7.7386E-01   2.7262E-01  -2.2835E+00
   1971.50   1.7889E+04  -9.6495E+02   4.5002E+04  -9.4530E+00   3.3293E+00   1.3946E+01  -7.7354E-01   2.7244E-01  -2.2824E+00
   1971.58   1.7891E+04  -9.6370E+02   4.5005E+04  -9.4714E+00   3.3350E+00   1.3972E+01  -7.7505E-01   2.7290E-01  -2.2866E+00
   1971.67   1.7893E+04  -9.6243E+02   4.5008E+04  -9.5132E+00   3.3488E+00   1.4032E+01  -7.7847E-01   2.7404E-01  -2.2965E+00
   1971.75   1.7896E+04  -9.6112E+02   4.5010E+04  -9.5794E+00   3.3713E+00   1.4129E+01  -7.8389E-01   2.7588E-01  -2.3124E+00
   1971.83   1.7898E+04  -9.5978E+02   4.5013E+04  -9.6712E+00   3.4028E+00   1.4263E+01  -7.9140E-01   2.7845E-01  -2.3343E+00
   1971.92   1.7900E+04  -9.5841E+02   4.5015E+04  -9.7896E+00   3.4436E+00   1.4437E+01  -8.0109E-01   2.8179E-01  -2.3627E+00
   1972.00   1.7902E+04  -9.5700E+02   4.5018E+04  -9.9357E+00   3.4941E+00   1.4651E+01  -8.1305E-01   2.8592E-01  -2.3978E+00
   1972.08   1.7904E+04  -9.5557E+02   4.5021E+04  -1.0110E+01   3.5545E+00   1.4907E+01  -8.2730E-01   2.9086E-01  -2.4397E+00
   1972.17   1.7906E+04  -9.5410E+02   4.5023E+04  -1.0310E+01   3.6239E+00   1.5200E+01  -8.4365E-01   2.9654E-01  -2.4877E+00
   1972.25   1.7908E+04  -9.5260E+02   4.5026E+04  -1.0532E+01   3.7012E+00   1.5527E+01  -8.6185E-01   3.0287E-01  -2.5412E+00
   1972.33   1.7910E+04  -9.5107E+02   4.5028E+04  -1.0774E+01   3.7854E+00   1.5883E+01  -8.8164E-01   3.0976E-01  -2.5994E+00
   1972.42   1.7912E+04  -9.4950E+02   4.5031E+04  -1.1032E+01   3.8753E+00   1.6262E+01  -9.0276E-01   3.1711E-01  -2.6615E+00
   1972.50   1.7914E+04  -9.4791E+02   4.5034E+04  -1.1303E+01   3.9698E+00   1.6661E+01  -9.2497E-01   3.2485E-01  -2.7268E+00
   1972.58   1.7916E+04  -9.4628E+02   4.5036E+04  -1.1585E+01   4.0679E+00   1.7075E+01  -9.4800E-01   3.3288E-01  -2.7945E+00
   1972.67   1.7918E+04  -9.4462E+02   4.5039E+04  -1.1873E+01   4.1685E+00   1.7499E+01  -9.7159E-01   3.4111E-01  -2.8640E+00
   1972.75   1.7921E+04  -9.4293E+02   4.5041E+04  -1.2166E+01   4.2704E+00   1.7929E+01  -9.9551E-01   3.4945E-01  -2.9343E+00
   1972.83   1.7923E+04  -9.4121E+02   4.5044E+04  -1.2459E+01   4.3726E+00   1.8360E+01  -1.0195E+00   3.5781E-01  -3.0049E+00
   1972.92   1.7925E+04  -9.3946E+02   4.5047E+04  -1.2749E+01   4.4740E+00   1.8788E+01  -1.0433E+00   3.6611E-01  -3.0748E+00
   1973.00   1.7927E+04  -9.3768E+02   4.5049E+04  -1.3034E+01   4.5734E+00   1.9207E+01  -1.0666E+00   3.7425E-01  -3.1435E+00
   1973.08   1.7929E+04  -9.3586E+02   4.5052E+04  -1.3311E+01   4.6699E+00   1.9614E+01  -1.0892E+00   3.8214E-01  -3.2101E+00
   1973.17   1.7931E+04  -9.3402E+02   4.5054E+04  -1.3576E+01   4.7623E+00   2.0004E+01  -1.1109E+00   3.8970E-01  -3.2738E+00
   1973.25   1.7933E+04  -9.3215E+02   4.5057E+04  -1.3825E+01   4.8495E+00   2.0372E+01  -1.1313E+00   3.9683E-01  -3.3340E+00
   1973.33   1.7935E+04  -9.3024E+02   4.5060E+04  -1.4057E+01   4.9304E+00   2.0713E+01  -1.1503E+00   4.0345E-01  -3.3899E+00
   1973.42   1.7936E+04  -9.2831E+02   4.5062E+04  -1.4268E+01   5.0039E+00   2.1023E+01  -1.1676E+00   4.0947E-01  -3.4407E+00
   1973.50   1.7938E+04  -9.2635E+02   4.5065E+04  -1.4455E+01   5.0690E+00   2.1298E+01  -1.1829E+00   4.1480E-01  -3.4856E+00
   1973.58   1.7940E+04  -9.2436E+02   4.5068E+04  -1.4615E+01   5.1245E+00   2.1532E+01  -1.1959E+00   4.1934E-01  -3.5240E+00
   1973.67   1.7942E+04  -9.2234E+02   4.5071E+04  -1.4744E+01   5.1694E+00   2.1722E+01  -1.2065E+00   4.2301E-01  -3.5550E+00
   1973.75   1.7944E+04  -9.2029E+02   4.5073E+04  -1.4839E+01   5.2025E+00   2.1862E+01  -1.2143E+00   4.2572E-01  -3.5780E+00
   1973.83   1.7946E+04  -9.1821E+02   4.5076E+04  -1.4898E+01   5.2228E+00   2.1949E+01  -1.2191E+00   4.2738E-01  -3.5921E+00
   1973.92   1.7948E+04  -9.1610E+02   4.5079E+04  -1.4917E+01   5.2291E+00   2.1977E+01  -1.2207E+00   4.2790E-01  -3.5967E+00
   1974.00   1.7950E+04  -9.1396E+02   4.5082E+04  -1.4894E+01   5.2205E+00   2.1941E+01  -1.2187E+00   4.2719E-01  -3.5909E+00
   1974.08   1.7952E+04  -9.1180E+02   4.5084E+04  -1.4825E+01   5.1961E+00   2.1840E+01  -1.2131E+00   4.2520E-01  -3.5743E+00
   1974.17   1.7954E+04  -9.0960E+02   4.5087E+04  -1.4714E+01   5.1570E+00   2.1676E+01  -1.2041E+00   4.2200E-01  -3.5476E+00
   1974.25   1.7956E+04  -9.0738E+02   4.5090E+04  -1.4566E+01   5.1045E+00   2.1457E+01  -1.1919E+00   4.1770E-01  -3.5116E+00
   1974.33   1.7958E+04  -9.0514E+02   4.5093E+04  -1.4382E+01   5.0399E+00   2.1187E+01  -1.1769E+00   4.1242E-01  -3.4674E+00
   1974.42   1.7960E+04  -9.0286E+02   4.5096E+04  -1.4169E+01   4.9647E+00   2.0871E+01  -1.1594E+00   4.0626E-01  -3.4158E+00
   1974.50   1.7962E+04  -9.0055E+02   4.5099E+04  -1.3929E+01   4.8802E+00   2.0517E+01  -1.1398E+00   3.9935E-01  -3.3579E+00
   1974.58   1.7964E+04  -8.9822E+02   4.5101E+04  -1.3666E+01   4.7877E+00   2.0130E+01  -1.1183E+00   3.9178E-01  -3.2944E+00
   1974.67   1.7966E+04  -8.9586E+02   4.5104E+04  -1.3384E+01   4.6886E+00   1.9714E+01  -1.0952E+00   3.8367E-01  -3.2265E+00
   1974.75   1.7968E+04  -8.9348E+02   4.5107E+04  -1.3088E+01   4.5843E+00   1.9277E+01  -1.0710E+00   3.7513E-01  -3.1549E+00
   1974.83   1.7970E+04  -8.9106E+02   4.5110E+04  -1.2780E+01   4.4761E+00   1.8824E+01  -1.0458E+00   3.6628E-01  -3.0807E+00
   1974.92   1.7972E+04  -8.8862E+02   4.5113E+04  -1.2466E+01   4.3654E+00   1.8360E+01  -1.0201E+00   3.5722E-01  -3.0048E+00
   1975.00   1.7974E+04  -8.8615E+02   4.5116E+04  -1.2148E+01   4.2535E+00   1.7891E+01  -9.9406E-01   3.4807E-01  -2.9281E+00
   1975.08   1.7975E+04  -8.8366E+02   4.5119E+04  -1.1831E+01   4.1419E+00   1.7423E+01  -9.6811E-01   3.3893E-01  -2.8515E+00
   1975.17   1.7977E+04  -8.8113E+02   4.5122E+04  -1.1518E+01   4.0318E+00   1.6962E+01  -9.4253E-01   3.2992E-01  -2.7760E+00
   1975.25   1.7979E+04  -8.7858E+02   4.5124E+04  -1.1214E+01   3.9246E+00   1.6513E+01  -9.1764E-01   3.2115E-01  -2.7026E+00
   1975.33   1.7981E+04  -8.7601E+02   4.5127E+04  -1.0922E+01   3.8217E+00   1.6083E+01  -8.9376E-01   3.1273E-01  -2.6321E+00
   1975.42   1.7983E+04  -8.7341E+02   4.5130E+04  -1.0647E+01   3.7244E+00   1.5676E+01  -8.7121E-01   3.0477E-01  -2.5656E+00
   1975.50   1.7985E+04  -8.7078E+02   4.5133E+04  -1.0391E+01   3.6342E+00   1.5299E+01  -8.5030E-01   2.9739E-01  -2.5038E+00
   1975.58   1.7986E+04  -8.6812E+02   4.5136E+04  -1.0160E+01   3.5523E+00   1.4957E+01  -8.3136E-01   2.9068E-01  -2.4479E+00
   1975.67   1.7988E+04  -8.6544E+02   4.5139E+04  -9.9559E+00   3.4801E+00   1.4656E+01  -8.1469E-01   2.8478E-01  -2.3986E+00
   1975.75   1.7990E+04  -8.6273E+02   4.5141E+04  -9.7840E+00   3.4190E+00   1.4402E+01  -8.0063E-01   2.7978E-01  -2.3570E+00
   1975.83   1.7992E+04  -8.6000E+02   4.5144E+04  -9.6478E+00   3.3704E+00   1.4200E+01  -7.8949E-01   2.7580E-01  -2.3240E+00
   1975.92   1.7993E+04  -8.5724E+02   4.5147E+04  -9.5512E+00   3.3355E+00   1.4057E+01  -7.8157E-01   2.7294E-01  -2.3005E+00
   1976.00   1.7995E+04  -8.5446E+02   4.5149E+04  -9.4979E+00   3.3158E+00   1.3977E+01  -7.7722E-01   2.7133E-01  -2.2875E+00
   1976.08   1.7997E+04  -8.5165E+02   4.5152E+04  -9.4907E+00   3.3122E+00   1.3965E+01  -7.7663E-01   2.7104E-01  -2.2856E+00
   1976.17   1.7998E+04  -8.4881E+02   4.5155E+04  -9.5272E+00   3.3238E+00   1.4018E+01  -7.7962E-01   2.7199E-01  -2.2942E+00
   1976.25   1.8000E+04  -8.4595E+02   4.5157E+04  -9.6037E+00   3.3494E+00   1.4129E+01  -7.8587E-01   2.7408E-01  -2.3124E+00
   1976.33   1.8002E+04  -8.4306E+02   4.5160E+04  -9.7164E+00   3.3876E+00   1.4294E+01  -7.9510E-01   2.7721E-01  -2.3393E+00
   1976.42   1.8003E+04  -8.4015E+02   4.5162E+04  -9.8618E+00   3.4373E+00   1.4506E+01  -8.0699E-01   2.8127E-01  -2.3741E+00
   1976.50   1.8005E+04  -8.3722E+02   4.5165E+04  -1.0036E+01   3.4971E+00   1.4762E+01  -8.2126E-01   2.8617E-01  -2.4159E+00
   1976.58   1.8006E+04  -8.3426E+02   4.5167E+04  -1.0236E+01   3.5657E+00   1.5054E+01  -8.3760E-01   2.9178E-01  -2.4638E+00
   1976.67   1.8008E+04  -8.3127E+02   4.5170E+04  -1.0457E+01   3.6419E+00   1.5379E+01  -8.5571E-01   2.9802E-01  -2.5169E+00
   1976.75   1.8009E+04  -8.2826E+02   4.5172E+04  -1.0696E+01   3.7244E+00   1.5730E+01  -8.7528E-01   3.0477E-01  -2.5743E+00
   1976.83   1.8011E+04  -8.2523E+02   4.5175E+04  -1.0950E+01   3.8119E+00   1.6102E+01  -8.9603E-01   3.1193E-01  -2.6352E+00
   1976.92   1.8012E+04  -8.2218E+02   4.5177E+04  -1.1214E+01   3.9031E+00   1.6489E+01  -9.1765E-01   3.1939E-01  -2.6987E+00
   1977.00   1.8014E+04  -8.1910E+02   4.5179E+04  -1.1485E+01   3.9968E+00   1.6887E+01  -9.3983E-01   3.2706E-01  -2.7638E+00
   1977.08   1.8015E+04  -8.1600E+02   4.5182E+04  -1.1759E+01   4.0916E+00   1.7290E+01  -9.6228E-01   3.3482E-01  -2.8297E+00
   1977.17   1.8016E+04  -8.1287E+02   4.5184E+04  -1.2033E+01   4.1863E+00   1.7692E+01  -9.8470E-01   3.4257E-01  -2.8955E+00
   1977.25   1.8018E+04  -8.0972E+02   4.5186E+04  -1.2303E+01   4.2797E+00   1.8088E+01  -1.0068E+00   3.5021E-01  -2.9604E+00
   1977.33   1.8019E+04  -8.0655E+02   4.5189E+04  -1.2566E+01   4.3704E+00   1.8473E+01  -1.0282E+00   3.5763E-01  -3.0234E+00
   1977.42   1.8020E+04  -8.0336E+02   4.5191E+04  -1.2816E+01   4.4571E+00   1.8841E+01  -1.0488E+00   3.6473E-01  -3.0836E+00
   1977.50   1.8021E+04  -8.0015E+02   4.5193E+04  -1.3052E+01   4.5386E+00   1.9188E+01  -1.0681E+00   3.7140E-01  -3.1402E+00
   1977.58   1.8023E+04  -7.9691E+02   4.5195E+04  -1.3269E+01   4.6136E+00   1.9506E+01  -1.0858E+00   3.7753E-01  -3.1924E+00
   1977.67   1.8024E+04  -7.9365E+02   4.5197E+04  -1.3464E+01   4.6808E+00   1.9792E+01  -1.1017E+00   3.8304E-01  -3.2391E+00
   1977.75   1.8025E+04  -7.9037E+02   4.5200E+04  -1.3632E+01   4.7390E+00   2.0039E+01  -1.1155E+00   3.8780E-01  -3.2796E+00
   1977.83   1.8026E+04  -7.8707E+02   4.5202E+04  -1.3771E+01   4.7868E+00   2.0242E+01  -1.1269E+00   3.9171E-01  -3.3129E+00
   1977.92   1.8027E+04  -7.8375E+02   4.5204E+04  -1.3876E+01   4.8231E+00   2.0397E+01  -1.1355E+00   3.9467E-01  -3.3382E+00
   1978.00   1.8029E+04  -7.8041E+02   4.5206E+04  -1.3945E+01   4.8464E+00   2.0497E+01  -1.1411E+00   3.9658E-01  -3.3545E+00
   1978.08   1.8030E+04  -7.7705E+02   4.5208E+04  -1.3973E+01   4.8559E+00   2.0539E+01  -1.1434E+00   3.9736E-01  -3.3614E+00
   1978.17   1.8031E+04  -7.7367E+02   4.5210E+04  -1.3965E+01   4.8525E+00   2.0526E+01  -1.1427E+00   3.9708E-01  -3.3592E+00
   1978.25   1.8032E+04  -7.7027E+02   4.5212E+04  -1.3922E+01   4.8373E+00   2.0463E+01  -1.1393E+00   3.9584E-01  -3.3490E+00
   1978.33   1.8033E+04  -7.6685E+02   4.5214E+04  -1.3850E+01   4.8116E+00   2.0356E+01  -1.1333E+00   3.9374E-01  -3.3314E+00
   1978.42   1.8034E+04  -7.6343E+02   4.5216E+04  -1.3750E+01   4.7765E+00   2.0209E+01  -1.1252E+00   3.9087E-01  -3.3074E+00
   1978.50   1.8035E+04  -7.5999E+02   4.5219E+04  -1.3627E+01   4.7333E+00   2.0028E+01  -1.1151E+00   3.8733E-01  -3.2777E+00
   1978.58   1.8036E+04  -7.5654E+02   4.5221E+04  -1.3484E+01   4.6831E+00   1.9817E+01  -1.1034E+00   3.8322E-01  -3.2433E+00
   1978.67   1.8036E+04  -7.5308E+02   4.5223E+04  -1.3325E+01   4.6272E+00   1.9583E+01  -1.0904E+00   3.7865E-01  -3.2049E+00
   1978.75   1.8037E+04  -7.4962E+02   4.5225E+04  -1.3153E+01   4.5668E+00   1.9329E+01  -1.0763E+00   3.7370E-01  -3.1634E+00
   1978.83   1.8038E+04  -7.4615E+02   4.5226E+04  -1.2972E+01   4.5030E+00   1.9062E+01  -1.0615E+00   3.6848E-01  -3.1196E+00
   1978.92   1.8039E+04  -7.4268E+02   4.5228E+04  -1.2784E+01   4.4371E+00   1.8785E+01  -1.0461E+00   3.6309E-01  -3.0744E+00
   1979.00   1.8040E+04  -7.3920E+02   4.5230E+04  -1.2594E+01   4.3703E+00   1.8505E+01  -1.0306E+00   3.5762E-01  -3.0286E+00
   1979.08   1.8041E+04  -7.3573E+02   4.5232E+04  -1.2405E+01   4.3038E+00   1.8227E+01  -1.0151E+00   3.5218E-01  -2.9830E+00
   1979.17   1.8041E+04  -7.3226E+02   4.5234E+04  -1.2221E+01   4.2388E+00   1.7955E+01  -1.0000E+00   3.4686E-01  -2.9385E+00
   1979.25   1.8042E+04  -7.2880E+02   4.5236E+04  -1.2044E+01   4.1765E+00   1.7695E+01  -9.8556E-01   3.4176E-01  -2.8959E+00
   1979.33   1.8043E+04  -7.2534E+02   4.5238E+04  -1.1879E+01   4.1181E+00   1.7451E+01  -9.7205E-01   3.3699E-01  -2.8560E+00
   1979.42   1.8043E+04  -7.2188E+02   4.5240E+04  -1.1729E+01   4.0648E+00   1.7229E+01  -9.5975E-01   3.3263E-01  -2.8198E+00
   1979.50   1.8044E+04  -7.1844E+02   4.5241E+04  -1.1597E+01   4.0179E+00   1.7035E+01  -9.4897E-01   3.2878E-01  -2.7879E+00
   1979.58   1.8044E+04  -7.1501E+02   4.5243E+04  -1.1487E+01   3.9784E+00   1.6872E+01  -9.3997E-01   3.2556E-01  -2.7613E+00
   1979.67   1.8045E+04  -7.1159E+02   4.5245E+04  -1.1402E+01   3.9477E+00   1.6746E+01  -9.3304E-01   3.2305E-01  -2.7407E+00
   1979.75   1.8045E+04  -7.0818E+02   4.5247E+04  -1.1346E+01   3.9270E+00   1.6663E+01  -9.2848E-01   3.2135E-01  -2.7271E+00
   1979.83   1.8046E+04  -7.0479E+02   4.5248E+04  -1.1323E+01   3.9174E+00   1.6628E+01  -9.2656E-01   3.2056E-01  -2.7213E+00
   1979.92   1.8046E+04  -7.0142E+02   4.5250E+04  -1.1335E+01   3.9201E+00   1.6645E+01  -9.2756E-01   3.2078E-01  -2.7241E+00
   1980.00   1.8047E+04  -6.9807E+02   4.5252E+04  -1.1387E+01   3.9364E+00   1.6719E+01  -9.3179E-01   3.2212E-01  -2.7362E+00
   1980.08   1.8047E+04  -6.9474E+02   4.5253E+04  -1.1480E+01   3.9670E+00   1.6855E+01  -9.3941E-01   3.2463E-01  -2.7584E+00
   1980.17   1.8047E+04  -6.9143E+02   4.5255E+04  -1.1613E+01   4.0114E+00   1.7048E+01  -9.5028E-01   3.2825E-01  -2.7901E+00
   1980.25   1.8048E+04  -6.8814E+02   4.5256E+04  -1.1782E+01   4.0683E+00   1.7296E+01  -9.6412E-01   3.3291E-01  -2.8306E+00
   1980.33   1.8048E+04  -6.8487E+02   4.5258E+04  -1.1984E+01   4.1366E+00   1.7591E+01  -9.8068E-01   3.3850E-01  -2.8790E+00
   1980.42   1.8048E+04  -6.8161E+02   4.5260E+04  -1.2217E+01   4.2153E+00   1.7931E+01  -9.9970E-01   3.4494E-01  -2.9347E+00
   1980.50   1.8048E+04  -6.7837E+02   4.5261E+04  -1.2476E+01   4.3033E+00   1.8311E+01  -1.0209E+00   3.5214E-01  -2.9967E+00
   1980.58   1.8049E+04  -6.7515E+02   4.5263E+04  -1.2759E+01   4.3995E+00   1.8725E+01  -1.0441E+00   3.6001E-01  -3.0645E+00
   1980.67   1.8049E+04  -6.7193E+02   4.5264E+04  -1.3062E+01   4.5027E+00   1.9169E+01  -1.0689E+00   3.6846E-01  -3.1372E+00
   1980.75   1.8049E+04  -6.6873E+02   4.5266E+04  -1.3383E+01   4.6119E+00   1.9639E+01  -1.0951E+00   3.7739E-01  -3.2141E+00
   1980.83   1.8049E+04  -6.6554E+02   4.5267E+04  -1.3717E+01   4.7259E+00   2.0129E+01  -1.1225E+00   3.8673E-01  -3.2943E+00
   1980.92   1.8049E+04  -6.6236E+02   4.5268E+04  -1.4063E+01   4.8438E+00   2.0635E+01  -1.1508E+00   3.9637E-01  -3.3772E+00
   1981.00   1.8049E+04  -6.5919E+02   4.5270E+04  -1.4416E+01   4.9643E+00   2.1153E+01  -1.1797E+00   4.0623E-01  -3.4619E+00
   1981.08   1.8049E+04  -6.5602E+02   4.5271E+04  -1.4774E+01   5.0863E+00   2.1677E+01  -1.2090E+00   4.1622E-01  -3.5477E+00
   1981.17   1.8049E+04  -6.5286E+02   4.5273E+04  -1.5134E+01   5.2089E+00   2.2204E+01  -1.2384E+00   4.2625E-01  -3.6339E+00
   1981.25   1.8049E+04  -6.4970E+02   4.5274E+04  -1.5491E+01   5.3308E+00   2.2727E+01  -1.2676E+00   4.3622E-01  -3.7196E+00
   1981.33   1.8049E+04  -6.4655E+02   4.5276E+04  -1.5844E+01   5.4510E+00   2.3244E+01  -1.2965E+00   4.4606E-01  -3.8041E+00
   1981.42   1.8049E+04  -6.4340E+02   4.5277E+04  -1.6188E+01   5.5684E+00   2.3748E+01  -1.3247E+00   4.5567E-01  -3.8867E+00
   1981.50   1.8049E+04  -6.4025E+02   4.5278E+04  -1.6521E+01   5.6819E+00   2.4236E+01  -1.3519E+00   4.6495E-01  -3.9665E+00
   1981.58   1.8049E+04  -6.3710E+02   4.5280E+04  -1.6839E+01   5.7903E+00   2.4703E+01  -1.3780E+00   4.7382E-01  -4.0429E+00
   1981.67   1.8049E+04  -6.3394E+02   4.5281E+04  -1.7140E+01   5.8926E+00   2.5143E+01  -1.4026E+00   4.8220E-01  -4.1150E+00
   1981.75   1.8049E+04  -6.3079E+02   4.5283E+04  -1.7420E+01   5.9877E+00   2.5553E+01  -1.4255E+00   4.8998E-01  -4.1821E+00
   1981.83   1.8049E+04  -6.2763E+02   4.5284E+04  -1.7676E+01   6.0745E+00   2.5928E+01  -1.4464E+00   4.9708E-01  -4.2434E+00
   1981.92   1.8049E+04  -6.2446E+02   4.5286E+04  -1.7904E+01   6.1519E+00   2.6262E+01  -1.4651E+00   5.0341E-01  -4.2981E+00
   1982.00   1.8049E+04  -6.2129E+02   4.5287E+04  -1.8102E+01   6.2188E+00   2.6552E+01  -1.4813E+00   5.0888E-01  -4.3455E+00
   1982.08   1.8049E+04  -6.1811E+02   4.5289E+04  -1.8267E+01   6.2743E+00   2.6794E+01  -1.4948E+00   5.1343E-01  -4.3851E+00
   1982.17   1.8049E+04  -6.1493E+02   4.5290E+04  -1.8400E+01   6.3186E+00   2.6988E+01  -1.5057E+00   5.1706E-01  -4.4168E+00
   1982.25   1.8049E+04  -6.1174E+02   4.5292E+04  -1.8502E+01   6.3523E+00   2.7136E+01  -1.5140E+00   5.1981E-01  -4.4412E+00
   1982.33   1.8049E+04  -6.0854E+02   4.5293E+04  -1.8574E+01   6.3757E+00   2.7242E+01  -1.5199E+00   5.2172E-01  -4.4584E+00
   1982.42   1.8048E+04  -6.0534E+02   4.5295E+04  -1.8618E+01   6.3893E+00   2.7305E+01  -1.5235E+00   5.2284E-01  -4.4688E+00
   1982.50   1.8048E+04  -6.0213E+02   4.5296E+04  -1.8634E+01   6.3936E+00   2.7329E+01  -1.5248E+00   5.2319E-01  -4.4726E+00
   1982.58   1.8048E+04  -5.9892E+02   4.5298E+04  -1.8625E+01   6.3890E+00   2.7315E+01  -1.5241E+00   5.2281E-01  -4.4703E+00
   1982.67   1.8048E+04  -5.9571E+02   4.5299E+04  -1.8591E+01   6.3759E+00   2.7265E+01  -1.5213E+00   5.2175E-01  -4.4621E+00
   1982.75   1.8048E+04  -5.9250E+02   4.5301E+04  -1.8535E+01   6.3549E+00   2.7181E+01  -1.5167E+00   5.2003E-01  -4.4484E+00
   1982.83   1.8048E+04  -5.8929E+02   4.5302E+04  -1.8456E+01   6.3264E+00   2.7065E+01  -1.5103E+00   5.1770E-01  -4.4294E+00
   1982.92   1.8048E+04  -5.8607E+02   4.5304E+04  -1.8357E+01   6.2909E+00   2.6919E+01  -1.5022E+00   5.1479E-01  -4.4055E+00
   1983.00   1.8047E+04  -5.8286E+02   4.5305E+04  -1.8239E+01   6.2487E+00   2.6745E+01  -1.4925E+00   5.1134E-01  -4.3770E+00
   1983.08   1.8047E+04  -5.7965E+02   4.5307E+04  -1.8102E+01   6.2005E+00   2.6544E+01  -1.4813E+00   5.0739E-01  -4.3442E+00
   1983.17   1.8047E+04  -5.7644E+02   4.5309E+04  -1.7950E+01   6.1465E+00   2.6319E+01  -1.4688E+00   5.0297E-01  -4.3074E+00
   1983.25   1.8047E+04  -5.7324E+02   4.5310E+04  -1.7782E+01   6.0873E+00   2.6072E+01  -1.4551E+00   4.9812E-01  -4.2670E+00
   1983.33   1.8046E+04  -5.7004E+02   4.5312E+04  -1.7600E+01   6.0233E+00   2.5804E+01  -1.4402E+00   4.9289E-01  -4.2232E+00
   1983.42   1.8046E+04  -5.6685E+02   4.5313E+04  -1.7405E+01   5.9550E+00   2.5518E+01  -1.4243E+00   4.8730E-01  -4.1763E+00
   1983.50   1.8046E+04  -5.6366E+02   4.5315E+04  -1.7199E+01   5.8828E+00   2.5215E+01  -1.4074E+00   4.8139E-01  -4.1268E+00
   1983.58   1.8046E+04  -5.6047E+02   4.5317E+04  -1.6983E+01   5.8072E+00   2.4898E+01  -1.3897E+00   4.7521E-01  -4.0748E+00
   1983.67   1.8045E+04  -5.5730E+02   4.5318E+04  -1.6758E+01   5.7287E+00   2.4568E+01  -1.3713E+00   4.6878E-01  -4.0208E+00
   1983.75   1.8045E+04  -5.5413E+02   4.5320E+04  -1.6526E+01   5.6477E+00   2.4227E+01  -1.3523E+00   4.6215E-01  -3.9650E+00
   1983.83   1.8044E+04  -5.5097E+02   4.5322E+04  -1.6288E+01   5.5646E+00   2.3877E+01  -1.3328E+00   4.5535E-01  -3.9077E+00
   1983.92   1.8044E+04  -5.4783E+02   4.5323E+04  -1.6045E+01   5.4800E+00   2.3520E+01  -1.3129E+00   4.4843E-01  -3.8492E+00
   1984.00   1.8044E+04  -5.4469E+02   4.5325E+04  -1.5798E+01   5.3942E+00   2.3158E+01  -1.2928E+00   4.4141E-01  -3.7900E+00
   1984.08   1.8043E+04  -5.4156E+02   4.5327E+04  -1.5549E+01   5.3077E+00   2.2792E+01  -1.2724E+00   4.3433E-01  -3.7302E+00
   1984.17   1.8043E+04  -5.3845E+02   4.5328E+04  -1.5298E+01   5.2205E+00   2.2424E+01  -1.2519E+00   4.2720E-01  -3.6699E+00
   1984.25   1.8042E+04  -5.3535E+02   4.5330E+04  -1.5045E+01   5.1328E+00   2.2052E+01  -1.2312E+00   4.2001E-01  -3.6091E+00
   1984.33   1.8042E+04  -5.3225E+02   4.5332E+04  -1.4791E+01   5.0444E+00   2.1678E+01  -1.2103E+00   4.1279E-01  -3.5479E+00
   1984.42   1.8041E+04  -5.2917E+02   4.5334E+04  -1.4534E+01   4.9555E+00   2.1301E+01  -1.1893E+00   4.0551E-01  -3.4862E+00
   1984.50   1.8041E+04  -5.2611E+02   4.5335E+04  -1.4276E+01   4.8661E+00   2.0922E+01  -1.1682E+00   3.9820E-01  -3.4242E+00
   1984.58   1.8040E+04  -5.2305E+02   4.5337E+04  -1.4016E+01   4.7763E+00   2.0541E+01  -1.1469E+00   3.9084E-01  -3.3618E+00
   1984.67   1.8039E+04  -5.2000E+02   4.5339E+04  -1.3755E+01   4.6859E+00   2.0157E+01  -1.1255E+00   3.8345E-01  -3.2990E+00
   1984.75   1.8039E+04  -5.1697E+02   4.5341E+04  -1.3492E+01   4.5952E+00   1.9772E+01  -1.1040E+00   3.7603E-01  -3.2359E+00
   1984.83   1.8038E+04  -5.1395E+02   4.5343E+04  -1.3228E+01   4.5041E+00   1.9384E+01  -1.0824E+00   3.6857E-01  -3.1725E+00
   1984.92   1.8038E+04  -5.1094E+02   4.5344E+04  -1.2963E+01   4.4126E+00   1.8995E+01  -1.0607E+00   3.6108E-01  -3.1088E+00
   1985.00   1.8037E+04  -5.0794E+02   4.5346E+04  -1.2696E+01   4.3208E+00   1.8604E+01  -1.0389E+00   3.5357E-01  -3.0448E+00
   1985.08   1.8036E+04  -5.0495E+02   4.5348E+04  -1.2429E+01   4.2287E+00   1.8212E+01  -1.0171E+00   3.4604E-01  -2.9806E+00
   1985.17   1.8036E+04  -5.0198E+02   4.5350E+04  -1.2161E+01   4.1364E+00   1.7819E+01  -9.9511E-01   3.3848E-01  -2.9162E+00
   1985.25   1.8035E+04  -4.9901E+02   4.5352E+04  -1.1891E+01   4.0438E+00   1.7424E+01  -9.7309E-01   3.3091E-01  -2.8516E+00
   1985.33   1.8034E+04  -4.9606E+02   4.5353E+04  -1.1622E+01   3.9511E+00   1.7028E+01  -9.5101E-01   3.2332E-01  -2.7868E+00
   1985.42   1.8034E+04  -4.9312E+02   4.5355E+04  -1.1351E+01   3.8582E+00   1.6631E+01  -9.2887E-01   3.1572E-01  -2.7219E+00
   1985.50   1.8033E+04  -4.9020E+02   4.5357E+04  -1.1080E+01   3.7651E+00   1.6234E+01  -9.0670E-01   3.0810E-01  -2.6568E+00
   1985.58   1.8032E+04  -4.8728E+02   4.5359E+04  -1.0809E+01   3.6720E+00   1.5836E+01  -8.8449E-01   3.0048E-01  -2.5917E+00
   1985.67   1.8032E+04  -4.8438E+02   4.5361E+04  -1.0537E+01   3.5788E+00   1.5437E+01  -8.6225E-01   2.9286E-01  -2.5264E+00
   1985.75   1.8031E+04  -4.8148E+02   4.5363E+04  -1.0265E+01   3.4856E+00   1.5038E+01  -8.3999E-01   2.8523E-01  -2.4612E+00
   1985.83   1.8030E+04  -4.7860E+02   4.5365E+04  -9.9928E+00   3.3924E+00   1.4639E+01  -8.1772E-01   2.7760E-01  -2.3958E+00
   1985.92   1.8030E+04  -4.7573E+02   4.5367E+04  -9.7206E+00   3.2992E+00   1.4240E+01  -7.9544E-01   2.6997E-01  -2.3305E+00
   1986.00   1.8029E+04  -4.7288E+02   4.5369E+04  -9.4484E+00   3.2060E+00   1.3841E+01  -7.7316E-01   2.6235E-01  -2.2652E+00
   1986.08   1.8028E+04  -4.7003E+02   4.5371E+04  -9.1766E+00   3.1131E+00   1.3442E+01  -7.5092E-01   2.5475E-01  -2.2000E+00
   1986.17   1.8028E+04  -4.6720E+02   4.5373E+04  -8.9067E+00   3.0209E+00   1.3047E+01  -7.2884E-01   2.4720E-01  -2.1352E+00
   1986.25   1.8027E+04  -4.6438E+02   4.5375E+04  -8.6406E+00   2.9299E+00   1.2656E+01  -7.0706E-01   2.3976E-01  -2.0713E+00
   1986.33   1.8027E+04  -4.6157E+02   4.5377E+04  -8.3799E+00   2.8409E+00   1.2274E+01  -6.8573E-01   2.3247E-01  -2.0088E+00
   1986.42   1.8026E+04  -4.5877E+02   4.5379E+04  -8.1266E+00   2.7543E+00   1.1903E+01  -6.6500E-01   2.2539E-01  -1.9480E+00
   1986.50   1.8025E+04  -4.5599E+02   4.5381E+04  -7.8824E+00   2.6709E+00   1.1545E+01  -6.4502E-01   2.1856E-01  -1.8894E+00
   1986.58   1.8025E+04  -4.5321E+02   4.5383E+04  -7.6491E+00   2.5912E+00   1.1203E+01  -6.2593E-01   2.1204E-01  -1.8334E+00
   1986.67   1.8024E+04  -4.5045E+02   4.5385E+04  -7.4285E+00   2.5157E+00   1.0879E+01  -6.0787E-01   2.0586E-01  -1.7805E+00
   1986.75   1.8024E+04  -4.4770E+02   4.5387E+04  -7.2223E+00   2.4452E+00   1.0577E+01  -5.9101E-01   2.0009E-01  -1.7310E+00
   1986.83   1.8023E+04  -4.4495E+02   4.5389E+04  -7.0325E+00   2.3801E+00   1.0298E+01  -5.7547E-01   1.9477E-01  -1.6854E+00
   1986.92   1.8023E+04  -4.4222E+02   4.5392E+04  -6.8607E+00   2.3212E+00   1.0046E+01  -5.6141E-01   1.8994E-01  -1.6441E+00
   1987.00   1.8022E+04  -4.3950E+02   4.5394E+04  -6.7088E+00   2.2689E+00   9.8229E+00  -5.4898E-01   1.8567E-01  -1.6076E+00
   1987.08   1.8022E+04  -4.3679E+02   4.5396E+04  -6.5785E+00   2.2240E+00   9.6316E+00  -5.3832E-01   1.8199E-01  -1.5763E+00
   1987.17   1.8021E+04  -4.3409E+02   4.5398E+04  -6.4717E+00   2.1869E+00   9.4745E+00  -5.2958E-01   1.7895E-01  -1.5506E+00
   1987.25   1.8021E+04  -4.3140E+02   4.5400E+04  -6.3902E+00   2.1583E+00   9.3544E+00  -5.2291E-01   1.7662E-01  -1.5309E+00
   1987.33   1.8020E+04  -4.2871E+02   4.5402E+04  -6.3357E+00   2.1389E+00   9.2738E+00  -5.1845E-01   1.7503E-01  -1.5178E+00
   1987.42   1.8020E+04  -4.2604E+02   4.5404E+04  -6.3100E+00   2.1291E+00   9.2355E+00  -5.1635E-01   1.7423E-01  -1.5115E+00
   1987.50   1.8019E+04  -4.2338E+02   4.5406E+04  -6.3150E+00   2.1297E+00   9.2419E+00  -5.1676E-01   1.7427E-01  -1.5125E+00
   1987.58   1.8019E+04  -4.2073E+02   4.5409E+04  -6.3524E+00   2.1411E+00   9.2957E+00  -5.1982E-01   1.7521E-01  -1.5213E+00
   1987.67   1.8018E+04  -4.1808E+02   4.5411E+04  -6.4240E+00   2.1641E+00   9.3996E+00  -5.2568E-01   1.7709E-01  -1.5383E+00
   1987.75   1.8018E+04  -4.1545E+02   4.5413E+04  -6.5317E+00   2.1991E+00   9.5561E+00  -5.3449E-01   1.7995E-01  -1.5640E+00
   1987.83   1.8017E+04  -4.1282E+02   4.5415E+04  -6.6771E+00   2.2469E+00   9.7679E+00  -5.4639E-01   1.8386E-01  -1.5986E+00
   1987.92   1.8017E+04  -4.1021E+02   4.5417E+04  -6.8622E+00   2.3079E+00   1.0038E+01  -5.6154E-01   1.8886E-01  -1.6428E+00
   1988.00   1.8016E+04  -4.0760E+02   4.5419E+04  -7.0887E+00   2.3829E+00   1.0368E+01  -5.8007E-01   1.9499E-01  -1.6968E+00
   1988.08   1.8016E+04  -4.0500E+02   4.5421E+04  -7.3574E+00   2.4720E+00   1.0760E+01  -6.0206E-01   2.0229E-01  -1.7610E+00
   1988.17   1.8015E+04  -4.0241E+02   4.5424E+04  -7.6657E+00   2.5744E+00   1.1210E+01  -6.2729E-01   2.1067E-01  -1.8346E+00
   1988.25   1.8015E+04  -3.9983E+02   4.5426E+04  -8.0100E+00   2.6889E+00   1.1712E+01  -6.5546E-01   2.2004E-01  -1.9169E+00
   1988.33   1.8014E+04  -3.9726E+02   4.5428E+04  -8.3864E+00   2.8142E+00   1.2262E+01  -6.8627E-01   2.3029E-01  -2.0068E+00
   1988.42   1.8014E+04  -3.9470E+02   4.5430E+04  -8.7915E+00   2.9492E+00   1.2854E+01  -7.1942E-01   2.4133E-01  -2.1036E+00
   1988.50   1.8013E+04  -3.9214E+02   4.5432E+04  -9.2216E+00   3.0925E+00   1.3482E+01  -7.5461E-01   2.5306E-01  -2.2064E+00
   1988.58   1.8013E+04  -3.8960E+02   4.5434E+04  -9.6731E+00   3.2430E+00   1.4141E+01  -7.9155E-01   2.6537E-01  -2.3143E+00
   1988.67   1.8012E+04  -3.8708E+02   4.5436E+04  -1.0142E+01   3.3994E+00   1.4826E+01  -8.2994E-01   2.7817E-01  -2.4264E+00
   1988.75   1.8012E+04  -3.8456E+02   4.5438E+04  -1.0625E+01   3.5605E+00   1.5531E+01  -8.6948E-01   2.9136E-01  -2.5419E+00
   1988.83   1.8012E+04  -3.8205E+02   4.5440E+04  -1.1119E+01   3.7252E+00   1.6252E+01  -9.0987E-01   3.0483E-01  -2.6599E+00
   1988.92   1.8011E+04  -3.7956E+02   4.5442E+04  -1.1619E+01   3.8921E+00   1.6983E+01  -9.5082E-01   3.1849E-01  -2.7795E+00
   1989.00   1.8011E+04  -3.7708E+02   4.5445E+04  -1.2123E+01   4.0600E+00   1.7718E+01  -9.9202E-01   3.3224E-01  -2.8998E+00
   1989.08   1.8010E+04  -3.7462E+02   4.5447E+04  -1.2626E+01   4.2278E+00   1.8453E+01  -1.0332E+00   3.4597E-01  -3.0200E+00
   1989.17   1.8010E+04  -3.7216E+02   4.5449E+04  -1.3125E+01   4.3942E+00   1.9181E+01  -1.0740E+00   3.5958E-01  -3.1393E+00
   1989.25   1.8009E+04  -3.6973E+02   4.5451E+04  -1.3616E+01   4.5580E+00   1.9899E+01  -1.1142E+00   3.7299E-01  -3.2566E+00
   1989.33   1.8009E+04  -3.6730E+02   4.5453E+04  -1.4095E+01   4.7180E+00   2.0599E+01  -1.1534E+00   3.8607E-01  -3.3712E+00
   1989.42   1.8009E+04  -3.6490E+02   4.5455E+04  -1.4560E+01   4.8729E+00   2.1277E+01  -1.1914E+00   3.9875E-01  -3.4823E+00
   1989.50   1.8008E+04  -3.6250E+02   4.5457E+04  -1.5006E+01   5.0215E+00   2.1928E+01  -1.2279E+00   4.1091E-01  -3.5888E+00
   1989.58   1.8008E+04  -3.6013E+02   4.5459E+04  -1.5429E+01   5.1626E+00   2.2546E+01  -1.2626E+00   4.2245E-01  -3.6900E+00
   1989.67   1.8007E+04  -3.5776E+02   4.5461E+04  -1.5826E+01   5.2949E+00   2.3127E+01  -1.2951E+00   4.3329E-01  -3.7849E+00
   1989.75   1.8007E+04  -3.5542E+02   4.5463E+04  -1.6194E+01   5.4173E+00   2.3663E+01  -1.3252E+00   4.4330E-01  -3.8728E+00
   1989.83   1.8007E+04  -3.5309E+02   4.5465E+04  -1.6529E+01   5.5286E+00   2.4152E+01  -1.3525E+00   4.5241E-01  -3.9527E+00
   1989.92   1.8006E+04  -3.5078E+02   4.5466E+04  -1.6826E+01   5.6274E+00   2.4586E+01  -1.3769E+00   4.6049E-01  -4.0237E+00
   1990.00   1.8006E+04  -3.4849E+02   4.5468E+04  -1.7083E+01   5.7126E+00   2.4961E+01  -1.3979E+00   4.6747E-01  -4.0851E+00
   1990.08   1.8006E+04  -3.4622E+02   4.5470E+04  -1.7297E+01   5.7834E+00   2.5272E+01  -1.4154E+00   4.7325E-01  -4.1361E+00
   1990.17   1.8005E+04  -3.4396E+02   4.5472E+04  -1.7469E+01   5.8400E+00   2.5523E+01  -1.4295E+00   4.7789E-01  -4.1770E+00
   1990.25   1.8005E+04  -3.4172E+02   4.5474E+04  -1.7601E+01   5.8834E+00   2.5715E+01  -1.4403E+00   4.8144E-01  -4.2086E+00
   1990.33   1.8005E+04  -3.3948E+02   4.5476E+04  -1.7696E+01   5.9143E+00   2.5853E+01  -1.4481E+00   4.8397E-01  -4.2312E+00
   1990.42   1.8004E+04  -3.3726E+02   4.5478E+04  -1.7756E+01   5.9334E+00   2.5940E+01  -1.4530E+00   4.8554E-01  -4.2454E+00
   1990.50   1.8004E+04  -3.3505E+02   4.5480E+04  -1.7784E+01   5.9417E+00   2.5980E+01  -1.4553E+00   4.8621E-01  -4.2519E+00
   1990.58   1.8004E+04  -3.3284E+02   4.5481E+04  -1.7781E+01   5.9398E+00   2.5975E+01  -1.4551E+00   4.8606E-01  -4.2511E+00
   1990.67   1.8004E+04  -3.3063E+02   4.5483E+04  -1.7751E+01   5.9285E+00   2.5930E+01  -1.4526E+00   4.8513E-01  -4.2437E+00
   1990.75   1.8003E+04  -3.2842E+02   4.5485E+04  -1.7695E+01   5.9087E+00   2.5847E+01  -1.4480E+00   4.8351E-01  -4.2302E+00
   1990.83   1.8003E+04  -3.2622E+02   4.5487E+04  -1.7616E+01   5.8811E+00   2.5731E+01  -1.4415E+00   4.8125E-01  -4.2111E+00
   1990.92   1.8003E+04  -3.2401E+02   4.5489E+04  -1.7516E+01   5.8464E+00   2.5584E+01  -1.4333E+00   4.7842E-01  -4.1870E+00
   1991.00   1.8003E+04  -3.2179E+02   4.5490E+04  -1.7397E+01   5.8056E+00   2.5409E+01  -1.4236E+00   4.7507E-01  -4.1585E+00
   1991.08   1.8002E+04  -3.1957E+02   4.5492E+04  -1.7263E+01   5.7593E+00   2.5211E+01  -1.4126E+00   4.7128E-01  -4.1261E+00
   1991.17   1.8002E+04  -3.1734E+02   4.5494E+04  -1.7114E+01   5.7083E+00   2.4993E+01  -1.4005E+00   4.6711E-01  -4.0904E+00
   1991.25   1.8002E+04  -3.1509E+02   4.5496E+04  -1.6954E+01   5.6534E+00   2.4758E+01  -1.3874E+00   4.6262E-01  -4.0520E+00
   1991.33   1.8002E+04  -3.1284E+02   4.5497E+04  -1.6785E+01   5.5955E+00   2.4510E+01  -1.3735E+00   4.5788E-01  -4.0113E+00
   1991.42   1.8002E+04  -3.1056E+02   4.5499E+04  -1.6609E+01   5.5352E+00   2.4251E+01  -1.3591E+00   4.5295E-01  -3.9690E+00
   1991.50   1.8002E+04  -3.0827E+02   4.5501E+04  -1.6428E+01   5.4734E+00   2.3986E+01  -1.3443E+00   4.4789E-01  -3.9256E+00
   1991.58   1.8002E+04  -3.0596E+02   4.5503E+04  -1.6245E+01   5.4109E+00   2.3718E+01  -1.3294E+00   4.4278E-01  -3.8817E+00
   1991.67   1.8001E+04  -3.0362E+02   4.5504E+04  -1.6063E+01   5.3484E+00   2.3450E+01  -1.3144E+00   4.3766E-01  -3.8379E+00
   1991.75   1.8001E+04  -3.0126E+02   4.5506E+04  -1.5883E+01   5.2868E+00   2.3186E+01  -1.2997E+00   4.3262E-01  -3.7946E+00
   1991.83   1.8001E+04  -2.9888E+02   4.5508E+04  -1.5707E+01   5.2267E+00   2.2929E+01  -1.2853E+00   4.2770E-01  -3.7525E+00
   1991.92   1.8001E+04  -2.9646E+02   4.5509E+04  -1.5539E+01   5.1690E+00   2.2682E+01  -1.2716E+00   4.2298E-01  -3.7121E+00
   1992.00   1.8001E+04  -2.9401E+02   4.5511E+04  -1.5381E+01   5.1145E+00   2.2449E+01  -1.2586E+00   4.1852E-01  -3.6740E+00
   1992.08   1.8001E+04  -2.9153E+02   4.5513E+04  -1.5233E+01   5.0638E+00   2.2233E+01  -1.2465E+00   4.1437E-01  -3.6386E+00
   1992.17   1.8001E+04  -2.8902E+02   4.5515E+04  -1.5097E+01   5.0166E+00   2.2032E+01  -1.2354E+00   4.1051E-01  -3.6057E+00
   1992.25   1.8001E+04  -2.8648E+02   4.5516E+04  -1.4969E+01   4.9726E+00   2.1845E+01  -1.2250E+00   4.0691E-01  -3.5752E+00
   1992.33   1.8001E+04  -2.8390E+02   4.5518E+04  -1.4851E+01   4.9314E+00   2.1670E+01  -1.2152E+00   4.0354E-01  -3.5466E+00
   1992.42   1.8001E+04  -2.8130E+02   4.5520E+04  -1.4739E+01   4.8927E+00   2.1506E+01  -1.2061E+00   4.0037E-01  -3.5197E+00
   1992.50   1.8001E+04  -2.7867E+02   4.5522E+04  -1.4634E+01   4.8560E+00   2.1351E+01  -1.1975E+00   3.9737E-01  -3.4943E+00
   1992.58   1.8002E+04  -2.7600E+02   4.5523E+04  -1.4533E+01   4.8210E+00   2.1203E+01  -1.1893E+00   3.9450E-01  -3.4701E+00
   1992.67   1.8002E+04  -2.7331E+02   4.5525E+04  -1.4436E+01   4.7872E+00   2.1061E+01  -1.1813E+00   3.9174E-01  -3.4468E+00
   1992.75   1.8002E+04  -2.7060E+02   4.5527E+04  -1.4342E+01   4.7543E+00   2.0922E+01  -1.1736E+00   3.8905E-01  -3.4241E+00
   1992.83   1.8002E+04  -2.6785E+02   4.5529E+04  -1.4249E+01   4.7220E+00   2.0785E+01  -1.1660E+00   3.8640E-01  -3.4018E+00
   1992.92   1.8002E+04  -2.6509E+02   4.5530E+04  -1.4157E+01   4.6898E+00   2.0649E+01  -1.1585E+00   3.8377E-01  -3.3795E+00
   1993.00   1.8002E+04  -2.6229E+02   4.5532E+04  -1.4063E+01   4.6574E+00   2.0512E+01  -1.1508E+00   3.8111E-01  -3.3570E+00
   1993.08   1.8002E+04  -2.5948E+02   4.5534E+04  -1.3968E+01   4.6243E+00   2.0372E+01  -1.1430E+00   3.7841E-01  -3.3340E+00
   1993.17   1.8003E+04  -2.5664E+02   4.5536E+04  -1.3869E+01   4.5902E+00   2.0227E+01  -1.1349E+00   3.7562E-01  -3.3103E+00
   1993.25   1.8003E+04  -2.5378E+02   4.5538E+04  -1.3766E+01   4.5547E+00   2.0076E+01  -1.1265E+00   3.7272E-01  -3.2856E+00
   1993.33   1.8003E+04  -2.5090E+02   4.5539E+04  -1.3658E+01   4.5175E+00   1.9916E+01  -1.1176E+00   3.6967E-01  -3.2595E+00
   1993.42   1.8003E+04  -2.4800E+02   4.5541E+04  -1.3543E+01   4.4781E+00   1.9747E+01  -1.1082E+00   3.6644E-01  -3.2319E+00
   1993.50   1.8003E+04  -2.4508E+02   4.5543E+04  -1.3419E+01   4.4361E+00   1.9567E+01  -1.0981E+00   3.6301E-01  -3.2024E+00
   1993.58   1.8004E+04  -2.4214E+02   4.5545E+04  -1.3287E+01   4.3913E+00   1.9374E+01  -1.0873E+00   3.5934E-01  -3.1707E+00
   1993.67   1.8004E+04  -2.3918E+02   4.5547E+04  -1.3145E+01   4.3431E+00   1.9166E+01  -1.0757E+00   3.5540E-01  -3.1367E+00
   1993.75   1.8004E+04  -2.3620E+02   4.5549E+04  -1.2992E+01   4.2913E+00   1.8941E+01  -1.0631E+00   3.5116E-01  -3.0999E+00
   1993.83   1.8004E+04  -2.3321E+02   4.5551E+04  -1.2826E+01   4.2354E+00   1.8698E+01  -1.0495E+00   3.4658E-01  -3.0602E+00
   1993.92   1.8005E+04  -2.3021E+02   4.5553E+04  -1.2646E+01   4.1750E+00   1.8436E+01  -1.0348E+00   3.4164E-01  -3.0172E+00
   1994.00   1.8005E+04  -2.2718E+02   4.5554E+04  -1.2452E+01   4.1098E+00   1.8152E+01  -1.0189E+00   3.3631E-01  -2.9707E+00
   1994.08   1.8005E+04  -2.2415E+02   4.5556E+04  -1.2242E+01   4.0396E+00   1.7845E+01  -1.0018E+00   3.3056E-01  -2.9206E+00
   1994.17   1.8006E+04  -2.2110E+02   4.5558E+04  -1.2018E+01   3.9646E+00   1.7517E+01  -9.8340E-01   3.2442E-01  -2.8669E+00
   1994.25   1.8006E+04  -2.1804E+02   4.5560E+04  -1.1780E+01   3.8853E+00   1.7171E+01  -9.6397E-01   3.1793E-01  -2.8102E+00
   1994.33   1.8006E+04  -2.1496E+02   4.5562E+04  -1.1531E+01   3.8022E+00   1.6807E+01  -9.4357E-01   3.1113E-01  -2.7506E+00
   1994.42   1.8007E+04  -2.1187E+02   4.5564E+04  -1.1271E+01   3.7157E+00   1.6428E+01  -9.2233E-01   3.0406E-01  -2.6886E+00
   1994.50   1.8007E+04  -2.0876E+02   4.5566E+04  -1.1003E+01   3.6263E+00   1.6036E+01  -9.0036E-01   2.9674E-01  -2.6245E+00
   1994.58   1.8007E+04  -2.0564E+02   4.5569E+04  -1.0727E+01   3.5345E+00   1.5633E+01  -8.7777E-01   2.8923E-01  -2.5586E+00
   1994.67   1.8008E+04  -2.0250E+02   4.5571E+04  -1.0445E+01   3.4406E+00   1.5222E+01  -8.5469E-01   2.8155E-01  -2.4912E+00
   1994.75   1.8008E+04  -1.9935E+02   4.5573E+04  -1.0158E+01   3.3453E+00   1.4803E+01  -8.3122E-01   2.7375E-01  -2.4227E+00
   1994.83   1.8008E+04  -1.9618E+02   4.5575E+04  -9.8677E+00   3.2489E+00   1.4380E+01  -8.0747E-01   2.6586E-01  -2.3534E+00
   1994.92   1.8009E+04  -1.9300E+02   4.5577E+04  -9.5756E+00   3.1519E+00   1.3954E+01  -7.8358E-01   2.5792E-01  -2.2837E+00
   1995.00   1.8009E+04  -1.8980E+02   4.5579E+04  -9.2831E+00   3.0547E+00   1.3527E+01  -7.5964E-01   2.4997E-01  -2.2138E+00
   1995.08   1.8009E+04  -1.8658E+02   4.5581E+04  -8.9915E+00   2.9579E+00   1.3102E+01  -7.3578E-01   2.4204E-01  -2.1442E+00
   1995.17   1.8010E+04  -1.8335E+02   4.5583E+04  -8.7022E+00   2.8618E+00   1.2680E+01  -7.1211E-01   2.3418E-01  -2.0752E+00
   1995.25   1.8010E+04  -1.8010E+02   4.5586E+04  -8.4167E+00   2.7670E+00   1.2263E+01  -6.8874E-01   2.2642E-01  -2.0070E+00
   1995.33   1.8011E+04  -1.7684E+02   4.5588E+04  -8.1362E+00   2.6738E+00   1.1854E+01  -6.6579E-01   2.1880E-01  -1.9400E+00
   1995.42   1.8011E+04  -1.7356E+02   4.5590E+04  -7.8623E+00   2.5829E+00   1.1454E+01  -6.4337E-01   2.1136E-01  -1.8746E+00
   1995.50   1.8011E+04  -1.7026E+02   4.5592E+04  -7.5963E+00   2.4945E+00   1.1066E+01  -6.2161E-01   2.0413E-01  -1.8111E+00
   1995.58   1.8012E+04  -1.6694E+02   4.5594E+04  -7.3396E+00   2.4093E+00   1.0692E+01  -6.0060E-01   1.9715E-01  -1.7499E+00
   1995.67   1.8012E+04  -1.6361E+02   4.5597E+04  -7.0937E+00   2.3275E+00   1.0333E+01  -5.8048E-01   1.9046E-01  -1.6911E+00
   1995.75   1.8012E+04  -1.6026E+02   4.5599E+04  -6.8599E+00   2.2498E+00   9.9921E+00  -5.6135E-01   1.8410E-01  -1.6353E+00
   1995.83   1.8013E+04  -1.5689E+02   4.5601E+04  -6.6396E+00   2.1766E+00   9.6708E+00  -5.4332E-01   1.7811E-01  -1.5827E+00
   1995.92   1.8013E+04  -1.5351E+02   4.5604E+04  -6.4343E+00   2.1082E+00   9.3713E+00  -5.2652E-01   1.7252E-01  -1.5337E+00
   1996.00   1.8013E+04  -1.5010E+02   4.5606E+04  -6.2454E+00   2.0453E+00   9.0956E+00  -5.1106E-01   1.6736E-01  -1.4886E+00
   1996.08   1.8014E+04  -1.4668E+02   4.5608E+04  -6.0740E+00   1.9881E+00   8.8455E+00  -4.9704E-01   1.6269E-01  -1.4477E+00
   1996.17   1.8014E+04  -1.4324E+02   4.5610E+04  -5.9204E+00   1.9368E+00   8.6213E+00  -4.8447E-01   1.5849E-01  -1.4110E+00
   1996.25   1.8014E+04  -1.3979E+02   4.5613E+04  -5.7848E+00   1.8914E+00   8.4234E+00  -4.7337E-01   1.5477E-01  -1.3786E+00
   1996.33   1.8015E+04  -1.3632E+02   4.5615E+04  -5.6673E+00   1.8519E+00   8.2517E+00  -4.6376E-01   1.5154E-01  -1.3505E+00
   1996.42   1.8015E+04  -1.3284E+02   4.5618E+04  -5.5679E+00   1.8183E+00   8.1065E+00  -4.5563E-01   1.4879E-01  -1.3267E+00
   1996.50   1.8015E+04  -1.2935E+02   4.5620E+04  -5.4868E+00   1.7908E+00   7.9879E+00  -4.4899E-01   1.4654E-01  -1.3073E+00
   1996.58   1.8016E+04  -1.2585E+02   4.5622E+04  -5.4241E+00   1.7692E+00   7.8960E+00  -4.4385E-01   1.4477E-01  -1.2923E+00
   1996.67   1.8016E+04  -1.2235E+02   4.5625E+04  -5.3798E+00   1.7537E+00   7.8310E+00  -4.4023E-01   1.4350E-01  -1.2816E+00
   1996.75   1.8016E+04  -1.1884E+02   4.5627E+04  -5.3541E+00   1.7442E+00   7.7931E+00  -4.3812E-01   1.4273E-01  -1.2754E+00
   1996.83   1.8017E+04  -1.1532E+02   4.5629E+04  -5.3470E+00   1.7408E+00   7.7823E+00  -4.3755E-01   1.4245E-01  -1.2737E+00
   1996.92   1.8017E+04  -1.1180E+02   4.5632E+04  -5.3587E+00   1.7435E+00   7.7988E+00  -4.3851E-01   1.4267E-01  -1.2764E+00
   1997.00   1.8017E+04  -1.0828E+02   4.5634E+04  -5.3893E+00   1.7523E+00   7.8427E+00  -4.4101E-01   1.4339E-01  -1.2835E+00
   1997.08   1.8018E+04  -1.0476E+02   4.5637E+04  -5.4388E+00   1.7673E+00   7.9143E+00  -4.4506E-01   1.4462E-01  -1.2953E+00
   1997.17   1.8018E+04  -1.0124E+02   4.5639E+04  -5.5075E+00   1.7885E+00   8.0136E+00  -4.5068E-01   1.4635E-01  -1.3115E+00
   1997.25   1.8018E+04  -9.7724E+01   4.5642E+04  -5.5952E+00   1.8159E+00   8.1408E+00  -4.5786E-01   1.4859E-01  -1.3323E+00
   1997.33   1.8019E+04  -9.4214E+01   4.5644E+04  -5.7023E+00   1.8495E+00   8.2960E+00  -4.6662E-01   1.5135E-01  -1.3577E+00
   1997.42   1.8019E+04  -9.0710E+01   4.5647E+04  -5.8288E+00   1.8894E+00   8.4793E+00  -4.7697E-01   1.5461E-01  -1.3877E+00
   1997.50   1.8019E+04  -8.7214E+01   4.5649E+04  -5.9747E+00   1.9356E+00   8.6910E+00  -4.8891E-01   1.5839E-01  -1.4224E+00
   1997.58   1.8019E+04  -8.3727E+01   4.5652E+04  -6.1402E+00   1.9881E+00   8.9312E+00  -5.0245E-01   1.6269E-01  -1.4617E+00
   1997.67   1.8020E+04  -8.0251E+01   4.5654E+04  -6.3253E+00   2.0470E+00   9.1999E+00  -5.1760E-01   1.6750E-01  -1.5057E+00
   1997.75   1.8020E+04  -7.6788E+01   4.5657E+04  -6.5303E+00   2.1122E+00   9.4974E+00  -5.3437E-01   1.7284E-01  -1.5544E+00
   1997.83   1.8020E+04  -7.3339E+01   4.5659E+04  -6.7551E+00   2.1838E+00   9.8238E+00  -5.5277E-01   1.7870E-01  -1.6078E+00
   1997.92   1.8020E+04  -6.9906E+01   4.5662E+04  -6.9999E+00   2.2618E+00   1.0179E+01  -5.7280E-01   1.8509E-01  -1.6659E+00
   1998.00   1.8021E+04  -6.6490E+01   4.5665E+04  -7.2648E+00   2.3463E+00   1.0564E+01  -5.9448E-01   1.9200E-01  -1.7289E+00
   1998.08   1.8021E+04  -6.3092E+01   4.5667E+04  -7.5494E+00   2.4372E+00   1.0977E+01  -6.1777E-01   1.9943E-01  -1.7965E+00
   1998.17   1.8021E+04  -5.9712E+01   4.5670E+04  -7.8519E+00   2.5337E+00   1.1416E+01  -6.4252E-01   2.0733E-01  -1.8684E+00
   1998.25   1.8022E+04  -5.6349E+01   4.5672E+04  -8.1698E+00   2.6352E+00   1.1878E+01  -6.6853E-01   2.1564E-01  -1.9439E+00
   1998.33   1.8022E+04  -5.3003E+01   4.5675E+04  -8.5007E+00   2.7408E+00   1.2358E+01  -6.9561E-01   2.2428E-01  -2.0226E+00
   1998.42   1.8022E+04  -4.9673E+01   4.5678E+04  -8.8422E+00   2.8499E+00   1.2854E+01  -7.2356E-01   2.3321E-01  -2.1037E+00
   1998.50   1.8022E+04  -4.6358E+01   4.5680E+04  -9.1920E+00   2.9616E+00   1.3362E+01  -7.5218E-01   2.4235E-01  -2.1869E+00
   1998.58   1.8023E+04  -4.3057E+01   4.5683E+04  -9.5477E+00   3.0752E+00   1.3879E+01  -7.8129E-01   2.5165E-01  -2.2714E+00
   1998.67   1.8023E+04  -3.9770E+01   4.5686E+04  -9.9068E+00   3.1899E+00   1.4400E+01  -8.1068E-01   2.6103E-01  -2.3567E+00
   1998.75   1.8023E+04  -3.6496E+01   4.5689E+04  -1.0267E+01   3.3050E+00   1.4923E+01  -8.4016E-01   2.7045E-01  -2.4423E+00
   1998.83   1.8023E+04  -3.3235E+01   4.5691E+04  -1.0626E+01   3.4196E+00   1.5444E+01  -8.6954E-01   2.7983E-01  -2.5277E+00
   1998.92   1.8024E+04  -2.9985E+01   4.5694E+04  -1.0981E+01   3.5331E+00   1.5960E+01  -8.9862E-01   2.8911E-01  -2.6121E+00
   1999.00   1.8024E+04  -2.6746E+01   4.5697E+04  -1.1331E+01   3.6446E+00   1.6468E+01  -9.2720E-01   2.9824E-01  -2.6951E+00
   1999.08   1.8024E+04  -2.3517E+01   4.5699E+04  -1.1672E+01   3.7533E+00   1.6962E+01  -9.5509E-01   3.0714E-01  -2.7761E+00
   1999.17   1.8024E+04  -2.0297E+01   4.5702E+04  -1.2002E+01   3.8586E+00   1.7441E+01  -9.8210E-01   3.1575E-01  -2.8545E+00
   1999.25   1.8025E+04  -1.7087E+01   4.5705E+04  -1.2318E+01   3.9597E+00   1.7901E+01  -1.0080E+00   3.2402E-01  -2.9298E+00
   1999.33   1.8025E+04  -1.3884E+01   4.5708E+04  -1.2620E+01   4.0557E+00   1.8339E+01  -1.0327E+00   3.3188E-01  -3.0013E+00
   1999.42   1.8025E+04  -1.0689E+01   4.5711E+04  -1.2903E+01   4.1460E+00   1.8750E+01  -1.0559E+00   3.3927E-01  -3.0686E+00
   1999.50   1.8026E+04  -7.5006E+00   4.5713E+04  -1.3166E+01   4.2297E+00   1.9131E+01  -1.0774E+00   3.4612E-01  -3.1311E+00
   1999.58   1.8026E+04  -4.3180E+00   4.5716E+04  -1.3406E+01   4.3061E+00   1.9480E+01  -1.0970E+00   3.5237E-01  -3.1881E+00
   1999.67   1.8026E+04  -1.1407E+00   4.5719E+04  -1.3621E+01   4.3744E+00   1.9792E+01  -1.1146E+00   3.5796E-01  -3.2392E+00
   1999.75   1.8027E+04   2.0321E+00   4.5722E+04  -1.3809E+01   4.4339E+00   2.0064E+01  -1.1300E+00   3.6283E-01  -3.2837E+00
   1999.83   1.8027E+04   5.2011E+00   4.5725E+04  -1.3966E+01   4.4837E+00   2.0293E+01  -1.1429E+00   3.6691E-01  -3.3211E+00
   1999.92   1.8028E+04   8.3670E+00   4.5727E+04  -1.4092E+01   4.5232E+00   2.0474E+01  -1.1531E+00   3.7014E-01  -3.3508E+00
   2000.00   1.8028E+04   1.1530E+01   4.5730E+04  -1.4182E+01   4.5516E+00   2.0606E+01  -1.1605E+00   3.7246E-01  -3.3723E+00
   2000.08   1.8028E+04   1.4692E+01   4.5733E+04  -1.4237E+01   4.5683E+00   2.0684E+01  -1.1650E+00   3.7383E-01  -3.3852E+00
   2000.17   1.8029E+04   1.7853E+01   4.5736E+04  -1.4257E+01   4.5741E+00   2.0714E+01  -1.1667E+00   3.7430E-01  -3.3900E+00
   2000.25   1.8029E+04   2.1013E+01   4.5739E+04  -1.4247E+01   4.5699E+00   2.0698E+01  -1.1658E+00   3.7395E-01  -3.3874E+00
   2000.33   1.8030E+04   2.4173E+01   4.5742E+04  -1.4208E+01   4.5566E+00   2.0641E+01  -1.1627E+00   3.7287E-01  -3.3782E+00
   2000.42   1.8030E+04   2.7334E+01   4.5745E+04  -1.4145E+01   4.5353E+00   2.0548E+01  -1.1575E+00   3.7113E-01  -3.3630E+00
   2000.50   1.8031E+04   3.0496E+01   4.5748E+04  -1.4059E+01   4.5070E+00   2.0423E+01  -1.1505E+00   3.6881E-01  -3.3425E+00
   2000.58   1.8031E+04   3.3660E+01   4.5751E+04  -1.3955E+01   4.4724E+00   2.0271E+01  -1.1419E+00   3.6598E-01  -3.3176E+00
   2000.67   1.8032E+04   3.6826E+01   4.5753E+04  -1.3834E+01   4.4327E+00   2.0095E+01  -1.1321E+00   3.6273E-01  -3.2888E+00
   2000.75   1.8032E+04   3.9995E+01   4.5756E+04  -1.3701E+01   4.3888E+00   1.9901E+01  -1.1211E+00   3.5914E-01  -3.2569E+00
   2000.83   1.8033E+04   4.3168E+01   4.5759E+04  -1.3557E+01   4.3417E+00   1.9691E+01  -1.1094E+00   3.5528E-01  -3.2227E+00
   2000.92   1.8033E+04   4.6345E+01   4.5762E+04  -1.3407E+01   4.2922E+00   1.9472E+01  -1.0971E+00   3.5123E-01  -3.1868E+00
   2001.00   1.8034E+04   4.9526E+01   4.5765E+04  -1.3252E+01   4.2414E+00   1.9247E+01  -1.0844E+00   3.4708E-01  -3.1500E+00
   2001.08   1.8034E+04   5.2713E+01   4.5768E+04  -1.3097E+01   4.1903E+00   1.9020E+01  -1.0717E+00   3.4289E-01  -3.1129E+00
   2001.17   1.8035E+04   5.5906E+01   4.5771E+04  -1.2944E+01   4.1397E+00   1.8797E+01  -1.0592E+00   3.3876E-01  -3.0763E+00
   2001.25   1.8035E+04   5.9105E+01   4.5774E+04  -1.2795E+01   4.0908E+00   1.8581E+01  -1.0470E+00   3.3475E-01  -3.0409E+00
   2001.33   1.8036E+04   6.2311E+01   4.5777E+04  -1.2655E+01   4.0443E+00   1.8376E+01  -1.0356E+00   3.3095E-01  -3.0074E+00
   2001.42   1.8036E+04   6.5525E+01   4.5780E+04  -1.2526E+01   4.0013E+00   1.8187E+01  -1.0250E+00   3.2743E-01  -2.9766E+00
   2001.50   1.8037E+04   6.8747E+01   4.5784E+04  -1.2411E+01   3.9628E+00   1.8019E+01  -1.0156E+00   3.2428E-01  -2.9491E+00
   2001.58   1.8037E+04   7.1978E+01   4.5787E+04  -1.2313E+01   3.9297E+00   1.7876E+01  -1.0076E+00   3.2157E-01  -2.9256E+00
   2001.67   1.8038E+04   7.5218E+01   4.5790E+04  -1.2235E+01   3.9029E+00   1.7762E+01  -1.0012E+00   3.1938E-01  -2.9070E+00
   2001.75   1.8038E+04   7.8468E+01   4.5793E+04  -1.2181E+01   3.8835E+00   1.7682E+01  -9.9675E-01   3.1779E-01  -2.8938E+00
   2001.83   1.8039E+04   8.1729E+01   4.5796E+04  -1.2152E+01   3.8723E+00   1.7639E+01  -9.9441E-01   3.1688E-01  -2.8868E+00
   2001.92   1.8040E+04   8.5001E+01   4.5799E+04  -1.2153E+01   3.8705E+00   1.7639E+01  -9.9446E-01   3.1672E-01  -2.8867E+00
   2002.00   1.8040E+04   8.8284E+01   4.5802E+04  -1.2185E+01   3.8788E+00   1.7685E+01  -9.9714E-01   3.1741E-01  -2.8943E+00
   2002.08   1.8041E+04   9.1579E+01   4.5805E+04  -1.2252E+01   3.8980E+00   1.7781E+01  -1.0026E+00   3.1898E-01  -2.9100E+00
   2002.17   1.8041E+04   9.4886E+01   4.5809E+04  -1.2351E+01   3.9274E+00   1.7923E+01  -1.0107E+00   3.2138E-01  -2.9333E+00
   2002.25   1.8042E+04   9.8202E+01   4.5812E+04  -1.2479E+01   3.9660E+00   1.8107E+01  -1.0212E+00   3.2454E-01  -2.9635E+00
   2002.33   1.8042E+04   1.0153E+02   4.5815E+04  -1.2633E+01   4.0128E+00   1.8329E+01  -1.0337E+00   3.2837E-01  -2.9998E+00
   2002.42   1.8043E+04   1.0486E+02   4.5818E+04  -1.2809E+01   4.0669E+00   1.8584E+01  -1.0482E+00   3.3280E-01  -3.0415E+00
   2002.50   1.8043E+04   1.0819E+02   4.5821E+04  -1.3005E+01   4.1272E+00   1.8867E+01  -1.0642E+00   3.3773E-01  -3.0878E+00
   2002.58   1.8044E+04   1.1153E+02   4.5825E+04  -1.3218E+01   4.1928E+00   1.9174E+01  -1.0816E+00   3.4310E-01  -3.1381E+00
   2002.67   1.8044E+04   1.1488E+02   4.5828E+04  -1.3443E+01   4.2626E+00   1.9501E+01  -1.1001E+00   3.4881E-01  -3.1915E+00
   2002.75   1.8045E+04   1.1822E+02   4.5831E+04  -1.3680E+01   4.3358E+00   1.9842E+01  -1.1194E+00   3.5480E-01  -3.2474E+00
   2002.83   1.8046E+04   1.2157E+02   4.5834E+04  -1.3923E+01   4.4112E+00   2.0194E+01  -1.1393E+00   3.6097E-01  -3.3050E+00
   2002.92   1.8046E+04   1.2491E+02   4.5838E+04  -1.4170E+01   4.4880E+00   2.0552E+01  -1.1595E+00   3.6726E-01  -3.3636E+00
   2003.00   1.8047E+04   1.2825E+02   4.5841E+04  -1.4418E+01   4.5651E+00   2.0911E+01  -1.1799E+00   3.7357E-01  -3.4224E+00
   2003.08   1.8047E+04   1.3159E+02   4.5844E+04  -1.4664E+01   4.6416E+00   2.1267E+01  -1.2000E+00   3.7982E-01  -3.4806E+00
   2003.17   1.8048E+04   1.3492E+02   4.5847E+04  -1.4905E+01   4.7164E+00   2.1616E+01  -1.2197E+00   3.8595E-01  -3.5377E+00
   2003.25   1.8048E+04   1.3825E+02   4.5851E+04  -1.5137E+01   4.7887E+00   2.1952E+01  -1.2387E+00   3.9186E-01  -3.5927E+00
   2003.33   1.8049E+04   1.4157E+02   4.5854E+04  -1.5358E+01   4.8573E+00   2.2272E+01  -1.2568E+00   3.9747E-01  -3.6450E+00
   2003.42   1.8049E+04   1.4488E+02   4.5857E+04  -1.5565E+01   4.9213E+00   2.2570E+01  -1.2737E+00   4.0271E-01  -3.6938E+00
   2003.50   1.8050E+04   1.4817E+02   4.5860E+04  -1.5753E+01   4.9797E+00   2.2843E+01  -1.2891E+00   4.0749E-01  -3.7384E+00
   2003.58   1.8050E+04   1.5146E+02   4.5863E+04  -1.5921E+01   5.0316E+00   2.3085E+01  -1.3028E+00   4.1174E-01  -3.7781E+00
   2003.67   1.8051E+04   1.5473E+02   4.5866E+04  -1.6064E+01   5.0759E+00   2.3293E+01  -1.3146E+00   4.1536E-01  -3.8121E+00
   2003.75   1.8051E+04   1.5799E+02   4.5869E+04  -1.6181E+01   5.1117E+00   2.3461E+01  -1.3241E+00   4.1829E-01  -3.8397E+00
   2003.83   1.8051E+04   1.6123E+02   4.5872E+04  -1.6267E+01   5.1380E+00   2.3586E+01  -1.3312E+00   4.2044E-01  -3.8601E+00
   2003.92   1.8052E+04   1.6446E+02   4.5876E+04  -1.6321E+01   5.1537E+00   2.3662E+01  -1.3355E+00   4.2173E-01  -3.8726E+00
   2004.00   1.8052E+04   1.6766E+02   4.5879E+04  -1.6337E+01   5.1580E+00   2.3686E+01  -1.3369E+00   4.2208E-01  -3.8765E+00
   2004.08   1.8053E+04   1.7085E+02   4.5882E+04  -1.6316E+01   5.1501E+00   2.3654E+01  -1.3351E+00   4.2143E-01  -3.8712E+00
   2004.17   1.8053E+04   1.7402E+02   4.5884E+04  -1.6257E+01   5.1305E+00   2.3568E+01  -1.3303E+00   4.1983E-01  -3.8572E+00
   2004.25   1.8053E+04   1.7717E+02   4.5887E+04  -1.6164E+01   5.1000E+00   2.3432E+01  -1.3227E+00   4.1734E-01  -3.8349E+00
   2004.33   1.8054E+04   1.8030E+02   4.5890E+04  -1.6039E+01   5.0595E+00   2.3250E+01  -1.3124E+00   4.1402E-01  -3.8051E+00
   2004.42   1.8054E+04   1.8342E+02   4.5893E+04  -1.5884E+01   5.0096E+00   2.3026E+01  -1.2998E+00   4.0994E-01  -3.7684E+00
   2004.50   1.8055E+04   1.8653E+02   4.5896E+04  -1.5703E+01   4.9514E+00   2.2762E+01  -1.2850E+00   4.0517E-01  -3.7253E+00
   2004.58   1.8055E+04   1.8962E+02   4.5899E+04  -1.5497E+01   4.8854E+00   2.2463E+01  -1.2681E+00   3.9977E-01  -3.6764E+00
   2004.67   1.8055E+04   1.9270E+02   4.5902E+04  -1.5270E+01   4.8126E+00   2.2133E+01  -1.2495E+00   3.9381E-01  -3.6223E+00
   2004.75   1.8056E+04   1.9577E+02   4.5904E+04  -1.5024E+01   4.7337E+00   2.1775E+01  -1.2294E+00   3.8736E-01  -3.5637E+00
   2004.83   1.8056E+04   1.9884E+02   4.5907E+04  -1.4760E+01   4.6495E+00   2.1393E+01  -1.2078E+00   3.8047E-01  -3.5012E+00
   2004.92   1.8057E+04   2.0190E+02   4.5910E+04  -1.4483E+01   4.5609E+00   2.0990E+01  -1.1852E+00   3.7322E-01  -3.4352E+00
   2005.00   1.8057E+04   2.0495E+02   4.5912E+04  -1.4194E+01   4.4686E+00   2.0570E+01  -1.1615E+00   3.6566E-01  -3.3666E+00
   2005.08   1.8057E+04   2.0800E+02   4.5915E+04  -1.3896E+01   4.3734E+00   2.0138E+01  -1.1372E+00   3.5788E-01  -3.2958E+00
   2005.17   1.8058E+04   2.1104E+02   4.5918E+04  -1.3592E+01   4.2762E+00   1.9696E+01  -1.1122E+00   3.4992E-01  -3.2234E+00
   2005.25   1.8058E+04   2.1409E+02   4.5920E+04  -1.3284E+01   4.1777E+00   1.9248E+01  -1.0870E+00   3.4186E-01  -3.1501E+00
   2005.33   1.8059E+04   2.1713E+02   4.5923E+04  -1.2974E+01   4.0787E+00   1.8798E+01  -1.0617E+00   3.3376E-01  -3.0765E+00
   2005.42   1.8059E+04   2.2018E+02   4.5926E+04  -1.2665E+01   3.9801E+00   1.8350E+01  -1.0364E+00   3.2569E-01  -3.0031E+00
   2005.50   1.8060E+04   2.2322E+02   4.5928E+04  -1.2360E+01   3.8826E+00   1.7907E+01  -1.0115E+00   3.1772E-01  -2.9306E+00
   2005.58   1.8060E+04   2.2627E+02   4.5931E+04  -1.2062E+01   3.7871E+00   1.7472E+01  -9.8701E-01   3.0990E-01  -2.8596E+00
   2005.67   1.8061E+04   2.2933E+02   4.5933E+04  -1.1772E+01   3.6943E+00   1.7051E+01  -9.6327E-01   3.0231E-01  -2.7906E+00
   2005.75   1.8061E+04   2.3239E+02   4.5936E+04  -1.1493E+01   3.6051E+00   1.6646E+01  -9.4046E-01   2.9501E-01  -2.7243E+00
   2005.83   1.8062E+04   2.3546E+02   4.5938E+04  -1.1228E+01   3.5202E+00   1.6261E+01  -9.1877E-01   2.8806E-01  -2.6612E+00
   2005.92   1.8062E+04   2.3854E+02   4.5941E+04  -1.0979E+01   3.4405E+00   1.5899E+01  -8.9843E-01   2.8153E-01  -2.6021E+00
   2006.00   1.8063E+04   2.4163E+02   4.5943E+04  -1.0749E+01   3.3667E+00   1.5565E+01  -8.7963E-01   2.7550E-01  -2.5474E+00
   2006.08   1.8064E+04   2.4473E+02   4.5946E+04  -1.0540E+01   3.2994E+00   1.5261E+01  -8.6253E-01   2.6999E-01  -2.4977E+00
   2006.17   1.8064E+04   2.4784E+02   4.5948E+04  -1.0351E+01   3.2384E+00   1.4986E+01  -8.4706E-01   2.6500E-01  -2.4526E+00
   2006.25   1.8065E+04   2.5097E+02   4.5951E+04  -1.0181E+01   3.1833E+00   1.4738E+01  -8.3309E-01   2.6049E-01  -2.4120E+00
   2006.33   1.8066E+04   2.5411E+02   4.5953E+04  -1.0027E+01   3.1334E+00   1.4514E+01  -8.2051E-01   2.5641E-01  -2.3753E+00
   2006.42   1.8067E+04   2.5726E+02   4.5956E+04  -9.8886E+00   3.0885E+00   1.4312E+01  -8.0919E-01   2.5273E-01  -2.3423E+00
   2006.50   1.8067E+04   2.6043E+02   4.5958E+04  -9.7642E+00   3.0479E+00   1.4131E+01  -7.9901E-01   2.4941E-01  -2.3126E+00
   2006.58   1.8068E+04   2.6362E+02   4.5960E+04  -9.6521E+00   3.0113E+00   1.3967E+01  -7.8984E-01   2.4641E-01  -2.2859E+00
   2006.67   1.8069E+04   2.6682E+02   4.5963E+04  -9.5509E+00   2.9781E+00   1.3819E+01  -7.8155E-01   2.4370E-01  -2.2617E+00
   2006.75   1.8070E+04   2.7004E+02   4.5965E+04  -9.4591E+00   2.9479E+00   1.3685E+01  -7.7404E-01   2.4123E-01  -2.2397E+00
   2006.83   1.8071E+04   2.7328E+02   4.5968E+04  -9.3751E+00   2.9203E+00   1.3563E+01  -7.6717E-01   2.3897E-01  -2.2197E+00
   2006.92   1.8072E+04   2.7654E+02   4.5970E+04  -9.2975E+00   2.8947E+00   1.3449E+01  -7.6082E-01   2.3687E-01  -2.2011E+00
   2007.00   1.8073E+04   2.7982E+02   4.5972E+04  -9.2247E+00   2.8706E+00   1.3343E+01  -7.5486E-01   2.3491E-01  -2.1837E+00
   2007.08   1.8073E+04   2.8311E+02   4.5975E+04  -9.1553E+00   2.8477E+00   1.3241E+01  -7.4918E-01   2.3303E-01  -2.1671E+00
   2007.17   1.8074E+04   2.8643E+02   4.5977E+04  -9.0876E+00   2.8255E+00   1.3142E+01  -7.4365E-01   2.3121E-01  -2.1509E+00
   2007.25   1.8075E+04   2.8978E+02   4.5979E+04  -9.0204E+00   2.8033E+00   1.3044E+01  -7.3814E-01   2.2940E-01  -2.1348E+00
   2007.33   1.8076E+04   2.9314E+02   4.5982E+04  -8.9519E+00   2.7809E+00   1.2944E+01  -7.3254E-01   2.2757E-01  -2.1184E+00
   2007.42   1.8077E+04   2.9653E+02   4.5984E+04  -8.8807E+00   2.7578E+00   1.2840E+01  -7.2671E-01   2.2567E-01  -2.1015E+00
   2007.50   1.8078E+04   2.9994E+02   4.5986E+04  -8.8053E+00   2.7334E+00   1.2730E+01  -7.2054E-01   2.2367E-01  -2.0835E+00
   2007.58   1.8079E+04   3.0338E+02   4.5989E+04  -8.7242E+00   2.7072E+00   1.2612E+01  -7.1391E-01   2.2153E-01  -2.0642E+00
   2007.67   1.8079E+04   3.0685E+02   4.5991E+04  -8.6359E+00   2.6789E+00   1.2484E+01  -7.0668E-01   2.1922E-01  -2.0432E+00
   2007.75   1.8080E+04   3.1034E+02   4.5993E+04  -8.5389E+00   2.6480E+00   1.2343E+01  -6.9874E-01   2.1669E-01  -2.0201E+00
   2007.83   1.8081E+04   3.1386E+02   4.5995E+04  -8.4317E+00   2.6139E+00   1.2187E+01  -6.8997E-01   2.1390E-01  -1.9946E+00
   2007.92   1.8082E+04   3.1740E+02   4.5998E+04  -8.3127E+00   2.5763E+00   1.2015E+01  -6.8023E-01   2.1082E-01  -1.9664E+00
   2008.00   1.8083E+04   3.2098E+02   4.6000E+04  -8.1804E+00   2.5345E+00   1.1823E+01  -6.6941E-01   2.0740E-01  -1.9350E+00
   2008.08   1.8084E+04   3.2459E+02   4.6002E+04  -8.0340E+00   2.4885E+00   1.1611E+01  -6.5743E-01   2.0363E-01  -1.9003E+00
   2008.17   1.8084E+04   3.2822E+02   4.6005E+04  -7.8749E+00   2.4385E+00   1.1381E+01  -6.4441E-01   1.9955E-01  -1.8625E+00
   2008.25   1.8085E+04   3.3188E+02   4.6007E+04  -7.7052E+00   2.3853E+00   1.1135E+01  -6.3052E-01   1.9519E-01  -1.8223E+00
   2008.33   1.8086E+04   3.3557E+02   4.6009E+04  -7.5268E+00   2.3294E+00   1.0876E+01  -6.1592E-01   1.9062E-01  -1.7800E+00
   2008.42   1.8086E+04   3.3929E+02   4.6011E+04  -7.3419E+00   2.2715E+00   1.0609E+01  -6.0079E-01   1.8588E-01  -1.7362E+00
   2008.50   1.8087E+04   3.4304E+02   4.6014E+04  -7.1525E+00   2.2122E+00   1.0335E+01  -5.8529E-01   1.8102E-01  -1.6914E+00
   2008.58   1.8088E+04   3.4681E+02   4.6016E+04  -6.9607E+00   2.1521E+00   1.0057E+01  -5.6959E-01   1.7611E-01  -1.6459E+00
   2008.67   1.8088E+04   3.5060E+02   4.6018E+04  -6.7684E+00   2.0919E+00   9.7787E+00  -5.5386E-01   1.7118E-01  -1.6004E+00
   2008.75   1.8089E+04   3.5442E+02   4.6020E+04  -6.5778E+00   2.0321E+00   9.5028E+00  -5.3827E-01   1.6629E-01  -1.5552E+00
   2008.83   1.8090E+04   3.5826E+02   4.6023E+04  -6.3910E+00   1.9735E+00   9.2323E+00  -5.2298E-01   1.6149E-01  -1.5110E+00
   2008.92   1.8090E+04   3.6213E+02   4.6025E+04  -6.2099E+00   1.9166E+00   8.9701E+00  -5.0816E-01   1.5683E-01  -1.4681E+00
   2009.00   1.8091E+04   3.6602E+02   4.6027E+04  -6.0366E+00   1.8620E+00   8.7192E+00  -4.9398E-01   1.5237E-01  -1.4270E+00
   2009.08   1.8091E+04   3.6993E+02   4.6030E+04  -5.8732E+00   1.8104E+00   8.4825E+00  -4.8060E-01   1.4815E-01  -1.3883E+00
   2009.17   1.8092E+04   3.7386E+02   4.6032E+04  -5.7217E+00   1.7625E+00   8.2630E+00  -4.6821E-01   1.4422E-01  -1.3523E+00
   2009.25   1.8092E+04   3.7781E+02   4.6034E+04  -5.5842E+00   1.7188E+00   8.0637E+00  -4.5695E-01   1.4065E-01  -1.3197E+00
   2009.33   1.8093E+04   3.8178E+02   4.6036E+04  -5.4627E+00   1.6799E+00   7.8874E+00  -4.4701E-01   1.3747E-01  -1.2909E+00
   2009.42   1.8093E+04   3.8577E+02   4.6039E+04  -5.3592E+00   1.6465E+00   7.7373E+00  -4.3855E-01   1.3474E-01  -1.2663E+00
   2009.50   1.8094E+04   3.8978E+02   4.6041E+04  -5.2759E+00   1.6193E+00   7.6162E+00  -4.3173E-01   1.3251E-01  -1.2465E+00
   2009.58   1.8094E+04   3.9381E+02   4.6043E+04  -5.2148E+00   1.5988E+00   7.5270E+00  -4.2673E-01   1.3083E-01  -1.2319E+00
   2009.67   1.8095E+04   3.9785E+02   4.6046E+04  -5.1779E+00   1.5856E+00   7.4728E+00  -4.2371E-01   1.2975E-01  -1.2230E+00
   2009.75   1.8095E+04   4.0191E+02   4.6048E+04  -5.1673E+00   1.5805E+00   7.4566E+00  -4.2284E-01   1.2933E-01  -1.2203E+00
   2009.83   1.8095E+04   4.0599E+02   4.6050E+04  -5.1851E+00   1.5839E+00   7.4812E+00  -4.2430E-01   1.2961E-01  -1.2244E+00
   2009.92   1.8096E+04   4.1008E+02   4.6053E+04  -5.2332E+00   1.5966E+00   7.5496E+00  -4.2823E-01   1.3065E-01  -1.2356E+00
   2010.00   1.8096E+04   4.1418E+02   4.6055E+04  -5.3137E+00   1.6192E+00   7.6648E+00  -4.3483E-01   1.3250E-01  -1.2544E+00
   2010.08   1.8096E+04   4.1830E+02   4.6057E+04  -5.4280E+00   1.6520E+00   7.8286E+00  -4.4417E-01   1.3519E-01  -1.2812E+00
   2010.17   1.8097E+04   4.2243E+02   4.6060E+04  -5.5738E+00   1.6945E+00   8.0380E+00  -4.5611E-01   1.3866E-01  -1.3155E+00
   2010.25   1.8097E+04   4.2657E+02   4.6062E+04  -5.7485E+00   1.7457E+00   8.2889E+00  -4.7040E-01   1.4285E-01  -1.3566E+00
   2010.33   1.8097E+04   4.3073E+02   4.6064E+04  -5.9490E+00   1.8048E+00   8.5772E+00  -4.8681E-01   1.4769E-01  -1.4038E+00
   2010.42   1.8098E+04   4.3490E+02   4.6067E+04  -6.1727E+00   1.8710E+00   8.8988E+00  -5.0511E-01   1.5310E-01  -1.4564E+00
   2010.50   1.8098E+04   4.3908E+02   4.6069E+04  -6.4165E+00   1.9433E+00   9.2496E+00  -5.2507E-01   1.5902E-01  -1.5138E+00
   2010.58   1.8098E+04   4.4328E+02   4.6072E+04  -6.6777E+00   2.0210E+00   9.6254E+00  -5.4644E-01   1.6538E-01  -1.5753E+00
   2010.67   1.8098E+04   4.4748E+02   4.6074E+04  -6.9535E+00   2.1030E+00   1.0022E+01  -5.6900E-01   1.7209E-01  -1.6402E+00
   2010.75   1.8099E+04   4.5170E+02   4.6076E+04  -7.2408E+00   2.1886E+00   1.0436E+01  -5.9252E-01   1.7910E-01  -1.7079E+00
   2010.83   1.8099E+04   4.5593E+02   4.6079E+04  -7.5370E+00   2.2770E+00   1.0862E+01  -6.1675E-01   1.8633E-01  -1.7777E+00
   2010.92   1.8099E+04   4.6017E+02   4.6081E+04  -7.8391E+00   2.3671E+00   1.1297E+01  -6.4147E-01   1.9370E-01  -1.8488E+00
   2011.00   1.8099E+04   4.6442E+02   4.6083E+04  -8.1442E+00   2.4583E+00   1.1736E+01  -6.6645E-01   2.0116E-01  -1.9207E+00
   2011.08   1.8099E+04   4.6868E+02   4.6086E+04  -8.4497E+00   2.5495E+00   1.2176E+01  -6.9144E-01   2.0863E-01  -1.9927E+00
   2011.17   1.8100E+04   4.7295E+02   4.6088E+04  -8.7524E+00   2.6400E+00   1.2611E+01  -7.1621E-01   2.1603E-01  -2.0640E+00
   2011.25   1.8100E+04   4.7723E+02   4.6091E+04  -9.0497E+00   2.7289E+00   1.3039E+01  -7.4054E-01   2.2330E-01  -2.1340E+00
   2011.33   1.8100E+04   4.8152E+02   4.6093E+04  -9.3387E+00   2.8152E+00   1.3455E+01  -7.6419E-01   2.3037E-01  -2.2021E+00
   2011.42   1.8100E+04   4.8581E+02   4.6095E+04  -9.6164E+00   2.8982E+00   1.3855E+01  -7.8692E-01   2.3716E-01  -2.2675E+00
   2011.50   1.8101E+04   4.9012E+02   4.6098E+04  -9.8802E+00   2.9770E+00   1.4235E+01  -8.0850E-01   2.4361E-01  -2.3297E+00
   2011.58   1.8101E+04   4.9444E+02   4.6100E+04  -1.0127E+01   3.0507E+00   1.4590E+01  -8.2869E-01   2.4964E-01  -2.3878E+00
   2011.67   1.8101E+04   4.9876E+02   4.6103E+04  -1.0354E+01   3.1184E+00   1.4917E+01  -8.4727E-01   2.5518E-01  -2.4413E+00
   2011.75   1.8101E+04   5.0309E+02   4.6105E+04  -1.0558E+01   3.1793E+00   1.5211E+01  -8.6400E-01   2.6017E-01  -2.4894E+00
   2011.83   1.8102E+04   5.0743E+02   4.6107E+04  -1.0737E+01   3.2326E+00   1.5468E+01  -8.7865E-01   2.6452E-01  -2.5315E+00
   2011.92   1.8102E+04   5.1177E+02   4.6110E+04  -1.0888E+01   3.2772E+00   1.5685E+01  -8.9098E-01   2.6818E-01  -2.5670E+00
   2012.00   1.8102E+04   5.1613E+02   4.6112E+04  -1.1008E+01   3.3125E+00   1.5856E+01  -9.0075E-01   2.7106E-01  -2.5951E+00
