   1960.00   6.6829E+03   4.3682E+03   5.9956E+04  -9.9306E+00  -4.2565E+00   2.8296E+01  -8.1263E-01  -3.4831E-01  -4.6310E+00
   1960.08   6.6854E+03   4.3686E+03   5.9957E+04  -9.8688E+00  -4.2299E+00   2.8121E+01  -8.0757E-01  -3.4614E-01  -4.6022E+00
   1960.17   6.6879E+03   4.3691E+03   5.9957E+04  -9.7828E+00  -4.1931E+00   2.7876E+01  -8.0053E-01  -3.4312E-01  -4.5622E+00
   1960.25   6.6905E+03   4.3696E+03   5.9957E+04  -9.6745E+00  -4.1466E+00   2.7568E+01  -7.9167E-01  -3.3932E-01  -4.5118E+00
   1960.33   6.6931E+03   4.3700E+03   5.9958E+04  -9.5457E+00  -4.0914E+00   2.7201E+01  -7.8113E-01  -3.3480E-01  -4.4518E+00
   1960.42   6.6957E+03   4.3704E+03   5.9958E+04  -9.3982E+00  -4.0281E+00   2.6781E+01  -7.6906E-01  -3.2962E-01  -4.3830E+00
   1960.50   6.6982E+03   4.3709E+03   5.9959E+04  -9.2339E+00  -3.9577E+00   2.6313E+01  -7.5561E-01  -3.2386E-01  -4.3065E+00
   1960.58   6.7008E+03   4.3713E+03   5.9959E+04  -9.0545E+00  -3.8808E+00   2.5803E+01  -7.4093E-01  -3.1756E-01  -4.2229E+00
   1960.67   6.7034E+03   4.3717E+03   5.9959E+04  -8.8618E+00  -3.7982E+00   2.5254E+01  -7.2517E-01  -3.1081E-01  -4.1331E+00
   1960.75   6.7060E+03   4.3721E+03   5.9960E+04  -8.6577E+00  -3.7107E+00   2.4673E+01  -7.0847E-01  -3.0365E-01  -4.0380E+00
   1960.83   6.7087E+03   4.3725E+03   5.9960E+04  -8.4440E+00  -3.6191E+00   2.4064E+01  -6.9098E-01  -2.9615E-01  -3.9384E+00
   1960.92   6.7113E+03   4.3729E+03   5.9961E+04  -8.2226E+00  -3.5241E+00   2.3434E+01  -6.7285E-01  -2.8838E-01  -3.8352E+00
   1961.00   6.7138E+03   4.3732E+03   5.9961E+04  -7.9951E+00  -3.4266E+00   2.2786E+01  -6.5424E-01  -2.8040E-01  -3.7292E+00
   1961.08   6.7164E+03   4.3736E+03   5.9962E+04  -7.7635E+00  -3.3273E+00   2.2126E+01  -6.3529E-01  -2.7227E-01  -3.6212E+00
   1961.17   6.7190E+03   4.3739E+03   5.9962E+04  -7.5295E+00  -3.2270E+00   2.1460E+01  -6.1614E-01  -2.6406E-01  -3.5122E+00
   1961.25   6.7216E+03   4.3742E+03   5.9963E+04  -7.2950E+00  -3.1264E+00   2.0792E+01  -5.9695E-01  -2.5583E-01  -3.4029E+00
   1961.33   6.7241E+03   4.3746E+03   5.9963E+04  -7.0618E+00  -3.0264E+00   2.0128E+01  -5.7787E-01  -2.4765E-01  -3.2942E+00
   1961.42   6.7267E+03   4.3749E+03   5.9964E+04  -6.8316E+00  -2.9277E+00   1.9473E+01  -5.5904E-01  -2.3958E-01  -3.1869E+00
   1961.50   6.7292E+03   4.3751E+03   5.9964E+04  -6.6064E+00  -2.8311E+00   1.8832E+01  -5.4061E-01  -2.3167E-01  -3.0820E+00
   1961.58   6.7317E+03   4.3754E+03   5.9965E+04  -6.3879E+00  -2.7374E+00   1.8210E+01  -5.2273E-01  -2.2401E-01  -2.9802E+00
   1961.67   6.7342E+03   4.3757E+03   5.9965E+04  -6.1780E+00  -2.6474E+00   1.7612E+01  -5.0555E-01  -2.1664E-01  -2.8824E+00
   1961.75   6.7366E+03   4.3759E+03   5.9965E+04  -5.9784E+00  -2.5618E+00   1.7044E+01  -4.8922E-01  -2.0963E-01  -2.7894E+00
   1961.83   6.7391E+03   4.3762E+03   5.9966E+04  -5.7910E+00  -2.4814E+00   1.6510E+01  -4.7388E-01  -2.0305E-01  -2.7021E+00
   1961.92   6.7415E+03   4.3764E+03   5.9966E+04  -5.6176E+00  -2.4070E+00   1.6017E+01  -4.5969E-01  -1.9696E-01  -2.6213E+00
   1962.00   6.7438E+03   4.3766E+03   5.9966E+04  -5.4600E+00  -2.3393E+00   1.5568E+01  -4.4679E-01  -1.9143E-01  -2.5479E+00
   1962.08   6.7462E+03   4.3767E+03   5.9966E+04  -5.3195E+00  -2.2790E+00   1.5168E+01  -4.3530E-01  -1.8649E-01  -2.4825E+00
   1962.17   6.7485E+03   4.3769E+03   5.9967E+04  -5.1956E+00  -2.2258E+00   1.4816E+01  -4.2516E-01  -1.8213E-01  -2.4247E+00
   1962.25   6.7508E+03   4.3771E+03   5.9967E+04  -5.0870E+00  -2.1791E+00   1.4507E+01  -4.1628E-01  -1.7832E-01  -2.3742E+00
   1962.33   6.7530E+03   4.3772E+03   5.9967E+04  -4.9929E+00  -2.1386E+00   1.4239E+01  -4.0857E-01  -1.7500E-01  -2.3304E+00
   1962.42   6.7553E+03   4.3773E+03   5.9967E+04  -4.9119E+00  -2.1038E+00   1.4009E+01  -4.0194E-01  -1.7215E-01  -2.2927E+00
   1962.50   6.7575E+03   4.3775E+03   5.9967E+04  -4.8431E+00  -2.0741E+00   1.3814E+01  -3.9631E-01  -1.6973E-01  -2.2607E+00
   1962.58   6.7597E+03   4.3776E+03   5.9967E+04  -4.7853E+00  -2.0492E+00   1.3649E+01  -3.9158E-01  -1.6769E-01  -2.2339E+00
   1962.67   6.7618E+03   4.3777E+03   5.9967E+04  -4.7374E+00  -2.0286E+00   1.3514E+01  -3.8766E-01  -1.6600E-01  -2.2117E+00
   1962.75   6.7640E+03   4.3778E+03   5.9967E+04  -4.6984E+00  -2.0117E+00   1.3403E+01  -3.8447E-01  -1.6462E-01  -2.1936E+00
   1962.83   6.7661E+03   4.3779E+03   5.9967E+04  -4.6671E+00  -1.9981E+00   1.3315E+01  -3.8191E-01  -1.6351E-01  -2.1791E+00
   1962.92   6.7682E+03   4.3780E+03   5.9967E+04  -4.6425E+00  -1.9874E+00   1.3245E+01  -3.7990E-01  -1.6263E-01  -2.1677E+00
   1963.00   6.7703E+03   4.3781E+03   5.9966E+04  -4.6234E+00  -1.9791E+00   1.3191E+01  -3.7834E-01  -1.6195E-01  -2.1589E+00
   1963.08   6.7724E+03   4.3783E+03   5.9966E+04  -4.6088E+00  -1.9727E+00   1.3150E+01  -3.7714E-01  -1.6142E-01  -2.1521E+00
   1963.17   6.7745E+03   4.3784E+03   5.9966E+04  -4.5975E+00  -1.9677E+00   1.3118E+01  -3.7621E-01  -1.6102E-01  -2.1469E+00
   1963.25   6.7766E+03   4.3785E+03   5.9966E+04  -4.5885E+00  -1.9636E+00   1.3093E+01  -3.7548E-01  -1.6069E-01  -2.1428E+00
   1963.33   6.7786E+03   4.3786E+03   5.9966E+04  -4.5806E+00  -1.9601E+00   1.3071E+01  -3.7483E-01  -1.6040E-01  -2.1392E+00
   1963.42   6.7807E+03   4.3788E+03   5.9966E+04  -4.5728E+00  -1.9566E+00   1.3049E+01  -3.7419E-01  -1.6011E-01  -2.1356E+00
   1963.50   6.7828E+03   4.3789E+03   5.9966E+04  -4.5639E+00  -1.9527E+00   1.3024E+01  -3.7347E-01  -1.5979E-01  -2.1316E+00
   1963.58   6.7848E+03   4.3791E+03   5.9966E+04  -4.5529E+00  -1.9478E+00   1.2993E+01  -3.7257E-01  -1.5939E-01  -2.1265E+00
   1963.67   6.7869E+03   4.3793E+03   5.9965E+04  -4.5387E+00  -1.9416E+00   1.2953E+01  -3.7140E-01  -1.5888E-01  -2.1199E+00
   1963.75   6.7890E+03   4.3795E+03   5.9965E+04  -4.5201E+00  -1.9335E+00   1.2900E+01  -3.6988E-01  -1.5822E-01  -2.1113E+00
   1963.83   6.7911E+03   4.3797E+03   5.9965E+04  -4.4961E+00  -1.9231E+00   1.2832E+01  -3.6792E-01  -1.5737E-01  -2.1001E+00
   1963.92   6.7932E+03   4.3799E+03   5.9965E+04  -4.4656E+00  -1.9099E+00   1.2745E+01  -3.6542E-01  -1.5629E-01  -2.0859E+00
   1964.00   6.7952E+03   4.3802E+03   5.9965E+04  -4.4275E+00  -1.8935E+00   1.2637E+01  -3.6230E-01  -1.5494E-01  -2.0681E+00
   1964.08   6.7974E+03   4.3805E+03   5.9965E+04  -4.3810E+00  -1.8735E+00   1.2504E+01  -3.5850E-01  -1.5331E-01  -2.0465E+00
   1964.17   6.7995E+03   4.3808E+03   5.9965E+04  -4.3271E+00  -1.8503E+00   1.2351E+01  -3.5409E-01  -1.5141E-01  -2.0213E+00
   1964.25   6.8016E+03   4.3811E+03   5.9965E+04  -4.2669E+00  -1.8244E+00   1.2179E+01  -3.4916E-01  -1.4929E-01  -1.9933E+00
   1964.33   6.8037E+03   4.3814E+03   5.9965E+04  -4.2018E+00  -1.7964E+00   1.1994E+01  -3.4384E-01  -1.4700E-01  -1.9629E+00
   1964.42   6.8059E+03   4.3818E+03   5.9965E+04  -4.1330E+00  -1.7668E+00   1.1798E+01  -3.3821E-01  -1.4458E-01  -1.9308E+00
   1964.50   6.8080E+03   4.3822E+03   5.9965E+04  -4.0618E+00  -1.7362E+00   1.1594E+01  -3.3238E-01  -1.4207E-01  -1.8975E+00
   1964.58   6.8102E+03   4.3826E+03   5.9965E+04  -3.9893E+00  -1.7050E+00   1.1388E+01  -3.2645E-01  -1.3952E-01  -1.8638E+00
   1964.67   6.8123E+03   4.3830E+03   5.9966E+04  -3.9170E+00  -1.6739E+00   1.1182E+01  -3.2053E-01  -1.3698E-01  -1.8300E+00
   1964.75   6.8145E+03   4.3834E+03   5.9966E+04  -3.8460E+00  -1.6433E+00   1.0979E+01  -3.1472E-01  -1.3447E-01  -1.7969E+00
   1964.83   6.8167E+03   4.3839E+03   5.9966E+04  -3.7775E+00  -1.6138E+00   1.0784E+01  -3.0912E-01  -1.3206E-01  -1.7649E+00
   1964.92   6.8189E+03   4.3844E+03   5.9966E+04  -3.7130E+00  -1.5860E+00   1.0600E+01  -3.0383E-01  -1.2978E-01  -1.7348E+00
   1965.00   6.8210E+03   4.3849E+03   5.9966E+04  -3.6535E+00  -1.5602E+00   1.0430E+01  -2.9897E-01  -1.2768E-01  -1.7070E+00
   1965.08   6.8232E+03   4.3854E+03   5.9966E+04  -3.6004E+00  -1.5372E+00   1.0279E+01  -2.9462E-01  -1.2579E-01  -1.6823E+00
   1965.17   6.8254E+03   4.3859E+03   5.9966E+04  -3.5549E+00  -1.5174E+00   1.0149E+01  -2.9090E-01  -1.2417E-01  -1.6610E+00
   1965.25   6.8275E+03   4.3865E+03   5.9967E+04  -3.5182E+00  -1.5014E+00   1.0045E+01  -2.8790E-01  -1.2286E-01  -1.6440E+00
   1965.33   6.8297E+03   4.3870E+03   5.9967E+04  -3.4917E+00  -1.4897E+00   9.9696E+00  -2.8573E-01  -1.2190E-01  -1.6316E+00
   1965.42   6.8319E+03   4.3876E+03   5.9967E+04  -3.4766E+00  -1.4828E+00   9.9267E+00  -2.8449E-01  -1.2133E-01  -1.6246E+00
   1965.50   6.8340E+03   4.3882E+03   5.9967E+04  -3.4741E+00  -1.4812E+00   9.9199E+00  -2.8429E-01  -1.2121E-01  -1.6235E+00
   1965.58   6.8362E+03   4.3888E+03   5.9967E+04  -3.4856E+00  -1.4856E+00   9.9528E+00  -2.8523E-01  -1.2157E-01  -1.6289E+00
   1965.67   6.8383E+03   4.3894E+03   5.9968E+04  -3.5122E+00  -1.4964E+00   1.0029E+01  -2.8740E-01  -1.2245E-01  -1.6414E+00
   1965.75   6.8404E+03   4.3900E+03   5.9968E+04  -3.5552E+00  -1.5142E+00   1.0152E+01  -2.9092E-01  -1.2391E-01  -1.6615E+00
   1965.83   6.8426E+03   4.3906E+03   5.9968E+04  -3.6158E+00  -1.5395E+00   1.0326E+01  -2.9588E-01  -1.2598E-01  -1.6899E+00
   1965.92   6.8447E+03   4.3913E+03   5.9968E+04  -3.6954E+00  -1.5728E+00   1.0553E+01  -3.0240E-01  -1.2871E-01  -1.7271E+00
   1966.00   6.8468E+03   4.3920E+03   5.9968E+04  -3.7952E+00  -1.6148E+00   1.0838E+01  -3.1056E-01  -1.3214E-01  -1.7738E+00
   1966.08   6.8489E+03   4.3926E+03   5.9968E+04  -3.9159E+00  -1.6656E+00   1.1183E+01  -3.2044E-01  -1.3629E-01  -1.8302E+00
   1966.17   6.8510E+03   4.3933E+03   5.9968E+04  -4.0563E+00  -1.7247E+00   1.1584E+01  -3.3193E-01  -1.4114E-01  -1.8959E+00
   1966.25   6.8531E+03   4.3940E+03   5.9969E+04  -4.2145E+00  -1.7915E+00   1.2036E+01  -3.4488E-01  -1.4660E-01  -1.9699E+00
   1966.33   6.8551E+03   4.3947E+03   5.9969E+04  -4.3888E+00  -1.8651E+00   1.2534E+01  -3.5914E-01  -1.5262E-01  -2.0513E+00
   1966.42   6.8572E+03   4.3954E+03   5.9969E+04  -4.5773E+00  -1.9447E+00   1.3073E+01  -3.7457E-01  -1.5914E-01  -2.1395E+00
   1966.50   6.8593E+03   4.3961E+03   5.9969E+04  -4.7784E+00  -2.0297E+00   1.3647E+01  -3.9101E-01  -1.6609E-01  -2.2334E+00
   1966.58   6.8613E+03   4.3969E+03   5.9969E+04  -4.9900E+00  -2.1191E+00   1.4251E+01  -4.0834E-01  -1.7341E-01  -2.3324E+00
   1966.67   6.8634E+03   4.3976E+03   5.9969E+04  -5.2106E+00  -2.2124E+00   1.4881E+01  -4.2638E-01  -1.8104E-01  -2.4355E+00
   1966.75   6.8654E+03   4.3984E+03   5.9969E+04  -5.4382E+00  -2.3086E+00   1.5531E+01  -4.4501E-01  -1.8892E-01  -2.5419E+00
   1966.83   6.8675E+03   4.3991E+03   5.9970E+04  -5.6711E+00  -2.4072E+00   1.6197E+01  -4.6407E-01  -1.9698E-01  -2.6507E+00
   1966.92   6.8695E+03   4.3999E+03   5.9970E+04  -5.9075E+00  -2.5071E+00   1.6872E+01  -4.8341E-01  -2.0516E-01  -2.7612E+00
   1967.00   6.8716E+03   4.4006E+03   5.9970E+04  -6.1456E+00  -2.6078E+00   1.7552E+01  -5.0290E-01  -2.1340E-01  -2.8725E+00
   1967.08   6.8737E+03   4.4014E+03   5.9971E+04  -6.3836E+00  -2.7085E+00   1.8231E+01  -5.2237E-01  -2.2164E-01  -2.9838E+00
   1967.17   6.8757E+03   4.4022E+03   5.9971E+04  -6.6196E+00  -2.8084E+00   1.8906E+01  -5.4169E-01  -2.2981E-01  -3.0941E+00
   1967.25   6.8778E+03   4.4030E+03   5.9971E+04  -6.8520E+00  -2.9067E+00   1.9569E+01  -5.6070E-01  -2.3785E-01  -3.2027E+00
   1967.33   6.8799E+03   4.4038E+03   5.9972E+04  -7.0789E+00  -3.0026E+00   2.0217E+01  -5.7927E-01  -2.4570E-01  -3.3088E+00
   1967.42   6.8820E+03   4.4046E+03   5.9972E+04  -7.2986E+00  -3.0955E+00   2.0844E+01  -5.9724E-01  -2.5330E-01  -3.4114E+00
   1967.50   6.8841E+03   4.4055E+03   5.9973E+04  -7.5091E+00  -3.1845E+00   2.1446E+01  -6.1447E-01  -2.6059E-01  -3.5098E+00
   1967.58   6.8862E+03   4.4063E+03   5.9974E+04  -7.7087E+00  -3.2688E+00   2.2016E+01  -6.3081E-01  -2.6749E-01  -3.6031E+00
   1967.67   6.8883E+03   4.4071E+03   5.9974E+04  -7.8957E+00  -3.3478E+00   2.2550E+01  -6.4611E-01  -2.7395E-01  -3.6905E+00
   1967.75   6.8904E+03   4.4080E+03   5.9975E+04  -8.0682E+00  -3.4207E+00   2.3042E+01  -6.6023E-01  -2.7992E-01  -3.7711E+00
   1967.83   6.8926E+03   4.4088E+03   5.9976E+04  -8.2245E+00  -3.4866E+00   2.3488E+01  -6.7301E-01  -2.8531E-01  -3.8441E+00
   1967.92   6.8947E+03   4.4097E+03   5.9977E+04  -8.3627E+00  -3.5449E+00   2.3883E+01  -6.8432E-01  -2.9008E-01  -3.9087E+00
   1968.00   6.8969E+03   4.4105E+03   5.9978E+04  -8.4810E+00  -3.5947E+00   2.4221E+01  -6.9401E-01  -2.9415E-01  -3.9640E+00
   1968.08   6.8991E+03   4.4114E+03   5.9979E+04  -8.5782E+00  -3.6355E+00   2.4498E+01  -7.0196E-01  -2.9749E-01  -4.0094E+00
   1968.17   6.9013E+03   4.4123E+03   5.9980E+04  -8.6547E+00  -3.6675E+00   2.4717E+01  -7.0822E-01  -3.0011E-01  -4.0451E+00
   1968.25   6.9036E+03   4.4132E+03   5.9981E+04  -8.7115E+00  -3.6911E+00   2.4879E+01  -7.1286E-01  -3.0205E-01  -4.0717E+00
   1968.33   6.9058E+03   4.4140E+03   5.9983E+04  -8.7495E+00  -3.7068E+00   2.4987E+01  -7.1598E-01  -3.0333E-01  -4.0894E+00
   1968.42   6.9081E+03   4.4149E+03   5.9984E+04  -8.7698E+00  -3.7150E+00   2.5045E+01  -7.1764E-01  -3.0400E-01  -4.0989E+00
   1968.50   6.9104E+03   4.4158E+03   5.9986E+04  -8.7733E+00  -3.7160E+00   2.5055E+01  -7.1793E-01  -3.0408E-01  -4.1005E+00
   1968.58   6.9127E+03   4.4167E+03   5.9987E+04  -8.7611E+00  -3.7103E+00   2.5020E+01  -7.1692E-01  -3.0362E-01  -4.0948E+00
   1968.67   6.9150E+03   4.4176E+03   5.9989E+04  -8.7340E+00  -3.6983E+00   2.4942E+01  -7.1470E-01  -3.0264E-01  -4.0821E+00
   1968.75   6.9173E+03   4.4185E+03   5.9990E+04  -8.6930E+00  -3.6804E+00   2.4825E+01  -7.1135E-01  -3.0117E-01  -4.0629E+00
   1968.83   6.9196E+03   4.4195E+03   5.9992E+04  -8.6392E+00  -3.6571E+00   2.4671E+01  -7.0695E-01  -2.9926E-01  -4.0377E+00
   1968.92   6.9220E+03   4.4204E+03   5.9994E+04  -8.5734E+00  -3.6287E+00   2.4483E+01  -7.0157E-01  -2.9694E-01  -4.0070E+00
   1969.00   6.9243E+03   4.4213E+03   5.9996E+04  -8.4968E+00  -3.5957E+00   2.4264E+01  -6.9529E-01  -2.9424E-01  -3.9711E+00
   1969.08   6.9267E+03   4.4222E+03   5.9997E+04  -8.4102E+00  -3.5584E+00   2.4017E+01  -6.8821E-01  -2.9119E-01  -3.9306E+00
   1969.17   6.9291E+03   4.4232E+03   5.9999E+04  -8.3146E+00  -3.5173E+00   2.3744E+01  -6.8038E-01  -2.8783E-01  -3.8859E+00
   1969.25   6.9315E+03   4.4241E+03   6.0001E+04  -8.2110E+00  -3.4729E+00   2.3447E+01  -6.7191E-01  -2.8419E-01  -3.8374E+00
   1969.33   6.9339E+03   4.4250E+03   6.0003E+04  -8.1003E+00  -3.4254E+00   2.3131E+01  -6.6285E-01  -2.8030E-01  -3.7857E+00
   1969.42   6.9363E+03   4.4260E+03   6.0005E+04  -7.9836E+00  -3.3754E+00   2.2798E+01  -6.5330E-01  -2.7621E-01  -3.7311E+00
   1969.50   6.9387E+03   4.4269E+03   6.0007E+04  -7.8619E+00  -3.3233E+00   2.2450E+01  -6.4334E-01  -2.7194E-01  -3.6742E+00
   1969.58   6.9412E+03   4.4279E+03   6.0009E+04  -7.7360E+00  -3.2694E+00   2.2090E+01  -6.3304E-01  -2.6753E-01  -3.6153E+00
   1969.67   6.9436E+03   4.4288E+03   6.0011E+04  -7.6070E+00  -3.2141E+00   2.1722E+01  -6.2248E-01  -2.6301E-01  -3.5550E+00
   1969.75   6.9461E+03   4.4297E+03   6.0013E+04  -7.4758E+00  -3.1580E+00   2.1347E+01  -6.1175E-01  -2.5842E-01  -3.4936E+00
   1969.83   6.9485E+03   4.4307E+03   6.0015E+04  -7.3434E+00  -3.1014E+00   2.0969E+01  -6.0092E-01  -2.5379E-01  -3.4318E+00
   1969.92   6.9510E+03   4.4317E+03   6.0017E+04  -7.2109E+00  -3.0447E+00   2.0590E+01  -5.9007E-01  -2.4915E-01  -3.3698E+00
   1970.00   6.9534E+03   4.4326E+03   6.0019E+04  -7.0791E+00  -2.9884E+00   2.0213E+01  -5.7928E-01  -2.4454E-01  -3.3081E+00
   1970.08   6.9559E+03   4.4336E+03   6.0021E+04  -6.9490E+00  -2.9328E+00   1.9842E+01  -5.6864E-01  -2.3999E-01  -3.2473E+00
   1970.17   6.9584E+03   4.4345E+03   6.0023E+04  -6.8212E+00  -2.8781E+00   1.9477E+01  -5.5819E-01  -2.3552E-01  -3.1876E+00
   1970.25   6.9609E+03   4.4355E+03   6.0025E+04  -6.6965E+00  -2.8248E+00   1.9120E+01  -5.4798E-01  -2.3116E-01  -3.1292E+00
   1970.33   6.9633E+03   4.4364E+03   6.0027E+04  -6.5755E+00  -2.7731E+00   1.8774E+01  -5.3808E-01  -2.2692E-01  -3.0726E+00
   1970.42   6.9658E+03   4.4374E+03   6.0029E+04  -6.4588E+00  -2.7231E+00   1.8441E+01  -5.2852E-01  -2.2284E-01  -3.0180E+00
   1970.50   6.9683E+03   4.4383E+03   6.0031E+04  -6.3470E+00  -2.6753E+00   1.8121E+01  -5.1937E-01  -2.1892E-01  -2.9658E+00
   1970.58   6.9708E+03   4.4392E+03   6.0033E+04  -6.2408E+00  -2.6298E+00   1.7818E+01  -5.1068E-01  -2.1520E-01  -2.9161E+00
   1970.67   6.9733E+03   4.4401E+03   6.0035E+04  -6.1408E+00  -2.5869E+00   1.7532E+01  -5.0250E-01  -2.1169E-01  -2.8693E+00
   1970.75   6.9758E+03   4.4410E+03   6.0037E+04  -6.0477E+00  -2.5469E+00   1.7266E+01  -4.9488E-01  -2.0842E-01  -2.8257E+00
   1970.83   6.9784E+03   4.4418E+03   6.0039E+04  -5.9621E+00  -2.5101E+00   1.7021E+01  -4.8788E-01  -2.0540E-01  -2.7857E+00
   1970.92   6.9809E+03   4.4427E+03   6.0041E+04  -5.8846E+00  -2.4767E+00   1.6800E+01  -4.8154E-01  -2.0267E-01  -2.7494E+00
   1971.00   6.9834E+03   4.4435E+03   6.0043E+04  -5.8160E+00  -2.4470E+00   1.6603E+01  -4.7592E-01  -2.0024E-01  -2.7173E+00
   1971.08   6.9859E+03   4.4443E+03   6.0045E+04  -5.7567E+00  -2.4212E+00   1.6434E+01  -4.7108E-01  -1.9813E-01  -2.6895E+00
   1971.17   6.9885E+03   4.4451E+03   6.0047E+04  -5.7076E+00  -2.3997E+00   1.6293E+01  -4.6705E-01  -1.9637E-01  -2.6665E+00
   1971.25   6.9910E+03   4.4458E+03   6.0049E+04  -5.6691E+00  -2.3826E+00   1.6183E+01  -4.6391E-01  -1.9497E-01  -2.6485E+00
   1971.33   6.9936E+03   4.4465E+03   6.0050E+04  -5.6421E+00  -2.3704E+00   1.6105E+01  -4.6169E-01  -1.9397E-01  -2.6357E+00
   1971.42   6.9962E+03   4.4472E+03   6.0052E+04  -5.6270E+00  -2.3631E+00   1.6061E+01  -4.6046E-01  -1.9337E-01  -2.6286E+00
   1971.50   6.9987E+03   4.4478E+03   6.0054E+04  -5.6245E+00  -2.3611E+00   1.6054E+01  -4.6026E-01  -1.9321E-01  -2.6273E+00
   1971.58   7.0013E+03   4.4484E+03   6.0056E+04  -5.6353E+00  -2.3647E+00   1.6084E+01  -4.6114E-01  -1.9351E-01  -2.6323E+00
   1971.67   7.0039E+03   4.4489E+03   6.0057E+04  -5.6601E+00  -2.3741E+00   1.6154E+01  -4.6317E-01  -1.9428E-01  -2.6438E+00
   1971.75   7.0065E+03   4.4494E+03   6.0059E+04  -5.6994E+00  -2.3896E+00   1.6265E+01  -4.6638E-01  -1.9555E-01  -2.6620E+00
   1971.83   7.0091E+03   4.4499E+03   6.0060E+04  -5.7539E+00  -2.4115E+00   1.6420E+01  -4.7084E-01  -1.9733E-01  -2.6874E+00
   1971.92   7.0117E+03   4.4503E+03   6.0062E+04  -5.8242E+00  -2.4400E+00   1.6620E+01  -4.7660E-01  -1.9967E-01  -2.7201E+00
   1972.00   7.0143E+03   4.4506E+03   6.0064E+04  -5.9111E+00  -2.4754E+00   1.6868E+01  -4.8370E-01  -2.0256E-01  -2.7606E+00
   1972.08   7.0170E+03   4.4509E+03   6.0065E+04  -6.0146E+00  -2.5178E+00   1.7162E+01  -4.9218E-01  -2.0603E-01  -2.8088E+00
   1972.17   7.0196E+03   4.4511E+03   6.0066E+04  -6.1334E+00  -2.5665E+00   1.7501E+01  -5.0190E-01  -2.1002E-01  -2.8642E+00
   1972.25   7.0222E+03   4.4513E+03   6.0068E+04  -6.2656E+00  -2.6209E+00   1.7877E+01  -5.1272E-01  -2.1447E-01  -2.9258E+00
   1972.33   7.0249E+03   4.4515E+03   6.0069E+04  -6.4094E+00  -2.6801E+00   1.8287E+01  -5.2449E-01  -2.1931E-01  -2.9928E+00
   1972.42   7.0276E+03   4.4515E+03   6.0071E+04  -6.5629E+00  -2.7434E+00   1.8724E+01  -5.3705E-01  -2.2449E-01  -3.0644E+00
   1972.50   7.0302E+03   4.4516E+03   6.0072E+04  -6.7243E+00  -2.8100E+00   1.9184E+01  -5.5025E-01  -2.2994E-01  -3.1396E+00
   1972.58   7.0329E+03   4.4515E+03   6.0073E+04  -6.8917E+00  -2.8791E+00   1.9661E+01  -5.6395E-01  -2.3560E-01  -3.2177E+00
   1972.67   7.0356E+03   4.4515E+03   6.0075E+04  -7.0632E+00  -2.9499E+00   2.0149E+01  -5.7798E-01  -2.4140E-01  -3.2976E+00
   1972.75   7.0383E+03   4.4513E+03   6.0076E+04  -7.2370E+00  -3.0218E+00   2.0644E+01  -5.9220E-01  -2.4727E-01  -3.3787E+00
   1972.83   7.0410E+03   4.4511E+03   6.0077E+04  -7.4112E+00  -3.0938E+00   2.1141E+01  -6.0646E-01  -2.5317E-01  -3.4599E+00
   1972.92   7.0437E+03   4.4509E+03   6.0078E+04  -7.5841E+00  -3.1653E+00   2.1633E+01  -6.2061E-01  -2.5902E-01  -3.5405E+00
   1973.00   7.0464E+03   4.4506E+03   6.0079E+04  -7.7537E+00  -3.2354E+00   2.2117E+01  -6.3449E-01  -2.6475E-01  -3.6196E+00
   1973.08   7.0492E+03   4.4503E+03   6.0081E+04  -7.9181E+00  -3.3034E+00   2.2585E+01  -6.4794E-01  -2.7032E-01  -3.6963E+00
   1973.17   7.0519E+03   4.4499E+03   6.0082E+04  -8.0756E+00  -3.3685E+00   2.3034E+01  -6.6083E-01  -2.7565E-01  -3.7698E+00
   1973.25   7.0547E+03   4.4495E+03   6.0083E+04  -8.2243E+00  -3.4300E+00   2.3458E+01  -6.7300E-01  -2.8068E-01  -3.8391E+00
   1973.33   7.0575E+03   4.4490E+03   6.0084E+04  -8.3623E+00  -3.4870E+00   2.3851E+01  -6.8429E-01  -2.8535E-01  -3.9034E+00
   1973.42   7.0602E+03   4.4484E+03   6.0085E+04  -8.4878E+00  -3.5389E+00   2.4208E+01  -6.9456E-01  -2.8959E-01  -3.9619E+00
   1973.50   7.0630E+03   4.4479E+03   6.0086E+04  -8.5989E+00  -3.5847E+00   2.4525E+01  -7.0365E-01  -2.9334E-01  -4.0137E+00
   1973.58   7.0658E+03   4.4472E+03   6.0088E+04  -8.6937E+00  -3.6238E+00   2.4795E+01  -7.1141E-01  -2.9654E-01  -4.0579E+00
   1973.67   7.0686E+03   4.4465E+03   6.0089E+04  -8.7705E+00  -3.6554E+00   2.5013E+01  -7.1769E-01  -2.9912E-01  -4.0937E+00
   1973.75   7.0714E+03   4.4458E+03   6.0090E+04  -8.8273E+00  -3.6786E+00   2.5175E+01  -7.2234E-01  -3.0102E-01  -4.1202E+00
   1973.83   7.0743E+03   4.4450E+03   6.0091E+04  -8.8623E+00  -3.6928E+00   2.5275E+01  -7.2521E-01  -3.0219E-01  -4.1364E+00
   1973.92   7.0771E+03   4.4442E+03   6.0092E+04  -8.8737E+00  -3.6972E+00   2.5307E+01  -7.2614E-01  -3.0254E-01  -4.1417E+00
   1974.00   7.0800E+03   4.4433E+03   6.0093E+04  -8.8596E+00  -3.6909E+00   2.5266E+01  -7.2498E-01  -3.0203E-01  -4.1351E+00
   1974.08   7.0828E+03   4.4424E+03   6.0094E+04  -8.8188E+00  -3.6736E+00   2.5149E+01  -7.2165E-01  -3.0061E-01  -4.1160E+00
   1974.17   7.0857E+03   4.4414E+03   6.0096E+04  -8.7530E+00  -3.6458E+00   2.4961E+01  -7.1626E-01  -2.9834E-01  -4.0852E+00
   1974.25   7.0886E+03   4.4404E+03   6.0097E+04  -8.6644E+00  -3.6085E+00   2.4708E+01  -7.0902E-01  -2.9529E-01  -4.0438E+00
   1974.33   7.0915E+03   4.4393E+03   6.0098E+04  -8.5555E+00  -3.5628E+00   2.4397E+01  -7.0010E-01  -2.9154E-01  -3.9929E+00
   1974.42   7.0944E+03   4.4382E+03   6.0099E+04  -8.4284E+00  -3.5094E+00   2.4035E+01  -6.8970E-01  -2.8718E-01  -3.9335E+00
   1974.50   7.0973E+03   4.4371E+03   6.0100E+04  -8.2855E+00  -3.4495E+00   2.3627E+01  -6.7801E-01  -2.8228E-01  -3.8668E+00
   1974.58   7.1002E+03   4.4359E+03   6.0101E+04  -8.1292E+00  -3.3840E+00   2.3181E+01  -6.6521E-01  -2.7691E-01  -3.7938E+00
   1974.67   7.1031E+03   4.4346E+03   6.0103E+04  -7.9617E+00  -3.3138E+00   2.2703E+01  -6.5151E-01  -2.7117E-01  -3.7155E+00
   1974.75   7.1060E+03   4.4333E+03   6.0104E+04  -7.7853E+00  -3.2399E+00   2.2199E+01  -6.3707E-01  -2.6512E-01  -3.6331E+00
   1974.83   7.1089E+03   4.4320E+03   6.0105E+04  -7.6024E+00  -3.1632E+00   2.1677E+01  -6.2211E-01  -2.5885E-01  -3.5477E+00
   1974.92   7.1118E+03   4.4306E+03   6.0106E+04  -7.4153E+00  -3.0848E+00   2.1143E+01  -6.0679E-01  -2.5243E-01  -3.4603E+00
   1975.00   7.1147E+03   4.4291E+03   6.0107E+04  -7.2262E+00  -3.0055E+00   2.0603E+01  -5.9132E-01  -2.4594E-01  -3.3720E+00
   1975.08   7.1176E+03   4.4277E+03   6.0108E+04  -7.0375E+00  -2.9263E+00   2.0065E+01  -5.7588E-01  -2.3946E-01  -3.2838E+00
   1975.17   7.1206E+03   4.4261E+03   6.0109E+04  -6.8516E+00  -2.8483E+00   1.9534E+01  -5.6067E-01  -2.3307E-01  -3.1970E+00
   1975.25   7.1235E+03   4.4246E+03   6.0109E+04  -6.6707E+00  -2.7723E+00   1.9017E+01  -5.4586E-01  -2.2685E-01  -3.1124E+00
   1975.33   7.1264E+03   4.4229E+03   6.0110E+04  -6.4971E+00  -2.6993E+00   1.8522E+01  -5.3166E-01  -2.2088E-01  -3.0313E+00
   1975.42   7.1293E+03   4.4213E+03   6.0111E+04  -6.3331E+00  -2.6302E+00   1.8054E+01  -5.1824E-01  -2.1523E-01  -2.9547E+00
   1975.50   7.1321E+03   4.4196E+03   6.0112E+04  -6.1811E+00  -2.5661E+00   1.7619E+01  -5.0580E-01  -2.0999E-01  -2.8836E+00
   1975.58   7.1350E+03   4.4178E+03   6.0112E+04  -6.0434E+00  -2.5079E+00   1.7226E+01  -4.9453E-01  -2.0523E-01  -2.8192E+00
   1975.67   7.1379E+03   4.4160E+03   6.0113E+04  -5.9222E+00  -2.4566E+00   1.6880E+01  -4.8462E-01  -2.0102E-01  -2.7625E+00
   1975.75   7.1408E+03   4.4142E+03   6.0113E+04  -5.8200E+00  -2.4130E+00   1.6587E+01  -4.7625E-01  -1.9746E-01  -2.7147E+00
   1975.83   7.1436E+03   4.4123E+03   6.0113E+04  -5.7390E+00  -2.3783E+00   1.6355E+01  -4.6962E-01  -1.9461E-01  -2.6767E+00
   1975.92   7.1465E+03   4.4103E+03   6.0114E+04  -5.6815E+00  -2.3532E+00   1.6190E+01  -4.6492E-01  -1.9257E-01  -2.6497E+00
   1976.00   7.1493E+03   4.4084E+03   6.0114E+04  -5.6498E+00  -2.3389E+00   1.6099E+01  -4.6232E-01  -1.9139E-01  -2.6348E+00
   1976.08   7.1521E+03   4.4063E+03   6.0114E+04  -5.6455E+00  -2.3359E+00   1.6086E+01  -4.6197E-01  -1.9115E-01  -2.6326E+00
   1976.17   7.1549E+03   4.4043E+03   6.0114E+04  -5.6672E+00  -2.3436E+00   1.6146E+01  -4.6375E-01  -1.9178E-01  -2.6425E+00
   1976.25   7.1577E+03   4.4022E+03   6.0114E+04  -5.7127E+00  -2.3612E+00   1.6275E+01  -4.6747E-01  -1.9322E-01  -2.6635E+00
   1976.33   7.1605E+03   4.4000E+03   6.0114E+04  -5.7797E+00  -2.3878E+00   1.6465E+01  -4.7296E-01  -1.9539E-01  -2.6946E+00
   1976.42   7.1632E+03   4.3978E+03   6.0113E+04  -5.8662E+00  -2.4224E+00   1.6710E+01  -4.8003E-01  -1.9822E-01  -2.7348E+00
   1976.50   7.1660E+03   4.3956E+03   6.0113E+04  -5.9699E+00  -2.4641E+00   1.7004E+01  -4.8852E-01  -2.0164E-01  -2.7830E+00
   1976.58   7.1687E+03   4.3933E+03   6.0112E+04  -6.0887E+00  -2.5121E+00   1.7342E+01  -4.9824E-01  -2.0557E-01  -2.8382E+00
   1976.67   7.1714E+03   4.3910E+03   6.0112E+04  -6.2203E+00  -2.5654E+00   1.7716E+01  -5.0901E-01  -2.0993E-01  -2.8994E+00
   1976.75   7.1740E+03   4.3887E+03   6.0111E+04  -6.3626E+00  -2.6232E+00   1.8120E+01  -5.2066E-01  -2.1466E-01  -2.9656E+00
   1976.83   7.1767E+03   4.3863E+03   6.0111E+04  -6.5134E+00  -2.6845E+00   1.8549E+01  -5.3300E-01  -2.1967E-01  -3.0357E+00
   1976.92   7.1793E+03   4.3839E+03   6.0110E+04  -6.6706E+00  -2.7484E+00   1.8996E+01  -5.4585E-01  -2.2491E-01  -3.1088E+00
   1977.00   7.1819E+03   4.3815E+03   6.0109E+04  -6.8318E+00  -2.8141E+00   1.9454E+01  -5.5905E-01  -2.3028E-01  -3.1839E+00
   1977.08   7.1845E+03   4.3790E+03   6.0108E+04  -6.9951E+00  -2.8807E+00   1.9918E+01  -5.7241E-01  -2.3573E-01  -3.2598E+00
   1977.17   7.1871E+03   4.3765E+03   6.0108E+04  -7.1580E+00  -2.9471E+00   2.0382E+01  -5.8575E-01  -2.4116E-01  -3.3357E+00
   1977.25   7.1896E+03   4.3740E+03   6.0107E+04  -7.3186E+00  -3.0126E+00   2.0838E+01  -5.9889E-01  -2.4652E-01  -3.4104E+00
   1977.33   7.1921E+03   4.3714E+03   6.0106E+04  -7.4746E+00  -3.0763E+00   2.1282E+01  -6.1165E-01  -2.5173E-01  -3.4830E+00
   1977.42   7.1946E+03   4.3688E+03   6.0105E+04  -7.6238E+00  -3.1371E+00   2.1706E+01  -6.2386E-01  -2.5671E-01  -3.5525E+00
   1977.50   7.1970E+03   4.3662E+03   6.0104E+04  -7.7640E+00  -3.1943E+00   2.2105E+01  -6.3533E-01  -2.6139E-01  -3.6177E+00
   1977.58   7.1994E+03   4.3636E+03   6.0103E+04  -7.8931E+00  -3.2470E+00   2.2472E+01  -6.4590E-01  -2.6570E-01  -3.6778E+00
   1977.67   7.2018E+03   4.3609E+03   6.0102E+04  -8.0089E+00  -3.2941E+00   2.2801E+01  -6.5537E-01  -2.6956E-01  -3.7317E+00
   1977.75   7.2041E+03   4.3582E+03   6.0101E+04  -8.1092E+00  -3.3349E+00   2.3086E+01  -6.6358E-01  -2.7290E-01  -3.7783E+00
   1977.83   7.2065E+03   4.3555E+03   6.0100E+04  -8.1917E+00  -3.3684E+00   2.3321E+01  -6.7033E-01  -2.7564E-01  -3.8167E+00
   1977.92   7.2087E+03   4.3528E+03   6.0099E+04  -8.2544E+00  -3.3938E+00   2.3499E+01  -6.7546E-01  -2.7771E-01  -3.8458E+00
   1978.00   7.2110E+03   4.3500E+03   6.0098E+04  -8.2950E+00  -3.4100E+00   2.3614E+01  -6.7879E-01  -2.7904E-01  -3.8647E+00
   1978.08   7.2132E+03   4.3472E+03   6.0097E+04  -8.3121E+00  -3.4166E+00   2.3662E+01  -6.8019E-01  -2.7958E-01  -3.8726E+00
   1978.17   7.2154E+03   4.3444E+03   6.0096E+04  -8.3071E+00  -3.4141E+00   2.3647E+01  -6.7977E-01  -2.7937E-01  -3.8701E+00
   1978.25   7.2175E+03   4.3416E+03   6.0095E+04  -8.2819E+00  -3.4032E+00   2.3575E+01  -6.7771E-01  -2.7849E-01  -3.8583E+00
   1978.33   7.2196E+03   4.3388E+03   6.0093E+04  -8.2387E+00  -3.3850E+00   2.3452E+01  -6.7418E-01  -2.7699E-01  -3.8381E+00
   1978.42   7.2217E+03   4.3359E+03   6.0092E+04  -8.1795E+00  -3.3601E+00   2.3283E+01  -6.6933E-01  -2.7496E-01  -3.8104E+00
   1978.50   7.2238E+03   4.3331E+03   6.0091E+04  -8.1065E+00  -3.3295E+00   2.3074E+01  -6.6336E-01  -2.7246E-01  -3.7763E+00
   1978.58   7.2258E+03   4.3302E+03   6.0090E+04  -8.0216E+00  -3.2940E+00   2.2832E+01  -6.5641E-01  -2.6955E-01  -3.7366E+00
   1978.67   7.2278E+03   4.3273E+03   6.0089E+04  -7.9270E+00  -3.2545E+00   2.2562E+01  -6.4867E-01  -2.6632E-01  -3.6924E+00
   1978.75   7.2297E+03   4.3244E+03   6.0088E+04  -7.8247E+00  -3.2118E+00   2.2270E+01  -6.4030E-01  -2.6282E-01  -3.6446E+00
   1978.83   7.2316E+03   4.3215E+03   6.0087E+04  -7.7168E+00  -3.1667E+00   2.1962E+01  -6.3147E-01  -2.5914E-01  -3.5942E+00
   1978.92   7.2335E+03   4.3186E+03   6.0086E+04  -7.6054E+00  -3.1202E+00   2.1643E+01  -6.2235E-01  -2.5533E-01  -3.5422E+00
   1979.00   7.2354E+03   4.3157E+03   6.0085E+04  -7.4925E+00  -3.0730E+00   2.1321E+01  -6.1311E-01  -2.5146E-01  -3.4894E+00
   1979.08   7.2373E+03   4.3128E+03   6.0083E+04  -7.3802E+00  -3.0259E+00   2.1000E+01  -6.0392E-01  -2.4761E-01  -3.4369E+00
   1979.17   7.2391E+03   4.3099E+03   6.0082E+04  -7.2705E+00  -2.9800E+00   2.0687E+01  -5.9495E-01  -2.4385E-01  -3.3856E+00
   1979.25   7.2409E+03   4.3070E+03   6.0081E+04  -7.1657E+00  -2.9359E+00   2.0387E+01  -5.8637E-01  -2.4024E-01  -3.3366E+00
   1979.33   7.2426E+03   4.3041E+03   6.0080E+04  -7.0676E+00  -2.8945E+00   2.0107E+01  -5.7834E-01  -2.3686E-01  -3.2907E+00
   1979.42   7.2444E+03   4.3012E+03   6.0078E+04  -6.9784E+00  -2.8567E+00   1.9851E+01  -5.7105E-01  -2.3377E-01  -3.2489E+00
   1979.50   7.2461E+03   4.2982E+03   6.0077E+04  -6.9002E+00  -2.8234E+00   1.9627E+01  -5.6465E-01  -2.3104E-01  -3.2122E+00
   1979.58   7.2478E+03   4.2953E+03   6.0075E+04  -6.8350E+00  -2.7954E+00   1.9440E+01  -5.5931E-01  -2.2875E-01  -3.1815E+00
   1979.67   7.2495E+03   4.2924E+03   6.0074E+04  -6.7850E+00  -2.7734E+00   1.9295E+01  -5.5522E-01  -2.2695E-01  -3.1579E+00
   1979.75   7.2512E+03   4.2895E+03   6.0072E+04  -6.7520E+00  -2.7585E+00   1.9200E+01  -5.5252E-01  -2.2573E-01  -3.1422E+00
   1979.83   7.2528E+03   4.2866E+03   6.0071E+04  -6.7384E+00  -2.7513E+00   1.9159E+01  -5.5140E-01  -2.2514E-01  -3.1355E+00
   1979.92   7.2544E+03   4.2838E+03   6.0069E+04  -6.7460E+00  -2.7529E+00   1.9178E+01  -5.5203E-01  -2.2527E-01  -3.1387E+00
   1980.00   7.2561E+03   4.2809E+03   6.0068E+04  -6.7770E+00  -2.7639E+00   1.9264E+01  -5.5457E-01  -2.2617E-01  -3.1528E+00
   1980.08   7.2577E+03   4.2780E+03   6.0066E+04  -6.8328E+00  -2.7851E+00   1.9421E+01  -5.5913E-01  -2.2791E-01  -3.1784E+00
   1980.17   7.2592E+03   4.2752E+03   6.0064E+04  -6.9122E+00  -2.8158E+00   1.9644E+01  -5.6563E-01  -2.3042E-01  -3.2150E+00
   1980.25   7.2608E+03   4.2723E+03   6.0062E+04  -7.0132E+00  -2.8554E+00   1.9929E+01  -5.7390E-01  -2.3366E-01  -3.2616E+00
   1980.33   7.2623E+03   4.2695E+03   6.0060E+04  -7.1340E+00  -2.9030E+00   2.0270E+01  -5.8378E-01  -2.3756E-01  -3.3174E+00
   1980.42   7.2639E+03   4.2667E+03   6.0058E+04  -7.2727E+00  -2.9580E+00   2.0662E+01  -5.9513E-01  -2.4205E-01  -3.3815E+00
   1980.50   7.2654E+03   4.2639E+03   6.0056E+04  -7.4274E+00  -3.0194E+00   2.1099E+01  -6.0779E-01  -2.4708E-01  -3.4531E+00
   1980.58   7.2669E+03   4.2611E+03   6.0054E+04  -7.5961E+00  -3.0865E+00   2.1576E+01  -6.2159E-01  -2.5257E-01  -3.5312E+00
   1980.67   7.2684E+03   4.2583E+03   6.0052E+04  -7.7771E+00  -3.1586E+00   2.2088E+01  -6.3640E-01  -2.5847E-01  -3.6149E+00
   1980.75   7.2699E+03   4.2555E+03   6.0050E+04  -7.9683E+00  -3.2350E+00   2.2629E+01  -6.5205E-01  -2.6472E-01  -3.7035E+00
   1980.83   7.2713E+03   4.2528E+03   6.0048E+04  -8.1680E+00  -3.3147E+00   2.3194E+01  -6.6839E-01  -2.7124E-01  -3.7960E+00
   1980.92   7.2728E+03   4.2500E+03   6.0046E+04  -8.3741E+00  -3.3971E+00   2.3778E+01  -6.8526E-01  -2.7799E-01  -3.8915E+00
   1981.00   7.2742E+03   4.2472E+03   6.0044E+04  -8.5849E+00  -3.4814E+00   2.4374E+01  -7.0251E-01  -2.8488E-01  -3.9891E+00
   1981.08   7.2757E+03   4.2445E+03   6.0042E+04  -8.7984E+00  -3.5668E+00   2.4978E+01  -7.1998E-01  -2.9187E-01  -4.0880E+00
   1981.17   7.2771E+03   4.2417E+03   6.0039E+04  -9.0127E+00  -3.6525E+00   2.5585E+01  -7.3751E-01  -2.9889E-01  -4.1873E+00
   1981.25   7.2785E+03   4.2390E+03   6.0037E+04  -9.2260E+00  -3.7378E+00   2.6189E+01  -7.5496E-01  -3.0587E-01  -4.2860E+00
   1981.33   7.2799E+03   4.2363E+03   6.0035E+04  -9.4363E+00  -3.8220E+00   2.6784E+01  -7.7217E-01  -3.1275E-01  -4.3834E+00
   1981.42   7.2813E+03   4.2336E+03   6.0032E+04  -9.6417E+00  -3.9041E+00   2.7365E+01  -7.8899E-01  -3.1947E-01  -4.4786E+00
   1981.50   7.2827E+03   4.2308E+03   6.0030E+04  -9.8404E+00  -3.9835E+00   2.7927E+01  -8.0524E-01  -3.2597E-01  -4.5706E+00
   1981.58   7.2841E+03   4.2281E+03   6.0028E+04  -1.0030E+01  -4.0594E+00   2.8465E+01  -8.2080E-01  -3.3218E-01  -4.6585E+00
   1981.67   7.2854E+03   4.2254E+03   6.0025E+04  -1.0210E+01  -4.1310E+00   2.8972E+01  -8.3549E-01  -3.3804E-01  -4.7416E+00
   1981.75   7.2868E+03   4.2227E+03   6.0023E+04  -1.0377E+01  -4.1975E+00   2.9444E+01  -8.4916E-01  -3.4348E-01  -4.8189E+00
   1981.83   7.2881E+03   4.2200E+03   6.0020E+04  -1.0530E+01  -4.2582E+00   2.9876E+01  -8.6166E-01  -3.4845E-01  -4.8895E+00
   1981.92   7.2895E+03   4.2173E+03   6.0018E+04  -1.0666E+01  -4.3123E+00   3.0261E+01  -8.7283E-01  -3.5288E-01  -4.9526E+00
   1982.00   7.2908E+03   4.2146E+03   6.0016E+04  -1.0785E+01  -4.3591E+00   3.0595E+01  -8.8252E-01  -3.5670E-01  -5.0072E+00
   1982.08   7.2922E+03   4.2119E+03   6.0013E+04  -1.0884E+01  -4.3979E+00   3.0873E+01  -8.9062E-01  -3.5988E-01  -5.0528E+00
   1982.17   7.2935E+03   4.2092E+03   6.0011E+04  -1.0963E+01  -4.4288E+00   3.1097E+01  -8.9713E-01  -3.6241E-01  -5.0893E+00
   1982.25   7.2949E+03   4.2065E+03   6.0008E+04  -1.1025E+01  -4.4523E+00   3.1268E+01  -9.0214E-01  -3.6433E-01  -5.1174E+00
   1982.33   7.2962E+03   4.2038E+03   6.0006E+04  -1.1068E+01  -4.4686E+00   3.1389E+01  -9.0570E-01  -3.6567E-01  -5.1372E+00
   1982.42   7.2975E+03   4.2012E+03   6.0003E+04  -1.1095E+01  -4.4780E+00   3.1462E+01  -9.0788E-01  -3.6644E-01  -5.1491E+00
   1982.50   7.2988E+03   4.1985E+03   6.0001E+04  -1.1105E+01  -4.4809E+00   3.1489E+01  -9.0874E-01  -3.6667E-01  -5.1535E+00
   1982.58   7.3002E+03   4.1958E+03   5.9998E+04  -1.1100E+01  -4.4775E+00   3.1473E+01  -9.0835E-01  -3.6640E-01  -5.1508E+00
   1982.67   7.3015E+03   4.1931E+03   5.9996E+04  -1.1081E+01  -4.4683E+00   3.1415E+01  -9.0676E-01  -3.6564E-01  -5.1414E+00
   1982.75   7.3028E+03   4.1904E+03   5.9993E+04  -1.1048E+01  -4.4535E+00   3.1318E+01  -9.0405E-01  -3.6443E-01  -5.1255E+00
   1982.83   7.3042E+03   4.1878E+03   5.9991E+04  -1.1002E+01  -4.4334E+00   3.1184E+01  -9.0027E-01  -3.6279E-01  -5.1036E+00
   1982.92   7.3055E+03   4.1851E+03   5.9988E+04  -1.0943E+01  -4.4084E+00   3.1016E+01  -8.9549E-01  -3.6074E-01  -5.0761E+00
   1983.00   7.3068E+03   4.1824E+03   5.9986E+04  -1.0873E+01  -4.3787E+00   3.0815E+01  -8.8978E-01  -3.5831E-01  -5.0432E+00
   1983.08   7.3081E+03   4.1798E+03   5.9983E+04  -1.0793E+01  -4.3448E+00   3.0584E+01  -8.8319E-01  -3.5553E-01  -5.0054E+00
   1983.17   7.3095E+03   4.1771E+03   5.9980E+04  -1.0703E+01  -4.3068E+00   3.0325E+01  -8.7580E-01  -3.5243E-01  -4.9629E+00
   1983.25   7.3108E+03   4.1745E+03   5.9978E+04  -1.0603E+01  -4.2652E+00   3.0040E+01  -8.6766E-01  -3.4902E-01  -4.9163E+00
   1983.33   7.3122E+03   4.1718E+03   5.9975E+04  -1.0495E+01  -4.2203E+00   2.9731E+01  -8.5884E-01  -3.4535E-01  -4.8658E+00
   1983.42   7.3135E+03   4.1692E+03   5.9972E+04  -1.0380E+01  -4.1723E+00   2.9401E+01  -8.4940E-01  -3.4142E-01  -4.8118E+00
   1983.50   7.3149E+03   4.1665E+03   5.9969E+04  -1.0258E+01  -4.1216E+00   2.9052E+01  -8.3941E-01  -3.3727E-01  -4.7547E+00
   1983.58   7.3163E+03   4.1639E+03   5.9967E+04  -1.0130E+01  -4.0685E+00   2.8686E+01  -8.2892E-01  -3.3293E-01  -4.6948E+00
   1983.67   7.3176E+03   4.1612E+03   5.9964E+04  -9.9965E+00  -4.0134E+00   2.8305E+01  -8.1801E-01  -3.2842E-01  -4.6325E+00
   1983.75   7.3190E+03   4.1586E+03   5.9961E+04  -9.8587E+00  -3.9565E+00   2.7912E+01  -8.0674E-01  -3.2377E-01  -4.5681E+00
   1983.83   7.3204E+03   4.1560E+03   5.9958E+04  -9.7173E+00  -3.8982E+00   2.7509E+01  -7.9517E-01  -3.1899E-01  -4.5021E+00
   1983.92   7.3218E+03   4.1533E+03   5.9955E+04  -9.5730E+00  -3.8388E+00   2.7097E+01  -7.8336E-01  -3.1413E-01  -4.4347E+00
   1984.00   7.3232E+03   4.1507E+03   5.9952E+04  -9.4266E+00  -3.7786E+00   2.6680E+01  -7.7139E-01  -3.0921E-01  -4.3664E+00
   1984.08   7.3246E+03   4.1481E+03   5.9949E+04  -9.2788E+00  -3.7179E+00   2.6258E+01  -7.5929E-01  -3.0424E-01  -4.2975E+00
   1984.17   7.3261E+03   4.1455E+03   5.9946E+04  -9.1297E+00  -3.6568E+00   2.5834E+01  -7.4709E-01  -2.9924E-01  -4.2280E+00
   1984.25   7.3275E+03   4.1429E+03   5.9943E+04  -8.9795E+00  -3.5952E+00   2.5406E+01  -7.3479E-01  -2.9420E-01  -4.1579E+00
   1984.33   7.3290E+03   4.1403E+03   5.9940E+04  -8.8280E+00  -3.5332E+00   2.4975E+01  -7.2240E-01  -2.8912E-01  -4.0874E+00
   1984.42   7.3304E+03   4.1376E+03   5.9937E+04  -8.6755E+00  -3.4709E+00   2.4540E+01  -7.0992E-01  -2.8402E-01  -4.0163E+00
   1984.50   7.3319E+03   4.1350E+03   5.9934E+04  -8.5219E+00  -3.4082E+00   2.4104E+01  -6.9735E-01  -2.7889E-01  -3.9448E+00
   1984.58   7.3334E+03   4.1324E+03   5.9931E+04  -8.3674E+00  -3.3451E+00   2.3664E+01  -6.8471E-01  -2.7373E-01  -3.8729E+00
   1984.67   7.3349E+03   4.1298E+03   5.9928E+04  -8.2120E+00  -3.2818E+00   2.3222E+01  -6.7199E-01  -2.6855E-01  -3.8005E+00
   1984.75   7.3364E+03   4.1272E+03   5.9924E+04  -8.0556E+00  -3.2181E+00   2.2778E+01  -6.5920E-01  -2.6334E-01  -3.7278E+00
   1984.83   7.3380E+03   4.1246E+03   5.9921E+04  -7.8985E+00  -3.1542E+00   2.2331E+01  -6.4634E-01  -2.5811E-01  -3.6547E+00
   1984.92   7.3395E+03   4.1220E+03   5.9918E+04  -7.7407E+00  -3.0901E+00   2.1883E+01  -6.3342E-01  -2.5286E-01  -3.5813E+00
   1985.00   7.3411E+03   4.1194E+03   5.9914E+04  -7.5821E+00  -3.0257E+00   2.1432E+01  -6.2045E-01  -2.4759E-01  -3.5076E+00
   1985.08   7.3427E+03   4.1168E+03   5.9911E+04  -7.4229E+00  -2.9611E+00   2.0980E+01  -6.0742E-01  -2.4231E-01  -3.4336E+00
   1985.17   7.3442E+03   4.1141E+03   5.9908E+04  -7.2632E+00  -2.8964E+00   2.0527E+01  -5.9435E-01  -2.3701E-01  -3.3594E+00
   1985.25   7.3458E+03   4.1115E+03   5.9904E+04  -7.1029E+00  -2.8315E+00   2.0072E+01  -5.8123E-01  -2.3170E-01  -3.2850E+00
   1985.33   7.3475E+03   4.1089E+03   5.9901E+04  -6.9422E+00  -2.7665E+00   1.9616E+01  -5.6808E-01  -2.2638E-01  -3.2103E+00
   1985.42   7.3491E+03   4.1062E+03   5.9897E+04  -6.7810E+00  -2.7014E+00   1.9159E+01  -5.5489E-01  -2.2105E-01  -3.1355E+00
   1985.50   7.3507E+03   4.1036E+03   5.9894E+04  -6.6195E+00  -2.6361E+00   1.8701E+01  -5.4168E-01  -2.1572E-01  -3.0606E+00
   1985.58   7.3524E+03   4.1010E+03   5.9891E+04  -6.4577E+00  -2.5708E+00   1.8242E+01  -5.2844E-01  -2.1037E-01  -2.9855E+00
   1985.67   7.3541E+03   4.0983E+03   5.9887E+04  -6.2957E+00  -2.5055E+00   1.7783E+01  -5.1518E-01  -2.0503E-01  -2.9103E+00
   1985.75   7.3558E+03   4.0956E+03   5.9883E+04  -6.1336E+00  -2.4402E+00   1.7323E+01  -5.0191E-01  -1.9968E-01  -2.8351E+00
   1985.83   7.3575E+03   4.0930E+03   5.9880E+04  -5.9713E+00  -2.3748E+00   1.6863E+01  -4.8863E-01  -1.9433E-01  -2.7598E+00
   1985.92   7.3592E+03   4.0903E+03   5.9876E+04  -5.8089E+00  -2.3095E+00   1.6403E+01  -4.7534E-01  -1.8899E-01  -2.6846E+00
   1986.00   7.3610E+03   4.0876E+03   5.9873E+04  -5.6465E+00  -2.2443E+00   1.5943E+01  -4.6206E-01  -1.8365E-01  -2.6093E+00
   1986.08   7.3628E+03   4.0849E+03   5.9869E+04  -5.4844E+00  -2.1791E+00   1.5484E+01  -4.4879E-01  -1.7832E-01  -2.5342E+00
   1986.17   7.3645E+03   4.0822E+03   5.9865E+04  -5.3234E+00  -2.1145E+00   1.5029E+01  -4.3561E-01  -1.7303E-01  -2.4596E+00
   1986.25   7.3663E+03   4.0795E+03   5.9862E+04  -5.1646E+00  -2.0508E+00   1.4579E+01  -4.2262E-01  -1.6782E-01  -2.3860E+00
   1986.33   7.3682E+03   4.0767E+03   5.9858E+04  -5.0090E+00  -1.9884E+00   1.4139E+01  -4.0989E-01  -1.6271E-01  -2.3140E+00
   1986.42   7.3700E+03   4.0740E+03   5.9854E+04  -4.8579E+00  -1.9277E+00   1.3711E+01  -3.9752E-01  -1.5775E-01  -2.2439E+00
   1986.50   7.3718E+03   4.0713E+03   5.9851E+04  -4.7121E+00  -1.8692E+00   1.3298E+01  -3.8559E-01  -1.5296E-01  -2.1764E+00
   1986.58   7.3737E+03   4.0685E+03   5.9847E+04  -4.5729E+00  -1.8133E+00   1.2904E+01  -3.7420E-01  -1.4838E-01  -2.1119E+00
   1986.67   7.3756E+03   4.0657E+03   5.9843E+04  -4.4412E+00  -1.7604E+00   1.2532E+01  -3.6343E-01  -1.4405E-01  -2.0509E+00
   1986.75   7.3775E+03   4.0630E+03   5.9839E+04  -4.3182E+00  -1.7109E+00   1.2183E+01  -3.5336E-01  -1.4000E-01  -1.9939E+00
   1986.83   7.3794E+03   4.0602E+03   5.9836E+04  -4.2049E+00  -1.6652E+00   1.1862E+01  -3.4409E-01  -1.3627E-01  -1.9414E+00
   1986.92   7.3813E+03   4.0574E+03   5.9832E+04  -4.1024E+00  -1.6238E+00   1.1572E+01  -3.3570E-01  -1.3288E-01  -1.8939E+00
   1987.00   7.3832E+03   4.0546E+03   5.9828E+04  -4.0118E+00  -1.5871E+00   1.1315E+01  -3.2829E-01  -1.2987E-01  -1.8518E+00
   1987.08   7.3851E+03   4.0518E+03   5.9824E+04  -3.9342E+00  -1.5555E+00   1.1095E+01  -3.2194E-01  -1.2729E-01  -1.8158E+00
   1987.17   7.3871E+03   4.0490E+03   5.9820E+04  -3.8706E+00  -1.5294E+00   1.0914E+01  -3.1673E-01  -1.2515E-01  -1.7862E+00
   1987.25   7.3891E+03   4.0461E+03   5.9817E+04  -3.8220E+00  -1.5092E+00   1.0776E+01  -3.1276E-01  -1.2350E-01  -1.7635E+00
   1987.33   7.3910E+03   4.0433E+03   5.9813E+04  -3.7897E+00  -1.4953E+00   1.0683E+01  -3.1011E-01  -1.2236E-01  -1.7484E+00
   1987.42   7.3930E+03   4.0405E+03   5.9809E+04  -3.7746E+00  -1.4883E+00   1.0639E+01  -3.0888E-01  -1.2179E-01  -1.7411E+00
   1987.50   7.3950E+03   4.0376E+03   5.9805E+04  -3.7778E+00  -1.4884E+00   1.0646E+01  -3.0914E-01  -1.2180E-01  -1.7423E+00
   1987.58   7.3970E+03   4.0348E+03   5.9801E+04  -3.8005E+00  -1.4961E+00   1.0708E+01  -3.1099E-01  -1.2243E-01  -1.7525E+00
   1987.67   7.3990E+03   4.0319E+03   5.9797E+04  -3.8436E+00  -1.5119E+00   1.0828E+01  -3.1452E-01  -1.2372E-01  -1.7721E+00
   1987.75   7.4010E+03   4.0290E+03   5.9793E+04  -3.9083E+00  -1.5360E+00   1.1008E+01  -3.1981E-01  -1.2569E-01  -1.8016E+00
   1987.83   7.4031E+03   4.0261E+03   5.9789E+04  -3.9955E+00  -1.5691E+00   1.1252E+01  -3.2696E-01  -1.2840E-01  -1.8416E+00
   1987.92   7.4051E+03   4.0233E+03   5.9785E+04  -4.1065E+00  -1.6114E+00   1.1563E+01  -3.3604E-01  -1.3186E-01  -1.8925E+00
   1988.00   7.4071E+03   4.0204E+03   5.9781E+04  -4.2423E+00  -1.6634E+00   1.1944E+01  -3.4715E-01  -1.3612E-01  -1.9548E+00
   1988.08   7.4092E+03   4.0175E+03   5.9777E+04  -4.4034E+00  -1.7253E+00   1.2396E+01  -3.6033E-01  -1.4119E-01  -2.0287E+00
   1988.17   7.4112E+03   4.0146E+03   5.9773E+04  -4.5881E+00  -1.7965E+00   1.2914E+01  -3.7545E-01  -1.4701E-01  -2.1135E+00
   1988.25   7.4133E+03   4.0116E+03   5.9769E+04  -4.7944E+00  -1.8761E+00   1.3493E+01  -3.9232E-01  -1.5352E-01  -2.2083E+00
   1988.33   7.4153E+03   4.0087E+03   5.9765E+04  -5.0199E+00  -1.9633E+00   1.4126E+01  -4.1078E-01  -1.6066E-01  -2.3119E+00
   1988.42   7.4174E+03   4.0058E+03   5.9761E+04  -5.2626E+00  -2.0571E+00   1.4808E+01  -4.3064E-01  -1.6834E-01  -2.4235E+00
   1988.50   7.4195E+03   4.0029E+03   5.9757E+04  -5.5202E+00  -2.1568E+00   1.5532E+01  -4.5172E-01  -1.7650E-01  -2.5419E+00
   1988.58   7.4216E+03   3.9999E+03   5.9753E+04  -5.7906E+00  -2.2616E+00   1.6291E+01  -4.7385E-01  -1.8506E-01  -2.6662E+00
   1988.67   7.4237E+03   3.9970E+03   5.9749E+04  -6.0716E+00  -2.3704E+00   1.7080E+01  -4.9684E-01  -1.9397E-01  -2.7954E+00
   1988.75   7.4257E+03   3.9941E+03   5.9745E+04  -6.3610E+00  -2.4825E+00   1.7893E+01  -5.2052E-01  -2.0315E-01  -2.9285E+00
   1988.83   7.4278E+03   3.9911E+03   5.9741E+04  -6.6566E+00  -2.5971E+00   1.8724E+01  -5.4471E-01  -2.1252E-01  -3.0644E+00
   1988.92   7.4299E+03   3.9882E+03   5.9737E+04  -6.9563E+00  -2.7133E+00   1.9566E+01  -5.6924E-01  -2.2203E-01  -3.2022E+00
   1989.00   7.4321E+03   3.9852E+03   5.9733E+04  -7.2579E+00  -2.8302E+00   2.0413E+01  -5.9391E-01  -2.3160E-01  -3.3409E+00
   1989.08   7.4342E+03   3.9823E+03   5.9728E+04  -7.5591E+00  -2.9470E+00   2.1260E+01  -6.1856E-01  -2.4115E-01  -3.4794E+00
   1989.17   7.4363E+03   3.9793E+03   5.9724E+04  -7.8579E+00  -3.0628E+00   2.2099E+01  -6.4301E-01  -2.5063E-01  -3.6168E+00
   1989.25   7.4384E+03   3.9764E+03   5.9720E+04  -8.1520E+00  -3.1768E+00   2.2925E+01  -6.6708E-01  -2.5996E-01  -3.7520E+00
   1989.33   7.4406E+03   3.9734E+03   5.9716E+04  -8.4392E+00  -3.2881E+00   2.3732E+01  -6.9058E-01  -2.6907E-01  -3.8840E+00
   1989.42   7.4427E+03   3.9704E+03   5.9712E+04  -8.7174E+00  -3.3959E+00   2.4514E+01  -7.1335E-01  -2.7788E-01  -4.0120E+00
   1989.50   7.4448E+03   3.9675E+03   5.9708E+04  -8.9844E+00  -3.4992E+00   2.5264E+01  -7.3520E-01  -2.8634E-01  -4.1347E+00
   1989.58   7.4470E+03   3.9645E+03   5.9704E+04  -9.2380E+00  -3.5974E+00   2.5976E+01  -7.5595E-01  -2.9438E-01  -4.2513E+00
   1989.67   7.4491E+03   3.9616E+03   5.9699E+04  -9.4760E+00  -3.6895E+00   2.6645E+01  -7.7543E-01  -3.0191E-01  -4.3607E+00
   1989.75   7.4513E+03   3.9586E+03   5.9695E+04  -9.6963E+00  -3.7746E+00   2.7263E+01  -7.9346E-01  -3.0887E-01  -4.4620E+00
   1989.83   7.4535E+03   3.9557E+03   5.9691E+04  -9.8967E+00  -3.8519E+00   2.7826E+01  -8.0985E-01  -3.1520E-01  -4.5540E+00
   1989.92   7.4556E+03   3.9527E+03   5.9687E+04  -1.0075E+01  -3.9206E+00   2.8326E+01  -8.2444E-01  -3.2082E-01  -4.6359E+00
   1990.00   7.4578E+03   3.9498E+03   5.9683E+04  -1.0229E+01  -3.9797E+00   2.8758E+01  -8.3704E-01  -3.2566E-01  -4.7066E+00
   1990.08   7.4600E+03   3.9468E+03   5.9678E+04  -1.0357E+01  -4.0288E+00   2.9117E+01  -8.4752E-01  -3.2968E-01  -4.7654E+00
   1990.17   7.4622E+03   3.9439E+03   5.9674E+04  -1.0460E+01  -4.0680E+00   2.9406E+01  -8.5595E-01  -3.3289E-01  -4.8126E+00
   1990.25   7.4644E+03   3.9409E+03   5.9670E+04  -1.0539E+01  -4.0980E+00   2.9628E+01  -8.6244E-01  -3.3534E-01  -4.8489E+00
   1990.33   7.4666E+03   3.9380E+03   5.9666E+04  -1.0596E+01  -4.1192E+00   2.9787E+01  -8.6711E-01  -3.3708E-01  -4.8750E+00
   1990.42   7.4688E+03   3.9351E+03   5.9662E+04  -1.0633E+01  -4.1323E+00   2.9888E+01  -8.7008E-01  -3.3815E-01  -4.8914E+00
   1990.50   7.4710E+03   3.9321E+03   5.9657E+04  -1.0649E+01  -4.1378E+00   2.9933E+01  -8.7145E-01  -3.3860E-01  -4.8989E+00
   1990.58   7.4733E+03   3.9292E+03   5.9653E+04  -1.0648E+01  -4.1362E+00   2.9928E+01  -8.7134E-01  -3.3847E-01  -4.8980E+00
   1990.67   7.4755E+03   3.9263E+03   5.9649E+04  -1.0630E+01  -4.1280E+00   2.9876E+01  -8.6986E-01  -3.3780E-01  -4.8895E+00
   1990.75   7.4777E+03   3.9233E+03   5.9645E+04  -1.0597E+01  -4.1139E+00   2.9781E+01  -8.6714E-01  -3.3664E-01  -4.8739E+00
   1990.83   7.4800E+03   3.9204E+03   5.9640E+04  -1.0550E+01  -4.0943E+00   2.9647E+01  -8.6327E-01  -3.3504E-01  -4.8520E+00
   1990.92   7.4823E+03   3.9174E+03   5.9636E+04  -1.0490E+01  -4.0699E+00   2.9477E+01  -8.5839E-01  -3.3304E-01  -4.8242E+00
   1991.00   7.4846E+03   3.9145E+03   5.9632E+04  -1.0419E+01  -4.0411E+00   2.9277E+01  -8.5260E-01  -3.3068E-01  -4.7914E+00
   1991.08   7.4868E+03   3.9115E+03   5.9628E+04  -1.0339E+01  -4.0085E+00   2.9049E+01  -8.4602E-01  -3.2802E-01  -4.7541E+00
   1991.17   7.4892E+03   3.9086E+03   5.9624E+04  -1.0250E+01  -3.9726E+00   2.8797E+01  -8.3876E-01  -3.2508E-01  -4.7130E+00
   1991.25   7.4915E+03   3.9056E+03   5.9619E+04  -1.0154E+01  -3.9341E+00   2.8527E+01  -8.3094E-01  -3.2193E-01  -4.6687E+00
   1991.33   7.4938E+03   3.9027E+03   5.9615E+04  -1.0053E+01  -3.8933E+00   2.8241E+01  -8.2267E-01  -3.1859E-01  -4.6219E+00
   1991.42   7.4962E+03   3.8997E+03   5.9611E+04  -9.9481E+00  -3.8510E+00   2.7943E+01  -8.1406E-01  -3.1513E-01  -4.5732E+00
   1991.50   7.4985E+03   3.8968E+03   5.9607E+04  -9.8403E+00  -3.8076E+00   2.7638E+01  -8.0523E-01  -3.1158E-01  -4.5233E+00
   1991.58   7.5009E+03   3.8938E+03   5.9602E+04  -9.7311E+00  -3.7637E+00   2.7329E+01  -7.9630E-01  -3.0798E-01  -4.4727E+00
   1991.67   7.5033E+03   3.8908E+03   5.9598E+04  -9.6220E+00  -3.7198E+00   2.7020E+01  -7.8738E-01  -3.0439E-01  -4.4222E+00
   1991.75   7.5057E+03   3.8878E+03   5.9594E+04  -9.5145E+00  -3.6765E+00   2.6716E+01  -7.7858E-01  -3.0085E-01  -4.3724E+00
   1991.83   7.5081E+03   3.8849E+03   5.9590E+04  -9.4099E+00  -3.6343E+00   2.6420E+01  -7.7001E-01  -2.9739E-01  -4.3239E+00
   1991.92   7.5106E+03   3.8819E+03   5.9585E+04  -9.3095E+00  -3.5937E+00   2.6136E+01  -7.6180E-01  -2.9408E-01  -4.2774E+00
   1992.00   7.5131E+03   3.8789E+03   5.9581E+04  -9.2149E+00  -3.5554E+00   2.5867E+01  -7.5406E-01  -2.9094E-01  -4.2335E+00
   1992.08   7.5155E+03   3.8759E+03   5.9577E+04  -9.1270E+00  -3.5197E+00   2.5618E+01  -7.4687E-01  -2.8802E-01  -4.1927E+00
   1992.17   7.5181E+03   3.8728E+03   5.9573E+04  -9.0455E+00  -3.4865E+00   2.5387E+01  -7.4020E-01  -2.8530E-01  -4.1548E+00
   1992.25   7.5206E+03   3.8698E+03   5.9569E+04  -8.9697E+00  -3.4555E+00   2.5172E+01  -7.3400E-01  -2.8276E-01  -4.1196E+00
   1992.33   7.5231E+03   3.8668E+03   5.9564E+04  -8.8990E+00  -3.4265E+00   2.4971E+01  -7.2821E-01  -2.8039E-01  -4.0867E+00
   1992.42   7.5257E+03   3.8637E+03   5.9560E+04  -8.8326E+00  -3.3991E+00   2.4782E+01  -7.2277E-01  -2.7815E-01  -4.0558E+00
   1992.50   7.5283E+03   3.8607E+03   5.9556E+04  -8.7698E+00  -3.3732E+00   2.4603E+01  -7.1763E-01  -2.7603E-01  -4.0266E+00
   1992.58   7.5309E+03   3.8577E+03   5.9552E+04  -8.7099E+00  -3.3485E+00   2.4433E+01  -7.1273E-01  -2.7401E-01  -3.9987E+00
   1992.67   7.5336E+03   3.8546E+03   5.9547E+04  -8.6523E+00  -3.3247E+00   2.4269E+01  -7.0802E-01  -2.7206E-01  -3.9718E+00
   1992.75   7.5363E+03   3.8515E+03   5.9543E+04  -8.5962E+00  -3.3015E+00   2.4109E+01  -7.0343E-01  -2.7016E-01  -3.9457E+00
   1992.83   7.5390E+03   3.8485E+03   5.9539E+04  -8.5410E+00  -3.2787E+00   2.3952E+01  -6.9891E-01  -2.6830E-01  -3.9199E+00
   1992.92   7.5417E+03   3.8454E+03   5.9535E+04  -8.4859E+00  -3.2560E+00   2.3795E+01  -6.9440E-01  -2.6644E-01  -3.8943E+00
   1993.00   7.5445E+03   3.8423E+03   5.9530E+04  -8.4303E+00  -3.2331E+00   2.3637E+01  -6.8985E-01  -2.6457E-01  -3.8684E+00
   1993.08   7.5473E+03   3.8392E+03   5.9526E+04  -8.3734E+00  -3.2099E+00   2.3475E+01  -6.8520E-01  -2.6266E-01  -3.8419E+00
   1993.17   7.5501E+03   3.8362E+03   5.9522E+04  -8.3146E+00  -3.1859E+00   2.3308E+01  -6.8039E-01  -2.6070E-01  -3.8146E+00
   1993.25   7.5530E+03   3.8331E+03   5.9518E+04  -8.2532E+00  -3.1610E+00   2.3134E+01  -6.7537E-01  -2.5866E-01  -3.7861E+00
   1993.33   7.5559E+03   3.8300E+03   5.9513E+04  -8.1885E+00  -3.1348E+00   2.2950E+01  -6.7007E-01  -2.5653E-01  -3.7561E+00
   1993.42   7.5589E+03   3.8269E+03   5.9509E+04  -8.1198E+00  -3.1072E+00   2.2756E+01  -6.6445E-01  -2.5427E-01  -3.7242E+00
   1993.50   7.5619E+03   3.8238E+03   5.9505E+04  -8.0464E+00  -3.0779E+00   2.2548E+01  -6.5844E-01  -2.5186E-01  -3.6902E+00
   1993.58   7.5649E+03   3.8207E+03   5.9500E+04  -7.9675E+00  -3.0465E+00   2.2325E+01  -6.5199E-01  -2.4930E-01  -3.6538E+00
   1993.67   7.5680E+03   3.8176E+03   5.9496E+04  -7.8826E+00  -3.0129E+00   2.2085E+01  -6.4504E-01  -2.4654E-01  -3.6145E+00
   1993.75   7.5711E+03   3.8145E+03   5.9491E+04  -7.7909E+00  -2.9767E+00   2.1827E+01  -6.3753E-01  -2.4358E-01  -3.5722E+00
   1993.83   7.5742E+03   3.8113E+03   5.9487E+04  -7.6917E+00  -2.9377E+00   2.1547E+01  -6.2941E-01  -2.4039E-01  -3.5264E+00
   1993.92   7.5774E+03   3.8082E+03   5.9482E+04  -7.5843E+00  -2.8956E+00   2.1245E+01  -6.2063E-01  -2.3695E-01  -3.4769E+00
   1994.00   7.5807E+03   3.8051E+03   5.9478E+04  -7.4680E+00  -2.8502E+00   2.0917E+01  -6.1111E-01  -2.3324E-01  -3.4233E+00
   1994.08   7.5840E+03   3.8020E+03   5.9473E+04  -7.3425E+00  -2.8013E+00   2.0564E+01  -6.0084E-01  -2.2924E-01  -3.3655E+00
   1994.17   7.5873E+03   3.7989E+03   5.9469E+04  -7.2082E+00  -2.7492E+00   2.0186E+01  -5.8985E-01  -2.2497E-01  -3.3037E+00
   1994.25   7.5907E+03   3.7958E+03   5.9464E+04  -7.0660E+00  -2.6940E+00   1.9787E+01  -5.7821E-01  -2.2045E-01  -3.2383E+00
   1994.33   7.5942E+03   3.7926E+03   5.9460E+04  -6.9168E+00  -2.6362E+00   1.9367E+01  -5.6600E-01  -2.1573E-01  -3.1697E+00
   1994.42   7.5977E+03   3.7895E+03   5.9455E+04  -6.7614E+00  -2.5761E+00   1.8931E+01  -5.5329E-01  -2.1081E-01  -3.0982E+00
   1994.50   7.6012E+03   3.7864E+03   5.9451E+04  -6.6006E+00  -2.5140E+00   1.8479E+01  -5.4013E-01  -2.0572E-01  -3.0243E+00
   1994.58   7.6047E+03   3.7832E+03   5.9446E+04  -6.4353E+00  -2.4502E+00   1.8015E+01  -5.2661E-01  -2.0050E-01  -2.9483E+00
   1994.67   7.6084E+03   3.7801E+03   5.9441E+04  -6.2664E+00  -2.3851E+00   1.7540E+01  -5.1278E-01  -1.9517E-01  -2.8707E+00
   1994.75   7.6120E+03   3.7769E+03   5.9436E+04  -6.0946E+00  -2.3188E+00   1.7058E+01  -4.9873E-01  -1.8975E-01  -2.7918E+00
   1994.83   7.6157E+03   3.7737E+03   5.9432E+04  -5.9209E+00  -2.2519E+00   1.6570E+01  -4.8451E-01  -1.8427E-01  -2.7119E+00
   1994.92   7.6194E+03   3.7705E+03   5.9427E+04  -5.7460E+00  -2.1845E+00   1.6079E+01  -4.7019E-01  -1.7876E-01  -2.6316E+00
   1995.00   7.6232E+03   3.7673E+03   5.9422E+04  -5.5708E+00  -2.1171E+00   1.5588E+01  -4.5586E-01  -1.7324E-01  -2.5511E+00
   1995.08   7.6270E+03   3.7641E+03   5.9418E+04  -5.3961E+00  -2.0499E+00   1.5097E+01  -4.4157E-01  -1.6774E-01  -2.4708E+00
   1995.17   7.6309E+03   3.7609E+03   5.9413E+04  -5.2229E+00  -1.9832E+00   1.4611E+01  -4.2739E-01  -1.6228E-01  -2.3912E+00
   1995.25   7.6348E+03   3.7576E+03   5.9408E+04  -5.0518E+00  -1.9174E+00   1.4131E+01  -4.1339E-01  -1.5690E-01  -2.3127E+00
   1995.33   7.6387E+03   3.7543E+03   5.9403E+04  -4.8838E+00  -1.8527E+00   1.3659E+01  -3.9965E-01  -1.5161E-01  -2.2355E+00
   1995.42   7.6427E+03   3.7510E+03   5.9398E+04  -4.7198E+00  -1.7896E+00   1.3199E+01  -3.8622E-01  -1.4644E-01  -2.1601E+00
   1995.50   7.6467E+03   3.7477E+03   5.9394E+04  -4.5605E+00  -1.7283E+00   1.2752E+01  -3.7319E-01  -1.4142E-01  -2.0869E+00
   1995.58   7.6507E+03   3.7444E+03   5.9389E+04  -4.4068E+00  -1.6691E+00   1.2320E+01  -3.6061E-01  -1.3658E-01  -2.0163E+00
   1995.67   7.6548E+03   3.7410E+03   5.9384E+04  -4.2596E+00  -1.6124E+00   1.1907E+01  -3.4856E-01  -1.3194E-01  -1.9487E+00
   1995.75   7.6589E+03   3.7376E+03   5.9379E+04  -4.1196E+00  -1.5584E+00   1.1514E+01  -3.3711E-01  -1.2753E-01  -1.8843E+00
   1995.83   7.6631E+03   3.7342E+03   5.9374E+04  -3.9878E+00  -1.5076E+00   1.1143E+01  -3.2632E-01  -1.2336E-01  -1.8237E+00
   1995.92   7.6672E+03   3.7308E+03   5.9369E+04  -3.8649E+00  -1.4601E+00   1.0798E+01  -3.1626E-01  -1.1948E-01  -1.7672E+00
   1996.00   7.6714E+03   3.7273E+03   5.9364E+04  -3.7518E+00  -1.4164E+00   1.0480E+01  -3.0701E-01  -1.1591E-01  -1.7152E+00
   1996.08   7.6757E+03   3.7238E+03   5.9360E+04  -3.6493E+00  -1.3767E+00   1.0192E+01  -2.9862E-01  -1.1266E-01  -1.6680E+00
   1996.17   7.6799E+03   3.7203E+03   5.9355E+04  -3.5575E+00  -1.3411E+00   9.9336E+00  -2.9111E-01  -1.0974E-01  -1.6257E+00
   1996.25   7.6842E+03   3.7167E+03   5.9350E+04  -3.4765E+00  -1.3095E+00   9.7054E+00  -2.8448E-01  -1.0716E-01  -1.5884E+00
   1996.33   7.6886E+03   3.7131E+03   5.9345E+04  -3.4063E+00  -1.2821E+00   9.5075E+00  -2.7874E-01  -1.0491E-01  -1.5560E+00
   1996.42   7.6929E+03   3.7095E+03   5.9340E+04  -3.3470E+00  -1.2588E+00   9.3401E+00  -2.7389E-01  -1.0301E-01  -1.5286E+00
   1996.50   7.6973E+03   3.7059E+03   5.9335E+04  -3.2987E+00  -1.2396E+00   9.2033E+00  -2.6993E-01  -1.0144E-01  -1.5062E+00
   1996.58   7.7017E+03   3.7022E+03   5.9331E+04  -3.2614E+00  -1.2245E+00   9.0973E+00  -2.6688E-01  -1.0021E-01  -1.4889E+00
   1996.67   7.7062E+03   3.6985E+03   5.9326E+04  -3.2353E+00  -1.2137E+00   9.0223E+00  -2.6474E-01  -9.9316E-02  -1.4766E+00
   1996.75   7.7106E+03   3.6948E+03   5.9321E+04  -3.2203E+00  -1.2070E+00   8.9785E+00  -2.6351E-01  -9.8770E-02  -1.4694E+00
   1996.83   7.7151E+03   3.6910E+03   5.9316E+04  -3.2165E+00  -1.2045E+00   8.9659E+00  -2.6320E-01  -9.8569E-02  -1.4674E+00
   1996.92   7.7196E+03   3.6873E+03   5.9311E+04  -3.2240E+00  -1.2063E+00   8.9848E+00  -2.6382E-01  -9.8713E-02  -1.4705E+00
   1997.00   7.7241E+03   3.6835E+03   5.9306E+04  -3.2428E+00  -1.2123E+00   9.0354E+00  -2.6536E-01  -9.9204E-02  -1.4787E+00
   1997.08   7.7287E+03   3.6796E+03   5.9302E+04  -3.2731E+00  -1.2226E+00   9.1177E+00  -2.6784E-01  -1.0004E-01  -1.4922E+00
   1997.17   7.7332E+03   3.6758E+03   5.9297E+04  -3.3149E+00  -1.2371E+00   9.2320E+00  -2.7126E-01  -1.0123E-01  -1.5109E+00
   1997.25   7.7378E+03   3.6719E+03   5.9292E+04  -3.3681E+00  -1.2559E+00   9.3784E+00  -2.7562E-01  -1.0277E-01  -1.5349E+00
   1997.33   7.7424E+03   3.6680E+03   5.9287E+04  -3.4330E+00  -1.2791E+00   9.5571E+00  -2.8093E-01  -1.0467E-01  -1.5641E+00
   1997.42   7.7470E+03   3.6640E+03   5.9283E+04  -3.5096E+00  -1.3065E+00   9.7683E+00  -2.8719E-01  -1.0691E-01  -1.5987E+00
   1997.50   7.7516E+03   3.6601E+03   5.9278E+04  -3.5979E+00  -1.3383E+00   1.0012E+01  -2.9442E-01  -1.0952E-01  -1.6386E+00
   1997.58   7.7563E+03   3.6561E+03   5.9273E+04  -3.6980E+00  -1.3745E+00   1.0289E+01  -3.0261E-01  -1.1248E-01  -1.6838E+00
   1997.67   7.7609E+03   3.6521E+03   5.9268E+04  -3.8099E+00  -1.4151E+00   1.0598E+01  -3.1177E-01  -1.1580E-01  -1.7345E+00
   1997.75   7.7656E+03   3.6480E+03   5.9264E+04  -3.9338E+00  -1.4600E+00   1.0941E+01  -3.2191E-01  -1.1947E-01  -1.7906E+00
   1997.83   7.7703E+03   3.6440E+03   5.9259E+04  -4.0697E+00  -1.5094E+00   1.1317E+01  -3.3302E-01  -1.2351E-01  -1.8521E+00
   1997.92   7.7750E+03   3.6399E+03   5.9254E+04  -4.2176E+00  -1.5632E+00   1.1726E+01  -3.4512E-01  -1.2791E-01  -1.9191E+00
   1998.00   7.7797E+03   3.6358E+03   5.9250E+04  -4.3776E+00  -1.6214E+00   1.2169E+01  -3.5822E-01  -1.3268E-01  -1.9916E+00
   1998.08   7.7844E+03   3.6317E+03   5.9245E+04  -4.5495E+00  -1.6840E+00   1.2645E+01  -3.7229E-01  -1.3780E-01  -2.0695E+00
   1998.17   7.7891E+03   3.6275E+03   5.9241E+04  -4.7322E+00  -1.7506E+00   1.3151E+01  -3.8724E-01  -1.4325E-01  -2.1523E+00
   1998.25   7.7939E+03   3.6233E+03   5.9236E+04  -4.9241E+00  -1.8205E+00   1.3682E+01  -4.0295E-01  -1.4898E-01  -2.2393E+00
   1998.33   7.7986E+03   3.6192E+03   5.9232E+04  -5.1240E+00  -1.8934E+00   1.4236E+01  -4.1930E-01  -1.5494E-01  -2.3299E+00
   1998.42   7.8034E+03   3.6149E+03   5.9227E+04  -5.3302E+00  -1.9686E+00   1.4807E+01  -4.3617E-01  -1.6109E-01  -2.4233E+00
   1998.50   7.8081E+03   3.6107E+03   5.9223E+04  -5.5415E+00  -2.0456E+00   1.5392E+01  -4.5346E-01  -1.6739E-01  -2.5191E+00
   1998.58   7.8129E+03   3.6065E+03   5.9218E+04  -5.7562E+00  -2.1239E+00   1.5987E+01  -4.7103E-01  -1.7380E-01  -2.6164E+00
   1998.67   7.8177E+03   3.6022E+03   5.9214E+04  -5.9731E+00  -2.2030E+00   1.6588E+01  -4.8878E-01  -1.8027E-01  -2.7148E+00
   1998.75   7.8225E+03   3.5979E+03   5.9209E+04  -6.1907E+00  -2.2823E+00   1.7190E+01  -5.0658E-01  -1.8676E-01  -2.8134E+00
   1998.83   7.8273E+03   3.5936E+03   5.9205E+04  -6.4074E+00  -2.3613E+00   1.7791E+01  -5.2432E-01  -1.9323E-01  -2.9116E+00
   1998.92   7.8321E+03   3.5893E+03   5.9200E+04  -6.6220E+00  -2.4395E+00   1.8385E+01  -5.4188E-01  -1.9963E-01  -3.0089E+00
   1999.00   7.8370E+03   3.5850E+03   5.9196E+04  -6.8329E+00  -2.5164E+00   1.8969E+01  -5.5914E-01  -2.0591E-01  -3.1045E+00
   1999.08   7.8419E+03   3.5806E+03   5.9191E+04  -7.0388E+00  -2.5913E+00   1.9539E+01  -5.7599E-01  -2.1205E-01  -3.1978E+00
   1999.17   7.8467E+03   3.5763E+03   5.9187E+04  -7.2381E+00  -2.6639E+00   2.0091E+01  -5.9230E-01  -2.1799E-01  -3.2881E+00
   1999.25   7.8516E+03   3.5719E+03   5.9182E+04  -7.4294E+00  -2.7335E+00   2.0621E+01  -6.0795E-01  -2.2369E-01  -3.3748E+00
   1999.33   7.8565E+03   3.5675E+03   5.9178E+04  -7.6114E+00  -2.7997E+00   2.1124E+01  -6.2284E-01  -2.2910E-01  -3.4572E+00
   1999.42   7.8615E+03   3.5631E+03   5.9173E+04  -7.7825E+00  -2.8619E+00   2.1598E+01  -6.3684E-01  -2.3419E-01  -3.5348E+00
   1999.50   7.8664E+03   3.5587E+03   5.9169E+04  -7.9413E+00  -2.9195E+00   2.2038E+01  -6.4984E-01  -2.3891E-01  -3.6067E+00
   1999.58   7.8714E+03   3.5543E+03   5.9164E+04  -8.0864E+00  -2.9721E+00   2.2439E+01  -6.6172E-01  -2.4321E-01  -3.6724E+00
   1999.67   7.8763E+03   3.5499E+03   5.9159E+04  -8.2164E+00  -3.0191E+00   2.2798E+01  -6.7235E-01  -2.4706E-01  -3.7312E+00
   1999.75   7.8813E+03   3.5455E+03   5.9155E+04  -8.3298E+00  -3.0601E+00   2.3112E+01  -6.8163E-01  -2.5041E-01  -3.7825E+00
   1999.83   7.8864E+03   3.5410E+03   5.9150E+04  -8.4251E+00  -3.0943E+00   2.3375E+01  -6.8943E-01  -2.5321E-01  -3.8256E+00
   1999.92   7.8914E+03   3.5366E+03   5.9146E+04  -8.5010E+00  -3.1215E+00   2.3584E+01  -6.9564E-01  -2.5543E-01  -3.8598E+00
   2000.00   7.8965E+03   3.5322E+03   5.9141E+04  -8.5560E+00  -3.1409E+00   2.3736E+01  -7.0014E-01  -2.5702E-01  -3.8846E+00
   2000.08   7.9016E+03   3.5277E+03   5.9136E+04  -8.5891E+00  -3.1523E+00   2.3826E+01  -7.0285E-01  -2.5795E-01  -3.8994E+00
   2000.17   7.9067E+03   3.5233E+03   5.9131E+04  -8.6018E+00  -3.1561E+00   2.3860E+01  -7.0389E-01  -2.5827E-01  -3.9049E+00
   2000.25   7.9118E+03   3.5188E+03   5.9127E+04  -8.5957E+00  -3.1531E+00   2.3842E+01  -7.0339E-01  -2.5802E-01  -3.9020E+00
   2000.33   7.9169E+03   3.5144E+03   5.9122E+04  -8.5727E+00  -3.1438E+00   2.3777E+01  -7.0151E-01  -2.5726E-01  -3.8913E+00
   2000.42   7.9221E+03   3.5099E+03   5.9117E+04  -8.5346E+00  -3.1290E+00   2.3670E+01  -6.9839E-01  -2.5604E-01  -3.8738E+00
   2000.50   7.9273E+03   3.5054E+03   5.9112E+04  -8.4833E+00  -3.1092E+00   2.3526E+01  -6.9419E-01  -2.5443E-01  -3.8502E+00
   2000.58   7.9325E+03   3.5010E+03   5.9107E+04  -8.4206E+00  -3.0852E+00   2.3350E+01  -6.8906E-01  -2.5246E-01  -3.8215E+00
   2000.67   7.9377E+03   3.4965E+03   5.9103E+04  -8.3482E+00  -3.0576E+00   2.3148E+01  -6.8313E-01  -2.5021E-01  -3.7883E+00
   2000.75   7.9429E+03   3.4920E+03   5.9098E+04  -8.2679E+00  -3.0272E+00   2.2923E+01  -6.7657E-01  -2.4771E-01  -3.7516E+00
   2000.83   7.9481E+03   3.4875E+03   5.9093E+04  -8.1817E+00  -2.9944E+00   2.2682E+01  -6.6951E-01  -2.4504E-01  -3.7122E+00
   2000.92   7.9533E+03   3.4830E+03   5.9088E+04  -8.0913E+00  -2.9601E+00   2.2430E+01  -6.6212E-01  -2.4223E-01  -3.6708E+00
   2001.00   7.9586E+03   3.4785E+03   5.9083E+04  -7.9986E+00  -2.9249E+00   2.2170E+01  -6.5453E-01  -2.3934E-01  -3.6284E+00
   2001.08   7.9639E+03   3.4741E+03   5.9078E+04  -7.9053E+00  -2.8894E+00   2.1909E+01  -6.4689E-01  -2.3644E-01  -3.5857E+00
   2001.17   7.9691E+03   3.4696E+03   5.9073E+04  -7.8132E+00  -2.8543E+00   2.1652E+01  -6.3936E-01  -2.3357E-01  -3.5435E+00
   2001.25   7.9744E+03   3.4650E+03   5.9068E+04  -7.7242E+00  -2.8202E+00   2.1403E+01  -6.3208E-01  -2.3078E-01  -3.5028E+00
   2001.33   7.9797E+03   3.4605E+03   5.9063E+04  -7.6402E+00  -2.7879E+00   2.1167E+01  -6.2520E-01  -2.2814E-01  -3.4642E+00
   2001.42   7.9850E+03   3.4560E+03   5.9058E+04  -7.5628E+00  -2.7580E+00   2.0950E+01  -6.1887E-01  -2.2569E-01  -3.4287E+00
   2001.50   7.9903E+03   3.4515E+03   5.9053E+04  -7.4940E+00  -2.7312E+00   2.0756E+01  -6.1324E-01  -2.2349E-01  -3.3970E+00
   2001.58   7.9956E+03   3.4470E+03   5.9048E+04  -7.4355E+00  -2.7080E+00   2.0591E+01  -6.0845E-01  -2.2160E-01  -3.3699E+00
   2001.67   8.0009E+03   3.4425E+03   5.9044E+04  -7.3892E+00  -2.6893E+00   2.0460E+01  -6.0466E-01  -2.2007E-01  -3.3484E+00
   2001.75   8.0062E+03   3.4379E+03   5.9039E+04  -7.3569E+00  -2.6756E+00   2.0367E+01  -6.0202E-01  -2.1895E-01  -3.3332E+00
   2001.83   8.0115E+03   3.4334E+03   5.9034E+04  -7.3404E+00  -2.6676E+00   2.0318E+01  -6.0067E-01  -2.1829E-01  -3.3252E+00
   2001.92   8.0168E+03   3.4288E+03   5.9029E+04  -7.3415E+00  -2.6660E+00   2.0317E+01  -6.0075E-01  -2.1816E-01  -3.3251E+00
   2002.00   8.0221E+03   3.4243E+03   5.9024E+04  -7.3620E+00  -2.6714E+00   2.0370E+01  -6.0243E-01  -2.1860E-01  -3.3338E+00
   2002.08   8.0274E+03   3.4197E+03   5.9019E+04  -7.4031E+00  -2.6843E+00   2.0481E+01  -6.0580E-01  -2.1966E-01  -3.3519E+00
   2002.17   8.0327E+03   3.4152E+03   5.9014E+04  -7.4636E+00  -2.7043E+00   2.0645E+01  -6.1075E-01  -2.2129E-01  -3.3787E+00
   2002.25   8.0379E+03   3.4106E+03   5.9009E+04  -7.5416E+00  -2.7305E+00   2.0857E+01  -6.1713E-01  -2.2344E-01  -3.4134E+00
   2002.33   8.0432E+03   3.4060E+03   5.9004E+04  -7.6352E+00  -2.7625E+00   2.1112E+01  -6.2479E-01  -2.2606E-01  -3.4552E+00
   2002.42   8.0485E+03   3.4015E+03   5.8999E+04  -7.7425E+00  -2.7994E+00   2.1406E+01  -6.3357E-01  -2.2908E-01  -3.5032E+00
   2002.50   8.0538E+03   3.3969E+03   5.8994E+04  -7.8616E+00  -2.8406E+00   2.1732E+01  -6.4332E-01  -2.3245E-01  -3.5566E+00
   2002.58   8.0591E+03   3.3923E+03   5.8990E+04  -7.9907E+00  -2.8855E+00   2.2085E+01  -6.5388E-01  -2.3612E-01  -3.6145E+00
   2002.67   8.0644E+03   3.3878E+03   5.8985E+04  -8.1279E+00  -2.9333E+00   2.2461E+01  -6.6511E-01  -2.4004E-01  -3.6761E+00
   2002.75   8.0696E+03   3.3832E+03   5.8980E+04  -8.2713E+00  -2.9834E+00   2.2855E+01  -6.7684E-01  -2.4413E-01  -3.7404E+00
   2002.83   8.0749E+03   3.3786E+03   5.8975E+04  -8.4189E+00  -3.0351E+00   2.3260E+01  -6.8893E-01  -2.4836E-01  -3.8067E+00
   2002.92   8.0802E+03   3.3741E+03   5.8970E+04  -8.5691E+00  -3.0877E+00   2.3672E+01  -7.0121E-01  -2.5267E-01  -3.8742E+00
   2003.00   8.0855E+03   3.3695E+03   5.8965E+04  -8.7197E+00  -3.1406E+00   2.4086E+01  -7.1354E-01  -2.5699E-01  -3.9419E+00
   2003.08   8.0907E+03   3.3649E+03   5.8960E+04  -8.8690E+00  -3.1929E+00   2.4496E+01  -7.2576E-01  -2.6128E-01  -4.0090E+00
   2003.17   8.0960E+03   3.3604E+03   5.8955E+04  -9.0151E+00  -3.2442E+00   2.4897E+01  -7.3771E-01  -2.6548E-01  -4.0746E+00
   2003.25   8.1012E+03   3.3558E+03   5.8950E+04  -9.1562E+00  -3.2937E+00   2.5284E+01  -7.4925E-01  -2.6953E-01  -4.1380E+00
   2003.33   8.1065E+03   3.3512E+03   5.8945E+04  -9.2902E+00  -3.3407E+00   2.5652E+01  -7.6022E-01  -2.7337E-01  -4.1982E+00
   2003.42   8.1118E+03   3.3467E+03   5.8940E+04  -9.4154E+00  -3.3846E+00   2.5996E+01  -7.7046E-01  -2.7696E-01  -4.2545E+00
   2003.50   8.1170E+03   3.3422E+03   5.8935E+04  -9.5298E+00  -3.4246E+00   2.6310E+01  -7.7983E-01  -2.8023E-01  -4.3058E+00
   2003.58   8.1223E+03   3.3376E+03   5.8930E+04  -9.6316E+00  -3.4601E+00   2.6589E+01  -7.8816E-01  -2.8314E-01  -4.3515E+00
   2003.67   8.1275E+03   3.3331E+03   5.8925E+04  -9.7189E+00  -3.4904E+00   2.6828E+01  -7.9531E-01  -2.8562E-01  -4.3907E+00
   2003.75   8.1328E+03   3.3286E+03   5.8920E+04  -9.7899E+00  -3.5148E+00   2.7022E+01  -8.0111E-01  -2.8762E-01  -4.4224E+00
   2003.83   8.1380E+03   3.3240E+03   5.8915E+04  -9.8425E+00  -3.5327E+00   2.7166E+01  -8.0542E-01  -2.8908E-01  -4.4459E+00
   2003.92   8.1433E+03   3.3195E+03   5.8910E+04  -9.8751E+00  -3.5434E+00   2.7254E+01  -8.0808E-01  -2.8996E-01  -4.4604E+00
   2004.00   8.1485E+03   3.3150E+03   5.8904E+04  -9.8855E+00  -3.5461E+00   2.7281E+01  -8.0894E-01  -2.9018E-01  -4.4648E+00
   2004.08   8.1538E+03   3.3106E+03   5.8899E+04  -9.8727E+00  -3.5405E+00   2.7244E+01  -8.0789E-01  -2.8972E-01  -4.4587E+00
   2004.17   8.1590E+03   3.3061E+03   5.8894E+04  -9.8375E+00  -3.5269E+00   2.7145E+01  -8.0500E-01  -2.8860E-01  -4.4425E+00
   2004.25   8.1642E+03   3.3016E+03   5.8889E+04  -9.7814E+00  -3.5057E+00   2.6988E+01  -8.0041E-01  -2.8688E-01  -4.4169E+00
   2004.33   8.1695E+03   3.2972E+03   5.8883E+04  -9.7060E+00  -3.4777E+00   2.6779E+01  -7.9425E-01  -2.8458E-01  -4.3826E+00
   2004.42   8.1747E+03   3.2927E+03   5.8878E+04  -9.6129E+00  -3.4432E+00   2.6520E+01  -7.8663E-01  -2.8176E-01  -4.3403E+00
   2004.50   8.1799E+03   3.2883E+03   5.8872E+04  -9.5035E+00  -3.4029E+00   2.6217E+01  -7.7768E-01  -2.7846E-01  -4.2906E+00
   2004.58   8.1852E+03   3.2838E+03   5.8867E+04  -9.3795E+00  -3.3574E+00   2.5873E+01  -7.6753E-01  -2.7474E-01  -4.2343E+00
   2004.67   8.1904E+03   3.2794E+03   5.8862E+04  -9.2423E+00  -3.3071E+00   2.5492E+01  -7.5630E-01  -2.7062E-01  -4.1721E+00
   2004.75   8.1956E+03   3.2749E+03   5.8856E+04  -9.0934E+00  -3.2526E+00   2.5080E+01  -7.4412E-01  -2.6616E-01  -4.1046E+00
   2004.83   8.2008E+03   3.2705E+03   5.8850E+04  -8.9345E+00  -3.1945E+00   2.4640E+01  -7.3111E-01  -2.6141E-01  -4.0325E+00
   2004.92   8.2060E+03   3.2661E+03   5.8845E+04  -8.7671E+00  -3.1334E+00   2.4176E+01  -7.1741E-01  -2.5640E-01  -3.9566E+00
   2005.00   8.2112E+03   3.2617E+03   5.8839E+04  -8.5926E+00  -3.0697E+00   2.3693E+01  -7.0314E-01  -2.5119E-01  -3.8775E+00
   2005.08   8.2163E+03   3.2572E+03   5.8834E+04  -8.4127E+00  -3.0040E+00   2.3194E+01  -6.8841E-01  -2.4582E-01  -3.7960E+00
   2005.17   8.2215E+03   3.2528E+03   5.8828E+04  -8.2288E+00  -2.9369E+00   2.2685E+01  -6.7336E-01  -2.4033E-01  -3.7127E+00
   2005.25   8.2267E+03   3.2484E+03   5.8822E+04  -8.0425E+00  -2.8689E+00   2.2169E+01  -6.5812E-01  -2.3476E-01  -3.6283E+00
   2005.33   8.2318E+03   3.2439E+03   5.8817E+04  -7.8554E+00  -2.8006E+00   2.1651E+01  -6.4281E-01  -2.2918E-01  -3.5434E+00
   2005.42   8.2369E+03   3.2395E+03   5.8811E+04  -7.6689E+00  -2.7325E+00   2.1135E+01  -6.2755E-01  -2.2361E-01  -3.4589E+00
   2005.50   8.2421E+03   3.2351E+03   5.8805E+04  -7.4846E+00  -2.6653E+00   2.0625E+01  -6.1247E-01  -2.1810E-01  -3.3754E+00
   2005.58   8.2472E+03   3.2306E+03   5.8800E+04  -7.3041E+00  -2.5993E+00   2.0125E+01  -5.9770E-01  -2.1270E-01  -3.2936E+00
   2005.67   8.2523E+03   3.2262E+03   5.8794E+04  -7.1289E+00  -2.5352E+00   1.9639E+01  -5.8336E-01  -2.0746E-01  -3.2142E+00
   2005.75   8.2573E+03   3.2218E+03   5.8788E+04  -6.9605E+00  -2.4736E+00   1.9173E+01  -5.6958E-01  -2.0241E-01  -3.1378E+00
   2005.83   8.2624E+03   3.2173E+03   5.8782E+04  -6.8004E+00  -2.4149E+00   1.8729E+01  -5.5648E-01  -1.9761E-01  -3.0653E+00
   2005.92   8.2675E+03   3.2128E+03   5.8776E+04  -6.6502E+00  -2.3597E+00   1.8313E+01  -5.4419E-01  -1.9310E-01  -2.9971E+00
   2006.00   8.2725E+03   3.2084E+03   5.8770E+04  -6.5115E+00  -2.3087E+00   1.7928E+01  -5.3284E-01  -1.8892E-01  -2.9342E+00
   2006.08   8.2775E+03   3.2039E+03   5.8765E+04  -6.3853E+00  -2.2621E+00   1.7578E+01  -5.2251E-01  -1.8511E-01  -2.8769E+00
   2006.17   8.2825E+03   3.1994E+03   5.8759E+04  -6.2712E+00  -2.2199E+00   1.7262E+01  -5.1317E-01  -1.8165E-01  -2.8251E+00
   2006.25   8.2875E+03   3.1949E+03   5.8753E+04  -6.1682E+00  -2.1816E+00   1.6976E+01  -5.0475E-01  -1.7852E-01  -2.7782E+00
   2006.33   8.2925E+03   3.1904E+03   5.8747E+04  -6.0754E+00  -2.1470E+00   1.6718E+01  -4.9716E-01  -1.7569E-01  -2.7361E+00
   2006.42   8.2974E+03   3.1859E+03   5.8741E+04  -5.9920E+00  -2.1157E+00   1.6486E+01  -4.9033E-01  -1.7313E-01  -2.6981E+00
   2006.50   8.3024E+03   3.1814E+03   5.8735E+04  -5.9169E+00  -2.0875E+00   1.6277E+01  -4.8418E-01  -1.7082E-01  -2.6639E+00
   2006.58   8.3073E+03   3.1769E+03   5.8729E+04  -5.8493E+00  -2.0620E+00   1.6089E+01  -4.7865E-01  -1.6873E-01  -2.6331E+00
   2006.67   8.3122E+03   3.1723E+03   5.8723E+04  -5.7883E+00  -2.0389E+00   1.5919E+01  -4.7366E-01  -1.6684E-01  -2.6052E+00
   2006.75   8.3171E+03   3.1678E+03   5.8717E+04  -5.7330E+00  -2.0178E+00   1.5764E+01  -4.6913E-01  -1.6512E-01  -2.5800E+00
   2006.83   8.3220E+03   3.1633E+03   5.8711E+04  -5.6824E+00  -1.9985E+00   1.5623E+01  -4.6499E-01  -1.6353E-01  -2.5569E+00
   2006.92   8.3269E+03   3.1587E+03   5.8705E+04  -5.6356E+00  -1.9805E+00   1.5492E+01  -4.6117E-01  -1.6207E-01  -2.5355E+00
   2007.00   8.3318E+03   3.1542E+03   5.8699E+04  -5.5918E+00  -1.9637E+00   1.5370E+01  -4.5758E-01  -1.6069E-01  -2.5155E+00
   2007.08   8.3366E+03   3.1496E+03   5.8693E+04  -5.5500E+00  -1.9477E+00   1.5253E+01  -4.5416E-01  -1.5938E-01  -2.4964E+00
   2007.17   8.3415E+03   3.1451E+03   5.8686E+04  -5.5092E+00  -1.9321E+00   1.5140E+01  -4.5082E-01  -1.5811E-01  -2.4777E+00
   2007.25   8.3463E+03   3.1405E+03   5.8680E+04  -5.4686E+00  -1.9167E+00   1.5026E+01  -4.4750E-01  -1.5684E-01  -2.4592E+00
   2007.33   8.3512E+03   3.1359E+03   5.8674E+04  -5.4274E+00  -1.9011E+00   1.4911E+01  -4.4412E-01  -1.5556E-01  -2.4404E+00
   2007.42   8.3560E+03   3.1314E+03   5.8668E+04  -5.3844E+00  -1.8849E+00   1.4792E+01  -4.4061E-01  -1.5424E-01  -2.4209E+00
   2007.50   8.3608E+03   3.1268E+03   5.8662E+04  -5.3389E+00  -1.8680E+00   1.4666E+01  -4.3688E-01  -1.5286E-01  -2.4002E+00
   2007.58   8.3656E+03   3.1222E+03   5.8656E+04  -5.2899E+00  -1.8498E+00   1.4530E+01  -4.3288E-01  -1.5137E-01  -2.3779E+00
   2007.67   8.3705E+03   3.1177E+03   5.8650E+04  -5.2366E+00  -1.8303E+00   1.4382E+01  -4.2851E-01  -1.4977E-01  -2.3537E+00
   2007.75   8.3753E+03   3.1131E+03   5.8644E+04  -5.1779E+00  -1.8089E+00   1.4220E+01  -4.2371E-01  -1.4802E-01  -2.3272E+00
   2007.83   8.3801E+03   3.1085E+03   5.8637E+04  -5.1130E+00  -1.7854E+00   1.4040E+01  -4.1840E-01  -1.4610E-01  -2.2978E+00
   2007.92   8.3849E+03   3.1039E+03   5.8631E+04  -5.0410E+00  -1.7595E+00   1.3841E+01  -4.1251E-01  -1.4398E-01  -2.2653E+00
   2008.00   8.3897E+03   3.0994E+03   5.8625E+04  -4.9610E+00  -1.7308E+00   1.3621E+01  -4.0596E-01  -1.4163E-01  -2.2292E+00
   2008.08   8.3945E+03   3.0948E+03   5.8619E+04  -4.8724E+00  -1.6992E+00   1.3376E+01  -3.9871E-01  -1.3904E-01  -2.1892E+00
   2008.17   8.3993E+03   3.0902E+03   5.8613E+04  -4.7760E+00  -1.6649E+00   1.3111E+01  -3.9082E-01  -1.3624E-01  -2.1457E+00
   2008.25   8.4041E+03   3.0856E+03   5.8607E+04  -4.6732E+00  -1.6284E+00   1.2828E+01  -3.8241E-01  -1.3325E-01  -2.0994E+00
   2008.33   8.4089E+03   3.0811E+03   5.8600E+04  -4.5652E+00  -1.5901E+00   1.2530E+01  -3.7357E-01  -1.3012E-01  -2.0507E+00
   2008.42   8.4137E+03   3.0765E+03   5.8594E+04  -4.4533E+00  -1.5504E+00   1.2222E+01  -3.6441E-01  -1.2687E-01  -2.0002E+00
   2008.50   8.4185E+03   3.0720E+03   5.8588E+04  -4.3386E+00  -1.5098E+00   1.1906E+01  -3.5503E-01  -1.2354E-01  -1.9485E+00
   2008.58   8.4234E+03   3.0674E+03   5.8582E+04  -4.2224E+00  -1.4686E+00   1.1586E+01  -3.4552E-01  -1.2018E-01  -1.8962E+00
   2008.67   8.4282E+03   3.0628E+03   5.8575E+04  -4.1061E+00  -1.4274E+00   1.1266E+01  -3.3600E-01  -1.1680E-01  -1.8437E+00
   2008.75   8.4330E+03   3.0583E+03   5.8569E+04  -3.9907E+00  -1.3864E+00   1.0948E+01  -3.2656E-01  -1.1345E-01  -1.7917E+00
   2008.83   8.4378E+03   3.0538E+03   5.8563E+04  -3.8777E+00  -1.3463E+00   1.0636E+01  -3.1731E-01  -1.1017E-01  -1.7407E+00
   2008.92   8.4427E+03   3.0492E+03   5.8556E+04  -3.7682E+00  -1.3073E+00   1.0334E+01  -3.0835E-01  -1.0698E-01  -1.6913E+00
   2009.00   8.4475E+03   3.0447E+03   5.8550E+04  -3.6634E+00  -1.2699E+00   1.0045E+01  -2.9978E-01  -1.0392E-01  -1.6439E+00
   2009.08   8.4524E+03   3.0402E+03   5.8543E+04  -3.5647E+00  -1.2346E+00   9.7721E+00  -2.9170E-01  -1.0103E-01  -1.5993E+00
   2009.17   8.4573E+03   3.0357E+03   5.8537E+04  -3.4732E+00  -1.2017E+00   9.5192E+00  -2.8421E-01  -9.8335E-02  -1.5579E+00
   2009.25   8.4622E+03   3.0312E+03   5.8530E+04  -3.3902E+00  -1.1717E+00   9.2894E+00  -2.7742E-01  -9.5880E-02  -1.5203E+00
   2009.33   8.4671E+03   3.0267E+03   5.8524E+04  -3.3170E+00  -1.1450E+00   9.0863E+00  -2.7143E-01  -9.3697E-02  -1.4871E+00
   2009.42   8.4720E+03   3.0223E+03   5.8517E+04  -3.2548E+00  -1.1221E+00   8.9132E+00  -2.6634E-01  -9.1819E-02  -1.4587E+00
   2009.50   8.4769E+03   3.0178E+03   5.8510E+04  -3.2049E+00  -1.1033E+00   8.7735E+00  -2.6226E-01  -9.0281E-02  -1.4359E+00
   2009.58   8.4818E+03   3.0134E+03   5.8504E+04  -3.1685E+00  -1.0891E+00   8.6707E+00  -2.5928E-01  -8.9119E-02  -1.4191E+00
   2009.67   8.4868E+03   3.0090E+03   5.8497E+04  -3.1468E+00  -1.0799E+00   8.6081E+00  -2.5750E-01  -8.8368E-02  -1.4088E+00
   2009.75   8.4918E+03   3.0046E+03   5.8490E+04  -3.1411E+00  -1.0761E+00   8.5892E+00  -2.5704E-01  -8.8061E-02  -1.4057E+00
   2009.83   8.4968E+03   3.0002E+03   5.8483E+04  -3.1527E+00  -1.0783E+00   8.6174E+00  -2.5798E-01  -8.8235E-02  -1.4103E+00
   2009.92   8.5018E+03   2.9958E+03   5.8476E+04  -3.1827E+00  -1.0867E+00   8.6960E+00  -2.6044E-01  -8.8923E-02  -1.4232E+00
   2010.00   8.5068E+03   2.9915E+03   5.8469E+04  -3.2325E+00  -1.1018E+00   8.8285E+00  -2.6452E-01  -9.0161E-02  -1.4449E+00
   2010.08   8.5119E+03   2.9871E+03   5.8462E+04  -3.3028E+00  -1.1239E+00   9.0170E+00  -2.7027E-01  -9.1970E-02  -1.4757E+00
   2010.17   8.5170E+03   2.9828E+03   5.8455E+04  -3.3924E+00  -1.1526E+00   9.2580E+00  -2.7760E-01  -9.4315E-02  -1.5152E+00
   2010.25   8.5221E+03   2.9785E+03   5.8447E+04  -3.4994E+00  -1.1872E+00   9.5469E+00  -2.8636E-01  -9.7149E-02  -1.5624E+00
   2010.33   8.5272E+03   2.9742E+03   5.8440E+04  -3.6223E+00  -1.2272E+00   9.8788E+00  -2.9641E-01  -1.0042E-01  -1.6168E+00
   2010.42   8.5323E+03   2.9700E+03   5.8433E+04  -3.7591E+00  -1.2720E+00   1.0249E+01  -3.0761E-01  -1.0409E-01  -1.6774E+00
   2010.50   8.5375E+03   2.9657E+03   5.8425E+04  -3.9083E+00  -1.3210E+00   1.0653E+01  -3.1982E-01  -1.0809E-01  -1.7435E+00
   2010.58   8.5426E+03   2.9615E+03   5.8417E+04  -4.0680E+00  -1.3736E+00   1.1086E+01  -3.3289E-01  -1.1240E-01  -1.8143E+00
   2010.67   8.5478E+03   2.9572E+03   5.8410E+04  -4.2365E+00  -1.4292E+00   1.1542E+01  -3.4668E-01  -1.1695E-01  -1.8890E+00
   2010.75   8.5530E+03   2.9530E+03   5.8402E+04  -4.4121E+00  -1.4872E+00   1.2018E+01  -3.6105E-01  -1.2170E-01  -1.9670E+00
   2010.83   8.5582E+03   2.9488E+03   5.8394E+04  -4.5931E+00  -1.5471E+00   1.2509E+01  -3.7585E-01  -1.2660E-01  -2.0473E+00
   2010.92   8.5633E+03   2.9446E+03   5.8386E+04  -4.7776E+00  -1.6082E+00   1.3010E+01  -3.9096E-01  -1.3160E-01  -2.1292E+00
   2011.00   8.5685E+03   2.9405E+03   5.8379E+04  -4.9640E+00  -1.6700E+00   1.3516E+01  -4.0621E-01  -1.3666E-01  -2.2120E+00
   2011.08   8.5737E+03   2.9363E+03   5.8371E+04  -5.1506E+00  -1.7319E+00   1.4022E+01  -4.2147E-01  -1.4172E-01  -2.2948E+00
   2011.17   8.5789E+03   2.9321E+03   5.8363E+04  -5.3355E+00  -1.7932E+00   1.4524E+01  -4.3660E-01  -1.4674E-01  -2.3770E+00
   2011.25   8.5842E+03   2.9280E+03   5.8355E+04  -5.5170E+00  -1.8535E+00   1.5017E+01  -4.5146E-01  -1.5167E-01  -2.4576E+00
   2011.33   8.5894E+03   2.9238E+03   5.8347E+04  -5.6935E+00  -1.9120E+00   1.5496E+01  -4.6590E-01  -1.5646E-01  -2.5360E+00
   2011.42   8.5946E+03   2.9197E+03   5.8338E+04  -5.8631E+00  -1.9683E+00   1.5956E+01  -4.7978E-01  -1.6107E-01  -2.6114E+00
   2011.50   8.5998E+03   2.9155E+03   5.8330E+04  -6.0241E+00  -2.0217E+00   1.6393E+01  -4.9296E-01  -1.6544E-01  -2.6829E+00
   2011.58   8.6049E+03   2.9114E+03   5.8322E+04  -6.1748E+00  -2.0716E+00   1.6802E+01  -5.0529E-01  -1.6952E-01  -2.7498E+00
   2011.67   8.6101E+03   2.9072E+03   5.8314E+04  -6.3135E+00  -2.1175E+00   1.7178E+01  -5.1664E-01  -1.7328E-01  -2.8114E+00
   2011.75   8.6153E+03   2.9031E+03   5.8305E+04  -6.4384E+00  -2.1588E+00   1.7517E+01  -5.2686E-01  -1.7665E-01  -2.8668E+00
   2011.83   8.6205E+03   2.8990E+03   5.8297E+04  -6.5477E+00  -2.1948E+00   1.7813E+01  -5.3580E-01  -1.7960E-01  -2.9153E+00
   2011.92   8.6256E+03   2.8948E+03   5.8288E+04  -6.6398E+00  -2.2250E+00   1.8063E+01  -5.4334E-01  -1.8207E-01  -2.9562E+00
   2012.00   8.6308E+03   2.8907E+03   5.8280E+04  -6.7129E+00  -2.2487E+00   1.8260E+01  -5.4932E-01  -1.8402E-01  -2.9885E+00
