   1960.00   2.9154E+01   1.3527E+01   1.7971E+01   4.7532E-01   1.6064E-01  -1.7241E+00   3.8896E-02   1.3145E-02   2.8216E-01
   1960.08   2.9325E+01   1.3481E+01   1.8391E+01   7.1747E-01   2.4185E-01  -2.6043E+00   5.8711E-02   1.9791E-02   4.2622E-01
   1960.17   2.9478E+01   1.3427E+01   1.8772E+01   9.4206E-01   3.1719E-01  -3.4207E+00   7.7089E-02   2.5956E-02   5.5983E-01
   1960.25   2.9615E+01   1.3367E+01   1.9115E+01   1.1491E+00   3.8664E-01  -4.1733E+00   9.4031E-02   3.1639E-02   6.8300E-01
   1960.33   2.9734E+01   1.3299E+01   1.9420E+01   1.3386E+00   4.5020E-01  -4.8620E+00   1.0954E-01   3.6840E-02   7.9572E-01
   1960.42   2.9836E+01   1.3225E+01   1.9686E+01   1.5105E+00   5.0788E-01  -5.4870E+00   1.2360E-01   4.1560E-02   8.9800E-01
   1960.50   2.9921E+01   1.3144E+01   1.9913E+01   1.6649E+00   5.5968E-01  -6.0481E+00   1.3624E-01   4.5799E-02   9.8983E-01
   1960.58   2.9989E+01   1.3056E+01   2.0102E+01   1.8017E+00   6.0560E-01  -6.5454E+00   1.4743E-01   4.9556E-02   1.0712E+00
   1960.67   3.0039E+01   1.2960E+01   2.0252E+01   1.9209E+00   6.4563E-01  -6.9788E+00   1.5719E-01   5.2832E-02   1.1422E+00
   1960.75   3.0072E+01   1.2858E+01   2.0363E+01   2.0226E+00   6.7977E-01  -7.3485E+00   1.6551E-01   5.5626E-02   1.2027E+00
   1960.83   3.0088E+01   1.2750E+01   2.0436E+01   2.1068E+00   7.0804E-01  -7.6543E+00   1.7240E-01   5.7939E-02   1.2527E+00
   1960.92   3.0087E+01   1.2634E+01   2.0471E+01   2.1734E+00   7.3042E-01  -7.8963E+00   1.7785E-01   5.9770E-02   1.2923E+00
   1961.00   3.0068E+01   1.2511E+01   2.0467E+01   2.2224E+00   7.4691E-01  -8.0745E+00   1.8186E-01   6.1120E-02   1.3215E+00
   1961.08   3.0032E+01   1.2381E+01   2.0424E+01   2.2539E+00   7.5752E-01  -8.1889E+00   1.8443E-01   6.1989E-02   1.3402E+00
   1961.17   2.9979E+01   1.2245E+01   2.0343E+01   2.2678E+00   7.6225E-01  -8.2394E+00   1.8557E-01   6.2375E-02   1.3485E+00
   1961.25   2.9909E+01   1.2101E+01   2.0223E+01   2.2641E+00   7.6110E-01  -8.2261E+00   1.8528E-01   6.2281E-02   1.3463E+00
   1961.33   2.9821E+01   1.1951E+01   2.0064E+01   2.2430E+00   7.5406E-01  -8.1490E+00   1.8354E-01   6.1705E-02   1.3337E+00
   1961.42   2.9716E+01   1.1793E+01   1.9867E+01   2.2042E+00   7.4114E-01  -8.0081E+00   1.8037E-01   6.0648E-02   1.3106E+00
   1961.50   2.9594E+01   1.1629E+01   1.9631E+01   2.1479E+00   7.2233E-01  -7.8034E+00   1.7576E-01   5.9109E-02   1.2771E+00
   1961.58   2.9455E+01   1.1458E+01   1.9357E+01   2.0740E+00   6.9764E-01  -7.5348E+00   1.6972E-01   5.7088E-02   1.2332E+00
   1961.67   2.9298E+01   1.1280E+01   1.9045E+01   1.9826E+00   6.6707E-01  -7.2024E+00   1.6224E-01   5.4587E-02   1.1788E+00
   1961.75   2.9124E+01   1.1095E+01   1.8693E+01   1.8737E+00   6.3061E-01  -6.8062E+00   1.5332E-01   5.1603E-02   1.1139E+00
   1961.83   2.8933E+01   1.0903E+01   1.8303E+01   1.7471E+00   5.8827E-01  -6.3462E+00   1.4297E-01   4.8139E-02   1.0386E+00
   1961.92   2.8725E+01   1.0704E+01   1.7875E+01   1.6030E+00   5.4005E-01  -5.8223E+00   1.3118E-01   4.4192E-02   9.5289E-01
   1962.00   2.8499E+01   1.0498E+01   1.7408E+01   1.4414E+00   4.8594E-01  -5.2346E+00   1.1795E-01   3.9765E-02   8.5671E-01
   1962.08   2.8269E+01   1.0297E+01   1.6940E+01   1.2763E+00   4.3067E-01  -4.6344E+00   1.0444E-01   3.5242E-02   7.5847E-01
   1962.17   2.8049E+01   1.0110E+01   1.6511E+01   1.1218E+00   3.7894E-01  -4.0727E+00   9.1797E-02   3.1009E-02   6.6654E-01
   1962.25   2.7837E+01   9.9390E+00   1.6120E+01   9.7792E-01   3.3076E-01  -3.5497E+00   8.0023E-02   2.7066E-02   5.8094E-01
   1962.33   2.7635E+01   9.7830E+00   1.5767E+01   8.4466E-01   2.8613E-01  -3.0653E+00   6.9119E-02   2.3414E-02   5.0166E-01
   1962.42   2.7442E+01   9.6423E+00   1.5451E+01   7.2201E-01   2.4504E-01  -2.6195E+00   5.9083E-02   2.0052E-02   4.2870E-01
   1962.50   2.7258E+01   9.5167E+00   1.5174E+01   6.0999E-01   2.0751E-01  -2.2123E+00   4.9915E-02   1.6980E-02   3.6207E-01
   1962.58   2.7083E+01   9.4064E+00   1.4935E+01   5.0858E-01   1.7352E-01  -1.8437E+00   4.1617E-02   1.4199E-02   3.0175E-01
   1962.67   2.6917E+01   9.3113E+00   1.4734E+01   4.1778E-01   1.4308E-01  -1.5138E+00   3.4187E-02   1.1708E-02   2.4775E-01
   1962.75   2.6760E+01   9.2314E+00   1.4571E+01   3.3760E-01   1.1619E-01  -1.2225E+00   2.7626E-02   9.5078E-03   2.0007E-01
   1962.83   2.6612E+01   9.1668E+00   1.4446E+01   2.6804E-01   9.2846E-02  -9.6978E-01   2.1934E-02   7.5976E-03   1.5871E-01
   1962.92   2.6473E+01   9.1173E+00   1.4359E+01   2.0910E-01   7.3050E-02  -7.5570E-01   1.7111E-02   5.9777E-03   1.2368E-01
   1963.00   2.6344E+01   9.0831E+00   1.4311E+01   1.6077E-01   5.6802E-02  -5.8024E-01   1.3156E-02   4.6482E-03   9.4963E-02
   1963.08   2.6223E+01   9.0641E+00   1.4300E+01   1.2306E-01   4.4103E-02  -4.4340E-01   1.0070E-02   3.6089E-03   7.2567E-02
   1963.17   2.6112E+01   9.0603E+00   1.4327E+01   9.5963E-02   3.4951E-02  -3.4518E-01   7.8527E-03   2.8601E-03   5.6492E-02
   1963.25   2.6010E+01   9.0717E+00   1.4392E+01   7.9484E-02   2.9347E-02  -2.8558E-01   6.5042E-03   2.4015E-03   4.6738E-02
   1963.33   2.5917E+01   9.0984E+00   1.4495E+01   7.3622E-02   2.7292E-02  -2.6459E-01   6.0245E-03   2.2333E-03   4.3304E-02
   1963.42   2.5833E+01   9.1403E+00   1.4637E+01   7.8376E-02   2.8784E-02  -2.8223E-01   6.4135E-03   2.3554E-03   4.6190E-02
   1963.50   2.5758E+01   9.1973E+00   1.4816E+01   9.3747E-02   3.3824E-02  -3.3849E-01   7.6713E-03   2.7678E-03   5.5397E-02
   1963.58   2.5692E+01   9.2697E+00   1.5034E+01   1.1973E-01   4.2412E-02  -4.3336E-01   9.7979E-03   3.4706E-03   7.0925E-02
   1963.67   2.5636E+01   9.3572E+00   1.5289E+01   1.5634E-01   5.4548E-02  -5.6686E-01   1.2793E-02   4.4637E-03   9.2773E-02
   1963.75   2.5588E+01   9.4599E+00   1.5583E+01   2.0356E-01   7.0232E-02  -7.3898E-01   1.6657E-02   5.7471E-03   1.2094E-01
   1963.83   2.5550E+01   9.5779E+00   1.5914E+01   2.6139E-01   8.9464E-02  -9.4971E-01   2.1390E-02   7.3209E-03   1.5543E-01
   1963.92   2.5520E+01   9.7111E+00   1.6284E+01   3.2985E-01   1.1224E-01  -1.1991E+00   2.6992E-02   9.1850E-03   1.9624E-01
   1964.00   2.5500E+01   9.8595E+00   1.6691E+01   4.0892E-01   1.3857E-01  -1.4870E+00   3.3462E-02   1.1339E-02   2.4337E-01
   1964.08   2.5482E+01   1.0016E+01   1.7108E+01   4.8721E-01   1.6466E-01  -1.7722E+00   3.9869E-02   1.3474E-02   2.9004E-01
   1964.17   2.5460E+01   1.0172E+01   1.7505E+01   5.5334E-01   1.8673E-01  -2.0131E+00   4.5280E-02   1.5280E-02   3.2946E-01
   1964.25   2.5434E+01   1.0329E+01   1.7882E+01   6.0731E-01   2.0477E-01  -2.2097E+00   4.9696E-02   1.6756E-02   3.6164E-01
   1964.33   2.5403E+01   1.0485E+01   1.8239E+01   6.4911E-01   2.1878E-01  -2.3621E+00   5.3117E-02   1.7903E-02   3.8658E-01
   1964.42   2.5368E+01   1.0642E+01   1.8577E+01   6.7875E-01   2.2877E-01  -2.4702E+00   5.5542E-02   1.8720E-02   4.0427E-01
   1964.50   2.5329E+01   1.0800E+01   1.8894E+01   6.9622E-01   2.3473E-01  -2.5340E+00   5.6972E-02   1.9208E-02   4.1471E-01
   1964.58   2.5286E+01   1.0957E+01   1.9192E+01   7.0153E-01   2.3667E-01  -2.5535E+00   5.7406E-02   1.9367E-02   4.1792E-01
   1964.67   2.5238E+01   1.1115E+01   1.9470E+01   6.9467E-01   2.3458E-01  -2.5288E+00   5.6845E-02   1.9196E-02   4.1387E-01
   1964.75   2.5187E+01   1.1273E+01   1.9728E+01   6.7565E-01   2.2847E-01  -2.4599E+00   5.5289E-02   1.8696E-02   4.0259E-01
   1964.83   2.5131E+01   1.1431E+01   1.9966E+01   6.4446E-01   2.1833E-01  -2.3467E+00   5.2736E-02   1.7866E-02   3.8406E-01
   1964.92   2.5070E+01   1.1590E+01   2.0185E+01   6.0111E-01   2.0417E-01  -2.1892E+00   4.9189E-02   1.6707E-02   3.5828E-01
   1965.00   2.5006E+01   1.1748E+01   2.0383E+01   5.4559E-01   1.8598E-01  -1.9874E+00   4.4646E-02   1.5219E-02   3.2526E-01
   1965.08   2.4937E+01   1.1907E+01   2.0562E+01   4.7791E-01   1.6377E-01  -1.7414E+00   3.9108E-02   1.3401E-02   2.8500E-01
   1965.17   2.4864E+01   1.2066E+01   2.0721E+01   3.9807E-01   1.3753E-01  -1.4511E+00   3.2574E-02   1.1254E-02   2.3749E-01
   1965.25   2.4787E+01   1.2226E+01   2.0860E+01   3.0606E-01   1.0727E-01  -1.1166E+00   2.5045E-02   8.7777E-03   1.8274E-01
   1965.33   2.4705E+01   1.2385E+01   2.0979E+01   2.0188E-01   7.2978E-02  -7.3775E-01   1.6520E-02   5.9718E-03   1.2074E-01
   1965.42   2.4619E+01   1.2545E+01   2.1078E+01   8.5541E-02   3.4664E-02  -3.1467E-01   6.9999E-03   2.8365E-03   5.1499E-02
   1965.50   2.4529E+01   1.2705E+01   2.1158E+01  -4.2963E-02  -7.6756E-03   1.5267E-01  -3.5157E-03  -6.2809E-04  -2.4986E-02
   1965.58   2.4435E+01   1.2866E+01   2.1218E+01  -1.8363E-01  -5.4040E-02   6.6428E-01  -1.5027E-02  -4.4221E-03  -1.0872E-01
   1965.67   2.4337E+01   1.3026E+01   2.1258E+01  -3.3647E-01  -1.0443E-01   1.2201E+00  -2.7533E-02  -8.5455E-03  -1.9969E-01
   1965.75   2.4234E+01   1.3187E+01   2.1278E+01  -5.0146E-01  -1.5884E-01   1.8203E+00  -4.1035E-02  -1.2998E-02  -2.9791E-01
   1965.83   2.4127E+01   1.3348E+01   2.1278E+01  -6.7863E-01  -2.1728E-01   2.4647E+00  -5.5532E-02  -1.7780E-02  -4.0337E-01
   1965.92   2.4016E+01   1.3509E+01   2.1258E+01  -8.6796E-01  -2.7975E-01   3.1533E+00  -7.1025E-02  -2.2892E-02  -5.1608E-01
   1966.00   2.3900E+01   1.3671E+01   2.1219E+01  -1.0694E+00  -3.4624E-01   3.8863E+00  -8.7513E-02  -2.8333E-02  -6.3603E-01
   1966.08   2.3791E+01   1.3826E+01   2.1192E+01  -1.2683E+00  -4.1188E-01   4.6097E+00  -1.0379E-01  -3.3704E-02  -7.5443E-01
   1966.17   2.3697E+01   1.3969E+01   2.1209E+01  -1.4498E+00  -4.7178E-01   5.2699E+00  -1.1864E-01  -3.8606E-02  -8.6248E-01
   1966.25   2.3619E+01   1.4099E+01   2.1270E+01  -1.6140E+00  -5.2595E-01   5.8669E+00  -1.3207E-01  -4.3038E-02  -9.6018E-01
   1966.33   2.3558E+01   1.4217E+01   2.1375E+01  -1.7607E+00  -5.7438E-01   6.4006E+00  -1.4408E-01  -4.7002E-02  -1.0475E+00
   1966.42   2.3512E+01   1.4323E+01   2.1524E+01  -1.8901E+00  -6.1708E-01   6.8711E+00  -1.5466E-01  -5.0496E-02  -1.1245E+00
   1966.50   2.3483E+01   1.4416E+01   2.1718E+01  -2.0020E+00  -6.5405E-01   7.2784E+00  -1.6383E-01  -5.3521E-02  -1.1912E+00
   1966.58   2.3469E+01   1.4497E+01   2.1955E+01  -2.0966E+00  -6.8528E-01   7.6224E+00  -1.7157E-01  -5.6076E-02  -1.2475E+00
   1966.67   2.3472E+01   1.4566E+01   2.2237E+01  -2.1738E+00  -7.1077E-01   7.9032E+00  -1.7789E-01  -5.8163E-02  -1.2934E+00
   1966.75   2.3490E+01   1.4622E+01   2.2563E+01  -2.2337E+00  -7.3054E-01   8.1207E+00  -1.8278E-01  -5.9780E-02  -1.3290E+00
   1966.83   2.3525E+01   1.4665E+01   2.2933E+01  -2.2761E+00  -7.4457E-01   8.2750E+00  -1.8626E-01  -6.0928E-02  -1.3543E+00
   1966.92   2.3575E+01   1.4696E+01   2.3347E+01  -2.3012E+00  -7.5286E-01   8.3661E+00  -1.8831E-01  -6.1607E-02  -1.3692E+00
   1967.00   2.3642E+01   1.4715E+01   2.3806E+01  -2.3089E+00  -7.5542E-01   8.3939E+00  -1.8894E-01  -6.1817E-02  -1.3738E+00
   1967.08   2.3725E+01   1.4722E+01   2.4308E+01  -2.2992E+00  -7.5225E-01   8.3585E+00  -1.8814E-01  -6.1557E-02  -1.3680E+00
   1967.17   2.3823E+01   1.4715E+01   2.4855E+01  -2.2721E+00  -7.4334E-01   8.2599E+00  -1.8593E-01  -6.0828E-02  -1.3518E+00
   1967.25   2.3938E+01   1.4697E+01   2.5446E+01  -2.2277E+00  -7.2870E-01   8.0980E+00  -1.8229E-01  -5.9630E-02  -1.3253E+00
   1967.33   2.4068E+01   1.4666E+01   2.6081E+01  -2.1658E+00  -7.0833E-01   7.8729E+00  -1.7723E-01  -5.7963E-02  -1.2885E+00
   1967.42   2.4215E+01   1.4623E+01   2.6760E+01  -2.0866E+00  -6.8222E-01   7.5846E+00  -1.7075E-01  -5.5826E-02  -1.2413E+00
   1967.50   2.4378E+01   1.4567E+01   2.7483E+01  -1.9900E+00  -6.5037E-01   7.2330E+00  -1.6284E-01  -5.3220E-02  -1.1838E+00
   1967.58   2.4557E+01   1.4499E+01   2.8251E+01  -1.8760E+00  -6.1280E-01   6.8182E+00  -1.5352E-01  -5.0145E-02  -1.1159E+00
   1967.67   2.4751E+01   1.4418E+01   2.9062E+01  -1.7447E+00  -5.6948E-01   6.3401E+00  -1.4277E-01  -4.6601E-02  -1.0376E+00
   1967.75   2.4962E+01   1.4325E+01   2.9918E+01  -1.5959E+00  -5.2044E-01   5.7989E+00  -1.3060E-01  -4.2588E-02  -9.4904E-01
   1967.83   2.5189E+01   1.4220E+01   3.0818E+01  -1.4298E+00  -4.6566E-01   5.1943E+00  -1.1700E-01  -3.8105E-02  -8.5011E-01
   1967.92   2.5432E+01   1.4102E+01   3.1762E+01  -1.2463E+00  -4.0514E-01   4.5266E+00  -1.0199E-01  -3.3153E-02  -7.4082E-01
   1968.00   2.5690E+01   1.3972E+01   3.2750E+01  -1.0454E+00  -3.3889E-01   3.7956E+00  -8.5547E-02  -2.7732E-02  -6.2119E-01
   1968.08   2.5953E+01   1.3838E+01   3.3740E+01  -8.4056E-01  -2.7134E-01   3.0501E+00  -6.8783E-02  -2.2204E-02  -4.9918E-01
   1968.17   2.6207E+01   1.3711E+01   3.4689E+01  -6.4513E-01  -2.0690E-01   2.3390E+00  -5.2791E-02  -1.6931E-02  -3.8280E-01
   1968.25   2.6452E+01   1.3590E+01   3.5597E+01  -4.5914E-01  -1.4558E-01   1.6622E+00  -3.7571E-02  -1.1913E-02  -2.7204E-01
   1968.33   2.6689E+01   1.3474E+01   3.6464E+01  -2.8257E-01  -8.7376E-02   1.0198E+00  -2.3123E-02  -7.1500E-03  -1.6689E-01
   1968.42   2.6917E+01   1.3365E+01   3.7290E+01  -1.1544E-01  -3.2290E-02   4.1163E-01  -9.4466E-03  -2.6423E-03  -6.7367E-02
   1968.50   2.7136E+01   1.3262E+01   3.8075E+01   4.2258E-02   1.9677E-02  -1.6217E-01   3.4580E-03   1.6102E-03   2.6541E-02
   1968.58   2.7347E+01   1.3165E+01   3.8820E+01   1.9052E-01   6.8527E-02  -7.0163E-01   1.5591E-02   5.6076E-03   1.1483E-01
   1968.67   2.7549E+01   1.3074E+01   3.9523E+01   3.2936E-01   1.1426E-01  -1.2068E+00   2.6951E-02   9.3499E-03   1.9750E-01
   1968.75   2.7743E+01   1.2989E+01   4.0186E+01   4.5876E-01   1.5687E-01  -1.6776E+00   3.7540E-02   1.2837E-02   2.7455E-01
   1968.83   2.7928E+01   1.2910E+01   4.0807E+01   5.7873E-01   1.9637E-01  -2.1140E+00   4.7357E-02   1.6069E-02   3.4598E-01
   1968.92   2.8104E+01   1.2837E+01   4.1388E+01   6.8926E-01   2.3275E-01  -2.5162E+00   5.6403E-02   1.9046E-02   4.1180E-01
   1969.00   2.8272E+01   1.2770E+01   4.1928E+01   7.9037E-01   2.6601E-01  -2.8840E+00   6.4676E-02   2.1768E-02   4.7199E-01
   1969.08   2.8431E+01   1.2709E+01   4.2427E+01   8.8204E-01   2.9615E-01  -3.2175E+00   7.2177E-02   2.4234E-02   5.2657E-01
   1969.17   2.8581E+01   1.2655E+01   4.2885E+01   9.6427E-01   3.2318E-01  -3.5166E+00   7.8907E-02   2.6446E-02   5.7553E-01
   1969.25   2.8723E+01   1.2606E+01   4.3302E+01   1.0371E+00   3.4709E-01  -3.7814E+00   8.4865E-02   2.8402E-02   6.1887E-01
   1969.33   2.8857E+01   1.2563E+01   4.3679E+01   1.1005E+00   3.6788E-01  -4.0119E+00   9.0051E-02   3.0103E-02   6.5659E-01
   1969.42   2.8981E+01   1.2527E+01   4.4014E+01   1.1544E+00   3.8555E-01  -4.2080E+00   9.4464E-02   3.1550E-02   6.8869E-01
   1969.50   2.9097E+01   1.2496E+01   4.4309E+01   1.1989E+00   4.0010E-01  -4.3699E+00   9.8107E-02   3.2741E-02   7.1517E-01
   1969.58   2.9205E+01   1.2472E+01   4.4562E+01   1.2340E+00   4.1154E-01  -4.4973E+00   1.0098E-01   3.3676E-02   7.3604E-01
   1969.67   2.9304E+01   1.2454E+01   4.4775E+01   1.2596E+00   4.1986E-01  -4.5905E+00   1.0308E-01   3.4357E-02   7.5129E-01
   1969.75   2.9394E+01   1.2441E+01   4.4947E+01   1.2758E+00   4.2506E-01  -4.6493E+00   1.0440E-01   3.4783E-02   7.6091E-01
   1969.83   2.9475E+01   1.2435E+01   4.5078E+01   1.2826E+00   4.2714E-01  -4.6738E+00   1.0496E-01   3.4953E-02   7.6492E-01
   1969.92   2.9548E+01   1.2435E+01   4.5168E+01   1.2800E+00   4.2611E-01  -4.6640E+00   1.0474E-01   3.4869E-02   7.6331E-01
   1970.00   2.9613E+01   1.2440E+01   4.5217E+01   1.2679E+00   4.2196E-01  -4.6198E+00   1.0375E-01   3.4529E-02   7.5608E-01
   1970.08   2.9679E+01   1.2438E+01   4.5227E+01   1.2480E+00   4.1525E-01  -4.5472E+00   1.0212E-01   3.3980E-02   7.4420E-01
   1970.17   2.9759E+01   1.2411E+01   4.5200E+01   1.2218E+00   4.0656E-01  -4.4521E+00   9.9981E-02   3.3269E-02   7.2863E-01
   1970.25   2.9853E+01   1.2361E+01   4.5136E+01   1.1894E+00   3.9587E-01  -4.3344E+00   9.7333E-02   3.2395E-02   7.0937E-01
   1970.33   2.9959E+01   1.2288E+01   4.5034E+01   1.1509E+00   3.8320E-01  -4.1942E+00   9.4175E-02   3.1358E-02   6.8642E-01
   1970.42   3.0079E+01   1.2191E+01   4.4896E+01   1.1060E+00   3.6854E-01  -4.0314E+00   9.0508E-02   3.0158E-02   6.5979E-01
   1970.50   3.0212E+01   1.2071E+01   4.4720E+01   1.0550E+00   3.5189E-01  -3.8461E+00   8.6332E-02   2.8795E-02   6.2946E-01
   1970.58   3.0358E+01   1.1927E+01   4.4507E+01   9.9775E-01   3.3325E-01  -3.6383E+00   8.1647E-02   2.7270E-02   5.9545E-01
   1970.67   3.0518E+01   1.1759E+01   4.4257E+01   9.3427E-01   3.1263E-01  -3.4080E+00   7.6452E-02   2.5582E-02   5.5775E-01
   1970.75   3.0691E+01   1.1568E+01   4.3970E+01   8.6456E-01   2.9001E-01  -3.1551E+00   7.0748E-02   2.3732E-02   5.1636E-01
   1970.83   3.0877E+01   1.1354E+01   4.3646E+01   7.8863E-01   2.6541E-01  -2.8796E+00   6.4534E-02   2.1718E-02   4.7128E-01
   1970.92   3.1076E+01   1.1116E+01   4.3284E+01   7.0648E-01   2.3881E-01  -2.5817E+00   5.7811E-02   1.9542E-02   4.2252E-01
   1971.00   3.1289E+01   1.0855E+01   4.2886E+01   6.1810E-01   2.1023E-01  -2.2612E+00   5.0579E-02   1.7203E-02   3.7006E-01
   1971.08   3.1515E+01   1.0570E+01   4.2450E+01   5.2349E-01   1.7966E-01  -1.9181E+00   4.2838E-02   1.4701E-02   3.1392E-01
   1971.17   3.1754E+01   1.0261E+01   4.1977E+01   4.2266E-01   1.4710E-01  -1.5525E+00   3.4587E-02   1.2037E-02   2.5409E-01
   1971.25   3.2006E+01   9.9293E+00   4.1467E+01   3.1561E-01   1.1255E-01  -1.1644E+00   2.5827E-02   9.2099E-03   1.9057E-01
   1971.33   3.2272E+01   9.5739E+00   4.0919E+01   2.0234E-01   7.6011E-02  -7.5378E-01   1.6557E-02   6.2200E-03   1.2336E-01
   1971.42   3.2551E+01   9.1949E+00   4.0335E+01   8.2835E-02   3.7484E-02  -3.2059E-01   6.7784E-03   3.0673E-03   5.2469E-02
   1971.50   3.2843E+01   8.7925E+00   3.9713E+01  -4.2889E-02  -3.0314E-03   1.3513E-01  -3.5097E-03  -2.4806E-04  -2.2115E-02
   1971.58   3.3149E+01   8.3666E+00   3.9055E+01  -1.7484E-01  -4.5536E-02   6.1339E-01  -1.4307E-02  -3.7262E-03  -1.0039E-01
   1971.67   3.3467E+01   7.9171E+00   3.8359E+01  -3.1301E-01  -9.0029E-02   1.1142E+00  -2.5614E-02  -7.3671E-03  -1.8235E-01
   1971.75   3.3799E+01   7.4442E+00   3.7626E+01  -4.5741E-01  -1.3651E-01   1.6375E+00  -3.7430E-02  -1.1171E-02  -2.6800E-01
   1971.83   3.4145E+01   6.9477E+00   3.6855E+01  -6.0803E-01  -1.8498E-01   2.1834E+00  -4.9755E-02  -1.5137E-02  -3.5734E-01
   1971.92   3.4503E+01   6.4278E+00   3.6048E+01  -7.6487E-01  -2.3544E-01   2.7518E+00  -6.2590E-02  -1.9266E-02  -4.5036E-01
   1972.00   3.4875E+01   5.8843E+00   3.5204E+01  -9.2794E-01  -2.8789E-01   3.3427E+00  -7.5934E-02  -2.3558E-02  -5.4708E-01
   1972.08   3.5254E+01   5.3302E+00   3.4354E+01  -1.0851E+00  -3.3845E-01   3.9124E+00  -8.8796E-02  -2.7696E-02  -6.4030E-01
   1972.17   3.5632E+01   4.7782E+00   3.3533E+01  -1.2243E+00  -3.8325E-01   4.4168E+00  -1.0019E-01  -3.1362E-02  -7.2286E-01
   1972.25   3.6010E+01   4.2283E+00   3.2739E+01  -1.3455E+00  -4.2229E-01   4.8561E+00  -1.1010E-01  -3.4556E-02  -7.9476E-01
   1972.33   3.6388E+01   3.6806E+00   3.1973E+01  -1.4487E+00  -4.5556E-01   5.2303E+00  -1.1855E-01  -3.7279E-02  -8.5599E-01
   1972.42   3.6766E+01   3.1350E+00   3.1235E+01  -1.5339E+00  -4.8308E-01   5.5393E+00  -1.2552E-01  -3.9530E-02  -9.0656E-01
   1972.50   3.7144E+01   2.5915E+00   3.0524E+01  -1.6012E+00  -5.0483E-01   5.7831E+00  -1.3102E-01  -4.1310E-02  -9.4646E-01
   1972.58   3.7522E+01   2.0502E+00   2.9841E+01  -1.6504E+00  -5.2082E-01   5.9617E+00  -1.3505E-01  -4.2619E-02  -9.7570E-01
   1972.67   3.7900E+01   1.5110E+00   2.9186E+01  -1.6816E+00  -5.3104E-01   6.0752E+00  -1.3761E-01  -4.3455E-02  -9.9428E-01
   1972.75   3.8278E+01   9.7394E-01   2.8559E+01  -1.6949E+00  -5.3551E-01   6.1235E+00  -1.3869E-01  -4.3821E-02  -1.0022E+00
   1972.83   3.8655E+01   4.3901E-01   2.7960E+01  -1.6901E+00  -5.3421E-01   6.1067E+00  -1.3830E-01  -4.3714E-02  -9.9943E-01
   1972.92   3.9033E+01  -9.3779E-02   2.7388E+01  -1.6674E+00  -5.2715E-01   6.0247E+00  -1.3644E-01  -4.3137E-02  -9.8601E-01
   1973.00   3.9410E+01  -6.2444E-01   2.6844E+01  -1.6266E+00  -5.1433E-01   5.8775E+00  -1.3311E-01  -4.2087E-02  -9.6192E-01
   1973.08   3.9788E+01  -1.1530E+00   2.6327E+01  -1.5679E+00  -4.9574E-01   5.6652E+00  -1.2830E-01  -4.0567E-02  -9.2717E-01
   1973.17   4.0165E+01  -1.6793E+00   2.5839E+01  -1.4912E+00  -4.7139E-01   5.3877E+00  -1.2202E-01  -3.8574E-02  -8.8176E-01
   1973.25   4.0542E+01  -2.2036E+00   2.5378E+01  -1.3965E+00  -4.4128E-01   5.0451E+00  -1.1427E-01  -3.6110E-02  -8.2568E-01
   1973.33   4.0919E+01  -2.7257E+00   2.4945E+01  -1.2838E+00  -4.0541E-01   4.6373E+00  -1.0505E-01  -3.3175E-02  -7.5894E-01
   1973.42   4.1297E+01  -3.2457E+00   2.4540E+01  -1.1531E+00  -3.6378E-01   4.1643E+00  -9.4357E-02  -2.9768E-02  -6.8153E-01
   1973.50   4.1673E+01  -3.7636E+00   2.4162E+01  -1.0044E+00  -3.1638E-01   3.6261E+00  -8.2189E-02  -2.5890E-02  -5.9346E-01
   1973.58   4.2050E+01  -4.2793E+00   2.3812E+01  -8.3771E-01  -2.6322E-01   3.0228E+00  -6.8550E-02  -2.1540E-02  -4.9472E-01
   1973.67   4.2427E+01  -4.7929E+00   2.3490E+01  -6.5303E-01  -2.0430E-01   2.3544E+00  -5.3438E-02  -1.6718E-02  -3.8532E-01
   1973.75   4.2804E+01  -5.3043E+00   2.3196E+01  -4.5036E-01  -1.3962E-01   1.6207E+00  -3.6853E-02  -1.1425E-02  -2.6525E-01
   1973.83   4.3180E+01  -5.8136E+00   2.2929E+01  -2.2970E-01  -6.9177E-02   8.2195E-01  -1.8797E-02  -5.6608E-03  -1.3452E-01
   1973.92   4.3557E+01  -6.3208E+00   2.2690E+01   8.9503E-03   7.0298E-03  -4.2004E-02   7.3241E-04   5.7525E-04   6.8744E-03
   1974.00   4.3933E+01  -6.8258E+00   2.2479E+01   2.6560E-01   8.8999E-02  -9.7112E-01   2.1734E-02   7.2828E-03   1.5893E-01
   1974.08   4.4302E+01  -7.3267E+00   2.2254E+01   5.2000E-01   1.7028E-01  -1.8922E+00   4.2552E-02   1.3934E-02   3.0968E-01
   1974.17   4.4656E+01  -7.8213E+00   2.1973E+01   7.5195E-01   2.4441E-01  -2.7320E+00   6.1532E-02   2.0000E-02   4.4712E-01
   1974.25   4.4994E+01  -8.3097E+00   2.1637E+01   9.6142E-01   3.1139E-01  -3.4905E+00   7.8673E-02   2.5482E-02   5.7126E-01
   1974.33   4.5317E+01  -8.7918E+00   2.1246E+01   1.1484E+00   3.7123E-01  -4.1678E+00   9.3976E-02   3.0378E-02   6.8210E-01
   1974.42   4.5625E+01  -9.2677E+00   2.0799E+01   1.3130E+00   4.2393E-01  -4.7638E+00   1.0744E-01   3.4690E-02   7.7965E-01
   1974.50   4.5918E+01  -9.7373E+00   2.0296E+01   1.4550E+00   4.6948E-01  -5.2785E+00   1.1907E-01   3.8418E-02   8.6389E-01
   1974.58   4.6196E+01  -1.0201E+01   1.9738E+01   1.5746E+00   5.0788E-01  -5.7120E+00   1.2885E-01   4.1560E-02   9.3483E-01
   1974.67   4.6458E+01  -1.0658E+01   1.9124E+01   1.6718E+00   5.3914E-01  -6.0642E+00   1.3680E-01   4.4118E-02   9.9247E-01
   1974.75   4.6705E+01  -1.1109E+01   1.8455E+01   1.7465E+00   5.6325E-01  -6.3351E+00   1.4291E-01   4.6091E-02   1.0368E+00
   1974.83   4.6938E+01  -1.1553E+01   1.7731E+01   1.7987E+00   5.8022E-01  -6.5248E+00   1.4718E-01   4.7479E-02   1.0679E+00
   1974.92   4.7154E+01  -1.1992E+01   1.6951E+01   1.8284E+00   5.9004E-01  -6.6332E+00   1.4962E-01   4.8283E-02   1.0856E+00
   1975.00   4.7356E+01  -1.2424E+01   1.6115E+01   1.8357E+00   5.9271E-01  -6.6603E+00   1.5021E-01   4.8502E-02   1.0900E+00
   1975.08   4.7543E+01  -1.2850E+01   1.5224E+01   1.8205E+00   5.8824E-01  -6.6062E+00   1.4897E-01   4.8136E-02   1.0812E+00
   1975.17   4.7714E+01  -1.3269E+01   1.4277E+01   1.7828E+00   5.7662E-01  -6.4708E+00   1.4589E-01   4.7185E-02   1.0590E+00
   1975.25   4.7870E+01  -1.3683E+01   1.3275E+01   1.7227E+00   5.5786E-01  -6.2541E+00   1.4097E-01   4.5650E-02   1.0236E+00
   1975.33   4.8011E+01  -1.4090E+01   1.2218E+01   1.6401E+00   5.3195E-01  -5.9562E+00   1.3421E-01   4.3530E-02   9.7480E-01
   1975.42   4.8136E+01  -1.4491E+01   1.1104E+01   1.5350E+00   4.9890E-01  -5.5770E+00   1.2561E-01   4.0825E-02   9.1274E-01
   1975.50   4.8247E+01  -1.4886E+01   9.9358E+00   1.4075E+00   4.5870E-01  -5.1165E+00   1.1517E-01   3.7536E-02   8.3738E-01
   1975.58   4.8342E+01  -1.5274E+01   8.7117E+00   1.2575E+00   4.1136E-01  -4.5748E+00   1.0290E-01   3.3661E-02   7.4872E-01
   1975.67   4.8422E+01  -1.5656E+01   7.4320E+00   1.0850E+00   3.5687E-01  -3.9518E+00   8.8787E-02   2.9202E-02   6.4676E-01
   1975.75   4.8487E+01  -1.6032E+01   6.0968E+00   8.9008E-01   2.9523E-01  -3.2475E+00   7.2835E-02   2.4159E-02   5.3150E-01
   1975.83   4.8537E+01  -1.6402E+01   4.7062E+00   6.7268E-01   2.2645E-01  -2.4620E+00   5.5045E-02   1.8530E-02   4.0293E-01
   1975.92   4.8572E+01  -1.6765E+01   3.2600E+00   4.3281E-01   1.5052E-01  -1.5952E+00   3.5417E-02   1.2317E-02   2.6107E-01
   1976.00   4.8591E+01  -1.7123E+01   1.7583E+00   1.7047E-01   6.7445E-02  -6.4715E-01   1.3950E-02   5.5190E-03   1.0591E-01
   1976.08   4.8593E+01  -1.7475E+01   2.5600E-01  -9.2484E-02  -1.5854E-02   3.0323E-01  -7.5680E-03  -1.2973E-03  -4.9626E-02
   1976.17   4.8577E+01  -1.7825E+01  -1.1922E+00  -3.3422E-01  -9.2458E-02   1.1770E+00  -2.7349E-02  -7.5659E-03  -1.9262E-01
   1976.25   4.8542E+01  -1.8172E+01  -2.5862E+00  -5.5472E-01  -1.6237E-01   1.9740E+00  -4.5393E-02  -1.3287E-02  -3.2307E-01
   1976.33   4.8489E+01  -1.8516E+01  -3.9260E+00  -7.5401E-01  -2.2558E-01   2.6945E+00  -6.1701E-02  -1.8459E-02  -4.4098E-01
   1976.42   4.8416E+01  -1.8857E+01  -5.2117E+00  -9.3206E-01  -2.8210E-01   3.3382E+00  -7.6271E-02  -2.3084E-02  -5.4634E-01
   1976.50   4.8325E+01  -1.9196E+01  -6.4432E+00  -1.0889E+00  -3.3192E-01   3.9054E+00  -8.9105E-02  -2.7161E-02  -6.3916E-01
   1976.58   4.8216E+01  -1.9531E+01  -7.6205E+00  -1.2245E+00  -3.7505E-01   4.3959E+00  -1.0020E-01  -3.0690E-02  -7.1943E-01
   1976.67   4.8087E+01  -1.9864E+01  -8.7437E+00  -1.3389E+00  -4.1148E-01   4.8097E+00  -1.0956E-01  -3.3672E-02  -7.8716E-01
   1976.75   4.7940E+01  -2.0194E+01  -9.8127E+00  -1.4321E+00  -4.4122E-01   5.1469E+00  -1.1719E-01  -3.6105E-02  -8.4234E-01
   1976.83   4.7775E+01  -2.0521E+01  -1.0828E+01  -1.5040E+00  -4.6426E-01   5.4074E+00  -1.2307E-01  -3.7991E-02  -8.8498E-01
   1976.92   4.7590E+01  -2.0845E+01  -1.1788E+01  -1.5547E+00  -4.8061E-01   5.5913E+00  -1.2722E-01  -3.9329E-02  -9.1508E-01
   1977.00   4.7387E+01  -2.1166E+01  -1.2695E+01  -1.5842E+00  -4.9026E-01   5.6985E+00  -1.2963E-01  -4.0118E-02  -9.3263E-01
   1977.08   4.7166E+01  -2.1484E+01  -1.3547E+01  -1.5924E+00  -4.9322E-01   5.7291E+00  -1.3031E-01  -4.0360E-02  -9.3764E-01
   1977.17   4.6925E+01  -2.1800E+01  -1.4345E+01  -1.5795E+00  -4.8948E-01   5.6831E+00  -1.2925E-01  -4.0055E-02  -9.3010E-01
   1977.25   4.6666E+01  -2.2113E+01  -1.5089E+01  -1.5453E+00  -4.7905E-01   5.5604E+00  -1.2645E-01  -3.9201E-02  -9.1002E-01
   1977.33   4.6388E+01  -2.2422E+01  -1.5779E+01  -1.4899E+00  -4.6192E-01   5.3610E+00  -1.2192E-01  -3.7799E-02  -8.7739E-01
   1977.42   4.6092E+01  -2.2729E+01  -1.6415E+01  -1.4132E+00  -4.3810E-01   5.0850E+00  -1.1565E-01  -3.5850E-02  -8.3222E-01
   1977.50   4.5777E+01  -2.3033E+01  -1.6996E+01  -1.3154E+00  -4.0758E-01   4.7324E+00  -1.0764E-01  -3.3352E-02  -7.7450E-01
   1977.58   4.5443E+01  -2.3335E+01  -1.7524E+01  -1.1963E+00  -3.7037E-01   4.3031E+00  -9.7893E-02  -3.0307E-02  -7.0424E-01
   1977.67   4.5091E+01  -2.3633E+01  -1.7997E+01  -1.0560E+00  -3.2646E-01   3.7971E+00  -8.6412E-02  -2.6714E-02  -6.2144E-01
   1977.75   4.4720E+01  -2.3928E+01  -1.8416E+01  -8.9445E-01  -2.7585E-01   3.2145E+00  -7.3193E-02  -2.2573E-02  -5.2609E-01
   1977.83   4.4330E+01  -2.4221E+01  -1.8780E+01  -7.1169E-01  -2.1855E-01   2.5553E+00  -5.8238E-02  -1.7884E-02  -4.1820E-01
   1977.92   4.3921E+01  -2.4511E+01  -1.9091E+01  -5.0771E-01  -1.5456E-01   1.8194E+00  -4.1546E-02  -1.2648E-02  -2.9776E-01
   1978.00   4.3494E+01  -2.4798E+01  -1.9348E+01  -2.8250E-01  -8.3870E-02   1.0069E+00  -2.3117E-02  -6.8632E-03  -1.6478E-01
   1978.08   4.3061E+01  -2.5073E+01  -1.9584E+01  -5.6755E-02  -1.2976E-02   1.9229E-01  -4.6443E-03  -1.0618E-03  -3.1470E-02
   1978.17   4.2636E+01  -2.5328E+01  -1.9835E+01   1.4883E-01   5.1635E-02  -5.4969E-01   1.2179E-02   4.2253E-03   8.9963E-02
   1978.25   4.2218E+01  -2.5563E+01  -2.0100E+01   3.3425E-01   1.0996E-01  -1.2191E+00   2.7352E-02   8.9982E-03   1.9952E-01
   1978.33   4.1807E+01  -2.5777E+01  -2.0379E+01   4.9952E-01   1.6200E-01  -1.8159E+00   4.0876E-02   1.3257E-02   2.9719E-01
   1978.42   4.1403E+01  -2.5970E+01  -2.0672E+01   6.4462E-01   2.0776E-01  -2.3401E+00   5.2750E-02   1.7001E-02   3.8298E-01
   1978.50   4.1007E+01  -2.6143E+01  -2.0980E+01   7.6957E-01   2.4724E-01  -2.7917E+00   6.2974E-02   2.0232E-02   4.5690E-01
   1978.58   4.0619E+01  -2.6296E+01  -2.1301E+01   8.7436E-01   2.8043E-01  -3.1708E+00   7.1549E-02   2.2948E-02   5.1893E-01
   1978.67   4.0237E+01  -2.6429E+01  -2.1637E+01   9.5899E-01   3.0734E-01  -3.4772E+00   7.8474E-02   2.5149E-02   5.6909E-01
   1978.75   3.9863E+01  -2.6541E+01  -2.1987E+01   1.0235E+00   3.2796E-01  -3.7111E+00   8.3750E-02   2.6837E-02   6.0736E-01
   1978.83   3.9496E+01  -2.6632E+01  -2.2351E+01   1.0678E+00   3.4230E-01  -3.8724E+00   8.7376E-02   2.8010E-02   6.3376E-01
   1978.92   3.9137E+01  -2.6703E+01  -2.2730E+01   1.0919E+00   3.5035E-01  -3.9611E+00   8.9353E-02   2.8669E-02   6.4827E-01
   1979.00   3.8785E+01  -2.6754E+01  -2.3123E+01   1.0959E+00   3.5212E-01  -3.9772E+00   8.9679E-02   2.8814E-02   6.5091E-01
   1979.08   3.8440E+01  -2.6784E+01  -2.3529E+01   1.0798E+00   3.4761E-01  -3.9207E+00   8.8357E-02   2.8445E-02   6.4166E-01
   1979.17   3.8103E+01  -2.6794E+01  -2.3950E+01   1.0434E+00   3.3681E-01  -3.7916E+00   8.5384E-02   2.7561E-02   6.2054E-01
   1979.25   3.7773E+01  -2.6783E+01  -2.4386E+01   9.8695E-01   3.1973E-01  -3.5899E+00   8.0762E-02   2.6163E-02   5.8753E-01
   1979.33   3.7450E+01  -2.6753E+01  -2.4835E+01   9.1031E-01   2.9636E-01  -3.3157E+00   7.4491E-02   2.4251E-02   5.4265E-01
   1979.42   3.7135E+01  -2.6701E+01  -2.5299E+01   8.1351E-01   2.6671E-01  -2.9688E+00   6.6570E-02   2.1825E-02   4.8588E-01
   1979.50   3.6827E+01  -2.6629E+01  -2.5777E+01   6.9655E-01   2.3078E-01  -2.5494E+00   5.6999E-02   1.8885E-02   4.1724E-01
   1979.58   3.6526E+01  -2.6537E+01  -2.6269E+01   5.5943E-01   1.8856E-01  -2.0574E+00   4.5778E-02   1.5430E-02   3.3671E-01
   1979.67   3.6233E+01  -2.6424E+01  -2.6775E+01   4.0215E-01   1.4006E-01  -1.4928E+00   3.2908E-02   1.1461E-02   2.4431E-01
   1979.75   3.5947E+01  -2.6291E+01  -2.7295E+01   2.2472E-01   8.5273E-02  -8.5559E-01   1.8389E-02   6.9779E-03   1.4003E-01
   1979.83   3.5668E+01  -2.6138E+01  -2.7830E+01   2.7121E-02   2.4203E-02  -1.4581E-01   2.2193E-03   1.9805E-03   2.3864E-02
   1979.92   3.5397E+01  -2.5964E+01  -2.8379E+01  -1.9063E-01  -4.3151E-02   6.3656E-01  -1.5600E-02  -3.5311E-03  -1.0418E-01
   1980.00   3.5133E+01  -2.5770E+01  -2.8942E+01  -4.2855E-01  -1.1679E-01   1.4915E+00  -3.5068E-02  -9.5569E-03  -2.4410E-01
   1980.08   3.4875E+01  -2.5566E+01  -2.9502E+01  -6.6731E-01  -1.9072E-01   2.3496E+00  -5.4606E-02  -1.5606E-02  -3.8454E-01
   1980.17   3.4620E+01  -2.5365E+01  -3.0044E+01  -8.8762E-01  -2.5894E-01   3.1413E+00  -7.2634E-02  -2.1189E-02  -5.1411E-01
   1980.25   3.4370E+01  -2.5167E+01  -3.0568E+01  -1.0895E+00  -3.2145E-01   3.8667E+00  -8.9152E-02  -2.6304E-02  -6.3283E-01
   1980.33   3.4123E+01  -2.4971E+01  -3.1073E+01  -1.2729E+00  -3.7825E-01   4.5258E+00  -1.0416E-01  -3.0952E-02  -7.4069E-01
   1980.42   3.3880E+01  -2.4777E+01  -3.1559E+01  -1.4378E+00  -4.2935E-01   5.1185E+00  -1.1766E-01  -3.5134E-02  -8.3769E-01
   1980.50   3.3640E+01  -2.4586E+01  -3.2026E+01  -1.5843E+00  -4.7474E-01   5.6448E+00  -1.2964E-01  -3.8848E-02  -9.2384E-01
   1980.58   3.3405E+01  -2.4397E+01  -3.2475E+01  -1.7123E+00  -5.1442E-01   6.1048E+00  -1.4012E-01  -4.2095E-02  -9.9912E-01
   1980.67   3.3173E+01  -2.4211E+01  -3.2905E+01  -1.8219E+00  -5.4839E-01   6.4985E+00  -1.4909E-01  -4.4875E-02  -1.0636E+00
   1980.75   3.2946E+01  -2.4027E+01  -3.3316E+01  -1.9130E+00  -5.7666E-01   6.8258E+00  -1.5654E-01  -4.7188E-02  -1.1171E+00
   1980.83   3.2722E+01  -2.3846E+01  -3.3709E+01  -1.9857E+00  -5.9922E-01   7.0868E+00  -1.6249E-01  -4.9034E-02  -1.1598E+00
   1980.92   3.2501E+01  -2.3667E+01  -3.4083E+01  -2.0399E+00  -6.1607E-01   7.2814E+00  -1.6692E-01  -5.0413E-02  -1.1917E+00
   1981.00   3.2285E+01  -2.3490E+01  -3.4438E+01  -2.0756E+00  -6.2722E-01   7.4097E+00  -1.6985E-01  -5.1325E-02  -1.2127E+00
   1981.08   3.2072E+01  -2.3316E+01  -3.4775E+01  -2.0929E+00  -6.3265E-01   7.4717E+00  -1.7126E-01  -5.1770E-02  -1.2228E+00
   1981.17   3.1864E+01  -2.3144E+01  -3.5093E+01  -2.0917E+00  -6.3238E-01   7.4673E+00  -1.7117E-01  -5.1748E-02  -1.2221E+00
   1981.25   3.1659E+01  -2.2975E+01  -3.5392E+01  -2.0721E+00  -6.2641E-01   7.3965E+00  -1.6956E-01  -5.1259E-02  -1.2105E+00
   1981.33   3.1458E+01  -2.2808E+01  -3.5673E+01  -2.0340E+00  -6.1472E-01   7.2594E+00  -1.6644E-01  -5.0303E-02  -1.1881E+00
   1981.42   3.1260E+01  -2.2643E+01  -3.5935E+01  -1.9775E+00  -5.9733E-01   7.0560E+00  -1.6182E-01  -4.8880E-02  -1.1548E+00
   1981.50   3.1067E+01  -2.2481E+01  -3.6178E+01  -1.9025E+00  -5.7423E-01   6.7862E+00  -1.5568E-01  -4.6989E-02  -1.1106E+00
   1981.58   3.0877E+01  -2.2322E+01  -3.6403E+01  -1.8090E+00  -5.4542E-01   6.4501E+00  -1.4803E-01  -4.4632E-02  -1.0556E+00
   1981.67   3.0691E+01  -2.2164E+01  -3.6608E+01  -1.6971E+00  -5.1091E-01   6.0476E+00  -1.3888E-01  -4.1808E-02  -9.8976E-01
   1981.75   3.0509E+01  -2.2010E+01  -3.6796E+01  -1.5668E+00  -4.7069E-01   5.5788E+00  -1.2821E-01  -3.8516E-02  -9.1303E-01
   1981.83   3.0331E+01  -2.1857E+01  -3.6964E+01  -1.4179E+00  -4.2476E-01   5.0436E+00  -1.1603E-01  -3.4758E-02  -8.2544E-01
   1981.92   3.0157E+01  -2.1707E+01  -3.7114E+01  -1.2507E+00  -3.7312E-01   4.4421E+00  -1.0234E-01  -3.0532E-02  -7.2700E-01
   1982.00   2.9986E+01  -2.1560E+01  -3.7245E+01  -1.0649E+00  -3.1577E-01   3.7743E+00  -8.7144E-02  -2.5840E-02  -6.1770E-01
   1982.08   2.9825E+01  -2.1414E+01  -3.7372E+01  -8.7376E-01  -2.5676E-01   3.0869E+00  -7.1501E-02  -2.1011E-02  -5.0521E-01
   1982.17   2.9677E+01  -2.1270E+01  -3.7509E+01  -6.9017E-01  -2.0011E-01   2.4269E+00  -5.6477E-02  -1.6375E-02  -3.9720E-01
   1982.25   2.9543E+01  -2.1128E+01  -3.7657E+01  -5.1415E-01  -1.4582E-01   1.7943E+00  -4.2073E-02  -1.1933E-02  -2.9366E-01
   1982.33   2.9424E+01  -2.0987E+01  -3.7814E+01  -3.4571E-01  -9.3906E-02   1.1891E+00  -2.8290E-02  -7.6843E-03  -1.9460E-01
   1982.42   2.9318E+01  -2.0848E+01  -3.7981E+01  -1.8485E-01  -4.4352E-02   6.1115E-01  -1.5126E-02  -3.6294E-03  -1.0002E-01
   1982.50   2.9227E+01  -2.0710E+01  -3.8159E+01  -3.1566E-02   2.8355E-03   6.0598E-02  -2.5830E-03   2.3203E-04  -9.9176E-03
   1982.58   2.9149E+01  -2.0573E+01  -3.8347E+01   1.1414E-01   4.7658E-02  -4.6259E-01   9.3404E-03   3.8999E-03   7.5708E-02
   1982.67   2.9086E+01  -2.0439E+01  -3.8545E+01   2.5227E-01   9.0115E-02  -9.5842E-01   2.0644E-02   7.3741E-03   1.5686E-01
   1982.75   2.9036E+01  -2.0305E+01  -3.8753E+01   3.8283E-01   1.3021E-01  -1.4269E+00   3.1327E-02   1.0655E-02   2.3353E-01
   1982.83   2.9001E+01  -2.0174E+01  -3.8971E+01   5.0581E-01   1.6793E-01  -1.8680E+00   4.1390E-02   1.3742E-02   3.0572E-01
   1982.92   2.8980E+01  -2.0044E+01  -3.9199E+01   6.2121E-01   2.0329E-01  -2.2818E+00   5.0834E-02   1.6635E-02   3.7343E-01
   1983.00   2.8972E+01  -1.9915E+01  -3.9438E+01   7.2903E-01   2.3629E-01  -2.6681E+00   5.9657E-02   1.9335E-02   4.3667E-01
   1983.08   2.8979E+01  -1.9788E+01  -3.9686E+01   8.2928E-01   2.6692E-01  -3.0272E+00   6.7860E-02   2.1842E-02   4.9543E-01
   1983.17   2.9000E+01  -1.9662E+01  -3.9945E+01   9.2195E-01   2.9518E-01  -3.3588E+00   7.5443E-02   2.4155E-02   5.4971E-01
   1983.25   2.9035E+01  -1.9538E+01  -4.0214E+01   1.0070E+00   3.2108E-01  -3.6632E+00   8.2406E-02   2.6274E-02   5.9952E-01
   1983.33   2.9084E+01  -1.9416E+01  -4.0493E+01   1.0846E+00   3.4461E-01  -3.9401E+00   8.8749E-02   2.8200E-02   6.4484E-01
   1983.42   2.9147E+01  -1.9295E+01  -4.0782E+01   1.1545E+00   3.6578E-01  -4.1897E+00   9.4472E-02   2.9932E-02   6.8569E-01
   1983.50   2.9223E+01  -1.9176E+01  -4.1081E+01   1.2169E+00   3.8458E-01  -4.4119E+00   9.9575E-02   3.1470E-02   7.2206E-01
   1983.58   2.9314E+01  -1.9058E+01  -4.1390E+01   1.2716E+00   4.0102E-01  -4.6068E+00   1.0406E-01   3.2815E-02   7.5396E-01
   1983.67   2.9419E+01  -1.8941E+01  -4.1710E+01   1.3188E+00   4.1509E-01  -4.7743E+00   1.0792E-01   3.3967E-02   7.8137E-01
   1983.75   2.9538E+01  -1.8827E+01  -4.2039E+01   1.3585E+00   4.2679E-01  -4.9145E+00   1.1116E-01   3.4925E-02   8.0431E-01
   1983.83   2.9671E+01  -1.8713E+01  -4.2379E+01   1.3905E+00   4.3613E-01  -5.0273E+00   1.1379E-01   3.5689E-02   8.2277E-01
   1983.92   2.9818E+01  -1.8602E+01  -4.2729E+01   1.4150E+00   4.4311E-01  -5.1127E+00   1.1579E-01   3.6260E-02   8.3676E-01
   1984.00   2.9980E+01  -1.8491E+01  -4.3089E+01   1.4319E+00   4.4772E-01  -5.1708E+00   1.1717E-01   3.6637E-02   8.4626E-01
   1984.08   3.0149E+01  -1.8383E+01  -4.3450E+01   1.4447E+00   4.5106E-01  -5.2142E+00   1.1822E-01   3.6910E-02   8.5337E-01
   1984.17   3.0322E+01  -1.8277E+01  -4.3805E+01   1.4570E+00   4.5424E-01  -5.2557E+00   1.1923E-01   3.7170E-02   8.6015E-01
   1984.25   3.0498E+01  -1.8172E+01  -4.4152E+01   1.4687E+00   4.5725E-01  -5.2951E+00   1.2018E-01   3.7417E-02   8.6660E-01
   1984.33   3.0678E+01  -1.8069E+01  -4.4491E+01   1.4799E+00   4.6010E-01  -5.3326E+00   1.2110E-01   3.7650E-02   8.7273E-01
   1984.42   3.0861E+01  -1.7969E+01  -4.4824E+01   1.4904E+00   4.6278E-01  -5.3681E+00   1.2196E-01   3.7869E-02   8.7854E-01
   1984.50   3.1046E+01  -1.7870E+01  -4.5150E+01   1.5005E+00   4.6530E-01  -5.4015E+00   1.2278E-01   3.8075E-02   8.8402E-01
   1984.58   3.1236E+01  -1.7773E+01  -4.5468E+01   1.5099E+00   4.6765E-01  -5.4331E+00   1.2356E-01   3.8268E-02   8.8918E-01
   1984.67   3.1428E+01  -1.7678E+01  -4.5779E+01   1.5188E+00   4.6983E-01  -5.4626E+00   1.2429E-01   3.8447E-02   8.9401E-01
   1984.75   3.1624E+01  -1.7585E+01  -4.6083E+01   1.5272E+00   4.7185E-01  -5.4901E+00   1.2497E-01   3.8612E-02   8.9852E-01
   1984.83   3.1822E+01  -1.7494E+01  -4.6379E+01   1.5350E+00   4.7371E-01  -5.5157E+00   1.2561E-01   3.8764E-02   9.0271E-01
   1984.92   3.2025E+01  -1.7405E+01  -4.6669E+01   1.5422E+00   4.7540E-01  -5.5393E+00   1.2620E-01   3.8902E-02   9.0657E-01
   1985.00   3.2230E+01  -1.7318E+01  -4.6951E+01   1.5488E+00   4.7692E-01  -5.5609E+00   1.2674E-01   3.9027E-02   9.1010E-01
   1985.08   3.2438E+01  -1.7233E+01  -4.7226E+01   1.5549E+00   4.7828E-01  -5.5805E+00   1.2724E-01   3.9138E-02   9.1331E-01
   1985.17   3.2650E+01  -1.7150E+01  -4.7494E+01   1.5605E+00   4.7948E-01  -5.5982E+00   1.2769E-01   3.9236E-02   9.1620E-01
   1985.25   3.2865E+01  -1.7069E+01  -4.7755E+01   1.5655E+00   4.8050E-01  -5.6138E+00   1.2810E-01   3.9320E-02   9.1876E-01
   1985.33   3.3083E+01  -1.6989E+01  -4.8008E+01   1.5699E+00   4.8137E-01  -5.6275E+00   1.2846E-01   3.9390E-02   9.2100E-01
   1985.42   3.3305E+01  -1.6912E+01  -4.8254E+01   1.5737E+00   4.8207E-01  -5.6392E+00   1.2878E-01   3.9448E-02   9.2291E-01
   1985.50   3.3530E+01  -1.6837E+01  -4.8493E+01   1.5770E+00   4.8260E-01  -5.6489E+00   1.2905E-01   3.9491E-02   9.2450E-01
   1985.58   3.3758E+01  -1.6763E+01  -4.8725E+01   1.5798E+00   4.8296E-01  -5.6566E+00   1.2927E-01   3.9521E-02   9.2577E-01
   1985.67   3.3989E+01  -1.6691E+01  -4.8950E+01   1.5819E+00   4.8317E-01  -5.6624E+00   1.2945E-01   3.9538E-02   9.2671E-01
   1985.75   3.4223E+01  -1.6622E+01  -4.9167E+01   1.5836E+00   4.8320E-01  -5.6661E+00   1.2958E-01   3.9541E-02   9.2732E-01
   1985.83   3.4461E+01  -1.6554E+01  -4.9378E+01   1.5846E+00   4.8307E-01  -5.6679E+00   1.2967E-01   3.9530E-02   9.2761E-01
   1985.92   3.4702E+01  -1.6488E+01  -4.9581E+01   1.5851E+00   4.8278E-01  -5.6677E+00   1.2971E-01   3.9506E-02   9.2758E-01
   1986.00   3.4946E+01  -1.6425E+01  -4.9776E+01   1.5850E+00   4.8232E-01  -5.6655E+00   1.2970E-01   3.9468E-02   9.2722E-01
   1986.08   3.5188E+01  -1.6364E+01  -4.9968E+01   1.5794E+00   4.8024E-01  -5.6437E+00   1.2924E-01   3.9298E-02   9.2366E-01
   1986.17   3.5423E+01  -1.6306E+01  -5.0158E+01   1.5632E+00   4.7507E-01  -5.5847E+00   1.2792E-01   3.8875E-02   9.1400E-01
   1986.25   3.5651E+01  -1.6253E+01  -5.0347E+01   1.5365E+00   4.6683E-01  -5.4885E+00   1.2574E-01   3.8201E-02   8.9825E-01
   1986.33   3.5872E+01  -1.6203E+01  -5.0535E+01   1.4993E+00   4.5550E-01  -5.3551E+00   1.2269E-01   3.7274E-02   8.7641E-01
   1986.42   3.6085E+01  -1.6156E+01  -5.0721E+01   1.4515E+00   4.4109E-01  -5.1844E+00   1.1878E-01   3.6095E-02   8.4848E-01
   1986.50   3.6291E+01  -1.6113E+01  -5.0906E+01   1.3932E+00   4.2360E-01  -4.9765E+00   1.1400E-01   3.4664E-02   8.1446E-01
   1986.58   3.6490E+01  -1.6074E+01  -5.1090E+01   1.3243E+00   4.0303E-01  -4.7314E+00   1.0837E-01   3.2980E-02   7.7435E-01
   1986.67   3.6682E+01  -1.6039E+01  -5.1272E+01   1.2449E+00   3.7938E-01  -4.4491E+00   1.0187E-01   3.1045E-02   7.2814E-01
   1986.75   3.6867E+01  -1.6007E+01  -5.1453E+01   1.1549E+00   3.5265E-01  -4.1296E+00   9.4507E-02   2.8858E-02   6.7585E-01
   1986.83   3.7045E+01  -1.5979E+01  -5.1633E+01   1.0544E+00   3.2284E-01  -3.7728E+00   8.6283E-02   2.6418E-02   6.1746E-01
   1986.92   3.7215E+01  -1.5954E+01  -5.1811E+01   9.4336E-01   2.8994E-01  -3.3788E+00   7.7196E-02   2.3726E-02   5.5298E-01
   1987.00   3.7379E+01  -1.5933E+01  -5.1988E+01   8.2177E-01   2.5397E-01  -2.9476E+00   6.7246E-02   2.0782E-02   4.8241E-01
   1987.08   3.7535E+01  -1.5916E+01  -5.2164E+01   6.8964E-01   2.1491E-01  -2.4792E+00   5.6434E-02   1.7586E-02   4.0575E-01
   1987.17   3.7684E+01  -1.5902E+01  -5.2338E+01   5.4697E-01   1.7277E-01  -1.9736E+00   4.4759E-02   1.4138E-02   3.2300E-01
   1987.25   3.7825E+01  -1.5892E+01  -5.2511E+01   3.9375E-01   1.2755E-01  -1.4307E+00   3.2221E-02   1.0438E-02   2.3416E-01
   1987.33   3.7960E+01  -1.5886E+01  -5.2683E+01   2.2999E-01   7.9253E-02  -8.5067E-01   1.8820E-02   6.4853E-03   1.3922E-01
   1987.42   3.8087E+01  -1.5883E+01  -5.2853E+01   5.5688E-02   2.7871E-02  -2.3338E-01   4.5570E-03   2.2807E-03   3.8196E-02
   1987.50   3.8208E+01  -1.5884E+01  -5.3022E+01  -1.2916E-01  -2.6591E-02   4.2112E-01  -1.0569E-02  -2.1760E-03  -6.8921E-02
   1987.58   3.8321E+01  -1.5889E+01  -5.3190E+01  -3.2454E-01  -8.4135E-02   1.1128E+00  -2.6558E-02  -6.8848E-03  -1.8213E-01
   1987.67   3.8427E+01  -1.5897E+01  -5.3356E+01  -5.3047E-01  -1.4476E-01   1.8418E+00  -4.3409E-02  -1.1846E-02  -3.0143E-01
   1987.75   3.8525E+01  -1.5909E+01  -5.3521E+01  -7.4695E-01  -2.0847E-01   2.6080E+00  -6.1123E-02  -1.7059E-02  -4.2682E-01
   1987.83   3.8617E+01  -1.5924E+01  -5.3685E+01  -9.7396E-01  -2.7525E-01   3.4113E+00  -7.9700E-02  -2.2524E-02  -5.5830E-01
   1987.92   3.8701E+01  -1.5943E+01  -5.3847E+01  -1.2115E+00  -3.4512E-01   4.2519E+00  -9.9139E-02  -2.8241E-02  -6.9588E-01
   1988.00   3.8779E+01  -1.5966E+01  -5.4009E+01  -1.4596E+00  -4.1807E-01   5.1298E+00  -1.1944E-01  -3.4211E-02  -8.3954E-01
   1988.08   3.8851E+01  -1.5990E+01  -5.4166E+01  -1.7023E+00  -4.8942E-01   5.9884E+00  -1.3930E-01  -4.0049E-02  -9.8007E-01
   1988.17   3.8922E+01  -1.6011E+01  -5.4318E+01  -1.9236E+00  -5.5449E-01   6.7714E+00  -1.5741E-01  -4.5374E-02  -1.1082E+00
   1988.25   3.8991E+01  -1.6029E+01  -5.4464E+01  -2.1236E+00  -6.1327E-01   7.4789E+00  -1.7377E-01  -5.0184E-02  -1.2240E+00
   1988.33   3.9058E+01  -1.6046E+01  -5.4604E+01  -2.3022E+00  -6.6578E-01   8.1108E+00  -1.8839E-01  -5.4481E-02  -1.3274E+00
   1988.42   3.9124E+01  -1.6059E+01  -5.4739E+01  -2.4594E+00  -7.1200E-01   8.6670E+00  -2.0125E-01  -5.8263E-02  -1.4185E+00
   1988.50   3.9187E+01  -1.6071E+01  -5.4868E+01  -2.5952E+00  -7.5195E-01   9.1477E+00  -2.1237E-01  -6.1532E-02  -1.4971E+00
   1988.58   3.9249E+01  -1.6080E+01  -5.4990E+01  -2.7097E+00  -7.8561E-01   9.5528E+00  -2.2174E-01  -6.4286E-02  -1.5634E+00
   1988.67   3.9309E+01  -1.6086E+01  -5.5108E+01  -2.8028E+00  -8.1299E-01   9.8823E+00  -2.2936E-01  -6.6527E-02  -1.6173E+00
   1988.75   3.9366E+01  -1.6091E+01  -5.5219E+01  -2.8746E+00  -8.3408E-01   1.0136E+01  -2.3523E-01  -6.8253E-02  -1.6589E+00
   1988.83   3.9423E+01  -1.6093E+01  -5.5325E+01  -2.9250E+00  -8.4890E-01   1.0315E+01  -2.3935E-01  -6.9466E-02  -1.6881E+00
   1988.92   3.9477E+01  -1.6092E+01  -5.5425E+01  -2.9540E+00  -8.5743E-01   1.0417E+01  -2.4173E-01  -7.0164E-02  -1.7049E+00
   1989.00   3.9529E+01  -1.6089E+01  -5.5519E+01  -2.9616E+00  -8.5969E-01   1.0444E+01  -2.4235E-01  -7.0349E-02  -1.7093E+00
   1989.08   3.9580E+01  -1.6084E+01  -5.5607E+01  -2.9479E+00  -8.5566E-01   1.0396E+01  -2.4123E-01  -7.0019E-02  -1.7014E+00
   1989.17   3.9628E+01  -1.6076E+01  -5.5690E+01  -2.9128E+00  -8.4535E-01   1.0272E+01  -2.3836E-01  -6.9175E-02  -1.6811E+00
   1989.25   3.9675E+01  -1.6066E+01  -5.5767E+01  -2.8564E+00  -8.2876E-01   1.0072E+01  -2.3374E-01  -6.7818E-02  -1.6484E+00
   1989.33   3.9720E+01  -1.6053E+01  -5.5838E+01  -2.7786E+00  -8.0589E-01   9.7971E+00  -2.2737E-01  -6.5946E-02  -1.6034E+00
   1989.42   3.9763E+01  -1.6038E+01  -5.5903E+01  -2.6794E+00  -7.7674E-01   9.4463E+00  -2.1926E-01  -6.3561E-02  -1.5460E+00
   1989.50   3.9804E+01  -1.6021E+01  -5.5963E+01  -2.5588E+00  -7.4130E-01   9.0199E+00  -2.0939E-01  -6.0661E-02  -1.4762E+00
   1989.58   3.9844E+01  -1.6001E+01  -5.6017E+01  -2.4169E+00  -6.9958E-01   8.5179E+00  -1.9778E-01  -5.7247E-02  -1.3940E+00
   1989.67   3.9881E+01  -1.5979E+01  -5.6065E+01  -2.2536E+00  -6.5159E-01   7.9403E+00  -1.8442E-01  -5.3320E-02  -1.2995E+00
   1989.75   3.9917E+01  -1.5954E+01  -5.6107E+01  -2.0690E+00  -5.9731E-01   7.2871E+00  -1.6931E-01  -4.8878E-02  -1.1926E+00
   1989.83   3.9951E+01  -1.5927E+01  -5.6143E+01  -1.8630E+00  -5.3675E-01   6.5584E+00  -1.5245E-01  -4.3922E-02  -1.0733E+00
   1989.92   3.9983E+01  -1.5898E+01  -5.6174E+01  -1.6356E+00  -4.6990E-01   5.7540E+00  -1.3384E-01  -3.8452E-02  -9.4171E-01
   1990.00   4.0013E+01  -1.5866E+01  -5.6199E+01  -1.3868E+00  -3.9678E-01   4.8741E+00  -1.1348E-01  -3.2469E-02  -7.9770E-01
   1990.08   4.0045E+01  -1.5836E+01  -5.6221E+01  -1.1342E+00  -3.2253E-01   3.9806E+00  -9.2814E-02  -2.6393E-02  -6.5146E-01
   1990.17   4.0081E+01  -1.5810E+01  -5.6241E+01  -8.9536E-01  -2.5230E-01   3.1356E+00  -7.3267E-02  -2.0646E-02  -5.1317E-01
   1990.25   4.0123E+01  -1.5790E+01  -5.6261E+01  -6.7020E-01  -1.8609E-01   2.3390E+00  -5.4843E-02  -1.5228E-02  -3.8280E-01
   1990.33   4.0169E+01  -1.5774E+01  -5.6280E+01  -4.5876E-01  -1.2391E-01   1.5909E+00  -3.7540E-02  -1.0140E-02  -2.6037E-01
   1990.42   4.0220E+01  -1.5763E+01  -5.6297E+01  -2.6103E-01  -6.5754E-02   8.9133E-01  -2.1360E-02  -5.3807E-03  -1.4588E-01
   1990.50   4.0276E+01  -1.5758E+01  -5.6314E+01  -7.7009E-02  -1.1619E-02   2.4021E-01  -6.3017E-03  -9.5083E-04  -3.9313E-02
   1990.58   4.0336E+01  -1.5757E+01  -5.6330E+01   9.3295E-02   3.8492E-02  -3.6244E-01   7.6344E-03   3.1498E-03   5.9317E-02
   1990.67   4.0402E+01  -1.5761E+01  -5.6345E+01   2.4989E-01   8.4580E-02  -9.1661E-01   2.0448E-02   6.9212E-03   1.5001E-01
   1990.75   4.0472E+01  -1.5770E+01  -5.6358E+01   3.9276E-01   1.2664E-01  -1.4223E+00   3.2140E-02   1.0363E-02   2.3278E-01
   1990.83   4.0547E+01  -1.5784E+01  -5.6371E+01   5.2193E-01   1.6469E-01  -1.8795E+00   4.2710E-02   1.3476E-02   3.0761E-01
   1990.92   4.0627E+01  -1.5803E+01  -5.6383E+01   6.3738E-01   1.9870E-01  -2.2883E+00   5.2157E-02   1.6260E-02   3.7450E-01
   1991.00   4.0712E+01  -1.5828E+01  -5.6394E+01   7.3912E-01   2.2870E-01  -2.6485E+00   6.0482E-02   1.8714E-02   4.3346E-01
   1991.08   4.0802E+01  -1.5857E+01  -5.6404E+01   8.2714E-01   2.5467E-01  -2.9603E+00   6.7685E-02   2.0840E-02   4.8449E-01
   1991.17   4.0896E+01  -1.5890E+01  -5.6413E+01   9.0146E-01   2.7661E-01  -3.2237E+00   7.3766E-02   2.2635E-02   5.2759E-01
   1991.25   4.0996E+01  -1.5929E+01  -5.6420E+01   9.6205E-01   2.9454E-01  -3.4385E+00   7.8725E-02   2.4102E-02   5.6275E-01
   1991.33   4.1100E+01  -1.5973E+01  -5.6427E+01   1.0089E+00   3.0844E-01  -3.6049E+00   8.2562E-02   2.5240E-02   5.8998E-01
   1991.42   4.1209E+01  -1.6022E+01  -5.6433E+01   1.0421E+00   3.1831E-01  -3.7228E+00   8.5277E-02   2.6048E-02   6.0927E-01
   1991.50   4.1323E+01  -1.6076E+01  -5.6438E+01   1.0616E+00   3.2417E-01  -3.7922E+00   8.6869E-02   2.6527E-02   6.2063E-01
   1991.58   4.1441E+01  -1.6135E+01  -5.6442E+01   1.0673E+00   3.2600E-01  -3.8131E+00   8.7339E-02   2.6676E-02   6.2406E-01
   1991.67   4.1565E+01  -1.6198E+01  -5.6445E+01   1.0594E+00   3.2380E-01  -3.7856E+00   8.6687E-02   2.6497E-02   6.1955E-01
   1991.75   4.1693E+01  -1.6267E+01  -5.6447E+01   1.0377E+00   3.1759E-01  -3.7096E+00   8.4913E-02   2.5988E-02   6.0712E-01
   1991.83   4.1826E+01  -1.6341E+01  -5.6448E+01   1.0023E+00   3.0734E-01  -3.5851E+00   8.2017E-02   2.5150E-02   5.8674E-01
   1991.92   4.1964E+01  -1.6419E+01  -5.6449E+01   9.5317E-01   2.9308E-01  -3.4122E+00   7.7999E-02   2.3983E-02   5.5844E-01
   1992.00   4.2107E+01  -1.6503E+01  -5.6448E+01   8.9036E-01   2.7479E-01  -3.1907E+00   7.2858E-02   2.2486E-02   5.2220E-01
   1992.08   4.2263E+01  -1.6583E+01  -5.6449E+01   8.2410E-01   2.5546E-01  -2.9570E+00   6.7436E-02   2.0905E-02   4.8395E-01
   1992.17   4.2440E+01  -1.6652E+01  -5.6457E+01   7.6467E-01   2.3807E-01  -2.7473E+00   6.2573E-02   1.9482E-02   4.4962E-01
   1992.25   4.2639E+01  -1.6708E+01  -5.6471E+01   7.1207E-01   2.2263E-01  -2.5615E+00   5.8269E-02   1.8218E-02   4.1922E-01
   1992.33   4.2859E+01  -1.6754E+01  -5.6492E+01   6.6631E-01   2.0912E-01  -2.3996E+00   5.4524E-02   1.7112E-02   3.9273E-01
   1992.42   4.3100E+01  -1.6787E+01  -5.6518E+01   6.2738E-01   1.9756E-01  -2.2618E+00   5.1339E-02   1.6166E-02   3.7016E-01
   1992.50   4.3363E+01  -1.6809E+01  -5.6551E+01   5.9528E-01   1.8793E-01  -2.1478E+00   4.8712E-02   1.5378E-02   3.5151E-01
   1992.58   4.3647E+01  -1.6819E+01  -5.6590E+01   5.7001E-01   1.8025E-01  -2.0578E+00   4.6644E-02   1.4750E-02   3.3679E-01
   1992.67   4.3952E+01  -1.6817E+01  -5.6635E+01   5.5158E-01   1.7450E-01  -1.9918E+00   4.5136E-02   1.4280E-02   3.2598E-01
   1992.75   4.4278E+01  -1.6804E+01  -5.6686E+01   5.3998E-01   1.7070E-01  -1.9497E+00   4.4187E-02   1.3969E-02   3.1909E-01
   1992.83   4.4626E+01  -1.6779E+01  -5.6744E+01   5.3521E-01   1.6884E-01  -1.9316E+00   4.3796E-02   1.3816E-02   3.1612E-01
   1992.92   4.4996E+01  -1.6742E+01  -5.6807E+01   5.3727E-01   1.6892E-01  -1.9374E+00   4.3965E-02   1.3823E-02   3.1707E-01
   1993.00   4.5386E+01  -1.6694E+01  -5.6877E+01   5.4616E-01   1.7094E-01  -1.9671E+00   4.4693E-02   1.3988E-02   3.2194E-01
   1993.08   4.5798E+01  -1.6634E+01  -5.6953E+01   5.6189E-01   1.7491E-01  -2.0208E+00   4.5980E-02   1.4313E-02   3.3073E-01
   1993.17   4.6232E+01  -1.6562E+01  -5.7036E+01   5.8445E-01   1.8081E-01  -2.0985E+00   4.7826E-02   1.4796E-02   3.4344E-01
   1993.25   4.6686E+01  -1.6479E+01  -5.7124E+01   6.1384E-01   1.8865E-01  -2.2001E+00   5.0231E-02   1.5438E-02   3.6008E-01
   1993.33   4.7162E+01  -1.6384E+01  -5.7219E+01   6.5006E-01   1.9844E-01  -2.3257E+00   5.3195E-02   1.6238E-02   3.8063E-01
   1993.42   4.7660E+01  -1.6277E+01  -5.7320E+01   6.9312E-01   2.1016E-01  -2.4752E+00   5.6718E-02   1.7198E-02   4.0510E-01
   1993.50   4.8178E+01  -1.6158E+01  -5.7427E+01   7.4300E-01   2.2383E-01  -2.6487E+00   6.0800E-02   1.8316E-02   4.3349E-01
   1993.58   4.8718E+01  -1.6028E+01  -5.7540E+01   7.9972E-01   2.3944E-01  -2.8461E+00   6.5442E-02   1.9593E-02   4.6580E-01
   1993.67   4.9280E+01  -1.5886E+01  -5.7660E+01   8.6327E-01   2.5699E-01  -3.0675E+00   7.0642E-02   2.1029E-02   5.0202E-01
   1993.75   4.9862E+01  -1.5733E+01  -5.7786E+01   9.3366E-01   2.7648E-01  -3.3128E+00   7.6402E-02   2.2624E-02   5.4217E-01
   1993.83   5.0466E+01  -1.5568E+01  -5.7917E+01   1.0109E+00   2.9791E-01  -3.5821E+00   8.2720E-02   2.4378E-02   5.8624E-01
   1993.92   5.1092E+01  -1.5391E+01  -5.8056E+01   1.0949E+00   3.2128E-01  -3.8753E+00   8.9598E-02   2.6290E-02   6.3423E-01
   1994.00   5.1738E+01  -1.5202E+01  -5.8200E+01   1.1858E+00   3.4659E-01  -4.1925E+00   9.7035E-02   2.8362E-02   6.8614E-01
   1994.08   5.2391E+01  -1.5016E+01  -5.8348E+01   1.2759E+00   3.7171E-01  -4.5071E+00   1.0441E-01   3.0417E-02   7.3763E-01
   1994.17   5.3035E+01  -1.4848E+01  -5.8496E+01   1.3578E+00   3.9449E-01  -4.7927E+00   1.1111E-01   3.2282E-02   7.8438E-01
   1994.25   5.3671E+01  -1.4696E+01  -5.8646E+01   1.4313E+00   4.1495E-01  -5.0493E+00   1.1713E-01   3.3955E-02   8.2638E-01
   1994.33   5.4298E+01  -1.4562E+01  -5.8796E+01   1.4966E+00   4.3307E-01  -5.2769E+00   1.2247E-01   3.5439E-02   8.6363E-01
   1994.42   5.4916E+01  -1.4445E+01  -5.8947E+01   1.5536E+00   4.4887E-01  -5.4755E+00   1.2713E-01   3.6731E-02   8.9613E-01
   1994.50   5.5525E+01  -1.4345E+01  -5.9098E+01   1.6022E+00   4.6233E-01  -5.6451E+00   1.3111E-01   3.7832E-02   9.2388E-01
   1994.58   5.6126E+01  -1.4262E+01  -5.9251E+01   1.6426E+00   4.7346E-01  -5.7856E+00   1.3441E-01   3.8743E-02   9.4688E-01
   1994.67   5.6718E+01  -1.4197E+01  -5.9404E+01   1.6746E+00   4.8226E-01  -5.8971E+00   1.3703E-01   3.9463E-02   9.6513E-01
   1994.75   5.7302E+01  -1.4149E+01  -5.9558E+01   1.6984E+00   4.8872E-01  -5.9797E+00   1.3898E-01   3.9993E-02   9.7864E-01
   1994.83   5.7876E+01  -1.4118E+01  -5.9713E+01   1.7138E+00   4.9286E-01  -6.0332E+00   1.4024E-01   4.0331E-02   9.8739E-01
   1994.92   5.8442E+01  -1.4104E+01  -5.9868E+01   1.7210E+00   4.9467E-01  -6.0577E+00   1.4083E-01   4.0479E-02   9.9140E-01
   1995.00   5.8999E+01  -1.4107E+01  -6.0025E+01   1.7199E+00   4.9414E-01  -6.0531E+00   1.4074E-01   4.0436E-02   9.9066E-01
   1995.08   5.9548E+01  -1.4127E+01  -6.0182E+01   1.7104E+00   4.9128E-01  -6.0196E+00   1.3997E-01   4.0202E-02   9.8517E-01
   1995.17   6.0087E+01  -1.4165E+01  -6.0340E+01   1.6927E+00   4.8610E-01  -5.9570E+00   1.3851E-01   3.9777E-02   9.7493E-01
   1995.25   6.0618E+01  -1.4220E+01  -6.0499E+01   1.6667E+00   4.7858E-01  -5.8654E+00   1.3638E-01   3.9162E-02   9.5994E-01
   1995.33   6.1141E+01  -1.4292E+01  -6.0658E+01   1.6323E+00   4.6873E-01  -5.7449E+00   1.3357E-01   3.8356E-02   9.4021E-01
   1995.42   6.1654E+01  -1.4381E+01  -6.0818E+01   1.5897E+00   4.5654E-01  -5.5952E+00   1.3009E-01   3.7359E-02   9.1572E-01
   1995.50   6.2159E+01  -1.4488E+01  -6.0979E+01   1.5388E+00   4.4203E-01  -5.4166E+00   1.2592E-01   3.6172E-02   8.8649E-01
   1995.58   6.2655E+01  -1.4612E+01  -6.1141E+01   1.4796E+00   4.2519E-01  -5.2090E+00   1.2107E-01   3.4793E-02   8.5251E-01
   1995.67   6.3143E+01  -1.4752E+01  -6.1304E+01   1.4120E+00   4.0601E-01  -4.9723E+00   1.1555E-01   3.3224E-02   8.1378E-01
   1995.75   6.3622E+01  -1.4911E+01  -6.1467E+01   1.3362E+00   3.8451E-01  -4.7067E+00   1.0934E-01   3.1464E-02   7.7030E-01
   1995.83   6.4092E+01  -1.5086E+01  -6.1631E+01   1.2521E+00   3.6067E-01  -4.4120E+00   1.0246E-01   2.9514E-02   7.2207E-01
   1995.92   6.4553E+01  -1.5278E+01  -6.1796E+01   1.1597E+00   3.3450E-01  -4.0883E+00   9.4896E-02   2.7372E-02   6.6909E-01
   1996.00   6.5006E+01  -1.5488E+01  -6.1962E+01   1.0589E+00   3.0600E-01  -3.7356E+00   8.6654E-02   2.5040E-02   6.1137E-01
   1996.08   6.5449E+01  -1.5707E+01  -6.2122E+01   9.5375E-01   2.7627E-01  -3.3673E+00   7.8046E-02   2.2608E-02   5.5110E-01
   1996.17   6.5884E+01  -1.5929E+01  -6.2269E+01   8.4792E-01   2.4643E-01  -2.9971E+00   6.9385E-02   2.0165E-02   4.9050E-01
   1996.25   6.6311E+01  -1.6152E+01  -6.2405E+01   7.4143E-01   2.1646E-01  -2.6248E+00   6.0671E-02   1.7713E-02   4.2958E-01
   1996.33   6.6728E+01  -1.6378E+01  -6.2528E+01   6.3430E-01   1.8638E-01  -2.2505E+00   5.1905E-02   1.5251E-02   3.6832E-01
   1996.42   6.7136E+01  -1.6606E+01  -6.2639E+01   5.2651E-01   1.5617E-01  -1.8741E+00   4.3085E-02   1.2779E-02   3.0672E-01
   1996.50   6.7536E+01  -1.6836E+01  -6.2738E+01   4.1809E-01   1.2584E-01  -1.4958E+00   3.4212E-02   1.0298E-02   2.4480E-01
   1996.58   6.7927E+01  -1.7068E+01  -6.2824E+01   3.0901E-01   9.5395E-02  -1.1154E+00   2.5286E-02   7.8062E-03   1.8255E-01
   1996.67   6.8309E+01  -1.7302E+01  -6.2899E+01   1.9928E-01   6.4828E-02  -7.3299E-01   1.6308E-02   5.3049E-03   1.1996E-01
   1996.75   6.8682E+01  -1.7539E+01  -6.2961E+01   8.8913E-02   3.4141E-02  -3.4855E-01   7.2758E-03   2.7938E-03   5.7044E-02
   1996.83   6.9046E+01  -1.7777E+01  -6.3010E+01  -2.2106E-02   3.3334E-03   3.7911E-02  -1.8089E-03   2.7277E-04  -6.2046E-03
   1996.92   6.9401E+01  -1.8018E+01  -6.3048E+01  -1.3377E-01  -2.7594E-02   4.2640E-01  -1.0947E-02  -2.2581E-03  -6.9785E-02
   1997.00   6.9748E+01  -1.8261E+01  -6.3073E+01  -2.4609E-01  -5.8642E-02   8.1691E-01  -2.0137E-02  -4.7987E-03  -1.3370E-01
   1997.08   7.0086E+01  -1.8506E+01  -6.3086E+01  -3.5905E-01  -8.9810E-02   1.2095E+00  -2.9381E-02  -7.3492E-03  -1.9794E-01
   1997.17   7.0415E+01  -1.8753E+01  -6.3087E+01  -4.7266E-01  -1.2110E-01   1.6040E+00  -3.8678E-02  -9.9095E-03  -2.6251E-01
   1997.25   7.0735E+01  -1.9002E+01  -6.3076E+01  -5.8691E-01  -1.5251E-01   2.0006E+00  -4.8027E-02  -1.2480E-02  -3.2742E-01
   1997.33   7.1046E+01  -1.9254E+01  -6.3052E+01  -7.0182E-01  -1.8404E-01   2.3992E+00  -5.7430E-02  -1.5060E-02  -3.9266E-01
   1997.42   7.1348E+01  -1.9507E+01  -6.3016E+01  -8.1737E-01  -2.1568E-01   2.7999E+00  -6.6886E-02  -1.7650E-02  -4.5823E-01
   1997.50   7.1642E+01  -1.9763E+01  -6.2968E+01  -9.3357E-01  -2.4745E-01   3.2025E+00  -7.6394E-02  -2.0249E-02  -5.2413E-01
   1997.58   7.1926E+01  -2.0021E+01  -6.2907E+01  -1.0504E+00  -2.7934E-01   3.6072E+00  -8.5956E-02  -2.2859E-02  -5.9036E-01
   1997.67   7.2202E+01  -2.0281E+01  -6.2835E+01  -1.1679E+00  -3.1135E-01   4.0139E+00  -9.5570E-02  -2.5478E-02  -6.5692E-01
   1997.75   7.2469E+01  -2.0543E+01  -6.2750E+01  -1.2860E+00  -3.4348E-01   4.4227E+00  -1.0524E-01  -2.8107E-02  -7.2382E-01
   1997.83   7.2727E+01  -2.0807E+01  -6.2653E+01  -1.4048E+00  -3.7573E-01   4.8334E+00  -1.1496E-01  -3.0746E-02  -7.9105E-01
   1997.92   7.2976E+01  -2.1074E+01  -6.2543E+01  -1.5243E+00  -4.0810E-01   5.2462E+00  -1.2473E-01  -3.3395E-02  -8.5860E-01
   1998.00   7.3217E+01  -2.1342E+01  -6.2422E+01  -1.6444E+00  -4.4059E-01   5.6611E+00  -1.3456E-01  -3.6054E-02  -9.2649E-01
   1998.08   7.3452E+01  -2.1603E+01  -6.2302E+01  -1.7577E+00  -4.7121E-01   6.0523E+00  -1.4383E-01  -3.8560E-02  -9.9053E-01
   1998.17   7.3687E+01  -2.1844E+01  -6.2199E+01  -1.8567E+00  -4.9798E-01   6.3944E+00  -1.5194E-01  -4.0750E-02  -1.0465E+00
   1998.25   7.3920E+01  -2.2067E+01  -6.2112E+01  -1.9416E+00  -5.2089E-01   6.6874E+00  -1.5888E-01  -4.2625E-02  -1.0945E+00
   1998.33   7.4152E+01  -2.2272E+01  -6.2042E+01  -2.0122E+00  -5.3995E-01   6.9312E+00  -1.6466E-01  -4.4184E-02  -1.1344E+00
   1998.42   7.4383E+01  -2.2457E+01  -6.1987E+01  -2.0686E+00  -5.5515E-01   7.1259E+00  -1.6928E-01  -4.5428E-02  -1.1662E+00
   1998.50   7.4613E+01  -2.2624E+01  -6.1950E+01  -2.1108E+00  -5.6649E-01   7.2715E+00  -1.7273E-01  -4.6357E-02  -1.1901E+00
   1998.58   7.4841E+01  -2.2773E+01  -6.1928E+01  -2.1388E+00  -5.7399E-01   7.3679E+00  -1.7502E-01  -4.6969E-02  -1.2058E+00
   1998.67   7.5069E+01  -2.2903E+01  -6.1923E+01  -2.1525E+00  -5.7762E-01   7.4151E+00  -1.7614E-01  -4.7267E-02  -1.2136E+00
   1998.75   7.5295E+01  -2.3014E+01  -6.1935E+01  -2.1520E+00  -5.7740E-01   7.4132E+00  -1.7610E-01  -4.7249E-02  -1.2133E+00
   1998.83   7.5521E+01  -2.3106E+01  -6.1962E+01  -2.1373E+00  -5.7332E-01   7.3622E+00  -1.7490E-01  -4.6915E-02  -1.2049E+00
   1998.92   7.5745E+01  -2.3180E+01  -6.2006E+01  -2.1084E+00  -5.6539E-01   7.2620E+00  -1.7253E-01  -4.6266E-02  -1.1885E+00
   1999.00   7.5968E+01  -2.3235E+01  -6.2067E+01  -2.0653E+00  -5.5360E-01   7.1127E+00  -1.6900E-01  -4.5302E-02  -1.1641E+00
   1999.08   7.6190E+01  -2.3272E+01  -6.2144E+01  -2.0079E+00  -5.3796E-01   6.9143E+00  -1.6431E-01  -4.4022E-02  -1.1316E+00
   1999.17   7.6411E+01  -2.3290E+01  -6.2237E+01  -1.9363E+00  -5.1846E-01   6.6667E+00  -1.5845E-01  -4.2426E-02  -1.0911E+00
   1999.25   7.6631E+01  -2.3289E+01  -6.2346E+01  -1.8505E+00  -4.9511E-01   6.3699E+00  -1.5143E-01  -4.0515E-02  -1.0425E+00
   1999.33   7.6849E+01  -2.3270E+01  -6.2472E+01  -1.7505E+00  -4.6790E-01   6.0240E+00  -1.4324E-01  -3.8289E-02  -9.8590E-01
   1999.42   7.7067E+01  -2.3232E+01  -6.2614E+01  -1.6362E+00  -4.3684E-01   5.6290E+00  -1.3389E-01  -3.5747E-02  -9.2124E-01
   1999.50   7.7283E+01  -2.3175E+01  -6.2773E+01  -1.5077E+00  -4.0192E-01   5.1848E+00  -1.2338E-01  -3.2889E-02  -8.4855E-01
   1999.58   7.7498E+01  -2.3100E+01  -6.2948E+01  -1.3650E+00  -3.6314E-01   4.6915E+00  -1.1170E-01  -2.9716E-02  -7.6781E-01
   1999.67   7.7713E+01  -2.3006E+01  -6.3139E+01  -1.2081E+00  -3.2051E-01   4.1490E+00  -9.8862E-02  -2.6228E-02  -6.7903E-01
   1999.75   7.7926E+01  -2.2893E+01  -6.3347E+01  -1.0370E+00  -2.7403E-01   3.5574E+00  -8.4857E-02  -2.2424E-02  -5.8221E-01
   1999.83   7.8138E+01  -2.2762E+01  -6.3571E+01  -8.5162E-01  -2.2369E-01   2.9167E+00  -6.9689E-02  -1.8304E-02  -4.7734E-01
   1999.92   7.8348E+01  -2.2612E+01  -6.3811E+01  -6.5204E-01  -1.6949E-01   2.2268E+00  -5.3356E-02  -1.3869E-02  -3.6444E-01
   2000.00   7.8558E+01  -2.2444E+01  -6.4068E+01  -4.3823E-01  -1.1144E-01   1.4877E+00  -3.5861E-02  -9.1189E-03  -2.4348E-01
   2000.08   7.8763E+01  -2.2271E+01  -6.4325E+01  -2.2630E-01  -5.3875E-02   7.5511E-01  -1.8518E-02  -4.4086E-03  -1.2358E-01
   2000.17   7.8961E+01  -2.2107E+01  -6.4568E+01  -3.2341E-02  -1.1491E-03   8.4442E-02  -2.6465E-03  -9.4029E-05  -1.3820E-02
   2000.25   7.9152E+01  -2.1953E+01  -6.4796E+01   1.4364E-01   4.6741E-02  -5.2427E-01   1.1754E-02   3.8248E-03   8.5802E-02
   2000.33   7.9335E+01  -2.1808E+01  -6.5009E+01   3.0165E-01   8.9796E-02  -1.0710E+00   2.4684E-02   7.3480E-03   1.7528E-01
   2000.42   7.9510E+01  -2.1673E+01  -6.5206E+01   4.4169E-01   1.2801E-01  -1.5558E+00   3.6143E-02   1.0475E-02   2.5463E-01
   2000.50   7.9678E+01  -2.1548E+01  -6.5389E+01   5.6375E-01   1.6140E-01  -1.9787E+00   4.6132E-02   1.3207E-02   3.2383E-01
   2000.58   7.9839E+01  -2.1432E+01  -6.5558E+01   6.6783E-01   1.8994E-01  -2.3395E+00   5.4649E-02   1.5543E-02   3.8289E-01
   2000.67   7.9992E+01  -2.1325E+01  -6.5711E+01   7.5395E-01   2.1366E-01  -2.6385E+00   6.1696E-02   1.7483E-02   4.3181E-01
   2000.75   8.0137E+01  -2.1228E+01  -6.5849E+01   8.2208E-01   2.3253E-01  -2.8754E+00   6.7271E-02   1.9028E-02   4.7059E-01
   2000.83   8.0276E+01  -2.1140E+01  -6.5973E+01   8.7225E-01   2.4657E-01  -3.0504E+00   7.1376E-02   2.0177E-02   4.9923E-01
   2000.92   8.0406E+01  -2.1062E+01  -6.6081E+01   9.0444E-01   2.5577E-01  -3.1635E+00   7.4010E-02   2.0930E-02   5.1774E-01
   2001.00   8.0529E+01  -2.0993E+01  -6.6175E+01   9.1865E-01   2.6014E-01  -3.2146E+00   7.5174E-02   2.1288E-02   5.2610E-01
   2001.08   8.0645E+01  -2.0934E+01  -6.6254E+01   9.1490E-01   2.5967E-01  -3.2037E+00   7.4866E-02   2.1249E-02   5.2432E-01
   2001.17   8.0753E+01  -2.0885E+01  -6.6318E+01   8.9316E-01   2.5437E-01  -3.1309E+00   7.3088E-02   2.0815E-02   5.1240E-01
   2001.25   8.0854E+01  -2.0844E+01  -6.6367E+01   8.5346E-01   2.4423E-01  -2.9961E+00   6.9839E-02   1.9985E-02   4.9034E-01
   2001.33   8.0948E+01  -2.0814E+01  -6.6401E+01   7.9578E-01   2.2926E-01  -2.7993E+00   6.5119E-02   1.8760E-02   4.5814E-01
   2001.42   8.1033E+01  -2.0793E+01  -6.6420E+01   7.2012E-01   2.0944E-01  -2.5406E+00   5.8928E-02   1.7139E-02   4.1580E-01
   2001.50   8.1112E+01  -2.0781E+01  -6.6424E+01   6.2649E-01   1.8480E-01  -2.2200E+00   5.1266E-02   1.5122E-02   3.6332E-01
   2001.58   8.1183E+01  -2.0779E+01  -6.6414E+01   5.1489E-01   1.5531E-01  -1.8373E+00   4.2134E-02   1.2709E-02   3.0070E-01
   2001.67   8.1246E+01  -2.0786E+01  -6.6388E+01   3.8531E-01   1.2100E-01  -1.3928E+00   3.1530E-02   9.9012E-03   2.2794E-01
   2001.75   8.1302E+01  -2.0803E+01  -6.6348E+01   2.3776E-01   8.1842E-02  -8.8623E-01   1.9456E-02   6.6972E-03   1.4504E-01
   2001.83   8.1351E+01  -2.0829E+01  -6.6293E+01   7.2237E-02   3.7852E-02  -3.1774E-01   5.9112E-03   3.0974E-03   5.2001E-02
   2001.92   8.1392E+01  -2.0865E+01  -6.6222E+01  -1.1126E-01  -1.0974E-02   3.1271E-01  -9.1046E-03  -8.9802E-04  -5.1179E-02
   2002.00   8.1426E+01  -2.0910E+01  -6.6137E+01  -3.1274E-01  -6.4636E-02   1.0051E+00  -2.5591E-02  -5.2892E-03  -1.6450E-01
   2002.08   8.1453E+01  -2.0956E+01  -6.6053E+01  -5.1387E-01  -1.1825E-01   1.6965E+00  -4.2050E-02  -9.6762E-03  -2.7765E-01
   2002.17   8.1475E+01  -2.0994E+01  -6.5985E+01  -6.9635E-01  -1.6692E-01   2.3239E+00  -5.6983E-02  -1.3659E-02  -3.8034E-01
   2002.25   8.1493E+01  -2.1023E+01  -6.5933E+01  -8.6019E-01  -2.1066E-01   2.8874E+00  -7.0389E-02  -1.7238E-02  -4.7255E-01
   2002.33   8.1505E+01  -2.1044E+01  -6.5898E+01  -1.0054E+00  -2.4945E-01   3.3868E+00  -8.2270E-02  -2.0413E-02  -5.5429E-01
   2002.42   8.1513E+01  -2.1056E+01  -6.5879E+01  -1.1319E+00  -2.8331E-01   3.8223E+00  -9.2623E-02  -2.3184E-02  -6.2556E-01
   2002.50   8.1515E+01  -2.1060E+01  -6.5876E+01  -1.2398E+00  -3.1224E-01   4.1937E+00  -1.0145E-01  -2.5550E-02  -6.8635E-01
   2002.58   8.1513E+01  -2.1055E+01  -6.5889E+01  -1.3290E+00  -3.3622E-01   4.5012E+00  -1.0875E-01  -2.7513E-02  -7.3668E-01
   2002.67   8.1505E+01  -2.1043E+01  -6.5919E+01  -1.3996E+00  -3.5527E-01   4.7447E+00  -1.1453E-01  -2.9072E-02  -7.7653E-01
   2002.75   8.1493E+01  -2.1021E+01  -6.5965E+01  -1.4515E+00  -3.6938E-01   4.9243E+00  -1.1878E-01  -3.0227E-02  -8.0591E-01
   2002.83   8.1475E+01  -2.0992E+01  -6.6027E+01  -1.4848E+00  -3.7855E-01   5.0398E+00  -1.2150E-01  -3.0977E-02  -8.2482E-01
   2002.92   8.1453E+01  -2.0954E+01  -6.6106E+01  -1.4994E+00  -3.8279E-01   5.0914E+00  -1.2270E-01  -3.1324E-02  -8.3326E-01
   2003.00   8.1425E+01  -2.0908E+01  -6.6201E+01  -1.4954E+00  -3.8208E-01   5.0789E+00  -1.2237E-01  -3.1266E-02  -8.3122E-01
   2003.08   8.1393E+01  -2.0853E+01  -6.6312E+01  -1.4727E+00  -3.7644E-01   5.0025E+00  -1.2051E-01  -3.0805E-02  -8.1872E-01
   2003.17   8.1356E+01  -2.0790E+01  -6.6440E+01  -1.4313E+00  -3.6587E-01   4.8621E+00  -1.1713E-01  -2.9939E-02  -7.9574E-01
   2003.25   8.1313E+01  -2.0718E+01  -6.6583E+01  -1.3714E+00  -3.5035E-01   4.6577E+00  -1.1222E-01  -2.8669E-02  -7.6229E-01
   2003.33   8.1266E+01  -2.0638E+01  -6.6743E+01  -1.2927E+00  -3.2990E-01   4.3894E+00  -1.0578E-01  -2.6996E-02  -7.1837E-01
   2003.42   8.1214E+01  -2.0550E+01  -6.6920E+01  -1.1954E+00  -3.0451E-01   4.0570E+00  -9.7823E-02  -2.4918E-02  -6.6398E-01
   2003.50   8.1157E+01  -2.0454E+01  -6.7112E+01  -1.0795E+00  -2.7418E-01   3.6607E+00  -8.8336E-02  -2.2436E-02  -5.9911E-01
   2003.58   8.1094E+01  -2.0349E+01  -6.7321E+01  -9.4491E-01  -2.3891E-01   3.2004E+00  -7.7322E-02  -1.9550E-02  -5.2377E-01
   2003.67   8.1027E+01  -2.0235E+01  -6.7547E+01  -7.9167E-01  -1.9871E-01   2.6761E+00  -6.4782E-02  -1.6260E-02  -4.3797E-01
   2003.75   8.0955E+01  -2.0113E+01  -6.7788E+01  -6.1977E-01  -1.5357E-01   2.0878E+00  -5.0716E-02  -1.2567E-02  -3.4169E-01
   2003.83   8.0878E+01  -1.9983E+01  -6.8046E+01  -4.2923E-01  -1.0349E-01   1.4355E+00  -3.5124E-02  -8.4686E-03  -2.3494E-01
   2003.92   8.0796E+01  -1.9845E+01  -6.8320E+01  -2.2003E-01  -4.8473E-02   7.1925E-01  -1.8005E-02  -3.9666E-03  -1.1771E-01
   2004.00   8.0709E+01  -1.9698E+01  -6.8611E+01   7.8127E-03   1.1481E-02  -6.0989E-02   6.3932E-04   9.3950E-04   9.9815E-03
   2004.08   8.0616E+01  -1.9549E+01  -6.8908E+01   2.3736E-01   7.1903E-02  -8.4713E-01   1.9424E-02   5.8838E-03   1.3864E-01
   2004.17   8.0519E+01  -1.9406E+01  -6.9201E+01   4.5167E-01   1.2832E-01  -1.5811E+00   3.6960E-02   1.0501E-02   2.5876E-01
   2004.25   8.0417E+01  -1.9267E+01  -6.9491E+01   6.5074E-01   1.8074E-01  -2.2629E+00   5.3250E-02   1.4790E-02   3.7034E-01
   2004.33   8.0309E+01  -1.9134E+01  -6.9777E+01   8.3456E-01   2.2916E-01  -2.8924E+00   6.8292E-02   1.8752E-02   4.7338E-01
   2004.42   8.0197E+01  -1.9006E+01  -7.0059E+01   1.0031E+00   2.7357E-01  -3.4698E+00   8.2087E-02   2.2386E-02   5.6788E-01
   2004.50   8.0079E+01  -1.8882E+01  -7.0338E+01   1.1565E+00   3.1398E-01  -3.9950E+00   9.4634E-02   2.5693E-02   6.5383E-01
   2004.58   7.9956E+01  -1.8764E+01  -7.0614E+01   1.2946E+00   3.5039E-01  -4.4681E+00   1.0593E-01   2.8673E-02   7.3125E-01
   2004.67   7.9829E+01  -1.8651E+01  -7.0885E+01   1.4174E+00   3.8280E-01  -4.8889E+00   1.1599E-01   3.1325E-02   8.0012E-01
   2004.75   7.9696E+01  -1.8543E+01  -7.1154E+01   1.5250E+00   4.1121E-01  -5.2576E+00   1.2479E-01   3.3649E-02   8.6046E-01
   2004.83   7.9558E+01  -1.8440E+01  -7.1418E+01   1.6174E+00   4.3562E-01  -5.5740E+00   1.3235E-01   3.5647E-02   9.1225E-01
   2004.92   7.9415E+01  -1.8342E+01  -7.1680E+01   1.6945E+00   4.5602E-01  -5.8383E+00   1.3866E-01   3.7316E-02   9.5550E-01
   2005.00   7.9266E+01  -1.8249E+01  -7.1937E+01   1.7564E+00   4.7242E-01  -6.0504E+00   1.4372E-01   3.8658E-02   9.9022E-01
   2005.08   7.9113E+01  -1.8161E+01  -7.2191E+01   1.8030E+00   4.8482E-01  -6.2103E+00   1.4754E-01   3.9673E-02   1.0164E+00
   2005.17   7.8955E+01  -1.8079E+01  -7.2442E+01   1.8344E+00   4.9322E-01  -6.3181E+00   1.5011E-01   4.0360E-02   1.0340E+00
   2005.25   7.8791E+01  -1.8001E+01  -7.2688E+01   1.8505E+00   4.9761E-01  -6.3736E+00   1.5143E-01   4.0720E-02   1.0431E+00
   2005.33   7.8623E+01  -1.7928E+01  -7.2932E+01   1.8514E+00   4.9801E-01  -6.3770E+00   1.5150E-01   4.0752E-02   1.0437E+00
   2005.42   7.8449E+01  -1.7861E+01  -7.3171E+01   1.8371E+00   4.9440E-01  -6.3281E+00   1.5033E-01   4.0457E-02   1.0357E+00
   2005.50   7.8270E+01  -1.7798E+01  -7.3408E+01   1.8075E+00   4.8679E-01  -6.2271E+00   1.4791E-01   3.9834E-02   1.0191E+00
   2005.58   7.8086E+01  -1.7741E+01  -7.3640E+01   1.7627E+00   4.7518E-01  -6.0739E+00   1.4424E-01   3.8884E-02   9.9406E-01
   2005.67   7.7897E+01  -1.7689E+01  -7.3869E+01   1.7026E+00   4.5956E-01  -5.8685E+00   1.3932E-01   3.7606E-02   9.6045E-01
   2005.75   7.7703E+01  -1.7641E+01  -7.4095E+01   1.6273E+00   4.3995E-01  -5.6110E+00   1.3316E-01   3.6001E-02   9.1829E-01
   2005.83   7.7504E+01  -1.7599E+01  -7.4317E+01   1.5367E+00   4.1633E-01  -5.3012E+00   1.2575E-01   3.4068E-02   8.6760E-01
   2005.92   7.7300E+01  -1.7562E+01  -7.4535E+01   1.4309E+00   3.8871E-01  -4.9393E+00   1.1709E-01   3.1808E-02   8.0836E-01
   2006.00   7.7090E+01  -1.7530E+01  -7.4750E+01   1.3099E+00   3.5709E-01  -4.5251E+00   1.0719E-01   2.9221E-02   7.4059E-01
   2006.08   7.6882E+01  -1.7502E+01  -7.4958E+01   1.1857E+00   3.2463E-01  -4.1004E+00   9.7028E-02   2.6564E-02   6.7107E-01
   2006.17   7.6683E+01  -1.7477E+01  -7.5159E+01   1.0707E+00   2.9449E-01  -3.7065E+00   8.7614E-02   2.4098E-02   6.0661E-01
   2006.25   7.6491E+01  -1.7456E+01  -7.5352E+01   9.6471E-01   2.6667E-01  -3.3436E+00   7.8943E-02   2.1822E-02   5.4721E-01
   2006.33   7.6307E+01  -1.7438E+01  -7.5536E+01   8.6783E-01   2.4118E-01  -3.0116E+00   7.1015E-02   1.9736E-02   4.9288E-01
   2006.42   7.6132E+01  -1.7424E+01  -7.5712E+01   7.8002E-01   2.1801E-01  -2.7105E+00   6.3830E-02   1.7840E-02   4.4360E-01
   2006.50   7.5964E+01  -1.7413E+01  -7.5880E+01   7.0130E-01   1.9717E-01  -2.4403E+00   5.7388E-02   1.6134E-02   3.9938E-01
   2006.58   7.5805E+01  -1.7405E+01  -7.6040E+01   6.3166E-01   1.7864E-01  -2.2010E+00   5.1689E-02   1.4618E-02   3.6022E-01
   2006.67   7.5654E+01  -1.7401E+01  -7.6191E+01   5.7110E-01   1.6244E-01  -1.9927E+00   4.6734E-02   1.3293E-02   3.2612E-01
   2006.75   7.5510E+01  -1.7400E+01  -7.6334E+01   5.1963E-01   1.4856E-01  -1.8153E+00   4.2521E-02   1.2157E-02   2.9709E-01
   2006.83   7.5375E+01  -1.7402E+01  -7.6469E+01   4.7723E-01   1.3701E-01  -1.6687E+00   3.9052E-02   1.1211E-02   2.7311E-01
   2006.92   7.5248E+01  -1.7408E+01  -7.6596E+01   4.4392E-01   1.2777E-01  -1.5531E+00   3.6326E-02   1.0456E-02   2.5419E-01
   2007.00   7.5129E+01  -1.7417E+01  -7.6715E+01   4.1968E-01   1.2086E-01  -1.4685E+00   3.4343E-02   9.8903E-03   2.4033E-01
   2007.08   7.5019E+01  -1.7430E+01  -7.6825E+01   4.0453E-01   1.1628E-01  -1.4147E+00   3.3103E-02   9.5149E-03   2.3153E-01
   2007.17   7.4916E+01  -1.7445E+01  -7.6928E+01   3.9846E-01   1.1401E-01  -1.3918E+00   3.2606E-02   9.3296E-03   2.2779E-01
   2007.25   7.4821E+01  -1.7465E+01  -7.7022E+01   4.0147E-01   1.1407E-01  -1.3999E+00   3.2853E-02   9.3343E-03   2.2911E-01
   2007.33   7.4734E+01  -1.7487E+01  -7.7108E+01   4.1357E-01   1.1645E-01  -1.4389E+00   3.3842E-02   9.5292E-03   2.3549E-01
   2007.42   7.4656E+01  -1.7513E+01  -7.7185E+01   4.3474E-01   1.2115E-01  -1.5088E+00   3.5575E-02   9.9141E-03   2.4693E-01
   2007.50   7.4585E+01  -1.7543E+01  -7.7255E+01   4.6500E-01   1.2818E-01  -1.6096E+00   3.8051E-02   1.0489E-02   2.6343E-01
   2007.58   7.4523E+01  -1.7575E+01  -7.7316E+01   5.0433E-01   1.3753E-01  -1.7413E+00   4.1270E-02   1.1254E-02   2.8499E-01
   2007.67   7.4469E+01  -1.7611E+01  -7.7369E+01   5.5275E-01   1.4920E-01  -1.9040E+00   4.5232E-02   1.2209E-02   3.1161E-01
   2007.75   7.4423E+01  -1.7651E+01  -7.7414E+01   6.1025E-01   1.6320E-01  -2.0976E+00   4.9937E-02   1.3354E-02   3.4329E-01
   2007.83   7.4385E+01  -1.7693E+01  -7.7451E+01   6.7683E-01   1.7951E-01  -2.3220E+00   5.5386E-02   1.4690E-02   3.8003E-01
   2007.92   7.4355E+01  -1.7740E+01  -7.7480E+01   7.5250E-01   1.9816E-01  -2.5774E+00   6.1577E-02   1.6215E-02   4.2183E-01
   2008.00   7.4333E+01  -1.7789E+01  -7.7500E+01   8.3724E-01   2.1912E-01  -2.8637E+00   6.8512E-02   1.7931E-02   4.6868E-01
   2008.08   7.4319E+01  -1.7830E+01  -7.7527E+01   9.2030E-01   2.3971E-01  -3.1445E+00   7.5308E-02   1.9616E-02   5.1464E-01
   2008.17   7.4313E+01  -1.7851E+01  -7.7577E+01   9.9090E-01   2.5724E-01  -3.3834E+00   8.1086E-02   2.1050E-02   5.5373E-01
   2008.25   7.4315E+01  -1.7851E+01  -7.7648E+01   1.0491E+00   2.7170E-01  -3.5803E+00   8.5844E-02   2.2233E-02   5.8596E-01
   2008.33   7.4326E+01  -1.7830E+01  -7.7742E+01   1.0947E+00   2.8310E-01  -3.7353E+00   8.9584E-02   2.3166E-02   6.1132E-01
   2008.42   7.4344E+01  -1.7790E+01  -7.7858E+01   1.1280E+00   2.9143E-01  -3.8483E+00   9.2304E-02   2.3848E-02   6.2981E-01
   2008.50   7.4370E+01  -1.7729E+01  -7.7996E+01   1.1488E+00   2.9670E-01  -3.9193E+00   9.4004E-02   2.4279E-02   6.4144E-01
   2008.58   7.4405E+01  -1.7647E+01  -7.8156E+01   1.1571E+00   2.9890E-01  -3.9485E+00   9.4686E-02   2.4459E-02   6.4621E-01
   2008.67   7.4447E+01  -1.7545E+01  -7.8338E+01   1.1530E+00   2.9804E-01  -3.9356E+00   9.4349E-02   2.4389E-02   6.4411E-01
   2008.75   7.4498E+01  -1.7422E+01  -7.8542E+01   1.1364E+00   2.9411E-01  -3.8808E+00   9.2992E-02   2.4068E-02   6.3514E-01
   2008.83   7.4557E+01  -1.7279E+01  -7.8769E+01   1.1074E+00   2.8712E-01  -3.7841E+00   9.0617E-02   2.3495E-02   6.1931E-01
   2008.92   7.4623E+01  -1.7116E+01  -7.9018E+01   1.0659E+00   2.7707E-01  -3.6454E+00   8.7222E-02   2.2673E-02   5.9662E-01
   2009.00   7.4698E+01  -1.6932E+01  -7.9288E+01   1.0119E+00   2.6395E-01  -3.4648E+00   8.2808E-02   2.1599E-02   5.6706E-01
   2009.08   7.4781E+01  -1.6728E+01  -7.9581E+01   9.4555E-01   2.4776E-01  -3.2423E+00   7.7374E-02   2.0274E-02   5.3063E-01
   2009.17   7.4872E+01  -1.6503E+01  -7.9896E+01   8.6670E-01   2.2851E-01  -2.9777E+00   7.0922E-02   1.8699E-02   4.8734E-01
   2009.25   7.4971E+01  -1.6258E+01  -8.0233E+01   7.7539E-01   2.0620E-01  -2.6713E+00   6.3451E-02   1.6873E-02   4.3718E-01
   2009.33   7.5078E+01  -1.5992E+01  -8.0593E+01   6.7163E-01   1.8082E-01  -2.3229E+00   5.4960E-02   1.4796E-02   3.8016E-01
   2009.42   7.5193E+01  -1.5706E+01  -8.0974E+01   5.5542E-01   1.5237E-01  -1.9325E+00   4.5450E-02   1.2469E-02   3.1628E-01
   2009.50   7.5316E+01  -1.5400E+01  -8.1378E+01   4.2675E-01   1.2086E-01  -1.5002E+00   3.4921E-02   9.8901E-03   2.4553E-01
   2009.58   7.5448E+01  -1.5073E+01  -8.1803E+01   2.8563E-01   8.6287E-02  -1.0260E+00   2.3373E-02   7.0609E-03   1.6791E-01
   2009.67   7.5587E+01  -1.4726E+01  -8.2251E+01   1.3205E-01   4.8648E-02  -5.0977E-01   1.0806E-02   3.9809E-03   8.3429E-02
   2009.75   7.5734E+01  -1.4358E+01  -8.2721E+01  -3.3982E-02   7.9436E-03   4.8378E-02  -2.7808E-03   6.5003E-04  -7.9175E-03
   2009.83   7.5890E+01  -1.3970E+01  -8.3213E+01  -2.1247E-01  -3.5825E-02   6.4847E-01  -1.7386E-02  -2.9316E-03  -1.0613E-01
   2009.92   7.6053E+01  -1.3561E+01  -8.3727E+01  -4.0341E-01  -8.2659E-02   1.2905E+00  -3.3011E-02  -6.7640E-03  -2.1121E-01
   2010.00   7.6225E+01  -1.3132E+01  -8.4264E+01  -6.0680E-01  -1.3256E-01   1.9745E+00  -4.9655E-02  -1.0847E-02  -3.2315E-01
   2010.08   7.6395E+01  -1.2702E+01  -8.4809E+01  -8.0774E-01  -1.8187E-01   2.6503E+00  -6.6098E-02  -1.4882E-02  -4.3375E-01
   2010.17   7.6553E+01  -1.2291E+01  -8.5348E+01  -9.9129E-01  -2.2694E-01   3.2677E+00  -8.1118E-02  -1.8570E-02  -5.3480E-01
   2010.25   7.6700E+01  -1.1899E+01  -8.5883E+01  -1.1575E+00  -2.6777E-01   3.8269E+00  -9.4716E-02  -2.1911E-02  -6.2631E-01
   2010.33   7.6836E+01  -1.1526E+01  -8.6412E+01  -1.3063E+00  -3.0435E-01   4.3276E+00  -1.0689E-01  -2.4905E-02  -7.0827E-01
   2010.42   7.6961E+01  -1.1172E+01  -8.6936E+01  -1.4377E+00  -3.3670E-01   4.7701E+00  -1.1765E-01  -2.7552E-02  -7.8068E-01
   2010.50   7.7074E+01  -1.0837E+01  -8.7455E+01  -1.5517E+00  -3.6480E-01   5.1542E+00  -1.2698E-01  -2.9852E-02  -8.4354E-01
   2010.58   7.7176E+01  -1.0520E+01  -8.7968E+01  -1.6484E+00  -3.8867E-01   5.4800E+00  -1.3489E-01  -3.1805E-02  -8.9686E-01
   2010.67   7.7267E+01  -1.0223E+01  -8.8477E+01  -1.7277E+00  -4.0829E-01   5.7474E+00  -1.4138E-01  -3.3410E-02  -9.4063E-01
   2010.75   7.7346E+01  -9.9440E+00  -8.8980E+01  -1.7896E+00  -4.2367E-01   5.9565E+00  -1.4644E-01  -3.4669E-02  -9.7485E-01
   2010.83   7.7414E+01  -9.6842E+00  -8.9478E+01  -1.8341E+00  -4.3481E-01   6.1073E+00  -1.5009E-01  -3.5581E-02  -9.9953E-01
   2010.92   7.7471E+01  -9.4433E+00  -8.9971E+01  -1.8613E+00  -4.4171E-01   6.1997E+00  -1.5231E-01  -3.6145E-02  -1.0147E+00
   2011.00   7.7516E+01  -9.2214E+00  -9.0459E+01  -1.8710E+00  -4.4436E-01   6.2338E+00  -1.5311E-01  -3.6363E-02  -1.0202E+00
   2011.08   7.7550E+01  -9.0183E+00  -9.0941E+01  -1.8634E+00  -4.4278E-01   6.2096E+00  -1.5249E-01  -3.6233E-02  -1.0163E+00
   2011.17   7.7573E+01  -8.8342E+00  -9.1418E+01  -1.8385E+00  -4.3696E-01   6.1270E+00  -1.5044E-01  -3.5756E-02  -1.0028E+00
   2011.25   7.7584E+01  -8.6689E+00  -9.1890E+01  -1.7961E+00  -4.2689E-01   5.9861E+00  -1.4697E-01  -3.4933E-02  -9.7969E-01
   2011.33   7.7584E+01  -8.5225E+00  -9.2357E+01  -1.7364E+00  -4.1258E-01   5.7869E+00  -1.4209E-01  -3.3762E-02  -9.4708E-01
   2011.42   7.7573E+01  -8.3950E+00  -9.2819E+01  -1.6592E+00  -3.9403E-01   5.5293E+00  -1.3578E-01  -3.2244E-02  -9.0493E-01
   2011.50   7.7550E+01  -8.2865E+00  -9.3275E+01  -1.5647E+00  -3.7124E-01   5.2134E+00  -1.2804E-01  -3.0379E-02  -8.5323E-01
   2011.58   7.7516E+01  -8.1968E+00  -9.3726E+01  -1.4529E+00  -3.4421E-01   4.8391E+00  -1.1889E-01  -2.8167E-02  -7.9198E-01
   2011.67   7.7471E+01  -8.1260E+00  -9.4172E+01  -1.3236E+00  -3.1294E-01   4.4065E+00  -1.0831E-01  -2.5608E-02  -7.2118E-01
   2011.75   7.7414E+01  -8.0741E+00  -9.4613E+01  -1.1770E+00  -2.7743E-01   3.9156E+00  -9.6313E-02  -2.2702E-02  -6.4083E-01
   2011.83   7.7346E+01  -8.0412E+00  -9.5049E+01  -1.0130E+00  -2.3767E-01   3.3664E+00  -8.2892E-02  -1.9449E-02  -5.5094E-01
   2011.92   7.7267E+01  -8.0271E+00  -9.5479E+01  -8.3159E-01  -1.9368E-01   2.7588E+00  -6.8049E-02  -1.5849E-02  -4.5150E-01
   2012.00   7.7177E+01  -8.0319E+00  -9.5905E+01  -6.3282E-01  -1.4544E-01   2.0928E+00  -5.1784E-02  -1.1902E-02  -3.4252E-01
