   1960.00   2.5258E+01   1.9570E+00   9.3229E+00   5.4857E-01   3.5661E-01  -1.6722E+00   4.4890E-02   2.9181E-02   2.7367E-01
   1960.08   2.5221E+01   2.0076E+00   9.8876E+00   8.2769E-01   5.3870E-01  -2.5259E+00   6.7730E-02   4.4082E-02   4.1340E-01
   1960.17   2.5169E+01   2.0487E+00   1.0406E+01   1.0866E+00   7.0758E-01  -3.3178E+00   8.8914E-02   5.7902E-02   5.4300E-01
   1960.25   2.5103E+01   2.0801E+00   1.0878E+01   1.3252E+00   8.6327E-01  -4.0478E+00   1.0844E-01   7.0642E-02   6.6247E-01
   1960.33   2.5022E+01   2.1020E+00   1.1303E+01   1.5436E+00   1.0058E+00  -4.7159E+00   1.2632E-01   8.2301E-02   7.7180E-01
   1960.42   2.4927E+01   2.1142E+00   1.1682E+01   1.7418E+00   1.1350E+00  -5.3220E+00   1.4253E-01   9.2881E-02   8.7101E-01
   1960.50   2.4816E+01   2.1169E+00   1.2015E+01   1.9198E+00   1.2511E+00  -5.8663E+00   1.5710E-01   1.0238E-01   9.6008E-01
   1960.58   2.4692E+01   2.1100E+00   1.2301E+01   2.0775E+00   1.3540E+00  -6.3486E+00   1.7000E-01   1.1080E-01   1.0390E+00
   1960.67   2.4552E+01   2.0935E+00   1.2540E+01   2.2150E+00   1.4437E+00  -6.7691E+00   1.8125E-01   1.1814E-01   1.1078E+00
   1960.75   2.4399E+01   2.0674E+00   1.2733E+01   2.3322E+00   1.5202E+00  -7.1276E+00   1.9085E-01   1.2440E-01   1.1665E+00
   1960.83   2.4230E+01   2.0317E+00   1.2880E+01   2.4293E+00   1.5834E+00  -7.4243E+00   1.9879E-01   1.2957E-01   1.2151E+00
   1960.92   2.4047E+01   1.9864E+00   1.2980E+01   2.5060E+00   1.6335E+00  -7.6590E+00   2.0507E-01   1.3367E-01   1.2535E+00
   1961.00   2.3850E+01   1.9315E+00   1.3034E+01   2.5626E+00   1.6704E+00  -7.8318E+00   2.0970E-01   1.3669E-01   1.2818E+00
   1961.08   2.3637E+01   1.8671E+00   1.3041E+01   2.5989E+00   1.6941E+00  -7.9427E+00   2.1267E-01   1.3863E-01   1.2999E+00
   1961.17   2.3411E+01   1.7930E+00   1.3002E+01   2.6150E+00   1.7046E+00  -7.9917E+00   2.1399E-01   1.3948E-01   1.3079E+00
   1961.25   2.3169E+01   1.7094E+00   1.2916E+01   2.6109E+00   1.7018E+00  -7.9789E+00   2.1365E-01   1.3926E-01   1.3058E+00
   1961.33   2.2913E+01   1.6161E+00   1.2784E+01   2.5865E+00   1.6859E+00  -7.9040E+00   2.1165E-01   1.3796E-01   1.2936E+00
   1961.42   2.2643E+01   1.5133E+00   1.2606E+01   2.5419E+00   1.6568E+00  -7.7673E+00   2.0800E-01   1.3557E-01   1.2712E+00
   1961.50   2.2358E+01   1.4008E+00   1.2381E+01   2.4770E+00   1.6144E+00  -7.5687E+00   2.0270E-01   1.3211E-01   1.2387E+00
   1961.58   2.2058E+01   1.2788E+00   1.2109E+01   2.3920E+00   1.5589E+00  -7.3082E+00   1.9574E-01   1.2757E-01   1.1961E+00
   1961.67   2.1744E+01   1.1472E+00   1.1791E+01   2.2867E+00   1.4902E+00  -6.9858E+00   1.8712E-01   1.2194E-01   1.1433E+00
   1961.75   2.1415E+01   1.0060E+00   1.1427E+01   2.1611E+00   1.4083E+00  -6.6014E+00   1.7684E-01   1.1524E-01   1.0804E+00
   1961.83   2.1071E+01   8.5521E-01   1.1016E+01   2.0153E+00   1.3131E+00  -6.1552E+00   1.6492E-01   1.0745E-01   1.0074E+00
   1961.92   2.0713E+01   6.9482E-01   1.0559E+01   1.8493E+00   1.2048E+00  -5.6471E+00   1.5133E-01   9.8588E-02   9.2420E-01
   1962.00   2.0341E+01   5.2484E-01   1.0055E+01   1.6631E+00   1.0833E+00  -5.0770E+00   1.3609E-01   8.8643E-02   8.3091E-01
   1962.08   1.9971E+01   3.5631E-01   9.5428E+00   1.4729E+00   9.5911E-01  -4.4947E+00   1.2052E-01   7.8485E-02   7.3561E-01
   1962.17   1.9623E+01   2.0028E-01   9.0606E+00   1.2948E+00   8.4296E-01  -3.9499E+00   1.0596E-01   6.8980E-02   6.4645E-01
   1962.25   1.9297E+01   5.6754E-02   8.6081E+00   1.1291E+00   7.3479E-01  -3.4426E+00   9.2391E-02   6.0128E-02   5.6341E-01
   1962.33   1.8991E+01  -7.4277E-02   8.1855E+00   9.7550E-01   6.3461E-01  -2.9727E+00   7.9826E-02   5.1931E-02   4.8651E-01
   1962.42   1.8707E+01  -1.9281E-01   7.7926E+00   8.3418E-01   5.4242E-01  -2.5403E+00   6.8261E-02   4.4387E-02   4.1574E-01
   1962.50   1.8444E+01  -2.9885E-01   7.4296E+00   7.0509E-01   4.5822E-01  -2.1453E+00   5.7697E-02   3.7496E-02   3.5110E-01
   1962.58   1.8202E+01  -3.9238E-01   7.0964E+00   5.8822E-01   3.8200E-01  -1.7878E+00   4.8134E-02   3.1259E-02   2.9259E-01
   1962.67   1.7981E+01  -4.7342E-01   6.7930E+00   4.8358E-01   3.1377E-01  -1.4678E+00   3.9572E-02   2.5676E-02   2.4021E-01
   1962.75   1.7782E+01  -5.4196E-01   6.5194E+00   3.9117E-01   2.5353E-01  -1.1852E+00   3.2010E-02   2.0747E-02   1.9397E-01
   1962.83   1.7604E+01  -5.9800E-01   6.2757E+00   3.1100E-01   2.0128E-01  -9.4006E-01   2.5449E-02   1.6471E-02   1.5385E-01
   1962.92   1.7447E+01  -6.4154E-01   6.0617E+00   2.4305E-01   1.5701E-01  -7.3240E-01   1.9889E-02   1.2848E-02   1.1987E-01
   1963.00   1.7311E+01  -6.7259E-01   5.8775E+00   1.8733E-01   1.2073E-01  -5.6221E-01   1.5329E-02   9.8797E-03   9.2012E-02
   1963.08   1.7197E+01  -6.9113E-01   5.7232E+00   1.4384E-01   9.2443E-02  -4.2948E-01   1.1770E-02   7.5646E-03   7.0290E-02
   1963.17   1.7104E+01  -6.9718E-01   5.5987E+00   1.1258E-01   7.2139E-02  -3.3422E-01   9.2122E-03   5.9032E-03   5.4698E-02
   1963.25   1.7032E+01  -6.9073E-01   5.5039E+00   9.3545E-02   5.9823E-02  -2.7641E-01   7.6548E-03   4.8954E-03   4.5238E-02
   1963.33   1.6981E+01  -6.7178E-01   5.4390E+00   8.6742E-02   5.5495E-02  -2.5607E-01   7.0981E-03   4.5411E-03   4.1908E-02
   1963.42   1.6952E+01  -6.4033E-01   5.4039E+00   9.2169E-02   5.9154E-02  -2.7319E-01   7.5422E-03   4.8406E-03   4.4710E-02
   1963.50   1.6944E+01  -5.9638E-01   5.3986E+00   1.0982E-01   7.0800E-02  -3.2777E-01   8.9870E-03   5.7936E-03   5.3643E-02
   1963.58   1.6957E+01  -5.3994E-01   5.4232E+00   1.3971E-01   9.0434E-02  -4.1981E-01   1.1433E-02   7.4003E-03   6.8707E-02
   1963.67   1.6991E+01  -4.7099E-01   5.4775E+00   1.8182E-01   1.1806E-01  -5.4932E-01   1.4879E-02   9.6606E-03   8.9902E-02
   1963.75   1.7047E+01  -3.8955E-01   5.5616E+00   2.3617E-01   1.5366E-01  -7.1629E-01   1.9326E-02   1.2574E-02   1.1723E-01
   1963.83   1.7124E+01  -2.9561E-01   5.6756E+00   3.0274E-01   1.9726E-01  -9.2071E-01   2.4773E-02   1.6142E-02   1.5068E-01
   1963.92   1.7222E+01  -1.8917E-01   5.8194E+00   3.8154E-01   2.4885E-01  -1.1626E+00   3.1222E-02   2.0363E-02   1.9027E-01
   1964.00   1.7341E+01  -7.0231E-02   5.9929E+00   4.7258E-01   3.0842E-01  -1.4420E+00   3.8671E-02   2.5238E-02   2.3599E-01
   1964.08   1.7467E+01   5.8495E-02   6.1670E+00   5.6273E-01   3.6741E-01  -1.7186E+00   4.6048E-02   3.0066E-02   2.8126E-01
   1964.17   1.7584E+01   1.9430E-01   6.3123E+00   6.3891E-01   4.1727E-01  -1.9522E+00   5.2282E-02   3.4146E-02   3.1950E-01
   1964.25   1.7692E+01   3.3718E-01   6.4289E+00   7.0110E-01   4.5800E-01  -2.1429E+00   5.7371E-02   3.7478E-02   3.5072E-01
   1964.33   1.7792E+01   4.8714E-01   6.5166E+00   7.4931E-01   4.8958E-01  -2.2907E+00   6.1317E-02   4.0062E-02   3.7490E-01
   1964.42   1.7883E+01   6.4418E-01   6.5756E+00   7.8355E-01   5.1203E-01  -2.3955E+00   6.4118E-02   4.1899E-02   3.9205E-01
   1964.50   1.7965E+01   8.0829E-01   6.6058E+00   8.0380E-01   5.2534E-01  -2.4574E+00   6.5775E-02   4.2988E-02   4.0218E-01
   1964.58   1.8039E+01   9.7949E-01   6.6072E+00   8.1007E-01   5.2951E-01  -2.4763E+00   6.6289E-02   4.3330E-02   4.0528E-01
   1964.67   1.8104E+01   1.1578E+00   6.5798E+00   8.0236E-01   5.2454E-01  -2.4523E+00   6.5658E-02   4.2923E-02   4.0134E-01
   1964.75   1.8160E+01   1.3431E+00   6.5236E+00   7.8067E-01   5.1044E-01  -2.3853E+00   6.3883E-02   4.1769E-02   3.9038E-01
   1964.83   1.8207E+01   1.5355E+00   6.4387E+00   7.4500E-01   4.8720E-01  -2.2754E+00   6.0964E-02   3.9868E-02   3.7239E-01
   1964.92   1.8246E+01   1.7350E+00   6.3249E+00   6.9535E-01   4.5482E-01  -2.1225E+00   5.6901E-02   3.7218E-02   3.4737E-01
   1965.00   1.8276E+01   1.9416E+00   6.1824E+00   6.3172E-01   4.1330E-01  -1.9267E+00   5.1694E-02   3.3821E-02   3.1533E-01
   1965.08   1.8298E+01   2.1553E+00   6.0111E+00   5.5411E-01   3.6265E-01  -1.6879E+00   4.5343E-02   2.9676E-02   2.7625E-01
   1965.17   1.8311E+01   2.3760E+00   5.8111E+00   4.6252E-01   3.0286E-01  -1.4062E+00   3.7848E-02   2.4783E-02   2.3014E-01
   1965.25   1.8315E+01   2.6039E+00   5.5822E+00   3.5694E-01   2.3393E-01  -1.0815E+00   2.9209E-02   1.9143E-02   1.7701E-01
   1965.33   1.8310E+01   2.8387E+00   5.3246E+00   2.3739E-01   1.5586E-01  -7.1394E-01   1.9426E-02   1.2754E-02   1.1684E-01
   1965.42   1.8297E+01   3.0807E+00   5.0381E+00   1.0386E-01   6.8661E-02  -3.0337E-01   8.4986E-03   5.6186E-03   4.9650E-02
   1965.50   1.8275E+01   3.3298E+00   4.7229E+00  -4.3658E-02  -2.7679E-02   1.5014E-01  -3.5726E-03  -2.2650E-03  -2.4571E-02
   1965.58   1.8245E+01   3.5859E+00   4.3789E+00  -2.0515E-01  -1.3316E-01   6.4659E-01  -1.6788E-02  -1.0896E-02  -1.0582E-01
   1965.67   1.8205E+01   3.8491E+00   4.0062E+00  -3.8063E-01  -2.4777E-01   1.1860E+00  -3.1147E-02  -2.0275E-02  -1.9410E-01
   1965.75   1.8157E+01   4.1194E+00   3.6046E+00  -5.7009E-01  -3.7153E-01   1.7684E+00  -4.6650E-02  -3.0402E-02  -2.8941E-01
   1965.83   1.8101E+01   4.3968E+00   3.1743E+00  -7.7353E-01  -5.0442E-01   2.3937E+00  -6.3298E-02  -4.1277E-02  -3.9175E-01
   1965.92   1.8036E+01   4.6812E+00   2.7152E+00  -9.9094E-01  -6.4645E-01   3.0619E+00  -8.1089E-02  -5.2899E-02  -5.0111E-01
   1966.00   1.7962E+01   4.9727E+00   2.2273E+00  -1.2223E+00  -7.9761E-01   3.7731E+00  -1.0002E-01  -6.5269E-02  -6.1751E-01
   1966.08   1.7890E+01   5.2700E+00   1.7487E+00  -1.4508E+00  -9.4682E-01   4.4751E+00  -1.1872E-01  -7.7479E-02  -7.3240E-01
   1966.17   1.7831E+01   5.5715E+00   1.3175E+00  -1.6592E+00  -1.0830E+00   5.1157E+00  -1.3577E-01  -8.8622E-02  -8.3725E-01
   1966.25   1.7786E+01   5.8774E+00   9.3378E-01  -1.8477E+00  -1.2061E+00   5.6950E+00  -1.5120E-01  -9.8697E-02  -9.3205E-01
   1966.33   1.7753E+01   6.1876E+00   5.9742E-01  -2.0162E+00  -1.3162E+00   6.2129E+00  -1.6499E-01  -1.0771E-01  -1.0168E+00
   1966.42   1.7733E+01   6.5022E+00   3.0848E-01  -2.1648E+00  -1.4132E+00   6.6695E+00  -1.7714E-01  -1.1565E-01  -1.0915E+00
   1966.50   1.7727E+01   6.8211E+00   6.6938E-02  -2.2934E+00  -1.4972E+00   7.0646E+00  -1.8767E-01  -1.2252E-01  -1.1562E+00
   1966.58   1.7734E+01   7.1443E+00  -1.2719E-01  -2.4020E+00  -1.5682E+00   7.3985E+00  -1.9656E-01  -1.2832E-01  -1.2108E+00
   1966.67   1.7753E+01   7.4719E+00  -2.7391E-01  -2.4907E+00  -1.6261E+00   7.6709E+00  -2.0382E-01  -1.3306E-01  -1.2554E+00
   1966.75   1.7786E+01   7.8038E+00  -3.7322E-01  -2.5594E+00  -1.6709E+00   7.8820E+00  -2.0944E-01  -1.3673E-01  -1.2900E+00
   1966.83   1.7832E+01   8.1400E+00  -4.2512E-01  -2.6082E+00  -1.7028E+00   8.0318E+00  -2.1343E-01  -1.3934E-01  -1.3145E+00
   1966.92   1.7891E+01   8.4806E+00  -4.2962E-01  -2.6370E+00  -1.7215E+00   8.1201E+00  -2.1579E-01  -1.4087E-01  -1.3289E+00
   1967.00   1.7963E+01   8.8255E+00  -3.8670E-01  -2.6458E+00  -1.7273E+00   8.1471E+00  -2.1651E-01  -1.4134E-01  -1.3334E+00
   1967.08   1.8048E+01   9.1747E+00  -2.9638E-01  -2.6347E+00  -1.7200E+00   8.1128E+00  -2.1560E-01  -1.4074E-01  -1.3277E+00
   1967.17   1.8146E+01   9.5283E+00  -1.5865E-01  -2.6036E+00  -1.6996E+00   8.0171E+00  -2.1306E-01  -1.3908E-01  -1.3121E+00
   1967.25   1.8258E+01   9.8862E+00   2.6496E-02  -2.5526E+00  -1.6662E+00   7.8600E+00  -2.0888E-01  -1.3635E-01  -1.2864E+00
   1967.33   1.8382E+01   1.0248E+01   2.5905E-01  -2.4816E+00  -1.6198E+00   7.6416E+00  -2.0307E-01  -1.3255E-01  -1.2506E+00
   1967.42   1.8519E+01   1.0615E+01   5.3901E-01  -2.3906E+00  -1.5603E+00   7.3618E+00  -1.9562E-01  -1.2768E-01  -1.2048E+00
   1967.50   1.8670E+01   1.0986E+01   8.6637E-01  -2.2797E+00  -1.4877E+00   7.0206E+00  -1.8655E-01  -1.2174E-01  -1.1490E+00
   1967.58   1.8833E+01   1.1361E+01   1.2412E+00  -2.1488E+00  -1.4022E+00   6.6181E+00  -1.7584E-01  -1.1474E-01  -1.0831E+00
   1967.67   1.9010E+01   1.1741E+01   1.6633E+00  -1.9979E+00  -1.3035E+00   6.1542E+00  -1.6349E-01  -1.0667E-01  -1.0072E+00
   1967.75   1.9199E+01   1.2125E+01   2.1329E+00  -1.8271E+00  -1.1919E+00   5.6290E+00  -1.4952E-01  -9.7532E-02  -9.2125E-01
   1967.83   1.9402E+01   1.2513E+01   2.6499E+00  -1.6364E+00  -1.0672E+00   5.0424E+00  -1.3390E-01  -8.7327E-02  -8.2524E-01
   1967.92   1.9618E+01   1.2905E+01   3.2143E+00  -1.4256E+00  -9.2942E-01   4.3944E+00  -1.1666E-01  -7.6055E-02  -7.1919E-01
   1968.00   1.9847E+01   1.3302E+01   3.8262E+00  -1.1949E+00  -7.7863E-01   3.6851E+00  -9.7783E-02  -6.3715E-02  -6.0311E-01
   1968.08   2.0077E+01   1.3692E+01   4.4452E+00  -9.5969E-01  -6.2485E-01   2.9617E+00  -7.8532E-02  -5.1132E-02  -4.8472E-01
   1968.17   2.0295E+01   1.4064E+01   5.0311E+00  -7.3527E-01  -4.7817E-01   2.2717E+00  -6.0168E-02  -3.9129E-02  -3.7179E-01
   1968.25   2.0502E+01   1.4417E+01   5.5839E+00  -5.2170E-01  -3.3857E-01   1.6150E+00  -4.2691E-02  -2.7705E-02  -2.6431E-01
   1968.33   2.0698E+01   1.4752E+01   6.1037E+00  -3.1896E-01  -2.0605E-01   9.9155E-01  -2.6101E-02  -1.6862E-02  -1.6228E-01
   1968.42   2.0883E+01   1.5069E+01   6.5904E+00  -1.2706E-01  -8.0629E-02   4.0145E-01  -1.0397E-02  -6.5979E-03  -6.5701E-02
   1968.50   2.1056E+01   1.5367E+01   7.0440E+00   5.4001E-02   3.7710E-02  -1.5535E-01   4.4189E-03   3.0858E-03   2.5425E-02
   1968.58   2.1218E+01   1.5647E+01   7.4646E+00   2.2422E-01   1.4896E-01  -6.7884E-01   1.8348E-02   1.2190E-02   1.1110E-01
   1968.67   2.1369E+01   1.5909E+01   7.8521E+00   3.8361E-01   2.5313E-01  -1.1690E+00   3.1391E-02   2.0713E-02   1.9132E-01
   1968.75   2.1508E+01   1.6152E+01   8.2065E+00   5.3215E-01   3.5021E-01  -1.6259E+00   4.3546E-02   2.8657E-02   2.6609E-01
   1968.83   2.1637E+01   1.6377E+01   8.5279E+00   6.6986E-01   4.4020E-01  -2.0494E+00   5.4815E-02   3.6021E-02   3.3541E-01
   1968.92   2.1754E+01   1.6584E+01   8.8162E+00   7.9673E-01   5.2310E-01  -2.4397E+00   6.5196E-02   4.2806E-02   3.9928E-01
   1969.00   2.1859E+01   1.6772E+01   9.0714E+00   9.1275E-01   5.9892E-01  -2.7966E+00   7.4691E-02   4.9010E-02   4.5769E-01
   1969.08   2.1954E+01   1.6942E+01   9.2935E+00   1.0179E+00   6.6765E-01  -3.1202E+00   8.3299E-02   5.4634E-02   5.1066E-01
   1969.17   2.2037E+01   1.7094E+01   9.4826E+00   1.1123E+00   7.2929E-01  -3.4105E+00   9.1020E-02   5.9678E-02   5.5817E-01
   1969.25   2.2108E+01   1.7227E+01   9.6386E+00   1.1958E+00   7.8385E-01  -3.6675E+00   9.7854E-02   6.4143E-02   6.0023E-01
   1969.33   2.2169E+01   1.7342E+01   9.7616E+00   1.2685E+00   8.3132E-01  -3.8912E+00   1.0380E-01   6.8027E-02   6.3684E-01
   1969.42   2.2218E+01   1.7439E+01   9.8514E+00   1.3303E+00   8.7170E-01  -4.0816E+00   1.0886E-01   7.1332E-02   6.6799E-01
   1969.50   2.2256E+01   1.7517E+01   9.9082E+00   1.3813E+00   9.0500E-01  -4.2386E+00   1.1303E-01   7.4057E-02   6.9370E-01
   1969.58   2.2283E+01   1.7577E+01   9.9319E+00   1.4215E+00   9.3121E-01  -4.3624E+00   1.1632E-01   7.6201E-02   7.1395E-01
   1969.67   2.2298E+01   1.7619E+01   9.9226E+00   1.4508E+00   9.5033E-01  -4.4528E+00   1.1872E-01   7.7766E-02   7.2875E-01
   1969.75   2.2302E+01   1.7642E+01   9.8802E+00   1.4693E+00   9.6237E-01  -4.5100E+00   1.2023E-01   7.8751E-02   7.3810E-01
   1969.83   2.2295E+01   1.7647E+01   9.8047E+00   1.4769E+00   9.6732E-01  -4.5338E+00   1.2086E-01   7.9156E-02   7.4200E-01
   1969.92   2.2277E+01   1.7634E+01   9.6961E+00   1.4737E+00   9.6518E-01  -4.5243E+00   1.2060E-01   7.8981E-02   7.4045E-01
   1970.00   2.2247E+01   1.7603E+01   9.5545E+00   1.4597E+00   9.5595E-01  -4.4815E+00   1.1945E-01   7.8226E-02   7.3344E-01
   1970.08   2.2209E+01   1.7555E+01   9.3995E+00   1.4367E+00   9.4089E-01  -4.4111E+00   1.1757E-01   7.6993E-02   7.2192E-01
   1970.17   2.2166E+01   1.7495E+01   9.2508E+00   1.4066E+00   9.2122E-01  -4.3188E+00   1.1510E-01   7.5384E-02   7.0681E-01
   1970.25   2.2118E+01   1.7422E+01   9.1084E+00   1.3695E+00   8.9696E-01  -4.2046E+00   1.1206E-01   7.3398E-02   6.8813E-01
   1970.33   2.2065E+01   1.7336E+01   8.9723E+00   1.3252E+00   8.6809E-01  -4.0685E+00   1.0844E-01   7.1036E-02   6.6586E-01
   1970.42   2.2007E+01   1.7237E+01   8.8426E+00   1.2739E+00   8.3463E-01  -3.9105E+00   1.0424E-01   6.8298E-02   6.4000E-01
   1970.50   2.1944E+01   1.7125E+01   8.7191E+00   1.2154E+00   7.9657E-01  -3.7307E+00   9.9460E-02   6.5184E-02   6.1056E-01
   1970.58   2.1876E+01   1.7000E+01   8.6020E+00   1.1499E+00   7.5391E-01  -3.5289E+00   9.4100E-02   6.1693E-02   5.7755E-01
   1970.67   2.1803E+01   1.6862E+01   8.4912E+00   1.0773E+00   7.0666E-01  -3.3053E+00   8.8160E-02   5.7826E-02   5.4094E-01
   1970.75   2.1725E+01   1.6711E+01   8.3867E+00   9.9767E-01   6.5480E-01  -3.0597E+00   8.1640E-02   5.3583E-02   5.0076E-01
   1970.83   2.1642E+01   1.6547E+01   8.2886E+00   9.1091E-01   5.9835E-01  -2.7923E+00   7.4540E-02   4.8963E-02   4.5699E-01
   1970.92   2.1554E+01   1.6370E+01   8.1967E+00   8.1706E-01   5.3729E-01  -2.5030E+00   6.6860E-02   4.3967E-02   4.0964E-01
   1971.00   2.1461E+01   1.6180E+01   8.1111E+00   7.1613E-01   4.7164E-01  -2.1918E+00   5.8601E-02   3.8595E-02   3.5871E-01
   1971.08   2.1363E+01   1.5977E+01   8.0319E+00   6.0811E-01   4.0139E-01  -1.8587E+00   4.9762E-02   3.2846E-02   3.0419E-01
   1971.17   2.1260E+01   1.5762E+01   7.9590E+00   4.9301E-01   3.2654E-01  -1.5037E+00   4.0343E-02   2.6721E-02   2.4609E-01
   1971.25   2.1152E+01   1.5533E+01   7.8924E+00   3.7082E-01   2.4710E-01  -1.1268E+00   3.0345E-02   2.0220E-02   1.8441E-01
   1971.33   2.1039E+01   1.5291E+01   7.8321E+00   2.4155E-01   1.6305E-01  -7.2799E-01   1.9766E-02   1.3343E-02   1.1914E-01
   1971.42   2.0921E+01   1.5036E+01   7.7781E+00   1.0519E-01   7.4408E-02  -3.0732E-01   8.6080E-03   6.0888E-03   5.0296E-02
   1971.50   2.0798E+01   1.4769E+01   7.7305E+00  -3.8250E-02  -1.8835E-02   1.3524E-01  -3.1300E-03  -1.5412E-03  -2.2134E-02
   1971.58   2.0670E+01   1.4488E+01   7.6891E+00  -1.8878E-01  -1.1668E-01   5.9970E-01  -1.5448E-02  -9.5476E-03  -9.8147E-02
   1971.67   2.0537E+01   1.4194E+01   7.6541E+00  -3.4639E-01  -2.1912E-01   1.0860E+00  -2.8345E-02  -1.7930E-02  -1.7774E-01
   1971.75   2.0399E+01   1.3888E+01   7.6254E+00  -5.1109E-01  -3.2615E-01   1.5943E+00  -4.1823E-02  -2.6689E-02  -2.6092E-01
   1971.83   2.0256E+01   1.3568E+01   7.6030E+00  -6.8287E-01  -4.3779E-01   2.1244E+00  -5.5880E-02  -3.5824E-02  -3.4768E-01
   1971.92   2.0108E+01   1.3236E+01   7.5869E+00  -8.6174E-01  -5.5402E-01   2.6764E+00  -7.0517E-02  -4.5336E-02  -4.3803E-01
   1972.00   1.9955E+01   1.2890E+01   7.5771E+00  -1.0477E+00  -6.7486E-01   3.2504E+00  -8.5733E-02  -5.5224E-02  -5.3196E-01
   1972.08   1.9798E+01   1.2541E+01   7.5815E+00  -1.2269E+00  -7.9134E-01   3.8036E+00  -1.0040E-01  -6.4756E-02  -6.2249E-01
   1972.17   1.9640E+01   1.2197E+01   7.6079E+00  -1.3857E+00  -8.9451E-01   4.2935E+00  -1.1339E-01  -7.3198E-02  -7.0267E-01
   1972.25   1.9481E+01   1.1859E+01   7.6562E+00  -1.5240E+00  -9.8438E-01   4.7201E+00  -1.2471E-01  -8.0553E-02  -7.7250E-01
   1972.33   1.9319E+01   1.1526E+01   7.7266E+00  -1.6417E+00  -1.0609E+00   5.0834E+00  -1.3434E-01  -8.6818E-02  -8.3196E-01
   1972.42   1.9156E+01   1.1198E+01   7.8189E+00  -1.7390E+00  -1.1242E+00   5.3835E+00  -1.4230E-01  -9.1994E-02  -8.8106E-01
   1972.50   1.8992E+01   1.0875E+01   7.9333E+00  -1.8158E+00  -1.1742E+00   5.6202E+00  -1.4859E-01  -9.6082E-02  -9.1981E-01
   1972.58   1.8826E+01   1.0559E+01   8.0696E+00  -1.8721E+00  -1.2108E+00   5.7937E+00  -1.5319E-01  -9.9081E-02  -9.4820E-01
   1972.67   1.8658E+01   1.0247E+01   8.2280E+00  -1.9079E+00  -1.2342E+00   5.9038E+00  -1.5612E-01  -1.0099E-01  -9.6622E-01
   1972.75   1.8488E+01   9.9408E+00   8.4083E+00  -1.9232E+00  -1.2442E+00   5.9507E+00  -1.5737E-01  -1.0181E-01  -9.7389E-01
   1972.83   1.8317E+01   9.6401E+00   8.6106E+00  -1.9180E+00  -1.2409E+00   5.9342E+00  -1.5695E-01  -1.0155E-01  -9.7120E-01
   1972.92   1.8145E+01   9.3447E+00   8.8350E+00  -1.8923E+00  -1.2244E+00   5.8545E+00  -1.5485E-01  -1.0019E-01  -9.5815E-01
   1973.00   1.7970E+01   9.0547E+00   9.0813E+00  -1.8461E+00  -1.1945E+00   5.7115E+00  -1.5107E-01  -9.7745E-02  -9.3475E-01
   1973.08   1.7795E+01   8.7701E+00   9.3496E+00  -1.7794E+00  -1.1513E+00   5.5052E+00  -1.4561E-01  -9.4212E-02  -9.0098E-01
   1973.17   1.7617E+01   8.4908E+00   9.6399E+00  -1.6923E+00  -1.0948E+00   5.2356E+00  -1.3848E-01  -8.9590E-02  -8.5686E-01
   1973.25   1.7438E+01   8.2170E+00   9.9522E+00  -1.5846E+00  -1.0250E+00   4.9027E+00  -1.2967E-01  -8.3878E-02  -8.0237E-01
   1973.33   1.7257E+01   7.9486E+00   1.0286E+01  -1.4564E+00  -9.4193E-01   4.5065E+00  -1.1918E-01  -7.7079E-02  -7.3753E-01
   1973.42   1.7075E+01   7.6855E+00   1.0643E+01  -1.3078E+00  -8.4553E-01   4.0470E+00  -1.0702E-01  -6.9190E-02  -6.6233E-01
   1973.50   1.6891E+01   7.4279E+00   1.1021E+01  -1.1387E+00  -7.3583E-01   3.5242E+00  -9.3176E-02  -6.0213E-02  -5.7677E-01
   1973.58   1.6705E+01   7.1756E+00   1.1421E+01  -9.4901E-01  -6.1281E-01   2.9381E+00  -7.7658E-02  -5.0147E-02  -4.8085E-01
   1973.67   1.6518E+01   6.9287E+00   1.1844E+01  -7.3888E-01  -4.7650E-01   2.2887E+00  -6.0463E-02  -3.8992E-02  -3.7457E-01
   1973.75   1.6329E+01   6.6872E+00   1.2288E+01  -5.0826E-01  -3.2688E-01   1.5761E+00  -4.1591E-02  -2.6748E-02  -2.5794E-01
   1973.83   1.6138E+01   6.4511E+00   1.2754E+01  -2.5714E-01  -1.6395E-01   8.0010E-01  -2.1042E-02  -1.3416E-02  -1.3094E-01
   1973.92   1.5946E+01   6.2204E+00   1.3242E+01   1.4469E-02   1.2283E-02  -3.9162E-02   1.1840E-03   1.0051E-03   6.4092E-03
   1974.00   1.5752E+01   5.9951E+00   1.3753E+01   3.0657E-01   2.0182E-01  -9.4171E-01   2.5087E-02   1.6515E-02   1.5412E-01
   1974.08   1.5555E+01   5.7677E+00   1.4247E+01   5.9616E-01   3.8973E-01  -1.8364E+00   4.8784E-02   3.1892E-02   3.0055E-01
   1974.17   1.5351E+01   5.5308E+00   1.4690E+01   8.6020E-01   5.6110E-01  -2.6522E+00   7.0390E-02   4.5915E-02   4.3406E-01
   1974.25   1.5141E+01   5.2843E+00   1.5079E+01   1.0987E+00   7.1591E-01  -3.3890E+00   8.9907E-02   5.8583E-02   5.5465E-01
   1974.33   1.4924E+01   5.0283E+00   1.5416E+01   1.3117E+00   8.5417E-01  -4.0469E+00   1.0733E-01   6.9897E-02   6.6231E-01
   1974.42   1.4702E+01   4.7628E+00   1.5700E+01   1.4991E+00   9.7588E-01  -4.6258E+00   1.2267E-01   7.9856E-02   7.5706E-01
   1974.50   1.4473E+01   4.4877E+00   1.5931E+01   1.6610E+00   1.0810E+00  -5.1257E+00   1.3592E-01   8.8461E-02   8.3888E-01
   1974.58   1.4238E+01   4.2031E+00   1.6109E+01   1.7973E+00   1.1696E+00  -5.5467E+00   1.4707E-01   9.5712E-02   9.0778E-01
   1974.67   1.3997E+01   3.9090E+00   1.6235E+01   1.9081E+00   1.2417E+00  -5.8887E+00   1.5614E-01   1.0161E-01   9.6376E-01
   1974.75   1.3750E+01   3.6054E+00   1.6308E+01   1.9934E+00   1.2972E+00  -6.1518E+00   1.6312E-01   1.0615E-01   1.0068E+00
   1974.83   1.3496E+01   3.2922E+00   1.6329E+01   2.0531E+00   1.3362E+00  -6.3360E+00   1.6800E-01   1.0934E-01   1.0369E+00
   1974.92   1.3236E+01   2.9695E+00   1.6296E+01   2.0872E+00   1.3586E+00  -6.4411E+00   1.7080E-01   1.1117E-01   1.0542E+00
   1975.00   1.2971E+01   2.6373E+00   1.6211E+01   2.0959E+00   1.3644E+00  -6.4674E+00   1.7151E-01   1.1165E-01   1.0585E+00
   1975.08   1.2698E+01   2.2955E+00   1.6073E+01   2.0790E+00   1.3537E+00  -6.4146E+00   1.7012E-01   1.1077E-01   1.0498E+00
   1975.17   1.2420E+01   1.9442E+00   1.5883E+01   2.0365E+00   1.3264E+00  -6.2829E+00   1.6665E-01   1.0854E-01   1.0283E+00
   1975.25   1.2135E+01   1.5834E+00   1.5640E+01   1.9686E+00   1.2826E+00  -6.0723E+00   1.6109E-01   1.0496E-01   9.9380E-01
   1975.33   1.1845E+01   1.2130E+00   1.5344E+01   1.8750E+00   1.2223E+00  -5.7827E+00   1.5343E-01   1.0002E-01   9.4640E-01
   1975.42   1.1548E+01   8.3312E-01   1.4995E+01   1.7560E+00   1.1454E+00  -5.4141E+00   1.4369E-01   9.3727E-02   8.8608E-01
   1975.50   1.1245E+01   4.4369E-01   1.4594E+01   1.6114E+00   1.0519E+00  -4.9666E+00   1.3186E-01   8.6079E-02   8.1284E-01
   1975.58   1.0935E+01   4.4738E-02   1.4139E+01   1.4412E+00   9.4192E-01  -4.4402E+00   1.1794E-01   7.7077E-02   7.2668E-01
   1975.67   1.0620E+01  -3.6375E-01   1.3633E+01   1.2455E+00   8.1536E-01  -3.8347E+00   1.0192E-01   6.6721E-02   6.2760E-01
   1975.75   1.0298E+01  -7.8177E-01   1.3073E+01   1.0243E+00   6.7224E-01  -3.1504E+00   8.3819E-02   5.5010E-02   5.1559E-01
   1975.83   9.9699E+00  -1.2093E+00   1.2461E+01   7.7753E-01   5.1258E-01  -2.3870E+00   6.3626E-02   4.1945E-02   3.9067E-01
   1975.92   9.6357E+00  -1.6464E+00   1.1796E+01   5.0522E-01   3.3637E-01  -1.5448E+00   4.1343E-02   2.7525E-02   2.5282E-01
   1976.00   9.2953E+00  -2.0930E+00   1.1078E+01   2.0738E-01   1.4360E-01  -6.2352E-01   1.6970E-02   1.1751E-02   1.0205E-01
   1976.08   8.9455E+00  -2.5368E+00   1.0347E+01  -9.1206E-02  -4.9657E-02   2.9994E-01  -7.4634E-03  -4.0635E-03  -4.9089E-02
   1976.17   8.5832E+00  -2.9656E+00   9.6417E+00  -3.6572E-01  -2.2736E-01   1.1489E+00  -2.9927E-02  -1.8605E-02  -1.8803E-01
   1976.25   8.2083E+00  -3.3792E+00   8.9628E+00  -6.1616E-01  -3.8949E-01   1.9234E+00  -5.0420E-02  -3.1872E-02  -3.1479E-01
   1976.33   7.8208E+00  -3.7778E+00   8.3098E+00  -8.4253E-01  -5.3606E-01   2.6234E+00  -6.8944E-02  -4.3866E-02  -4.2935E-01
   1976.42   7.4208E+00  -4.1612E+00   7.6830E+00  -1.0448E+00  -6.6708E-01   3.2489E+00  -8.5498E-02  -5.4587E-02  -5.3172E-01
   1976.50   7.0082E+00  -4.5296E+00   7.0822E+00  -1.2230E+00  -7.8253E-01   3.7999E+00  -1.0008E-01  -6.4034E-02  -6.2190E-01
   1976.58   6.5831E+00  -4.8829E+00   6.5075E+00  -1.3772E+00  -8.8241E-01   4.2765E+00  -1.1270E-01  -7.2208E-02  -6.9989E-01
   1976.67   6.1454E+00  -5.2211E+00   5.9588E+00  -1.5073E+00  -9.6674E-01   4.6785E+00  -1.2334E-01  -7.9109E-02  -7.6569E-01
   1976.75   5.6951E+00  -5.5442E+00   5.4362E+00  -1.6133E+00  -1.0355E+00   5.0061E+00  -1.3202E-01  -8.4736E-02  -8.1930E-01
   1976.83   5.2323E+00  -5.8522E+00   4.9397E+00  -1.6952E+00  -1.0887E+00   5.2591E+00  -1.3872E-01  -8.9089E-02  -8.6071E-01
   1976.92   4.7569E+00  -6.1451E+00   4.4692E+00  -1.7531E+00  -1.1263E+00   5.4377E+00  -1.4346E-01  -9.2169E-02  -8.8994E-01
   1977.00   4.2689E+00  -6.4229E+00   4.0248E+00  -1.7869E+00  -1.1484E+00   5.5418E+00  -1.4622E-01  -9.3976E-02  -9.0697E-01
   1977.08   3.7684E+00  -6.6856E+00   3.6064E+00  -1.7966E+00  -1.1549E+00   5.5714E+00  -1.4702E-01  -9.4509E-02  -9.1182E-01
   1977.17   3.2554E+00  -6.9333E+00   3.2141E+00  -1.7823E+00  -1.1459E+00   5.5265E+00  -1.4584E-01  -9.3769E-02  -9.0447E-01
   1977.25   2.7297E+00  -7.1658E+00   2.8479E+00  -1.7439E+00  -1.1213E+00   5.4071E+00  -1.4270E-01  -9.1755E-02  -8.8493E-01
   1977.33   2.1916E+00  -7.3832E+00   2.5077E+00  -1.6814E+00  -1.0811E+00   5.2132E+00  -1.3759E-01  -8.8468E-02  -8.5320E-01
   1977.42   1.6408E+00  -7.5856E+00   2.1936E+00  -1.5948E+00  -1.0254E+00   4.9449E+00  -1.3050E-01  -8.3908E-02  -8.0928E-01
   1977.50   1.0775E+00  -7.7729E+00   1.9055E+00  -1.4842E+00  -9.5409E-01   4.6020E+00  -1.2145E-01  -7.8074E-02  -7.5317E-01
   1977.58   5.0163E-01  -7.9450E+00   1.6435E+00  -1.3495E+00  -8.6723E-01   4.1847E+00  -1.1043E-01  -7.0966E-02  -6.8487E-01
   1977.67  -8.6804E-02  -8.1021E+00   1.4076E+00  -1.1907E+00  -7.6482E-01   3.6929E+00  -9.7436E-02  -6.2585E-02  -6.0437E-01
   1977.75  -6.8780E-01  -8.2441E+00   1.1977E+00  -1.0079E+00  -6.4684E-01   3.1265E+00  -8.2474E-02  -5.2931E-02  -5.1169E-01
   1977.83  -1.3013E+00  -8.3710E+00   1.0139E+00  -8.0095E-01  -5.1329E-01   2.4857E+00  -6.5542E-02  -4.2003E-02  -4.0681E-01
   1977.92  -1.9275E+00  -8.4828E+00   8.5617E-01  -5.6996E-01  -3.6419E-01   1.7704E+00  -4.6640E-02  -2.9802E-02  -2.8975E-01
   1978.00  -2.5661E+00  -8.5795E+00   7.2448E-01  -3.1490E-01  -1.9953E-01   9.8063E-01  -2.5768E-02  -1.6327E-02  -1.6049E-01
   1978.08  -3.2047E+00  -8.6709E+00   5.9253E-01  -5.9193E-02  -3.4411E-02   1.8888E-01  -4.8438E-03  -2.8158E-03  -3.0913E-02
   1978.17  -3.8305E+00  -8.7666E+00   4.3396E-01   1.7373E-01   1.1604E-01  -5.3229E-01   1.4216E-02   9.4956E-03   8.7115E-02
   1978.25  -4.4436E+00  -8.8667E+00   2.4879E-01   3.8387E-01   2.5183E-01  -1.1829E+00   3.1412E-02   2.0607E-02   1.9359E-01
   1978.33  -5.0438E+00  -8.9712E+00   3.7020E-02   5.7123E-01   3.7295E-01  -1.7629E+00   4.6744E-02   3.0519E-02   2.8852E-01
   1978.42  -5.6313E+00  -9.0800E+00  -2.0136E-01   7.3580E-01   4.7941E-01  -2.2724E+00   6.0211E-02   3.9230E-02   3.7189E-01
   1978.50  -6.2061E+00  -9.1932E+00  -4.6634E-01   8.7759E-01   5.7121E-01  -2.7112E+00   7.1814E-02   4.6742E-02   4.4372E-01
   1978.58  -6.7680E+00  -9.3107E+00  -7.5793E-01   9.9660E-01   6.4834E-01  -3.0795E+00   8.1552E-02   5.3054E-02   5.0400E-01
   1978.67  -7.3173E+00  -9.4326E+00  -1.0761E+00   1.0928E+00   7.1080E-01  -3.3772E+00   8.9427E-02   5.8165E-02   5.5272E-01
   1978.75  -7.8537E+00  -9.5589E+00  -1.4209E+00   1.1663E+00   7.5861E-01  -3.6044E+00   9.5437E-02   6.2077E-02   5.8990E-01
   1978.83  -8.3774E+00  -9.6896E+00  -1.7923E+00   1.2169E+00   7.9175E-01  -3.7610E+00   9.9582E-02   6.4789E-02   6.1552E-01
   1978.92  -8.8883E+00  -9.8246E+00  -2.1903E+00   1.2448E+00   8.1022E-01  -3.8470E+00   1.0186E-01   6.6301E-02   6.2960E-01
   1979.00  -9.3864E+00  -9.9640E+00  -2.6149E+00   1.2499E+00   8.1404E-01  -3.8624E+00   1.0228E-01   6.6613E-02   6.3212E-01
   1979.08  -9.8718E+00  -1.0108E+01  -3.0662E+00   1.2322E+00   8.0318E-01  -3.8072E+00   1.0083E-01   6.5725E-02   6.2309E-01
   1979.17  -1.0344E+01  -1.0256E+01  -3.5440E+00   1.1918E+00   7.7767E-01  -3.6815E+00   9.7522E-02   6.3637E-02   6.0251E-01
   1979.25  -1.0804E+01  -1.0408E+01  -4.0484E+00   1.1285E+00   7.3749E-01  -3.4852E+00   9.2347E-02   6.0349E-02   5.7039E-01
   1979.33  -1.1251E+01  -1.0565E+01  -4.5795E+00   1.0425E+00   6.8264E-01  -3.2183E+00   8.5307E-02   5.5861E-02   5.2671E-01
   1979.42  -1.1686E+01  -1.0726E+01  -5.1371E+00   9.3367E-01   6.1314E-01  -2.8808E+00   7.6402E-02   5.0173E-02   4.7148E-01
   1979.50  -1.2107E+01  -1.0892E+01  -5.7213E+00   8.0207E-01   5.2896E-01  -2.4728E+00   6.5634E-02   4.3285E-02   4.0470E-01
   1979.58  -1.2516E+01  -1.1062E+01  -6.3322E+00   6.4769E-01   4.3013E-01  -1.9942E+00   5.3001E-02   3.5198E-02   3.2637E-01
   1979.67  -1.2912E+01  -1.1236E+01  -6.9696E+00   4.7053E-01   3.1663E-01  -1.4450E+00   3.8504E-02   2.5910E-02   2.3649E-01
   1979.75  -1.3295E+01  -1.1415E+01  -7.6337E+00   2.7059E-01   1.8847E-01  -8.2527E-01   2.2142E-02   1.5422E-02   1.3506E-01
   1979.83  -1.3666E+01  -1.1598E+01  -8.3244E+00   4.7860E-02   4.5640E-02  -1.3494E-01   3.9164E-03   3.7347E-03   2.2084E-02
   1979.92  -1.4023E+01  -1.1785E+01  -9.0416E+00  -1.9765E-01  -1.1185E-01   6.2597E-01  -1.6174E-02  -9.1528E-03  -1.0245E-01
   1980.00  -1.4368E+01  -1.1977E+01  -9.7855E+00  -4.6594E-01  -2.8401E-01   1.4574E+00  -3.8128E-02  -2.3240E-02  -2.3853E-01
   1980.08  -1.4705E+01  -1.2173E+01  -1.0528E+01  -7.3522E-01  -4.5681E-01   2.2920E+00  -6.0163E-02  -3.7381E-02  -3.7510E-01
   1980.17  -1.5037E+01  -1.2374E+01  -1.1240E+01  -9.8368E-01  -6.1626E-01   3.0619E+00  -8.0495E-02  -5.0429E-02  -5.0112E-01
   1980.25  -1.5365E+01  -1.2580E+01  -1.1921E+01  -1.2113E+00  -7.6234E-01   3.7674E+00  -9.9124E-02  -6.2383E-02  -6.1658E-01
   1980.33  -1.5688E+01  -1.2790E+01  -1.2573E+01  -1.4182E+00  -8.9507E-01   4.4083E+00  -1.1605E-01  -7.3244E-02  -7.2147E-01
   1980.42  -1.6007E+01  -1.3004E+01  -1.3195E+01  -1.6042E+00  -1.0144E+00   4.9848E+00  -1.3127E-01  -8.3012E-02  -8.1581E-01
   1980.50  -1.6322E+01  -1.3223E+01  -1.3786E+01  -1.7694E+00  -1.1204E+00   5.4966E+00  -1.4479E-01  -9.1686E-02  -8.9958E-01
   1980.58  -1.6632E+01  -1.3447E+01  -1.4348E+01  -1.9139E+00  -1.2131E+00   5.9440E+00  -1.5661E-01  -9.9267E-02  -9.7280E-01
   1980.67  -1.6939E+01  -1.3675E+01  -1.4879E+01  -2.0375E+00  -1.2924E+00   6.3269E+00  -1.6673E-01  -1.0576E-01  -1.0355E+00
   1980.75  -1.7240E+01  -1.3908E+01  -1.5380E+01  -2.1403E+00  -1.3583E+00   6.6452E+00  -1.7514E-01  -1.1115E-01  -1.0876E+00
   1980.83  -1.7538E+01  -1.4145E+01  -1.5851E+01  -2.2222E+00  -1.4109E+00   6.8990E+00  -1.8185E-01  -1.1545E-01  -1.1291E+00
   1980.92  -1.7831E+01  -1.4387E+01  -1.6292E+01  -2.2834E+00  -1.4501E+00   7.0882E+00  -1.8685E-01  -1.1866E-01  -1.1601E+00
   1981.00  -1.8120E+01  -1.4634E+01  -1.6702E+01  -2.3238E+00  -1.4759E+00   7.2130E+00  -1.9016E-01  -1.2077E-01  -1.1805E+00
   1981.08  -1.8405E+01  -1.4885E+01  -1.7083E+01  -2.3433E+00  -1.4884E+00   7.2732E+00  -1.9175E-01  -1.2180E-01  -1.1903E+00
   1981.17  -1.8685E+01  -1.5141E+01  -1.7433E+01  -2.3421E+00  -1.4875E+00   7.2689E+00  -1.9165E-01  -1.2172E-01  -1.1896E+00
   1981.25  -1.8961E+01  -1.5401E+01  -1.7753E+01  -2.3200E+00  -1.4733E+00   7.2001E+00  -1.8985E-01  -1.2056E-01  -1.1784E+00
   1981.33  -1.9232E+01  -1.5666E+01  -1.8044E+01  -2.2771E+00  -1.4457E+00   7.0668E+00  -1.8634E-01  -1.1830E-01  -1.1566E+00
   1981.42  -1.9500E+01  -1.5936E+01  -1.8304E+01  -2.2134E+00  -1.4047E+00   6.8689E+00  -1.8112E-01  -1.1495E-01  -1.1242E+00
   1981.50  -1.9763E+01  -1.6210E+01  -1.8533E+01  -2.1289E+00  -1.3504E+00   6.6065E+00  -1.7421E-01  -1.1050E-01  -1.0812E+00
   1981.58  -2.0021E+01  -1.6488E+01  -1.8733E+01  -2.0236E+00  -1.2827E+00   6.2796E+00  -1.6559E-01  -1.0497E-01  -1.0277E+00
   1981.67  -2.0276E+01  -1.6771E+01  -1.8903E+01  -1.8975E+00  -1.2017E+00   5.8882E+00  -1.5527E-01  -9.8334E-02  -9.6366E-01
   1981.75  -2.0526E+01  -1.7059E+01  -1.9042E+01  -1.7505E+00  -1.1073E+00   5.4322E+00  -1.4325E-01  -9.0609E-02  -8.8904E-01
   1981.83  -2.0771E+01  -1.7351E+01  -1.9152E+01  -1.5828E+00  -9.9952E-01   4.9117E+00  -1.2952E-01  -8.1791E-02  -8.0385E-01
   1981.92  -2.1013E+01  -1.7648E+01  -1.9231E+01  -1.3942E+00  -8.7840E-01   4.3267E+00  -1.1409E-01  -7.1879E-02  -7.0811E-01
   1982.00  -2.1250E+01  -1.7950E+01  -1.9280E+01  -1.1849E+00  -7.4391E-01   3.6772E+00  -9.6960E-02  -6.0875E-02  -6.0181E-01
   1982.08  -2.1477E+01  -1.8249E+01  -1.9316E+01  -9.6940E-01  -6.0552E-01   3.0087E+00  -7.9326E-02  -4.9550E-02  -4.9240E-01
   1982.17  -2.1687E+01  -1.8538E+01  -1.9358E+01  -7.6249E-01  -4.7268E-01   2.3668E+00  -6.2395E-02  -3.8679E-02  -3.8735E-01
   1982.25  -2.1880E+01  -1.8818E+01  -1.9404E+01  -5.6415E-01  -3.4537E-01   1.7515E+00  -4.6165E-02  -2.8262E-02  -2.8665E-01
   1982.33  -2.2057E+01  -1.9088E+01  -1.9456E+01  -3.7438E-01  -2.2361E-01   1.1628E+00  -3.0636E-02  -1.8298E-02  -1.9030E-01
   1982.42  -2.2217E+01  -1.9348E+01  -1.9512E+01  -1.9319E-01  -1.0738E-01   6.0065E-01  -1.5809E-02  -8.7873E-03  -9.8303E-02
   1982.50  -2.2361E+01  -1.9599E+01  -1.9574E+01  -2.0571E-02   3.2959E-03   6.5135E-02  -1.6833E-03   2.6970E-04  -1.0660E-02
   1982.58  -2.2489E+01  -1.9840E+01  -1.9640E+01   1.4348E-01   1.0843E-01  -4.4379E-01   1.1741E-02   8.8732E-03   7.2630E-02
   1982.67  -2.2599E+01  -2.0071E+01  -1.9711E+01   2.9895E-01   2.0803E-01  -9.2611E-01   2.4463E-02   1.7023E-02   1.5157E-01
   1982.75  -2.2693E+01  -2.0293E+01  -1.9787E+01   4.4585E-01   3.0208E-01  -1.3818E+00   3.6484E-02   2.4720E-02   2.2615E-01
   1982.83  -2.2771E+01  -2.0505E+01  -1.9869E+01   5.8418E-01   3.9060E-01  -1.8110E+00   4.7804E-02   3.1963E-02   2.9639E-01
   1982.92  -2.2832E+01  -2.0708E+01  -1.9955E+01   7.1394E-01   4.7357E-01  -2.2135E+00   5.8422E-02   3.8752E-02   3.6226E-01
   1983.00  -2.2876E+01  -2.0901E+01  -2.0046E+01   8.3512E-01   5.5099E-01  -2.5895E+00   6.8339E-02   4.5088E-02   4.2379E-01
   1983.08  -2.2904E+01  -2.1084E+01  -2.0142E+01   9.4774E-01   6.2288E-01  -2.9388E+00   7.7554E-02   5.0971E-02   4.8097E-01
   1983.17  -2.2916E+01  -2.1258E+01  -2.0243E+01   1.0518E+00   6.8922E-01  -3.2616E+00   8.6067E-02   5.6400E-02   5.3379E-01
   1983.25  -2.2910E+01  -2.1422E+01  -2.0349E+01   1.1472E+00   7.5003E-01  -3.5577E+00   9.3879E-02   6.1375E-02   5.8226E-01
   1983.33  -2.2889E+01  -2.1577E+01  -2.0460E+01   1.2341E+00   8.0529E-01  -3.8273E+00   1.0099E-01   6.5897E-02   6.2637E-01
   1983.42  -2.2850E+01  -2.1721E+01  -2.0576E+01   1.3125E+00   8.5500E-01  -4.0702E+00   1.0740E-01   6.9965E-02   6.6614E-01
   1983.50  -2.2795E+01  -2.1857E+01  -2.0697E+01   1.3822E+00   8.9918E-01  -4.2866E+00   1.1311E-01   7.3580E-02   7.0155E-01
   1983.58  -2.2724E+01  -2.1982E+01  -2.0823E+01   1.4434E+00   9.3781E-01  -4.4764E+00   1.1811E-01   7.6742E-02   7.3261E-01
   1983.67  -2.2636E+01  -2.2098E+01  -2.0954E+01   1.4960E+00   9.7091E-01  -4.6395E+00   1.2242E-01   7.9450E-02   7.5931E-01
   1983.75  -2.2531E+01  -2.2204E+01  -2.1090E+01   1.5400E+00   9.9846E-01  -4.7761E+00   1.2602E-01   8.1704E-02   7.8166E-01
   1983.83  -2.2410E+01  -2.2301E+01  -2.1231E+01   1.5755E+00   1.0205E+00  -4.8861E+00   1.2892E-01   8.3505E-02   7.9966E-01
   1983.92  -2.2273E+01  -2.2388E+01  -2.1377E+01   1.6024E+00   1.0369E+00  -4.9695E+00   1.3112E-01   8.4852E-02   8.1331E-01
   1984.00  -2.2118E+01  -2.2465E+01  -2.1528E+01   1.6207E+00   1.0479E+00  -5.0263E+00   1.3262E-01   8.5746E-02   8.2261E-01
   1984.08  -2.1960E+01  -2.2541E+01  -2.1674E+01   1.6344E+00   1.0558E+00  -5.0688E+00   1.3374E-01   8.6398E-02   8.2957E-01
   1984.17  -2.1809E+01  -2.2624E+01  -2.1804E+01   1.6475E+00   1.0634E+00  -5.1094E+00   1.3481E-01   8.7017E-02   8.3621E-01
   1984.25  -2.1665E+01  -2.2713E+01  -2.1919E+01   1.6599E+00   1.0706E+00  -5.1481E+00   1.3583E-01   8.7605E-02   8.4254E-01
   1984.33  -2.1530E+01  -2.2809E+01  -2.2020E+01   1.6718E+00   1.0774E+00  -5.1848E+00   1.3680E-01   8.8160E-02   8.4855E-01
   1984.42  -2.1402E+01  -2.2911E+01  -2.2105E+01   1.6830E+00   1.0838E+00  -5.2196E+00   1.3772E-01   8.8684E-02   8.5425E-01
   1984.50  -2.1281E+01  -2.3021E+01  -2.2174E+01   1.6936E+00   1.0898E+00  -5.2525E+00   1.3859E-01   8.9176E-02   8.5963E-01
   1984.58  -2.1169E+01  -2.3137E+01  -2.2229E+01   1.7036E+00   1.0954E+00  -5.2834E+00   1.3941E-01   8.9636E-02   8.6469E-01
   1984.67  -2.1064E+01  -2.3259E+01  -2.2268E+01   1.7129E+00   1.1006E+00  -5.3124E+00   1.4017E-01   9.0064E-02   8.6944E-01
   1984.75  -2.0967E+01  -2.3388E+01  -2.2293E+01   1.7217E+00   1.1055E+00  -5.3395E+00   1.4089E-01   9.0460E-02   8.7387E-01
   1984.83  -2.0877E+01  -2.3524E+01  -2.2302E+01   1.7298E+00   1.1099E+00  -5.3647E+00   1.4155E-01   9.0825E-02   8.7798E-01
   1984.92  -2.0795E+01  -2.3667E+01  -2.2296E+01   1.7373E+00   1.1140E+00  -5.3879E+00   1.4216E-01   9.1158E-02   8.8178E-01
   1985.00  -2.0721E+01  -2.3816E+01  -2.2275E+01   1.7441E+00   1.1177E+00  -5.4091E+00   1.4272E-01   9.1458E-02   8.8527E-01
   1985.08  -2.0654E+01  -2.3972E+01  -2.2238E+01   1.7504E+00   1.1209E+00  -5.4285E+00   1.4323E-01   9.1727E-02   8.8843E-01
   1985.17  -2.0595E+01  -2.4135E+01  -2.2186E+01   1.7560E+00   1.1238E+00  -5.4459E+00   1.4369E-01   9.1964E-02   8.9128E-01
   1985.25  -2.0544E+01  -2.4304E+01  -2.2120E+01   1.7610E+00   1.1263E+00  -5.4614E+00   1.4410E-01   9.2169E-02   8.9382E-01
   1985.33  -2.0501E+01  -2.4480E+01  -2.2038E+01   1.7654E+00   1.1285E+00  -5.4749E+00   1.4446E-01   9.2343E-02   8.9603E-01
   1985.42  -2.0465E+01  -2.4663E+01  -2.1941E+01   1.7691E+00   1.1302E+00  -5.4866E+00   1.4477E-01   9.2484E-02   8.9793E-01
   1985.50  -2.0437E+01  -2.4852E+01  -2.1828E+01   1.7722E+00   1.1315E+00  -5.4962E+00   1.4502E-01   9.2594E-02   8.9952E-01
   1985.58  -2.0416E+01  -2.5048E+01  -2.1701E+01   1.7747E+00   1.1325E+00  -5.5040E+00   1.4523E-01   9.2671E-02   9.0079E-01
   1985.67  -2.0403E+01  -2.5251E+01  -2.1558E+01   1.7766E+00   1.1330E+00  -5.5098E+00   1.4538E-01   9.2717E-02   9.0174E-01
   1985.75  -2.0398E+01  -2.5460E+01  -2.1400E+01   1.7779E+00   1.1332E+00  -5.5137E+00   1.4549E-01   9.2731E-02   9.0238E-01
   1985.83  -2.0401E+01  -2.5677E+01  -2.1227E+01   1.7785E+00   1.1330E+00  -5.5157E+00   1.4554E-01   9.2713E-02   9.0270E-01
   1985.92  -2.0411E+01  -2.5899E+01  -2.1039E+01   1.7785E+00   1.1324E+00  -5.5157E+00   1.4554E-01   9.2664E-02   9.0270E-01
   1986.00  -2.0429E+01  -2.6129E+01  -2.0835E+01   1.7779E+00   1.1314E+00  -5.5138E+00   1.4549E-01   9.2582E-02   9.0239E-01
   1986.08  -2.0448E+01  -2.6359E+01  -2.0621E+01   1.7712E+00   1.1266E+00  -5.4928E+00   1.4494E-01   9.2186E-02   8.9895E-01
   1986.17  -2.0463E+01  -2.6585E+01  -2.0400E+01   1.7527E+00   1.1144E+00  -5.4355E+00   1.4343E-01   9.1194E-02   8.8958E-01
   1986.25  -2.0472E+01  -2.6806E+01  -2.0173E+01   1.7226E+00   1.0950E+00  -5.3419E+00   1.4096E-01   8.9606E-02   8.7426E-01
   1986.33  -2.0477E+01  -2.7022E+01  -1.9939E+01   1.6808E+00   1.0683E+00  -5.2121E+00   1.3754E-01   8.7421E-02   8.5301E-01
   1986.42  -2.0477E+01  -2.7233E+01  -1.9698E+01   1.6273E+00   1.0343E+00  -5.0459E+00   1.3316E-01   8.4640E-02   8.2582E-01
   1986.50  -2.0471E+01  -2.7440E+01  -1.9450E+01   1.5622E+00   9.9306E-01  -4.8435E+00   1.2783E-01   8.1263E-02   7.9269E-01
   1986.58  -2.0461E+01  -2.7641E+01  -1.9197E+01   1.4853E+00   9.4450E-01  -4.6048E+00   1.2154E-01   7.7289E-02   7.5363E-01
   1986.67  -2.0446E+01  -2.7839E+01  -1.8936E+01   1.3968E+00   8.8865E-01  -4.3298E+00   1.1430E-01   7.2719E-02   7.0862E-01
   1986.75  -2.0426E+01  -2.8031E+01  -1.8669E+01   1.2966E+00   8.2552E-01  -4.0186E+00   1.0610E-01   6.7552E-02   6.5768E-01
   1986.83  -2.0402E+01  -2.8219E+01  -1.8395E+01   1.1847E+00   7.5509E-01  -3.6710E+00   9.6945E-02   6.1790E-02   6.0080E-01
   1986.92  -2.0372E+01  -2.8401E+01  -1.8115E+01   1.0611E+00   6.7738E-01  -3.2872E+00   8.6834E-02   5.5430E-02   5.3798E-01
   1987.00  -2.0337E+01  -2.8579E+01  -1.7828E+01   9.2591E-01   5.9238E-01  -2.8671E+00   7.5767E-02   4.8475E-02   4.6923E-01
   1987.08  -2.0298E+01  -2.8753E+01  -1.7534E+01   7.7898E-01   5.0010E-01  -2.4107E+00   6.3744E-02   4.0923E-02   3.9454E-01
   1987.17  -2.0253E+01  -2.8921E+01  -1.7234E+01   6.2038E-01   4.0052E-01  -1.9180E+00   5.0766E-02   3.2775E-02   3.1390E-01
   1987.25  -2.0204E+01  -2.9085E+01  -1.6927E+01   4.5009E-01   2.9366E-01  -1.3891E+00   3.6831E-02   2.4030E-02   2.2734E-01
   1987.33  -2.0150E+01  -2.9244E+01  -1.6614E+01   2.6813E-01   1.7951E-01  -8.2383E-01   2.1941E-02   1.4690E-02   1.3483E-01
   1987.42  -2.0090E+01  -2.9399E+01  -1.6294E+01   7.4486E-02   5.8076E-02  -2.2232E-01   6.0952E-03   4.7524E-03   3.6385E-02
   1987.50  -2.0026E+01  -2.9548E+01  -1.5967E+01  -1.3084E-01  -7.0649E-02   4.1548E-01  -1.0707E-02  -5.7812E-03  -6.7998E-02
   1987.58  -1.9957E+01  -2.9693E+01  -1.5634E+01  -3.4784E-01  -2.0666E-01   1.0896E+00  -2.8464E-02  -1.6911E-02  -1.7832E-01
   1987.67  -1.9884E+01  -2.9833E+01  -1.5294E+01  -5.7653E-01  -3.4996E-01   1.7999E+00  -4.7178E-02  -2.8637E-02  -2.9458E-01
   1987.75  -1.9805E+01  -2.9969E+01  -1.4948E+01  -8.1690E-01  -5.0055E-01   2.5466E+00  -6.6847E-02  -4.0960E-02  -4.1677E-01
   1987.83  -1.9721E+01  -3.0099E+01  -1.4594E+01  -1.0689E+00  -6.5842E-01   3.3295E+00  -8.7472E-02  -5.3879E-02  -5.4491E-01
   1987.92  -1.9633E+01  -3.0225E+01  -1.4235E+01  -1.3327E+00  -8.2358E-01   4.1487E+00  -1.0905E-01  -6.7394E-02  -6.7898E-01
   1988.00  -1.9539E+01  -3.0346E+01  -1.3869E+01  -1.6081E+00  -9.9603E-01   5.0042E+00  -1.3159E-01  -8.1506E-02  -8.1899E-01
   1988.08  -1.9443E+01  -3.0467E+01  -1.3503E+01  -1.8775E+00  -1.1647E+00   5.8410E+00  -1.5363E-01  -9.5308E-02  -9.5594E-01
   1988.17  -1.9346E+01  -3.0593E+01  -1.3145E+01  -2.1231E+00  -1.3185E+00   6.6041E+00  -1.7374E-01  -1.0790E-01  -1.0808E+00
   1988.25  -1.9248E+01  -3.0724E+01  -1.2794E+01  -2.3451E+00  -1.4575E+00   7.2936E+00  -1.9190E-01  -1.1927E-01  -1.1937E+00
   1988.33  -1.9150E+01  -3.0859E+01  -1.2451E+01  -2.5433E+00  -1.5816E+00   7.9093E+00  -2.0812E-01  -1.2943E-01  -1.2944E+00
   1988.42  -1.9051E+01  -3.1000E+01  -1.2115E+01  -2.7178E+00  -1.6909E+00   8.4515E+00  -2.2240E-01  -1.3837E-01  -1.3832E+00
   1988.50  -1.8952E+01  -3.1145E+01  -1.1787E+01  -2.8686E+00  -1.7853E+00   8.9199E+00  -2.3474E-01  -1.4610E-01  -1.4598E+00
   1988.58  -1.8851E+01  -3.1294E+01  -1.1467E+01  -2.9957E+00  -1.8649E+00   9.3147E+00  -2.4514E-01  -1.5261E-01  -1.5245E+00
   1988.67  -1.8751E+01  -3.1449E+01  -1.1154E+01  -3.0991E+00  -1.9297E+00   9.6358E+00  -2.5360E-01  -1.5791E-01  -1.5770E+00
   1988.75  -1.8649E+01  -3.1608E+01  -1.0849E+01  -3.1788E+00  -1.9796E+00   9.8833E+00  -2.6012E-01  -1.6199E-01  -1.6175E+00
   1988.83  -1.8547E+01  -3.1773E+01  -1.0551E+01  -3.2347E+00  -2.0146E+00   1.0057E+01  -2.6470E-01  -1.6486E-01  -1.6459E+00
   1988.92  -1.8444E+01  -3.1942E+01  -1.0261E+01  -3.2669E+00  -2.0348E+00   1.0157E+01  -2.6733E-01  -1.6651E-01  -1.6623E+00
   1989.00  -1.8340E+01  -3.2115E+01  -9.9786E+00  -3.2754E+00  -2.0401E+00   1.0184E+01  -2.6803E-01  -1.6695E-01  -1.6667E+00
   1989.08  -1.8236E+01  -3.2294E+01  -9.7037E+00  -3.2602E+00  -2.0306E+00   1.0136E+01  -2.6678E-01  -1.6617E-01  -1.6589E+00
   1989.17  -1.8131E+01  -3.2477E+01  -9.4363E+00  -3.2213E+00  -2.0063E+00   1.0015E+01  -2.6360E-01  -1.6418E-01  -1.6391E+00
   1989.25  -1.8026E+01  -3.2665E+01  -9.1765E+00  -3.1586E+00  -1.9671E+00   9.8209E+00  -2.5847E-01  -1.6097E-01  -1.6073E+00
   1989.33  -1.7920E+01  -3.2858E+01  -8.9242E+00  -3.0723E+00  -1.9131E+00   9.5527E+00  -2.5140E-01  -1.5655E-01  -1.5634E+00
   1989.42  -1.7813E+01  -3.3056E+01  -8.6796E+00  -2.9622E+00  -1.8442E+00   9.2108E+00  -2.4240E-01  -1.5091E-01  -1.5074E+00
   1989.50  -1.7705E+01  -3.3259E+01  -8.4425E+00  -2.8284E+00  -1.7604E+00   8.7953E+00  -2.3145E-01  -1.4406E-01  -1.4394E+00
   1989.58  -1.7597E+01  -3.3466E+01  -8.2129E+00  -2.6709E+00  -1.6618E+00   8.3060E+00  -2.1856E-01  -1.3599E-01  -1.3594E+00
   1989.67  -1.7488E+01  -3.3678E+01  -7.9910E+00  -2.4896E+00  -1.5484E+00   7.7431E+00  -2.0373E-01  -1.2671E-01  -1.2672E+00
   1989.75  -1.7379E+01  -3.3895E+01  -7.7766E+00  -2.2847E+00  -1.4201E+00   7.1066E+00  -1.8696E-01  -1.1621E-01  -1.1631E+00
   1989.83  -1.7269E+01  -3.4116E+01  -7.5697E+00  -2.0560E+00  -1.2770E+00   6.3963E+00  -1.6824E-01  -1.0450E-01  -1.0468E+00
   1989.92  -1.7158E+01  -3.4343E+01  -7.3705E+00  -1.8036E+00  -1.1190E+00   5.6124E+00  -1.4759E-01  -9.1571E-02  -9.1853E-01
   1990.00  -1.7047E+01  -3.4574E+01  -7.1788E+00  -1.5275E+00  -9.4621E-01   4.7549E+00  -1.2500E-01  -7.7429E-02  -7.7818E-01
   1990.08  -1.6934E+01  -3.4808E+01  -6.9891E+00  -1.2472E+00  -7.7072E-01   3.8841E+00  -1.0206E-01  -6.3068E-02  -6.3567E-01
   1990.17  -1.6822E+01  -3.5042E+01  -6.7958E+00  -9.8202E-01  -6.0474E-01   3.0605E+00  -8.0359E-02  -4.9486E-02  -5.0089E-01
   1990.25  -1.6708E+01  -3.5277E+01  -6.5990E+00  -7.3209E-01  -4.4827E-01   2.2843E+00  -5.9907E-02  -3.6682E-02  -3.7384E-01
   1990.33  -1.6594E+01  -3.5511E+01  -6.3985E+00  -4.9737E-01  -3.0132E-01   1.5552E+00  -4.0700E-02  -2.4657E-02  -2.5453E-01
   1990.42  -1.6479E+01  -3.5747E+01  -6.1945E+00  -2.7786E-01  -1.6387E-01   8.7343E-01  -2.2738E-02  -1.3410E-02  -1.4295E-01
   1990.50  -1.6364E+01  -3.5982E+01  -5.9868E+00  -7.3565E-02  -3.5936E-02   2.3888E-01  -6.0199E-03  -2.9406E-03  -3.9095E-02
   1990.58  -1.6248E+01  -3.6218E+01  -5.7756E+00   1.1552E-01   8.2489E-02  -3.4842E-01   9.4531E-03   6.7501E-03   5.7023E-02
   1990.67  -1.6131E+01  -3.6455E+01  -5.5608E+00   2.8939E-01   1.9140E-01  -8.8847E-01   2.3681E-02   1.5663E-02   1.4541E-01
   1990.75  -1.6013E+01  -3.6691E+01  -5.3424E+00   4.4806E-01   2.9081E-01  -1.3813E+00   3.6665E-02   2.3797E-02   2.2606E-01
   1990.83  -1.5895E+01  -3.6928E+01  -5.1204E+00   5.9151E-01   3.8070E-01  -1.8268E+00   4.8403E-02   3.1153E-02   2.9898E-01
   1990.92  -1.5776E+01  -3.7166E+01  -4.8948E+00   7.1975E-01   4.6108E-01  -2.2252E+00   5.8897E-02   3.7730E-02   3.6417E-01
   1991.00  -1.5657E+01  -3.7404E+01  -4.6656E+00   8.3277E-01   5.3195E-01  -2.5762E+00   6.8146E-02   4.3530E-02   4.2163E-01
   1991.08  -1.5537E+01  -3.7642E+01  -4.4329E+00   9.3059E-01   5.9331E-01  -2.8800E+00   7.6151E-02   4.8551E-02   4.7135E-01
   1991.17  -1.5416E+01  -3.7880E+01  -4.1965E+00   1.0132E+00   6.4516E-01  -3.1366E+00   8.2910E-02   5.2793E-02   5.1334E-01
   1991.25  -1.5294E+01  -3.8119E+01  -3.9566E+00   1.0806E+00   6.8749E-01  -3.3459E+00   8.8425E-02   5.6258E-02   5.4760E-01
   1991.33  -1.5172E+01  -3.8358E+01  -3.7131E+00   1.1328E+00   7.2032E-01  -3.5080E+00   9.2695E-02   5.8944E-02   5.7413E-01
   1991.42  -1.5049E+01  -3.8598E+01  -3.4660E+00   1.1697E+00   7.4364E-01  -3.6229E+00   9.5721E-02   6.0852E-02   5.9292E-01
   1991.50  -1.4926E+01  -3.8838E+01  -3.2153E+00   1.1915E+00   7.5744E-01  -3.6904E+00   9.7501E-02   6.1982E-02   6.0398E-01
   1991.58  -1.4801E+01  -3.9078E+01  -2.9610E+00   1.1981E+00   7.6173E-01  -3.7108E+00   9.8037E-02   6.2333E-02   6.0731E-01
   1991.67  -1.4677E+01  -3.9319E+01  -2.7031E+00   1.1894E+00   7.5652E-01  -3.6839E+00   9.7328E-02   6.1906E-02   6.0291E-01
   1991.75  -1.4551E+01  -3.9560E+01  -2.4416E+00   1.1655E+00   7.4179E-01  -3.6097E+00   9.5374E-02   6.0701E-02   5.9077E-01
   1991.83  -1.4425E+01  -3.9802E+01  -2.1766E+00   1.1264E+00   7.1755E-01  -3.4883E+00   9.2176E-02   5.8717E-02   5.7090E-01
   1991.92  -1.4298E+01  -4.0043E+01  -1.9080E+00   1.0721E+00   6.8380E-01  -3.3197E+00   8.7733E-02   5.5956E-02   5.4330E-01
   1992.00  -1.4170E+01  -4.0286E+01  -1.6357E+00   1.0026E+00   6.4054E-01  -3.1038E+00   8.2045E-02   5.2416E-02   5.0797E-01
   1992.08  -1.4033E+01  -4.0528E+01  -1.3645E+00   9.2926E-01   5.9484E-01  -2.8759E+00   7.6042E-02   4.8676E-02   4.7068E-01
   1992.17  -1.3879E+01  -4.0769E+01  -1.0989E+00   8.6341E-01   5.5377E-01  -2.6715E+00   7.0653E-02   4.5315E-02   4.3722E-01
   1992.25  -1.3707E+01  -4.1011E+01  -8.3900E-01   8.0506E-01   5.1733E-01  -2.4904E+00   6.5879E-02   4.2334E-02   4.0758E-01
   1992.33  -1.3516E+01  -4.1252E+01  -5.8469E-01   7.5423E-01   4.8553E-01  -2.3327E+00   6.1719E-02   3.9731E-02   3.8177E-01
   1992.42  -1.3309E+01  -4.1492E+01  -3.3601E-01   7.1090E-01   4.5836E-01  -2.1983E+00   5.8173E-02   3.7507E-02   3.5978E-01
   1992.50  -1.3083E+01  -4.1732E+01  -9.2968E-02   6.7508E-01   4.3581E-01  -2.0874E+00   5.5242E-02   3.5663E-02   3.4162E-01
   1992.58  -1.2840E+01  -4.1972E+01   1.4444E-01   6.4677E-01   4.1790E-01  -1.9998E+00   5.2926E-02   3.4197E-02   3.2728E-01
   1992.67  -1.2578E+01  -4.2211E+01   3.7622E-01   6.2597E-01   4.0462E-01  -1.9355E+00   5.1224E-02   3.3110E-02   3.1677E-01
   1992.75  -1.2299E+01  -4.2450E+01   6.0236E-01   6.1268E-01   3.9597E-01  -1.8947E+00   5.0136E-02   3.2403E-02   3.1009E-01
   1992.83  -1.2003E+01  -4.2689E+01   8.2287E-01   6.0690E-01   3.9196E-01  -1.8772E+00   4.9663E-02   3.2074E-02   3.0723E-01
   1992.92  -1.1688E+01  -4.2927E+01   1.0377E+00   6.0862E-01   3.9257E-01  -1.8831E+00   4.9804E-02   3.2124E-02   3.0819E-01
   1993.00  -1.1356E+01  -4.3164E+01   1.2470E+00   6.1786E-01   3.9782E-01  -1.9124E+00   5.0559E-02   3.2554E-02   3.1298E-01
   1993.08  -1.1006E+01  -4.3402E+01   1.4506E+00   6.3460E-01   4.0770E-01  -1.9650E+00   5.1929E-02   3.3362E-02   3.2159E-01
   1993.17  -1.0638E+01  -4.3638E+01   1.6486E+00   6.5885E-01   4.2221E-01  -2.0410E+00   5.3914E-02   3.4549E-02   3.3403E-01
   1993.25  -1.0253E+01  -4.3875E+01   1.8409E+00   6.9061E-01   4.4135E-01  -2.1404E+00   5.6513E-02   3.6116E-02   3.5030E-01
   1993.33  -9.8494E+00  -4.4111E+01   2.0276E+00   7.2988E-01   4.6512E-01  -2.2631E+00   5.9726E-02   3.8061E-02   3.7039E-01
   1993.42  -9.4283E+00  -4.4346E+01   2.2087E+00   7.7665E-01   4.9352E-01  -2.4093E+00   6.3554E-02   4.0385E-02   3.9430E-01
   1993.50  -8.9895E+00  -4.4582E+01   2.3842E+00   8.3094E-01   5.2656E-01  -2.5787E+00   6.7996E-02   4.3089E-02   4.2204E-01
   1993.58  -8.5329E+00  -4.4816E+01   2.5540E+00   8.9273E-01   5.6423E-01  -2.7716E+00   7.3053E-02   4.6171E-02   4.5360E-01
   1993.67  -8.0585E+00  -4.5051E+01   2.7182E+00   9.6203E-01   6.0653E-01  -2.9879E+00   7.8724E-02   4.9632E-02   4.8899E-01
   1993.75  -7.5664E+00  -4.5285E+01   2.8767E+00   1.0388E+00   6.5346E-01  -3.2275E+00   8.5009E-02   5.3473E-02   5.2821E-01
   1993.83  -7.0564E+00  -4.5518E+01   3.0296E+00   1.1232E+00   7.0502E-01  -3.4904E+00   9.1909E-02   5.7692E-02   5.7125E-01
   1993.92  -6.5288E+00  -4.5751E+01   3.1769E+00   1.2150E+00   7.6121E-01  -3.7768E+00   9.9423E-02   6.2290E-02   6.1811E-01
   1994.00  -5.9833E+00  -4.5984E+01   3.3185E+00   1.3143E+00   8.2204E-01  -4.0865E+00   1.0755E-01   6.7268E-02   6.6880E-01
   1994.08  -5.4379E+00  -4.6219E+01   3.4665E+00   1.4129E+00   8.8239E-01  -4.3938E+00   1.1562E-01   7.2206E-02   7.1909E-01
   1994.17  -4.9103E+00  -4.6457E+01   3.6326E+00   1.5023E+00   9.3715E-01  -4.6727E+00   1.2294E-01   7.6687E-02   7.6474E-01
   1994.25  -4.4005E+00  -4.6698E+01   3.8169E+00   1.5827E+00   9.8633E-01  -4.9233E+00   1.2951E-01   8.0712E-02   8.0575E-01
   1994.33  -3.9085E+00  -4.6944E+01   4.0194E+00   1.6540E+00   1.0299E+00  -5.1456E+00   1.3534E-01   8.4279E-02   8.4213E-01
   1994.42  -3.4344E+00  -4.7193E+01   4.2401E+00   1.7161E+00   1.0679E+00  -5.3395E+00   1.4043E-01   8.7390E-02   8.7387E-01
   1994.50  -2.9780E+00  -4.7445E+01   4.4790E+00   1.7692E+00   1.1004E+00  -5.5051E+00   1.4478E-01   9.0044E-02   9.0098E-01
   1994.58  -2.5395E+00  -4.7701E+01   4.7361E+00   1.8132E+00   1.1272E+00  -5.6424E+00   1.4838E-01   9.2240E-02   9.2345E-01
   1994.67  -2.1188E+00  -4.7961E+01   5.0113E+00   1.8481E+00   1.1485E+00  -5.7514E+00   1.5123E-01   9.3980E-02   9.4128E-01
   1994.75  -1.7159E+00  -4.8225E+01   5.3048E+00   1.8739E+00   1.1641E+00  -5.8321E+00   1.5334E-01   9.5263E-02   9.5448E-01
   1994.83  -1.3309E+00  -4.8492E+01   5.6164E+00   1.8907E+00   1.1742E+00  -5.8844E+00   1.5471E-01   9.6089E-02   9.6304E-01
   1994.92  -9.6363E-01  -4.8763E+01   5.9463E+00   1.8983E+00   1.1787E+00  -5.9084E+00   1.5534E-01   9.6457E-02   9.6697E-01
   1995.00  -6.1421E-01  -4.9038E+01   6.2943E+00   1.8968E+00   1.1777E+00  -5.9040E+00   1.5522E-01   9.6369E-02   9.6626E-01
   1995.08  -2.8260E-01  -4.9316E+01   6.6606E+00   1.8863E+00   1.1710E+00  -5.8714E+00   1.5435E-01   9.5824E-02   9.6091E-01
   1995.17   3.1193E-02  -4.9598E+01   7.0450E+00   1.8666E+00   1.1588E+00  -5.8104E+00   1.5275E-01   9.4823E-02   9.5093E-01
   1995.25   3.2717E-01  -4.9884E+01   7.4476E+00   1.8379E+00   1.1409E+00  -5.7211E+00   1.5039E-01   9.3364E-02   9.3632E-01
   1995.33   6.0532E-01  -5.0173E+01   7.8684E+00   1.8000E+00   1.1175E+00  -5.6034E+00   1.4730E-01   9.1448E-02   9.1706E-01
   1995.42   8.6566E-01  -5.0466E+01   8.3074E+00   1.7531E+00   1.0885E+00  -5.4575E+00   1.4346E-01   8.9075E-02   8.9318E-01
   1995.50   1.1082E+00  -5.0762E+01   8.7646E+00   1.6971E+00   1.0540E+00  -5.2832E+00   1.3887E-01   8.6245E-02   8.6465E-01
   1995.58   1.3329E+00  -5.1062E+01   9.2400E+00   1.6320E+00   1.0138E+00  -5.0806E+00   1.3355E-01   8.2959E-02   8.3149E-01
   1995.67   1.5398E+00  -5.1366E+01   9.7335E+00   1.5578E+00   9.6804E-01  -4.8496E+00   1.2748E-01   7.9215E-02   7.9370E-01
   1995.75   1.7288E+00  -5.1674E+01   1.0245E+01   1.4745E+00   9.1671E-01  -4.5904E+00   1.2066E-01   7.5015E-02   7.5126E-01
   1995.83   1.9001E+00  -5.1985E+01   1.0775E+01   1.3821E+00   8.5979E-01  -4.3028E+00   1.1310E-01   7.0357E-02   7.0420E-01
   1995.92   2.0535E+00  -5.2300E+01   1.1323E+01   1.2807E+00   7.9729E-01  -3.9869E+00   1.0480E-01   6.5243E-02   6.5249E-01
   1996.00   2.1891E+00  -5.2618E+01   1.1890E+01   1.1701E+00   7.2921E-01  -3.6426E+00   9.5749E-02   5.9671E-02   5.9615E-01
   1996.08   2.3164E+00  -5.2932E+01   1.2469E+01   1.0547E+00   6.5817E-01  -3.2832E+00   8.6303E-02   5.3859E-02   5.3733E-01
   1996.17   2.4447E+00  -5.3232E+01   1.3056E+01   9.3859E-01   5.8683E-01  -2.9218E+00   7.6806E-02   4.8020E-02   4.7818E-01
   1996.25   2.5742E+00  -5.3519E+01   1.3651E+01   8.2189E-01   5.1516E-01  -2.5584E+00   6.7255E-02   4.2156E-02   4.1870E-01
   1996.33   2.7047E+00  -5.3793E+01   1.4254E+01   7.0455E-01   4.4318E-01  -2.1929E+00   5.7653E-02   3.6266E-02   3.5890E-01
   1996.42   2.8363E+00  -5.4053E+01   1.4864E+01   5.8657E-01   3.7089E-01  -1.8255E+00   4.7999E-02   3.0350E-02   2.9876E-01
   1996.50   2.9691E+00  -5.4300E+01   1.5483E+01   4.6795E-01   2.9827E-01  -1.4560E+00   3.8292E-02   2.4408E-02   2.3830E-01
   1996.58   3.1029E+00  -5.4534E+01   1.6109E+01   3.4869E-01   2.2535E-01  -1.0846E+00   2.8534E-02   1.8440E-02   1.7750E-01
   1996.67   3.2378E+00  -5.4754E+01   1.6743E+01   2.2880E-01   1.5211E-01  -7.1113E-01   1.8723E-02   1.2447E-02   1.1638E-01
   1996.75   3.3739E+00  -5.4961E+01   1.7384E+01   1.0827E-01   7.8550E-02  -3.3566E-01   8.8598E-03   6.4278E-03   5.4934E-02
   1996.83   3.5110E+00  -5.5155E+01   1.8034E+01  -1.2898E-02   4.6784E-03   4.1819E-02  -1.0554E-03   3.8283E-04  -6.8441E-03
   1996.92   3.6492E+00  -5.5335E+01   1.8691E+01  -1.3470E-01  -6.9509E-02   4.2130E-01  -1.1023E-02  -5.6879E-03  -6.8951E-02
   1997.00   3.7885E+00  -5.5502E+01   1.9356E+01  -2.5715E-01  -1.4401E-01   8.0280E-01  -2.1042E-02  -1.1785E-02  -1.3139E-01
   1997.08   3.9289E+00  -5.5656E+01   2.0029E+01  -3.8023E-01  -2.1883E-01   1.1863E+00  -3.1114E-02  -1.7907E-02  -1.9415E-01
   1997.17   4.0704E+00  -5.5796E+01   2.0710E+01  -5.0395E-01  -2.9396E-01   1.5718E+00  -4.1238E-02  -2.4055E-02  -2.5724E-01
   1997.25   4.2130E+00  -5.5923E+01   2.1398E+01  -6.2830E-01  -3.6941E-01   1.9593E+00  -5.1414E-02  -3.0229E-02  -3.2066E-01
   1997.33   4.3567E+00  -5.6037E+01   2.2095E+01  -7.5330E-01  -4.4518E-01   2.3488E+00  -6.1643E-02  -3.6429E-02  -3.8441E-01
   1997.42   4.5015E+00  -5.6137E+01   2.2799E+01  -8.7893E-01  -5.2126E-01   2.7404E+00  -7.1923E-02  -4.2655E-02  -4.4849E-01
   1997.50   4.6474E+00  -5.6224E+01   2.3511E+01  -1.0052E+00  -5.9765E-01   3.1339E+00  -8.2256E-02  -4.8906E-02  -5.1290E-01
   1997.58   4.7944E+00  -5.6298E+01   2.4230E+01  -1.1321E+00  -6.7436E-01   3.5294E+00  -9.2640E-02  -5.5183E-02  -5.7763E-01
   1997.67   4.9425E+00  -5.6358E+01   2.4958E+01  -1.2596E+00  -7.5139E-01   3.9270E+00  -1.0308E-01  -6.1486E-02  -6.4270E-01
   1997.75   5.0917E+00  -5.6405E+01   2.5693E+01  -1.3878E+00  -8.2873E-01   4.3266E+00  -1.1357E-01  -6.7815E-02  -7.0809E-01
   1997.83   5.2420E+00  -5.6439E+01   2.6436E+01  -1.5166E+00  -9.0638E-01   4.7281E+00  -1.2411E-01  -7.4170E-02  -7.7381E-01
   1997.92   5.3933E+00  -5.6459E+01   2.7187E+01  -1.6461E+00  -9.8435E-01   5.1317E+00  -1.3470E-01  -8.0550E-02  -8.3986E-01
   1998.00   5.5458E+00  -5.6466E+01   2.7946E+01  -1.7762E+00  -1.0626E+00   5.5373E+00  -1.4535E-01  -8.6956E-02  -9.0624E-01
   1998.08   5.6980E+00  -5.6472E+01   2.8695E+01  -1.8989E+00  -1.1364E+00   5.9198E+00  -1.5539E-01  -9.2996E-02  -9.6885E-01
   1998.17   5.8487E+00  -5.6487E+01   2.9420E+01  -2.0062E+00  -1.2010E+00   6.2544E+00  -1.6417E-01  -9.8276E-02  -1.0236E+00
   1998.25   5.9977E+00  -5.6511E+01   3.0119E+01  -2.0981E+00  -1.2562E+00   6.5408E+00  -1.7169E-01  -1.0280E-01  -1.0705E+00
   1998.33   6.1452E+00  -5.6546E+01   3.0793E+01  -2.1745E+00  -1.3022E+00   6.7793E+00  -1.7794E-01  -1.0656E-01  -1.1095E+00
   1998.42   6.2910E+00  -5.6590E+01   3.1441E+01  -2.2356E+00  -1.3388E+00   6.9696E+00  -1.8294E-01  -1.0956E-01  -1.1407E+00
   1998.50   6.4353E+00  -5.6644E+01   3.2064E+01  -2.2812E+00  -1.3662E+00   7.1120E+00  -1.8667E-01  -1.1180E-01  -1.1640E+00
   1998.58   6.5780E+00  -5.6707E+01   3.2662E+01  -2.3114E+00  -1.3844E+00   7.2063E+00  -1.8914E-01  -1.1328E-01  -1.1794E+00
   1998.67   6.7191E+00  -5.6781E+01   3.3234E+01  -2.3262E+00  -1.3932E+00   7.2525E+00  -1.9036E-01  -1.1401E-01  -1.1869E+00
   1998.75   6.8586E+00  -5.6864E+01   3.3781E+01  -2.3256E+00  -1.3928E+00   7.2507E+00  -1.9031E-01  -1.1397E-01  -1.1867E+00
   1998.83   6.9965E+00  -5.6957E+01   3.4302E+01  -2.3096E+00  -1.3830E+00   7.2008E+00  -1.8899E-01  -1.1317E-01  -1.1785E+00
   1998.92   7.1329E+00  -5.7059E+01   3.4798E+01  -2.2781E+00  -1.3640E+00   7.1029E+00  -1.8642E-01  -1.1162E-01  -1.1625E+00
   1999.00   7.2676E+00  -5.7171E+01   3.5269E+01  -2.2313E+00  -1.3357E+00   6.9570E+00  -1.8259E-01  -1.0930E-01  -1.1386E+00
   1999.08   7.4008E+00  -5.7293E+01   3.5715E+01  -2.1690E+00  -1.2982E+00   6.7630E+00  -1.7749E-01  -1.0623E-01  -1.1068E+00
   1999.17   7.5323E+00  -5.7425E+01   3.6135E+01  -2.0913E+00  -1.2513E+00   6.5210E+00  -1.7113E-01  -1.0240E-01  -1.0672E+00
   1999.25   7.6623E+00  -5.7566E+01   3.6529E+01  -1.9982E+00  -1.1952E+00   6.2309E+00  -1.6351E-01  -9.7802E-02  -1.0198E+00
   1999.33   7.7907E+00  -5.7717E+01   3.6898E+01  -1.8897E+00  -1.1298E+00   5.8928E+00  -1.5463E-01  -9.2450E-02  -9.6441E-01
   1999.42   7.9175E+00  -5.7878E+01   3.7242E+01  -1.7658E+00  -1.0551E+00   5.5066E+00  -1.4449E-01  -8.6337E-02  -9.0121E-01
   1999.50   8.0427E+00  -5.8049E+01   3.7561E+01  -1.6264E+00  -9.7110E-01   5.0724E+00  -1.3309E-01  -7.9466E-02  -8.3015E-01
   1999.58   8.1663E+00  -5.8229E+01   3.7854E+01  -1.4716E+00  -8.7785E-01   4.5901E+00  -1.2043E-01  -7.1834E-02  -7.5122E-01
   1999.67   8.2883E+00  -5.8419E+01   3.8122E+01  -1.3015E+00  -7.7531E-01   4.0598E+00  -1.0650E-01  -6.3444E-02  -6.6443E-01
   1999.75   8.4088E+00  -5.8619E+01   3.8364E+01  -1.1159E+00  -6.6349E-01   3.4814E+00  -9.1312E-02  -5.4294E-02  -5.6977E-01
   1999.83   8.5276E+00  -5.8829E+01   3.8581E+01  -9.1486E-01  -5.4239E-01   2.8550E+00  -7.4863E-02  -4.4384E-02  -4.6725E-01
   1999.92   8.6449E+00  -5.9048E+01   3.8773E+01  -6.9843E-01  -4.1201E-01   2.1806E+00  -5.7153E-02  -3.3715E-02  -3.5687E-01
   2000.00   8.7605E+00  -5.9277E+01   3.8939E+01  -4.6660E-01  -2.7235E-01   1.4581E+00  -3.8182E-02  -2.2286E-02  -2.3863E-01
   2000.08   8.8734E+00  -5.9506E+01   3.9095E+01  -2.3677E-01  -1.3387E-01   7.4184E-01  -1.9375E-02  -1.0955E-02  -1.2141E-01
   2000.17   8.9825E+00  -5.9727E+01   3.9257E+01  -2.6378E-02  -7.0538E-03   8.6210E-02  -2.1585E-03  -5.7721E-04  -1.4109E-02
   2000.25   9.0876E+00  -5.9938E+01   3.9424E+01   1.6457E-01   1.0811E-01  -5.0883E-01   1.3467E-02   8.8468E-03   8.3275E-02
   2000.33   9.1888E+00  -6.0141E+01   3.9597E+01   3.3609E-01   2.1162E-01  -1.0433E+00   2.7502E-02   1.7317E-02   1.7074E-01
   2000.42   9.2862E+00  -6.0334E+01   3.9775E+01   4.8816E-01   3.0348E-01  -1.5171E+00   3.9946E-02   2.4834E-02   2.4829E-01
   2000.50   9.3796E+00  -6.0519E+01   3.9959E+01   6.2079E-01   3.8368E-01  -1.9304E+00   5.0800E-02   3.1396E-02   3.1593E-01
   2000.58   9.4692E+00  -6.0695E+01   4.0149E+01   7.3399E-01   4.5222E-01  -2.2830E+00   6.0063E-02   3.7006E-02   3.7364E-01
   2000.67   9.5548E+00  -6.0862E+01   4.0343E+01   8.2775E-01   5.0911E-01  -2.5751E+00   6.7735E-02   4.1661E-02   4.2144E-01
   2000.75   9.6366E+00  -6.1020E+01   4.0544E+01   9.0207E-01   5.5435E-01  -2.8066E+00   7.3817E-02   4.5363E-02   4.5933E-01
   2000.83   9.7145E+00  -6.1169E+01   4.0749E+01   9.5695E-01   5.8793E-01  -2.9775E+00   7.8308E-02   4.8111E-02   4.8729E-01
   2000.92   9.7885E+00  -6.1309E+01   4.0961E+01   9.9240E-01   6.0986E-01  -3.0877E+00   8.1208E-02   4.9905E-02   5.0534E-01
   2001.00   9.8585E+00  -6.1440E+01   4.1178E+01   1.0084E+00   6.2013E-01  -3.1374E+00   8.2518E-02   5.0745E-02   5.1348E-01
   2001.08   9.9247E+00  -6.1563E+01   4.1400E+01   1.0050E+00   6.1875E-01  -3.1265E+00   8.2237E-02   5.0632E-02   5.1169E-01
   2001.17   9.9870E+00  -6.1676E+01   4.1628E+01   9.8209E-01   6.0571E-01  -3.0551E+00   8.0365E-02   4.9565E-02   4.9999E-01
   2001.25   1.0045E+01  -6.1781E+01   4.1861E+01   9.3978E-01   5.8102E-01  -2.9230E+00   7.6903E-02   4.7545E-02   4.7837E-01
   2001.33   1.0100E+01  -6.1876E+01   4.2100E+01   8.7804E-01   5.4467E-01  -2.7303E+00   7.1850E-02   4.4570E-02   4.4684E-01
   2001.42   1.0150E+01  -6.1963E+01   4.2344E+01   7.9685E-01   4.9667E-01  -2.4770E+00   6.5206E-02   4.0642E-02   4.0539E-01
   2001.50   1.0197E+01  -6.2041E+01   4.2594E+01   6.9622E-01   4.3701E-01  -2.1631E+00   5.6972E-02   3.5761E-02   3.5402E-01
   2001.58   1.0240E+01  -6.2109E+01   4.2849E+01   5.7616E-01   3.6570E-01  -1.7887E+00   4.7147E-02   2.9925E-02   2.9274E-01
   2001.67   1.0279E+01  -6.2169E+01   4.3110E+01   4.3665E-01   2.8273E-01  -1.3536E+00   3.5732E-02   2.3136E-02   2.2154E-01
   2001.75   1.0314E+01  -6.2220E+01   4.3377E+01   2.7771E-01   1.8811E-01  -8.5798E-01   2.2725E-02   1.5393E-02   1.4042E-01
   2001.83   1.0345E+01  -6.2262E+01   4.3648E+01   9.9334E-02   8.1831E-02  -3.0174E-01   8.1285E-03   6.6963E-03   4.9382E-02
   2001.92   1.0372E+01  -6.2296E+01   4.3926E+01  -9.8484E-02  -3.6100E-02   3.1510E-01  -8.0590E-03  -2.9541E-03  -5.1569E-02
   2002.00   1.0396E+01  -6.2320E+01   4.4209E+01  -3.1574E-01  -1.6569E-01   9.9253E-01  -2.5837E-02  -1.3558E-02  -1.6244E-01
   2002.08   1.0415E+01  -6.2339E+01   4.4478E+01  -5.3268E-01  -2.9513E-01   1.6689E+00  -4.3589E-02  -2.4151E-02  -2.7314E-01
   2002.17   1.0430E+01  -6.2359E+01   4.4714E+01  -7.2954E-01  -4.1264E-01   2.2828E+00  -5.9698E-02  -3.3766E-02  -3.7360E-01
   2002.25   1.0441E+01  -6.2378E+01   4.4918E+01  -9.0632E-01  -5.1821E-01   2.8339E+00  -7.4164E-02  -4.2405E-02  -4.6380E-01
   2002.33   1.0448E+01  -6.2396E+01   4.5089E+01  -1.0630E+00  -6.1184E-01   3.3225E+00  -8.6988E-02  -5.0067E-02  -5.4377E-01
   2002.42   1.0451E+01  -6.2415E+01   4.5228E+01  -1.1997E+00  -6.9353E-01   3.7485E+00  -9.8168E-02  -5.6752E-02  -6.1348E-01
   2002.50   1.0449E+01  -6.2433E+01   4.5334E+01  -1.3162E+00  -7.6328E-01   4.1118E+00  -1.0771E-01  -6.2460E-02  -6.7294E-01
   2002.58   1.0443E+01  -6.2451E+01   4.5407E+01  -1.4127E+00  -8.2110E-01   4.4125E+00  -1.1560E-01  -6.7191E-02  -7.2216E-01
   2002.67   1.0434E+01  -6.2468E+01   4.5448E+01  -1.4891E+00  -8.6698E-01   4.6507E+00  -1.2185E-01  -7.0945E-02  -7.6113E-01
   2002.75   1.0420E+01  -6.2485E+01   4.5456E+01  -1.5454E+00  -9.0092E-01   4.8262E+00  -1.2646E-01  -7.3723E-02  -7.8985E-01
   2002.83   1.0401E+01  -6.2502E+01   4.5431E+01  -1.5816E+00  -9.2292E-01   4.9390E+00  -1.2942E-01  -7.5523E-02  -8.0833E-01
   2002.92   1.0379E+01  -6.2519E+01   4.5373E+01  -1.5978E+00  -9.3299E-01   4.9893E+00  -1.3075E-01  -7.6347E-02  -8.1656E-01
   2003.00   1.0353E+01  -6.2535E+01   4.5283E+01  -1.5939E+00  -9.3111E-01   4.9770E+00  -1.3043E-01  -7.6193E-02  -8.1454E-01
   2003.08   1.0322E+01  -6.2551E+01   4.5160E+01  -1.5699E+00  -9.1730E-01   4.9020E+00  -1.2846E-01  -7.5063E-02  -8.0227E-01
   2003.17   1.0287E+01  -6.2567E+01   4.5005E+01  -1.5258E+00  -8.9155E-01   4.7644E+00  -1.2486E-01  -7.2956E-02  -7.7975E-01
   2003.25   1.0248E+01  -6.2582E+01   4.4817E+01  -1.4617E+00  -8.5387E-01   4.5643E+00  -1.1961E-01  -6.9872E-02  -7.4699E-01
   2003.33   1.0205E+01  -6.2597E+01   4.4596E+01  -1.3774E+00  -8.0424E-01   4.3014E+00  -1.1272E-01  -6.5811E-02  -7.0398E-01
   2003.42   1.0158E+01  -6.2612E+01   4.4342E+01  -1.2731E+00  -7.4268E-01   3.9760E+00  -1.0418E-01  -6.0774E-02  -6.5072E-01
   2003.50   1.0106E+01  -6.2626E+01   4.4056E+01  -1.1487E+00  -6.6918E-01   3.5880E+00  -9.4002E-02  -5.4759E-02  -5.8721E-01
   2003.58   1.0051E+01  -6.2641E+01   4.3737E+01  -1.0043E+00  -5.8374E-01   3.1373E+00  -8.2181E-02  -4.7767E-02  -5.1346E-01
   2003.67   9.9909E+00  -6.2654E+01   4.3386E+01  -8.3975E-01  -4.8636E-01   2.6241E+00  -6.8717E-02  -3.9799E-02  -4.2946E-01
   2003.75   9.9270E+00  -6.2668E+01   4.3002E+01  -6.5514E-01  -3.7704E-01   2.0482E+00  -5.3610E-02  -3.0854E-02  -3.3521E-01
   2003.83   9.8588E+00  -6.2681E+01   4.2585E+01  -4.5045E-01  -2.5579E-01   1.4097E+00  -3.6860E-02  -2.0932E-02  -2.3072E-01
   2003.92   9.7866E+00  -6.2694E+01   4.2135E+01  -2.2568E-01  -1.2260E-01   7.0861E-01  -1.8467E-02  -1.0032E-02  -1.1597E-01
   2004.00   9.7101E+00  -6.2707E+01   4.1653E+01   1.9169E-02   2.2529E-02  -5.5114E-02   1.5686E-03   1.8436E-03   9.0199E-03
   2004.08   9.6247E+00  -6.2724E+01   4.1163E+01   2.6587E-01   1.6878E-01  -8.2460E-01   2.1756E-02   1.3811E-02   1.3495E-01
   2004.17   9.5253E+00  -6.2751E+01   4.0689E+01   4.9620E-01   3.0533E-01  -1.5430E+00   4.0604E-02   2.4985E-02   2.5253E-01
   2004.25   9.4120E+00  -6.2787E+01   4.0231E+01   7.1015E-01   4.3218E-01  -2.2103E+00   5.8112E-02   3.5365E-02   3.6174E-01
   2004.33   9.2847E+00  -6.2833E+01   3.9790E+01   9.0773E-01   5.4933E-01  -2.8266E+00   7.4280E-02   4.4952E-02   4.6260E-01
   2004.42   9.1436E+00  -6.2888E+01   3.9366E+01   1.0889E+00   6.5678E-01  -3.3917E+00   8.9109E-02   5.3744E-02   5.5509E-01
   2004.50   8.9885E+00  -6.2953E+01   3.8958E+01   1.2538E+00   7.5453E-01  -3.9058E+00   1.0260E-01   6.1743E-02   6.3922E-01
   2004.58   8.8196E+00  -6.3028E+01   3.8566E+01   1.4023E+00   8.4258E-01  -4.3688E+00   1.1475E-01   6.8948E-02   7.1499E-01
   2004.67   8.6367E+00  -6.3112E+01   3.8191E+01   1.5343E+00   9.2093E-01  -4.7807E+00   1.2556E-01   7.5360E-02   7.8241E-01
   2004.75   8.4399E+00  -6.3206E+01   3.7832E+01   1.6501E+00   9.8958E-01  -5.1415E+00   1.3503E-01   8.0978E-02   8.4146E-01
   2004.83   8.2291E+00  -6.3309E+01   3.7490E+01   1.7494E+00   1.0485E+00  -5.4512E+00   1.4316E-01   8.5802E-02   8.9215E-01
   2004.92   8.0045E+00  -6.3421E+01   3.7164E+01   1.8324E+00   1.0978E+00  -5.7098E+00   1.4995E-01   8.9832E-02   9.3448E-01
   2005.00   7.7659E+00  -6.3544E+01   3.6855E+01   1.8990E+00   1.1373E+00  -5.9174E+00   1.5540E-01   9.3069E-02   9.6845E-01
   2005.08   7.5134E+00  -6.3676E+01   3.6562E+01   1.9492E+00   1.1672E+00  -6.0739E+00   1.5951E-01   9.5512E-02   9.9406E-01
   2005.17   7.2470E+00  -6.3817E+01   3.6285E+01   1.9831E+00   1.1873E+00  -6.1793E+00   1.6228E-01   9.7161E-02   1.0113E+00
   2005.25   6.9667E+00  -6.3968E+01   3.6025E+01   2.0006E+00   1.1978E+00  -6.2336E+00   1.6371E-01   9.8016E-02   1.0202E+00
   2005.33   6.6725E+00  -6.4128E+01   3.5781E+01   2.0017E+00   1.1986E+00  -6.2368E+00   1.6380E-01   9.8078E-02   1.0207E+00
   2005.42   6.3643E+00  -6.4298E+01   3.5554E+01   1.9865E+00   1.1896E+00  -6.1890E+00   1.6255E-01   9.7346E-02   1.0129E+00
   2005.50   6.0422E+00  -6.4478E+01   3.5343E+01   1.9549E+00   1.1710E+00  -6.0900E+00   1.5997E-01   9.5820E-02   9.9670E-01
   2005.58   5.7062E+00  -6.4667E+01   3.5149E+01   1.9069E+00   1.1426E+00  -5.9400E+00   1.5604E-01   9.3501E-02   9.7214E-01
   2005.67   5.3563E+00  -6.4866E+01   3.4971E+01   1.8425E+00   1.1046E+00  -5.7389E+00   1.5077E-01   9.0387E-02   9.3923E-01
   2005.75   4.9925E+00  -6.5074E+01   3.4810E+01   1.7617E+00   1.0568E+00  -5.4867E+00   1.4416E-01   8.6481E-02   8.9796E-01
   2005.83   4.6148E+00  -6.5291E+01   3.4665E+01   1.6646E+00   9.9938E-01  -5.1834E+00   1.3622E-01   8.1780E-02   8.4832E-01
   2005.92   4.2231E+00  -6.5519E+01   3.4536E+01   1.5512E+00   9.3224E-01  -4.8290E+00   1.2693E-01   7.6286E-02   7.9032E-01
   2006.00   3.8175E+00  -6.5756E+01   3.4424E+01   1.4213E+00   8.5540E-01  -4.4236E+00   1.1631E-01   6.9997E-02   7.2397E-01
   2006.08   3.4147E+00  -6.5998E+01   3.4321E+01   1.2881E+00   7.7655E-01  -4.0078E+00   1.0541E-01   6.3545E-02   6.5591E-01
   2006.17   3.0313E+00  -6.6242E+01   3.4220E+01   1.1646E+00   7.0338E-01  -3.6222E+00   9.5299E-02   5.7558E-02   5.9281E-01
   2006.25   2.6674E+00  -6.6487E+01   3.4120E+01   1.0508E+00   6.3589E-01  -3.2669E+00   8.5985E-02   5.2035E-02   5.3467E-01
   2006.33   2.3229E+00  -6.6733E+01   3.4022E+01   9.4664E-01   5.7409E-01  -2.9420E+00   7.7464E-02   4.6978E-02   4.8148E-01
   2006.42   1.9979E+00  -6.6982E+01   3.3925E+01   8.5220E-01   5.1797E-01  -2.6473E+00   6.9735E-02   4.2386E-02   4.3326E-01
   2006.50   1.6923E+00  -6.7231E+01   3.3829E+01   7.6744E-01   4.6753E-01  -2.3829E+00   6.2800E-02   3.8259E-02   3.8999E-01
   2006.58   1.4061E+00  -6.7482E+01   3.3736E+01   6.9237E-01   4.2278E-01  -2.1488E+00   5.6657E-02   3.4596E-02   3.5167E-01
   2006.67   1.1394E+00  -6.7734E+01   3.3644E+01   6.2699E-01   3.8371E-01  -1.9450E+00   5.1307E-02   3.1399E-02   3.1832E-01
   2006.75   8.9213E-01  -6.7988E+01   3.3553E+01   5.7129E-01   3.5032E-01  -1.7715E+00   4.6749E-02   2.8667E-02   2.8992E-01
   2006.83   6.6430E-01  -6.8244E+01   3.3464E+01   5.2529E-01   3.2262E-01  -1.6282E+00   4.2985E-02   2.6400E-02   2.6648E-01
   2006.92   4.5591E-01  -6.8500E+01   3.3377E+01   4.8897E-01   3.0060E-01  -1.5153E+00   4.0013E-02   2.4598E-02   2.4800E-01
   2007.00   2.6696E-01  -6.8759E+01   3.3291E+01   4.6234E-01   2.8426E-01  -1.4327E+00   3.7833E-02   2.3261E-02   2.3447E-01
   2007.08   9.7456E-02  -6.9018E+01   3.3206E+01   4.4540E-01   2.7360E-01  -1.3803E+00   3.6447E-02   2.2389E-02   2.2590E-01
   2007.17  -5.2606E-02  -6.9279E+01   3.3123E+01   4.3814E-01   2.6863E-01  -1.3583E+00   3.5854E-02   2.1982E-02   2.2229E-01
   2007.25  -1.8323E-01  -6.9542E+01   3.3042E+01   4.4058E-01   2.6934E-01  -1.3665E+00   3.6053E-02   2.2040E-02   2.2364E-01
   2007.33  -2.9440E-01  -6.9806E+01   3.2963E+01   4.5270E-01   2.7573E-01  -1.4050E+00   3.7045E-02   2.2563E-02   2.2994E-01
   2007.42  -3.8614E-01  -7.0071E+01   3.2884E+01   4.7451E-01   2.8781E-01  -1.4738E+00   3.8829E-02   2.3551E-02   2.4121E-01
   2007.50  -4.5843E-01  -7.0338E+01   3.2808E+01   5.0601E-01   3.0557E-01  -1.5729E+00   4.1407E-02   2.5005E-02   2.5743E-01
   2007.58  -5.1128E-01  -7.0606E+01   3.2733E+01   5.4719E-01   3.2901E-01  -1.7023E+00   4.4777E-02   2.6923E-02   2.7860E-01
   2007.67  -5.4469E-01  -7.0876E+01   3.2659E+01   5.9807E-01   3.5813E-01  -1.8620E+00   4.8940E-02   2.9306E-02   3.0474E-01
   2007.75  -5.5865E-01  -7.1147E+01   3.2588E+01   6.5863E-01   3.9294E-01  -2.0520E+00   5.3896E-02   3.2154E-02   3.3583E-01
   2007.83  -5.5317E-01  -7.1420E+01   3.2517E+01   7.2888E-01   4.3343E-01  -2.2722E+00   5.9644E-02   3.5468E-02   3.7188E-01
   2007.92  -5.2825E-01  -7.1694E+01   3.2448E+01   8.0881E-01   4.7960E-01  -2.5228E+00   6.6185E-02   3.9246E-02   4.1288E-01
   2008.00  -4.8389E-01  -7.1969E+01   3.2381E+01   8.9844E-01   5.3146E-01  -2.8036E+00   7.3520E-02   4.3490E-02   4.5885E-01
   2008.08  -4.2590E-01  -7.2251E+01   3.2303E+01   9.8633E-01   5.8238E-01  -3.0791E+00   8.0712E-02   4.7656E-02   5.0392E-01
   2008.17  -3.6011E-01  -7.2543E+01   3.2202E+01   1.0611E+00   6.2573E-01  -3.3133E+00   8.6829E-02   5.1204E-02   5.4226E-01
   2008.25  -2.8652E-01  -7.2846E+01   3.2078E+01   1.1227E+00   6.6152E-01  -3.5064E+00   9.1870E-02   5.4132E-02   5.7386E-01
   2008.33  -2.0511E-01  -7.3160E+01   3.1931E+01   1.1711E+00   6.8974E-01  -3.6583E+00   9.5835E-02   5.6442E-02   5.9873E-01
   2008.42  -1.1591E-01  -7.3484E+01   3.1761E+01   1.2064E+00   7.1040E-01  -3.7691E+00   9.8724E-02   5.8132E-02   6.1686E-01
   2008.50  -1.8896E-02  -7.3819E+01   3.1568E+01   1.2286E+00   7.2350E-01  -3.8387E+00   1.0054E-01   5.9204E-02   6.2825E-01
   2008.58   8.5921E-02  -7.4165E+01   3.1352E+01   1.2376E+00   7.2903E-01  -3.8672E+00   1.0127E-01   5.9657E-02   6.3291E-01
   2008.67   1.9854E-01  -7.4521E+01   3.1113E+01   1.2335E+00   7.2700E-01  -3.8545E+00   1.0094E-01   5.9491E-02   6.3083E-01
   2008.75   3.1897E-01  -7.4889E+01   3.0851E+01   1.2162E+00   7.1741E-01  -3.8007E+00   9.9522E-02   5.8706E-02   6.2202E-01
   2008.83   4.4720E-01  -7.5267E+01   3.0566E+01   1.1858E+00   7.0025E-01  -3.7057E+00   9.7032E-02   5.7302E-02   6.0647E-01
   2008.92   5.8324E-01  -7.5655E+01   3.0258E+01   1.1422E+00   6.7553E-01  -3.5695E+00   9.3467E-02   5.5279E-02   5.8418E-01
   2009.00   7.2708E-01  -7.6055E+01   2.9926E+01   1.0855E+00   6.4325E-01  -3.3921E+00   8.8825E-02   5.2637E-02   5.5516E-01
   2009.08   8.7873E-01  -7.6465E+01   2.9572E+01   1.0156E+00   6.0340E-01  -3.1737E+00   8.3108E-02   4.9376E-02   5.1940E-01
   2009.17   1.0382E+00  -7.6886E+01   2.9195E+01   9.3259E-01   5.5599E-01  -2.9140E+00   7.6314E-02   4.5496E-02   4.7691E-01
   2009.25   1.2054E+00  -7.7317E+01   2.8795E+01   8.3643E-01   5.0101E-01  -2.6132E+00   6.8445E-02   4.0998E-02   4.2768E-01
   2009.33   1.3805E+00  -7.7760E+01   2.8371E+01   7.2712E-01   4.3847E-01  -2.2712E+00   5.9501E-02   3.5880E-02   3.7171E-01
   2009.42   1.5634E+00  -7.8212E+01   2.7925E+01   6.0466E-01   3.6837E-01  -1.8881E+00   4.9480E-02   3.0144E-02   3.0901E-01
   2009.50   1.7540E+00  -7.8676E+01   2.7456E+01   4.6906E-01   2.9070E-01  -1.4638E+00   3.8383E-02   2.3788E-02   2.3957E-01
   2009.58   1.9525E+00  -7.9151E+01   2.6963E+01   3.2031E-01   2.0547E-01  -9.9841E-01   2.6211E-02   1.6814E-02   1.6340E-01
   2009.67   2.1588E+00  -7.9636E+01   2.6448E+01   1.5841E-01   1.1267E-01  -4.9181E-01   1.2963E-02   9.2201E-03   8.0490E-02
   2009.75   2.3729E+00  -8.0131E+01   2.5910E+01  -1.6635E-02   1.2315E-02   5.5946E-02  -1.3612E-03   1.0077E-03  -9.1561E-03
   2009.83   2.5948E+00  -8.0638E+01   2.5348E+01  -2.0483E-01  -9.5607E-02   6.4486E-01  -1.6761E-02  -7.8236E-03  -1.0554E-01
   2009.92   2.8245E+00  -8.1155E+01   2.4764E+01  -4.0617E-01  -2.1109E-01   1.2749E+00  -3.3237E-02  -1.7274E-02  -2.0866E-01
   2010.00   3.0620E+00  -8.1683E+01   2.4156E+01  -6.2065E-01  -3.3414E-01   1.9462E+00  -5.0788E-02  -2.7343E-02  -3.1851E-01
   2010.08   3.2974E+00  -8.2209E+01   2.3537E+01  -8.3256E-01  -4.5574E-01   2.6093E+00  -6.8129E-02  -3.7294E-02  -4.2705E-01
   2010.17   3.5208E+00  -8.2721E+01   2.2916E+01  -1.0262E+00  -5.6688E-01   3.2153E+00  -8.3972E-02  -4.6388E-02  -5.2621E-01
   2010.25   3.7323E+00  -8.3219E+01   2.2295E+01  -1.2015E+00  -6.6755E-01   3.7639E+00  -9.8318E-02  -5.4626E-02  -6.1601E-01
   2010.33   3.9317E+00  -8.3702E+01   2.1672E+01  -1.3585E+00  -7.5776E-01   4.2553E+00  -1.1117E-01  -6.2008E-02  -6.9643E-01
   2010.42   4.1192E+00  -8.4172E+01   2.1048E+01  -1.4972E+00  -8.3751E-01   4.6895E+00  -1.2252E-01  -6.8534E-02  -7.6748E-01
   2010.50   4.2947E+00  -8.4627E+01   2.0424E+01  -1.6176E+00  -9.0679E-01   5.0663E+00  -1.3237E-01  -7.4203E-02  -8.2916E-01
   2010.58   4.4582E+00  -8.5067E+01   1.9798E+01  -1.7198E+00  -9.6562E-01   5.3860E+00  -1.4073E-01  -7.9017E-02  -8.8147E-01
   2010.67   4.6097E+00  -8.5494E+01   1.9171E+01  -1.8036E+00  -1.0140E+00   5.6483E+00  -1.4759E-01  -8.2974E-02  -9.2441E-01
   2010.75   4.7493E+00  -8.5906E+01   1.8543E+01  -1.8691E+00  -1.0519E+00   5.8534E+00  -1.5295E-01  -8.6075E-02  -9.5797E-01
   2010.83   4.8768E+00  -8.6304E+01   1.7914E+01  -1.9163E+00  -1.0793E+00   6.0013E+00  -1.5681E-01  -8.8320E-02  -9.8217E-01
   2010.92   4.9924E+00  -8.6687E+01   1.7284E+01  -1.9453E+00  -1.0963E+00   6.0918E+00  -1.5918E-01  -8.9708E-02  -9.9699E-01
   2011.00   5.0960E+00  -8.7057E+01   1.6654E+01  -1.9559E+00  -1.1028E+00   6.1251E+00  -1.6005E-01  -9.0241E-02  -1.0024E+00
   2011.08   5.1876E+00  -8.7412E+01   1.6021E+01  -1.9482E+00  -1.0988E+00   6.1012E+00  -1.5942E-01  -8.9917E-02  -9.9853E-01
   2011.17   5.2672E+00  -8.7753E+01   1.5388E+01  -1.9222E+00  -1.0844E+00   6.0200E+00  -1.5730E-01  -8.8737E-02  -9.8524E-01
   2011.25   5.3349E+00  -8.8079E+01   1.4754E+01  -1.8780E+00  -1.0595E+00   5.8815E+00  -1.5368E-01  -8.6700E-02  -9.6258E-01
   2011.33   5.3905E+00  -8.8391E+01   1.4119E+01  -1.8154E+00  -1.0242E+00   5.6858E+00  -1.4856E-01  -8.3808E-02  -9.3054E-01
   2011.42   5.4342E+00  -8.8690E+01   1.3483E+01  -1.7346E+00  -9.7836E-01   5.4328E+00  -1.4194E-01  -8.0059E-02  -8.8914E-01
   2011.50   5.4659E+00  -8.8973E+01   1.2846E+01  -1.6354E+00  -9.2209E-01   5.1226E+00  -1.3382E-01  -7.5455E-02  -8.3837E-01
   2011.58   5.4856E+00  -8.9243E+01   1.2207E+01  -1.5179E+00  -8.5535E-01   4.7551E+00  -1.2421E-01  -6.9994E-02  -7.7822E-01
   2011.67   5.4933E+00  -8.9498E+01   1.1568E+01  -1.3822E+00  -7.7815E-01   4.3303E+00  -1.1310E-01  -6.3676E-02  -7.0870E-01
   2011.75   5.4890E+00  -8.9739E+01   1.0928E+01  -1.2281E+00  -6.9049E-01   3.8483E+00  -1.0050E-01  -5.6503E-02  -6.2981E-01
   2011.83   5.4728E+00  -8.9966E+01   1.0286E+01  -1.0558E+00  -5.9236E-01   3.3090E+00  -8.6393E-02  -4.8473E-02  -5.4155E-01
   2011.92   5.4446E+00  -9.0179E+01   9.6439E+00  -8.6510E-01  -4.8378E-01   2.7125E+00  -7.0792E-02  -3.9588E-02  -4.4392E-01
   2012.00   5.4044E+00  -9.0377E+01   9.0004E+00  -6.5615E-01  -3.6472E-01   2.0586E+00  -5.3693E-02  -2.9846E-02  -3.3692E-01
