   1960.00   2.7533E+01   3.1116E+01   1.8561E+01   1.0929E+00  -3.3860E-01  -1.3839E+00   8.9429E-02  -2.7708E-02   2.2649E-01
   1960.08   2.7626E+01   3.1171E+01   1.8656E+01   1.6513E+00  -5.1183E-01  -2.0897E+00   1.3513E-01  -4.1883E-02   3.4200E-01
   1960.17   2.7712E+01   3.1225E+01   1.8728E+01   2.1692E+00  -6.7250E-01  -2.7443E+00   1.7751E-01  -5.5031E-02   4.4914E-01
   1960.25   2.7790E+01   3.1275E+01   1.8777E+01   2.6467E+00  -8.2060E-01  -3.3478E+00   2.1658E-01  -6.7150E-02   5.4791E-01
   1960.33   2.7860E+01   3.1323E+01   1.8804E+01   3.0836E+00  -9.5615E-01  -3.9001E+00   2.5234E-01  -7.8242E-02   6.3829E-01
   1960.42   2.7923E+01   3.1368E+01   1.8808E+01   3.4801E+00  -1.0791E+00  -4.4012E+00   2.8478E-01  -8.8306E-02   7.2031E-01
   1960.50   2.7978E+01   3.1410E+01   1.8789E+01   3.8361E+00  -1.1896E+00  -4.8512E+00   3.1391E-01  -9.7342E-02   7.9395E-01
   1960.58   2.8026E+01   3.1450E+01   1.8747E+01   4.1515E+00  -1.2874E+00  -5.2499E+00   3.3972E-01  -1.0535E-01   8.5921E-01
   1960.67   2.8066E+01   3.1487E+01   1.8683E+01   4.4265E+00  -1.3727E+00  -5.5976E+00   3.6222E-01  -1.1233E-01   9.1610E-01
   1960.75   2.8098E+01   3.1521E+01   1.8596E+01   4.6610E+00  -1.4455E+00  -5.8940E+00   3.8141E-01  -1.1828E-01   9.6461E-01
   1960.83   2.8123E+01   3.1553E+01   1.8486E+01   4.8550E+00  -1.5057E+00  -6.1392E+00   3.9729E-01  -1.2321E-01   1.0048E+00
   1960.92   2.8140E+01   3.1582E+01   1.8353E+01   5.0085E+00  -1.5533E+00  -6.3333E+00   4.0985E-01  -1.2711E-01   1.0365E+00
   1961.00   2.8150E+01   3.1609E+01   1.8198E+01   5.1215E+00  -1.5883E+00  -6.4763E+00   4.1910E-01  -1.2997E-01   1.0599E+00
   1961.08   2.8151E+01   3.1632E+01   1.8020E+01   5.1940E+00  -1.6108E+00  -6.5680E+00   4.2503E-01  -1.3182E-01   1.0749E+00
   1961.17   2.8146E+01   3.1653E+01   1.7819E+01   5.2260E+00  -1.6208E+00  -6.6086E+00   4.2765E-01  -1.3263E-01   1.0816E+00
   1961.25   2.8132E+01   3.1672E+01   1.7596E+01   5.2176E+00  -1.6182E+00  -6.5980E+00   4.2696E-01  -1.3242E-01   1.0798E+00
   1961.33   2.8111E+01   3.1687E+01   1.7350E+01   5.1686E+00  -1.6030E+00  -6.5362E+00   4.2295E-01  -1.3117E-01   1.0697E+00
   1961.42   2.8083E+01   3.1700E+01   1.7081E+01   5.0791E+00  -1.5753E+00  -6.4233E+00   4.1563E-01  -1.2890E-01   1.0512E+00
   1961.50   2.8047E+01   3.1711E+01   1.6789E+01   4.9492E+00  -1.5350E+00  -6.2592E+00   4.0499E-01  -1.2561E-01   1.0244E+00
   1961.58   2.8003E+01   3.1718E+01   1.6475E+01   4.7787E+00  -1.4821E+00  -6.0439E+00   3.9105E-01  -1.2128E-01   9.8915E-01
   1961.67   2.7951E+01   3.1723E+01   1.6138E+01   4.5678E+00  -1.4167E+00  -5.7774E+00   3.7378E-01  -1.1593E-01   9.4554E-01
   1961.75   2.7892E+01   3.1725E+01   1.5778E+01   4.3164E+00  -1.3387E+00  -5.4598E+00   3.5321E-01  -1.0955E-01   8.9356E-01
   1961.83   2.7826E+01   3.1725E+01   1.5396E+01   4.0244E+00  -1.2482E+00  -5.0910E+00   3.2932E-01  -1.0214E-01   8.3320E-01
   1961.92   2.7751E+01   3.1722E+01   1.4990E+01   3.6920E+00  -1.1451E+00  -4.6711E+00   3.0212E-01  -9.3700E-02   7.6447E-01
   1962.00   2.7670E+01   3.1716E+01   1.4562E+01   3.3191E+00  -1.0294E+00  -4.1999E+00   2.7160E-01  -8.4235E-02   6.8736E-01
   1962.08   2.7587E+01   3.1704E+01   1.4131E+01   2.9382E+00  -9.1125E-01  -3.7187E+00   2.4043E-01  -7.4568E-02   6.0860E-01
   1962.17   2.7512E+01   3.1681E+01   1.3717E+01   2.5818E+00  -8.0072E-01  -3.2684E+00   2.1127E-01  -6.5523E-02   5.3490E-01
   1962.25   2.7443E+01   3.1647E+01   1.3319E+01   2.2499E+00  -6.9779E-01  -2.8490E+00   1.8411E-01  -5.7100E-02   4.6628E-01
   1962.33   2.7381E+01   3.1603E+01   1.2938E+01   1.9425E+00  -6.0246E-01  -2.4606E+00   1.5896E-01  -4.9300E-02   4.0271E-01
   1962.42   2.7326E+01   3.1548E+01   1.2573E+01   1.6597E+00  -5.1474E-01  -2.1032E+00   1.3581E-01  -4.2121E-02   3.4421E-01
   1962.50   2.7277E+01   3.1482E+01   1.2225E+01   1.4013E+00  -4.3463E-01  -1.7767E+00   1.1467E-01  -3.5566E-02   2.9078E-01
   1962.58   2.7235E+01   3.1406E+01   1.1893E+01   1.1675E+00  -3.6212E-01  -1.4812E+00   9.5535E-02  -2.9632E-02   2.4242E-01
   1962.67   2.7200E+01   3.1319E+01   1.1578E+01   9.5815E-01  -2.9721E-01  -1.2166E+00   7.8406E-02  -2.4321E-02   1.9912E-01
   1962.75   2.7172E+01   3.1222E+01   1.1279E+01   7.7333E-01  -2.3991E-01  -9.8302E-01   6.3282E-02  -1.9632E-02   1.6088E-01
   1962.83   2.7150E+01   3.1114E+01   1.0997E+01   6.1302E-01  -1.9021E-01  -7.8036E-01   5.0164E-02  -1.5565E-02   1.2771E-01
   1962.92   2.7136E+01   3.0995E+01   1.0731E+01   4.7723E-01  -1.4812E-01  -6.0865E-01   3.9052E-02  -1.2121E-02   9.9612E-02
   1963.00   2.7128E+01   3.0865E+01   1.0483E+01   3.6594E-01  -1.1364E-01  -4.6790E-01   2.9945E-02  -9.2990E-03   7.6576E-02
   1963.08   2.7126E+01   3.0725E+01   1.0250E+01   2.7917E-01  -8.6757E-02  -3.5809E-01   2.2844E-02  -7.0994E-03   5.8606E-02
   1963.17   2.7132E+01   3.0575E+01   1.0034E+01   2.1690E-01  -6.7481E-02  -2.7925E-01   1.7749E-02  -5.5220E-03   4.5702E-02
   1963.25   2.7144E+01   3.0413E+01   9.8350E+00   1.7915E-01  -5.5810E-02  -2.3135E-01   1.4660E-02  -4.5670E-03   3.7863E-02
   1963.33   2.7163E+01   3.0241E+01   9.6523E+00   1.6591E-01  -5.1744E-02  -2.1441E-01   1.3576E-02  -4.2342E-03   3.5091E-02
   1963.42   2.7189E+01   3.0059E+01   9.4861E+00   1.7718E-01  -5.5283E-02  -2.2842E-01   1.4499E-02  -4.5238E-03   3.7384E-02
   1963.50   2.7221E+01   2.9866E+01   9.3365E+00   2.1296E-01  -6.6426E-02  -2.7339E-01   1.7427E-02  -5.4357E-03   4.4743E-02
   1963.58   2.7261E+01   2.9662E+01   9.2035E+00   2.7325E-01  -8.5175E-02  -3.4931E-01   2.2360E-02  -6.9699E-03   5.7168E-02
   1963.67   2.7307E+01   2.9447E+01   9.0869E+00   3.5806E-01  -1.1153E-01  -4.5618E-01   2.9300E-02  -9.1264E-03   7.4660E-02
   1963.75   2.7359E+01   2.9222E+01   8.9870E+00   4.6737E-01  -1.4549E-01  -5.9401E-01   3.8245E-02  -1.1905E-02   9.7217E-02
   1963.83   2.7419E+01   2.8986E+01   8.9036E+00   6.0120E-01  -1.8705E-01  -7.6279E-01   4.9196E-02  -1.5306E-02   1.2484E-01
   1963.92   2.7485E+01   2.8740E+01   8.8367E+00   7.5953E-01  -2.3622E-01  -9.6253E-01   6.2153E-02  -1.9330E-02   1.5753E-01
   1964.00   2.7558E+01   2.8483E+01   8.7864E+00   9.4238E-01  -2.9299E-01  -1.1932E+00   7.7115E-02  -2.3976E-02   1.9528E-01
   1964.08   2.7632E+01   2.8226E+01   8.7479E+00   1.1234E+00  -3.4921E-01  -1.4217E+00   9.1930E-02  -2.8576E-02   2.3267E-01
   1964.17   2.7700E+01   2.7978E+01   8.7164E+00   1.2763E+00  -3.9671E-01  -1.6147E+00   1.0444E-01  -3.2463E-02   2.6426E-01
   1964.25   2.7762E+01   2.7740E+01   8.6918E+00   1.4011E+00  -4.3551E-01  -1.7722E+00   1.1466E-01  -3.5638E-02   2.9004E-01
   1964.33   2.7819E+01   2.7512E+01   8.6743E+00   1.4978E+00  -4.6558E-01  -1.8943E+00   1.2257E-01  -3.8099E-02   3.1002E-01
   1964.42   2.7870E+01   2.7294E+01   8.6637E+00   1.5664E+00  -4.8695E-01  -1.9809E+00   1.2818E-01  -3.9847E-02   3.2420E-01
   1964.50   2.7916E+01   2.7086E+01   8.6602E+00   1.6068E+00  -4.9960E-01  -2.0321E+00   1.3148E-01  -4.0882E-02   3.3258E-01
   1964.58   2.7956E+01   2.6887E+01   8.6636E+00   1.6191E+00  -5.0353E-01  -2.0479E+00   1.3249E-01  -4.1204E-02   3.3516E-01
   1964.67   2.7991E+01   2.6698E+01   8.6741E+00   1.6033E+00  -4.9876E-01  -2.0282E+00   1.3119E-01  -4.0814E-02   3.3193E-01
   1964.75   2.8020E+01   2.6519E+01   8.6915E+00   1.5593E+00  -4.8527E-01  -1.9730E+00   1.2760E-01  -3.9710E-02   3.2291E-01
   1964.83   2.8044E+01   2.6350E+01   8.7159E+00   1.4872E+00  -4.6306E-01  -1.8824E+00   1.2170E-01  -3.7893E-02   3.0808E-01
   1964.92   2.8062E+01   2.6191E+01   8.7473E+00   1.3870E+00  -4.3214E-01  -1.7564E+00   1.1350E-01  -3.5363E-02   2.8745E-01
   1965.00   2.8074E+01   2.6042E+01   8.7857E+00   1.2587E+00  -3.9251E-01  -1.5949E+00   1.0300E-01  -3.2119E-02   2.6102E-01
   1965.08   2.8081E+01   2.5902E+01   8.8312E+00   1.1023E+00  -3.4417E-01  -1.3979E+00   9.0201E-02  -2.8163E-02   2.2878E-01
   1965.17   2.8082E+01   2.5772E+01   8.8836E+00   9.1773E-01  -2.8711E-01  -1.1655E+00   7.5098E-02  -2.3494E-02   1.9075E-01
   1965.25   2.8078E+01   2.5652E+01   8.9430E+00   7.0504E-01  -2.2134E-01  -8.9767E-01   5.7694E-02  -1.8112E-02   1.4691E-01
   1965.33   2.8068E+01   2.5542E+01   9.0094E+00   4.6423E-01  -1.4685E-01  -5.9437E-01   3.7988E-02  -1.2017E-02   9.7275E-02
   1965.42   2.8053E+01   2.5442E+01   9.0827E+00   1.9530E-01  -6.3650E-02  -2.5563E-01   1.5981E-02  -5.2085E-03   4.1836E-02
   1965.50   2.8032E+01   2.5351E+01   9.1631E+00  -1.0176E-01   2.8264E-02   1.1857E-01  -8.3272E-03   2.3128E-03  -1.9405E-02
   1965.58   2.8005E+01   2.5270E+01   9.2505E+00  -4.2694E-01   1.2889E-01   5.2822E-01  -3.4937E-02   1.0547E-02  -8.6448E-02
   1965.67   2.7973E+01   2.5199E+01   9.3449E+00  -7.8025E-01   2.3823E-01   9.7331E-01  -6.3848E-02   1.9495E-02  -1.5929E-01
   1965.75   2.7936E+01   2.5138E+01   9.4462E+00  -1.1617E+00   3.5629E-01   1.4539E+00  -9.5060E-02   2.9155E-02  -2.3794E-01
   1965.83   2.7892E+01   2.5087E+01   9.5546E+00  -1.5712E+00   4.8305E-01   1.9698E+00  -1.2857E-01   3.9529E-02  -3.2239E-01
   1965.92   2.7844E+01   2.5045E+01   9.6700E+00  -2.0089E+00   6.1854E-01   2.5213E+00  -1.6439E-01   5.0615E-02  -4.1264E-01
   1966.00   2.7789E+01   2.5014E+01   9.7923E+00  -2.4747E+00   7.6273E-01   3.1082E+00  -2.0251E-01   6.2415E-02  -5.0869E-01
   1966.08   2.7741E+01   2.4983E+01   9.9243E+00  -2.9345E+00   9.0506E-01   3.6875E+00  -2.4013E-01   7.4062E-02  -6.0350E-01
   1966.17   2.7712E+01   2.4945E+01   1.0069E+01  -3.3540E+00   1.0350E+00   4.2161E+00  -2.7446E-01   8.4690E-02  -6.9002E-01
   1966.25   2.7701E+01   2.4899E+01   1.0225E+01  -3.7334E+00   1.1524E+00   4.6942E+00  -3.0551E-01   9.4301E-02  -7.6825E-01
   1966.33   2.7707E+01   2.4845E+01   1.0394E+01  -4.0726E+00   1.2574E+00   5.1216E+00  -3.3326E-01   1.0289E-01  -8.3820E-01
   1966.42   2.7733E+01   2.4783E+01   1.0575E+01  -4.3716E+00   1.3499E+00   5.4983E+00  -3.5773E-01   1.1047E-01  -8.9986E-01
   1966.50   2.7776E+01   2.4714E+01   1.0768E+01  -4.6304E+00   1.4301E+00   5.8245E+00  -3.7891E-01   1.1702E-01  -9.5324E-01
   1966.58   2.7838E+01   2.4637E+01   1.0974E+01  -4.8491E+00   1.4977E+00   6.1000E+00  -3.9680E-01   1.2256E-01  -9.9833E-01
   1966.67   2.7918E+01   2.4552E+01   1.1192E+01  -5.0275E+00   1.5530E+00   6.3248E+00  -4.1140E-01   1.2708E-01  -1.0351E+00
   1966.75   2.8017E+01   2.4459E+01   1.1422E+01  -5.1657E+00   1.5957E+00   6.4991E+00  -4.2271E-01   1.3058E-01  -1.0636E+00
   1966.83   2.8133E+01   2.4359E+01   1.1664E+01  -5.2638E+00   1.6261E+00   6.6227E+00  -4.3074E-01   1.3306E-01  -1.0839E+00
   1966.92   2.8268E+01   2.4251E+01   1.1919E+01  -5.3216E+00   1.6440E+00   6.6956E+00  -4.3547E-01   1.3453E-01  -1.0958E+00
   1967.00   2.8422E+01   2.4135E+01   1.2186E+01  -5.3393E+00   1.6494E+00   6.7180E+00  -4.3692E-01   1.3497E-01  -1.0995E+00
   1967.08   2.8593E+01   2.4011E+01   1.2465E+01  -5.3168E+00   1.6424E+00   6.6897E+00  -4.3508E-01   1.3440E-01  -1.0948E+00
   1967.17   2.8783E+01   2.3880E+01   1.2757E+01  -5.2541E+00   1.6230E+00   6.6107E+00  -4.2995E-01   1.3281E-01  -1.0819E+00
   1967.25   2.8991E+01   2.3741E+01   1.3060E+01  -5.1512E+00   1.5911E+00   6.4811E+00  -4.2152E-01   1.3020E-01  -1.0607E+00
   1967.33   2.9218E+01   2.3594E+01   1.3376E+01  -5.0081E+00   1.5468E+00   6.3009E+00  -4.0982E-01   1.2657E-01  -1.0312E+00
   1967.42   2.9463E+01   2.3439E+01   1.3705E+01  -4.8248E+00   1.4900E+00   6.0701E+00  -3.9482E-01   1.2193E-01  -9.9344E-01
   1967.50   2.9726E+01   2.3277E+01   1.4045E+01  -4.6014E+00   1.4208E+00   5.7886E+00  -3.7653E-01   1.1626E-01  -9.4737E-01
   1967.58   3.0007E+01   2.3107E+01   1.4398E+01  -4.3377E+00   1.3391E+00   5.4565E+00  -3.5496E-01   1.0958E-01  -8.9302E-01
   1967.67   3.0307E+01   2.2929E+01   1.4763E+01  -4.0339E+00   1.2450E+00   5.0738E+00  -3.3009E-01   1.0188E-01  -8.3038E-01
   1967.75   3.0625E+01   2.2744E+01   1.5140E+01  -3.6898E+00   1.1385E+00   4.6404E+00  -3.0194E-01   9.3164E-02  -7.5946E-01
   1967.83   3.0961E+01   2.2550E+01   1.5530E+01  -3.3056E+00   1.0195E+00   4.1564E+00  -2.7050E-01   8.3427E-02  -6.8024E-01
   1967.92   3.1316E+01   2.2349E+01   1.5932E+01  -2.8812E+00   8.8808E-01   3.6218E+00  -2.3577E-01   7.2672E-02  -5.9274E-01
   1968.00   3.1689E+01   2.2140E+01   1.6346E+01  -2.4166E+00   7.4421E-01   3.0365E+00  -1.9775E-01   6.0899E-02  -4.9696E-01
   1968.08   3.2064E+01   2.1936E+01   1.6756E+01  -1.9428E+00   5.9749E-01   2.4397E+00  -1.5898E-01   4.8893E-02  -3.9928E-01
   1968.17   3.2425E+01   2.1749E+01   1.7145E+01  -1.4908E+00   4.5753E-01   1.8703E+00  -1.2199E-01   3.7440E-02  -3.0610E-01
   1968.25   3.2773E+01   2.1580E+01   1.7514E+01  -1.0606E+00   3.2434E-01   1.3284E+00  -8.6793E-02   2.6541E-02  -2.1742E-01
   1968.33   3.3107E+01   2.1427E+01   1.7862E+01  -6.5229E-01   1.9790E-01   8.1408E-01  -5.3377E-02   1.6194E-02  -1.3323E-01
   1968.42   3.3427E+01   2.1292E+01   1.8190E+01  -2.6576E-01   7.8224E-02   3.2720E-01  -2.1747E-02   6.4011E-03  -5.3549E-02
   1968.50   3.3733E+01   2.1174E+01   1.8497E+01   9.8961E-02  -3.4693E-02  -1.3219E-01   8.0980E-03  -2.8389E-03   2.1635E-02
   1968.58   3.4026E+01   2.1074E+01   1.8783E+01   4.4186E-01  -1.4085E-01  -5.6409E-01   3.6158E-02  -1.1526E-02   9.2320E-02
   1968.67   3.4305E+01   2.0990E+01   1.9049E+01   7.6295E-01  -2.4025E-01  -9.6850E-01   6.2433E-02  -1.9660E-02   1.5851E-01
   1968.75   3.4570E+01   2.0924E+01   1.9294E+01   1.0622E+00  -3.3288E-01  -1.3454E+00   8.6922E-02  -2.7240E-02   2.2019E-01
   1968.83   3.4821E+01   2.0875E+01   1.9519E+01   1.3397E+00  -4.1876E-01  -1.6948E+00   1.0963E-01  -3.4267E-02   2.7738E-01
   1968.92   3.5059E+01   2.0844E+01   1.9723E+01   1.5953E+00  -4.9788E-01  -2.0168E+00   1.3055E-01  -4.0742E-02   3.3007E-01
   1969.00   3.5283E+01   2.0829E+01   1.9906E+01   1.8292E+00  -5.7024E-01  -2.3112E+00   1.4968E-01  -4.6663E-02   3.7826E-01
   1969.08   3.5493E+01   2.0832E+01   2.0069E+01   2.0412E+00  -6.3584E-01  -2.5782E+00   1.6703E-01  -5.2031E-02   4.2195E-01
   1969.17   3.5690E+01   2.0852E+01   2.0211E+01   2.2314E+00  -6.9467E-01  -2.8177E+00   1.8259E-01  -5.6845E-02   4.6114E-01
   1969.25   3.5872E+01   2.0889E+01   2.0333E+01   2.3998E+00  -7.4675E-01  -3.0296E+00   1.9637E-01  -6.1107E-02   4.9583E-01
   1969.33   3.6041E+01   2.0944E+01   2.0434E+01   2.5463E+00  -7.9207E-01  -3.2141E+00   2.0837E-01  -6.4815E-02   5.2602E-01
   1969.42   3.6196E+01   2.1015E+01   2.0514E+01   2.6711E+00  -8.3063E-01  -3.3711E+00   2.1857E-01  -6.7971E-02   5.5172E-01
   1969.50   3.6338E+01   2.1104E+01   2.0574E+01   2.7740E+00  -8.6243E-01  -3.5006E+00   2.2700E-01  -7.0573E-02   5.7291E-01
   1969.58   3.6466E+01   2.1211E+01   2.0613E+01   2.8551E+00  -8.8747E-01  -3.6026E+00   2.3364E-01  -7.2622E-02   5.8961E-01
   1969.67   3.6579E+01   2.1334E+01   2.0631E+01   2.9144E+00  -9.0575E-01  -3.6771E+00   2.3849E-01  -7.4118E-02   6.0180E-01
   1969.75   3.6680E+01   2.1475E+01   2.0629E+01   2.9519E+00  -9.1727E-01  -3.7242E+00   2.4156E-01  -7.5060E-02   6.0950E-01
   1969.83   3.6766E+01   2.1633E+01   2.0607E+01   2.9676E+00  -9.2203E-01  -3.7437E+00   2.4284E-01  -7.5450E-02   6.1270E-01
   1969.92   3.6839E+01   2.1808E+01   2.0563E+01   2.9615E+00  -9.2002E-01  -3.7358E+00   2.4234E-01  -7.5286E-02   6.1140E-01
   1970.00   3.6898E+01   2.2000E+01   2.0500E+01   2.9335E+00  -9.1126E-01  -3.7003E+00   2.4005E-01  -7.4569E-02   6.0560E-01
   1970.08   3.6946E+01   2.2204E+01   2.0426E+01   2.8875E+00  -8.9692E-01  -3.6421E+00   2.3628E-01  -7.3396E-02   5.9607E-01
   1970.17   3.6985E+01   2.2414E+01   2.0354E+01   2.8271E+00  -8.7818E-01  -3.5659E+00   2.3134E-01  -7.1862E-02   5.8360E-01
   1970.25   3.7016E+01   2.2629E+01   2.0284E+01   2.7523E+00  -8.5504E-01  -3.4717E+00   2.2522E-01  -6.9968E-02   5.6817E-01
   1970.33   3.7039E+01   2.2849E+01   2.0216E+01   2.6631E+00  -8.2750E-01  -3.3594E+00   2.1792E-01  -6.7715E-02   5.4980E-01
   1970.42   3.7054E+01   2.3075E+01   2.0149E+01   2.5596E+00  -7.9556E-01  -3.2291E+00   2.0945E-01  -6.5101E-02   5.2848E-01
   1970.50   3.7060E+01   2.3307E+01   2.0084E+01   2.4417E+00  -7.5921E-01  -3.0808E+00   1.9981E-01  -6.2127E-02   5.0421E-01
   1970.58   3.7058E+01   2.3544E+01   2.0020E+01   2.3094E+00  -7.1847E-01  -2.9145E+00   1.8898E-01  -5.8793E-02   4.7699E-01
   1970.67   3.7047E+01   2.3787E+01   1.9958E+01   2.1628E+00  -6.7333E-01  -2.7301E+00   1.7698E-01  -5.5099E-02   4.4682E-01
   1970.75   3.7028E+01   2.4035E+01   1.9898E+01   2.0018E+00  -6.2378E-01  -2.5278E+00   1.6381E-01  -5.1044E-02   4.1370E-01
   1970.83   3.7001E+01   2.4289E+01   1.9839E+01   1.8265E+00  -5.6984E-01  -2.3074E+00   1.4946E-01  -4.6630E-02   3.7763E-01
   1970.92   3.6965E+01   2.4548E+01   1.9782E+01   1.6367E+00  -5.1149E-01  -2.0690E+00   1.3393E-01  -4.1856E-02   3.3861E-01
   1971.00   3.6921E+01   2.4813E+01   1.9726E+01   1.4326E+00  -4.4875E-01  -1.8126E+00   1.1723E-01  -3.6721E-02   2.9665E-01
   1971.08   3.6869E+01   2.5083E+01   1.9672E+01   1.2141E+00  -3.8160E-01  -1.5381E+00   9.9353E-02  -3.1226E-02   2.5173E-01
   1971.17   3.6808E+01   2.5360E+01   1.9620E+01   9.8129E-01  -3.1005E-01  -1.2456E+00   8.0299E-02  -2.5372E-02   2.0386E-01
   1971.25   3.6739E+01   2.5641E+01   1.9569E+01   7.3408E-01  -2.3411E-01  -9.3515E-01   6.0070E-02  -1.9157E-02   1.5305E-01
   1971.33   3.6662E+01   2.5928E+01   1.9520E+01   4.7249E-01  -1.5376E-01  -6.0664E-01   3.8664E-02  -1.2582E-02   9.9283E-02
   1971.42   3.6576E+01   2.6221E+01   1.9473E+01   1.9654E-01  -6.9010E-02  -2.6011E-01   1.6083E-02  -5.6471E-03   4.2569E-02
   1971.50   3.6482E+01   2.6519E+01   1.9427E+01  -9.3778E-02   2.0139E-02   1.0445E-01  -7.6739E-03   1.6480E-03  -1.7094E-02
   1971.58   3.6379E+01   2.6823E+01   1.9383E+01  -3.9847E-01   1.1369E-01   4.8702E-01  -3.2607E-02   9.3031E-03  -7.9706E-02
   1971.67   3.6269E+01   2.7132E+01   1.9341E+01  -7.1753E-01   2.1164E-01   8.8761E-01  -5.8716E-02   1.7318E-02  -1.4527E-01
   1971.75   3.6149E+01   2.7447E+01   1.9300E+01  -1.0510E+00   3.1399E-01   1.3062E+00  -8.6000E-02   2.5694E-02  -2.1378E-01
   1971.83   3.6022E+01   2.7768E+01   1.9260E+01  -1.3988E+00   4.2074E-01   1.7429E+00  -1.1446E-01   3.4429E-02  -2.8524E-01
   1971.92   3.5886E+01   2.8094E+01   1.9223E+01  -1.7609E+00   5.3189E-01   2.1975E+00  -1.4410E-01   4.3525E-02  -3.5965E-01
   1972.00   3.5742E+01   2.8425E+01   1.9187E+01  -2.1375E+00   6.4744E-01   2.6702E+00  -1.7491E-01   5.2980E-02  -4.3701E-01
   1972.08   3.5597E+01   2.8760E+01   1.9156E+01  -2.5004E+00   7.5883E-01   3.1258E+00  -2.0461E-01   6.2095E-02  -5.1158E-01
   1972.17   3.5460E+01   2.9097E+01   1.9133E+01  -2.8218E+00   8.5749E-01   3.5294E+00  -2.3091E-01   7.0169E-02  -5.7762E-01
   1972.25   3.5330E+01   2.9435E+01   1.9119E+01  -3.1017E+00   9.4342E-01   3.8808E+00  -2.5381E-01   7.7200E-02  -6.3513E-01
   1972.33   3.5208E+01   2.9775E+01   1.9113E+01  -3.3400E+00   1.0166E+00   4.1801E+00  -2.7332E-01   8.3190E-02  -6.8411E-01
   1972.42   3.5093E+01   3.0117E+01   1.9116E+01  -3.5368E+00   1.0771E+00   4.4272E+00  -2.8942E-01   8.8139E-02  -7.2457E-01
   1972.50   3.4986E+01   3.0460E+01   1.9127E+01  -3.6921E+00   1.1248E+00   4.6223E+00  -3.0212E-01   9.2046E-02  -7.5649E-01
   1972.58   3.4886E+01   3.0805E+01   1.9146E+01  -3.8058E+00   1.1598E+00   4.7653E+00  -3.1143E-01   9.4911E-02  -7.7989E-01
   1972.67   3.4794E+01   3.1152E+01   1.9174E+01  -3.8780E+00   1.1821E+00   4.8561E+00  -3.1734E-01   9.6734E-02  -7.9476E-01
   1972.75   3.4709E+01   3.1500E+01   1.9210E+01  -3.9086E+00   1.1917E+00   4.8949E+00  -3.1985E-01   9.7516E-02  -8.0110E-01
   1972.83   3.4632E+01   3.1850E+01   1.9255E+01  -3.8977E+00   1.1885E+00   4.8815E+00  -3.1895E-01   9.7257E-02  -7.9891E-01
   1972.92   3.4562E+01   3.2201E+01   1.9308E+01  -3.8453E+00   1.1726E+00   4.8160E+00  -3.1466E-01   9.5956E-02  -7.8819E-01
   1973.00   3.4499E+01   3.2554E+01   1.9369E+01  -3.7513E+00   1.1440E+00   4.6984E+00  -3.0697E-01   9.3613E-02  -7.6894E-01
   1973.08   3.4445E+01   3.2909E+01   1.9439E+01  -3.6158E+00   1.1026E+00   4.5287E+00  -2.9589E-01   9.0229E-02  -7.4116E-01
   1973.17   3.4397E+01   3.3265E+01   1.9517E+01  -3.4388E+00   1.0485E+00   4.3068E+00  -2.8140E-01   8.5803E-02  -7.0486E-01
   1973.25   3.4357E+01   3.3623E+01   1.9604E+01  -3.2202E+00   9.8173E-01   4.0329E+00  -2.6351E-01   8.0335E-02  -6.6003E-01
   1973.33   3.4325E+01   3.3982E+01   1.9699E+01  -2.9601E+00   9.0218E-01   3.7068E+00  -2.4223E-01   7.3826E-02  -6.0666E-01
   1973.42   3.4300E+01   3.4343E+01   1.9802E+01  -2.6584E+00   8.0991E-01   3.3287E+00  -2.1754E-01   6.6275E-02  -5.4477E-01
   1973.50   3.4282E+01   3.4706E+01   1.9914E+01  -2.3152E+00   7.0490E-01   2.8984E+00  -1.8946E-01   5.7683E-02  -4.7435E-01
   1973.58   3.4272E+01   3.5070E+01   2.0034E+01  -1.9305E+00   5.8717E-01   2.4160E+00  -1.5797E-01   4.8048E-02  -3.9540E-01
   1973.67   3.4270E+01   3.5436E+01   2.0163E+01  -1.5042E+00   4.5671E-01   1.8815E+00  -1.2309E-01   3.7373E-02  -3.0793E-01
   1973.75   3.4275E+01   3.5804E+01   2.0300E+01  -1.0364E+00   3.1352E-01   1.2949E+00  -8.4810E-02   2.5656E-02  -2.1192E-01
   1973.83   3.4287E+01   3.6173E+01   2.0446E+01  -5.2706E-01   1.5760E-01   6.5614E-01  -4.3130E-02   1.2897E-02  -1.0738E-01
   1973.92   3.4307E+01   3.6544E+01   2.0600E+01   2.3824E-02  -1.1043E-02  -3.4703E-02   1.9495E-03  -9.0368E-04   5.6796E-03
   1974.00   3.4335E+01   3.6917E+01   2.0762E+01   6.1625E-01  -1.9242E-01  -7.7766E-01   5.0428E-02  -1.5746E-02   1.2727E-01
   1974.08   3.4359E+01   3.7288E+01   2.0918E+01   1.2035E+00  -3.7224E-01  -1.5142E+00   9.8485E-02  -3.0460E-02   2.4781E-01
   1974.17   3.4370E+01   3.7655E+01   2.1052E+01   1.7390E+00  -5.3621E-01  -2.1857E+00   1.4230E-01  -4.3878E-02   3.5772E-01
   1974.25   3.4368E+01   3.8018E+01   2.1165E+01   2.2226E+00  -6.8434E-01  -2.7923E+00   1.8187E-01  -5.6000E-02   4.5699E-01
   1974.33   3.4352E+01   3.8377E+01   2.1257E+01   2.6543E+00  -8.1663E-01  -3.3339E+00   2.1720E-01  -6.6825E-02   5.4563E-01
   1974.42   3.4324E+01   3.8732E+01   2.1327E+01   3.0342E+00  -9.3307E-01  -3.8105E+00   2.4829E-01  -7.6354E-02   6.2363E-01
   1974.50   3.4281E+01   3.9083E+01   2.1376E+01   3.3623E+00  -1.0337E+00  -4.2222E+00   2.7514E-01  -8.4586E-02   6.9100E-01
   1974.58   3.4226E+01   3.9430E+01   2.1403E+01   3.6386E+00  -1.1184E+00  -4.5688E+00   2.9775E-01  -9.1522E-02   7.4774E-01
   1974.67   3.4157E+01   3.9773E+01   2.1409E+01   3.8630E+00  -1.1873E+00  -4.8505E+00   3.1611E-01  -9.7161E-02   7.9384E-01
   1974.75   3.4075E+01   4.0112E+01   2.1394E+01   4.0355E+00  -1.2404E+00  -5.0672E+00   3.3023E-01  -1.0150E-01   8.2931E-01
   1974.83   3.3979E+01   4.0446E+01   2.1358E+01   4.1563E+00  -1.2776E+00  -5.2190E+00   3.4011E-01  -1.0455E-01   8.5414E-01
   1974.92   3.3870E+01   4.0777E+01   2.1299E+01   4.2252E+00  -1.2990E+00  -5.3058E+00   3.4575E-01  -1.0630E-01   8.6834E-01
   1975.00   3.3748E+01   4.1104E+01   2.1220E+01   4.2422E+00  -1.3046E+00  -5.3275E+00   3.4714E-01  -1.0675E-01   8.7191E-01
   1975.08   3.3613E+01   4.1426E+01   2.1119E+01   4.2074E+00  -1.2943E+00  -5.2844E+00   3.4430E-01  -1.0591E-01   8.6484E-01
   1975.17   3.3464E+01   4.1744E+01   2.0997E+01   4.1208E+00  -1.2681E+00  -5.1762E+00   3.3721E-01  -1.0377E-01   8.4714E-01
   1975.25   3.3301E+01   4.2059E+01   2.0853E+01   3.9823E+00  -1.2261E+00  -5.0031E+00   3.2588E-01  -1.0033E-01   8.1881E-01
   1975.33   3.3126E+01   4.2369E+01   2.0688E+01   3.7920E+00  -1.1683E+00  -4.7650E+00   3.1030E-01  -9.5600E-02   7.7984E-01
   1975.42   3.2937E+01   4.2675E+01   2.0502E+01   3.5499E+00  -1.0946E+00  -4.4619E+00   2.9049E-01  -8.9571E-02   7.3023E-01
   1975.50   3.2735E+01   4.2978E+01   2.0294E+01   3.2559E+00  -1.0051E+00  -4.0938E+00   2.6643E-01  -8.2245E-02   6.7000E-01
   1975.58   3.2519E+01   4.3276E+01   2.0065E+01   2.9101E+00  -8.9970E-01  -3.6608E+00   2.3813E-01  -7.3623E-02   5.9912E-01
   1975.67   3.2290E+01   4.3570E+01   1.9815E+01   2.5124E+00  -7.7849E-01  -3.1628E+00   2.0559E-01  -6.3704E-02   5.1762E-01
   1975.75   3.2048E+01   4.3860E+01   1.9543E+01   2.0629E+00  -6.4144E-01  -2.5998E+00   1.6881E-01  -5.2489E-02   4.2548E-01
   1975.83   3.1792E+01   4.4146E+01   1.9250E+01   1.5616E+00  -4.8854E-01  -1.9718E+00   1.2779E-01  -3.9977E-02   3.2271E-01
   1975.92   3.1524E+01   4.4428E+01   1.8935E+01   1.0084E+00  -3.1980E-01  -1.2789E+00   8.2520E-02  -2.6169E-02   2.0930E-01
   1976.00   3.1241E+01   4.4705E+01   1.8599E+01   4.0342E-01  -1.3521E-01  -5.2094E-01   3.3012E-02  -1.1064E-02   8.5258E-02
   1976.08   3.0953E+01   4.4980E+01   1.8256E+01  -2.0305E-01   4.9844E-02   2.3883E-01  -1.6616E-02   4.0787E-03  -3.9086E-02
   1976.17   3.0666E+01   4.5254E+01   1.7921E+01  -7.6058E-01   2.1999E-01   9.3733E-01  -6.2239E-02   1.8002E-02  -1.5340E-01
   1976.25   3.0380E+01   4.5526E+01   1.7594E+01  -1.2692E+00   3.7523E-01   1.5746E+00  -1.0386E-01   3.0706E-02  -2.5769E-01
   1976.33   3.0095E+01   4.5797E+01   1.7275E+01  -1.7289E+00   5.1557E-01   2.1505E+00  -1.4147E-01   4.2189E-02  -3.5196E-01
   1976.42   2.9811E+01   4.6066E+01   1.6963E+01  -2.1396E+00   6.4100E-01   2.6652E+00  -1.7508E-01   5.2453E-02  -4.3619E-01
   1976.50   2.9528E+01   4.6334E+01   1.6659E+01  -2.5014E+00   7.5152E-01   3.1187E+00  -2.0469E-01   6.1497E-02  -5.1040E-01
   1976.58   2.9246E+01   4.6601E+01   1.6363E+01  -2.8143E+00   8.4714E-01   3.5108E+00  -2.3029E-01   6.9322E-02  -5.7458E-01
   1976.67   2.8965E+01   4.6866E+01   1.6075E+01  -3.0782E+00   9.2785E-01   3.8417E+00  -2.5189E-01   7.5926E-02  -6.2874E-01
   1976.75   2.8686E+01   4.7130E+01   1.5795E+01  -3.2932E+00   9.9365E-01   4.1113E+00  -2.6949E-01   8.1311E-02  -6.7287E-01
   1976.83   2.8408E+01   4.7392E+01   1.5523E+01  -3.4593E+00   1.0445E+00   4.3197E+00  -2.8308E-01   8.5476E-02  -7.0697E-01
   1976.92   2.8130E+01   4.7653E+01   1.5258E+01  -3.5764E+00   1.0805E+00   4.4668E+00  -2.9266E-01   8.8421E-02  -7.3104E-01
   1977.00   2.7854E+01   4.7912E+01   1.5001E+01  -3.6446E+00   1.1016E+00   4.5526E+00  -2.9824E-01   9.0146E-02  -7.4509E-01
   1977.08   2.7579E+01   4.8171E+01   1.4752E+01  -3.6639E+00   1.1078E+00   4.5772E+00  -2.9982E-01   9.0652E-02  -7.4910E-01
   1977.17   2.7305E+01   4.8427E+01   1.4511E+01  -3.6343E+00   1.0991E+00   4.5405E+00  -2.9739E-01   8.9937E-02  -7.4310E-01
   1977.25   2.7032E+01   4.8682E+01   1.4278E+01  -3.5557E+00   1.0754E+00   4.4425E+00  -2.9096E-01   8.8003E-02  -7.2706E-01
   1977.33   2.6760E+01   4.8936E+01   1.4052E+01  -3.4282E+00   1.0369E+00   4.2832E+00  -2.8053E-01   8.4849E-02  -7.0100E-01
   1977.42   2.6490E+01   4.9188E+01   1.3835E+01  -3.2517E+00   9.8345E-01   4.0627E+00  -2.6609E-01   8.0476E-02  -6.6491E-01
   1977.50   2.6220E+01   4.9439E+01   1.3625E+01  -3.0263E+00   9.1509E-01   3.7809E+00  -2.4765E-01   7.4882E-02  -6.1879E-01
   1977.58   2.5952E+01   4.9689E+01   1.3423E+01  -2.7520E+00   8.3183E-01   3.4379E+00  -2.2520E-01   6.8069E-02  -5.6265E-01
   1977.67   2.5685E+01   4.9937E+01   1.3228E+01  -2.4288E+00   7.3367E-01   3.0336E+00  -1.9875E-01   6.0036E-02  -4.9648E-01
   1977.75   2.5418E+01   5.0184E+01   1.3042E+01  -2.0566E+00   6.2059E-01   2.5680E+00  -1.6829E-01   5.0783E-02  -4.2028E-01
   1977.83   2.5153E+01   5.0429E+01   1.2863E+01  -1.6355E+00   4.9261E-01   2.0411E+00  -1.3383E-01   4.0311E-02  -3.3405E-01
   1977.92   2.4889E+01   5.0673E+01   1.2693E+01  -1.1655E+00   3.4973E-01   1.4530E+00  -9.5370E-02   2.8618E-02  -2.3780E-01
   1978.00   2.4626E+01   5.0915E+01   1.2530E+01  -6.4649E-01   1.9193E-01   8.0363E-01  -5.2902E-02   1.5706E-02  -1.3152E-01
   1978.08   2.4362E+01   5.1148E+01   1.2372E+01  -1.2625E-01   3.3717E-02   1.5261E-01  -1.0331E-02   2.7591E-03  -2.4976E-02
   1978.17   2.4094E+01   5.1364E+01   1.2218E+01   3.4760E-01  -1.1044E-01  -4.4040E-01   2.8445E-02  -9.0377E-03   7.2076E-02
   1978.25   2.3822E+01   5.1562E+01   1.2067E+01   7.7506E-01  -2.4055E-01  -9.7540E-01   6.3423E-02  -1.9684E-02   1.5963E-01
   1978.33   2.3546E+01   5.1743E+01   1.1919E+01   1.1561E+00  -3.5660E-01  -1.4524E+00   9.4606E-02  -2.9180E-02   2.3770E-01
   1978.42   2.3266E+01   5.1906E+01   1.1774E+01   1.4908E+00  -4.5859E-01  -1.8714E+00   1.2199E-01  -3.7526E-02   3.0627E-01
   1978.50   2.2983E+01   5.2052E+01   1.1632E+01   1.7791E+00  -5.4652E-01  -2.2323E+00   1.4558E-01  -4.4722E-02   3.6535E-01
   1978.58   2.2695E+01   5.2180E+01   1.1493E+01   2.0210E+00  -6.2040E-01  -2.5353E+00   1.6538E-01  -5.0768E-02   4.1493E-01
   1978.67   2.2404E+01   5.2291E+01   1.1358E+01   2.2165E+00  -6.8023E-01  -2.7803E+00   1.8137E-01  -5.5663E-02   4.5502E-01
   1978.75   2.2109E+01   5.2385E+01   1.1225E+01   2.3656E+00  -7.2599E-01  -2.9672E+00   1.9357E-01  -5.9408E-02   4.8562E-01
   1978.83   2.1810E+01   5.2461E+01   1.1096E+01   2.4683E+00  -7.5770E-01  -3.0962E+00   2.0198E-01  -6.2003E-02   5.0672E-01
   1978.92   2.1507E+01   5.2519E+01   1.0970E+01   2.5246E+00  -7.7536E-01  -3.1671E+00   2.0659E-01  -6.3448E-02   5.1833E-01
   1979.00   2.1200E+01   5.2561E+01   1.0847E+01   2.5345E+00  -7.7895E-01  -3.1800E+00   2.0740E-01  -6.3742E-02   5.2044E-01
   1979.08   2.0890E+01   5.2584E+01   1.0727E+01   2.4980E+00  -7.6850E-01  -3.1349E+00   2.0441E-01  -6.2886E-02   5.1306E-01
   1979.17   2.0575E+01   5.2591E+01   1.0610E+01   2.4152E+00  -7.4398E-01  -3.0318E+00   1.9763E-01  -6.0880E-02   4.9619E-01
   1979.25   2.0257E+01   5.2580E+01   1.0496E+01   2.2859E+00  -7.0541E-01  -2.8707E+00   1.8706E-01  -5.7724E-02   4.6982E-01
   1979.33   1.9935E+01   5.2551E+01   1.0386E+01   2.1102E+00  -6.5278E-01  -2.6516E+00   1.7268E-01  -5.3417E-02   4.3396E-01
   1979.42   1.9609E+01   5.2505E+01   1.0279E+01   1.8882E+00  -5.8610E-01  -2.3745E+00   1.5451E-01  -4.7960E-02   3.8861E-01
   1979.50   1.9279E+01   5.2442E+01   1.0174E+01   1.6198E+00  -5.0536E-01  -2.0393E+00   1.3255E-01  -4.1353E-02   3.3376E-01
   1979.58   1.8945E+01   5.2361E+01   1.0073E+01   1.3049E+00  -4.1056E-01  -1.6462E+00   1.0678E-01  -3.3596E-02   2.6942E-01
   1979.67   1.8608E+01   5.2263E+01   9.9754E+00   9.4371E-01  -3.0170E-01  -1.1950E+00   7.7224E-02  -2.4689E-02   1.9558E-01
   1979.75   1.8266E+01   5.2147E+01   9.8805E+00   5.3609E-01  -1.7879E-01  -6.8589E-01   4.3869E-02  -1.4631E-02   1.1225E-01
   1979.83   1.7921E+01   5.2014E+01   9.7889E+00   8.2086E-02  -4.1829E-02  -1.1872E-01   6.7171E-03  -3.4228E-03   1.9430E-02
   1979.92   1.7572E+01   5.1863E+01   9.7003E+00  -4.1832E-01   1.0919E-01   5.0646E-01  -3.4231E-02   8.9354E-03  -8.2887E-02
   1980.00   1.7219E+01   5.1695E+01   9.6149E+00  -9.6511E-01   2.7427E-01   1.1896E+00  -7.8975E-02   2.2444E-02  -1.9470E-01
   1980.08   1.6871E+01   5.1525E+01   9.5352E+00  -1.5139E+00   4.3997E-01   1.8753E+00  -1.2388E-01   3.6003E-02  -3.0692E-01
   1980.17   1.6538E+01   5.1365E+01   9.4639E+00  -2.0202E+00   5.9286E-01   2.5080E+00  -1.6532E-01   4.8514E-02  -4.1046E-01
   1980.25   1.6220E+01   5.1218E+01   9.4010E+00  -2.4841E+00   7.3293E-01   3.0877E+00  -2.0328E-01   5.9976E-02  -5.0533E-01
   1980.33   1.5916E+01   5.1082E+01   9.3466E+00  -2.9056E+00   8.6019E-01   3.6143E+00  -2.3777E-01   7.0389E-02  -5.9153E-01
   1980.42   1.5627E+01   5.0959E+01   9.3004E+00  -3.2846E+00   9.7463E-01   4.0880E+00  -2.6878E-01   7.9754E-02  -6.6904E-01
   1980.50   1.5352E+01   5.0846E+01   9.2627E+00  -3.6212E+00   1.0763E+00   4.5086E+00  -2.9633E-01   8.8071E-02  -7.3789E-01
   1980.58   1.5092E+01   5.0746E+01   9.2334E+00  -3.9154E+00   1.1651E+00   4.8763E+00  -3.2040E-01   9.5338E-02  -7.9805E-01
   1980.67   1.4847E+01   5.0657E+01   9.2125E+00  -4.1671E+00   1.2411E+00   5.1909E+00  -3.4100E-01   1.0156E-01  -8.4955E-01
   1980.75   1.4616E+01   5.0580E+01   9.1999E+00  -4.3764E+00   1.3043E+00   5.4525E+00  -3.5812E-01   1.0673E-01  -8.9236E-01
   1980.83   1.4400E+01   5.0515E+01   9.1958E+00  -4.5433E+00   1.3546E+00   5.6611E+00  -3.7178E-01   1.1085E-01  -9.2651E-01
   1980.92   1.4199E+01   5.0462E+01   9.2000E+00  -4.6677E+00   1.3922E+00   5.8167E+00  -3.8196E-01   1.1392E-01  -9.5197E-01
   1981.00   1.4012E+01   5.0420E+01   9.2126E+00  -4.7497E+00   1.4169E+00   5.9193E+00  -3.8867E-01   1.1595E-01  -9.6876E-01
   1981.08   1.3840E+01   5.0390E+01   9.2336E+00  -4.7892E+00   1.4289E+00   5.9689E+00  -3.9190E-01   1.1692E-01  -9.7688E-01
   1981.17   1.3683E+01   5.0372E+01   9.2630E+00  -4.7863E+00   1.4280E+00   5.9655E+00  -3.9167E-01   1.1685E-01  -9.7632E-01
   1981.25   1.3540E+01   5.0366E+01   9.3008E+00  -4.7410E+00   1.4143E+00   5.9091E+00  -3.8796E-01   1.1573E-01  -9.6708E-01
   1981.33   1.3412E+01   5.0371E+01   9.3470E+00  -4.6533E+00   1.3878E+00   5.7996E+00  -3.8078E-01   1.1356E-01  -9.4917E-01
   1981.42   1.3298E+01   5.0388E+01   9.4016E+00  -4.5231E+00   1.3484E+00   5.6372E+00  -3.7012E-01   1.1034E-01  -9.2258E-01
   1981.50   1.3199E+01   5.0417E+01   9.4645E+00  -4.3504E+00   1.2963E+00   5.4217E+00  -3.5600E-01   1.0608E-01  -8.8732E-01
   1981.58   1.3115E+01   5.0457E+01   9.5359E+00  -4.1354E+00   1.2313E+00   5.1533E+00  -3.3840E-01   1.0076E-01  -8.4339E-01
   1981.67   1.3045E+01   5.0509E+01   9.6156E+00  -3.8779E+00   1.1536E+00   4.8318E+00  -3.1733E-01   9.4397E-02  -7.9077E-01
   1981.75   1.2990E+01   5.0573E+01   9.7037E+00  -3.5779E+00   1.0630E+00   4.4573E+00  -2.9278E-01   8.6984E-02  -7.2949E-01
   1981.83   1.2950E+01   5.0649E+01   9.8003E+00  -3.2356E+00   9.5958E-01   4.0298E+00  -2.6477E-01   7.8523E-02  -6.5952E-01
   1981.92   1.2924E+01   5.0737E+01   9.9052E+00  -2.8508E+00   8.4337E-01   3.5493E+00  -2.3328E-01   6.9013E-02  -5.8088E-01
   1982.00   1.2913E+01   5.0836E+01   1.0018E+01  -2.4235E+00   7.1434E-01   3.0158E+00  -1.9832E-01   5.8455E-02  -4.9357E-01
   1982.08   1.2901E+01   5.0935E+01   1.0139E+01  -1.9838E+00   5.8157E-01   2.4667E+00  -1.6234E-01   4.7590E-02  -4.0371E-01
   1982.17   1.2875E+01   5.1024E+01   1.0266E+01  -1.5616E+00   4.5411E-01   1.9395E+00  -1.2779E-01   3.7160E-02  -3.1742E-01
   1982.25   1.2833E+01   5.1102E+01   1.0399E+01  -1.1569E+00   3.3196E-01   1.4341E+00  -9.4666E-02   2.7165E-02  -2.3471E-01
   1982.33   1.2776E+01   5.1169E+01   1.0538E+01  -7.6960E-01   2.1514E-01   9.5059E-01  -6.2976E-02   1.7605E-02  -1.5557E-01
   1982.42   1.2704E+01   5.1226E+01   1.0683E+01  -3.9982E-01   1.0362E-01   4.8892E-01  -3.2717E-02   8.4796E-03  -8.0017E-02
   1982.50   1.2617E+01   5.1271E+01   1.0834E+01  -4.7526E-02  -2.5708E-03   4.9104E-02  -3.8891E-03  -2.1037E-04  -8.0364E-03
   1982.58   1.2514E+01   5.1306E+01   1.0992E+01   2.8728E-01  -1.0345E-01  -3.6886E-01   2.3508E-02  -8.4653E-03   6.0368E-02
   1982.67   1.2396E+01   5.1330E+01   1.1156E+01   6.0461E-01  -1.9901E-01  -7.6497E-01   4.9475E-02  -1.6285E-02   1.2520E-01
   1982.75   1.2263E+01   5.1343E+01   1.1326E+01   9.0445E-01  -2.8926E-01  -1.1392E+00   7.4011E-02  -2.3670E-02   1.8645E-01
   1982.83   1.2115E+01   5.1345E+01   1.1502E+01   1.1868E+00  -3.7419E-01  -1.4916E+00   9.7116E-02  -3.0620E-02   2.4412E-01
   1982.92   1.1952E+01   5.1336E+01   1.1684E+01   1.4517E+00  -4.5380E-01  -1.8222E+00   1.1879E-01  -3.7135E-02   2.9822E-01
   1983.00   1.1774E+01   5.1317E+01   1.1873E+01   1.6991E+00  -5.2810E-01  -2.1309E+00   1.3903E-01  -4.3214E-02   3.4874E-01
   1983.08   1.1580E+01   5.1286E+01   1.2067E+01   1.9290E+00  -5.9708E-01  -2.4177E+00   1.5785E-01  -4.8859E-02   3.9568E-01
   1983.17   1.1371E+01   5.1245E+01   1.2268E+01   2.1414E+00  -6.6074E-01  -2.6827E+00   1.7523E-01  -5.4069E-02   4.3905E-01
   1983.25   1.1147E+01   5.1193E+01   1.2475E+01   2.3363E+00  -7.1909E-01  -2.9258E+00   1.9118E-01  -5.8844E-02   4.7884E-01
   1983.33   1.0908E+01   5.1130E+01   1.2688E+01   2.5138E+00  -7.7212E-01  -3.1471E+00   2.0570E-01  -6.3183E-02   5.1506E-01
   1983.42   1.0654E+01   5.1057E+01   1.2907E+01   2.6737E+00  -8.1984E-01  -3.3465E+00   2.1879E-01  -6.7088E-02   5.4770E-01
   1983.50   1.0384E+01   5.0972E+01   1.3133E+01   2.8162E+00  -8.6224E-01  -3.5241E+00   2.3045E-01  -7.0557E-02   5.7676E-01
   1983.58   1.0100E+01   5.0877E+01   1.3365E+01   2.9412E+00  -8.9932E-01  -3.6798E+00   2.4068E-01  -7.3592E-02   6.0224E-01
   1983.67   9.7999E+00   5.0771E+01   1.3602E+01   3.0487E+00  -9.3109E-01  -3.8137E+00   2.4948E-01  -7.6191E-02   6.2415E-01
   1983.75   9.4848E+00   5.0653E+01   1.3846E+01   3.1388E+00  -9.5754E-01  -3.9257E+00   2.5685E-01  -7.8356E-02   6.4249E-01
   1983.83   9.1546E+00   5.0526E+01   1.4097E+01   3.2113E+00  -9.7867E-01  -4.0159E+00   2.6278E-01  -8.0085E-02   6.5724E-01
   1983.92   8.8092E+00   5.0387E+01   1.4353E+01   3.2664E+00  -9.9449E-01  -4.0842E+00   2.6729E-01  -8.1380E-02   6.6842E-01
   1984.00   8.4486E+00   5.0237E+01   1.4615E+01   3.3040E+00  -1.0050E+00  -4.1306E+00   2.7036E-01  -8.2239E-02   6.7602E-01
   1984.08   8.0897E+00   5.0081E+01   1.4879E+01   3.3322E+00  -1.0126E+00  -4.1654E+00   2.7267E-01  -8.2865E-02   6.8171E-01
   1984.17   7.7496E+00   4.9923E+01   1.5140E+01   3.3591E+00  -1.0199E+00  -4.1985E+00   2.7487E-01  -8.3461E-02   6.8713E-01
   1984.25   7.4281E+00   4.9762E+01   1.5397E+01   3.3847E+00  -1.0268E+00  -4.2301E+00   2.7697E-01  -8.4027E-02   6.9230E-01
   1984.33   7.1253E+00   4.9599E+01   1.5651E+01   3.4091E+00  -1.0334E+00  -4.2601E+00   2.7897E-01  -8.4561E-02   6.9720E-01
   1984.42   6.8412E+00   4.9434E+01   1.5902E+01   3.4322E+00  -1.0395E+00  -4.2885E+00   2.8086E-01  -8.5066E-02   7.0185E-01
   1984.50   6.5758E+00   4.9266E+01   1.6149E+01   3.4540E+00  -1.0453E+00  -4.3153E+00   2.8265E-01  -8.5539E-02   7.0624E-01
   1984.58   6.3291E+00   4.9096E+01   1.6393E+01   3.4746E+00  -1.0507E+00  -4.3405E+00   2.8433E-01  -8.5982E-02   7.1037E-01
   1984.67   6.1011E+00   4.8923E+01   1.6634E+01   3.4939E+00  -1.0558E+00  -4.3641E+00   2.8591E-01  -8.6394E-02   7.1424E-01
   1984.75   5.8918E+00   4.8749E+01   1.6872E+01   3.5119E+00  -1.0604E+00  -4.3862E+00   2.8738E-01  -8.6776E-02   7.1785E-01
   1984.83   5.7011E+00   4.8572E+01   1.7106E+01   3.5286E+00  -1.0647E+00  -4.4067E+00   2.8875E-01  -8.7127E-02   7.2120E-01
   1984.92   5.5291E+00   4.8392E+01   1.7337E+01   3.5441E+00  -1.0686E+00  -4.4256E+00   2.9001E-01  -8.7448E-02   7.2429E-01
   1985.00   5.3759E+00   4.8211E+01   1.7564E+01   3.5583E+00  -1.0722E+00  -4.4429E+00   2.9118E-01  -8.7738E-02   7.2712E-01
   1985.08   5.2413E+00   4.8027E+01   1.7788E+01   3.5712E+00  -1.0754E+00  -4.4586E+00   2.9223E-01  -8.7997E-02   7.2970E-01
   1985.17   5.1254E+00   4.7840E+01   1.8009E+01   3.5828E+00  -1.0782E+00  -4.4727E+00   2.9319E-01  -8.8226E-02   7.3201E-01
   1985.25   5.0282E+00   4.7652E+01   1.8227E+01   3.5932E+00  -1.0806E+00  -4.4853E+00   2.9403E-01  -8.8424E-02   7.3406E-01
   1985.33   4.9496E+00   4.7461E+01   1.8441E+01   3.6023E+00  -1.0826E+00  -4.4962E+00   2.9478E-01  -8.8592E-02   7.3586E-01
   1985.42   4.8898E+00   4.7267E+01   1.8652E+01   3.6101E+00  -1.0843E+00  -4.5056E+00   2.9542E-01  -8.8729E-02   7.3739E-01
   1985.50   4.8487E+00   4.7072E+01   1.8860E+01   3.6167E+00  -1.0856E+00  -4.5134E+00   2.9595E-01  -8.8836E-02   7.3867E-01
   1985.58   4.8262E+00   4.6874E+01   1.9064E+01   3.6220E+00  -1.0865E+00  -4.5196E+00   2.9639E-01  -8.8911E-02   7.3969E-01
   1985.67   4.8224E+00   4.6674E+01   1.9265E+01   3.6260E+00  -1.0871E+00  -4.5243E+00   2.9671E-01  -8.8957E-02   7.4045E-01
   1985.75   4.8373E+00   4.6471E+01   1.9463E+01   3.6287E+00  -1.0873E+00  -4.5273E+00   2.9694E-01  -8.8971E-02   7.4095E-01
   1985.83   4.8709E+00   4.6266E+01   1.9657E+01   3.6301E+00  -1.0871E+00  -4.5288E+00   2.9706E-01  -8.8955E-02   7.4118E-01
   1985.92   4.9232E+00   4.6059E+01   1.9848E+01   3.6303E+00  -1.0865E+00  -4.5287E+00   2.9707E-01  -8.8909E-02   7.4117E-01
   1986.00   4.9942E+00   4.5849E+01   2.0036E+01   3.6292E+00  -1.0856E+00  -4.5270E+00   2.9698E-01  -8.8832E-02   7.4089E-01
   1986.08   5.0723E+00   4.5641E+01   2.0217E+01   3.6155E+00  -1.0809E+00  -4.5096E+00   2.9586E-01  -8.8453E-02   7.3804E-01
   1986.17   5.1459E+00   4.5440E+01   2.0388E+01   3.5779E+00  -1.0693E+00  -4.4625E+00   2.9278E-01  -8.7501E-02   7.3034E-01
   1986.25   5.2151E+00   4.5244E+01   2.0550E+01   3.5163E+00  -1.0507E+00  -4.3857E+00   2.8774E-01  -8.5976E-02   7.1776E-01
   1986.33   5.2798E+00   4.5054E+01   2.0701E+01   3.4308E+00  -1.0250E+00  -4.2791E+00   2.8075E-01  -8.3878E-02   7.0032E-01
   1986.42   5.3401E+00   4.4869E+01   2.0843E+01   3.3214E+00  -9.9238E-01  -4.1428E+00   2.7179E-01  -8.1207E-02   6.7801E-01
   1986.50   5.3959E+00   4.4691E+01   2.0975E+01   3.1881E+00  -9.5273E-01  -3.9768E+00   2.6088E-01  -7.7962E-02   6.5084E-01
   1986.58   5.4472E+00   4.4519E+01   2.1097E+01   3.0308E+00  -9.0608E-01  -3.7810E+00   2.4801E-01  -7.4145E-02   6.1880E-01
   1986.67   5.4941E+00   4.4352E+01   2.1210E+01   2.8496E+00  -8.5243E-01  -3.5555E+00   2.3318E-01  -6.9755E-02   5.8189E-01
   1986.75   5.5365E+00   4.4192E+01   2.1312E+01   2.6444E+00  -7.9178E-01  -3.3002E+00   2.1640E-01  -6.4791E-02   5.4012E-01
   1986.83   5.5745E+00   4.4037E+01   2.1405E+01   2.4154E+00  -7.2412E-01  -3.0153E+00   1.9765E-01  -5.9255E-02   4.9348E-01
   1986.92   5.6080E+00   4.3888E+01   2.1488E+01   2.1624E+00  -6.4946E-01  -2.7005E+00   1.7695E-01  -5.3146E-02   4.4197E-01
   1987.00   5.6370E+00   4.3746E+01   2.1561E+01   1.8854E+00  -5.6780E-01  -2.3561E+00   1.5428E-01  -4.6463E-02   3.8560E-01
   1987.08   5.6616E+00   4.3609E+01   2.1624E+01   1.5845E+00  -4.7913E-01  -1.9819E+00   1.2966E-01  -3.9207E-02   3.2436E-01
   1987.17   5.6817E+00   4.3478E+01   2.1677E+01   1.2597E+00  -3.8346E-01  -1.5780E+00   1.0309E-01  -3.1379E-02   2.5826E-01
   1987.25   5.6973E+00   4.3353E+01   2.1720E+01   9.1101E-01  -2.8079E-01  -1.1444E+00   7.4548E-02  -2.2977E-02   1.8729E-01
   1987.33   5.7085E+00   4.3233E+01   2.1754E+01   5.3835E-01  -1.7111E-01  -6.8097E-01   4.4053E-02  -1.4002E-02   1.1145E-01
   1987.42   5.7153E+00   4.3120E+01   2.1778E+01   1.4176E-01  -5.4436E-02  -1.8785E-01   1.1600E-02  -4.4545E-03   3.0744E-02
   1987.50   5.7175E+00   4.3013E+01   2.1792E+01  -2.7877E-01   6.9245E-02   3.3500E-01  -2.2812E-02   5.6664E-03  -5.4827E-02
   1987.58   5.7154E+00   4.2911E+01   2.1796E+01  -7.2323E-01   1.9993E-01   8.8759E-01  -5.9182E-02   1.6360E-02  -1.4526E-01
   1987.67   5.7087E+00   4.2816E+01   2.1790E+01  -1.1916E+00   3.3762E-01   1.4699E+00  -9.7510E-02   2.7627E-02  -2.4057E-01
   1987.75   5.6976E+00   4.2726E+01   2.1774E+01  -1.6839E+00   4.8231E-01   2.0820E+00  -1.3780E-01   3.9467E-02  -3.4074E-01
   1987.83   5.6820E+00   4.2642E+01   2.1749E+01  -2.2002E+00   6.3400E-01   2.7238E+00  -1.8004E-01   5.1880E-02  -4.4577E-01
   1987.92   5.6620E+00   4.2565E+01   2.1714E+01  -2.7404E+00   7.9269E-01   3.3953E+00  -2.2424E-01   6.4866E-02  -5.5568E-01
   1988.00   5.6375E+00   4.2493E+01   2.1669E+01  -3.3045E+00   9.5839E-01   4.0965E+00  -2.7041E-01   7.8426E-02  -6.7044E-01
   1988.08   5.6124E+00   4.2420E+01   2.1618E+01  -3.8563E+00   1.1205E+00   4.7825E+00  -3.1556E-01   9.1688E-02  -7.8270E-01
   1988.17   5.5903E+00   4.2342E+01   2.1564E+01  -4.3595E+00   1.2683E+00   5.4080E+00  -3.5674E-01   1.0378E-01  -8.8508E-01
   1988.25   5.5712E+00   4.2256E+01   2.1509E+01  -4.8141E+00   1.4018E+00   5.9732E+00  -3.9394E-01   1.1471E-01  -9.7758E-01
   1988.33   5.5553E+00   4.2164E+01   2.1451E+01  -5.2202E+00   1.5211E+00   6.4780E+00  -4.2717E-01   1.2447E-01  -1.0602E+00
   1988.42   5.5424E+00   4.2066E+01   2.1391E+01  -5.5776E+00   1.6261E+00   6.9223E+00  -4.5642E-01   1.3306E-01  -1.1329E+00
   1988.50   5.5326E+00   4.1961E+01   2.1328E+01  -5.8865E+00   1.7168E+00   7.3063E+00  -4.8170E-01   1.4049E-01  -1.1958E+00
   1988.58   5.5259E+00   4.1850E+01   2.1264E+01  -6.1469E+00   1.7933E+00   7.6300E+00  -5.0300E-01   1.4674E-01  -1.2487E+00
   1988.67   5.5223E+00   4.1732E+01   2.1197E+01  -6.3586E+00   1.8555E+00   7.8932E+00  -5.2033E-01   1.5183E-01  -1.2918E+00
   1988.75   5.5217E+00   4.1607E+01   2.1128E+01  -6.5218E+00   1.9034E+00   8.0960E+00  -5.3368E-01   1.5576E-01  -1.3250E+00
   1988.83   5.5242E+00   4.1476E+01   2.1057E+01  -6.6364E+00   1.9371E+00   8.2385E+00  -5.4306E-01   1.5851E-01  -1.3483E+00
   1988.92   5.5298E+00   4.1339E+01   2.0983E+01  -6.7024E+00   1.9565E+00   8.3205E+00  -5.4846E-01   1.6010E-01  -1.3617E+00
   1989.00   5.5384E+00   4.1195E+01   2.0907E+01  -6.7198E+00   1.9616E+00   8.3422E+00  -5.4989E-01   1.6052E-01  -1.3653E+00
   1989.08   5.5502E+00   4.1044E+01   2.0829E+01  -6.6887E+00   1.9525E+00   8.3035E+00  -5.4734E-01   1.5978E-01  -1.3590E+00
   1989.17   5.5650E+00   4.0887E+01   2.0749E+01  -6.6090E+00   1.9291E+00   8.2044E+00  -5.4082E-01   1.5786E-01  -1.3427E+00
   1989.25   5.5829E+00   4.0723E+01   2.0667E+01  -6.4807E+00   1.8915E+00   8.0449E+00  -5.3032E-01   1.5478E-01  -1.3166E+00
   1989.33   5.6038E+00   4.0553E+01   2.0582E+01  -6.3038E+00   1.8396E+00   7.8250E+00  -5.1584E-01   1.5053E-01  -1.2806E+00
   1989.42   5.6279E+00   4.0376E+01   2.0495E+01  -6.0784E+00   1.7734E+00   7.5447E+00  -4.9740E-01   1.4512E-01  -1.2348E+00
   1989.50   5.6550E+00   4.0193E+01   2.0406E+01  -5.8044E+00   1.6929E+00   7.2041E+00  -4.7497E-01   1.3853E-01  -1.1790E+00
   1989.58   5.6852E+00   4.0003E+01   2.0315E+01  -5.4818E+00   1.5982E+00   6.8030E+00  -4.4857E-01   1.3078E-01  -1.1134E+00
   1989.67   5.7185E+00   3.9807E+01   2.0221E+01  -5.1106E+00   1.4892E+00   6.3416E+00  -4.1820E-01   1.2186E-01  -1.0379E+00
   1989.75   5.7548E+00   3.9604E+01   2.0125E+01  -4.6908E+00   1.3660E+00   5.8198E+00  -3.8385E-01   1.1178E-01  -9.5247E-01
   1989.83   5.7942E+00   3.9395E+01   2.0027E+01  -4.2225E+00   1.2284E+00   5.2376E+00  -3.4553E-01   1.0052E-01  -8.5719E-01
   1989.92   5.8367E+00   3.9179E+01   1.9927E+01  -3.7056E+00   1.0767E+00   4.5950E+00  -3.0323E-01   8.8103E-02  -7.5202E-01
   1990.00   5.8823E+00   3.8957E+01   1.9824E+01  -3.1401E+00   9.1061E-01   3.8920E+00  -2.5695E-01   7.4516E-02  -6.3697E-01
   1990.08   5.9332E+00   3.8742E+01   1.9720E+01  -2.5659E+00   7.4200E-01   3.1782E+00  -2.0997E-01   6.0718E-02  -5.2015E-01
   1990.17   5.9917E+00   3.8548E+01   1.9613E+01  -2.0228E+00   5.8252E-01   2.5032E+00  -1.6553E-01   4.7668E-02  -4.0967E-01
   1990.25   6.0578E+00   3.8376E+01   1.9504E+01  -1.5110E+00   4.3219E-01   1.8668E+00  -1.2364E-01   3.5366E-02  -3.0552E-01
   1990.33   6.1316E+00   3.8225E+01   1.9394E+01  -1.0302E+00   2.9099E-01   1.2692E+00  -8.4305E-02   2.3812E-02  -2.0771E-01
   1990.42   6.2129E+00   3.8095E+01   1.9281E+01  -5.8068E-01   1.5893E-01   7.1027E-01  -4.7517E-02   1.3005E-02  -1.1624E-01
   1990.50   6.3019E+00   3.7987E+01   1.9166E+01  -1.6227E-01   3.6010E-02   1.9010E-01  -1.3278E-02   2.9467E-03  -3.1112E-02
   1990.58   6.3985E+00   3.7901E+01   1.9050E+01   2.2498E-01  -7.7772E-02  -2.9134E-01   1.8411E-02  -6.3641E-03   4.7681E-02
   1990.67   6.5026E+00   3.7835E+01   1.8931E+01   5.8108E-01  -1.8242E-01  -7.3406E-01   4.7550E-02  -1.4927E-02   1.2014E-01
   1990.75   6.6144E+00   3.7791E+01   1.8811E+01   9.0601E-01  -2.7792E-01  -1.1380E+00   7.4140E-02  -2.2742E-02   1.8625E-01
   1990.83   6.7338E+00   3.7769E+01   1.8688E+01   1.1998E+00  -3.6429E-01  -1.5033E+00   9.8180E-02  -2.9810E-02   2.4603E-01
   1990.92   6.8608E+00   3.7768E+01   1.8563E+01   1.4624E+00  -4.4152E-01  -1.8298E+00   1.1967E-01  -3.6129E-02   2.9947E-01
   1991.00   6.9954E+00   3.7788E+01   1.8437E+01   1.6939E+00  -5.0960E-01  -2.1177E+00   1.3861E-01  -4.1701E-02   3.4658E-01
   1991.08   7.1376E+00   3.7829E+01   1.8308E+01   1.8942E+00  -5.6856E-01  -2.3667E+00   1.5500E-01  -4.6525E-02   3.8734E-01
   1991.17   7.2874E+00   3.7892E+01   1.8178E+01   2.0633E+00  -6.1837E-01  -2.5771E+00   1.6884E-01  -5.0601E-02   4.2177E-01
   1991.25   7.4449E+00   3.7976E+01   1.8045E+01   2.2013E+00  -6.5904E-01  -2.7487E+00   1.8014E-01  -5.3930E-02   4.4986E-01
   1991.33   7.6099E+00   3.8082E+01   1.7910E+01   2.3082E+00  -6.9058E-01  -2.8816E+00   1.8888E-01  -5.6510E-02   4.7161E-01
   1991.42   7.7826E+00   3.8209E+01   1.7774E+01   2.3838E+00  -7.1298E-01  -2.9758E+00   1.9507E-01  -5.8343E-02   4.8702E-01
   1991.50   7.9628E+00   3.8358E+01   1.7635E+01   2.4283E+00  -7.2624E-01  -3.0312E+00   1.9871E-01  -5.9428E-02   4.9610E-01
   1991.58   8.1507E+00   3.8527E+01   1.7495E+01   2.4417E+00  -7.3036E-01  -3.0480E+00   1.9981E-01  -5.9765E-02   4.9883E-01
   1991.67   8.3462E+00   3.8719E+01   1.7352E+01   2.4239E+00  -7.2534E-01  -3.0260E+00   1.9835E-01  -5.9355E-02   4.9523E-01
   1991.75   8.5492E+00   3.8931E+01   1.7207E+01   2.3750E+00  -7.1118E-01  -2.9652E+00   1.9434E-01  -5.8196E-02   4.8529E-01
   1991.83   8.7599E+00   3.9165E+01   1.7061E+01   2.2948E+00  -6.8789E-01  -2.8658E+00   1.8779E-01  -5.6290E-02   4.6901E-01
   1991.92   8.9782E+00   3.9420E+01   1.6912E+01   2.1836E+00  -6.5545E-01  -2.7276E+00   1.7868E-01  -5.3636E-02   4.4640E-01
   1992.00   9.2041E+00   3.9697E+01   1.6762E+01   2.0411E+00  -6.1388E-01  -2.5507E+00   1.6703E-01  -5.0234E-02   4.1744E-01
   1992.08   9.4312E+00   3.9982E+01   1.6617E+01   1.8909E+00  -5.6997E-01  -2.3639E+00   1.5473E-01  -4.6641E-02   3.8688E-01
   1992.17   9.6528E+00   4.0262E+01   1.6486E+01   1.7560E+00  -5.3051E-01  -2.1963E+00   1.4370E-01  -4.3412E-02   3.5946E-01
   1992.25   9.8691E+00   4.0537E+01   1.6369E+01   1.6366E+00  -4.9552E-01  -2.0479E+00   1.3392E-01  -4.0548E-02   3.3516E-01
   1992.33   1.0080E+01   4.0808E+01   1.6265E+01   1.5326E+00  -4.6498E-01  -1.9185E+00   1.2542E-01  -3.8049E-02   3.1399E-01
   1992.42   1.0286E+01   4.1073E+01   1.6175E+01   1.4441E+00  -4.3890E-01  -1.8083E+00   1.1817E-01  -3.5915E-02   2.9595E-01
   1992.50   1.0486E+01   4.1334E+01   1.6098E+01   1.3710E+00  -4.1727E-01  -1.7173E+00   1.1219E-01  -3.4146E-02   2.8105E-01
   1992.58   1.0681E+01   4.1590E+01   1.6036E+01   1.3134E+00  -4.0011E-01  -1.6453E+00   1.0747E-01  -3.2741E-02   2.6927E-01
   1992.67   1.0870E+01   4.1841E+01   1.5986E+01   1.2712E+00  -3.8740E-01  -1.5925E+00   1.0402E-01  -3.1701E-02   2.6062E-01
   1992.75   1.1054E+01   4.2087E+01   1.5951E+01   1.2444E+00  -3.7915E-01  -1.5588E+00   1.0183E-01  -3.1026E-02   2.5511E-01
   1992.83   1.1233E+01   4.2329E+01   1.5929E+01   1.2331E+00  -3.7536E-01  -1.5442E+00   1.0090E-01  -3.0716E-02   2.5272E-01
   1992.92   1.1406E+01   4.2565E+01   1.5921E+01   1.2372E+00  -3.7602E-01  -1.5487E+00   1.0124E-01  -3.0770E-02   2.5347E-01
   1993.00   1.1574E+01   4.2797E+01   1.5927E+01   1.2567E+00  -3.8115E-01  -1.5724E+00   1.0284E-01  -3.1189E-02   2.5734E-01
   1993.08   1.1737E+01   4.3024E+01   1.5946E+01   1.2917E+00  -3.9073E-01  -1.6152E+00   1.0570E-01  -3.1973E-02   2.6435E-01
   1993.17   1.1894E+01   4.3246E+01   1.5979E+01   1.3422E+00  -4.0477E-01  -1.6771E+00   1.0983E-01  -3.3122E-02   2.7448E-01
   1993.25   1.2046E+01   4.3463E+01   1.6025E+01   1.4080E+00  -4.2326E-01  -1.7582E+00   1.1522E-01  -3.4636E-02   2.8775E-01
   1993.33   1.2193E+01   4.3676E+01   1.6085E+01   1.4894E+00  -4.4622E-01  -1.8584E+00   1.2187E-01  -3.6514E-02   3.0414E-01
   1993.42   1.2334E+01   4.3883E+01   1.6159E+01   1.5861E+00  -4.7363E-01  -1.9777E+00   1.2979E-01  -3.8757E-02   3.2367E-01
   1993.50   1.2470E+01   4.4086E+01   1.6247E+01   1.6983E+00  -5.0550E-01  -2.1161E+00   1.3897E-01  -4.1365E-02   3.4632E-01
   1993.58   1.2600E+01   4.4284E+01   1.6348E+01   1.8259E+00  -5.4183E-01  -2.2737E+00   1.4942E-01  -4.4338E-02   3.7211E-01
   1993.67   1.2725E+01   4.4476E+01   1.6462E+01   1.9690E+00  -5.8261E-01  -2.4504E+00   1.6112E-01  -4.7675E-02   4.0103E-01
   1993.75   1.2845E+01   4.4665E+01   1.6591E+01   2.1275E+00  -6.2785E-01  -2.6462E+00   1.7410E-01  -5.1377E-02   4.3307E-01
   1993.83   1.2959E+01   4.4848E+01   1.6733E+01   2.3015E+00  -6.7755E-01  -2.8611E+00   1.8833E-01  -5.5445E-02   4.6825E-01
   1993.92   1.3068E+01   4.5026E+01   1.6889E+01   2.4909E+00  -7.3171E-01  -3.0952E+00   2.0383E-01  -5.9876E-02   5.0656E-01
   1994.00   1.3172E+01   4.5200E+01   1.7058E+01   2.6957E+00  -7.9033E-01  -3.3484E+00   2.2059E-01  -6.4673E-02   5.4800E-01
   1994.08   1.3269E+01   4.5372E+01   1.7233E+01   2.8989E+00  -8.4849E-01  -3.5995E+00   2.3722E-01  -6.9432E-02   5.8910E-01
   1994.17   1.3357E+01   4.5546E+01   1.7405E+01   3.0833E+00  -9.0126E-01  -3.8275E+00   2.5231E-01  -7.3751E-02   6.2642E-01
   1994.25   1.3438E+01   4.5722E+01   1.7575E+01   3.2491E+00  -9.4866E-01  -4.0324E+00   2.6587E-01  -7.7629E-02   6.5994E-01
   1994.33   1.3510E+01   4.5899E+01   1.7743E+01   3.3961E+00  -9.9068E-01  -4.2141E+00   2.7791E-01  -8.1068E-02   6.8968E-01
   1994.42   1.3573E+01   4.6079E+01   1.7907E+01   3.5244E+00  -1.0273E+00  -4.3726E+00   2.8840E-01  -8.4067E-02   7.1562E-01
   1994.50   1.3629E+01   4.6260E+01   1.8069E+01   3.6340E+00  -1.0586E+00  -4.5079E+00   2.9737E-01  -8.6625E-02   7.3777E-01
   1994.58   1.3676E+01   4.6443E+01   1.8229E+01   3.7248E+00  -1.0845E+00  -4.6201E+00   3.0480E-01  -8.8743E-02   7.5613E-01
   1994.67   1.3715E+01   4.6628E+01   1.8386E+01   3.7969E+00  -1.1050E+00  -4.7091E+00   3.1071E-01  -9.0422E-02   7.7069E-01
   1994.75   1.3745E+01   4.6814E+01   1.8541E+01   3.8503E+00  -1.1201E+00  -4.7749E+00   3.1508E-01  -9.1660E-02   7.8147E-01
   1994.83   1.3768E+01   4.7003E+01   1.8693E+01   3.8850E+00  -1.1299E+00  -4.8176E+00   3.1791E-01  -9.2458E-02   7.8845E-01
   1994.92   1.3782E+01   4.7193E+01   1.8842E+01   3.9010E+00  -1.1342E+00  -4.8371E+00   3.1922E-01  -9.2816E-02   7.9165E-01
   1995.00   1.3788E+01   4.7385E+01   1.8989E+01   3.8982E+00  -1.1332E+00  -4.8335E+00   3.1899E-01  -9.2733E-02   7.9105E-01
   1995.08   1.3785E+01   4.7579E+01   1.9133E+01   3.8767E+00  -1.1269E+00  -4.8066E+00   3.1723E-01  -9.2211E-02   7.8666E-01
   1995.17   1.3775E+01   4.7775E+01   1.9275E+01   3.8365E+00  -1.1151E+00  -4.7566E+00   3.1394E-01  -9.1249E-02   7.7847E-01
   1995.25   1.3755E+01   4.7973E+01   1.9414E+01   3.7775E+00  -1.0980E+00  -4.6835E+00   3.0912E-01  -8.9846E-02   7.6650E-01
   1995.33   1.3728E+01   4.8172E+01   1.9550E+01   3.6999E+00  -1.0754E+00  -4.5872E+00   3.0276E-01  -8.8004E-02   7.5074E-01
   1995.42   1.3693E+01   4.8373E+01   1.9684E+01   3.6035E+00  -1.0475E+00  -4.4677E+00   2.9487E-01  -8.5721E-02   7.3118E-01
   1995.50   1.3649E+01   4.8576E+01   1.9816E+01   3.4884E+00  -1.0143E+00  -4.3250E+00   2.8545E-01  -8.2998E-02   7.0783E-01
   1995.58   1.3597E+01   4.8781E+01   1.9945E+01   3.3545E+00  -9.7562E-01  -4.1592E+00   2.7450E-01  -7.9835E-02   6.8070E-01
   1995.67   1.3536E+01   4.8988E+01   2.0071E+01   3.2020E+00  -9.3159E-01  -3.9702E+00   2.6202E-01  -7.6232E-02   6.4977E-01
   1995.75   1.3468E+01   4.9196E+01   2.0195E+01   3.0307E+00  -8.8218E-01  -3.7580E+00   2.4800E-01  -7.2189E-02   6.1504E-01
   1995.83   1.3391E+01   4.9407E+01   2.0316E+01   2.8407E+00  -8.2739E-01  -3.5227E+00   2.3245E-01  -6.7706E-02   5.7653E-01
   1995.92   1.3306E+01   4.9619E+01   2.0435E+01   2.6319E+00  -7.6723E-01  -3.2642E+00   2.1537E-01  -6.2782E-02   5.3423E-01
   1996.00   1.3212E+01   4.9833E+01   2.0551E+01   2.4045E+00  -7.0168E-01  -2.9826E+00   1.9676E-01  -5.7419E-02   4.8813E-01
   1996.08   1.3114E+01   5.0039E+01   2.0668E+01   2.1670E+00  -6.3330E-01  -2.6885E+00   1.7732E-01  -5.1823E-02   4.4001E-01
   1996.17   1.3016E+01   5.0229E+01   2.0792E+01   1.9281E+00  -5.6460E-01  -2.3929E+00   1.5778E-01  -4.6201E-02   3.9162E-01
   1996.25   1.2917E+01   5.0402E+01   2.0920E+01   1.6879E+00  -4.9560E-01  -2.0956E+00   1.3812E-01  -4.0555E-02   3.4296E-01
   1996.33   1.2817E+01   5.0559E+01   2.1054E+01   1.4464E+00  -4.2628E-01  -1.7967E+00   1.1836E-01  -3.4883E-02   2.9405E-01
   1996.42   1.2717E+01   5.0699E+01   2.1194E+01   1.2035E+00  -3.5666E-01  -1.4962E+00   9.8479E-02  -2.9186E-02   2.4486E-01
   1996.50   1.2616E+01   5.0822E+01   2.1339E+01   9.5920E-01  -2.8674E-01  -1.1940E+00   7.8492E-02  -2.3464E-02   1.9542E-01
   1996.58   1.2515E+01   5.0928E+01   2.1490E+01   7.1359E-01  -2.1650E-01  -8.9029E-01   5.8394E-02  -1.7716E-02   1.4571E-01
   1996.67   1.2413E+01   5.1018E+01   2.1646E+01   4.6663E-01  -1.4595E-01  -5.8493E-01   3.8185E-02  -1.1943E-02   9.5730E-02
   1996.75   1.2310E+01   5.1091E+01   2.1808E+01   2.1832E-01  -7.5098E-02  -2.7795E-01   1.7866E-02  -6.1453E-03   4.5489E-02
   1996.83   1.2207E+01   5.1147E+01   2.1975E+01  -3.1337E-02  -3.9351E-03   3.0652E-02  -2.5643E-03  -3.2201E-04  -5.0166E-03
   1996.92   1.2103E+01   5.1187E+01   2.2148E+01  -2.8235E-01   6.7536E-02   3.4087E-01  -2.3105E-02   5.5265E-03  -5.5787E-02
   1997.00   1.1999E+01   5.1210E+01   2.2326E+01  -5.3471E-01   1.3932E-01   6.5270E-01  -4.3756E-02   1.1400E-02  -1.0682E-01
   1997.08   1.1894E+01   5.1216E+01   2.2510E+01  -7.8843E-01   2.1140E-01   9.6615E-01  -6.4517E-02   1.7299E-02  -1.5812E-01
   1997.17   1.1789E+01   5.1206E+01   2.2699E+01  -1.0435E+00   2.8380E-01   1.2812E+00  -8.5390E-02   2.3224E-02  -2.0968E-01
   1997.25   1.1682E+01   5.1179E+01   2.2894E+01  -1.2999E+00   3.5651E-01   1.5979E+00  -1.0637E-01   2.9173E-02  -2.6151E-01
   1997.33   1.1576E+01   5.1135E+01   2.3094E+01  -1.5577E+00   4.2952E-01   1.9162E+00  -1.2747E-01   3.5148E-02  -3.1361E-01
   1997.42   1.1469E+01   5.1075E+01   2.3300E+01  -1.8168E+00   5.0284E-01   2.2361E+00  -1.4867E-01   4.1148E-02  -3.6596E-01
   1997.50   1.1361E+01   5.0998E+01   2.3511E+01  -2.0773E+00   5.7647E-01   2.5576E+00  -1.6998E-01   4.7173E-02  -4.1859E-01
   1997.58   1.1252E+01   5.0904E+01   2.3728E+01  -2.3391E+00   6.5041E-01   2.8808E+00  -1.9141E-01   5.3223E-02  -4.7147E-01
   1997.67   1.1143E+01   5.0794E+01   2.3950E+01  -2.6023E+00   7.2466E-01   3.2056E+00  -2.1295E-01   5.9299E-02  -5.2463E-01
   1997.75   1.1034E+01   5.0667E+01   2.4178E+01  -2.8668E+00   7.9921E-01   3.5319E+00  -2.3459E-01   6.5400E-02  -5.7804E-01
   1997.83   1.0923E+01   5.0523E+01   2.4411E+01  -3.1327E+00   8.7408E-01   3.8599E+00  -2.5635E-01   7.1526E-02  -6.3172E-01
   1997.92   1.0813E+01   5.0362E+01   2.4650E+01  -3.3999E+00   9.4925E-01   4.1896E+00  -2.7822E-01   7.7678E-02  -6.8567E-01
   1998.00   1.0701E+01   5.0185E+01   2.4895E+01  -3.6685E+00   1.0247E+00   4.5208E+00  -3.0019E-01   8.3854E-02  -7.3988E-01
   1998.08   1.0595E+01   5.0001E+01   2.5138E+01  -3.9219E+00   1.0959E+00   4.8332E+00  -3.2093E-01   8.9677E-02  -7.9101E-01
   1998.17   1.0500E+01   4.9820E+01   2.5374E+01  -4.1434E+00   1.1581E+00   5.1064E+00  -3.3906E-01   9.4768E-02  -8.3572E-01
   1998.25   1.0416E+01   4.9642E+01   2.5603E+01  -4.3331E+00   1.2114E+00   5.3403E+00  -3.5458E-01   9.9127E-02  -8.7400E-01
   1998.33   1.0343E+01   4.9467E+01   2.5825E+01  -4.4910E+00   1.2557E+00   5.5350E+00  -3.6750E-01   1.0275E-01  -9.0587E-01
   1998.42   1.0281E+01   4.9295E+01   2.6039E+01  -4.6171E+00   1.2911E+00   5.6905E+00  -3.7782E-01   1.0565E-01  -9.3131E-01
   1998.50   1.0230E+01   4.9126E+01   2.6245E+01  -4.7114E+00   1.3175E+00   5.8067E+00  -3.8554E-01   1.0781E-01  -9.5032E-01
   1998.58   1.0190E+01   4.8959E+01   2.6445E+01  -4.7739E+00   1.3350E+00   5.8836E+00  -3.9065E-01   1.0924E-01  -9.6292E-01
   1998.67   1.0161E+01   4.8796E+01   2.6637E+01  -4.8045E+00   1.3435E+00   5.9214E+00  -3.9316E-01   1.0994E-01  -9.6909E-01
   1998.75   1.0143E+01   4.8636E+01   2.6821E+01  -4.8034E+00   1.3431E+00   5.9198E+00  -3.9306E-01   1.0991E-01  -9.6884E-01
   1998.83   1.0137E+01   4.8478E+01   2.6999E+01  -4.7704E+00   1.3337E+00   5.8791E+00  -3.9036E-01   1.0914E-01  -9.6217E-01
   1998.92   1.0141E+01   4.8324E+01   2.7169E+01  -4.7056E+00   1.3154E+00   5.7990E+00  -3.8506E-01   1.0764E-01  -9.4907E-01
   1999.00   1.0156E+01   4.8173E+01   2.7331E+01  -4.6090E+00   1.2882E+00   5.6798E+00  -3.7716E-01   1.0541E-01  -9.2956E-01
   1999.08   1.0183E+01   4.8024E+01   2.7487E+01  -4.4806E+00   1.2520E+00   5.5213E+00  -3.6665E-01   1.0245E-01  -9.0362E-01
   1999.17   1.0220E+01   4.7879E+01   2.7635E+01  -4.3204E+00   1.2068E+00   5.3235E+00  -3.5354E-01   9.8755E-02  -8.7125E-01
   1999.25   1.0268E+01   4.7736E+01   2.7775E+01  -4.1284E+00   1.1527E+00   5.0865E+00  -3.3783E-01   9.4328E-02  -8.3247E-01
   1999.33   1.0328E+01   4.7597E+01   2.7908E+01  -3.9045E+00   1.0897E+00   4.8103E+00  -3.1951E-01   8.9169E-02  -7.8726E-01
   1999.42   1.0398E+01   4.7460E+01   2.8034E+01  -3.6489E+00   1.0177E+00   4.4948E+00  -2.9859E-01   8.3278E-02  -7.3563E-01
   1999.50   1.0480E+01   4.7327E+01   2.8153E+01  -3.3614E+00   9.3676E-01   4.1401E+00  -2.7506E-01   7.6655E-02  -6.7757E-01
   1999.58   1.0572E+01   4.7196E+01   2.8264E+01  -3.0421E+00   8.4687E-01   3.7462E+00  -2.4894E-01   6.9300E-02  -6.1310E-01
   1999.67   1.0676E+01   4.7068E+01   2.8368E+01  -2.6910E+00   7.4804E-01   3.3129E+00  -2.2021E-01   6.1212E-02  -5.4220E-01
   1999.75   1.0790E+01   4.6944E+01   2.8464E+01  -2.3081E+00   6.4026E-01   2.8405E+00  -1.8887E-01   5.2393E-02  -4.6488E-01
   1999.83   1.0916E+01   4.6822E+01   2.8553E+01  -1.8934E+00   5.2354E-01   2.3288E+00  -1.5493E-01   4.2841E-02  -3.8113E-01
   1999.92   1.1053E+01   4.6703E+01   2.8635E+01  -1.4468E+00   3.9787E-01   1.7779E+00  -1.1839E-01   3.2557E-02  -2.9097E-01
   2000.00   1.1200E+01   4.6588E+01   2.8709E+01  -9.6847E-01   2.6325E-01   1.1877E+00  -7.9250E-02   2.1542E-02  -1.9438E-01
   2000.08   1.1351E+01   4.6478E+01   2.8783E+01  -4.9428E-01   1.2977E-01   6.0262E-01  -4.0447E-02   1.0619E-02  -9.8626E-02
   2000.17   1.1496E+01   4.6378E+01   2.8862E+01  -6.0221E-02   7.5364E-03   6.7039E-02  -4.9279E-03   6.1671E-04  -1.0972E-02
   2000.25   1.1636E+01   4.6288E+01   2.8946E+01   3.3370E-01  -1.0346E-01  -4.1907E-01   2.7307E-02  -8.4663E-03   6.8585E-02
   2000.33   1.1771E+01   4.6208E+01   2.9036E+01   6.8748E-01  -2.0322E-01  -8.5570E-01   5.6257E-02  -1.6630E-02   1.4004E-01
   2000.42   1.1900E+01   4.6137E+01   2.9132E+01   1.0011E+00  -2.9175E-01  -1.2428E+00   8.1923E-02  -2.3874E-02   2.0341E-01
   2000.50   1.2024E+01   4.6076E+01   2.9233E+01   1.2746E+00  -3.6903E-01  -1.5805E+00   1.0430E-01  -3.0198E-02   2.5867E-01
   2000.58   1.2143E+01   4.6025E+01   2.9340E+01   1.5080E+00  -4.3508E-01  -1.8687E+00   1.2340E-01  -3.5603E-02   3.0583E-01
   2000.67   1.2256E+01   4.5983E+01   2.9452E+01   1.7013E+00  -4.8989E-01  -2.1074E+00   1.3922E-01  -4.0088E-02   3.4490E-01
   2000.75   1.2364E+01   4.5951E+01   2.9569E+01   1.8544E+00  -5.3346E-01  -2.2967E+00   1.5174E-01  -4.3654E-02   3.7587E-01
   2000.83   1.2467E+01   4.5929E+01   2.9692E+01   1.9673E+00  -5.6580E-01  -2.4364E+00   1.6099E-01  -4.6300E-02   3.9875E-01
   2000.92   1.2564E+01   4.5917E+01   2.9821E+01   2.0402E+00  -5.8690E-01  -2.5267E+00   1.6695E-01  -4.8026E-02   4.1352E-01
   2001.00   1.2656E+01   4.5914E+01   2.9955E+01   2.0729E+00  -5.9676E-01  -2.5675E+00   1.6962E-01  -4.8833E-02   4.2020E-01
   2001.08   1.2743E+01   4.5921E+01   3.0094E+01   2.0654E+00  -5.9538E-01  -2.5588E+00   1.6901E-01  -4.8720E-02   4.1878E-01
   2001.17   1.2825E+01   4.5937E+01   3.0239E+01   2.0179E+00  -5.8276E-01  -2.5007E+00   1.6512E-01  -4.7688E-02   4.0926E-01
   2001.25   1.2901E+01   4.5963E+01   3.0390E+01   1.9301E+00  -5.5891E-01  -2.3930E+00   1.5794E-01  -4.5736E-02   3.9165E-01
   2001.33   1.2972E+01   4.5999E+01   3.0546E+01   1.8023E+00  -5.2382E-01  -2.2359E+00   1.4748E-01  -4.2864E-02   3.6593E-01
   2001.42   1.3037E+01   4.6045E+01   3.0708E+01   1.6343E+00  -4.7749E-01  -2.0293E+00   1.3374E-01  -3.9073E-02   3.3212E-01
   2001.50   1.3097E+01   4.6100E+01   3.0875E+01   1.4262E+00  -4.1993E-01  -1.7733E+00   1.1671E-01  -3.4363E-02   2.9022E-01
   2001.58   1.3152E+01   4.6165E+01   3.1047E+01   1.1779E+00  -3.5112E-01  -1.4677E+00   9.6392E-02  -2.8733E-02   2.4021E-01
   2001.67   1.3202E+01   4.6240E+01   3.1225E+01   8.8955E-01  -2.7108E-01  -1.1127E+00   7.2793E-02  -2.2183E-02   1.8211E-01
   2001.75   1.3246E+01   4.6324E+01   3.1409E+01   5.6103E-01  -1.7981E-01  -7.0820E-01   4.5909E-02  -1.4714E-02   1.1591E-01
   2001.83   1.3285E+01   4.6418E+01   3.1598E+01   1.9237E-01  -7.7289E-02  -2.5422E-01   1.5742E-02  -6.3246E-03   4.1606E-02
   2001.92   1.3318E+01   4.6522E+01   3.1793E+01  -2.1643E-01   3.6464E-02   2.4924E-01  -1.7711E-02   2.9839E-03  -4.0790E-02
   2002.00   1.3347E+01   4.6636E+01   3.1993E+01  -6.6536E-01   1.6146E-01   8.0217E-01  -5.4447E-02   1.3212E-02  -1.3128E-01
   2002.08   1.3368E+01   4.6747E+01   3.2186E+01  -1.1136E+00   2.8631E-01   1.3543E+00  -9.1127E-02   2.3429E-02  -2.2165E-01
   2002.17   1.3383E+01   4.6845E+01   3.2359E+01  -1.5204E+00   3.9964E-01   1.8553E+00  -1.2441E-01   3.2703E-02  -3.0365E-01
   2002.25   1.3390E+01   4.6929E+01   3.2513E+01  -1.8856E+00   5.0146E-01   2.3053E+00  -1.5430E-01   4.1034E-02  -3.7728E-01
   2002.33   1.3389E+01   4.7000E+01   3.2647E+01  -2.2093E+00   5.9176E-01   2.7041E+00  -1.8079E-01   4.8424E-02  -4.4256E-01
   2002.42   1.3380E+01   4.7057E+01   3.2761E+01  -2.4915E+00   6.7054E-01   3.0519E+00  -2.0388E-01   5.4871E-02  -4.9947E-01
   2002.50   1.3364E+01   4.7100E+01   3.2855E+01  -2.7322E+00   7.3781E-01   3.3485E+00  -2.2358E-01   6.0375E-02  -5.4802E-01
   2002.58   1.3341E+01   4.7130E+01   3.2930E+01  -2.9314E+00   7.9356E-01   3.5941E+00  -2.3988E-01   6.4937E-02  -5.8821E-01
   2002.67   1.3310E+01   4.7146E+01   3.2985E+01  -3.0891E+00   8.3779E-01   3.7885E+00  -2.5279E-01   6.8556E-02  -6.2003E-01
   2002.75   1.3272E+01   4.7149E+01   3.3020E+01  -3.2053E+00   8.7050E-01   3.9319E+00  -2.6229E-01   7.1233E-02  -6.4350E-01
   2002.83   1.3225E+01   4.7138E+01   3.3036E+01  -3.2800E+00   8.9170E-01   4.0242E+00  -2.6841E-01   7.2968E-02  -6.5860E-01
   2002.92   1.3172E+01   4.7113E+01   3.3032E+01  -3.3132E+00   9.0138E-01   4.0653E+00  -2.7112E-01   7.3760E-02  -6.6534E-01
   2003.00   1.3111E+01   4.7075E+01   3.3008E+01  -3.3049E+00   8.9954E-01   4.0554E+00  -2.7044E-01   7.3610E-02  -6.6371E-01
   2003.08   1.3042E+01   4.7023E+01   3.2964E+01  -3.2550E+00   8.8619E-01   3.9944E+00  -2.6636E-01   7.2517E-02  -6.5372E-01
   2003.17   1.2966E+01   4.6957E+01   3.2901E+01  -3.1637E+00   8.6132E-01   3.8823E+00  -2.5889E-01   7.0482E-02  -6.3538E-01
   2003.25   1.2882E+01   4.6878E+01   3.2818E+01  -3.0308E+00   8.2493E-01   3.7191E+00  -2.4801E-01   6.7504E-02  -6.0867E-01
   2003.33   1.2791E+01   4.6785E+01   3.2715E+01  -2.8565E+00   7.7702E-01   3.5048E+00  -2.3375E-01   6.3584E-02  -5.7359E-01
   2003.42   1.2692E+01   4.6679E+01   3.2593E+01  -2.6406E+00   7.1760E-01   3.2394E+00  -2.1608E-01   5.8721E-02  -5.3016E-01
   2003.50   1.2585E+01   4.6559E+01   3.2450E+01  -2.3832E+00   6.4666E-01   2.9229E+00  -1.9502E-01   5.2916E-02  -4.7836E-01
   2003.58   1.2471E+01   4.6425E+01   3.2289E+01  -2.0844E+00   5.6420E-01   2.5553E+00  -1.7056E-01   4.6169E-02  -4.1820E-01
   2003.67   1.2350E+01   4.6278E+01   3.2107E+01  -1.7440E+00   4.7023E-01   2.1366E+00  -1.4271E-01   3.8479E-02  -3.4968E-01
   2003.75   1.2221E+01   4.6117E+01   3.1906E+01  -1.3621E+00   3.6474E-01   1.6668E+00  -1.1146E-01   2.9847E-02  -2.7279E-01
   2003.83   1.2084E+01   4.5942E+01   3.1684E+01  -9.3867E-01   2.4773E-01   1.1459E+00  -7.6812E-02   2.0272E-02  -1.8754E-01
   2003.92   1.1940E+01   4.5754E+01   3.1444E+01  -4.7376E-01   1.1920E-01   5.7396E-01  -3.8768E-02   9.7544E-03  -9.3934E-02
   2004.00   1.1788E+01   4.5553E+01   3.1183E+01   3.2652E-02  -2.0840E-02  -4.9112E-02   2.6719E-03  -1.7054E-03   8.0378E-03
   2004.08   1.1645E+01   4.5349E+01   3.0912E+01   5.4288E-01  -1.6196E-01  -6.7689E-01   4.4424E-02  -1.3253E-02   1.1078E-01
   2004.17   1.1528E+01   4.5153E+01   3.0640E+01   1.0192E+00  -2.9372E-01  -1.2630E+00   8.3404E-02  -2.4035E-02   2.0670E-01
   2004.25   1.1435E+01   4.4967E+01   3.0367E+01   1.4617E+00  -4.1612E-01  -1.8074E+00   1.1961E-01  -3.4051E-02   2.9581E-01
   2004.33   1.1368E+01   4.4789E+01   3.0093E+01   1.8703E+00  -5.2915E-01  -2.3102E+00   1.5305E-01  -4.3301E-02   3.7809E-01
   2004.42   1.1326E+01   4.4621E+01   2.9817E+01   2.2450E+00  -6.3282E-01  -2.7713E+00   1.8371E-01  -5.1784E-02   4.5356E-01
   2004.50   1.1310E+01   4.4461E+01   2.9541E+01   2.5859E+00  -7.2714E-01  -3.1908E+00   2.1160E-01  -5.9502E-02   5.2220E-01
   2004.58   1.1319E+01   4.4310E+01   2.9263E+01   2.8928E+00  -8.1209E-01  -3.5685E+00   2.3672E-01  -6.6453E-02   5.8403E-01
   2004.67   1.1353E+01   4.4168E+01   2.8985E+01   3.1659E+00  -8.8767E-01  -3.9046E+00   2.5907E-01  -7.2639E-02   6.3903E-01
   2004.75   1.1412E+01   4.4034E+01   2.8705E+01   3.4051E+00  -9.5390E-01  -4.1990E+00   2.7864E-01  -7.8058E-02   6.8722E-01
   2004.83   1.1496E+01   4.3910E+01   2.8424E+01   3.6105E+00  -1.0108E+00  -4.4518E+00   2.9544E-01  -8.2711E-02   7.2858E-01
   2004.92   1.1606E+01   4.3795E+01   2.8142E+01   3.7819E+00  -1.0583E+00  -4.6629E+00   3.0947E-01  -8.6598E-02   7.6313E-01
   2005.00   1.1741E+01   4.3688E+01   2.7859E+01   3.9195E+00  -1.0964E+00  -4.8323E+00   3.2073E-01  -8.9719E-02   7.9086E-01
   2005.08   1.1901E+01   4.3590E+01   2.7575E+01   4.0232E+00  -1.1252E+00  -4.9600E+00   3.2922E-01  -9.2074E-02   8.1176E-01
   2005.17   1.2087E+01   4.3501E+01   2.7290E+01   4.0930E+00  -1.1446E+00  -5.0461E+00   3.3493E-01  -9.3663E-02   8.2585E-01
   2005.25   1.2298E+01   4.3421E+01   2.7004E+01   4.1289E+00  -1.1547E+00  -5.0905E+00   3.3787E-01  -9.4486E-02   8.3312E-01
   2005.33   1.2534E+01   4.3350E+01   2.6716E+01   4.1310E+00  -1.1554E+00  -5.0933E+00   3.3804E-01  -9.4543E-02   8.3357E-01
   2005.42   1.2795E+01   4.3287E+01   2.6428E+01   4.0992E+00  -1.1467E+00  -5.0543E+00   3.3544E-01  -9.3834E-02   8.2720E-01
   2005.50   1.3082E+01   4.3234E+01   2.6138E+01   4.0335E+00  -1.1287E+00  -4.9737E+00   3.3006E-01  -9.2358E-02   8.1400E-01
   2005.58   1.3394E+01   4.3189E+01   2.5847E+01   3.9339E+00  -1.1013E+00  -4.8515E+00   3.2191E-01  -9.0117E-02   7.9399E-01
   2005.67   1.3731E+01   4.3153E+01   2.5555E+01   3.8005E+00  -1.0645E+00  -4.6875E+00   3.1099E-01  -8.7109E-02   7.6716E-01
   2005.75   1.4093E+01   4.3126E+01   2.5262E+01   3.6331E+00  -1.0184E+00  -4.4819E+00   2.9730E-01  -8.3336E-02   7.3351E-01
   2005.83   1.4481E+01   4.3108E+01   2.4968E+01   3.4319E+00  -9.6292E-01  -4.2346E+00   2.8084E-01  -7.8796E-02   6.9304E-01
   2005.92   1.4894E+01   4.3099E+01   2.4673E+01   3.1969E+00  -8.9808E-01  -3.9457E+00   2.6160E-01  -7.3490E-02   6.4575E-01
   2006.00   1.5332E+01   4.3099E+01   2.4377E+01   2.9279E+00  -8.2388E-01  -3.6151E+00   2.3959E-01  -6.7418E-02   5.9164E-01
   2006.08   1.5769E+01   4.3111E+01   2.4085E+01   2.6521E+00  -7.4774E-01  -3.2759E+00   2.1702E-01  -6.1188E-02   5.3614E-01
   2006.17   1.6179E+01   4.3142E+01   2.3804E+01   2.3963E+00  -6.7710E-01  -2.9615E+00   1.9609E-01  -5.5408E-02   4.8468E-01
   2006.25   1.6562E+01   4.3189E+01   2.3534E+01   2.1607E+00  -6.1196E-01  -2.6717E+00   1.7681E-01  -5.0077E-02   4.3726E-01
   2006.33   1.6919E+01   4.3255E+01   2.3274E+01   1.9452E+00  -5.5231E-01  -2.4066E+00   1.5918E-01  -4.5195E-02   3.9387E-01
   2006.42   1.7248E+01   4.3338E+01   2.3024E+01   1.7499E+00  -4.9815E-01  -2.1662E+00   1.4319E-01  -4.0764E-02   3.5453E-01
   2006.50   1.7550E+01   4.3438E+01   2.2786E+01   1.5746E+00  -4.4948E-01  -1.9505E+00   1.2885E-01  -3.6781E-02   3.1922E-01
   2006.58   1.7825E+01   4.3556E+01   2.2557E+01   1.4194E+00  -4.0631E-01  -1.7594E+00   1.1615E-01  -3.3249E-02   2.8795E-01
   2006.67   1.8074E+01   4.3691E+01   2.2339E+01   1.2844E+00  -3.6864E-01  -1.5930E+00   1.0510E-01  -3.0166E-02   2.6072E-01
   2006.75   1.8295E+01   4.3844E+01   2.2132E+01   1.1695E+00  -3.3646E-01  -1.4513E+00   9.5700E-02  -2.7532E-02   2.3752E-01
   2006.83   1.8489E+01   4.4014E+01   2.1935E+01   1.0747E+00  -3.0977E-01  -1.3343E+00   8.7942E-02  -2.5348E-02   2.1837E-01
   2006.92   1.8656E+01   4.4202E+01   2.1749E+01   1.0000E+00  -2.8857E-01  -1.2419E+00   8.1831E-02  -2.3614E-02   2.0325E-01
   2007.00   1.8797E+01   4.4407E+01   2.1573E+01   9.4543E-01  -2.7287E-01  -1.1742E+00   7.7365E-02  -2.2329E-02   1.9217E-01
   2007.08   1.8910E+01   4.4630E+01   2.1408E+01   9.1098E-01  -2.6267E-01  -1.1312E+00   7.4546E-02  -2.1494E-02   1.8514E-01
   2007.17   1.8996E+01   4.4870E+01   2.1253E+01   8.9664E-01  -2.5796E-01  -1.1129E+00   7.3372E-02  -2.1109E-02   1.8213E-01
   2007.25   1.9055E+01   4.5128E+01   2.1109E+01   9.0241E-01  -2.5874E-01  -1.1192E+00   7.3845E-02  -2.1173E-02   1.8317E-01
   2007.33   1.9087E+01   4.5403E+01   2.0975E+01   9.2830E-01  -2.6501E-01  -1.1502E+00   7.5963E-02  -2.1686E-02   1.8825E-01
   2007.42   1.9092E+01   4.5696E+01   2.0852E+01   9.7431E-01  -2.7678E-01  -1.2059E+00   7.9728E-02  -2.2649E-02   1.9736E-01
   2007.50   1.9071E+01   4.6007E+01   2.0739E+01   1.0404E+00  -2.9405E-01  -1.2863E+00   8.5139E-02  -2.4062E-02   2.1051E-01
   2007.58   1.9022E+01   4.6334E+01   2.0637E+01   1.1267E+00  -3.1681E-01  -1.3913E+00   9.2196E-02  -2.5924E-02   2.2770E-01
   2007.67   1.8946E+01   4.6680E+01   2.0546E+01   1.2330E+00  -3.4506E-01  -1.5210E+00   1.0090E-01  -2.8236E-02   2.4893E-01
   2007.75   1.8843E+01   4.7043E+01   2.0464E+01   1.3595E+00  -3.7881E-01  -1.6754E+00   1.1125E-01  -3.0998E-02   2.7420E-01
   2007.83   1.8713E+01   4.7423E+01   2.0394E+01   1.5061E+00  -4.1805E-01  -1.8545E+00   1.2324E-01  -3.4209E-02   3.0351E-01
   2007.92   1.8556E+01   4.7821E+01   2.0334E+01   1.6728E+00  -4.6278E-01  -2.0582E+00   1.3688E-01  -3.7870E-02   3.3685E-01
   2008.00   1.8372E+01   4.8236E+01   2.0284E+01   1.8596E+00  -5.1301E-01  -2.2867E+00   1.5217E-01  -4.1980E-02   3.7424E-01
   2008.08   1.8174E+01   4.8655E+01   2.0244E+01   2.0428E+00  -5.6232E-01  -2.5107E+00   1.6716E-01  -4.6015E-02   4.1090E-01
   2008.17   1.7973E+01   4.9063E+01   2.0212E+01   2.1986E+00  -6.0432E-01  -2.7012E+00   1.7991E-01  -4.9451E-02   4.4208E-01
   2008.25   1.7770E+01   4.9460E+01   2.0187E+01   2.3270E+00  -6.3898E-01  -2.8583E+00   1.9042E-01  -5.2288E-02   4.6779E-01
   2008.33   1.7564E+01   4.9847E+01   2.0170E+01   2.4280E+00  -6.6633E-01  -2.9819E+00   1.9869E-01  -5.4526E-02   4.8801E-01
   2008.42   1.7357E+01   5.0223E+01   2.0162E+01   2.5017E+00  -6.8635E-01  -3.0720E+00   2.0471E-01  -5.6164E-02   5.0276E-01
   2008.50   1.7147E+01   5.0588E+01   2.0161E+01   2.5480E+00  -6.9904E-01  -3.1286E+00   2.0850E-01  -5.7203E-02   5.1203E-01
   2008.58   1.6934E+01   5.0942E+01   2.0168E+01   2.5668E+00  -7.0442E-01  -3.1518E+00   2.1005E-01  -5.7643E-02   5.1582E-01
   2008.67   1.6720E+01   5.1286E+01   2.0182E+01   2.5584E+00  -7.0247E-01  -3.1414E+00   2.0935E-01  -5.7483E-02   5.1413E-01
   2008.75   1.6503E+01   5.1619E+01   2.0205E+01   2.5225E+00  -6.9320E-01  -3.0977E+00   2.0642E-01  -5.6724E-02   5.0696E-01
   2008.83   1.6284E+01   5.1942E+01   2.0235E+01   2.4592E+00  -6.7660E-01  -3.0204E+00   2.0124E-01  -5.5366E-02   4.9432E-01
   2008.92   1.6062E+01   5.2253E+01   2.0274E+01   2.3686E+00  -6.5268E-01  -2.9096E+00   1.9382E-01  -5.3409E-02   4.7619E-01
   2009.00   1.5839E+01   5.2554E+01   2.0320E+01   2.2506E+00  -6.2144E-01  -2.7654E+00   1.8416E-01  -5.0852E-02   4.5259E-01
   2009.08   1.5613E+01   5.2845E+01   2.0374E+01   2.1052E+00  -5.8287E-01  -2.5877E+00   1.7227E-01  -4.7697E-02   4.2351E-01
   2009.17   1.5385E+01   5.3124E+01   2.0436E+01   1.9324E+00  -5.3698E-01  -2.3765E+00   1.5813E-01  -4.3941E-02   3.8895E-01
   2009.25   1.5154E+01   5.3393E+01   2.0506E+01   1.7322E+00  -4.8377E-01  -2.1319E+00   1.4175E-01  -3.9587E-02   3.4891E-01
   2009.33   1.4921E+01   5.3651E+01   2.0584E+01   1.5047E+00  -4.2323E-01  -1.8538E+00   1.2313E-01  -3.4633E-02   3.0339E-01
   2009.42   1.4686E+01   5.3899E+01   2.0669E+01   1.2497E+00  -3.5537E-01  -1.5421E+00   1.0227E-01  -2.9080E-02   2.5239E-01
   2009.50   1.4449E+01   5.4136E+01   2.0763E+01   9.6741E-01  -2.8019E-01  -1.1971E+00   7.9164E-02  -2.2928E-02   1.9591E-01
   2009.58   1.4209E+01   5.4362E+01   2.0864E+01   6.5772E-01  -1.9768E-01  -8.1851E-01   5.3821E-02  -1.6177E-02   1.3396E-01
   2009.67   1.3967E+01   5.4577E+01   2.0973E+01   3.2064E-01  -1.0785E-01  -4.0648E-01   2.6238E-02  -8.8258E-03   6.6524E-02
   2009.75   1.3723E+01   5.4782E+01   2.1090E+01  -4.3819E-02  -1.0702E-02   3.9033E-02  -3.5858E-03  -8.7576E-04  -6.3882E-03
   2009.83   1.3476E+01   5.4976E+01   2.1215E+01  -4.3566E-01   9.3774E-02   5.1802E-01  -3.5650E-02   7.6736E-03  -8.4780E-02
   2009.92   1.3227E+01   5.5159E+01   2.1348E+01  -8.5488E-01   2.0557E-01   1.0305E+00  -6.9956E-02   1.6822E-02  -1.6865E-01
   2010.00   1.2976E+01   5.5332E+01   2.1489E+01  -1.3015E+00   3.2470E-01   1.5764E+00  -1.0650E-01   2.6570E-02  -2.5800E-01
   2010.08   1.2734E+01   5.5495E+01   2.1626E+01  -1.7427E+00   4.4242E-01   2.1158E+00  -1.4261E-01   3.6203E-02  -3.4628E-01
   2010.17   1.2515E+01   5.5652E+01   2.1750E+01  -2.1459E+00   5.5001E-01   2.6086E+00  -1.7560E-01   4.5007E-02  -4.2693E-01
   2010.25   1.2316E+01   5.5801E+01   2.1859E+01  -2.5109E+00   6.4747E-01   3.0549E+00  -2.0547E-01   5.2982E-02  -4.9997E-01
   2010.33   1.2140E+01   5.5943E+01   2.1954E+01  -2.8378E+00   7.3480E-01   3.4546E+00  -2.3222E-01   6.0129E-02  -5.6538E-01
   2010.42   1.1985E+01   5.6078E+01   2.2035E+01  -3.1266E+00   8.1200E-01   3.8077E+00  -2.5585E-01   6.6446E-02  -6.2318E-01
   2010.50   1.1851E+01   5.6206E+01   2.2102E+01  -3.3773E+00   8.7907E-01   4.1143E+00  -2.7637E-01   7.1934E-02  -6.7335E-01
   2010.58   1.1739E+01   5.6326E+01   2.2155E+01  -3.5900E+00   9.3601E-01   4.3743E+00  -2.9377E-01   7.6594E-02  -7.1590E-01
   2010.67   1.1649E+01   5.6440E+01   2.2194E+01  -3.7644E+00   9.8282E-01   4.5878E+00  -3.0805E-01   8.0424E-02  -7.5084E-01
   2010.75   1.1581E+01   5.6546E+01   2.2218E+01  -3.9008E+00   1.0195E+00   4.7546E+00  -3.1921E-01   8.3426E-02  -7.7815E-01
   2010.83   1.1534E+01   5.6645E+01   2.2228E+01  -3.9991E+00   1.0460E+00   4.8749E+00  -3.2725E-01   8.5598E-02  -7.9784E-01
   2010.92   1.1508E+01   5.6737E+01   2.2225E+01  -4.0593E+00   1.0625E+00   4.9487E+00  -3.3217E-01   8.6942E-02  -8.0991E-01
   2011.00   1.1505E+01   5.6822E+01   2.2207E+01  -4.0814E+00   1.0688E+00   4.9759E+00  -3.3398E-01   8.7457E-02  -8.1435E-01
   2011.08   1.1523E+01   5.6900E+01   2.2175E+01  -4.0653E+00   1.0649E+00   4.9565E+00  -3.3267E-01   8.7143E-02  -8.1118E-01
   2011.17   1.1562E+01   5.6970E+01   2.2129E+01  -4.0112E+00   1.0509E+00   4.8905E+00  -3.2824E-01   8.5999E-02  -8.0039E-01
   2011.25   1.1623E+01   5.7033E+01   2.2068E+01  -3.9189E+00   1.0268E+00   4.7780E+00  -3.2069E-01   8.4027E-02  -7.8197E-01
   2011.33   1.1706E+01   5.7089E+01   2.1994E+01  -3.7886E+00   9.9262E-01   4.6189E+00  -3.1002E-01   8.1226E-02  -7.5594E-01
   2011.42   1.1810E+01   5.7138E+01   2.1905E+01  -3.6201E+00   9.4826E-01   4.4133E+00  -2.9623E-01   7.7596E-02  -7.2228E-01
   2011.50   1.1936E+01   5.7180E+01   2.1803E+01  -3.4135E+00   8.9377E-01   4.1611E+00  -2.7933E-01   7.3137E-02  -6.8100E-01
   2011.58   1.2084E+01   5.7215E+01   2.1686E+01  -3.1689E+00   8.2915E-01   3.8623E+00  -2.5931E-01   6.7850E-02  -6.3211E-01
   2011.67   1.2253E+01   5.7242E+01   2.1555E+01  -2.8861E+00   7.5440E-01   3.5170E+00  -2.3617E-01   6.1733E-02  -5.7559E-01
   2011.75   1.2444E+01   5.7262E+01   2.1410E+01  -2.5652E+00   6.6952E-01   3.1251E+00  -2.0991E-01   5.4787E-02  -5.1145E-01
   2011.83   1.2656E+01   5.7276E+01   2.1251E+01  -2.2062E+00   5.7451E-01   2.6866E+00  -1.8053E-01   4.7013E-02  -4.3969E-01
   2011.92   1.2891E+01   5.7282E+01   2.1077E+01  -1.8091E+00   4.6937E-01   2.2015E+00  -1.4804E-01   3.8409E-02  -3.6031E-01
   2012.00   1.3146E+01   5.7280E+01   2.0890E+01  -1.3739E+00   3.5410E-01   1.6699E+00  -1.1242E-01   2.8976E-02  -2.7330E-01
