   1960.00   1.9334E+01   8.6754E+00   4.2498E+01   3.0208E-01  -9.6822E-02  -1.7674E+00   2.4720E-02  -7.9230E-03   2.8925E-01
   1960.08   1.9418E+01   8.6518E+00   4.2863E+01   4.5640E-01  -1.4716E-01  -2.6694E+00   3.7348E-02  -1.2042E-02   4.3688E-01
   1960.17   1.9500E+01   8.6218E+00   4.3194E+01   5.9953E-01  -1.9385E-01  -3.5060E+00   4.9060E-02  -1.5863E-02   5.7380E-01
   1960.25   1.9578E+01   8.5853E+00   4.3490E+01   7.3147E-01  -2.3688E-01  -4.2773E+00   5.9857E-02  -1.9384E-02   7.0002E-01
   1960.33   1.9654E+01   8.5424E+00   4.3753E+01   8.5222E-01  -2.7626E-01  -4.9831E+00   6.9737E-02  -2.2606E-02   8.1554E-01
   1960.42   1.9727E+01   8.4930E+00   4.3980E+01   9.6177E-01  -3.1198E-01  -5.6235E+00   7.8702E-02  -2.5530E-02   9.2035E-01
   1960.50   1.9797E+01   8.4372E+00   4.4174E+01   1.0601E+00  -3.4405E-01  -6.1986E+00   8.6751E-02  -2.8154E-02   1.0145E+00
   1960.58   1.9865E+01   8.3750E+00   4.4333E+01   1.1473E+00  -3.7246E-01  -6.7082E+00   9.3885E-02  -3.0479E-02   1.0979E+00
   1960.67   1.9929E+01   8.3063E+00   4.4458E+01   1.2233E+00  -3.9722E-01  -7.1524E+00   1.0010E-01  -3.2505E-02   1.1706E+00
   1960.75   1.9991E+01   8.2312E+00   4.4548E+01   1.2881E+00  -4.1833E-01  -7.5312E+00   1.0540E-01  -3.4232E-02   1.2326E+00
   1960.83   2.0049E+01   8.1496E+00   4.4604E+01   1.3417E+00  -4.3578E-01  -7.8446E+00   1.0979E-01  -3.5660E-02   1.2839E+00
   1960.92   2.0105E+01   8.0616E+00   4.4625E+01   1.3841E+00  -4.4958E-01  -8.0927E+00   1.1326E-01  -3.6789E-02   1.3245E+00
   1961.00   2.0158E+01   7.9672E+00   4.4612E+01   1.4153E+00  -4.5972E-01  -8.2753E+00   1.1581E-01  -3.7619E-02   1.3543E+00
   1961.08   2.0208E+01   7.8663E+00   4.4565E+01   1.4353E+00  -4.6621E-01  -8.3925E+00   1.1745E-01  -3.8150E-02   1.3735E+00
   1961.17   2.0256E+01   7.7590E+00   4.4483E+01   1.4441E+00  -4.6904E-01  -8.4443E+00   1.1818E-01  -3.8382E-02   1.3820E+00
   1961.25   2.0300E+01   7.6453E+00   4.4367E+01   1.4418E+00  -4.6822E-01  -8.4307E+00   1.1798E-01  -3.8314E-02   1.3798E+00
   1961.33   2.0342E+01   7.5251E+00   4.4217E+01   1.4282E+00  -4.6374E-01  -8.3517E+00   1.1687E-01  -3.7948E-02   1.3668E+00
   1961.42   2.0380E+01   7.3984E+00   4.4032E+01   1.4035E+00  -4.5561E-01  -8.2073E+00   1.1485E-01  -3.7283E-02   1.3432E+00
   1961.50   2.0416E+01   7.2653E+00   4.3812E+01   1.3676E+00  -4.4383E-01  -7.9975E+00   1.1191E-01  -3.6318E-02   1.3089E+00
   1961.58   2.0449E+01   7.1258E+00   4.3559E+01   1.3204E+00  -4.2839E-01  -7.7223E+00   1.0805E-01  -3.5055E-02   1.2638E+00
   1961.67   2.0479E+01   6.9799E+00   4.3271E+01   1.2621E+00  -4.0929E-01  -7.3817E+00   1.0328E-01  -3.3493E-02   1.2081E+00
   1961.75   2.0507E+01   6.8275E+00   4.2948E+01   1.1926E+00  -3.8654E-01  -6.9757E+00   9.7592E-02  -3.1631E-02   1.1417E+00
   1961.83   2.0531E+01   6.6686E+00   4.2592E+01   1.1119E+00  -3.6014E-01  -6.5043E+00   9.0988E-02  -2.9470E-02   1.0645E+00
   1961.92   2.0553E+01   6.5034E+00   4.2200E+01   1.0200E+00  -3.3008E-01  -5.9675E+00   8.3468E-02  -2.7011E-02   9.7665E-01
   1962.00   2.0571E+01   6.3317E+00   4.1775E+01   9.1693E-01  -2.9637E-01  -5.3653E+00   7.5033E-02  -2.4252E-02   8.7809E-01
   1962.08   2.0586E+01   6.1572E+00   4.1348E+01   8.1164E-01  -2.6194E-01  -4.7502E+00   6.6417E-02  -2.1435E-02   7.7742E-01
   1962.17   2.0595E+01   5.9838E+00   4.0955E+01   7.1312E-01  -2.2974E-01  -4.1747E+00   5.8355E-02  -1.8800E-02   6.8323E-01
   1962.25   2.0599E+01   5.8114E+00   4.0595E+01   6.2138E-01  -1.9977E-01  -3.6387E+00   5.0848E-02  -1.6347E-02   5.9551E-01
   1962.33   2.0598E+01   5.6400E+00   4.0267E+01   5.3641E-01  -1.7201E-01  -3.1423E+00   4.3895E-02  -1.4076E-02   5.1427E-01
   1962.42   2.0591E+01   5.4697E+00   3.9973E+01   4.5822E-01  -1.4648E-01  -2.6854E+00   3.7496E-02  -1.1987E-02   4.3950E-01
   1962.50   2.0579E+01   5.3003E+00   3.9711E+01   3.8680E-01  -1.2318E-01  -2.2682E+00   3.1652E-02  -1.0080E-02   3.7121E-01
   1962.58   2.0561E+01   5.1320E+00   3.9483E+01   3.2216E-01  -1.0210E-01  -1.8905E+00   2.6362E-02  -8.3551E-03   3.0940E-01
   1962.67   2.0538E+01   4.9647E+00   3.9287E+01   2.6429E-01  -8.3248E-02  -1.5524E+00   2.1627E-02  -6.8122E-03   2.5406E-01
   1962.75   2.0510E+01   4.7984E+00   3.9125E+01   2.1319E-01  -6.6619E-02  -1.2538E+00   1.7446E-02  -5.4514E-03   2.0520E-01
   1962.83   2.0476E+01   4.6331E+00   3.8995E+01   1.6887E-01  -5.2214E-02  -9.9484E-01   1.3819E-02  -4.2727E-03   1.6282E-01
   1962.92   2.0437E+01   4.4688E+00   3.8898E+01   1.3133E-01  -4.0034E-02  -7.7543E-01   1.0747E-02  -3.2760E-03   1.2691E-01
   1963.00   2.0393E+01   4.3055E+00   3.8835E+01   1.0056E-01  -3.0079E-02  -5.9560E-01   8.2285E-03  -2.4613E-03   9.7476E-02
   1963.08   2.0343E+01   4.1433E+00   3.8804E+01   7.6559E-02  -2.2348E-02  -4.5534E-01   6.2648E-03  -1.8287E-03   7.4521E-02
   1963.17   2.0288E+01   3.9821E+00   3.8806E+01   5.9337E-02  -1.6842E-02  -3.5465E-01   4.8556E-03  -1.3782E-03   5.8042E-02
   1963.25   2.0227E+01   3.8219E+00   3.8841E+01   4.8889E-02  -1.3560E-02  -2.9353E-01   4.0006E-03  -1.1096E-03   4.8039E-02
   1963.33   2.0161E+01   3.6627E+00   3.8910E+01   4.5217E-02  -1.2503E-02  -2.7198E-01   3.7001E-03  -1.0232E-03   4.4513E-02
   1963.42   2.0090E+01   3.5045E+00   3.9011E+01   4.8318E-02  -1.3671E-02  -2.9001E-01   3.9539E-03  -1.1187E-03   4.7463E-02
   1963.50   2.0013E+01   3.3473E+00   3.9145E+01   5.8195E-02  -1.7064E-02  -3.4760E-01   4.7621E-03  -1.3963E-03   5.6889E-02
   1963.58   1.9931E+01   3.1912E+00   3.9312E+01   7.4846E-02  -2.2681E-02  -4.4477E-01   6.1246E-03  -1.8560E-03   7.2792E-02
   1963.67   1.9844E+01   3.0360E+00   3.9512E+01   9.8271E-02  -3.0523E-02  -5.8151E-01   8.0416E-03  -2.4977E-03   9.5171E-02
   1963.75   1.9751E+01   2.8819E+00   3.9745E+01   1.2847E-01  -4.0589E-02  -7.5783E-01   1.0513E-02  -3.3214E-03   1.2403E-01
   1963.83   1.9653E+01   2.7288E+00   4.0011E+01   1.6545E-01  -5.2880E-02  -9.7371E-01   1.3539E-02  -4.3272E-03   1.5936E-01
   1963.92   1.9550E+01   2.5767E+00   4.0310E+01   2.0920E-01  -6.7396E-02  -1.2292E+00   1.7119E-02  -5.5151E-03   2.0117E-01
   1964.00   1.9441E+01   2.4257E+00   4.0642E+01   2.5972E-01  -8.4137E-02  -1.5242E+00   2.1253E-02  -6.8849E-03   2.4945E-01
   1964.08   1.9327E+01   2.2798E+00   4.0983E+01   3.0974E-01  -1.0070E-01  -1.8163E+00   2.5346E-02  -8.2402E-03   2.9726E-01
   1964.17   1.9210E+01   2.1434E+00   4.1310E+01   3.5197E-01  -1.1468E-01  -2.0631E+00   2.8801E-02  -9.3841E-03   3.3765E-01
   1964.25   1.9089E+01   2.0165E+00   4.1623E+01   3.8641E-01  -1.2607E-01  -2.2646E+00   3.1620E-02  -1.0317E-02   3.7062E-01
   1964.33   1.8964E+01   1.8990E+00   4.1921E+01   4.1306E-01  -1.3489E-01  -2.4207E+00   3.3801E-02  -1.1038E-02   3.9617E-01
   1964.42   1.8836E+01   1.7910E+00   4.2205E+01   4.3192E-01  -1.4112E-01  -2.5314E+00   3.5344E-02  -1.1548E-02   4.1430E-01
   1964.50   1.8703E+01   1.6924E+00   4.2475E+01   4.4300E-01  -1.4477E-01  -2.5969E+00   3.6251E-02  -1.1847E-02   4.2500E-01
   1964.58   1.8567E+01   1.6033E+00   4.2730E+01   4.4629E-01  -1.4584E-01  -2.6169E+00   3.6520E-02  -1.1934E-02   4.2829E-01
   1964.67   1.8427E+01   1.5236E+00   4.2971E+01   4.4179E-01  -1.4432E-01  -2.5917E+00   3.6152E-02  -1.1810E-02   4.2415E-01
   1964.75   1.8284E+01   1.4534E+00   4.3198E+01   4.2950E-01  -1.4022E-01  -2.5210E+00   3.5146E-02  -1.1474E-02   4.1259E-01
   1964.83   1.8136E+01   1.3926E+00   4.3410E+01   4.0942E-01  -1.3354E-01  -2.4051E+00   3.3503E-02  -1.0928E-02   3.9361E-01
   1964.92   1.7985E+01   1.3413E+00   4.3608E+01   3.8156E-01  -1.2428E-01  -2.2438E+00   3.1223E-02  -1.0170E-02   3.6721E-01
   1965.00   1.7829E+01   1.2994E+00   4.3792E+01   3.4591E-01  -1.1243E-01  -2.0371E+00   2.8306E-02  -9.2004E-03   3.3339E-01
   1965.08   1.7670E+01   1.2670E+00   4.3962E+01   3.0246E-01  -9.8004E-02  -1.7851E+00   2.4751E-02  -8.0197E-03   2.9215E-01
   1965.17   1.7508E+01   1.2441E+00   4.4117E+01   2.5124E-01  -8.0994E-02  -1.4878E+00   2.0559E-02  -6.6278E-03   2.4349E-01
   1965.25   1.7341E+01   1.2305E+00   4.4258E+01   1.9222E-01  -6.1401E-02  -1.1451E+00   1.5729E-02  -5.0244E-03   1.8740E-01
   1965.33   1.7171E+01   1.2265E+00   4.4384E+01   1.2541E-01  -3.9225E-02  -7.5702E-01   1.0263E-02  -3.2098E-03   1.2390E-01
   1965.42   1.6997E+01   1.2319E+00   4.4497E+01   5.0820E-02  -1.4467E-02  -3.2364E-01   4.1586E-03  -1.1839E-03   5.2967E-02
   1965.50   1.6819E+01   1.2467E+00   4.4594E+01  -3.1562E-02   1.2873E-02   1.5508E-01  -2.5827E-03   1.0534E-03  -2.5381E-02
   1965.58   1.6637E+01   1.2710E+00   4.4678E+01  -1.2173E-01   4.2796E-02   6.7916E-01  -9.9614E-03   3.5020E-03  -1.1115E-01
   1965.67   1.6452E+01   1.3048E+00   4.4747E+01  -2.1969E-01   7.5302E-02   1.2486E+00  -1.7977E-02   6.1620E-03  -2.0434E-01
   1965.75   1.6262E+01   1.3480E+00   4.4802E+01  -3.2544E-01   1.1039E-01   1.8633E+00  -2.6631E-02   9.0332E-03  -3.0496E-01
   1965.83   1.6069E+01   1.4006E+00   4.4843E+01  -4.3897E-01   1.4806E-01   2.5234E+00  -3.5921E-02   1.2116E-02  -4.1299E-01
   1965.92   1.5872E+01   1.4628E+00   4.4869E+01  -5.6029E-01   1.8831E-01   3.2289E+00  -4.5849E-02   1.5410E-02  -5.2844E-01
   1966.00   1.5672E+01   1.5343E+00   4.4881E+01  -6.8940E-01   2.3115E-01   3.9797E+00  -5.6414E-02   1.8915E-02  -6.5132E-01
   1966.08   1.5478E+01   1.6088E+00   4.4904E+01  -8.1684E-01   2.7342E-01   4.7208E+00  -6.6842E-02   2.2374E-02  -7.7261E-01
   1966.17   1.5301E+01   1.6796E+00   4.4961E+01  -9.3314E-01   3.1200E-01   5.3971E+00  -7.6359E-02   2.5531E-02  -8.8329E-01
   1966.25   1.5141E+01   1.7467E+00   4.5053E+01  -1.0383E+00   3.4688E-01   6.0086E+00  -8.4964E-02   2.8385E-02  -9.8337E-01
   1966.33   1.4998E+01   1.8102E+00   4.5180E+01  -1.1323E+00   3.7806E-01   6.5554E+00  -9.2658E-02   3.0936E-02  -1.0729E+00
   1966.42   1.4872E+01   1.8700E+00   4.5341E+01  -1.2152E+00   4.0553E-01   7.0373E+00  -9.9440E-02   3.3185E-02  -1.1517E+00
   1966.50   1.4763E+01   1.9262E+00   4.5538E+01  -1.2869E+00   4.2931E-01   7.4545E+00  -1.0531E-01   3.5131E-02  -1.2200E+00
   1966.58   1.4671E+01   1.9787E+00   4.5769E+01  -1.3475E+00   4.4939E-01   7.8069E+00  -1.1027E-01   3.6774E-02  -1.2777E+00
   1966.67   1.4596E+01   2.0276E+00   4.6036E+01  -1.3970E+00   4.6577E-01   8.0946E+00  -1.1432E-01   3.8114E-02  -1.3248E+00
   1966.75   1.4538E+01   2.0728E+00   4.6337E+01  -1.4353E+00   4.7845E-01   8.3174E+00  -1.1745E-01   3.9151E-02  -1.3612E+00
   1966.83   1.4497E+01   2.1143E+00   4.6673E+01  -1.4625E+00   4.8742E-01   8.4755E+00  -1.1968E-01   3.9886E-02  -1.3871E+00
   1966.92   1.4473E+01   2.1522E+00   4.7044E+01  -1.4786E+00   4.9270E-01   8.5688E+00  -1.2099E-01   4.0318E-02  -1.4024E+00
   1967.00   1.4466E+01   2.1865E+00   4.7449E+01  -1.4835E+00   4.9428E-01   8.5974E+00  -1.2139E-01   4.0447E-02  -1.4071E+00
   1967.08   1.4476E+01   2.2170E+00   4.7890E+01  -1.4772E+00   4.9216E-01   8.5611E+00  -1.2088E-01   4.0274E-02  -1.4011E+00
   1967.17   1.4503E+01   2.2440E+00   4.8365E+01  -1.4599E+00   4.8634E-01   8.4601E+00  -1.1946E-01   3.9797E-02  -1.3846E+00
   1967.25   1.4548E+01   2.2672E+00   4.8875E+01  -1.4314E+00   4.7682E-01   8.2943E+00  -1.1713E-01   3.9018E-02  -1.3575E+00
   1967.33   1.4609E+01   2.2868E+00   4.9421E+01  -1.3917E+00   4.6360E-01   8.0637E+00  -1.1389E-01   3.7937E-02  -1.3197E+00
   1967.42   1.4687E+01   2.3028E+00   5.0000E+01  -1.3409E+00   4.4668E-01   7.7684E+00  -1.0973E-01   3.6552E-02  -1.2714E+00
   1967.50   1.4782E+01   2.3151E+00   5.0615E+01  -1.2790E+00   4.2606E-01   7.4083E+00  -1.0466E-01   3.4865E-02  -1.2124E+00
   1967.58   1.4894E+01   2.3237E+00   5.1265E+01  -1.2060E+00   4.0174E-01   6.9833E+00  -9.8684E-02   3.2875E-02  -1.1429E+00
   1967.67   1.5024E+01   2.3287E+00   5.1949E+01  -1.1218E+00   3.7372E-01   6.4937E+00  -9.1794E-02   3.0582E-02  -1.0628E+00
   1967.75   1.5170E+01   2.3300E+00   5.2669E+01  -1.0264E+00   3.4200E-01   5.9392E+00  -8.3992E-02   2.7986E-02  -9.7201E-01
   1967.83   1.5333E+01   2.3277E+00   5.3423E+01  -9.1994E-01   3.0658E-01   5.3200E+00  -7.5279E-02   2.5088E-02  -8.7067E-01
   1967.92   1.5514E+01   2.3217E+00   5.4212E+01  -8.0233E-01   2.6746E-01   4.6359E+00  -6.5655E-02   2.1887E-02  -7.5872E-01
   1968.00   1.5711E+01   2.3120E+00   5.5036E+01  -6.7357E-01   2.2464E-01   3.8871E+00  -5.5119E-02   1.8383E-02  -6.3617E-01
   1968.08   1.5915E+01   2.2988E+00   5.5859E+01  -5.4227E-01   1.8098E-01   3.1236E+00  -4.4374E-02   1.4810E-02  -5.1120E-01
   1968.17   1.6115E+01   2.2821E+00   5.6647E+01  -4.1701E-01   1.3932E-01   2.3951E+00  -3.4124E-02   1.1401E-02  -3.9199E-01
   1968.25   1.6312E+01   2.2618E+00   5.7398E+01  -2.9779E-01   9.9673E-02   1.7019E+00  -2.4368E-02   8.1563E-03  -2.7853E-01
   1968.33   1.6505E+01   2.2381E+00   5.8114E+01  -1.8461E-01   6.2031E-02   1.0438E+00  -1.5106E-02   5.0760E-03  -1.7082E-01
   1968.42   1.6694E+01   2.2109E+00   5.8794E+01  -7.7468E-02   2.6396E-02   4.2084E-01  -6.3392E-03   2.1600E-03  -6.8875E-02
   1968.50   1.6879E+01   2.1802E+00   5.9437E+01   2.3630E-02  -7.2307E-03  -1.6692E-01   1.9336E-03  -5.9169E-04   2.7318E-02
   1968.58   1.7061E+01   2.1459E+00   6.0045E+01   1.1869E-01  -3.8850E-02  -7.1950E-01   9.7121E-03  -3.1791E-03   1.1775E-01
   1968.67   1.7239E+01   2.1082E+00   6.0617E+01   2.0770E-01  -6.8462E-02  -1.2369E+00   1.6996E-02  -5.6023E-03   2.0244E-01
   1968.75   1.7413E+01   2.0670E+00   6.1153E+01   2.9067E-01  -9.6067E-02  -1.7192E+00   2.3786E-02  -7.8612E-03   2.8136E-01
   1968.83   1.7584E+01   2.0222E+00   6.1653E+01   3.6760E-01  -1.2166E-01  -2.1663E+00   3.0081E-02  -9.9558E-03   3.5453E-01
   1968.92   1.7751E+01   1.9740E+00   6.2117E+01   4.3850E-01  -1.4525E-01  -2.5782E+00   3.5882E-02  -1.1886E-02   4.2195E-01
   1969.00   1.7914E+01   1.9223E+00   6.2545E+01   5.0334E-01  -1.6684E-01  -2.9549E+00   4.1189E-02  -1.3652E-02   4.8361E-01
   1969.08   1.8073E+01   1.8670E+00   6.2938E+01   5.6215E-01  -1.8641E-01  -3.2965E+00   4.6001E-02  -1.5254E-02   5.3951E-01
   1969.17   1.8229E+01   1.8083E+00   6.3294E+01   6.1492E-01  -2.0398E-01  -3.6029E+00   5.0319E-02  -1.6692E-02   5.8966E-01
   1969.25   1.8381E+01   1.7460E+00   6.3614E+01   6.6165E-01  -2.1954E-01  -3.8742E+00   5.4143E-02  -1.7965E-02   6.3405E-01
   1969.33   1.8529E+01   1.6803E+00   6.3899E+01   7.0233E-01  -2.3309E-01  -4.1102E+00   5.7472E-02  -1.9074E-02   6.7268E-01
   1969.42   1.8674E+01   1.6111E+00   6.4147E+01   7.3697E-01  -2.4463E-01  -4.3111E+00   6.0307E-02  -2.0018E-02   7.0556E-01
   1969.50   1.8815E+01   1.5383E+00   6.4360E+01   7.6557E-01  -2.5417E-01  -4.4769E+00   6.2647E-02  -2.0799E-02   7.3269E-01
   1969.58   1.8952E+01   1.4621E+00   6.4537E+01   7.8813E-01  -2.6170E-01  -4.6074E+00   6.4493E-02  -2.1415E-02   7.5406E-01
   1969.67   1.9085E+01   1.3823E+00   6.4678E+01   8.0465E-01  -2.6722E-01  -4.7028E+00   6.5845E-02  -2.1867E-02   7.6967E-01
   1969.75   1.9215E+01   1.2991E+00   6.4782E+01   8.1513E-01  -2.7074E-01  -4.7631E+00   6.6703E-02  -2.2154E-02   7.7953E-01
   1969.83   1.9341E+01   1.2124E+00   6.4851E+01   8.1957E-01  -2.7224E-01  -4.7881E+00   6.7066E-02  -2.2278E-02   7.8363E-01
   1969.92   1.9463E+01   1.1221E+00   6.4884E+01   8.1796E-01  -2.7174E-01  -4.7780E+00   6.6934E-02  -2.2237E-02   7.8198E-01
   1970.00   1.9582E+01   1.0284E+00   6.4881E+01   8.1032E-01  -2.6923E-01  -4.7328E+00   6.6309E-02  -2.2031E-02   7.7457E-01
   1970.08   1.9708E+01   9.4122E-01   6.4842E+01   7.9764E-01  -2.6505E-01  -4.6584E+00   6.5271E-02  -2.1689E-02   7.6239E-01
   1970.17   1.9854E+01   8.7070E-01   6.4766E+01   7.8093E-01  -2.5953E-01  -4.5609E+00   6.3904E-02  -2.1237E-02   7.4644E-01
   1970.25   2.0019E+01   8.1684E-01   6.4654E+01   7.6020E-01  -2.5266E-01  -4.4404E+00   6.2207E-02  -2.0675E-02   7.2671E-01
   1970.33   2.0203E+01   7.7964E-01   6.4505E+01   7.3543E-01  -2.4446E-01  -4.2967E+00   6.0181E-02  -2.0004E-02   7.0321E-01
   1970.42   2.0406E+01   7.5909E-01   6.4320E+01   7.0665E-01  -2.3491E-01  -4.1300E+00   5.7825E-02  -1.9223E-02   6.7592E-01
   1970.50   2.0628E+01   7.5519E-01   6.4098E+01   6.7383E-01  -2.2402E-01  -3.9402E+00   5.5140E-02  -1.8332E-02   6.4486E-01
   1970.58   2.0870E+01   7.6794E-01   6.3839E+01   6.3699E-01  -2.1180E-01  -3.7274E+00   5.2125E-02  -1.7331E-02   6.1003E-01
   1970.67   2.1131E+01   7.9735E-01   6.3544E+01   5.9612E-01  -1.9823E-01  -3.4914E+00   4.8780E-02  -1.6221E-02   5.7141E-01
   1970.75   2.1411E+01   8.4341E-01   6.3212E+01   5.5122E-01  -1.8332E-01  -3.2324E+00   4.5106E-02  -1.5001E-02   5.2902E-01
   1970.83   2.1710E+01   9.0612E-01   6.2844E+01   5.0229E-01  -1.6707E-01  -2.9503E+00   4.1103E-02  -1.3671E-02   4.8285E-01
   1970.92   2.2028E+01   9.8549E-01   6.2439E+01   4.4934E-01  -1.4948E-01  -2.6452E+00   3.6770E-02  -1.2232E-02   4.3291E-01
   1971.00   2.2366E+01   1.0815E+00   6.1997E+01   3.9236E-01  -1.3054E-01  -2.3169E+00   3.2107E-02  -1.0682E-02   3.7919E-01
   1971.08   2.2723E+01   1.1942E+00   6.1519E+01   3.3136E-01  -1.1027E-01  -1.9656E+00   2.7115E-02  -9.0235E-03   3.2169E-01
   1971.17   2.3099E+01   1.3235E+00   6.1005E+01   2.6632E-01  -8.8656E-02  -1.5912E+00   2.1793E-02  -7.2548E-03   2.6042E-01
   1971.25   2.3494E+01   1.4695E+00   6.0454E+01   1.9726E-01  -6.5701E-02  -1.1937E+00   1.6142E-02  -5.3763E-03   1.9536E-01
   1971.33   2.3909E+01   1.6321E+00   5.9866E+01   1.2418E-01  -4.1405E-02  -7.7316E-01   1.0161E-02  -3.3882E-03   1.2654E-01
   1971.42   2.4342E+01   1.8114E+00   5.9242E+01   4.7061E-02  -1.5768E-02  -3.2952E-01   3.8510E-03  -1.2903E-03   5.3930E-02
   1971.50   2.4795E+01   2.0074E+00   5.8581E+01  -3.4081E-02   1.1210E-02   1.3719E-01  -2.7888E-03   9.1729E-04  -2.2453E-02
   1971.58   2.5267E+01   2.2200E+00   5.7883E+01  -1.1925E-01   3.9528E-02   6.2698E-01  -9.7582E-03   3.2346E-03  -1.0261E-01
   1971.67   2.5759E+01   2.4492E+00   5.7149E+01  -2.0845E-01   6.9188E-02   1.1399E+00  -1.7057E-02   5.6617E-03  -1.8655E-01
   1971.75   2.6269E+01   2.6951E+00   5.6379E+01  -3.0167E-01   1.0019E-01   1.6758E+00  -2.4686E-02   8.1985E-03  -2.7426E-01
   1971.83   2.6799E+01   2.9577E+00   5.5571E+01  -3.9892E-01   1.3253E-01   2.2348E+00  -3.2644E-02   1.0845E-02  -3.6575E-01
   1971.92   2.7348E+01   3.2369E+00   5.4728E+01  -5.0020E-01   1.6621E-01   2.8169E+00  -4.0931E-02   1.3601E-02  -4.6102E-01
   1972.00   2.7916E+01   3.5327E+00   5.3847E+01  -6.0550E-01   2.0124E-01   3.4221E+00  -4.9549E-02   1.6467E-02  -5.6006E-01
   1972.08   2.8493E+01   3.8343E+00   5.2964E+01  -7.0700E-01   2.3499E-01   4.0055E+00  -5.7854E-02   1.9230E-02  -6.5554E-01
   1972.17   2.9069E+01   4.1307E+00   5.2113E+01  -7.9687E-01   2.6488E-01   4.5221E+00  -6.5208E-02   2.1675E-02  -7.4009E-01
   1972.25   2.9642E+01   4.4218E+00   5.1292E+01  -8.7511E-01   2.9090E-01   4.9720E+00  -7.1610E-02   2.3804E-02  -8.1372E-01
   1972.33   3.0215E+01   4.7078E+00   5.0503E+01  -9.4170E-01   3.1304E-01   5.3551E+00  -7.7060E-02   2.5616E-02  -8.7642E-01
   1972.42   3.0785E+01   4.9885E+00   4.9745E+01  -9.9667E-01   3.3132E-01   5.6716E+00  -8.1558E-02   2.7112E-02  -9.2821E-01
   1972.50   3.1354E+01   5.2640E+00   4.9019E+01  -1.0400E+00   3.4572E-01   5.9213E+00  -8.5104E-02   2.8290E-02  -9.6908E-01
   1972.58   3.1922E+01   5.5343E+00   4.8324E+01  -1.0717E+00   3.5625E-01   6.1042E+00  -8.7698E-02   2.9152E-02  -9.9903E-01
   1972.67   3.2488E+01   5.7994E+00   4.7660E+01  -1.0918E+00   3.6292E-01   6.2205E+00  -8.9339E-02   2.9698E-02  -1.0181E+00
   1972.75   3.3052E+01   6.0593E+00   4.7027E+01  -1.1002E+00   3.6571E-01   6.2700E+00  -9.0029E-02   2.9926E-02  -1.0262E+00
   1972.83   3.3615E+01   6.3139E+00   4.6426E+01  -1.0970E+00   3.6463E-01   6.2528E+00  -8.9767E-02   2.9838E-02  -1.0233E+00
   1972.92   3.4176E+01   6.5634E+00   4.5855E+01  -1.0822E+00   3.5968E-01   6.1689E+00  -8.8553E-02   2.9432E-02  -1.0096E+00
   1973.00   3.4736E+01   6.8076E+00   4.5317E+01  -1.0557E+00   3.5085E-01   6.0182E+00  -8.6387E-02   2.8711E-02  -9.8494E-01
   1973.08   3.5294E+01   7.0466E+00   4.4809E+01  -1.0176E+00   3.3816E-01   5.8008E+00  -8.3268E-02   2.7672E-02  -9.4936E-01
   1973.17   3.5850E+01   7.2805E+00   4.4333E+01  -9.6783E-01   3.2160E-01   5.5166E+00  -7.9198E-02   2.6317E-02  -9.0286E-01
   1973.25   3.6405E+01   7.5090E+00   4.3888E+01  -9.0646E-01   3.0116E-01   5.1658E+00  -7.4176E-02   2.4644E-02  -8.4544E-01
   1973.33   3.6958E+01   7.7324E+00   4.3474E+01  -8.3345E-01   2.7686E-01   4.7482E+00  -6.8202E-02   2.2656E-02  -7.7709E-01
   1973.42   3.7510E+01   7.9506E+00   4.3092E+01  -7.4881E-01   2.4868E-01   4.2639E+00  -6.1275E-02   2.0350E-02  -6.9783E-01
   1973.50   3.8060E+01   8.1635E+00   4.2740E+01  -6.5253E-01   2.1664E-01   3.7128E+00  -5.3397E-02   1.7727E-02  -6.0764E-01
   1973.58   3.8609E+01   8.3713E+00   4.2420E+01  -5.4462E-01   1.8072E-01   3.0951E+00  -4.4567E-02   1.4788E-02  -5.0654E-01
   1973.67   3.9155E+01   8.5738E+00   4.2132E+01  -4.2508E-01   1.4093E-01   2.4105E+00  -3.4785E-02   1.1532E-02  -3.9451E-01
   1973.75   3.9701E+01   8.7711E+00   4.1875E+01  -2.9390E-01   9.7270E-02   1.6593E+00  -2.4050E-02   7.9597E-03  -2.7156E-01
   1973.83   4.0245E+01   8.9632E+00   4.1649E+01  -1.5109E-01   4.9740E-02   8.4134E-01  -1.2364E-02   4.0702E-03  -1.3769E-01
   1973.92   4.0787E+01   9.1501E+00   4.1454E+01   3.3532E-03  -1.6613E-03  -4.3357E-02   2.7440E-04  -1.3595E-04   7.0959E-03
   1974.00   4.1328E+01   9.3318E+00   4.1290E+01   1.6943E-01  -5.6934E-02  -9.9478E-01   1.3865E-02  -4.6589E-03   1.6281E-01
   1974.08   4.1859E+01   9.5151E+00   4.1116E+01   3.3405E-01  -1.1172E-01  -1.9380E+00   2.7336E-02  -9.1422E-03   3.1717E-01
   1974.17   4.2373E+01   9.7068E+00   4.0887E+01   4.8411E-01  -1.6167E-01  -2.7979E+00   3.9615E-02  -1.3229E-02   4.5791E-01
   1974.25   4.2871E+01   9.9070E+00   4.0604E+01   6.1962E-01  -2.0678E-01  -3.5747E+00   5.0704E-02  -1.6920E-02   5.8504E-01
   1974.33   4.3352E+01   1.0116E+01   4.0268E+01   7.4057E-01  -2.4704E-01  -4.2682E+00   6.0601E-02  -2.0216E-02   6.9854E-01
   1974.42   4.3816E+01   1.0333E+01   3.9878E+01   8.4696E-01  -2.8247E-01  -4.8785E+00   6.9307E-02  -2.3114E-02   7.9843E-01
   1974.50   4.4262E+01   1.0558E+01   3.9434E+01   9.3880E-01  -3.1305E-01  -5.4057E+00   7.6822E-02  -2.5617E-02   8.8469E-01
   1974.58   4.4692E+01   1.0792E+01   3.8935E+01   1.0161E+00  -3.3880E-01  -5.8495E+00   8.3146E-02  -2.7724E-02   9.5734E-01
   1974.67   4.5106E+01   1.1035E+01   3.8383E+01   1.0788E+00  -3.5970E-01  -6.2102E+00   8.8279E-02  -2.9435E-02   1.0164E+00
   1974.75   4.5502E+01   1.1285E+01   3.7778E+01   1.1270E+00  -3.7577E-01  -6.4877E+00   9.2220E-02  -3.0749E-02   1.0618E+00
   1974.83   4.5881E+01   1.1545E+01   3.7118E+01   1.1606E+00  -3.8699E-01  -6.6819E+00   9.4971E-02  -3.1668E-02   1.0936E+00
   1974.92   4.6244E+01   1.1812E+01   3.6404E+01   1.1796E+00  -3.9338E-01  -6.7930E+00   9.6530E-02  -3.2190E-02   1.1117E+00
   1975.00   4.6589E+01   1.2089E+01   3.5637E+01   1.1841E+00  -3.9492E-01  -6.8208E+00   9.6898E-02  -3.2317E-02   1.1163E+00
   1975.08   4.6918E+01   1.2373E+01   3.4815E+01   1.1741E+00  -3.9163E-01  -6.7654E+00   9.6075E-02  -3.2047E-02   1.1072E+00
   1975.17   4.7229E+01   1.2666E+01   3.3940E+01   1.1495E+00  -3.8349E-01  -6.6268E+00   9.4061E-02  -3.1381E-02   1.0845E+00
   1975.25   4.7524E+01   1.2968E+01   3.3011E+01   1.1103E+00  -3.7051E-01  -6.4049E+00   9.0855E-02  -3.0319E-02   1.0482E+00
   1975.33   4.7802E+01   1.3278E+01   3.2028E+01   1.0566E+00  -3.5270E-01  -6.0999E+00   8.6459E-02  -2.8861E-02   9.9831E-01
   1975.42   4.8063E+01   1.3596E+01   3.0991E+01   9.8828E-01  -3.3004E-01  -5.7116E+00   8.0871E-02  -2.7007E-02   9.3477E-01
   1975.50   4.8307E+01   1.3923E+01   2.9900E+01   9.0544E-01  -3.0254E-01  -5.2401E+00   7.4092E-02  -2.4757E-02   8.5760E-01
   1975.58   4.8534E+01   1.4258E+01   2.8755E+01   8.0804E-01  -2.7020E-01  -4.6854E+00   6.6122E-02  -2.2111E-02   7.6682E-01
   1975.67   4.8745E+01   1.4602E+01   2.7557E+01   6.9609E-01  -2.3302E-01  -4.0475E+00   5.6961E-02  -1.9068E-02   6.6242E-01
   1975.75   4.8938E+01   1.4954E+01   2.6304E+01   5.6958E-01  -1.9100E-01  -3.3264E+00   4.6609E-02  -1.5630E-02   5.4440E-01
   1975.83   4.9114E+01   1.5315E+01   2.4998E+01   4.2852E-01  -1.4415E-01  -2.5221E+00   3.5066E-02  -1.1795E-02   4.1276E-01
   1975.92   4.9274E+01   1.5684E+01   2.3638E+01   2.7290E-01  -9.2446E-02  -1.6345E+00   2.2331E-02  -7.5649E-03   2.6751E-01
   1976.00   4.9417E+01   1.6061E+01   2.2224E+01   1.0272E-01  -3.5906E-02  -6.6375E-01   8.4054E-03  -2.9382E-03   1.0863E-01
   1976.08   4.9545E+01   1.6432E+01   2.0799E+01  -6.7847E-02   2.0765E-02   3.0938E-01  -5.5519E-03   1.6992E-03  -5.0634E-02
   1976.17   4.9660E+01   1.6781E+01   1.9407E+01  -2.2463E-01   7.2859E-02   1.2040E+00  -1.8381E-02   5.9621E-03  -1.9705E-01
   1976.25   4.9762E+01   1.7107E+01   1.8047E+01  -3.6762E-01   1.2038E-01   2.0202E+00  -3.0083E-02   9.8504E-03  -3.3063E-01
   1976.33   4.9851E+01   1.7412E+01   1.6720E+01  -4.9684E-01   1.6332E-01   2.7579E+00  -4.0656E-02   1.3364E-02  -4.5136E-01
   1976.42   4.9927E+01   1.7694E+01   1.5426E+01  -6.1227E-01   2.0168E-01   3.4171E+00  -5.0102E-02   1.6503E-02  -5.5925E-01
   1976.50   4.9991E+01   1.7954E+01   1.4164E+01  -7.1391E-01   2.3546E-01   3.9978E+00  -5.8420E-02   1.9268E-02  -6.5429E-01
   1976.58   5.0042E+01   1.8193E+01   1.2935E+01  -8.0177E-01   2.6467E-01   4.5001E+00  -6.5609E-02   2.1658E-02  -7.3649E-01
   1976.67   5.0080E+01   1.8409E+01   1.1739E+01  -8.7585E-01   2.8930E-01   4.9238E+00  -7.1671E-02   2.3674E-02  -8.0584E-01
   1976.75   5.0105E+01   1.8603E+01   1.0575E+01  -9.3614E-01   3.0936E-01   5.2691E+00  -7.6605E-02   2.5315E-02  -8.6235E-01
   1976.83   5.0117E+01   1.8775E+01   9.4441E+00  -9.8265E-01   3.2483E-01   5.5359E+00  -8.0411E-02   2.6581E-02  -9.0601E-01
   1976.92   5.0116E+01   1.8925E+01   8.3456E+00  -1.0154E+00   3.3573E-01   5.7243E+00  -8.3089E-02   2.7473E-02  -9.3684E-01
   1977.00   5.0103E+01   1.9053E+01   7.2796E+00  -1.0343E+00   3.4205E-01   5.8341E+00  -8.4639E-02   2.7990E-02  -9.5481E-01
   1977.08   5.0076E+01   1.9159E+01   6.2463E+00  -1.0395E+00   3.4380E-01   5.8654E+00  -8.5061E-02   2.8133E-02  -9.5994E-01
   1977.17   5.0037E+01   1.9243E+01   5.2456E+00  -1.0309E+00   3.4096E-01   5.8183E+00  -8.4355E-02   2.7901E-02  -9.5223E-01
   1977.25   4.9985E+01   1.9305E+01   4.2776E+00  -1.0084E+00   3.3355E-01   5.6927E+00  -8.2522E-02   2.7295E-02  -9.3167E-01
   1977.33   4.9920E+01   1.9344E+01   3.3421E+00  -9.7226E-01   3.2157E-01   5.4886E+00  -7.9560E-02   2.6314E-02  -8.9827E-01
   1977.42   4.9843E+01   1.9362E+01   2.4393E+00  -9.2228E-01   3.0500E-01   5.2061E+00  -7.5470E-02   2.4958E-02  -8.5203E-01
   1977.50   4.9752E+01   1.9358E+01   1.5691E+00  -8.5852E-01   2.8386E-01   4.8450E+00  -7.0253E-02   2.3228E-02  -7.9294E-01
   1977.58   4.9649E+01   1.9331E+01   7.3152E-01  -7.8097E-01   2.5814E-01   4.4055E+00  -6.3907E-02   2.1124E-02  -7.2100E-01
   1977.67   4.9532E+01   1.9283E+01  -7.3435E-02  -6.8965E-01   2.2785E-01   3.8875E+00  -5.6434E-02   1.8645E-02  -6.3622E-01
   1977.75   4.9403E+01   1.9212E+01  -8.4577E-01  -5.8454E-01   1.9297E-01   3.2910E+00  -4.7833E-02   1.5791E-02  -5.3860E-01
   1977.83   4.9261E+01   1.9119E+01  -1.5855E+00  -4.6564E-01   1.5352E-01   2.6160E+00  -3.8104E-02   1.2563E-02  -4.2813E-01
   1977.92   4.9106E+01   1.9004E+01  -2.2926E+00  -3.3296E-01   1.0949E-01   1.8625E+00  -2.7246E-02   8.9599E-03  -3.0482E-01
   1978.00   4.8939E+01   1.8868E+01  -2.9671E+00  -1.8650E-01   6.0889E-02   1.0306E+00  -1.5261E-02   4.9826E-03  -1.6867E-01
   1978.08   4.8759E+01   1.8725E+01  -3.6196E+00  -3.9712E-02   1.2165E-02   1.9657E-01  -3.2496E-03   9.9550E-04  -3.2171E-02
   1978.17   4.8569E+01   1.8592E+01  -4.2608E+00   9.3941E-02  -3.2217E-02  -5.6313E-01   7.6872E-03  -2.6363E-03   9.2162E-02
   1978.25   4.8369E+01   1.8468E+01  -4.8908E+00   2.1446E-01  -7.2259E-02  -1.2485E+00   1.7549E-02  -5.9130E-03   2.0433E-01
   1978.33   4.8157E+01   1.8355E+01  -5.5094E+00   3.2184E-01  -1.0796E-01  -1.8596E+00   2.6336E-02  -8.8344E-03   3.0434E-01
   1978.42   4.7935E+01   1.8252E+01  -6.1168E+00   4.1609E-01  -1.3932E-01  -2.3963E+00   3.4049E-02  -1.1401E-02   3.9218E-01
   1978.50   4.7703E+01   1.8158E+01  -6.7129E+00   4.9720E-01  -1.6634E-01  -2.8587E+00   4.0686E-02  -1.3612E-02   4.6786E-01
   1978.58   4.7460E+01   1.8074E+01  -7.2977E+00   5.6518E-01  -1.8902E-01  -3.2468E+00   4.6249E-02  -1.5468E-02   5.3138E-01
   1978.67   4.7206E+01   1.8001E+01  -7.8712E+00   6.2003E-01  -2.0736E-01  -3.5606E+00   5.0737E-02  -1.6968E-02   5.8273E-01
   1978.75   4.6942E+01   1.7937E+01  -8.4334E+00   6.6174E-01  -2.2136E-01  -3.8001E+00   5.4150E-02  -1.8114E-02   6.2192E-01
   1978.83   4.6666E+01   1.7883E+01  -8.9843E+00   6.9031E-01  -2.3101E-01  -3.9652E+00   5.6489E-02  -1.8904E-02   6.4895E-01
   1978.92   4.6381E+01   1.7838E+01  -9.5240E+00   7.0575E-01  -2.3633E-01  -4.0560E+00   5.7752E-02  -1.9339E-02   6.6381E-01
   1979.00   4.6084E+01   1.7804E+01  -1.0052E+01   7.0806E-01  -2.3730E-01  -4.0725E+00   5.7941E-02  -1.9419E-02   6.6651E-01
   1979.08   4.5778E+01   1.7780E+01  -1.0569E+01   6.9723E-01  -2.3394E-01  -4.0147E+00   5.7055E-02  -1.9143E-02   6.5704E-01
   1979.17   4.5460E+01   1.7765E+01  -1.1075E+01   6.7327E-01  -2.2623E-01  -3.8825E+00   5.5094E-02  -1.8513E-02   6.3542E-01
   1979.25   4.5132E+01   1.7760E+01  -1.1570E+01   6.3617E-01  -2.1419E-01  -3.6760E+00   5.2058E-02  -1.7527E-02   6.0163E-01
   1979.33   4.4793E+01   1.7766E+01  -1.2053E+01   5.8593E-01  -1.9780E-01  -3.3953E+00   4.7947E-02  -1.6186E-02   5.5567E-01
   1979.42   4.4444E+01   1.7781E+01  -1.2525E+01   5.2257E-01  -1.7707E-01  -3.0402E+00   4.2762E-02  -1.4490E-02   4.9755E-01
   1979.50   4.4083E+01   1.7806E+01  -1.2985E+01   4.4606E-01  -1.5200E-01  -2.6107E+00   3.6502E-02  -1.2438E-02   4.2727E-01
   1979.58   4.3713E+01   1.7840E+01  -1.3435E+01   3.5643E-01  -1.2259E-01  -2.1070E+00   2.9166E-02  -1.0032E-02   3.4483E-01
   1979.67   4.3331E+01   1.7885E+01  -1.3873E+01   2.5365E-01  -8.8841E-02  -1.5289E+00   2.0757E-02  -7.2699E-03   2.5022E-01
   1979.75   4.2939E+01   1.7940E+01  -1.4300E+01   1.3775E-01  -5.0750E-02  -8.7650E-01   1.1272E-02  -4.1529E-03   1.4345E-01
   1979.83   4.2537E+01   1.8004E+01  -1.4715E+01   8.7060E-03  -8.3183E-03  -1.4979E-01   7.1242E-04  -6.8069E-04   2.4515E-02
   1979.92   4.2124E+01   1.8078E+01  -1.5119E+01  -1.3347E-01   3.8454E-02   6.5124E-01  -1.0922E-02   3.1467E-03  -1.0658E-01
   1980.00   4.1700E+01   1.8163E+01  -1.5512E+01  -2.8878E-01   8.9567E-02   1.5266E+00  -2.3631E-02   7.3293E-03  -2.4984E-01
   1980.08   4.1272E+01   1.8253E+01  -1.5891E+01  -4.4463E-01   1.4086E-01   2.4051E+00  -3.6384E-02   1.1527E-02  -3.9363E-01
   1980.17   4.0848E+01   1.8347E+01  -1.6253E+01  -5.8843E-01   1.8818E-01   3.2158E+00  -4.8152E-02   1.5399E-02  -5.2630E-01
   1980.25   4.0427E+01   1.8443E+01  -1.6598E+01  -7.2018E-01   2.3153E-01   3.9585E+00  -5.8933E-02   1.8946E-02  -6.4785E-01
   1980.33   4.0010E+01   1.8543E+01  -1.6927E+01  -8.3988E-01   2.7090E-01   4.6333E+00  -6.8727E-02   2.2168E-02  -7.5828E-01
   1980.42   3.9596E+01   1.8645E+01  -1.7238E+01  -9.4752E-01   3.0630E-01   5.2401E+00  -7.7536E-02   2.5065E-02  -8.5760E-01
   1980.50   3.9185E+01   1.8751E+01  -1.7533E+01  -1.0431E+00   3.3772E-01   5.7790E+00  -8.5358E-02   2.7636E-02  -9.4580E-01
   1980.58   3.8777E+01   1.8859E+01  -1.7811E+01  -1.1267E+00   3.6517E-01   6.2500E+00  -9.2194E-02   2.9882E-02  -1.0229E+00
   1980.67   3.8373E+01   1.8970E+01  -1.8072E+01  -1.1981E+00   3.8864E-01   6.6531E+00  -9.8044E-02   3.1802E-02  -1.0889E+00
   1980.75   3.7972E+01   1.9085E+01  -1.8317E+01  -1.2576E+00   4.0813E-01   6.9883E+00  -1.0291E-01   3.3398E-02  -1.1437E+00
   1980.83   3.7575E+01   1.9202E+01  -1.8544E+01  -1.3050E+00   4.2366E-01   7.2555E+00  -1.0679E-01   3.4668E-02  -1.1874E+00
   1980.92   3.7181E+01   1.9322E+01  -1.8755E+01  -1.3403E+00   4.3520E-01   7.4548E+00  -1.0968E-01   3.5613E-02  -1.2201E+00
   1981.00   3.6790E+01   1.9446E+01  -1.8949E+01  -1.3636E+00   4.4277E-01   7.5862E+00  -1.1158E-01   3.6232E-02  -1.2416E+00
   1981.08   3.6402E+01   1.9572E+01  -1.9126E+01  -1.3748E+00   4.4637E-01   7.6496E+00  -1.1250E-01   3.6527E-02  -1.2519E+00
   1981.17   3.6018E+01   1.9701E+01  -1.9286E+01  -1.3740E+00   4.4599E-01   7.6452E+00  -1.1243E-01   3.6496E-02  -1.2512E+00
   1981.25   3.5637E+01   1.9833E+01  -1.9430E+01  -1.3611E+00   4.4164E-01   7.5728E+00  -1.1138E-01   3.6140E-02  -1.2394E+00
   1981.33   3.5260E+01   1.9968E+01  -1.9556E+01  -1.3362E+00   4.3331E-01   7.4324E+00  -1.0934E-01   3.5458E-02  -1.2164E+00
   1981.42   3.4885E+01   2.0106E+01  -1.9666E+01  -1.2992E+00   4.2101E-01   7.2242E+00  -1.0631E-01   3.4451E-02  -1.1823E+00
   1981.50   3.4515E+01   2.0247E+01  -1.9759E+01  -1.2502E+00   4.0473E-01   6.9480E+00  -1.0230E-01   3.3119E-02  -1.1371E+00
   1981.58   3.4147E+01   2.0391E+01  -1.9836E+01  -1.1891E+00   3.8448E-01   6.6039E+00  -9.7302E-02   3.1462E-02  -1.0808E+00
   1981.67   3.3783E+01   2.0538E+01  -1.9895E+01  -1.1159E+00   3.6025E-01   6.1919E+00  -9.1317E-02   2.9479E-02  -1.0134E+00
   1981.75   3.3422E+01   2.0688E+01  -1.9938E+01  -1.0307E+00   3.3205E-01   5.7120E+00  -8.4346E-02   2.7171E-02  -9.3482E-01
   1981.83   3.3064E+01   2.0841E+01  -1.9964E+01  -9.3350E-01   2.9987E-01   5.1641E+00  -7.6389E-02   2.4538E-02  -8.4516E-01
   1981.92   3.2710E+01   2.0997E+01  -1.9973E+01  -8.2421E-01   2.6372E-01   4.5483E+00  -6.7445E-02   2.1580E-02  -7.4438E-01
   1982.00   3.2359E+01   2.1156E+01  -1.9965E+01  -7.0287E-01   2.2359E-01   3.8646E+00  -5.7516E-02   1.8296E-02  -6.3248E-01
   1982.08   3.2019E+01   2.1317E+01  -1.9950E+01  -5.7796E-01   1.8230E-01   3.1609E+00  -4.7295E-02   1.4917E-02  -5.1731E-01
   1982.17   3.1694E+01   2.1481E+01  -1.9938E+01  -4.5800E-01   1.4266E-01   2.4852E+00  -3.7478E-02   1.1674E-02  -4.0673E-01
   1982.25   3.1387E+01   2.1647E+01  -1.9928E+01  -3.4297E-01   1.0467E-01   1.8376E+00  -2.8065E-02   8.5653E-03  -3.0074E-01
   1982.33   3.1096E+01   2.1815E+01  -1.9922E+01  -2.3287E-01   6.8335E-02   1.2179E+00  -1.9056E-02   5.5919E-03  -1.9932E-01
   1982.42   3.0822E+01   2.1985E+01  -1.9918E+01  -1.2771E-01   3.3650E-02   6.2625E-01  -1.0451E-02   2.7536E-03  -1.0249E-01
   1982.50   3.0564E+01   2.2157E+01  -1.9916E+01  -2.7491E-02   6.1524E-04   6.2614E-02  -2.2496E-03   5.0345E-05  -1.0247E-02
   1982.58   3.0323E+01   2.2331E+01  -1.9918E+01   6.7795E-02  -3.0768E-02  -4.7302E-01   5.5477E-03  -2.5178E-03   7.7415E-02
   1982.67   3.0099E+01   2.2508E+01  -1.9922E+01   1.5814E-01  -6.0500E-02  -9.8064E-01   1.2941E-02  -4.9507E-03   1.6049E-01
   1982.75   2.9892E+01   2.2687E+01  -1.9928E+01   2.4356E-01  -8.8581E-02  -1.4603E+00   1.9930E-02  -7.2486E-03   2.3899E-01
   1982.83   2.9701E+01   2.2868E+01  -1.9938E+01   3.2403E-01  -1.1501E-01  -1.9119E+00   2.6516E-02  -9.4114E-03   3.1290E-01
   1982.92   2.9527E+01   2.3051E+01  -1.9950E+01   3.9958E-01  -1.3979E-01  -2.3355E+00   3.2697E-02  -1.1439E-02   3.8222E-01
   1983.00   2.9369E+01   2.3236E+01  -1.9964E+01   4.7018E-01  -1.6292E-01  -2.7311E+00   3.8475E-02  -1.3332E-02   4.4697E-01
   1983.08   2.9228E+01   2.3423E+01  -1.9982E+01   5.3585E-01  -1.8439E-01  -3.0986E+00   4.3849E-02  -1.5089E-02   5.0713E-01
   1983.17   2.9104E+01   2.3613E+01  -2.0002E+01   5.9658E-01  -2.0422E-01  -3.4382E+00   4.8818E-02  -1.6711E-02   5.6270E-01
   1983.25   2.8997E+01   2.3805E+01  -2.0025E+01   6.5238E-01  -2.2239E-01  -3.7498E+00   5.3384E-02  -1.8199E-02   6.1369E-01
   1983.33   2.8906E+01   2.3998E+01  -2.0050E+01   7.0324E-01  -2.3892E-01  -4.0334E+00   5.7546E-02  -1.9551E-02   6.6010E-01
   1983.42   2.8831E+01   2.4195E+01  -2.0079E+01   7.4916E-01  -2.5379E-01  -4.2889E+00   6.1304E-02  -2.0768E-02   7.0193E-01
   1983.50   2.8774E+01   2.4393E+01  -2.0110E+01   7.9015E-01  -2.6701E-01  -4.5164E+00   6.4658E-02  -2.1850E-02   7.3917E-01
   1983.58   2.8733E+01   2.4593E+01  -2.0143E+01   8.2620E-01  -2.7858E-01  -4.7160E+00   6.7608E-02  -2.2796E-02   7.7182E-01
   1983.67   2.8709E+01   2.4796E+01  -2.0179E+01   8.5731E-01  -2.8850E-01  -4.8875E+00   7.0154E-02  -2.3608E-02   7.9989E-01
   1983.75   2.8701E+01   2.5000E+01  -2.0218E+01   8.8349E-01  -2.9677E-01  -5.0310E+00   7.2296E-02  -2.4285E-02   8.2338E-01
   1983.83   2.8711E+01   2.5207E+01  -2.0260E+01   9.0473E-01  -3.0339E-01  -5.1465E+00   7.4035E-02  -2.4826E-02   8.4229E-01
   1983.92   2.8736E+01   2.5416E+01  -2.0304E+01   9.2104E-01  -3.0835E-01  -5.2341E+00   7.5369E-02  -2.5233E-02   8.5661E-01
   1984.00   2.8779E+01   2.5628E+01  -2.0351E+01   9.3241E-01  -3.1167E-01  -5.2936E+00   7.6299E-02  -2.5504E-02   8.6635E-01
   1984.08   2.8830E+01   2.5839E+01  -2.0396E+01   9.4113E-01  -3.1410E-01  -5.3380E+00   7.7013E-02  -2.5703E-02   8.7363E-01
   1984.17   2.8883E+01   2.6048E+01  -2.0434E+01   9.4947E-01  -3.1641E-01  -5.3805E+00   7.7696E-02  -2.5892E-02   8.8057E-01
   1984.25   2.8937E+01   2.6256E+01  -2.0464E+01   9.5745E-01  -3.1861E-01  -5.4209E+00   7.8348E-02  -2.6072E-02   8.8719E-01
   1984.33   2.8992E+01   2.6462E+01  -2.0488E+01   9.6505E-01  -3.2069E-01  -5.4593E+00   7.8971E-02  -2.6242E-02   8.9347E-01
   1984.42   2.9049E+01   2.6666E+01  -2.0504E+01   9.7229E-01  -3.2265E-01  -5.4956E+00   7.9563E-02  -2.6403E-02   8.9942E-01
   1984.50   2.9107E+01   2.6868E+01  -2.0513E+01   9.7915E-01  -3.2450E-01  -5.5300E+00   8.0124E-02  -2.6554E-02   9.0504E-01
   1984.58   2.9166E+01   2.7069E+01  -2.0515E+01   9.8564E-01  -3.2623E-01  -5.5623E+00   8.0656E-02  -2.6695E-02   9.1033E-01
   1984.67   2.9226E+01   2.7267E+01  -2.0509E+01   9.9177E-01  -3.2784E-01  -5.5925E+00   8.1157E-02  -2.6827E-02   9.1528E-01
   1984.75   2.9287E+01   2.7464E+01  -2.0497E+01   9.9752E-01  -3.2933E-01  -5.6208E+00   8.1627E-02  -2.6950E-02   9.1990E-01
   1984.83   2.9350E+01   2.7658E+01  -2.0477E+01   1.0029E+00  -3.3071E-01  -5.6470E+00   8.2068E-02  -2.7062E-02   9.2419E-01
   1984.92   2.9414E+01   2.7851E+01  -2.0450E+01   1.0079E+00  -3.3197E-01  -5.6712E+00   8.2478E-02  -2.7166E-02   9.2815E-01
   1985.00   2.9479E+01   2.8042E+01  -2.0416E+01   1.0125E+00  -3.3312E-01  -5.6933E+00   8.2857E-02  -2.7259E-02   9.3177E-01
   1985.08   2.9546E+01   2.8232E+01  -2.0375E+01   1.0168E+00  -3.3415E-01  -5.7134E+00   8.3207E-02  -2.7343E-02   9.3506E-01
   1985.17   2.9614E+01   2.8419E+01  -2.0327E+01   1.0207E+00  -3.3506E-01  -5.7315E+00   8.3526E-02  -2.7418E-02   9.3802E-01
   1985.25   2.9683E+01   2.8605E+01  -2.0271E+01   1.0242E+00  -3.3585E-01  -5.7476E+00   8.3814E-02  -2.7483E-02   9.4065E-01
   1985.33   2.9753E+01   2.8788E+01  -2.0209E+01   1.0274E+00  -3.3653E-01  -5.7616E+00   8.4073E-02  -2.7538E-02   9.4295E-01
   1985.42   2.9825E+01   2.8970E+01  -2.0139E+01   1.0302E+00  -3.3709E-01  -5.7736E+00   8.4301E-02  -2.7584E-02   9.4491E-01
   1985.50   2.9898E+01   2.9150E+01  -2.0062E+01   1.0326E+00  -3.3753E-01  -5.7836E+00   8.4499E-02  -2.7620E-02   9.4654E-01
   1985.58   2.9972E+01   2.9329E+01  -1.9978E+01   1.0347E+00  -3.3786E-01  -5.7915E+00   8.4666E-02  -2.7647E-02   9.4784E-01
   1985.67   3.0047E+01   2.9505E+01  -1.9886E+01   1.0363E+00  -3.3806E-01  -5.7974E+00   8.4803E-02  -2.7664E-02   9.4881E-01
   1985.75   3.0124E+01   2.9679E+01  -1.9788E+01   1.0376E+00  -3.3816E-01  -5.8013E+00   8.4910E-02  -2.7671E-02   9.4945E-01
   1985.83   3.0201E+01   2.9852E+01  -1.9682E+01   1.0386E+00  -3.3813E-01  -5.8032E+00   8.4986E-02  -2.7669E-02   9.4975E-01
   1985.92   3.0280E+01   3.0023E+01  -1.9569E+01   1.0391E+00  -3.3799E-01  -5.8030E+00   8.5032E-02  -2.7658E-02   9.4972E-01
   1986.00   3.0361E+01   3.0192E+01  -1.9449E+01   1.0393E+00  -3.3773E-01  -5.8008E+00   8.5048E-02  -2.7637E-02   9.4936E-01
   1986.08   3.0442E+01   3.0356E+01  -1.9327E+01   1.0358E+00  -3.3631E-01  -5.7785E+00   8.4763E-02  -2.7520E-02   9.4571E-01
   1986.17   3.0525E+01   3.0513E+01  -1.9209E+01   1.0254E+00  -3.3269E-01  -5.7181E+00   8.3906E-02  -2.7224E-02   9.3583E-01
   1986.25   3.0608E+01   3.0662E+01  -1.9094E+01   1.0079E+00  -3.2686E-01  -5.6196E+00   8.2478E-02  -2.6747E-02   9.1971E-01
   1986.33   3.0692E+01   3.0803E+01  -1.8983E+01   9.8348E-01  -3.1883E-01  -5.4830E+00   8.0479E-02  -2.6090E-02   8.9735E-01
   1986.42   3.0777E+01   3.0937E+01  -1.8875E+01   9.5206E-01  -3.0859E-01  -5.3083E+00   7.7908E-02  -2.5252E-02   8.6876E-01
   1986.50   3.0862E+01   3.1064E+01  -1.8770E+01   9.1366E-01  -2.9615E-01  -5.0954E+00   7.4765E-02  -2.4234E-02   8.3393E-01
   1986.58   3.0949E+01   3.1182E+01  -1.8669E+01   8.6828E-01  -2.8151E-01  -4.8445E+00   7.1051E-02  -2.3036E-02   7.9286E-01
   1986.67   3.1037E+01   3.1293E+01  -1.8572E+01   8.1591E-01  -2.6466E-01  -4.5555E+00   6.6766E-02  -2.1658E-02   7.4555E-01
   1986.75   3.1125E+01   3.1397E+01  -1.8477E+01   7.5655E-01  -2.4561E-01  -4.2283E+00   6.1909E-02  -2.0099E-02   6.9201E-01
   1986.83   3.1214E+01   3.1493E+01  -1.8387E+01   6.9022E-01  -2.2436E-01  -3.8631E+00   5.6481E-02  -1.8359E-02   6.3223E-01
   1986.92   3.1304E+01   3.1581E+01  -1.8300E+01   6.1689E-01  -2.0090E-01  -3.4597E+00   5.0481E-02  -1.6439E-02   5.6622E-01
   1987.00   3.1395E+01   3.1662E+01  -1.8216E+01   5.3659E-01  -1.7523E-01  -3.0182E+00   4.3909E-02  -1.4339E-02   4.9397E-01
   1987.08   3.1487E+01   3.1735E+01  -1.8136E+01   4.4930E-01  -1.4737E-01  -2.5387E+00   3.6767E-02  -1.2059E-02   4.1548E-01
   1987.17   3.1580E+01   3.1800E+01  -1.8059E+01   3.5503E-01  -1.1729E-01  -2.0210E+00   2.9052E-02  -9.5983E-03   3.3075E-01
   1987.25   3.1674E+01   3.1858E+01  -1.7986E+01   2.5378E-01  -8.5019E-02  -1.4652E+00   2.0767E-02  -6.9571E-03   2.3979E-01
   1987.33   3.1768E+01   3.1909E+01  -1.7916E+01   1.4554E-01  -5.0539E-02  -8.7125E-01   1.1909E-02  -4.1357E-03   1.4259E-01
   1987.42   3.1863E+01   3.1951E+01  -1.7849E+01   3.0315E-02  -1.3856E-02  -2.3924E-01   2.4807E-03  -1.1338E-03   3.9154E-02
   1987.50   3.1960E+01   3.1986E+01  -1.7787E+01  -9.1891E-02   2.5032E-02   4.3089E-01  -7.5195E-03   2.0484E-03  -7.0519E-02
   1987.58   3.2057E+01   3.2014E+01  -1.7727E+01  -2.2108E-01   6.6123E-02   1.1391E+00  -1.8091E-02   5.4109E-03  -1.8643E-01
   1987.67   3.2155E+01   3.2034E+01  -1.7671E+01  -3.5725E-01   1.0942E-01   1.8855E+00  -2.9234E-02   8.9538E-03  -3.0858E-01
   1987.75   3.2254E+01   3.2046E+01  -1.7619E+01  -5.0041E-01   1.5492E-01   2.6699E+00  -4.0949E-02   1.2677E-02  -4.3696E-01
   1987.83   3.2353E+01   3.2051E+01  -1.7570E+01  -6.5055E-01   2.0262E-01   3.4925E+00  -5.3235E-02   1.6581E-02  -5.7158E-01
   1987.92   3.2454E+01   3.2048E+01  -1.7524E+01  -8.0768E-01   2.5253E-01   4.3531E+00  -6.6092E-02   2.0665E-02  -7.1244E-01
   1988.00   3.2555E+01   3.2038E+01  -1.7482E+01  -9.7178E-01   3.0464E-01   5.2519E+00  -7.9521E-02   2.4929E-02  -8.5953E-01
   1988.08   3.2656E+01   3.2024E+01  -1.7441E+01  -1.1323E+00   3.5561E-01   6.1310E+00  -9.2658E-02   2.9100E-02  -1.0034E+00
   1988.17   3.2754E+01   3.2012E+01  -1.7399E+01  -1.2787E+00   4.0210E-01   6.9328E+00  -1.0464E-01   3.2904E-02  -1.1346E+00
   1988.25   3.2849E+01   3.2001E+01  -1.7356E+01  -1.4110E+00   4.4410E-01   7.6571E+00  -1.1546E-01   3.6341E-02  -1.2532E+00
   1988.33   3.2941E+01   3.1992E+01  -1.7312E+01  -1.5291E+00   4.8161E-01   8.3041E+00  -1.2513E-01   3.9410E-02  -1.3591E+00
   1988.42   3.3031E+01   3.1984E+01  -1.7267E+01  -1.6331E+00   5.1464E-01   8.8736E+00  -1.3364E-01   4.2113E-02  -1.4523E+00
   1988.50   3.3118E+01   3.1977E+01  -1.7222E+01  -1.7230E+00   5.4318E-01   9.3658E+00  -1.4099E-01   4.4448E-02  -1.5328E+00
   1988.58   3.3202E+01   3.1972E+01  -1.7175E+01  -1.7987E+00   5.6723E-01   9.7805E+00  -1.4719E-01   4.6417E-02  -1.6007E+00
   1988.67   3.3283E+01   3.1968E+01  -1.7127E+01  -1.8603E+00   5.8680E-01   1.0118E+01  -1.5223E-01   4.8018E-02  -1.6559E+00
   1988.75   3.3362E+01   3.1966E+01  -1.7078E+01  -1.9078E+00   6.0189E-01   1.0378E+01  -1.5611E-01   4.9252E-02  -1.6985E+00
   1988.83   3.3438E+01   3.1964E+01  -1.7028E+01  -1.9411E+00   6.1248E-01   1.0560E+01  -1.5884E-01   5.0120E-02  -1.7283E+00
   1988.92   3.3511E+01   3.1965E+01  -1.6977E+01  -1.9603E+00   6.1859E-01   1.0666E+01  -1.6041E-01   5.0620E-02  -1.7455E+00
   1989.00   3.3582E+01   3.1967E+01  -1.6925E+01  -1.9653E+00   6.2022E-01   1.0693E+01  -1.6082E-01   5.0753E-02  -1.7501E+00
   1989.08   3.3650E+01   3.1970E+01  -1.6872E+01  -1.9563E+00   6.1736E-01   1.0644E+01  -1.6008E-01   5.0519E-02  -1.7420E+00
   1989.17   3.3715E+01   3.1974E+01  -1.6818E+01  -1.9330E+00   6.1001E-01   1.0517E+01  -1.5818E-01   4.9918E-02  -1.7212E+00
   1989.25   3.3777E+01   3.1980E+01  -1.6763E+01  -1.8957E+00   5.9818E-01   1.0312E+01  -1.5513E-01   4.8949E-02  -1.6877E+00
   1989.33   3.3837E+01   3.1988E+01  -1.6707E+01  -1.8442E+00   5.8186E-01   1.0031E+01  -1.5091E-01   4.7614E-02  -1.6416E+00
   1989.42   3.3893E+01   3.1996E+01  -1.6650E+01  -1.7786E+00   5.6106E-01   9.6714E+00  -1.4554E-01   4.5912E-02  -1.5828E+00
   1989.50   3.3948E+01   3.2007E+01  -1.6592E+01  -1.6989E+00   5.3577E-01   9.2348E+00  -1.3902E-01   4.3842E-02  -1.5114E+00
   1989.58   3.3999E+01   3.2018E+01  -1.6533E+01  -1.6050E+00   5.0599E-01   8.7209E+00  -1.3134E-01   4.1406E-02  -1.4273E+00
   1989.67   3.4048E+01   3.2031E+01  -1.6473E+01  -1.4970E+00   4.7173E-01   8.1295E+00  -1.2250E-01   3.8602E-02  -1.3305E+00
   1989.75   3.4094E+01   3.2045E+01  -1.6412E+01  -1.3748E+00   4.3298E-01   7.4607E+00  -1.1250E-01   3.5431E-02  -1.2210E+00
   1989.83   3.4137E+01   3.2061E+01  -1.6350E+01  -1.2385E+00   3.8975E-01   6.7145E+00  -1.0135E-01   3.1893E-02  -1.0989E+00
   1989.92   3.4177E+01   3.2078E+01  -1.6287E+01  -1.0881E+00   3.4203E-01   5.8910E+00  -8.9042E-02   2.7989E-02  -9.6412E-01
   1990.00   3.4215E+01   3.2097E+01  -1.6223E+01  -9.2359E-01   2.8983E-01   4.9900E+00  -7.5577E-02   2.3717E-02  -8.1667E-01
   1990.08   3.4254E+01   3.2115E+01  -1.6165E+01  -7.5651E-01   2.3681E-01   4.0752E+00  -6.1905E-02   1.9379E-02  -6.6695E-01
   1990.17   3.4299E+01   3.2130E+01  -1.6121E+01  -5.9850E-01   1.8668E-01   3.2100E+00  -4.8976E-02   1.5276E-02  -5.2535E-01
   1990.25   3.4349E+01   3.2143E+01  -1.6090E+01  -4.4958E-01   1.3941E-01   2.3944E+00  -3.6789E-02   1.1408E-02  -3.9187E-01
   1990.33   3.4404E+01   3.2154E+01  -1.6073E+01  -3.0972E-01   9.5022E-02   1.6285E+00  -2.5345E-02   7.7757E-03  -2.6652E-01
   1990.42   3.4465E+01   3.2162E+01  -1.6070E+01  -1.7895E-01   5.3506E-02   9.1217E-01  -1.4643E-02   4.3784E-03  -1.4929E-01
   1990.50   3.4531E+01   3.2167E+01  -1.6080E+01  -5.7243E-02   1.4864E-02   2.4550E-01  -4.6842E-03   1.2163E-03  -4.0178E-02
   1990.58   3.4603E+01   3.2170E+01  -1.6104E+01   5.5384E-02  -2.0905E-02  -3.7154E-01   4.5321E-03  -1.7107E-03   6.0807E-02
   1990.67   3.4680E+01   3.2171E+01  -1.6141E+01   1.5894E-01  -5.3800E-02  -9.3894E-01   1.3006E-02  -4.4025E-03   1.5367E-01
   1990.75   3.4762E+01   3.2169E+01  -1.6192E+01   2.5341E-01  -8.3821E-02  -1.4567E+00   2.0737E-02  -6.8591E-03   2.3841E-01
   1990.83   3.4850E+01   3.2165E+01  -1.6256E+01   3.3882E-01  -1.1097E-01  -1.9249E+00   2.7725E-02  -9.0806E-03   3.1502E-01
   1990.92   3.4944E+01   3.2158E+01  -1.6334E+01   4.1514E-01  -1.3524E-01  -2.3434E+00   3.3971E-02  -1.1067E-02   3.8352E-01
   1991.00   3.5042E+01   3.2149E+01  -1.6426E+01   4.8239E-01  -1.5664E-01  -2.7122E+00   3.9474E-02  -1.2818E-02   4.4388E-01
   1991.08   3.5147E+01   3.2137E+01  -1.6531E+01   5.4057E-01  -1.7517E-01  -3.0315E+00   4.4235E-02  -1.4334E-02   4.9613E-01
   1991.17   3.5256E+01   3.2123E+01  -1.6649E+01   5.8967E-01  -1.9082E-01  -3.3011E+00   4.8253E-02  -1.5615E-02   5.4025E-01
   1991.25   3.5371E+01   3.2106E+01  -1.6782E+01   6.2970E-01  -2.0360E-01  -3.5210E+00   5.1528E-02  -1.6660E-02   5.7625E-01
   1991.33   3.5492E+01   3.2087E+01  -1.6927E+01   6.6065E-01  -2.1350E-01  -3.6914E+00   5.4061E-02  -1.7471E-02   6.0413E-01
   1991.42   3.5618E+01   3.2065E+01  -1.7087E+01   6.8252E-01  -2.2053E-01  -3.8121E+00   5.5851E-02  -1.8046E-02   6.2389E-01
   1991.50   3.5749E+01   3.2041E+01  -1.7260E+01   6.9532E-01  -2.2469E-01  -3.8831E+00   5.6899E-02  -1.8386E-02   6.3552E-01
   1991.58   3.5886E+01   3.2014E+01  -1.7446E+01   6.9905E-01  -2.2597E-01  -3.9046E+00   5.7203E-02  -1.8491E-02   6.3903E-01
   1991.67   3.6028E+01   3.1985E+01  -1.7646E+01   6.9370E-01  -2.2438E-01  -3.8764E+00   5.6766E-02  -1.8361E-02   6.3441E-01
   1991.75   3.6176E+01   3.1953E+01  -1.7860E+01   6.7927E-01  -2.1992E-01  -3.7985E+00   5.5585E-02  -1.7996E-02   6.2167E-01
   1991.83   3.6329E+01   3.1919E+01  -1.8087E+01   6.5577E-01  -2.1258E-01  -3.6711E+00   5.3662E-02  -1.7395E-02   6.0081E-01
   1991.92   3.6487E+01   3.1883E+01  -1.8328E+01   6.2320E-01  -2.0236E-01  -3.4940E+00   5.0996E-02  -1.6560E-02   5.7183E-01
   1992.00   3.6651E+01   3.1844E+01  -1.8583E+01   5.8155E-01  -1.8928E-01  -3.2673E+00   4.7588E-02  -1.5489E-02   5.3472E-01
   1992.08   3.6823E+01   3.1810E+01  -1.8830E+01   5.3764E-01  -1.7547E-01  -3.0280E+00   4.3995E-02  -1.4358E-02   4.9556E-01
   1992.17   3.7005E+01   3.1789E+01  -1.9052E+01   4.9829E-01  -1.6307E-01  -2.8132E+00   4.0775E-02  -1.3344E-02   4.6041E-01
   1992.25   3.7198E+01   3.1781E+01  -1.9246E+01   4.6349E-01  -1.5210E-01  -2.6230E+00   3.7928E-02  -1.2446E-02   4.2927E-01
   1992.33   3.7401E+01   3.1787E+01  -1.9415E+01   4.3325E-01  -1.4255E-01  -2.4572E+00   3.5453E-02  -1.1665E-02   4.0215E-01
   1992.42   3.7615E+01   3.1805E+01  -1.9556E+01   4.0757E-01  -1.3441E-01  -2.3160E+00   3.3352E-02  -1.0999E-02   3.7904E-01
   1992.50   3.7840E+01   3.1836E+01  -1.9671E+01   3.8645E-01  -1.2770E-01  -2.1993E+00   3.1624E-02  -1.0450E-02   3.5995E-01
   1992.58   3.8074E+01   3.1880E+01  -1.9759E+01   3.6989E-01  -1.2241E-01  -2.1072E+00   3.0268E-02  -1.0017E-02   3.4486E-01
   1992.67   3.8320E+01   3.1937E+01  -1.9821E+01   3.5788E-01  -1.1853E-01  -2.0396E+00   2.9286E-02  -9.6997E-03   3.3379E-01
   1992.75   3.8576E+01   3.2007E+01  -1.9856E+01   3.5043E-01  -1.1608E-01  -1.9964E+00   2.8676E-02  -9.4990E-03   3.2674E-01
   1992.83   3.8842E+01   3.2090E+01  -1.9864E+01   3.4754E-01  -1.1505E-01  -1.9778E+00   2.8439E-02  -9.4145E-03   3.2369E-01
   1992.92   3.9119E+01   3.2186E+01  -1.9846E+01   3.4921E-01  -1.1544E-01  -1.9838E+00   2.8576E-02  -9.4461E-03   3.2466E-01
   1993.00   3.9406E+01   3.2295E+01  -1.9802E+01   3.5543E-01  -1.1724E-01  -2.0142E+00   2.9085E-02  -9.5940E-03   3.2965E-01
   1993.08   3.9704E+01   3.2417E+01  -1.9730E+01   3.6621E-01  -1.2047E-01  -2.0692E+00   2.9967E-02  -9.8581E-03   3.3864E-01
   1993.17   4.0013E+01   3.2552E+01  -1.9632E+01   3.8155E-01  -1.2512E-01  -2.1487E+00   3.1222E-02  -1.0238E-02   3.5165E-01
   1993.25   4.0332E+01   3.2700E+01  -1.9508E+01   4.0145E-01  -1.3118E-01  -2.2527E+00   3.2851E-02  -1.0735E-02   3.6868E-01
   1993.33   4.0661E+01   3.2861E+01  -1.9357E+01   4.2590E-01  -1.3867E-01  -2.3812E+00   3.4852E-02  -1.1347E-02   3.8971E-01
   1993.42   4.1001E+01   3.3035E+01  -1.9179E+01   4.5491E-01  -1.4758E-01  -2.5343E+00   3.7226E-02  -1.2076E-02   4.1476E-01
   1993.50   4.1352E+01   3.3222E+01  -1.8975E+01   4.8848E-01  -1.5791E-01  -2.7118E+00   3.9973E-02  -1.2921E-02   4.4382E-01
   1993.58   4.1713E+01   3.3422E+01  -1.8744E+01   5.2661E-01  -1.6965E-01  -2.9139E+00   4.3092E-02  -1.3883E-02   4.7690E-01
   1993.67   4.2084E+01   3.3634E+01  -1.8486E+01   5.6929E-01  -1.8282E-01  -3.1406E+00   4.6585E-02  -1.4960E-02   5.1399E-01
   1993.75   4.2466E+01   3.3860E+01  -1.8202E+01   6.1653E-01  -1.9741E-01  -3.3917E+00   5.0451E-02  -1.6154E-02   5.5509E-01
   1993.83   4.2859E+01   3.4099E+01  -1.7892E+01   6.6833E-01  -2.1341E-01  -3.6674E+00   5.4690E-02  -1.7464E-02   6.0020E-01
   1993.92   4.3262E+01   3.4351E+01  -1.7554E+01   7.2469E-01  -2.3084E-01  -3.9675E+00   5.9302E-02  -1.8890E-02   6.4933E-01
   1994.00   4.3675E+01   3.4616E+01  -1.7190E+01   7.8560E-01  -2.4969E-01  -4.2923E+00   6.4286E-02  -2.0432E-02   7.0247E-01
   1994.08   4.4093E+01   3.4885E+01  -1.6825E+01   8.4602E-01  -2.6838E-01  -4.6144E+00   6.9230E-02  -2.1962E-02   7.5519E-01
   1994.17   4.4510E+01   3.5151E+01  -1.6482E+01   9.0089E-01  -2.8536E-01  -4.9068E+00   7.3720E-02  -2.3351E-02   8.0305E-01
   1994.25   4.4927E+01   3.5413E+01  -1.6162E+01   9.5020E-01  -3.0061E-01  -5.1695E+00   7.7755E-02  -2.4599E-02   8.4604E-01
   1994.33   4.5342E+01   3.5672E+01  -1.5865E+01   9.9397E-01  -3.1414E-01  -5.4025E+00   8.1337E-02  -2.5706E-02   8.8417E-01
   1994.42   4.5756E+01   3.5926E+01  -1.5590E+01   1.0322E+00  -3.2595E-01  -5.6058E+00   8.4464E-02  -2.6672E-02   9.1744E-01
   1994.50   4.6169E+01   3.6178E+01  -1.5339E+01   1.0648E+00  -3.3603E-01  -5.7793E+00   8.7137E-02  -2.7498E-02   9.4585E-01
   1994.58   4.6581E+01   3.6425E+01  -1.5110E+01   1.0920E+00  -3.4440E-01  -5.9232E+00   8.9355E-02  -2.8182E-02   9.6940E-01
   1994.67   4.6992E+01   3.6669E+01  -1.4905E+01   1.1135E+00  -3.5104E-01  -6.0374E+00   9.1120E-02  -2.8726E-02   9.8808E-01
   1994.75   4.7402E+01   3.6909E+01  -1.4722E+01   1.1295E+00  -3.5596E-01  -6.1219E+00   9.2430E-02  -2.9128E-02   1.0019E+00
   1994.83   4.7811E+01   3.7146E+01  -1.4562E+01   1.1400E+00  -3.5916E-01  -6.1766E+00   9.3286E-02  -2.9390E-02   1.0109E+00
   1994.92   4.8218E+01   3.7379E+01  -1.4425E+01   1.1449E+00  -3.6063E-01  -6.2017E+00   9.3688E-02  -2.9511E-02   1.0150E+00
   1995.00   4.8625E+01   3.7608E+01  -1.4311E+01   1.1443E+00  -3.6039E-01  -6.1970E+00   9.3635E-02  -2.9491E-02   1.0142E+00
   1995.08   4.9031E+01   3.7833E+01  -1.4219E+01   1.1381E+00  -3.5842E-01  -6.1627E+00   9.3129E-02  -2.9330E-02   1.0086E+00
   1995.17   4.9436E+01   3.8055E+01  -1.4151E+01   1.1263E+00  -3.5473E-01  -6.0986E+00   9.2168E-02  -2.9028E-02   9.9810E-01
   1995.25   4.9840E+01   3.8274E+01  -1.4105E+01   1.1090E+00  -3.4932E-01  -6.0049E+00   9.0753E-02  -2.8585E-02   9.8276E-01
   1995.33   5.0242E+01   3.8488E+01  -1.4082E+01   1.0862E+00  -3.4218E-01  -5.8814E+00   8.8883E-02  -2.8001E-02   9.6255E-01
   1995.42   5.0644E+01   3.8699E+01  -1.4082E+01   1.0578E+00  -3.3333E-01  -5.7282E+00   8.6560E-02  -2.7276E-02   9.3748E-01
   1995.50   5.1044E+01   3.8906E+01  -1.4105E+01   1.0238E+00  -3.2275E-01  -5.5453E+00   8.3782E-02  -2.6411E-02   9.0755E-01
   1995.58   5.1444E+01   3.9110E+01  -1.4151E+01   9.8435E-01  -3.1045E-01  -5.3327E+00   8.0550E-02  -2.5404E-02   8.7276E-01
   1995.67   5.1842E+01   3.9310E+01  -1.4220E+01   9.3930E-01  -2.9643E-01  -5.0904E+00   7.6864E-02  -2.4257E-02   8.3311E-01
   1995.75   5.2240E+01   3.9506E+01  -1.4312E+01   8.8871E-01  -2.8068E-01  -4.8184E+00   7.2723E-02  -2.2968E-02   7.8859E-01
   1995.83   5.2636E+01   3.9699E+01  -1.4426E+01   8.3256E-01  -2.6322E-01  -4.5167E+00   6.8129E-02  -2.1539E-02   7.3921E-01
   1995.92   5.3032E+01   3.9888E+01  -1.4563E+01   7.7086E-01  -2.4403E-01  -4.1853E+00   6.3080E-02  -1.9969E-02   6.8498E-01
   1996.00   5.3426E+01   4.0074E+01  -1.4724E+01   7.0361E-01  -2.2312E-01  -3.8242E+00   5.7577E-02  -1.8258E-02   6.2588E-01
   1996.08   5.3818E+01   4.0253E+01  -1.4890E+01   6.3335E-01  -2.0129E-01  -3.4472E+00   5.1827E-02  -1.6472E-02   5.6417E-01
   1996.17   5.4204E+01   4.0424E+01  -1.5045E+01   5.6262E-01  -1.7935E-01  -3.0681E+00   4.6040E-02  -1.4677E-02   5.0213E-01
   1996.25   5.4586E+01   4.0586E+01  -1.5189E+01   4.9143E-01  -1.5731E-01  -2.6870E+00   4.0214E-02  -1.2872E-02   4.3975E-01
   1996.33   5.4964E+01   4.0739E+01  -1.5321E+01   4.1977E-01  -1.3515E-01  -2.3038E+00   3.4350E-02  -1.1059E-02   3.7703E-01
   1996.42   5.5336E+01   4.0884E+01  -1.5443E+01   3.4764E-01  -1.1288E-01  -1.9184E+00   2.8447E-02  -9.2373E-03   3.1397E-01
   1996.50   5.5704E+01   4.1021E+01  -1.5554E+01   2.7504E-01  -9.0507E-02  -1.5311E+00   2.2507E-02  -7.4062E-03   2.5058E-01
   1996.58   5.6067E+01   4.1148E+01  -1.5653E+01   2.0198E-01  -6.8020E-02  -1.1416E+00   1.6528E-02  -5.5661E-03   1.8684E-01
   1996.67   5.6426E+01   4.1268E+01  -1.5741E+01   1.2845E-01  -4.5423E-02  -7.5008E-01   1.0511E-02  -3.7170E-03   1.2276E-01
   1996.75   5.6779E+01   4.1378E+01  -1.5818E+01   5.4453E-02  -2.2717E-02  -3.5648E-01   4.4559E-03  -1.8589E-03   5.8342E-02
   1996.83   5.7128E+01   4.1480E+01  -1.5885E+01  -2.0011E-02   1.0030E-04   3.9199E-02  -1.6375E-03   8.2076E-06  -6.4154E-03
   1996.92   5.7473E+01   4.1574E+01  -1.5939E+01  -9.4942E-02   2.3027E-02   4.3695E-01  -7.7692E-03   1.8843E-03  -7.1512E-02
   1997.00   5.7812E+01   4.1659E+01  -1.5983E+01  -1.7034E-01   4.6064E-02   8.3678E-01  -1.3939E-02   3.7695E-03  -1.3695E-01
   1997.08   5.8147E+01   4.1735E+01  -1.6016E+01  -2.4621E-01   6.9211E-02   1.2387E+00  -2.0147E-02   5.6636E-03  -2.0272E-01
   1997.17   5.8477E+01   4.1803E+01  -1.6038E+01  -3.2254E-01   9.2468E-02   1.6427E+00  -2.6394E-02   7.5667E-03  -2.6884E-01
   1997.25   5.8802E+01   4.1862E+01  -1.6048E+01  -3.9934E-01   1.1584E-01   2.0487E+00  -3.2678E-02   9.4789E-03  -3.3530E-01
   1997.33   5.9123E+01   4.1913E+01  -1.6048E+01  -4.7661E-01   1.3931E-01   2.4569E+00  -3.9001E-02   1.1400E-02  -4.0209E-01
   1997.42   5.9439E+01   4.1955E+01  -1.6036E+01  -5.5434E-01   1.6290E-01   2.8671E+00  -4.5362E-02   1.3330E-02  -4.6922E-01
   1997.50   5.9750E+01   4.1989E+01  -1.6013E+01  -6.3255E-01   1.8660E-01   3.2793E+00  -5.1761E-02   1.5269E-02  -5.3670E-01
   1997.58   6.0056E+01   4.2014E+01  -1.5979E+01  -7.1121E-01   2.1040E-01   3.6937E+00  -5.8199E-02   1.7217E-02  -6.0451E-01
   1997.67   6.0358E+01   4.2030E+01  -1.5934E+01  -7.9035E-01   2.3432E-01   4.1101E+00  -6.4675E-02   1.9175E-02  -6.7267E-01
   1997.75   6.0655E+01   4.2038E+01  -1.5878E+01  -8.6995E-01   2.5835E-01   4.5286E+00  -7.1189E-02   2.1141E-02  -7.4116E-01
   1997.83   6.0947E+01   4.2037E+01  -1.5811E+01  -9.5003E-01   2.8249E-01   4.9492E+00  -7.7741E-02   2.3116E-02  -8.0999E-01
   1997.92   6.1235E+01   4.2028E+01  -1.5732E+01  -1.0306E+00   3.0673E-01   5.3719E+00  -8.4331E-02   2.5100E-02  -8.7916E-01
   1998.00   6.1518E+01   4.2010E+01  -1.5643E+01  -1.1116E+00   3.3109E-01   5.7966E+00  -9.0960E-02   2.7093E-02  -9.4867E-01
   1998.08   6.1792E+01   4.1993E+01  -1.5549E+01  -1.1880E+00   3.5406E-01   6.1972E+00  -9.7216E-02   2.8973E-02  -1.0142E+00
   1998.17   6.2053E+01   4.1985E+01  -1.5459E+01  -1.2549E+00   3.7415E-01   6.5475E+00  -1.0269E-01   3.0617E-02  -1.0716E+00
   1998.25   6.2302E+01   4.1987E+01  -1.5372E+01  -1.3121E+00   3.9135E-01   6.8475E+00  -1.0737E-01   3.2025E-02  -1.1207E+00
   1998.33   6.2539E+01   4.1998E+01  -1.5289E+01  -1.3598E+00   4.0567E-01   7.0971E+00  -1.1127E-01   3.3196E-02  -1.1615E+00
   1998.42   6.2763E+01   4.2020E+01  -1.5208E+01  -1.3979E+00   4.1711E-01   7.2964E+00  -1.1439E-01   3.4132E-02  -1.1941E+00
   1998.50   6.2974E+01   4.2050E+01  -1.5131E+01  -1.4264E+00   4.2566E-01   7.4455E+00  -1.1672E-01   3.4832E-02  -1.2185E+00
   1998.58   6.3173E+01   4.2091E+01  -1.5058E+01  -1.4453E+00   4.3133E-01   7.5442E+00  -1.1827E-01   3.5296E-02  -1.2347E+00
   1998.67   6.3359E+01   4.2141E+01  -1.4987E+01  -1.4546E+00   4.3412E-01   7.5925E+00  -1.1903E-01   3.5524E-02  -1.2426E+00
   1998.75   6.3533E+01   4.2200E+01  -1.4920E+01  -1.4544E+00   4.3402E-01   7.5906E+00  -1.1901E-01   3.5516E-02  -1.2423E+00
   1998.83   6.3694E+01   4.2270E+01  -1.4856E+01  -1.4445E+00   4.3104E-01   7.5383E+00  -1.1820E-01   3.5272E-02  -1.2337E+00
   1998.92   6.3842E+01   4.2348E+01  -1.4795E+01  -1.4250E+00   4.2517E-01   7.4358E+00  -1.1661E-01   3.4792E-02  -1.2169E+00
   1999.00   6.3978E+01   4.2437E+01  -1.4738E+01  -1.3960E+00   4.1642E-01   7.2829E+00  -1.1424E-01   3.4076E-02  -1.1919E+00
   1999.08   6.4102E+01   4.2535E+01  -1.4683E+01  -1.3574E+00   4.0479E-01   7.0797E+00  -1.1107E-01   3.3124E-02  -1.1587E+00
   1999.17   6.4213E+01   4.2643E+01  -1.4632E+01  -1.3092E+00   3.9028E-01   6.8261E+00  -1.0713E-01   3.1936E-02  -1.1172E+00
   1999.25   6.4311E+01   4.2760E+01  -1.4585E+01  -1.2514E+00   3.7288E-01   6.5223E+00  -1.0240E-01   3.0513E-02  -1.0674E+00
   1999.33   6.4397E+01   4.2887E+01  -1.4540E+01  -1.1840E+00   3.5259E-01   6.1681E+00  -9.6884E-02   2.8853E-02  -1.0095E+00
   1999.42   6.4470E+01   4.3023E+01  -1.4499E+01  -1.1070E+00   3.2943E-01   5.7636E+00  -9.0585E-02   2.6957E-02  -9.4328E-01
   1999.50   6.4531E+01   4.3170E+01  -1.4461E+01  -1.0204E+00   3.0337E-01   5.3088E+00  -8.3500E-02   2.4825E-02  -8.6885E-01
   1999.58   6.4579E+01   4.3325E+01  -1.4427E+01  -9.2424E-01   2.7444E-01   4.8037E+00  -7.5631E-02   2.2458E-02  -7.8618E-01
   1999.67   6.4614E+01   4.3491E+01  -1.4395E+01  -8.1849E-01   2.4262E-01   4.2483E+00  -6.6977E-02   1.9854E-02  -6.9528E-01
   1999.75   6.4637E+01   4.3666E+01  -1.4367E+01  -7.0315E-01   2.0792E-01   3.6425E+00  -5.7539E-02   1.7014E-02  -5.9614E-01
   1999.83   6.4647E+01   4.3851E+01  -1.4342E+01  -5.7822E-01   1.7034E-01   2.9865E+00  -4.7316E-02   1.3939E-02  -4.8877E-01
   1999.92   6.4645E+01   4.4045E+01  -1.4321E+01  -4.4370E-01   1.2987E-01   2.2801E+00  -3.6308E-02   1.0627E-02  -3.7316E-01
   2000.00   6.4630E+01   4.4249E+01  -1.4303E+01  -2.9959E-01   8.6516E-02   1.5233E+00  -2.4516E-02   7.0796E-03  -2.4931E-01
   2000.08   6.4612E+01   4.4454E+01  -1.4283E+01  -1.5676E-01   4.3536E-02   7.7320E-01  -1.2827E-02   3.5625E-03  -1.2654E-01
   2000.17   6.4599E+01   4.4653E+01  -1.4257E+01  -2.6061E-02   4.1827E-03   8.6493E-02  -2.1326E-03   3.4227E-04  -1.4155E-02
   2000.25   6.4592E+01   4.4845E+01  -1.4225E+01   9.2494E-02  -3.1543E-02  -5.3677E-01   7.5688E-03  -2.5811E-03   8.7849E-02
   2000.33   6.4590E+01   4.5030E+01  -1.4187E+01   1.9891E-01  -6.3641E-02  -1.0966E+00   1.6277E-02  -5.2077E-03   1.7947E-01
   2000.42   6.4594E+01   4.5209E+01  -1.4142E+01   2.9319E-01  -9.2111E-02  -1.5930E+00   2.3992E-02  -7.5375E-03   2.6071E-01
   2000.50   6.4604E+01   4.5381E+01  -1.4091E+01   3.7532E-01  -1.1695E-01  -2.0259E+00   3.0713E-02  -9.5704E-03   3.3157E-01
   2000.58   6.4618E+01   4.5546E+01  -1.4035E+01   4.4532E-01  -1.3817E-01  -2.3954E+00   3.6441E-02  -1.1306E-02   3.9204E-01
   2000.67   6.4639E+01   4.5705E+01  -1.3972E+01   5.0318E-01  -1.5576E-01  -2.7015E+00   4.1175E-02  -1.2746E-02   4.4213E-01
   2000.75   6.4665E+01   4.5857E+01  -1.3903E+01   5.4890E-01  -1.6972E-01  -2.9441E+00   4.4917E-02  -1.3888E-02   4.8184E-01
   2000.83   6.4696E+01   4.6003E+01  -1.3827E+01   5.8248E-01  -1.8005E-01  -3.1233E+00   4.7664E-02  -1.4734E-02   5.1116E-01
   2000.92   6.4733E+01   4.6141E+01  -1.3746E+01   6.0392E-01  -1.8676E-01  -3.2390E+00   4.9419E-02  -1.5282E-02   5.3010E-01
   2001.00   6.4775E+01   4.6273E+01  -1.3658E+01   6.1322E-01  -1.8984E-01  -3.2913E+00   5.0180E-02  -1.5534E-02   5.3866E-01
   2001.08   6.4823E+01   4.6399E+01  -1.3564E+01   6.1038E-01  -1.8929E-01  -3.2802E+00   4.9948E-02  -1.5489E-02   5.3684E-01
   2001.17   6.4877E+01   4.6517E+01  -1.3464E+01   5.9540E-01  -1.8511E-01  -3.2056E+00   4.8722E-02  -1.5148E-02   5.2463E-01
   2001.25   6.4936E+01   4.6629E+01  -1.3358E+01   5.6828E-01  -1.7731E-01  -3.0676E+00   4.6503E-02  -1.4509E-02   5.0204E-01
   2001.33   6.5000E+01   4.6735E+01  -1.3245E+01   5.2903E-01  -1.6588E-01  -2.8661E+00   4.3290E-02  -1.3574E-02   4.6907E-01
   2001.42   6.5070E+01   4.6834E+01  -1.3127E+01   4.7763E-01  -1.5082E-01  -2.6012E+00   3.9085E-02  -1.2341E-02   4.2572E-01
   2001.50   6.5146E+01   4.6926E+01  -1.3002E+01   4.1409E-01  -1.3213E-01  -2.2729E+00   3.3885E-02  -1.0812E-02   3.7198E-01
   2001.58   6.5227E+01   4.7011E+01  -1.2871E+01   3.3842E-01  -1.0982E-01  -1.8811E+00   2.7693E-02  -8.9863E-03   3.0786E-01
   2001.67   6.5314E+01   4.7090E+01  -1.2734E+01   2.5060E-01  -8.3875E-02  -1.4259E+00   2.0507E-02  -6.8636E-03   2.3336E-01
   2001.75   6.5406E+01   4.7162E+01  -1.2590E+01   1.5065E-01  -5.4307E-02  -9.0719E-01   1.2328E-02  -4.4440E-03   1.4847E-01
   2001.83   6.5503E+01   4.7227E+01  -1.2441E+01   3.8557E-02  -2.1111E-02  -3.2508E-01   3.1551E-03  -1.7275E-03   5.3203E-02
   2001.92   6.5607E+01   4.7286E+01  -1.2285E+01  -8.5676E-02   1.5713E-02   3.2047E-01  -7.0109E-03   1.2858E-03  -5.2449E-02
   2002.00   6.5715E+01   4.7338E+01  -1.2123E+01  -2.2205E-01   5.6164E-02   1.0295E+00  -1.8170E-02   4.5959E-03  -1.6848E-01
   2002.08   6.5819E+01   4.7385E+01  -1.1966E+01  -3.5817E-01   9.6562E-02   1.7374E+00  -2.9309E-02   7.9017E-03  -2.8435E-01
   2002.17   6.5908E+01   4.7429E+01  -1.1825E+01  -4.8165E-01   1.3323E-01   2.3799E+00  -3.9414E-02   1.0902E-02  -3.8949E-01
   2002.25   6.5981E+01   4.7469E+01  -1.1700E+01  -5.9249E-01   1.6616E-01   2.9568E+00  -4.8484E-02   1.3597E-02  -4.8391E-01
   2002.33   6.6040E+01   4.7507E+01  -1.1591E+01  -6.9069E-01   1.9536E-01   3.4682E+00  -5.6519E-02   1.5986E-02  -5.6760E-01
   2002.42   6.6083E+01   4.7541E+01  -1.1498E+01  -7.7624E-01   2.2082E-01   3.9141E+00  -6.3520E-02   1.8070E-02  -6.4058E-01
   2002.50   6.6111E+01   4.7572E+01  -1.1421E+01  -8.4916E-01   2.4256E-01   4.2944E+00  -6.9487E-02   1.9848E-02  -7.0283E-01
   2002.58   6.6125E+01   4.7600E+01  -1.1359E+01  -9.0943E-01   2.6055E-01   4.6093E+00  -7.4419E-02   2.1321E-02  -7.5436E-01
   2002.67   6.6123E+01   4.7625E+01  -1.1314E+01  -9.5706E-01   2.7482E-01   4.8586E+00  -7.8317E-02   2.2489E-02  -7.9516E-01
   2002.75   6.6105E+01   4.7646E+01  -1.1284E+01  -9.9205E-01   2.8535E-01   5.0424E+00  -8.1180E-02   2.3351E-02  -8.2525E-01
   2002.83   6.6073E+01   4.7664E+01  -1.1271E+01  -1.0144E+00   2.9215E-01   5.1607E+00  -8.3009E-02   2.3907E-02  -8.4461E-01
   2002.92   6.6026E+01   4.7679E+01  -1.1273E+01  -1.0241E+00   2.9522E-01   5.2135E+00  -8.3803E-02   2.4158E-02  -8.5325E-01
   2003.00   6.5963E+01   4.7691E+01  -1.1292E+01  -1.0212E+00   2.9455E-01   5.2008E+00  -8.3563E-02   2.4103E-02  -8.5116E-01
   2003.08   6.5885E+01   4.7699E+01  -1.1326E+01  -1.0056E+00   2.9015E-01   5.1225E+00  -8.2289E-02   2.3743E-02  -8.3836E-01
   2003.17   6.5793E+01   4.7704E+01  -1.1376E+01  -9.7739E-01   2.8202E-01   4.9788E+00  -7.9980E-02   2.3078E-02  -8.1483E-01
   2003.25   6.5685E+01   4.7706E+01  -1.1442E+01  -9.3653E-01   2.7016E-01   4.7695E+00  -7.6636E-02   2.2107E-02  -7.8058E-01
   2003.33   6.5562E+01   4.7705E+01  -1.1524E+01  -8.8303E-01   2.5456E-01   4.4947E+00  -7.2259E-02   2.0830E-02  -7.3560E-01
   2003.42   6.5423E+01   4.7701E+01  -1.1622E+01  -8.1689E-01   2.3522E-01   4.1543E+00  -6.6846E-02   1.9249E-02  -6.7990E-01
   2003.50   6.5270E+01   4.7693E+01  -1.1736E+01  -7.3811E-01   2.1216E-01   3.7485E+00  -6.0400E-02   1.7361E-02  -6.1348E-01
   2003.58   6.5102E+01   4.7682E+01  -1.1866E+01  -6.4669E-01   1.8536E-01   3.2772E+00  -5.2919E-02   1.5168E-02  -5.3634E-01
   2003.67   6.4918E+01   4.7668E+01  -1.2012E+01  -5.4262E-01   1.5483E-01   2.7403E+00  -4.4403E-02   1.2670E-02  -4.4848E-01
   2003.75   6.4719E+01   4.7651E+01  -1.2174E+01  -4.2592E-01   1.2057E-01   2.1379E+00  -3.4853E-02   9.8659E-03  -3.4989E-01
   2003.83   6.4505E+01   4.7631E+01  -1.2351E+01  -2.9657E-01   8.2568E-02   1.4700E+00  -2.4268E-02   6.7566E-03  -2.4058E-01
   2003.92   6.4276E+01   4.7607E+01  -1.2545E+01  -1.5458E-01   4.0837E-02   7.3656E-01  -1.2650E-02   3.3417E-03  -1.2055E-01
   2004.00   6.4032E+01   4.7580E+01  -1.2755E+01   4.7073E-05  -4.6270E-03  -6.2379E-02   3.8520E-06  -3.7863E-04   1.0209E-02
   2004.08   6.3784E+01   4.7552E+01  -1.2969E+01   1.5582E-01  -5.0435E-02  -8.6736E-01   1.2751E-02  -4.1272E-03   1.4195E-01
   2004.17   6.3543E+01   4.7525E+01  -1.3176E+01   3.0125E-01  -9.3200E-02  -1.6189E+00   2.4651E-02  -7.6266E-03   2.6495E-01
   2004.25   6.3309E+01   4.7498E+01  -1.3377E+01   4.3632E-01  -1.3292E-01  -2.3170E+00   3.5704E-02  -1.0877E-02   3.7921E-01
   2004.33   6.3082E+01   4.7472E+01  -1.3571E+01   5.6104E-01  -1.6960E-01  -2.9617E+00   4.5910E-02  -1.3878E-02   4.8471E-01
   2004.42   6.2863E+01   4.7447E+01  -1.3759E+01   6.7542E-01  -2.0323E-01  -3.5529E+00   5.5269E-02  -1.6630E-02   5.8148E-01
   2004.50   6.2650E+01   4.7423E+01  -1.3940E+01   7.7944E-01  -2.3381E-01  -4.0907E+00   6.3782E-02  -1.9133E-02   6.6949E-01
   2004.58   6.2444E+01   4.7400E+01  -1.4114E+01   8.7311E-01  -2.6136E-01  -4.5751E+00   7.1447E-02  -2.1387E-02   7.4877E-01
   2004.67   6.2246E+01   4.7378E+01  -1.4281E+01   9.5643E-01  -2.8585E-01  -5.0061E+00   7.8265E-02  -2.3392E-02   8.1929E-01
   2004.75   6.2055E+01   4.7356E+01  -1.4442E+01   1.0294E+00  -3.0731E-01  -5.3836E+00   8.4236E-02  -2.5147E-02   8.8108E-01
   2004.83   6.1870E+01   4.7335E+01  -1.4596E+01   1.0920E+00  -3.2572E-01  -5.7076E+00   8.9360E-02  -2.6654E-02   9.3411E-01
   2004.92   6.1693E+01   4.7315E+01  -1.4744E+01   1.1443E+00  -3.4108E-01  -5.9782E+00   9.3638E-02  -2.7911E-02   9.7840E-01
   2005.00   6.1523E+01   4.7296E+01  -1.4884E+01   1.1862E+00  -3.5341E-01  -6.1954E+00   9.7068E-02  -2.8919E-02   1.0140E+00
   2005.08   6.1360E+01   4.7277E+01  -1.5018E+01   1.2178E+00  -3.6268E-01  -6.3592E+00   9.9651E-02  -2.9678E-02   1.0408E+00
   2005.17   6.1205E+01   4.7259E+01  -1.5146E+01   1.2390E+00  -3.6892E-01  -6.4695E+00   1.0139E-01  -3.0189E-02   1.0588E+00
   2005.25   6.1056E+01   4.7242E+01  -1.5266E+01   1.2499E+00  -3.7210E-01  -6.5264E+00   1.0228E-01  -3.0449E-02   1.0681E+00
   2005.33   6.0914E+01   4.7226E+01  -1.5380E+01   1.2504E+00  -3.7225E-01  -6.5299E+00   1.0232E-01  -3.0461E-02   1.0687E+00
   2005.42   6.0780E+01   4.7211E+01  -1.5487E+01   1.2405E+00  -3.6935E-01  -6.4799E+00   1.0151E-01  -3.0224E-02   1.0605E+00
   2005.50   6.0652E+01   4.7197E+01  -1.5588E+01   1.2204E+00  -3.6340E-01  -6.3765E+00   9.9863E-02  -2.9738E-02   1.0436E+00
   2005.58   6.0532E+01   4.7183E+01  -1.5682E+01   1.1898E+00  -3.5442E-01  -6.2196E+00   9.7364E-02  -2.9002E-02   1.0179E+00
   2005.67   6.0419E+01   4.7170E+01  -1.5769E+01   1.1489E+00  -3.4238E-01  -6.0094E+00   9.4018E-02  -2.8017E-02   9.8349E-01
   2005.75   6.0312E+01   4.7158E+01  -1.5850E+01   1.0977E+00  -3.2731E-01  -5.7456E+00   8.9826E-02  -2.6784E-02   9.4033E-01
   2005.83   6.0213E+01   4.7147E+01  -1.5924E+01   1.0361E+00  -3.0919E-01  -5.4285E+00   8.4786E-02  -2.5301E-02   8.8843E-01
   2005.92   6.0121E+01   4.7136E+01  -1.5991E+01   9.6418E-01  -2.8802E-01  -5.0579E+00   7.8900E-02  -2.3569E-02   8.2778E-01
   2006.00   6.0037E+01   4.7127E+01  -1.6051E+01   8.8190E-01  -2.6381E-01  -4.6339E+00   7.2166E-02  -2.1588E-02   7.5838E-01
   2006.08   5.9960E+01   4.7117E+01  -1.6112E+01   7.9754E-01  -2.3898E-01  -4.1989E+00   6.5263E-02  -1.9556E-02   6.8720E-01
   2006.17   5.9891E+01   4.7107E+01  -1.6179E+01   7.1938E-01  -2.1596E-01  -3.7957E+00   5.8867E-02  -1.7672E-02   6.2120E-01
   2006.25   5.9831E+01   4.7097E+01  -1.6252E+01   6.4742E-01  -1.9475E-01  -3.4241E+00   5.2978E-02  -1.5936E-02   5.6039E-01
   2006.33   5.9780E+01   4.7087E+01  -1.6332E+01   5.8166E-01  -1.7535E-01  -3.0841E+00   4.7598E-02  -1.4349E-02   5.0475E-01
   2006.42   5.9737E+01   4.7076E+01  -1.6418E+01   5.2211E-01  -1.5775E-01  -2.7758E+00   4.2724E-02  -1.2909E-02   4.5429E-01
   2006.50   5.9703E+01   4.7065E+01  -1.6511E+01   4.6875E-01  -1.4196E-01  -2.4992E+00   3.8358E-02  -1.1617E-02   4.0902E-01
   2006.58   5.9677E+01   4.7053E+01  -1.6610E+01   4.2160E-01  -1.2798E-01  -2.2542E+00   3.4500E-02  -1.0473E-02   3.6892E-01
   2006.67   5.9660E+01   4.7041E+01  -1.6715E+01   3.8065E-01  -1.1581E-01  -2.0408E+00   3.1149E-02  -9.4770E-03   3.3401E-01
   2006.75   5.9651E+01   4.7029E+01  -1.6827E+01   3.4590E-01  -1.0545E-01  -1.8592E+00   2.8305E-02  -8.6290E-03   3.0427E-01
   2006.83   5.9651E+01   4.7016E+01  -1.6946E+01   3.1736E-01  -9.6894E-02  -1.7091E+00   2.5969E-02  -7.9289E-03   2.7972E-01
   2006.92   5.9659E+01   4.7004E+01  -1.7071E+01   2.9501E-01  -9.0147E-02  -1.5907E+00   2.4141E-02  -7.3768E-03   2.6034E-01
   2007.00   5.9676E+01   4.6990E+01  -1.7202E+01   2.7887E-01  -8.5208E-02  -1.5040E+00   2.2820E-02  -6.9726E-03   2.4615E-01
   2007.08   5.9702E+01   4.6977E+01  -1.7340E+01   2.6893E-01  -8.2077E-02  -1.4490E+00   2.2006E-02  -6.7164E-03   2.3714E-01
   2007.17   5.9736E+01   4.6963E+01  -1.7485E+01   2.6519E-01  -8.0754E-02  -1.4255E+00   2.1700E-02  -6.6081E-03   2.3330E-01
   2007.25   5.9778E+01   4.6948E+01  -1.7636E+01   2.6765E-01  -8.1239E-02  -1.4338E+00   2.1902E-02  -6.6479E-03   2.3465E-01
   2007.33   5.9830E+01   4.6933E+01  -1.7793E+01   2.7631E-01  -8.3533E-02  -1.4737E+00   2.2611E-02  -6.8355E-03   2.4118E-01
   2007.42   5.9889E+01   4.6918E+01  -1.7957E+01   2.9118E-01  -8.7634E-02  -1.5452E+00   2.3827E-02  -7.1711E-03   2.5289E-01
   2007.50   5.9957E+01   4.6903E+01  -1.8127E+01   3.1224E-01  -9.3543E-02  -1.6484E+00   2.5551E-02  -7.6547E-03   2.6978E-01
   2007.58   6.0034E+01   4.6887E+01  -1.8303E+01   3.3951E-01  -1.0126E-01  -1.7833E+00   2.7782E-02  -8.2862E-03   2.9185E-01
   2007.67   6.0120E+01   4.6871E+01  -1.8487E+01   3.7298E-01  -1.1079E-01  -1.9498E+00   3.0521E-02  -9.0657E-03   3.1910E-01
   2007.75   6.0213E+01   4.6855E+01  -1.8676E+01   4.1265E-01  -1.2212E-01  -2.1479E+00   3.3768E-02  -9.9931E-03   3.5153E-01
   2007.83   6.0316E+01   4.6838E+01  -1.8872E+01   4.5853E-01  -1.3526E-01  -2.3777E+00   3.7521E-02  -1.1069E-02   3.8914E-01
   2007.92   6.0427E+01   4.6821E+01  -1.9075E+01   5.1060E-01  -1.5021E-01  -2.6392E+00   4.1783E-02  -1.2292E-02   4.3193E-01
   2008.00   6.0546E+01   4.6803E+01  -1.9284E+01   5.6888E-01  -1.6697E-01  -2.9323E+00   4.6552E-02  -1.3663E-02   4.7991E-01
   2008.08   6.0667E+01   4.6791E+01  -1.9495E+01   6.2597E-01  -1.8341E-01  -3.2198E+00   5.1223E-02  -1.5009E-02   5.2696E-01
   2008.17   6.0781E+01   4.6792E+01  -1.9703E+01   6.7449E-01  -1.9742E-01  -3.4643E+00   5.5194E-02  -1.6155E-02   5.6697E-01
   2008.25   6.0889E+01   4.6804E+01  -1.9908E+01   7.1444E-01  -2.0899E-01  -3.6659E+00   5.8463E-02  -1.7102E-02   5.9996E-01
   2008.33   6.0990E+01   4.6828E+01  -2.0112E+01   7.4581E-01  -2.1813E-01  -3.8245E+00   6.1030E-02  -1.7849E-02   6.2592E-01
   2008.42   6.1084E+01   4.6865E+01  -2.0312E+01   7.6862E-01  -2.2483E-01  -3.9402E+00   6.2896E-02  -1.8398E-02   6.4486E-01
   2008.50   6.1173E+01   4.6913E+01  -2.0510E+01   7.8285E-01  -2.2909E-01  -4.0129E+00   6.4061E-02  -1.8746E-02   6.5676E-01
   2008.58   6.1255E+01   4.6974E+01  -2.0705E+01   7.8851E-01  -2.3091E-01  -4.0427E+00   6.4524E-02  -1.8896E-02   6.6163E-01
   2008.67   6.1330E+01   4.7046E+01  -2.0898E+01   7.8559E-01  -2.3030E-01  -4.0295E+00   6.4285E-02  -1.8846E-02   6.5948E-01
   2008.75   6.1399E+01   4.7130E+01  -2.1088E+01   7.7411E-01  -2.2726E-01  -3.9734E+00   6.3345E-02  -1.8597E-02   6.5029E-01
   2008.83   6.1461E+01   4.7227E+01  -2.1276E+01   7.5405E-01  -2.2177E-01  -3.8743E+00   6.1704E-02  -1.8148E-02   6.3408E-01
   2008.92   6.1517E+01   4.7335E+01  -2.1460E+01   7.2542E-01  -2.1385E-01  -3.7323E+00   5.9361E-02  -1.7500E-02   6.1083E-01
   2009.00   6.1567E+01   4.7456E+01  -2.1643E+01   6.8822E-01  -2.0350E-01  -3.5473E+00   5.6317E-02  -1.6652E-02   5.8056E-01
   2009.08   6.1610E+01   4.7588E+01  -2.1822E+01   6.4244E-01  -1.9071E-01  -3.3194E+00   5.2571E-02  -1.5606E-02   5.4326E-01
   2009.17   6.1647E+01   4.7733E+01  -2.2000E+01   5.8810E-01  -1.7548E-01  -3.0486E+00   4.8124E-02  -1.4360E-02   4.9893E-01
   2009.25   6.1677E+01   4.7889E+01  -2.2174E+01   5.2518E-01  -1.5781E-01  -2.7347E+00   4.2976E-02  -1.2914E-02   4.4757E-01
   2009.33   6.1700E+01   4.8058E+01  -2.2346E+01   4.5369E-01  -1.3771E-01  -2.3780E+00   3.7126E-02  -1.1269E-02   3.8918E-01
   2009.42   6.1718E+01   4.8238E+01  -2.2515E+01   3.7363E-01  -1.1518E-01  -1.9782E+00   3.0574E-02  -9.4249E-03   3.2376E-01
   2009.50   6.1728E+01   4.8431E+01  -2.2682E+01   2.8499E-01  -9.0203E-02  -1.5356E+00   2.3321E-02  -7.3813E-03   2.5131E-01
   2009.58   6.1733E+01   4.8635E+01  -2.2846E+01   1.8779E-01  -6.2793E-02  -1.0500E+00   1.5367E-02  -5.1384E-03   1.7184E-01
   2009.67   6.1731E+01   4.8852E+01  -2.3008E+01   8.2009E-02  -3.2947E-02  -5.2140E-01   6.7109E-03  -2.6961E-03   8.5332E-02
   2009.75   6.1722E+01   4.9080E+01  -2.3166E+01  -3.2341E-02  -6.6481E-04   5.0119E-02  -2.6465E-03  -5.4402E-05  -8.2025E-03
   2009.83   6.1707E+01   4.9321E+01  -2.3323E+01  -1.5526E-01   3.4054E-02   6.6458E-01  -1.2705E-02   2.7866E-03  -1.0877E-01
   2009.92   6.1686E+01   4.9574E+01  -2.3476E+01  -2.8676E-01   7.1209E-02   1.3220E+00  -2.3466E-02   5.8270E-03  -2.1636E-01
   2010.00   6.1658E+01   4.9838E+01  -2.3628E+01  -4.2683E-01   1.1080E-01   2.0224E+00  -3.4927E-02   9.0668E-03  -3.3098E-01
   2010.08   6.1627E+01   5.0105E+01  -2.3780E+01  -5.6519E-01   1.4993E-01   2.7143E+00  -4.6250E-02   1.2268E-02  -4.4423E-01
   2010.17   6.1598E+01   5.0363E+01  -2.3937E+01  -6.9157E-01   1.8568E-01   3.3466E+00  -5.6592E-02   1.5194E-02  -5.4770E-01
   2010.25   6.1571E+01   5.0613E+01  -2.4100E+01  -8.0598E-01   2.1807E-01   3.9191E+00  -6.5953E-02   1.7845E-02  -6.4140E-01
   2010.33   6.1544E+01   5.0854E+01  -2.4268E+01  -9.0840E-01   2.4709E-01   4.4318E+00  -7.4335E-02   2.0219E-02  -7.2532E-01
   2010.42   6.1519E+01   5.1087E+01  -2.4440E+01  -9.9885E-01   2.7274E-01   4.8849E+00  -8.1736E-02   2.2319E-02  -7.9946E-01
   2010.50   6.1496E+01   5.1312E+01  -2.4618E+01  -1.0773E+00   2.9502E-01   5.2782E+00  -8.8157E-02   2.4142E-02  -8.6383E-01
   2010.58   6.1474E+01   5.1529E+01  -2.4801E+01  -1.1438E+00   3.1394E-01   5.6117E+00  -9.3598E-02   2.5690E-02  -9.1842E-01
   2010.67   6.1453E+01   5.1737E+01  -2.4989E+01  -1.1983E+00   3.2948E-01   5.8856E+00  -9.8058E-02   2.6962E-02  -9.6324E-01
   2010.75   6.1434E+01   5.1937E+01  -2.5182E+01  -1.2408E+00   3.4166E-01   6.0997E+00  -1.0154E-01   2.7958E-02  -9.9828E-01
   2010.83   6.1416E+01   5.2128E+01  -2.5381E+01  -1.2714E+00   3.5047E-01   6.2540E+00  -1.0404E-01   2.8679E-02  -1.0235E+00
   2010.92   6.1400E+01   5.2311E+01  -2.5584E+01  -1.2900E+00   3.5591E-01   6.3487E+00  -1.0556E-01   2.9124E-02  -1.0390E+00
   2011.00   6.1385E+01   5.2486E+01  -2.5793E+01  -1.2966E+00   3.5798E-01   6.3836E+00  -1.0610E-01   2.9294E-02  -1.0447E+00
   2011.08   6.1371E+01   5.2653E+01  -2.6006E+01  -1.2912E+00   3.5668E-01   6.3587E+00  -1.0566E-01   2.9188E-02  -1.0407E+00
   2011.17   6.1359E+01   5.2811E+01  -2.6225E+01  -1.2738E+00   3.5202E-01   6.2741E+00  -1.0424E-01   2.8806E-02  -1.0268E+00
   2011.25   6.1348E+01   5.2961E+01  -2.6449E+01  -1.2444E+00   3.4399E-01   6.1298E+00  -1.0183E-01   2.8149E-02  -1.0032E+00
   2011.33   6.1338E+01   5.3102E+01  -2.6677E+01  -1.2031E+00   3.3258E-01   5.9258E+00  -9.8452E-02   2.7215E-02  -9.6982E-01
   2011.42   6.1330E+01   5.3236E+01  -2.6911E+01  -1.1498E+00   3.1781E-01   5.6620E+00  -9.4090E-02   2.6007E-02  -9.2665E-01
   2011.50   6.1323E+01   5.3361E+01  -2.7151E+01  -1.0845E+00   2.9967E-01   5.3385E+00  -8.8748E-02   2.4522E-02  -8.7370E-01
   2011.58   6.1318E+01   5.3477E+01  -2.7395E+01  -1.0073E+00   2.7817E-01   4.9553E+00  -8.2425E-02   2.2762E-02  -8.1098E-01
   2011.67   6.1314E+01   5.3585E+01  -2.7644E+01  -9.1803E-01   2.5329E-01   4.5123E+00  -7.5123E-02   2.0727E-02  -7.3848E-01
   2011.75   6.1312E+01   5.3685E+01  -2.7898E+01  -8.1681E-01   2.2505E-01   4.0096E+00  -6.6839E-02   1.8416E-02  -6.5621E-01
   2011.83   6.1311E+01   5.3777E+01  -2.8158E+01  -7.0360E-01   1.9343E-01   3.4471E+00  -5.7576E-02   1.5829E-02  -5.6416E-01
   2011.92   6.1311E+01   5.3860E+01  -2.8423E+01  -5.7842E-01   1.5845E-01   2.8249E+00  -4.7333E-02   1.2966E-02  -4.6233E-01
   2012.00   6.1312E+01   5.3935E+01  -2.8692E+01  -4.4126E-01   1.2010E-01   2.1430E+00  -3.6109E-02   9.8278E-03  -3.5073E-01
