   1960.00   2.3782E+01   9.6001E+00   2.2844E+01   1.9380E-01   2.7384E-01  -1.7640E+00   1.5859E-02   2.2408E-02   2.8869E-01
   1960.08   2.3747E+01   9.5209E+00   2.3248E+01   2.9196E-01   4.1310E-01  -2.6645E+00   2.3892E-02   3.3805E-02   4.3608E-01
   1960.17   2.3707E+01   9.4376E+00   2.3611E+01   3.8301E-01   5.4228E-01  -3.4998E+00   3.1342E-02   4.4375E-02   5.7278E-01
   1960.25   2.3661E+01   9.3502E+00   2.3933E+01   4.6694E-01   6.6135E-01  -4.2697E+00   3.8210E-02   5.4119E-02   6.9879E-01
   1960.33   2.3610E+01   9.2589E+00   2.4213E+01   5.4376E-01   7.7034E-01  -4.9744E+00   4.4496E-02   6.3037E-02   8.1412E-01
   1960.42   2.3552E+01   9.1634E+00   2.4452E+01   6.1346E-01   8.6923E-01  -5.6138E+00   5.0200E-02   7.1129E-02   9.1875E-01
   1960.50   2.3489E+01   9.0640E+00   2.4649E+01   6.7605E-01   9.5803E-01  -6.1878E+00   5.5322E-02   7.8396E-02   1.0127E+00
   1960.58   2.3420E+01   8.9605E+00   2.4805E+01   7.3153E-01   1.0367E+00  -6.6966E+00   5.9861E-02   8.4836E-02   1.0960E+00
   1960.67   2.3346E+01   8.8529E+00   2.4919E+01   7.7989E-01   1.1053E+00  -7.1401E+00   6.3818E-02   9.0451E-02   1.1686E+00
   1960.75   2.3266E+01   8.7414E+00   2.4992E+01   8.2113E-01   1.1639E+00  -7.5183E+00   6.7194E-02   9.5239E-02   1.2304E+00
   1960.83   2.3180E+01   8.6257E+00   2.5023E+01   8.5527E-01   1.2123E+00  -7.8312E+00   6.9987E-02   9.9202E-02   1.2817E+00
   1960.92   2.3088E+01   8.5061E+00   2.5013E+01   8.8228E-01   1.2506E+00  -8.0788E+00   7.2198E-02   1.0234E-01   1.3222E+00
   1961.00   2.2991E+01   8.3824E+00   2.4962E+01   9.0219E-01   1.2789E+00  -8.2611E+00   7.3826E-02   1.0465E-01   1.3520E+00
   1961.08   2.2888E+01   8.2546E+00   2.4869E+01   9.1498E-01   1.2970E+00  -8.3781E+00   7.4873E-02   1.0613E-01   1.3712E+00
   1961.17   2.2779E+01   8.1229E+00   2.4735E+01   9.2065E-01   1.3051E+00  -8.4298E+00   7.5337E-02   1.0679E-01   1.3796E+00
   1961.25   2.2664E+01   7.9870E+00   2.4559E+01   9.1921E-01   1.3030E+00  -8.4162E+00   7.5220E-02   1.0663E-01   1.3774E+00
   1961.33   2.2544E+01   7.8472E+00   2.4342E+01   9.1066E-01   1.2909E+00  -8.3373E+00   7.4520E-02   1.0563E-01   1.3645E+00
   1961.42   2.2418E+01   7.7033E+00   2.4083E+01   8.9499E-01   1.2686E+00  -8.1931E+00   7.3238E-02   1.0381E-01   1.3409E+00
   1961.50   2.2286E+01   7.5553E+00   2.3783E+01   8.7221E-01   1.2363E+00  -7.9836E+00   7.1373E-02   1.0117E-01   1.3066E+00
   1961.58   2.2149E+01   7.4033E+00   2.3442E+01   8.4232E-01   1.1939E+00  -7.7089E+00   6.8927E-02   9.7698E-02   1.2616E+00
   1961.67   2.2006E+01   7.2473E+00   2.3059E+01   8.0531E-01   1.1414E+00  -7.3688E+00   6.5899E-02   9.3401E-02   1.2060E+00
   1961.75   2.1857E+01   7.0872E+00   2.2635E+01   7.6118E-01   1.0788E+00  -6.9634E+00   6.2288E-02   8.8278E-02   1.1396E+00
   1961.83   2.1702E+01   6.9231E+00   2.2169E+01   7.0994E-01   1.0061E+00  -6.4928E+00   5.8095E-02   8.2329E-02   1.0626E+00
   1961.92   2.1542E+01   6.7550E+00   2.1662E+01   6.5159E-01   9.2331E-01  -5.9568E+00   5.3320E-02   7.5555E-02   9.7490E-01
   1962.00   2.1375E+01   6.5828E+00   2.1113E+01   5.8613E-01   8.3043E-01  -5.3556E+00   4.7963E-02   6.7954E-02   8.7650E-01
   1962.08   2.1209E+01   6.4156E+00   2.0563E+01   5.1925E-01   7.3555E-01  -4.7414E+00   4.2490E-02   6.0190E-02   7.7599E-01
   1962.17   2.1047E+01   6.2625E+00   2.0051E+01   4.5667E-01   6.4677E-01  -4.1668E+00   3.7369E-02   5.2925E-02   6.8194E-01
   1962.25   2.0889E+01   6.1234E+00   1.9578E+01   3.9838E-01   5.6408E-01  -3.6317E+00   3.2599E-02   4.6159E-02   5.9436E-01
   1962.33   2.0736E+01   5.9984E+00   1.9143E+01   3.4438E-01   4.8750E-01  -3.1361E+00   2.8181E-02   3.9892E-02   5.1325E-01
   1962.42   2.0588E+01   5.8874E+00   1.8746E+01   2.9468E-01   4.1702E-01  -2.6800E+00   2.4114E-02   3.4125E-02   4.3861E-01
   1962.50   2.0445E+01   5.7906E+00   1.8388E+01   2.4927E-01   3.5263E-01  -2.2634E+00   2.0398E-02   2.8856E-02   3.7043E-01
   1962.58   2.0305E+01   5.7077E+00   1.8068E+01   2.0816E-01   2.9434E-01  -1.8863E+00   1.7034E-02   2.4086E-02   3.0871E-01
   1962.67   2.0171E+01   5.6390E+00   1.7786E+01   1.7134E-01   2.4215E-01  -1.5487E+00   1.4021E-02   1.9816E-02   2.5347E-01
   1962.75   2.0041E+01   5.5843E+00   1.7543E+01   1.3882E-01   1.9607E-01  -1.2507E+00   1.1359E-02   1.6044E-02   2.0469E-01
   1962.83   1.9916E+01   5.5436E+00   1.7338E+01   1.1059E-01   1.5608E-01  -9.9215E-01   9.0492E-03   1.2772E-02   1.6238E-01
   1962.92   1.9795E+01   5.5170E+00   1.7172E+01   8.6648E-02   1.2218E-01  -7.7311E-01   7.0904E-03   9.9983E-03   1.2653E-01
   1963.00   1.9679E+01   5.5045E+00   1.7043E+01   6.7004E-02   9.4391E-02  -5.9359E-01   5.4830E-03   7.7240E-03   9.7148E-02
   1963.08   1.9568E+01   5.5060E+00   1.6954E+01   5.1655E-02   7.2697E-02  -4.5358E-01   4.2269E-03   5.9488E-03   7.4234E-02
   1963.17   1.9461E+01   5.5216E+00   1.6902E+01   4.0599E-02   5.7102E-02  -3.5309E-01   3.3222E-03   4.6727E-03   5.7786E-02
   1963.25   1.9359E+01   5.5513E+00   1.6889E+01   3.3838E-02   4.7605E-02  -2.9210E-01   2.7689E-03   3.8956E-03   4.7805E-02
   1963.33   1.9261E+01   5.5950E+00   1.6914E+01   3.1370E-02   4.4208E-02  -2.7062E-01   2.5670E-03   3.6176E-03   4.4290E-02
   1963.42   1.9168E+01   5.6528E+00   1.6978E+01   3.3196E-02   4.6909E-02  -2.8866E-01   2.7164E-03   3.8386E-03   4.7242E-02
   1963.50   1.9080E+01   5.7246E+00   1.7080E+01   3.9316E-02   5.5709E-02  -3.4620E-01   3.2173E-03   4.5587E-03   5.6660E-02
   1963.58   1.8996E+01   5.8105E+00   1.7220E+01   4.9730E-02   7.0608E-02  -4.4326E-01   4.0694E-03   5.7779E-03   7.2545E-02
   1963.67   1.8916E+01   5.9105E+00   1.7399E+01   6.4438E-02   9.1606E-02  -5.7983E-01   5.2730E-03   7.4962E-03   9.4896E-02
   1963.75   1.8842E+01   6.0245E+00   1.7616E+01   8.3440E-02   1.1870E-01  -7.5591E-01   6.8279E-03   9.7135E-03   1.2371E-01
   1963.83   1.8772E+01   6.1525E+00   1.7871E+01   1.0674E-01   1.5190E-01  -9.7150E-01   8.7342E-03   1.2430E-02   1.5900E-01
   1963.92   1.8706E+01   6.2947E+00   1.8165E+01   1.3433E-01   1.9119E-01  -1.2266E+00   1.0992E-02   1.5645E-02   2.0075E-01
   1964.00   1.8645E+01   6.4509E+00   1.8497E+01   1.6621E-01   2.3659E-01  -1.5212E+00   1.3601E-02   1.9360E-02   2.4896E-01
   1964.08   1.8585E+01   6.6167E+00   1.8835E+01   1.9779E-01   2.8155E-01  -1.8129E+00   1.6185E-02   2.3039E-02   2.9671E-01
   1964.17   1.8522E+01   6.7878E+00   1.9147E+01   2.2447E-01   3.1956E-01  -2.0594E+00   1.8368E-02   2.6150E-02   3.3704E-01
   1964.25   1.8456E+01   6.9642E+00   1.9433E+01   2.4624E-01   3.5062E-01  -2.2605E+00   2.0150E-02   2.8692E-02   3.6996E-01
   1964.33   1.8387E+01   7.1458E+00   1.9693E+01   2.6311E-01   3.7473E-01  -2.4164E+00   2.1531E-02   3.0664E-02   3.9547E-01
   1964.42   1.8314E+01   7.3326E+00   1.9926E+01   2.7508E-01   3.9188E-01  -2.5269E+00   2.2510E-02   3.2068E-02   4.1356E-01
   1964.50   1.8238E+01   7.5247E+00   2.0133E+01   2.8215E-01   4.0208E-01  -2.5922E+00   2.3088E-02   3.2902E-02   4.2424E-01
   1964.58   1.8160E+01   7.7220E+00   2.0315E+01   2.8432E-01   4.0532E-01  -2.6122E+00   2.3266E-02   3.3168E-02   4.2752E-01
   1964.67   1.8078E+01   7.9246E+00   2.0470E+01   2.8158E-01   4.0161E-01  -2.5869E+00   2.3042E-02   3.2864E-02   4.2338E-01
   1964.75   1.7993E+01   8.1325E+00   2.0598E+01   2.7394E-01   3.9095E-01  -2.5163E+00   2.2416E-02   3.1992E-02   4.1182E-01
   1964.83   1.7905E+01   8.3455E+00   2.0701E+01   2.6140E-01   3.7333E-01  -2.4004E+00   2.1390E-02   3.0550E-02   3.9286E-01
   1964.92   1.7814E+01   8.5639E+00   2.0777E+01   2.4395E-01   3.4876E-01  -2.2393E+00   1.9963E-02   2.8539E-02   3.6648E-01
   1965.00   1.7720E+01   8.7875E+00   2.0828E+01   2.2160E-01   3.1724E-01  -2.0328E+00   1.8134E-02   2.5960E-02   3.3269E-01
   1965.08   1.7622E+01   9.0163E+00   2.0852E+01   1.9435E-01   2.7876E-01  -1.7811E+00   1.5904E-02   2.2811E-02   2.9149E-01
   1965.17   1.7522E+01   9.2504E+00   2.0850E+01   1.6220E-01   2.3333E-01  -1.4840E+00   1.3273E-02   1.9094E-02   2.4288E-01
   1965.25   1.7418E+01   9.4897E+00   2.0821E+01   1.2515E-01   1.8095E-01  -1.1417E+00   1.0241E-02   1.4807E-02   1.8685E-01
   1965.33   1.7312E+01   9.7343E+00   2.0767E+01   8.3191E-02   1.2161E-01  -7.5408E-01   6.8075E-03   9.9515E-03   1.2341E-01
   1965.42   1.7202E+01   9.9841E+00   2.0686E+01   3.6332E-02   5.5320E-02  -3.2118E-01   2.9730E-03   4.5269E-03   5.2564E-02
   1965.50   1.7089E+01   1.0239E+01   2.0580E+01  -1.5430E-02  -1.7925E-02   1.5702E-01  -1.2627E-03  -1.4668E-03  -2.5697E-02
   1965.58   1.6973E+01   1.0500E+01   2.0447E+01  -7.2094E-02  -9.8123E-02   6.8050E-01  -5.8995E-03  -8.0294E-03  -1.1137E-01
   1965.67   1.6854E+01   1.0765E+01   2.0288E+01  -1.3366E-01  -1.8527E-01   1.2493E+00  -1.0938E-02  -1.5161E-02  -2.0446E-01
   1965.75   1.6732E+01   1.1036E+01   2.0102E+01  -2.0013E-01  -2.7938E-01   1.8633E+00  -1.6377E-02  -2.2862E-02  -3.0495E-01
   1965.83   1.6607E+01   1.1312E+01   1.9891E+01  -2.7150E-01  -3.8044E-01   2.5227E+00  -2.2217E-02  -3.1131E-02  -4.1286E-01
   1965.92   1.6478E+01   1.1593E+01   1.9653E+01  -3.4777E-01  -4.8845E-01   3.2273E+00  -2.8459E-02  -3.9970E-02  -5.2819E-01
   1966.00   1.6347E+01   1.1880E+01   1.9389E+01  -4.2895E-01  -6.0342E-01   3.9773E+00  -3.5101E-02  -4.9378E-02  -6.5092E-01
   1966.08   1.6215E+01   1.2167E+01   1.9139E+01  -5.0908E-01  -7.1690E-01   4.7175E+00  -4.1658E-02  -5.8664E-02  -7.7207E-01
   1966.17   1.6087E+01   1.2450E+01   1.8940E+01  -5.8221E-01  -8.2047E-01   5.3930E+00  -4.7642E-02  -6.7139E-02  -8.8262E-01
   1966.25   1.5962E+01   1.2728E+01   1.8793E+01  -6.4833E-01  -9.1411E-01   6.0038E+00  -5.3053E-02  -7.4802E-02  -9.8259E-01
   1966.33   1.5840E+01   1.3003E+01   1.8699E+01  -7.0746E-01  -9.9784E-01   6.5499E+00  -5.7892E-02  -8.1654E-02  -1.0720E+00
   1966.42   1.5721E+01   1.3273E+01   1.8656E+01  -7.5959E-01  -1.0717E+00   7.0313E+00  -6.2158E-02  -8.7694E-02  -1.1508E+00
   1966.50   1.5606E+01   1.3539E+01   1.8666E+01  -8.0472E-01  -1.1356E+00   7.4480E+00  -6.5850E-02  -9.2923E-02  -1.2190E+00
   1966.58   1.5493E+01   1.3801E+01   1.8728E+01  -8.4285E-01  -1.1895E+00   7.8001E+00  -6.8971E-02  -9.7339E-02  -1.2766E+00
   1966.67   1.5384E+01   1.4059E+01   1.8842E+01  -8.7398E-01  -1.2336E+00   8.0874E+00  -7.1518E-02  -1.0094E-01  -1.3236E+00
   1966.75   1.5278E+01   1.4312E+01   1.9008E+01  -8.9811E-01  -1.2677E+00   8.3100E+00  -7.3492E-02  -1.0374E-01  -1.3600E+00
   1966.83   1.5176E+01   1.4561E+01   1.9226E+01  -9.1524E-01  -1.2919E+00   8.4678E+00  -7.4894E-02  -1.0572E-01  -1.3859E+00
   1966.92   1.5076E+01   1.4806E+01   1.9496E+01  -9.2536E-01  -1.3063E+00   8.5610E+00  -7.5723E-02  -1.0689E-01  -1.4011E+00
   1967.00   1.4980E+01   1.5047E+01   1.9818E+01  -9.2849E-01  -1.3106E+00   8.5895E+00  -7.5979E-02  -1.0725E-01  -1.4058E+00
   1967.08   1.4886E+01   1.5284E+01   2.0193E+01  -9.2462E-01  -1.3051E+00   8.5533E+00  -7.5662E-02  -1.0680E-01  -1.3998E+00
   1967.17   1.4796E+01   1.5516E+01   2.0620E+01  -9.1375E-01  -1.2897E+00   8.4524E+00  -7.4773E-02  -1.0553E-01  -1.3833E+00
   1967.25   1.4709E+01   1.5744E+01   2.1098E+01  -8.9588E-01  -1.2643E+00   8.2868E+00  -7.3311E-02  -1.0346E-01  -1.3562E+00
   1967.33   1.4626E+01   1.5968E+01   2.1629E+01  -8.7102E-01  -1.2290E+00   8.0565E+00  -7.1276E-02  -1.0057E-01  -1.3185E+00
   1967.42   1.4545E+01   1.6188E+01   2.2212E+01  -8.3915E-01  -1.1838E+00   7.7614E+00  -6.8668E-02  -9.6871E-02  -1.2702E+00
   1967.50   1.4468E+01   1.6403E+01   2.2847E+01  -8.0028E-01  -1.1287E+00   7.4017E+00  -6.5487E-02  -9.2360E-02  -1.2114E+00
   1967.58   1.4394E+01   1.6615E+01   2.3534E+01  -7.5441E-01  -1.0636E+00   6.9773E+00  -6.1734E-02  -8.7038E-02  -1.1419E+00
   1967.67   1.4323E+01   1.6822E+01   2.4273E+01  -7.0154E-01  -9.8868E-01   6.4881E+00  -5.7407E-02  -8.0904E-02  -1.0619E+00
   1967.75   1.4255E+01   1.7025E+01   2.5065E+01  -6.4167E-01  -9.0381E-01   5.9343E+00  -5.2508E-02  -7.3959E-02  -9.7121E-01
   1967.83   1.4190E+01   1.7223E+01   2.5908E+01  -5.7480E-01  -8.0902E-01   5.3158E+00  -4.7036E-02  -6.6202E-02  -8.6998E-01
   1967.92   1.4129E+01   1.7418E+01   2.6804E+01  -5.0093E-01  -7.0431E-01   4.6325E+00  -4.0992E-02  -5.7634E-02  -7.5816E-01
   1968.00   1.4071E+01   1.7608E+01   2.7751E+01  -4.2007E-01  -5.8968E-01   3.8846E+00  -3.4374E-02  -4.8253E-02  -6.3575E-01
   1968.08   1.4015E+01   1.7793E+01   2.8702E+01  -3.3760E-01  -4.7278E-01   3.1218E+00  -2.7626E-02  -3.8688E-02  -5.1092E-01
   1968.17   1.3962E+01   1.7971E+01   2.9607E+01  -2.5893E-01  -3.6128E-01   2.3942E+00  -2.1188E-02  -2.9564E-02  -3.9184E-01
   1968.25   1.3911E+01   1.8143E+01   3.0467E+01  -1.8406E-01  -2.5517E-01   1.7017E+00  -1.5061E-02  -2.0881E-02  -2.7851E-01
   1968.33   1.3861E+01   1.8308E+01   3.1281E+01  -1.1298E-01  -1.5445E-01   1.0444E+00  -9.2455E-03  -1.2638E-02  -1.7093E-01
   1968.42   1.3814E+01   1.8467E+01   3.2049E+01  -4.5710E-02  -5.9115E-02   4.2216E-01  -3.7405E-03  -4.8374E-03  -6.9091E-02
   1968.50   1.3770E+01   1.8619E+01   3.2772E+01   1.7766E-02   3.0827E-02  -1.6494E-01   1.4538E-03   2.5226E-03   2.6994E-02
   1968.58   1.3727E+01   1.8764E+01   3.3449E+01   7.7443E-02   1.1538E-01  -7.1692E-01   6.3372E-03   9.4415E-03   1.1733E-01
   1968.67   1.3686E+01   1.8903E+01   3.4080E+01   1.3332E-01   1.9454E-01  -1.2338E+00   1.0910E-02   1.5919E-02   2.0192E-01
   1968.75   1.3648E+01   1.9035E+01   3.4666E+01   1.8540E-01   2.6831E-01  -1.7155E+00   1.5172E-02   2.1956E-02   2.8076E-01
   1968.83   1.3612E+01   1.9161E+01   3.5206E+01   2.3368E-01   3.3669E-01  -2.1621E+00   1.9122E-02   2.7552E-02   3.5385E-01
   1968.92   1.3577E+01   1.9280E+01   3.5700E+01   2.7817E-01   3.9968E-01  -2.5736E+00   2.2763E-02   3.2706E-02   4.2119E-01
   1969.00   1.3545E+01   1.9393E+01   3.6149E+01   3.1885E-01   4.5728E-01  -2.9499E+00   2.6092E-02   3.7420E-02   4.8279E-01
   1969.08   1.3516E+01   1.9499E+01   3.6552E+01   3.5574E-01   5.0949E-01  -3.2911E+00   2.9110E-02   4.1692E-02   5.3863E-01
   1969.17   1.3488E+01   1.9598E+01   3.6910E+01   3.8883E-01   5.5631E-01  -3.5972E+00   3.1818E-02   4.5523E-02   5.8873E-01
   1969.25   1.3462E+01   1.9691E+01   3.7221E+01   4.1812E-01   5.9774E-01  -3.8682E+00   3.4215E-02   4.8914E-02   6.3307E-01
   1969.33   1.3439E+01   1.9777E+01   3.7488E+01   4.4361E-01   6.3378E-01  -4.1040E+00   3.6300E-02   5.1863E-02   6.7167E-01
   1969.42   1.3418E+01   1.9857E+01   3.7708E+01   4.6530E-01   6.6443E-01  -4.3048E+00   3.8076E-02   5.4371E-02   7.0452E-01
   1969.50   1.3398E+01   1.9930E+01   3.7883E+01   4.8319E-01   6.8969E-01  -4.4703E+00   3.9540E-02   5.6438E-02   7.3162E-01
   1969.58   1.3381E+01   1.9997E+01   3.8012E+01   4.9729E-01   7.0956E-01  -4.6008E+00   4.0693E-02   5.8064E-02   7.5297E-01
   1969.67   1.3367E+01   2.0057E+01   3.8096E+01   5.0758E-01   7.2404E-01  -4.6961E+00   4.1536E-02   5.9249E-02   7.6857E-01
   1969.75   1.3354E+01   2.0110E+01   3.8133E+01   5.1408E-01   7.3313E-01  -4.7564E+00   4.2068E-02   5.9992E-02   7.7843E-01
   1969.83   1.3343E+01   2.0157E+01   3.8126E+01   5.1678E-01   7.3683E-01  -4.7814E+00   4.2288E-02   6.0295E-02   7.8253E-01
   1969.92   1.3335E+01   2.0197E+01   3.8072E+01   5.1568E-01   7.3514E-01  -4.7714E+00   4.2199E-02   6.0157E-02   7.8089E-01
   1970.00   1.3328E+01   2.0231E+01   3.7973E+01   5.1079E-01   7.2806E-01  -4.7262E+00   4.1798E-02   5.9577E-02   7.7350E-01
   1970.08   1.3328E+01   2.0250E+01   3.7847E+01   5.0274E-01   7.1655E-01  -4.6520E+00   4.1139E-02   5.8635E-02   7.6134E-01
   1970.17   1.3335E+01   2.0246E+01   3.7714E+01   4.9219E-01   7.0156E-01  -4.5546E+00   4.0276E-02   5.7409E-02   7.4541E-01
   1970.25   1.3352E+01   2.0219E+01   3.7573E+01   4.7914E-01   6.8310E-01  -4.4342E+00   3.9209E-02   5.5898E-02   7.2571E-01
   1970.33   1.3377E+01   2.0170E+01   3.7423E+01   4.6360E-01   6.6116E-01  -4.2907E+00   3.7936E-02   5.4103E-02   7.0223E-01
   1970.42   1.3411E+01   2.0098E+01   3.7267E+01   4.4555E-01   6.3575E-01  -4.1242E+00   3.6459E-02   5.2024E-02   6.7497E-01
   1970.50   1.3453E+01   2.0002E+01   3.7102E+01   4.2500E-01   6.0687E-01  -3.9346E+00   3.4778E-02   4.9660E-02   6.4393E-01
   1970.58   1.3504E+01   1.9884E+01   3.6930E+01   4.0195E-01   5.7451E-01  -3.7219E+00   3.2892E-02   4.7013E-02   6.0913E-01
   1970.67   1.3564E+01   1.9743E+01   3.6749E+01   3.7640E-01   5.3868E-01  -3.4861E+00   3.0801E-02   4.4081E-02   5.7054E-01
   1970.75   1.3632E+01   1.9580E+01   3.6561E+01   3.4835E-01   4.9938E-01  -3.2273E+00   2.8506E-02   4.0865E-02   5.2818E-01
   1970.83   1.3710E+01   1.9393E+01   3.6366E+01   3.1780E-01   4.5660E-01  -2.9454E+00   2.6006E-02   3.7364E-02   4.8204E-01
   1970.92   1.3795E+01   1.9183E+01   3.6162E+01   2.8475E-01   4.1035E-01  -2.6404E+00   2.3301E-02   3.3579E-02   4.3213E-01
   1971.00   1.3890E+01   1.8951E+01   3.5951E+01   2.4920E-01   3.6063E-01  -2.3124E+00   2.0392E-02   2.9510E-02   3.7844E-01
   1971.08   1.3993E+01   1.8696E+01   3.5732E+01   2.1115E-01   3.0743E-01  -1.9612E+00   1.7278E-02   2.5157E-02   3.2098E-01
   1971.17   1.4105E+01   1.8418E+01   3.5505E+01   1.7059E-01   2.5075E-01  -1.5870E+00   1.3960E-02   2.0519E-02   2.5974E-01
   1971.25   1.4225E+01   1.8117E+01   3.5271E+01   1.2754E-01   1.9061E-01  -1.1898E+00   1.0437E-02   1.5598E-02   1.9472E-01
   1971.33   1.4354E+01   1.7793E+01   3.5028E+01   8.1990E-02   1.2699E-01  -7.6945E-01   6.7093E-03   1.0391E-02   1.2593E-01
   1971.42   1.4492E+01   1.7447E+01   3.4778E+01   3.3937E-02   5.9894E-02  -3.2605E-01   2.7771E-03   4.9011E-03   5.3362E-02
   1971.50   1.4639E+01   1.7077E+01   3.4520E+01  -1.6616E-02  -1.0674E-02   1.4042E-01  -1.3597E-03  -8.7347E-04  -2.2982E-02
   1971.58   1.4794E+01   1.6685E+01   3.4255E+01  -6.9670E-02  -8.4716E-02   6.2997E-01  -5.7011E-03  -6.9323E-03  -1.0310E-01
   1971.67   1.4958E+01   1.6270E+01   3.3981E+01  -1.2522E-01  -1.6223E-01   1.1426E+00  -1.0247E-02  -1.3275E-02  -1.8700E-01
   1971.75   1.5130E+01   1.5832E+01   3.3700E+01  -1.8328E-01  -2.4322E-01   1.6783E+00  -1.4998E-02  -1.9903E-02  -2.7467E-01
   1971.83   1.5311E+01   1.5371E+01   3.3411E+01  -2.4383E-01  -3.2768E-01   2.2370E+00  -1.9953E-02  -2.6815E-02  -3.6611E-01
   1971.92   1.5501E+01   1.4888E+01   3.3115E+01  -3.0689E-01  -4.1562E-01   2.8189E+00  -2.5113E-02  -3.4010E-02  -4.6134E-01
   1972.00   1.5700E+01   1.4381E+01   3.2810E+01  -3.7244E-01  -5.0703E-01   3.4238E+00  -3.0477E-02  -4.1491E-02  -5.6033E-01
   1972.08   1.5900E+01   1.3866E+01   3.2513E+01  -4.3563E-01  -5.9515E-01   4.0068E+00  -3.5648E-02  -4.8701E-02  -6.5576E-01
   1972.17   1.6095E+01   1.3354E+01   3.2240E+01  -4.9159E-01  -6.7321E-01   4.5232E+00  -4.0227E-02  -5.5089E-02  -7.4027E-01
   1972.25   1.6284E+01   1.2847E+01   3.1990E+01  -5.4032E-01  -7.4122E-01   4.9729E+00  -4.4215E-02  -6.0654E-02  -8.1387E-01
   1972.33   1.6468E+01   1.2345E+01   3.1762E+01  -5.8182E-01  -7.9917E-01   5.3558E+00  -4.7611E-02  -6.5397E-02  -8.7654E-01
   1972.42   1.6647E+01   1.1847E+01   3.1559E+01  -6.1609E-01  -8.4707E-01   5.6721E+00  -5.0415E-02  -6.9316E-02  -9.2830E-01
   1972.50   1.6821E+01   1.1353E+01   3.1378E+01  -6.4313E-01  -8.8490E-01   5.9216E+00  -5.2627E-02  -7.2412E-02  -9.6914E-01
   1972.58   1.6989E+01   1.0864E+01   3.1221E+01  -6.6293E-01  -9.1269E-01   6.1045E+00  -5.4248E-02  -7.4685E-02  -9.9907E-01
   1972.67   1.7152E+01   1.0379E+01   3.1086E+01  -6.7551E-01  -9.3041E-01   6.2206E+00  -5.5277E-02  -7.6136E-02  -1.0181E+00
   1972.75   1.7309E+01   9.8981E+00   3.0975E+01  -6.8085E-01  -9.3808E-01   6.2701E+00  -5.5714E-02  -7.6763E-02  -1.0262E+00
   1972.83   1.7461E+01   9.4219E+00   3.0888E+01  -6.7897E-01  -9.3569E-01   6.2528E+00  -5.5560E-02  -7.6568E-02  -1.0233E+00
   1972.92   1.7608E+01   8.9502E+00   3.0823E+01  -6.6985E-01  -9.2325E-01   6.1688E+00  -5.4814E-02  -7.5550E-02  -1.0096E+00
   1973.00   1.7750E+01   8.4828E+00   3.0782E+01  -6.5350E-01  -9.0075E-01   6.0181E+00  -5.3476E-02  -7.3709E-02  -9.8493E-01
   1973.08   1.7886E+01   8.0199E+00   3.0764E+01  -6.2993E-01  -8.6819E-01   5.8007E+00  -5.1547E-02  -7.1044E-02  -9.4935E-01
   1973.17   1.8016E+01   7.5613E+00   3.0769E+01  -5.9912E-01  -8.2558E-01   5.5166E+00  -4.9026E-02  -6.7557E-02  -9.0285E-01
   1973.25   1.8142E+01   7.1071E+00   3.0797E+01  -5.6108E-01  -7.7291E-01   5.1658E+00  -4.5913E-02  -6.3247E-02  -8.4544E-01
   1973.33   1.8262E+01   6.6573E+00   3.0849E+01  -5.1581E-01  -7.1018E-01   4.7483E+00  -4.2209E-02  -5.8115E-02  -7.7711E-01
   1973.42   1.8377E+01   6.2119E+00   3.0923E+01  -4.6331E-01  -6.3740E-01   4.2641E+00  -3.7913E-02  -5.2159E-02  -6.9786E-01
   1973.50   1.8486E+01   5.7709E+00   3.1021E+01  -4.0358E-01  -5.5456E-01   3.7131E+00  -3.3025E-02  -4.5380E-02  -6.0770E-01
   1973.58   1.8590E+01   5.3343E+00   3.1143E+01  -3.3662E-01  -4.6167E-01   3.0955E+00  -2.7545E-02  -3.7779E-02  -5.0661E-01
   1973.67   1.8689E+01   4.9021E+00   3.1287E+01  -2.6242E-01  -3.5872E-01   2.4112E+00  -2.1474E-02  -2.9354E-02  -3.9461E-01
   1973.75   1.8783E+01   4.4743E+00   3.1455E+01  -1.8100E-01  -2.4571E-01   1.6601E+00  -1.4811E-02  -2.0107E-02  -2.7170E-01
   1973.83   1.8871E+01   4.0509E+00   3.1646E+01  -9.2347E-02  -1.2265E-01   8.4237E-01  -7.5568E-03  -1.0036E-02  -1.3786E-01
   1973.92   1.8953E+01   3.6319E+00   3.1860E+01   3.5377E-03   1.0472E-02  -4.2091E-02   2.8949E-04   8.5692E-04   6.8887E-03
   1974.00   1.9031E+01   3.2172E+00   3.2097E+01   1.0665E-01   1.5365E-01  -9.9326E-01   8.7274E-03   1.2573E-02   1.6256E-01
   1974.08   1.9106E+01   2.8034E+00   3.2317E+01   2.0887E-01   2.9561E-01  -1.9362E+00   1.7092E-02   2.4190E-02   3.1688E-01
   1974.17   1.9181E+01   2.3869E+00   3.2480E+01   3.0206E-01   4.2507E-01  -2.7959E+00   2.4718E-02   3.4783E-02   4.5758E-01
   1974.25   1.9257E+01   1.9677E+00   3.2585E+01   3.8622E-01   5.4204E-01  -3.5724E+00   3.1605E-02   4.4355E-02   5.8466E-01
   1974.33   1.9333E+01   1.5458E+00   3.2633E+01   4.6136E-01   6.4651E-01  -4.2657E+00   3.7753E-02   5.2904E-02   6.9813E-01
   1974.42   1.9409E+01   1.1211E+00   3.2623E+01   5.2746E-01   7.3849E-01  -4.8758E+00   4.3162E-02   6.0431E-02   7.9798E-01
   1974.50   1.9485E+01   6.9379E-01   3.2555E+01   5.8454E-01   8.1798E-01  -5.4027E+00   4.7833E-02   6.6935E-02   8.8422E-01
   1974.58   1.9562E+01   2.6372E-01   3.2431E+01   6.3259E-01   8.8497E-01  -5.8465E+00   5.1765E-02   7.2417E-02   9.5683E-01
   1974.67   1.9640E+01  -1.6906E-01   3.2248E+01   6.7162E-01   9.3946E-01  -6.2070E+00   5.4959E-02   7.6877E-02   1.0158E+00
   1974.75   1.9717E+01  -6.0456E-01   3.2008E+01   7.0162E-01   9.8147E-01  -6.4843E+00   5.7414E-02   8.0314E-02   1.0612E+00
   1974.83   1.9795E+01  -1.0428E+00   3.1711E+01   7.2259E-01   1.0110E+00  -6.6784E+00   5.9130E-02   8.2729E-02   1.0930E+00
   1974.92   1.9874E+01  -1.4837E+00   3.1356E+01   7.3453E-01   1.0280E+00  -6.7893E+00   6.0107E-02   8.4121E-02   1.1111E+00
   1975.00   1.9952E+01  -1.9273E+00   3.0944E+01   7.3745E-01   1.0325E+00  -6.8170E+00   6.0346E-02   8.4491E-02   1.1157E+00
   1975.08   2.0032E+01  -2.3737E+00   3.0474E+01   7.3133E-01   1.0245E+00  -6.7615E+00   5.9845E-02   8.3838E-02   1.1066E+00
   1975.17   2.0111E+01  -2.8227E+00   2.9947E+01   7.1620E-01   1.0041E+00  -6.6228E+00   5.8607E-02   8.2163E-02   1.0839E+00
   1975.25   2.0191E+01  -3.2745E+00   2.9362E+01   6.9203E-01   9.7110E-01  -6.4009E+00   5.6629E-02   7.9466E-02   1.0476E+00
   1975.33   2.0271E+01  -3.7290E+00   2.8719E+01   6.5883E-01   9.2564E-01  -6.0958E+00   5.3913E-02   7.5746E-02   9.9764E-01
   1975.42   2.0351E+01  -4.1862E+00   2.8019E+01   6.1661E-01   8.6769E-01  -5.7075E+00   5.0458E-02   7.1004E-02   9.3409E-01
   1975.50   2.0432E+01  -4.6461E+00   2.7262E+01   5.6536E-01   7.9725E-01  -5.2359E+00   4.6264E-02   6.5239E-02   8.5692E-01
   1975.58   2.0513E+01  -5.1088E+00   2.6447E+01   5.0509E-01   7.1431E-01  -4.6812E+00   4.1332E-02   5.8452E-02   7.6613E-01
   1975.67   2.0594E+01  -5.5741E+00   2.5575E+01   4.3578E-01   6.1887E-01  -4.0433E+00   3.5660E-02   5.0642E-02   6.6173E-01
   1975.75   2.0676E+01  -6.0422E+00   2.4645E+01   3.5745E-01   5.1094E-01  -3.3222E+00   2.9251E-02   4.1811E-02   5.4372E-01
   1975.83   2.0758E+01  -6.5129E+00   2.3657E+01   2.7010E-01   3.9052E-01  -2.5179E+00   2.2102E-02   3.1956E-02   4.1208E-01
   1975.92   2.0841E+01  -6.9864E+00   2.2612E+01   1.7371E-01   2.5760E-01  -1.6304E+00   1.4215E-02   2.1080E-02   2.6683E-01
   1976.00   2.0924E+01  -7.4626E+00   2.1510E+01   6.8297E-02   1.1219E-01  -6.5967E-01   5.5888E-03   9.1804E-03   1.0796E-01
   1976.08   2.0995E+01  -7.9358E+00   2.0391E+01  -3.7365E-02  -3.3605E-02   3.1341E-01  -3.0576E-03  -2.7499E-03  -5.1293E-02
   1976.17   2.1044E+01  -8.4001E+00   1.9295E+01  -1.3450E-01  -1.6767E-01   1.2080E+00  -1.1006E-02  -1.3720E-02  -1.9770E-01
   1976.25   2.1069E+01  -8.8555E+00   1.8222E+01  -2.2311E-01  -2.9000E-01   2.0241E+00  -1.8257E-02  -2.3731E-02  -3.3127E-01
   1976.33   2.1071E+01  -9.3022E+00   1.7173E+01  -3.0318E-01  -4.0060E-01   2.7617E+00  -2.4810E-02  -3.2781E-02  -4.5199E-01
   1976.42   2.1051E+01  -9.7400E+00   1.6148E+01  -3.7473E-01  -4.9947E-01   3.4209E+00  -3.0665E-02  -4.0872E-02  -5.5986E-01
   1976.50   2.1007E+01  -1.0169E+01   1.5146E+01  -4.3775E-01  -5.8661E-01   4.0015E+00  -3.5822E-02  -4.8002E-02  -6.5489E-01
   1976.58   2.0941E+01  -1.0589E+01   1.4168E+01  -4.9225E-01  -6.6201E-01   4.5037E+00  -4.0281E-02  -5.4173E-02  -7.3707E-01
   1976.67   2.0851E+01  -1.1000E+01   1.3213E+01  -5.3821E-01  -7.2569E-01   4.9273E+00  -4.4042E-02  -5.9383E-02  -8.0641E-01
   1976.75   2.0738E+01  -1.1403E+01   1.2281E+01  -5.7565E-01  -7.7763E-01   5.2725E+00  -4.7106E-02  -6.3634E-02  -8.6291E-01
   1976.83   2.0602E+01  -1.1797E+01   1.1373E+01  -6.0456E-01  -8.1784E-01   5.5393E+00  -4.9471E-02  -6.6924E-02  -9.0656E-01
   1976.92   2.0444E+01  -1.2181E+01   1.0489E+01  -6.2494E-01  -8.4632E-01   5.7275E+00  -5.1139E-02  -6.9255E-02  -9.3736E-01
   1977.00   2.0262E+01  -1.2557E+01   9.6282E+00  -6.3679E-01  -8.6307E-01   5.8372E+00  -5.2109E-02  -7.0626E-02  -9.5532E-01
   1977.08   2.0057E+01  -1.2924E+01   8.7908E+00  -6.4011E-01  -8.6809E-01   5.8685E+00  -5.2381E-02  -7.1036E-02  -9.6044E-01
   1977.17   1.9829E+01  -1.3283E+01   7.9770E+00  -6.3491E-01  -8.6138E-01   5.8212E+00  -5.1955E-02  -7.0487E-02  -9.5271E-01
   1977.25   1.9578E+01  -1.3632E+01   7.1866E+00  -6.2117E-01  -8.4294E-01   5.6955E+00  -5.0831E-02  -6.8978E-02  -9.3213E-01
   1977.33   1.9305E+01  -1.3973E+01   6.4198E+00  -5.9891E-01  -8.1276E-01   5.4913E+00  -4.9009E-02  -6.6509E-02  -8.9871E-01
   1977.42   1.9008E+01  -1.4305E+01   5.6764E+00  -5.6812E-01  -7.7086E-01   5.2086E+00  -4.6490E-02  -6.3080E-02  -8.5245E-01
   1977.50   1.8688E+01  -1.4628E+01   4.9566E+00  -5.2880E-01  -7.1722E-01   4.8474E+00  -4.3272E-02  -5.8690E-02  -7.9334E-01
   1977.58   1.8345E+01  -1.4942E+01   4.2603E+00  -4.8096E-01  -6.5185E-01   4.4078E+00  -3.9357E-02  -5.3341E-02  -7.2138E-01
   1977.67   1.7979E+01  -1.5247E+01   3.5874E+00  -4.2458E-01  -5.7475E-01   3.8896E+00  -3.4744E-02  -4.7032E-02  -6.3658E-01
   1977.75   1.7590E+01  -1.5544E+01   2.9381E+00  -3.5968E-01  -4.8592E-01   3.2930E+00  -2.9433E-02  -3.9763E-02  -5.3894E-01
   1977.83   1.7178E+01  -1.5831E+01   2.3123E+00  -2.8625E-01  -3.8536E-01   2.6179E+00  -2.3424E-02  -3.1534E-02  -4.2845E-01
   1977.92   1.6743E+01  -1.6110E+01   1.7100E+00  -2.0429E-01  -2.7307E-01   1.8643E+00  -1.6717E-02  -2.2345E-02  -3.0511E-01
   1978.00   1.6285E+01  -1.6380E+01   1.1312E+00  -1.1380E-01  -1.4904E-01   1.0322E+00  -9.3125E-03  -1.2196E-02  -1.6893E-01
   1978.08   1.5820E+01  -1.6639E+01   5.5771E-01  -2.3104E-02  -2.4669E-02   1.9805E-01  -1.8906E-03  -2.0187E-03  -3.2412E-02
   1978.17   1.5366E+01  -1.6882E+01  -2.8613E-02   5.9486E-02   8.8665E-02  -5.6176E-01   4.8678E-03   7.2555E-03   9.1939E-02
   1978.25   1.4922E+01  -1.7111E+01  -6.2779E-01   1.3397E-01   1.9096E-01  -1.2472E+00   1.0963E-02   1.5627E-02   2.0412E-01
   1978.33   1.4489E+01  -1.7326E+01  -1.2398E+00   2.0034E-01   2.8222E-01  -1.8583E+00   1.6394E-02   2.3094E-02   3.0414E-01
   1978.42   1.4065E+01  -1.7526E+01  -1.8647E+00   2.5861E-01   3.6245E-01  -2.3951E+00   2.1162E-02   2.9659E-02   3.9199E-01
   1978.50   1.3652E+01  -1.7711E+01  -2.5024E+00   3.0877E-01   4.3163E-01  -2.8575E+00   2.5266E-02   3.5321E-02   4.6767E-01
   1978.58   1.3250E+01  -1.7882E+01  -3.1530E+00   3.5082E-01   4.8978E-01  -3.2456E+00   2.8707E-02   4.0079E-02   5.3118E-01
   1978.67   1.2857E+01  -1.8038E+01  -3.8164E+00   3.8476E-01   5.3690E-01  -3.5594E+00   3.1485E-02   4.3934E-02   5.8253E-01
   1978.75   1.2475E+01  -1.8180E+01  -4.4927E+00   4.1059E-01   5.7297E-01  -3.7987E+00   3.3599E-02   4.6886E-02   6.2170E-01
   1978.83   1.2103E+01  -1.8307E+01  -5.1818E+00   4.2832E-01   5.9801E-01  -3.9638E+00   3.5050E-02   4.8935E-02   6.4871E-01
   1978.92   1.1742E+01  -1.8419E+01  -5.8838E+00   4.3794E-01   6.1201E-01  -4.0545E+00   3.5837E-02   5.0081E-02   6.6356E-01
   1979.00   1.1390E+01  -1.8517E+01  -6.5986E+00   4.3945E-01   6.1497E-01  -4.0708E+00   3.5960E-02   5.0324E-02   6.6623E-01
   1979.08   1.1049E+01  -1.8600E+01  -7.3263E+00   4.3285E-01   6.0690E-01  -4.0128E+00   3.5421E-02   4.9663E-02   6.5674E-01
   1979.17   1.0718E+01  -1.8669E+01  -8.0668E+00   4.1815E-01   5.8779E-01  -3.8805E+00   3.4217E-02   4.8099E-02   6.3508E-01
   1979.25   1.0398E+01  -1.8723E+01  -8.8202E+00   3.9534E-01   5.5764E-01  -3.6738E+00   3.2350E-02   4.5632E-02   6.0125E-01
   1979.33   1.0088E+01  -1.8762E+01  -9.5864E+00   3.6441E-01   5.1646E-01  -3.3927E+00   2.9820E-02   4.2262E-02   5.5526E-01
   1979.42   9.7878E+00  -1.8787E+01  -1.0366E+01   3.2539E-01   4.6424E-01  -3.0374E+00   2.6626E-02   3.7989E-02   4.9710E-01
   1979.50   9.4982E+00  -1.8797E+01  -1.1157E+01   2.7825E-01   4.0098E-01  -2.6076E+00   2.2769E-02   3.2812E-02   4.2677E-01
   1979.58   9.2188E+00  -1.8793E+01  -1.1962E+01   2.2300E-01   3.2669E-01  -2.1036E+00   1.8249E-02   2.6733E-02   3.4427E-01
   1979.67   8.9498E+00  -1.8774E+01  -1.2780E+01   1.5965E-01   2.4135E-01  -1.5251E+00   1.3064E-02   1.9750E-02   2.4960E-01
   1979.75   8.6910E+00  -1.8740E+01  -1.3610E+01   8.8192E-02   1.4498E-01  -8.7236E-01   7.2168E-03   1.1864E-02   1.4277E-01
   1979.83   8.4425E+00  -1.8692E+01  -1.4454E+01   8.6238E-03   3.7579E-02  -1.4524E-01   7.0569E-04   3.0751E-03   2.3771E-02
   1979.92   8.2043E+00  -1.8629E+01  -1.5310E+01  -7.9052E-02  -8.0865E-02   6.5622E-01  -6.4689E-03  -6.6172E-03  -1.0740E-01
   1980.00   7.9763E+00  -1.8552E+01  -1.6179E+01  -1.7484E-01  -2.1034E-01   1.5320E+00  -1.4307E-02  -1.7213E-02  -2.5073E-01
   1980.08   7.7564E+00  -1.8471E+01  -1.7044E+01  -2.7096E-01  -3.4032E-01   2.4110E+00  -2.2173E-02  -2.7849E-02  -3.9459E-01
   1980.17   7.5421E+00  -1.8398E+01  -1.7889E+01  -3.5966E-01  -4.6026E-01   3.2221E+00  -2.9431E-02  -3.7663E-02  -5.2733E-01
   1980.25   7.3335E+00  -1.8333E+01  -1.8713E+01  -4.4094E-01  -5.7015E-01   3.9651E+00  -3.6082E-02  -4.6655E-02  -6.4894E-01
   1980.33   7.1305E+00  -1.8275E+01  -1.9517E+01  -5.1479E-01  -6.6999E-01   4.6403E+00  -4.2125E-02  -5.4826E-02  -7.5943E-01
   1980.42   6.9333E+00  -1.8224E+01  -2.0300E+01  -5.8121E-01  -7.5980E-01   5.2474E+00  -4.7561E-02  -6.2174E-02  -8.5879E-01
   1980.50   6.7417E+00  -1.8182E+01  -2.1063E+01  -6.4021E-01  -8.3956E-01   5.7866E+00  -5.2389E-02  -6.8701E-02  -9.4704E-01
   1980.58   6.5558E+00  -1.8146E+01  -2.1805E+01  -6.9179E-01  -9.0927E-01   6.2578E+00  -5.6609E-02  -7.4406E-02  -1.0242E+00
   1980.67   6.3756E+00  -1.8119E+01  -2.2527E+01  -7.3594E-01  -9.6895E-01   6.6611E+00  -6.0222E-02  -7.9289E-02  -1.0902E+00
   1980.75   6.2010E+00  -1.8099E+01  -2.3229E+01  -7.7267E-01  -1.0186E+00   6.9964E+00  -6.3228E-02  -8.3351E-02  -1.1450E+00
   1980.83   6.0321E+00  -1.8087E+01  -2.3910E+01  -8.0197E-01  -1.0582E+00   7.2637E+00  -6.5625E-02  -8.6590E-02  -1.1888E+00
   1980.92   5.8689E+00  -1.8082E+01  -2.4570E+01  -8.2384E-01  -1.0877E+00   7.4631E+00  -6.7415E-02  -8.9008E-02  -1.2214E+00
   1981.00   5.7114E+00  -1.8085E+01  -2.5210E+01  -8.3829E-01  -1.1072E+00   7.5945E+00  -6.8598E-02  -9.0603E-02  -1.2429E+00
   1981.08   5.5595E+00  -1.8095E+01  -2.5830E+01  -8.4532E-01  -1.1167E+00   7.6580E+00  -6.9173E-02  -9.1377E-02  -1.2533E+00
   1981.17   5.4133E+00  -1.8114E+01  -2.6429E+01  -8.4492E-01  -1.1161E+00   7.6535E+00  -6.9140E-02  -9.1329E-02  -1.2526E+00
   1981.25   5.2728E+00  -1.8139E+01  -2.7007E+01  -8.3709E-01  -1.1054E+00   7.5810E+00  -6.8500E-02  -9.0459E-02  -1.2407E+00
   1981.33   5.1380E+00  -1.8173E+01  -2.7565E+01  -8.2184E-01  -1.0848E+00   7.4406E+00  -6.7252E-02  -8.8767E-02  -1.2177E+00
   1981.42   5.0088E+00  -1.8214E+01  -2.8103E+01  -7.9917E-01  -1.0541E+00   7.2322E+00  -6.5396E-02  -8.6254E-02  -1.1836E+00
   1981.50   4.8853E+00  -1.8262E+01  -2.8620E+01  -7.6907E-01  -1.0133E+00   6.9558E+00  -6.2933E-02  -8.2918E-02  -1.1384E+00
   1981.58   4.7675E+00  -1.8318E+01  -2.9117E+01  -7.3154E-01  -9.6249E-01   6.6115E+00  -5.9863E-02  -7.8761E-02  -1.0820E+00
   1981.67   4.6553E+00  -1.8382E+01  -2.9593E+01  -6.8659E-01  -9.0164E-01   6.1992E+00  -5.6184E-02  -7.3782E-02  -1.0146E+00
   1981.75   4.5489E+00  -1.8453E+01  -3.0048E+01  -6.3422E-01  -8.3075E-01   5.7190E+00  -5.1898E-02  -6.7981E-02  -9.3597E-01
   1981.83   4.4481E+00  -1.8532E+01  -3.0484E+01  -5.7442E-01  -7.4982E-01   5.1708E+00  -4.7005E-02  -6.1358E-02  -8.4625E-01
   1981.92   4.3530E+00  -1.8619E+01  -3.0898E+01  -5.0719E-01  -6.5884E-01   4.5546E+00  -4.1504E-02  -5.3913E-02  -7.4541E-01
   1982.00   4.2635E+00  -1.8713E+01  -3.1293E+01  -4.3254E-01  -5.5782E-01   3.8705E+00  -3.5395E-02  -4.5647E-02  -6.3345E-01
   1982.08   4.1831E+00  -1.8808E+01  -3.1670E+01  -3.5570E-01  -4.5386E-01   3.1664E+00  -2.9107E-02  -3.7140E-02  -5.1821E-01
   1982.17   4.1150E+00  -1.8896E+01  -3.2034E+01  -2.8189E-01  -3.5407E-01   2.4903E+00  -2.3067E-02  -2.8973E-02  -4.0756E-01
   1982.25   4.0593E+00  -1.8977E+01  -3.2384E+01  -2.1112E-01  -2.5843E-01   1.8422E+00  -1.7276E-02  -2.1148E-02  -3.0150E-01
   1982.33   4.0159E+00  -1.9052E+01  -3.2722E+01  -1.4338E-01  -1.6697E-01   1.2222E+00  -1.1733E-02  -1.3663E-02  -2.0002E-01
   1982.42   3.9849E+00  -1.9120E+01  -3.3045E+01  -7.8680E-02  -7.9667E-02   6.3016E-01  -6.4384E-03  -6.5192E-03  -1.0313E-01
   1982.50   3.9662E+00  -1.9182E+01  -3.3356E+01  -1.7014E-02   3.4695E-03   6.6144E-02  -1.3923E-03   2.8391E-04  -1.0825E-02
   1982.58   3.9599E+00  -1.9237E+01  -3.3653E+01   4.1616E-02   8.2441E-02  -4.6985E-01   3.4054E-03   6.7462E-03   7.6896E-02
   1982.67   3.9659E+00  -1.9285E+01  -3.3936E+01   9.7210E-02   1.5725E-01  -9.7783E-01   7.9547E-03   1.2868E-02   1.6003E-01
   1982.75   3.9843E+00  -1.9326E+01  -3.4206E+01   1.4977E-01   2.2789E-01  -1.4578E+00   1.2256E-02   1.8648E-02   2.3858E-01
   1982.83   4.0151E+00  -1.9361E+01  -3.4463E+01   1.9929E-01   2.9437E-01  -1.9097E+00   1.6308E-02   2.4088E-02   3.1255E-01
   1982.92   4.0581E+00  -1.9389E+01  -3.4707E+01   2.4578E-01   3.5668E-01  -2.3337E+00   2.0112E-02   2.9187E-02   3.8193E-01
   1983.00   4.1136E+00  -1.9411E+01  -3.4937E+01   2.8923E-01   4.1483E-01  -2.7296E+00   2.3668E-02   3.3946E-02   4.4672E-01
   1983.08   4.1814E+00  -1.9426E+01  -3.5153E+01   3.2965E-01   4.6881E-01  -3.0975E+00   2.6975E-02   3.8363E-02   5.0693E-01
   1983.17   4.2615E+00  -1.9434E+01  -3.5357E+01   3.6703E-01   5.1863E-01  -3.4373E+00   3.0034E-02   4.2440E-02   5.6256E-01
   1983.25   4.3540E+00  -1.9436E+01  -3.5546E+01   4.0137E-01   5.6429E-01  -3.7492E+00   3.2844E-02   4.6176E-02   6.1360E-01
   1983.33   4.4589E+00  -1.9431E+01  -3.5723E+01   4.3268E-01   6.0578E-01  -4.0330E+00   3.5406E-02   4.9571E-02   6.6005E-01
   1983.42   4.5761E+00  -1.9419E+01  -3.5886E+01   4.6095E-01   6.4310E-01  -4.2889E+00   3.7720E-02   5.2625E-02   7.0192E-01
   1983.50   4.7056E+00  -1.9401E+01  -3.6035E+01   4.8619E-01   6.7626E-01  -4.5167E+00   3.9785E-02   5.5339E-02   7.3920E-01
   1983.58   4.8475E+00  -1.9376E+01  -3.6172E+01   5.0839E-01   7.0526E-01  -4.7164E+00   4.1602E-02   5.7711E-02   7.7190E-01
   1983.67   5.0018E+00  -1.9344E+01  -3.6295E+01   5.2755E-01   7.3009E-01  -4.8882E+00   4.3170E-02   5.9743E-02   8.0001E-01
   1983.75   5.1684E+00  -1.9306E+01  -3.6404E+01   5.4368E-01   7.5075E-01  -5.0320E+00   4.4490E-02   6.1434E-02   8.2354E-01
   1983.83   5.3474E+00  -1.9261E+01  -3.6500E+01   5.5678E-01   7.6725E-01  -5.1477E+00   4.5561E-02   6.2785E-02   8.4248E-01
   1983.92   5.5387E+00  -1.9210E+01  -3.6583E+01   5.6684E-01   7.7959E-01  -5.2354E+00   4.6384E-02   6.3794E-02   8.5683E-01
   1984.00   5.7423E+00  -1.9151E+01  -3.6652E+01   5.7386E-01   7.8776E-01  -5.2951E+00   4.6959E-02   6.4463E-02   8.6660E-01
   1984.08   5.9520E+00  -1.9093E+01  -3.6711E+01   5.7925E-01   7.9371E-01  -5.3398E+00   4.7400E-02   6.4949E-02   8.7392E-01
   1984.17   6.1612E+00  -1.9041E+01  -3.6764E+01   5.8441E-01   7.9936E-01  -5.3824E+00   4.7823E-02   6.5412E-02   8.8089E-01
   1984.25   6.3700E+00  -1.8995E+01  -3.6810E+01   5.8935E-01   8.0472E-01  -5.4230E+00   4.8226E-02   6.5850E-02   8.8754E-01
   1984.33   6.5784E+00  -1.8956E+01  -3.6849E+01   5.9405E-01   8.0978E-01  -5.4616E+00   4.8611E-02   6.6265E-02   8.9385E-01
   1984.42   6.7864E+00  -1.8923E+01  -3.6881E+01   5.9853E-01   8.1456E-01  -5.4982E+00   4.8978E-02   6.6656E-02   8.9983E-01
   1984.50   6.9939E+00  -1.8896E+01  -3.6907E+01   6.0278E-01   8.1904E-01  -5.5327E+00   4.9325E-02   6.7023E-02   9.0548E-01
   1984.58   7.2011E+00  -1.8875E+01  -3.6926E+01   6.0680E-01   8.2323E-01  -5.5651E+00   4.9654E-02   6.7366E-02   9.1080E-01
   1984.67   7.4078E+00  -1.8861E+01  -3.6938E+01   6.1059E-01   8.2713E-01  -5.5956E+00   4.9965E-02   6.7685E-02   9.1578E-01
   1984.75   7.6141E+00  -1.8853E+01  -3.6943E+01   6.1415E-01   8.3074E-01  -5.6240E+00   5.0256E-02   6.7980E-02   9.2043E-01
   1984.83   7.8200E+00  -1.8852E+01  -3.6942E+01   6.1749E-01   8.3406E-01  -5.6504E+00   5.0529E-02   6.8251E-02   9.2474E-01
   1984.92   8.0255E+00  -1.8857E+01  -3.6934E+01   6.2060E-01   8.3708E-01  -5.6747E+00   5.0784E-02   6.8498E-02   9.2873E-01
   1985.00   8.2305E+00  -1.8868E+01  -3.6920E+01   6.2348E-01   8.3981E-01  -5.6970E+00   5.1019E-02   6.8722E-02   9.3238E-01
   1985.08   8.4352E+00  -1.8885E+01  -3.6898E+01   6.2613E-01   8.4225E-01  -5.7173E+00   5.1236E-02   6.8922E-02   9.3570E-01
   1985.17   8.6394E+00  -1.8909E+01  -3.6870E+01   6.2855E-01   8.4440E-01  -5.7355E+00   5.1435E-02   6.9097E-02   9.3868E-01
   1985.25   8.8432E+00  -1.8939E+01  -3.6835E+01   6.3075E-01   8.4625E-01  -5.7517E+00   5.1614E-02   6.9249E-02   9.4133E-01
   1985.33   9.0466E+00  -1.8975E+01  -3.6794E+01   6.3271E-01   8.4781E-01  -5.7659E+00   5.1775E-02   6.9377E-02   9.4365E-01
   1985.42   9.2496E+00  -1.9018E+01  -3.6745E+01   6.3445E-01   8.4909E-01  -5.7781E+00   5.1917E-02   6.9481E-02   9.4564E-01
   1985.50   9.4522E+00  -1.9067E+01  -3.6690E+01   6.3596E-01   8.5006E-01  -5.7882E+00   5.2041E-02   6.9561E-02   9.4730E-01
   1985.58   9.6543E+00  -1.9122E+01  -3.6629E+01   6.3724E-01   8.5075E-01  -5.7962E+00   5.2146E-02   6.9617E-02   9.4862E-01
   1985.67   9.8561E+00  -1.9184E+01  -3.6560E+01   6.3829E-01   8.5115E-01  -5.8023E+00   5.2232E-02   6.9650E-02   9.4961E-01
   1985.75   1.0057E+01  -1.9251E+01  -3.6485E+01   6.3912E-01   8.5125E-01  -5.8063E+00   5.2299E-02   6.9658E-02   9.5026E-01
   1985.83   1.0258E+01  -1.9326E+01  -3.6403E+01   6.3971E-01   8.5106E-01  -5.8083E+00   5.2348E-02   6.9643E-02   9.5059E-01
   1985.92   1.0459E+01  -1.9406E+01  -3.6315E+01   6.4008E-01   8.5058E-01  -5.8082E+00   5.2378E-02   6.9603E-02   9.5058E-01
   1986.00   1.0659E+01  -1.9493E+01  -3.6220E+01   6.4022E-01   8.4981E-01  -5.8061E+00   5.2390E-02   6.9540E-02   9.5023E-01
   1986.08   1.0858E+01  -1.9585E+01  -3.6118E+01   6.3810E-01   8.4616E-01  -5.7839E+00   5.2216E-02   6.9242E-02   9.4660E-01
   1986.17   1.1055E+01  -1.9679E+01  -3.6011E+01   6.3169E-01   8.3706E-01  -5.7235E+00   5.1692E-02   6.8497E-02   9.3672E-01
   1986.25   1.1251E+01  -1.9778E+01  -3.5898E+01   6.2099E-01   8.2250E-01  -5.6250E+00   5.0816E-02   6.7305E-02   9.2059E-01
   1986.33   1.1444E+01  -1.9879E+01  -3.5779E+01   6.0600E-01   8.0248E-01  -5.4882E+00   4.9590E-02   6.5667E-02   8.9821E-01
   1986.42   1.1636E+01  -1.9984E+01  -3.5655E+01   5.8672E-01   7.7701E-01  -5.3133E+00   4.8012E-02   6.3583E-02   8.6958E-01
   1986.50   1.1827E+01  -2.0092E+01  -3.5525E+01   5.6315E-01   7.4608E-01  -5.1002E+00   4.6083E-02   6.1052E-02   8.3471E-01
   1986.58   1.2015E+01  -2.0203E+01  -3.5389E+01   5.3530E-01   7.0970E-01  -4.8489E+00   4.3803E-02   5.8075E-02   7.9358E-01
   1986.67   1.2202E+01  -2.0318E+01  -3.5247E+01   5.0315E-01   6.6786E-01  -4.5595E+00   4.1173E-02   5.4651E-02   7.4621E-01
   1986.75   1.2387E+01  -2.0436E+01  -3.5100E+01   4.6671E-01   6.2057E-01  -4.2319E+00   3.8191E-02   5.0781E-02   6.9259E-01
   1986.83   1.2570E+01  -2.0557E+01  -3.4947E+01   4.2598E-01   5.6781E-01  -3.8660E+00   3.4858E-02   4.6464E-02   6.3272E-01
   1986.92   1.2751E+01  -2.0682E+01  -3.4788E+01   3.8096E-01   5.0961E-01  -3.4620E+00   3.1174E-02   4.1701E-02   5.6660E-01
   1987.00   1.2931E+01  -2.0809E+01  -3.4624E+01   3.3165E-01   4.4594E-01  -3.0199E+00   2.7139E-02   3.6492E-02   4.9423E-01
   1987.08   1.3109E+01  -2.0940E+01  -3.4454E+01   2.7805E-01   3.7682E-01  -2.5395E+00   2.2753E-02   3.0836E-02   4.1562E-01
   1987.17   1.3285E+01  -2.1075E+01  -3.4278E+01   2.2016E-01   3.0225E-01  -2.0210E+00   1.8016E-02   2.4733E-02   3.3075E-01
   1987.25   1.3460E+01  -2.1212E+01  -3.4097E+01   1.5798E-01   2.2222E-01  -1.4642E+00   1.2927E-02   1.8184E-02   2.3964E-01
   1987.33   1.3633E+01  -2.1353E+01  -3.3909E+01   9.1508E-02   1.3673E-01  -8.6934E-01   7.4882E-03   1.1189E-02   1.4228E-01
   1987.42   1.3804E+01  -2.1498E+01  -3.3716E+01   2.0749E-02   4.5785E-02  -2.3626E-01   1.6979E-03   3.7466E-03   3.8667E-02
   1987.50   1.3973E+01  -2.1645E+01  -3.3518E+01  -5.4301E-02  -5.0615E-02   4.3500E-01  -4.4435E-03  -4.1418E-03  -7.1192E-02
   1987.58   1.4140E+01  -2.1796E+01  -3.3313E+01  -1.3364E-01  -1.5247E-01   1.1444E+00  -1.0936E-02  -1.2477E-02  -1.8730E-01
   1987.67   1.4306E+01  -2.1950E+01  -3.3103E+01  -2.1727E-01  -2.5978E-01   1.8921E+00  -1.7779E-02  -2.1258E-02  -3.0966E-01
   1987.75   1.4470E+01  -2.2107E+01  -3.2887E+01  -3.0519E-01  -3.7255E-01   2.6779E+00  -2.4974E-02  -3.0486E-02  -4.3826E-01
   1987.83   1.4632E+01  -2.2268E+01  -3.2666E+01  -3.9740E-01  -4.9077E-01   3.5018E+00  -3.2519E-02  -4.0160E-02  -5.7311E-01
   1987.92   1.4792E+01  -2.2432E+01  -3.2438E+01  -4.9390E-01  -6.1445E-01   4.3640E+00  -4.0416E-02  -5.0281E-02  -7.1421E-01
   1988.00   1.4951E+01  -2.2599E+01  -3.2205E+01  -5.9469E-01  -7.4359E-01   5.2643E+00  -4.8664E-02  -6.0848E-02  -8.6156E-01
   1988.08   1.5109E+01  -2.2767E+01  -3.1972E+01  -6.9328E-01  -8.6989E-01   6.1450E+00  -5.6732E-02  -7.1184E-02  -1.0057E+00
   1988.17   1.5267E+01  -2.2932E+01  -3.1744E+01  -7.8320E-01  -9.8508E-01   6.9481E+00  -6.4089E-02  -8.0610E-02  -1.1371E+00
   1988.25   1.5424E+01  -2.3094E+01  -3.1520E+01  -8.6443E-01  -1.0891E+00   7.6737E+00  -7.0736E-02  -8.9125E-02  -1.2559E+00
   1988.33   1.5582E+01  -2.3253E+01  -3.1302E+01  -9.3698E-01  -1.1821E+00   8.3218E+00  -7.6673E-02  -9.6731E-02  -1.3620E+00
   1988.42   1.5739E+01  -2.3409E+01  -3.1088E+01  -1.0008E+00  -1.2639E+00   8.8923E+00  -8.1899E-02  -1.0343E-01  -1.4553E+00
   1988.50   1.5897E+01  -2.3562E+01  -3.0880E+01  -1.0560E+00  -1.3346E+00   9.3854E+00  -8.6415E-02  -1.0921E-01  -1.5360E+00
   1988.58   1.6054E+01  -2.3713E+01  -3.0676E+01  -1.1025E+00  -1.3942E+00   9.8008E+00  -9.0221E-02  -1.1409E-01  -1.6040E+00
   1988.67   1.6211E+01  -2.3861E+01  -3.0478E+01  -1.1404E+00  -1.4427E+00   1.0139E+01  -9.3316E-02  -1.1806E-01  -1.6593E+00
   1988.75   1.6368E+01  -2.4006E+01  -3.0284E+01  -1.1695E+00  -1.4801E+00   1.0399E+01  -9.5701E-02  -1.2111E-01  -1.7019E+00
   1988.83   1.6525E+01  -2.4149E+01  -3.0096E+01  -1.1900E+00  -1.5063E+00   1.0582E+01  -9.7375E-02  -1.2326E-01  -1.7319E+00
   1988.92   1.6682E+01  -2.4288E+01  -2.9912E+01  -1.2017E+00  -1.5214E+00   1.0687E+01  -9.8339E-02  -1.2450E-01  -1.7491E+00
   1989.00   1.6839E+01  -2.4425E+01  -2.9733E+01  -1.2048E+00  -1.5254E+00   1.0715E+01  -9.8592E-02  -1.2482E-01  -1.7537E+00
   1989.08   1.6996E+01  -2.4559E+01  -2.9560E+01  -1.1992E+00  -1.5183E+00   1.0666E+01  -9.8135E-02  -1.2424E-01  -1.7455E+00
   1989.17   1.7153E+01  -2.4690E+01  -2.9391E+01  -1.1850E+00  -1.5001E+00   1.0538E+01  -9.6967E-02  -1.2275E-01  -1.7247E+00
   1989.25   1.7310E+01  -2.4818E+01  -2.9227E+01  -1.1620E+00  -1.4707E+00   1.0334E+01  -9.5090E-02  -1.2035E-01  -1.6912E+00
   1989.33   1.7466E+01  -2.4944E+01  -2.9068E+01  -1.1304E+00  -1.4302E+00   1.0051E+01  -9.2501E-02  -1.1704E-01  -1.6450E+00
   1989.42   1.7623E+01  -2.5066E+01  -2.8915E+01  -1.0901E+00  -1.3786E+00   9.6915E+00  -8.9202E-02  -1.1281E-01  -1.5861E+00
   1989.50   1.7779E+01  -2.5186E+01  -2.8766E+01  -1.0411E+00  -1.3159E+00   9.2542E+00  -8.5193E-02  -1.0768E-01  -1.5145E+00
   1989.58   1.7936E+01  -2.5303E+01  -2.8622E+01  -9.8342E-01  -1.2421E+00   8.7393E+00  -8.0474E-02  -1.0164E-01  -1.4303E+00
   1989.67   1.8092E+01  -2.5418E+01  -2.8483E+01  -9.1707E-01  -1.1571E+00   8.1469E+00  -7.5044E-02  -9.4688E-02  -1.3333E+00
   1989.75   1.8248E+01  -2.5529E+01  -2.8349E+01  -8.4203E-01  -1.0611E+00   7.4770E+00  -6.8903E-02  -8.6827E-02  -1.2237E+00
   1989.83   1.8404E+01  -2.5638E+01  -2.8220E+01  -7.5831E-01  -9.5387E-01   6.7295E+00  -6.2053E-02  -7.8055E-02  -1.1014E+00
   1989.92   1.8560E+01  -2.5744E+01  -2.8096E+01  -6.6591E-01  -8.3556E-01   5.9045E+00  -5.4491E-02  -6.8374E-02  -9.6633E-01
   1990.00   1.8716E+01  -2.5847E+01  -2.7977E+01  -5.6482E-01  -7.0613E-01   5.0020E+00  -4.6220E-02  -5.7783E-02  -8.1863E-01
   1990.08   1.8873E+01  -2.5952E+01  -2.7861E+01  -4.6219E-01  -5.7471E-01   4.0855E+00  -3.7821E-02  -4.7029E-02  -6.6864E-01
   1990.17   1.9029E+01  -2.6064E+01  -2.7745E+01  -3.6512E-01  -4.5041E-01   3.2188E+00  -2.9878E-02  -3.6857E-02  -5.2680E-01
   1990.25   1.9185E+01  -2.6182E+01  -2.7629E+01  -2.7364E-01  -3.3323E-01   2.4018E+00  -2.2392E-02  -2.7268E-02  -3.9309E-01
   1990.33   1.9342E+01  -2.6307E+01  -2.7513E+01  -1.8773E-01  -2.2317E-01   1.6346E+00  -1.5362E-02  -1.8262E-02  -2.6752E-01
   1990.42   1.9499E+01  -2.6438E+01  -2.7397E+01  -1.0739E-01  -1.2023E-01   9.1703E-01  -8.7880E-03  -9.8388E-03  -1.5008E-01
   1990.50   1.9657E+01  -2.6576E+01  -2.7281E+01  -3.2633E-02  -2.4421E-02   2.4921E-01  -2.6704E-03  -1.9984E-03  -4.0786E-02
   1990.58   1.9814E+01  -2.6721E+01  -2.7166E+01   3.6552E-02   6.4270E-02  -3.6889E-01   2.9911E-03   5.2593E-03   6.0373E-02
   1990.67   1.9972E+01  -2.6872E+01  -2.7050E+01   1.0016E-01   1.4584E-01  -9.3727E-01   8.1963E-03   1.1934E-02   1.5339E-01
   1990.75   2.0130E+01  -2.7030E+01  -2.6935E+01   1.5820E-01   2.2029E-01  -1.4559E+00   1.2945E-02   1.8026E-02   2.3828E-01
   1990.83   2.0289E+01  -2.7194E+01  -2.6820E+01   2.1066E-01   2.8761E-01  -1.9249E+00   1.7238E-02   2.3535E-02   3.1502E-01
   1990.92   2.0447E+01  -2.7365E+01  -2.6705E+01   2.5754E-01   3.4781E-01  -2.3441E+00   2.1075E-02   2.8462E-02   3.8363E-01
   1991.00   2.0606E+01  -2.7543E+01  -2.6590E+01   2.9885E-01   4.0089E-01  -2.7136E+00   2.4455E-02   3.2805E-02   4.4410E-01
   1991.08   2.0765E+01  -2.7727E+01  -2.6476E+01   3.3458E-01   4.4685E-01  -3.0333E+00   2.7379E-02   3.6566E-02   4.9644E-01
   1991.17   2.0925E+01  -2.7918E+01  -2.6361E+01   3.6474E-01   4.8569E-01  -3.3034E+00   2.9847E-02   3.9744E-02   5.4063E-01
   1991.25   2.1084E+01  -2.8116E+01  -2.6247E+01   3.8932E-01   5.1740E-01  -3.5237E+00   3.1859E-02   4.2339E-02   5.7669E-01
   1991.33   2.1244E+01  -2.8320E+01  -2.6132E+01   4.0833E-01   5.4199E-01  -3.6943E+00   3.3414E-02   4.4351E-02   6.0461E-01
   1991.42   2.1404E+01  -2.8530E+01  -2.6018E+01   4.2176E-01   5.5946E-01  -3.8152E+00   3.4513E-02   4.5781E-02   6.2439E-01
   1991.50   2.1565E+01  -2.8748E+01  -2.5904E+01   4.2962E-01   5.6981E-01  -3.8863E+00   3.5156E-02   4.6627E-02   6.3604E-01
   1991.58   2.1725E+01  -2.8971E+01  -2.5791E+01   4.3190E-01   5.7303E-01  -3.9078E+00   3.5343E-02   4.6891E-02   6.3955E-01
   1991.67   2.1886E+01  -2.9202E+01  -2.5677E+01   4.2861E-01   5.6913E-01  -3.8795E+00   3.5073E-02   4.6572E-02   6.3492E-01
   1991.75   2.2047E+01  -2.9439E+01  -2.5564E+01   4.1974E-01   5.5811E-01  -3.8015E+00   3.4348E-02   4.5671E-02   6.2215E-01
   1991.83   2.2209E+01  -2.9683E+01  -2.5450E+01   4.0530E-01   5.3997E-01  -3.6737E+00   3.3166E-02   4.4186E-02   6.0124E-01
   1991.92   2.2370E+01  -2.9933E+01  -2.5337E+01   3.8528E-01   5.1471E-01  -3.4963E+00   3.1528E-02   4.2119E-02   5.7220E-01
   1992.00   2.2532E+01  -3.0190E+01  -2.5224E+01   3.5969E-01   4.8232E-01  -3.2691E+00   2.9433E-02   3.9468E-02   5.3502E-01
   1992.08   2.2704E+01  -3.0444E+01  -2.5106E+01   3.3270E-01   4.4810E-01  -3.0293E+00   2.7225E-02   3.6668E-02   4.9579E-01
   1992.17   2.2897E+01  -3.0685E+01  -2.4980E+01   3.0850E-01   4.1734E-01  -2.8142E+00   2.5245E-02   3.4151E-02   4.6057E-01
   1992.25   2.3109E+01  -3.0913E+01  -2.4844E+01   2.8709E-01   3.9003E-01  -2.6236E+00   2.3493E-02   3.1916E-02   4.2938E-01
   1992.33   2.3341E+01  -3.1129E+01  -2.4699E+01   2.6847E-01   3.6617E-01  -2.4576E+00   2.1969E-02   2.9964E-02   4.0221E-01
   1992.42   2.3594E+01  -3.1333E+01  -2.4546E+01   2.5263E-01   3.4578E-01  -2.3162E+00   2.0673E-02   2.8295E-02   3.7907E-01
   1992.50   2.3866E+01  -3.1523E+01  -2.4383E+01   2.3958E-01   3.2883E-01  -2.1994E+00   1.9605E-02   2.6909E-02   3.5995E-01
   1992.58   2.4159E+01  -3.1701E+01  -2.4211E+01   2.2932E-01   3.1535E-01  -2.1071E+00   1.8766E-02   2.5805E-02   3.4486E-01
   1992.67   2.4471E+01  -3.1866E+01  -2.4030E+01   2.2185E-01   3.0532E-01  -2.0395E+00   1.8154E-02   2.4984E-02   3.3378E-01
   1992.75   2.4804E+01  -3.2019E+01  -2.3840E+01   2.1717E-01   2.9874E-01  -1.9964E+00   1.7771E-02   2.4446E-02   3.2673E-01
   1992.83   2.5157E+01  -3.2159E+01  -2.3641E+01   2.1527E-01   2.9562E-01  -1.9779E+00   1.7616E-02   2.4191E-02   3.2371E-01
   1992.92   2.5530E+01  -3.2286E+01  -2.3433E+01   2.1616E-01   2.9596E-01  -1.9840E+00   1.7689E-02   2.4218E-02   3.2470E-01
   1993.00   2.5923E+01  -3.2401E+01  -2.3215E+01   2.1984E-01   2.9975E-01  -2.0147E+00   1.7990E-02   2.4528E-02   3.2973E-01
   1993.08   2.6336E+01  -3.2503E+01  -2.2989E+01   2.2631E-01   3.0699E-01  -2.0699E+00   1.8519E-02   2.5121E-02   3.3877E-01
   1993.17   2.6769E+01  -3.2592E+01  -2.2754E+01   2.3557E-01   3.1770E-01  -2.1498E+00   1.9277E-02   2.5997E-02   3.5184E-01
   1993.25   2.7222E+01  -3.2669E+01  -2.2509E+01   2.4761E-01   3.3185E-01  -2.2542E+00   2.0262E-02   2.7156E-02   3.6893E-01
   1993.33   2.7695E+01  -3.2733E+01  -2.2256E+01   2.6244E-01   3.4947E-01  -2.3832E+00   2.1476E-02   2.8597E-02   3.9004E-01
   1993.42   2.8189E+01  -3.2784E+01  -2.1993E+01   2.8006E-01   3.7054E-01  -2.5368E+00   2.2918E-02   3.0321E-02   4.1518E-01
   1993.50   2.8702E+01  -3.2823E+01  -2.1721E+01   3.0047E-01   3.9506E-01  -2.7150E+00   2.4588E-02   3.2328E-02   4.4434E-01
   1993.58   2.9236E+01  -3.2849E+01  -2.1441E+01   3.2367E-01   4.2304E-01  -2.9178E+00   2.6486E-02   3.4617E-02   4.7753E-01
   1993.67   2.9789E+01  -3.2863E+01  -2.1151E+01   3.4965E-01   4.5447E-01  -3.1451E+00   2.8612E-02   3.7190E-02   5.1473E-01
   1993.75   3.0363E+01  -3.2864E+01  -2.0852E+01   3.7843E-01   4.8937E-01  -3.3971E+00   3.0967E-02   4.0045E-02   5.5597E-01
   1993.83   3.0957E+01  -3.2852E+01  -2.0544E+01   4.0998E-01   5.2771E-01  -3.6736E+00   3.3549E-02   4.3183E-02   6.0122E-01
   1993.92   3.1571E+01  -3.2827E+01  -2.0227E+01   4.4433E-01   5.6951E-01  -3.9747E+00   3.6360E-02   4.6604E-02   6.5050E-01
   1994.00   3.2205E+01  -3.2790E+01  -1.9901E+01   4.8147E-01   6.1477E-01  -4.3004E+00   3.9399E-02   5.0307E-02   7.0380E-01
   1994.08   3.2842E+01  -3.2755E+01  -1.9572E+01   5.1830E-01   6.5968E-01  -4.6235E+00   4.2413E-02   5.3982E-02   7.5668E-01
   1994.17   3.3465E+01  -3.2739E+01  -1.9245E+01   5.5175E-01   7.0042E-01  -4.9167E+00   4.5150E-02   5.7316E-02   8.0468E-01
   1994.25   3.4074E+01  -3.2740E+01  -1.8920E+01   5.8181E-01   7.3701E-01  -5.1803E+00   4.7609E-02   6.0310E-02   8.4780E-01
   1994.33   3.4668E+01  -3.2758E+01  -1.8598E+01   6.0847E-01   7.6943E-01  -5.4140E+00   4.9792E-02   6.2963E-02   8.8605E-01
   1994.42   3.5249E+01  -3.2795E+01  -1.8278E+01   6.3175E-01   7.9770E-01  -5.6179E+00   5.1696E-02   6.5276E-02   9.1943E-01
   1994.50   3.5816E+01  -3.2850E+01  -1.7960E+01   6.5164E-01   8.2180E-01  -5.7920E+00   5.3324E-02   6.7248E-02   9.4793E-01
   1994.58   3.6369E+01  -3.2922E+01  -1.7645E+01   6.6814E-01   8.4175E-01  -5.9364E+00   5.4674E-02   6.8881E-02   9.7155E-01
   1994.67   3.6908E+01  -3.3012E+01  -1.7332E+01   6.8125E-01   8.5753E-01  -6.0509E+00   5.5747E-02   7.0172E-02   9.9030E-01
   1994.75   3.7433E+01  -3.3120E+01  -1.7022E+01   6.9097E-01   8.6916E-01  -6.1357E+00   5.6542E-02   7.1124E-02   1.0042E+00
   1994.83   3.7944E+01  -3.3245E+01  -1.6714E+01   6.9730E-01   8.7662E-01  -6.1907E+00   5.7060E-02   7.1735E-02   1.0132E+00
   1994.92   3.8441E+01  -3.3389E+01  -1.6408E+01   7.0024E-01   8.7993E-01  -6.2159E+00   5.7301E-02   7.2005E-02   1.0173E+00
   1995.00   3.8924E+01  -3.3550E+01  -1.6105E+01   6.9980E-01   8.7907E-01  -6.2113E+00   5.7265E-02   7.1935E-02   1.0165E+00
   1995.08   3.9393E+01  -3.3729E+01  -1.5804E+01   6.9596E-01   8.7406E-01  -6.1769E+00   5.6951E-02   7.1525E-02   1.0109E+00
   1995.17   3.9848E+01  -3.3926E+01  -1.5505E+01   6.8873E-01   8.6489E-01  -6.1127E+00   5.6359E-02   7.0774E-02   1.0004E+00
   1995.25   4.0289E+01  -3.4141E+01  -1.5209E+01   6.7812E-01   8.5155E-01  -6.0187E+00   5.5491E-02   6.9683E-02   9.8503E-01
   1995.33   4.0716E+01  -3.4374E+01  -1.4915E+01   6.6411E-01   8.3406E-01  -5.8950E+00   5.4345E-02   6.8251E-02   9.6478E-01
   1995.42   4.1129E+01  -3.4624E+01  -1.4623E+01   6.4672E-01   8.1240E-01  -5.7414E+00   5.2921E-02   6.6479E-02   9.3965E-01
   1995.50   4.1528E+01  -3.4892E+01  -1.4334E+01   6.2594E-01   7.8659E-01  -5.5581E+00   5.1221E-02   6.4367E-02   9.0964E-01
   1995.58   4.1913E+01  -3.5178E+01  -1.4048E+01   6.0176E-01   7.5661E-01  -5.3450E+00   4.9243E-02   6.1914E-02   8.7476E-01
   1995.67   4.2284E+01  -3.5482E+01  -1.3763E+01   5.7420E-01   7.2248E-01  -5.1021E+00   4.6987E-02   5.9121E-02   8.3501E-01
   1995.75   4.2641E+01  -3.5803E+01  -1.3481E+01   5.4325E-01   6.8418E-01  -4.8294E+00   4.4454E-02   5.5987E-02   7.9038E-01
   1995.83   4.2984E+01  -3.6143E+01  -1.3201E+01   5.0891E-01   6.4173E-01  -4.5269E+00   4.1644E-02   5.2513E-02   7.4087E-01
   1995.92   4.3313E+01  -3.6500E+01  -1.2924E+01   4.7118E-01   5.9511E-01  -4.1946E+00   3.8557E-02   4.8698E-02   6.8649E-01
   1996.00   4.3628E+01  -3.6875E+01  -1.2649E+01   4.3006E-01   5.4434E-01  -3.8325E+00   3.5192E-02   4.4543E-02   6.2723E-01
   1996.08   4.3932E+01  -3.7256E+01  -1.2368E+01   3.8711E-01   4.9137E-01  -3.4545E+00   3.1677E-02   4.0209E-02   5.6537E-01
   1996.17   4.4230E+01  -3.7632E+01  -1.2072E+01   3.4387E-01   4.3818E-01  -3.0744E+00   2.8139E-02   3.5856E-02   5.0316E-01
   1996.25   4.4520E+01  -3.8002E+01  -1.1761E+01   3.0035E-01   3.8475E-01  -2.6922E+00   2.4578E-02   3.1485E-02   4.4061E-01
   1996.33   4.4803E+01  -3.8367E+01  -1.1435E+01   2.5655E-01   3.3110E-01  -2.3079E+00   2.0993E-02   2.7094E-02   3.7771E-01
   1996.42   4.5079E+01  -3.8726E+01  -1.1094E+01   2.1247E-01   2.7723E-01  -1.9215E+00   1.7386E-02   2.2686E-02   3.1447E-01
   1996.50   4.5348E+01  -3.9080E+01  -1.0738E+01   1.6810E-01   2.2313E-01  -1.5330E+00   1.3756E-02   1.8258E-02   2.5089E-01
   1996.58   4.5610E+01  -3.9429E+01  -1.0367E+01   1.2345E-01   1.6880E-01  -1.1424E+00   1.0102E-02   1.3813E-02   1.8696E-01
   1996.67   4.5865E+01  -3.9772E+01  -9.9808E+00   7.8524E-02   1.1424E-01  -7.4965E-01   6.4256E-03   9.3482E-03   1.2269E-01
   1996.75   4.6113E+01  -4.0109E+01  -9.5799E+00   3.3313E-02   5.9455E-02  -3.5484E-01   2.7260E-03   4.8652E-03   5.8074E-02
   1996.83   4.6354E+01  -4.0441E+01  -9.1641E+00  -1.2181E-02   4.4444E-03   4.2058E-02  -9.9677E-04   3.6368E-04  -6.8833E-03
   1996.92   4.6588E+01  -4.0768E+01  -8.7334E+00  -5.7956E-02  -5.0793E-02   4.4106E-01  -4.7426E-03  -4.1564E-03  -7.2184E-02
   1997.00   4.6815E+01  -4.1089E+01  -8.2877E+00  -1.0401E-01  -1.0626E-01   8.4216E-01  -8.5115E-03  -8.6951E-03  -1.3783E-01
   1997.08   4.7035E+01  -4.1405E+01  -7.8270E+00  -1.5035E-01  -1.6195E-01   1.2454E+00  -1.2303E-02  -1.3252E-02  -2.0382E-01
   1997.17   4.7247E+01  -4.1716E+01  -7.3514E+00  -1.9698E-01  -2.1787E-01   1.6507E+00  -1.6119E-02  -1.7828E-02  -2.7015E-01
   1997.25   4.7453E+01  -4.2020E+01  -6.8608E+00  -2.4388E-01  -2.7401E-01   2.0581E+00  -1.9957E-02  -2.2423E-02  -3.3682E-01
   1997.33   4.7651E+01  -4.2320E+01  -6.3553E+00  -2.9106E-01  -3.3039E-01   2.4676E+00  -2.3818E-02  -2.7036E-02  -4.0384E-01
   1997.42   4.7843E+01  -4.2614E+01  -5.8348E+00  -3.3853E-01  -3.8699E-01   2.8791E+00  -2.7702E-02  -3.1667E-02  -4.7120E-01
   1997.50   4.8027E+01  -4.2902E+01  -5.2994E+00  -3.8628E-01  -4.4381E-01   3.2928E+00  -3.1610E-02  -3.6317E-02  -5.3891E-01
   1997.58   4.8205E+01  -4.3186E+01  -4.7490E+00  -4.3431E-01  -5.0087E-01   3.7086E+00  -3.5540E-02  -4.0986E-02  -6.0696E-01
   1997.67   4.8375E+01  -4.3463E+01  -4.1837E+00  -4.8263E-01  -5.5815E-01   4.1265E+00  -3.9494E-02  -4.5673E-02  -6.7535E-01
   1997.75   4.8538E+01  -4.3735E+01  -3.6034E+00  -5.3122E-01  -6.1565E-01   4.5465E+00  -4.3470E-02  -5.0379E-02  -7.4409E-01
   1997.83   4.8695E+01  -4.4002E+01  -3.0081E+00  -5.8010E-01  -6.7339E-01   4.9686E+00  -4.7470E-02  -5.5104E-02  -8.1316E-01
   1997.92   4.8844E+01  -4.4263E+01  -2.3979E+00  -6.2926E-01  -7.3135E-01   5.3928E+00  -5.1493E-02  -5.9847E-02  -8.8259E-01
   1998.00   4.8986E+01  -4.4519E+01  -1.7728E+00  -6.7870E-01  -7.8954E-01   5.8191E+00  -5.5539E-02  -6.4608E-02  -9.5235E-01
   1998.08   4.9128E+01  -4.4769E+01  -1.1537E+00  -7.2536E-01  -8.4439E-01   6.2212E+00  -5.9356E-02  -6.9097E-02  -1.0182E+00
   1998.17   4.9276E+01  -4.5013E+01  -5.6187E-01  -7.6616E-01  -8.9234E-01   6.5727E+00  -6.2695E-02  -7.3020E-02  -1.0757E+00
   1998.25   4.9432E+01  -4.5251E+01   2.7781E-03  -8.0110E-01  -9.3339E-01   6.8738E+00  -6.5554E-02  -7.6380E-02  -1.1250E+00
   1998.33   4.9594E+01  -4.5482E+01   5.4023E-01  -8.3019E-01  -9.6754E-01   7.1244E+00  -6.7935E-02  -7.9174E-02  -1.1660E+00
   1998.42   4.9763E+01  -4.5707E+01   1.0505E+00  -8.5342E-01  -9.9479E-01   7.3245E+00  -6.9836E-02  -8.1404E-02  -1.1987E+00
   1998.50   4.9938E+01  -4.5926E+01   1.5336E+00  -8.7080E-01  -1.0151E+00   7.4741E+00  -7.1258E-02  -8.3069E-02  -1.2232E+00
   1998.58   5.0121E+01  -4.6139E+01   1.9894E+00  -8.8232E-01  -1.0286E+00   7.5732E+00  -7.2200E-02  -8.4169E-02  -1.2394E+00
   1998.67   5.0310E+01  -4.6345E+01   2.4181E+00  -8.8798E-01  -1.0351E+00   7.6217E+00  -7.2664E-02  -8.4705E-02  -1.2474E+00
   1998.75   5.0506E+01  -4.6546E+01   2.8196E+00  -8.8779E-01  -1.0348E+00   7.6198E+00  -7.2648E-02  -8.4675E-02  -1.2471E+00
   1998.83   5.0709E+01  -4.6740E+01   3.1939E+00  -8.8174E-01  -1.0275E+00   7.5674E+00  -7.2153E-02  -8.4082E-02  -1.2385E+00
   1998.92   5.0918E+01  -4.6928E+01   3.5410E+00  -8.6984E-01  -1.0134E+00   7.4645E+00  -7.1179E-02  -8.2923E-02  -1.2216E+00
   1999.00   5.1134E+01  -4.7109E+01   3.8609E+00  -8.5208E-01  -9.9229E-01   7.3111E+00  -6.9726E-02  -8.1200E-02  -1.1965E+00
   1999.08   5.1357E+01  -4.7285E+01   4.1536E+00  -8.2846E-01  -9.6434E-01   7.1072E+00  -6.7794E-02  -7.8912E-02  -1.1632E+00
   1999.17   5.1586E+01  -4.7454E+01   4.4191E+00  -7.9899E-01  -9.2948E-01   6.8527E+00  -6.5382E-02  -7.6059E-02  -1.1215E+00
   1999.25   5.1823E+01  -4.7617E+01   4.6574E+00  -7.6367E-01  -8.8771E-01   6.5478E+00  -6.2491E-02  -7.2642E-02  -1.0716E+00
   1999.33   5.2066E+01  -4.7774E+01   4.8686E+00  -7.2248E-01  -8.3905E-01   6.1924E+00  -5.9121E-02  -6.8660E-02  -1.0135E+00
   1999.42   5.2316E+01  -4.7925E+01   5.0525E+00  -6.7544E-01  -7.8349E-01   5.7865E+00  -5.5272E-02  -6.4113E-02  -9.4702E-01
   1999.50   5.2572E+01  -4.8069E+01   5.2092E+00  -6.2255E-01  -7.2102E-01   5.3301E+00  -5.0943E-02  -5.9002E-02  -8.7232E-01
   1999.58   5.2836E+01  -4.8207E+01   5.3388E+00  -5.6380E-01  -6.5166E-01   4.8231E+00  -4.6136E-02  -5.3326E-02  -7.8936E-01
   1999.67   5.3106E+01  -4.8339E+01   5.4412E+00  -4.9919E-01  -5.7539E-01   4.2657E+00  -4.0849E-02  -4.7085E-02  -6.9813E-01
   1999.75   5.3383E+01  -4.8465E+01   5.5163E+00  -4.2873E-01  -4.9223E-01   3.6578E+00  -3.5083E-02  -4.0279E-02  -5.9864E-01
   1999.83   5.3666E+01  -4.8585E+01   5.5643E+00  -3.5241E-01  -4.0216E-01   2.9994E+00  -2.8838E-02  -3.2909E-02  -4.9088E-01
   1999.92   5.3956E+01  -4.8698E+01   5.5850E+00  -2.7024E-01  -3.0519E-01   2.2905E+00  -2.2114E-02  -2.4974E-02  -3.7486E-01
   2000.00   5.4253E+01  -4.8805E+01   5.5786E+00  -1.8221E-01  -2.0132E-01   1.5310E+00  -1.4910E-02  -1.6474E-02  -2.5057E-01
   2000.08   5.4549E+01  -4.8908E+01   5.5633E+00  -9.4957E-02  -9.8334E-02   7.7822E-01  -7.7703E-03  -8.0467E-03  -1.2736E-01
   2000.17   5.4834E+01  -4.9008E+01   5.5574E+00  -1.5118E-02  -4.0072E-03   8.9068E-02  -1.2371E-03  -3.2791E-04  -1.4577E-02
   2000.25   5.5109E+01  -4.9105E+01   5.5610E+00   5.7308E-02   8.1658E-02  -5.3640E-01   4.6895E-03   6.6821E-03   8.7788E-02
   2000.33   5.5374E+01  -4.9199E+01   5.5739E+00   1.2232E-01   1.5866E-01  -1.0982E+00   1.0010E-02   1.2983E-02   1.7973E-01
   2000.42   5.5628E+01  -4.9291E+01   5.5963E+00   1.7992E-01   2.2700E-01  -1.5963E+00   1.4723E-02   1.8576E-02   2.6125E-01
   2000.50   5.5873E+01  -4.9380E+01   5.6281E+00   2.3011E-01   2.8668E-01  -2.0307E+00   1.8830E-02   2.3459E-02   3.3235E-01
   2000.58   5.6107E+01  -4.9466E+01   5.6693E+00   2.7288E-01   3.3770E-01  -2.4015E+00   2.2330E-02   2.7634E-02   3.9302E-01
   2000.67   5.6331E+01  -4.9549E+01   5.7200E+00   3.0825E-01   3.8005E-01  -2.7085E+00   2.5224E-02   3.1100E-02   4.4328E-01
   2000.75   5.6545E+01  -4.9630E+01   5.7800E+00   3.3619E-01   4.1375E-01  -2.9519E+00   2.7511E-02   3.3857E-02   4.8311E-01
   2000.83   5.6749E+01  -4.9707E+01   5.8495E+00   3.5673E-01   4.3878E-01  -3.1316E+00   2.9191E-02   3.5905E-02   5.1252E-01
   2000.92   5.6942E+01  -4.9782E+01   5.9284E+00   3.6985E-01   4.5515E-01  -3.2476E+00   3.0265E-02   3.7245E-02   5.3151E-01
   2001.00   5.7126E+01  -4.9855E+01   6.0168E+00   3.7556E-01   4.6286E-01  -3.3000E+00   3.0733E-02   3.7876E-02   5.4007E-01
   2001.08   5.7299E+01  -4.9924E+01   6.1145E+00   3.7386E-01   4.6190E-01  -3.2886E+00   3.0593E-02   3.7798E-02   5.3822E-01
   2001.17   5.7462E+01  -4.9991E+01   6.2217E+00   3.6475E-01   4.5228E-01  -3.2136E+00   2.9847E-02   3.7011E-02   5.2594E-01
   2001.25   5.7615E+01  -5.0055E+01   6.3383E+00   3.4822E-01   4.3401E-01  -3.0749E+00   2.8495E-02   3.5515E-02   5.0324E-01
   2001.33   5.7757E+01  -5.0116E+01   6.4643E+00   3.2428E-01   4.0707E-01  -2.8725E+00   2.6536E-02   3.3310E-02   4.7011E-01
   2001.42   5.7890E+01  -5.0175E+01   6.5997E+00   2.9293E-01   3.7146E-01  -2.6064E+00   2.3970E-02   3.0397E-02   4.2657E-01
   2001.50   5.8012E+01  -5.0230E+01   6.7446E+00   2.5416E-01   3.2720E-01  -2.2767E+00   2.0798E-02   2.6775E-02   3.7260E-01
   2001.58   5.8124E+01  -5.0283E+01   6.8989E+00   2.0798E-01   2.7428E-01  -1.8832E+00   1.7019E-02   2.2444E-02   3.0821E-01
   2001.67   5.8226E+01  -5.0334E+01   7.0626E+00   1.5439E-01   2.1269E-01  -1.4261E+00   1.2634E-02   1.7404E-02   2.3340E-01
   2001.75   5.8318E+01  -5.0381E+01   7.2357E+00   9.3385E-02   1.4244E-01  -9.0533E-01   7.6417E-03   1.1656E-02   1.4817E-01
   2001.83   5.8399E+01  -5.0426E+01   7.4183E+00   2.4968E-02   6.3526E-02  -3.2086E-01   2.0431E-03   5.1984E-03   5.2512E-02
   2001.92   5.8471E+01  -5.0468E+01   7.6102E+00  -5.0862E-02  -2.4047E-02   3.2730E-01  -4.1621E-03  -1.9678E-03  -5.3566E-02
   2002.00   5.8532E+01  -5.0507E+01   7.8116E+00  -1.3411E-01  -1.2028E-01   1.0391E+00  -1.0974E-02  -9.8428E-03  -1.7007E-01
   2002.08   5.8584E+01  -5.0542E+01   8.0045E+00  -2.1720E-01  -2.1642E-01   1.7499E+00  -1.7773E-02  -1.7710E-02  -2.8639E-01
   2002.17   5.8630E+01  -5.0572E+01   8.1711E+00  -2.9257E-01  -3.0369E-01   2.3949E+00  -2.3941E-02  -2.4851E-02  -3.9195E-01
   2002.25   5.8668E+01  -5.0598E+01   8.3112E+00  -3.6024E-01  -3.8211E-01   2.9741E+00  -2.9478E-02  -3.1268E-02  -4.8675E-01
   2002.33   5.8700E+01  -5.0618E+01   8.4249E+00  -4.2019E-01  -4.5166E-01   3.4875E+00  -3.4384E-02  -3.6959E-02  -5.7077E-01
   2002.42   5.8724E+01  -5.0633E+01   8.5123E+00  -4.7242E-01  -5.1235E-01   3.9352E+00  -3.8658E-02  -4.1926E-02  -6.4403E-01
   2002.50   5.8742E+01  -5.0644E+01   8.5733E+00  -5.1694E-01  -5.6417E-01   4.3170E+00  -4.2301E-02  -4.6167E-02  -7.0652E-01
   2002.58   5.8752E+01  -5.0649E+01   8.6079E+00  -5.5374E-01  -6.0714E-01   4.6331E+00  -4.5313E-02  -4.9683E-02  -7.5825E-01
   2002.67   5.8755E+01  -5.0649E+01   8.6161E+00  -5.8283E-01  -6.4125E-01   4.8833E+00  -4.7693E-02  -5.2473E-02  -7.9921E-01
   2002.75   5.8752E+01  -5.0645E+01   8.5979E+00  -6.0421E-01  -6.6649E-01   5.0678E+00  -4.9442E-02  -5.4539E-02  -8.2940E-01
   2002.83   5.8741E+01  -5.0635E+01   8.5533E+00  -6.1787E-01  -6.8287E-01   5.1865E+00  -5.0560E-02  -5.5880E-02  -8.4882E-01
   2002.92   5.8723E+01  -5.0621E+01   8.4824E+00  -6.2381E-01  -6.9039E-01   5.2394E+00  -5.1047E-02  -5.6495E-02  -8.5748E-01
   2003.00   5.8698E+01  -5.0601E+01   8.3850E+00  -6.2204E-01  -6.8905E-01   5.2265E+00  -5.0902E-02  -5.6386E-02  -8.5537E-01
   2003.08   5.8667E+01  -5.0577E+01   8.2613E+00  -6.1256E-01  -6.7885E-01   5.1478E+00  -5.0126E-02  -5.5551E-02  -8.4249E-01
   2003.17   5.8628E+01  -5.0547E+01   8.1112E+00  -5.9536E-01  -6.5979E-01   5.0033E+00  -4.8719E-02  -5.3991E-02  -8.1884E-01
   2003.25   5.8582E+01  -5.0512E+01   7.9347E+00  -5.7045E-01  -6.3186E-01   4.7930E+00  -4.6680E-02  -5.1706E-02  -7.8443E-01
   2003.33   5.8529E+01  -5.0473E+01   7.7318E+00  -5.3782E-01  -5.9508E-01   4.5170E+00  -4.4010E-02  -4.8695E-02  -7.3925E-01
   2003.42   5.8469E+01  -5.0428E+01   7.5026E+00  -4.9748E-01  -5.4943E-01   4.1752E+00  -4.0709E-02  -4.4960E-02  -6.8331E-01
   2003.50   5.8402E+01  -5.0379E+01   7.2469E+00  -4.4942E-01  -4.9492E-01   3.7675E+00  -3.6776E-02  -4.0500E-02  -6.1660E-01
   2003.58   5.8328E+01  -5.0324E+01   6.9649E+00  -3.9365E-01  -4.3155E-01   3.2941E+00  -3.2212E-02  -3.5314E-02  -5.3912E-01
   2003.67   5.8246E+01  -5.0265E+01   6.6564E+00  -3.3016E-01  -3.5932E-01   2.7549E+00  -2.7017E-02  -2.9403E-02  -4.5087E-01
   2003.75   5.8158E+01  -5.0201E+01   6.3216E+00  -2.5896E-01  -2.7822E-01   2.1499E+00  -2.1191E-02  -2.2767E-02  -3.5185E-01
   2003.83   5.8063E+01  -5.0131E+01   5.9604E+00  -1.8005E-01  -1.8827E-01   1.4791E+00  -1.4733E-02  -1.5406E-02  -2.4207E-01
   2003.92   5.7961E+01  -5.0057E+01   5.5729E+00  -9.3416E-02  -8.9452E-02   7.4254E-01  -7.6442E-03  -7.3199E-03  -1.2152E-01
   2004.00   5.7852E+01  -4.9977E+01   5.1589E+00   9.2915E-04   1.8226E-02  -5.9829E-02   7.6033E-05   1.4914E-03   9.7916E-03
   2004.08   5.7740E+01  -4.9899E+01   4.7331E+00   9.5976E-02   1.2674E-01  -8.6825E-01   7.8537E-03   1.0371E-02   1.4210E-01
   2004.17   5.7629E+01  -4.9830E+01   4.3100E+00   1.8471E-01   2.2806E-01  -1.6230E+00   1.5115E-02   1.8662E-02   2.6562E-01
   2004.25   5.7521E+01  -4.9768E+01   3.8896E+00   2.6714E-01   3.2218E-01  -2.3241E+00   2.1860E-02   2.6364E-02   3.8036E-01
   2004.33   5.7414E+01  -4.9715E+01   3.4720E+00   3.4325E-01   4.0912E-01  -2.9715E+00   2.8088E-02   3.3478E-02   4.8632E-01
   2004.42   5.7308E+01  -4.9670E+01   3.0571E+00   4.1306E-01   4.8886E-01  -3.5653E+00   3.3800E-02   4.0003E-02   5.8350E-01
   2004.50   5.7204E+01  -4.9633E+01   2.6449E+00   4.7655E-01   5.6140E-01  -4.1054E+00   3.8996E-02   4.5940E-02   6.7189E-01
   2004.58   5.7102E+01  -4.9604E+01   2.2354E+00   5.3373E-01   6.2676E-01  -4.5918E+00   4.3675E-02   5.1288E-02   7.5150E-01
   2004.67   5.7001E+01  -4.9584E+01   1.8286E+00   5.8460E-01   6.8492E-01  -5.0246E+00   4.7838E-02   5.6047E-02   8.2232E-01
   2004.75   5.6903E+01  -4.9571E+01   1.4246E+00   6.2916E-01   7.3589E-01  -5.4036E+00   5.1485E-02   6.0218E-02   8.8436E-01
   2004.83   5.6805E+01  -4.9567E+01   1.0233E+00   6.6741E-01   7.7966E-01  -5.7291E+00   5.4615E-02   6.3800E-02   9.3762E-01
   2004.92   5.6710E+01  -4.9571E+01   6.2470E-01   6.9935E-01   8.1624E-01  -6.0008E+00   5.7228E-02   6.6794E-02   9.8210E-01
   2005.00   5.6615E+01  -4.9583E+01   2.2882E-01   7.2498E-01   8.4563E-01  -6.2189E+00   5.9325E-02   6.9198E-02   1.0178E+00
   2005.08   5.6523E+01  -4.9603E+01  -1.6433E-01   7.4430E-01   8.6783E-01  -6.3833E+00   6.0906E-02   7.1015E-02   1.0447E+00
   2005.17   5.6432E+01  -4.9632E+01  -5.5476E-01   7.5730E-01   8.8283E-01  -6.4941E+00   6.1970E-02   7.2242E-02   1.0628E+00
   2005.25   5.6343E+01  -4.9668E+01  -9.4247E-01   7.6400E-01   8.9064E-01  -6.5512E+00   6.2518E-02   7.2881E-02   1.0722E+00
   2005.33   5.6256E+01  -4.9713E+01  -1.3275E+00   7.6438E-01   8.9126E-01  -6.5546E+00   6.2550E-02   7.2932E-02   1.0727E+00
   2005.42   5.6170E+01  -4.9766E+01  -1.7097E+00   7.5846E-01   8.8468E-01  -6.5043E+00   6.2065E-02   7.2394E-02   1.0645E+00
   2005.50   5.6085E+01  -4.9827E+01  -2.0893E+00   7.4622E-01   8.7091E-01  -6.4004E+00   6.1064E-02   7.1267E-02   1.0475E+00
   2005.58   5.6003E+01  -4.9896E+01  -2.4661E+00   7.2768E-01   8.4995E-01  -6.2429E+00   5.9546E-02   6.9552E-02   1.0217E+00
   2005.67   5.5922E+01  -4.9974E+01  -2.8402E+00   7.0282E-01   8.2179E-01  -6.0316E+00   5.7512E-02   6.7248E-02   9.8714E-01
   2005.75   5.5842E+01  -5.0059E+01  -3.2116E+00   6.7165E-01   7.8645E-01  -5.7667E+00   5.4961E-02   6.4355E-02   9.4378E-01
   2005.83   5.5765E+01  -5.0153E+01  -3.5803E+00   6.3417E-01   7.4390E-01  -5.4481E+00   5.1894E-02   6.0874E-02   8.9164E-01
   2005.92   5.5689E+01  -5.0255E+01  -3.9462E+00   5.9038E-01   6.9417E-01  -5.0759E+00   4.8311E-02   5.6804E-02   8.3072E-01
   2006.00   5.5614E+01  -5.0365E+01  -4.3094E+00   5.4028E-01   6.3724E-01  -4.6499E+00   4.4211E-02   5.2146E-02   7.6101E-01
   2006.08   5.5544E+01  -5.0480E+01  -4.6676E+00   4.8891E-01   5.7882E-01  -4.2131E+00   4.0007E-02   4.7365E-02   6.8952E-01
   2006.17   5.5482E+01  -5.0595E+01  -5.0184E+00   4.4130E-01   5.2459E-01  -3.8081E+00   3.6112E-02   4.2928E-02   6.2323E-01
   2006.25   5.5429E+01  -5.0711E+01  -5.3619E+00   3.9746E-01   4.7457E-01  -3.4348E+00   3.2524E-02   3.8834E-02   5.6215E-01
   2006.33   5.5383E+01  -5.0827E+01  -5.6981E+00   3.5738E-01   4.2874E-01  -3.0934E+00   2.9245E-02   3.5084E-02   5.0627E-01
   2006.42   5.5344E+01  -5.0944E+01  -6.0269E+00   3.2107E-01   3.8711E-01  -2.7838E+00   2.6274E-02   3.1677E-02   4.5560E-01
   2006.50   5.5314E+01  -5.1061E+01  -6.3483E+00   2.8853E-01   3.4968E-01  -2.5060E+00   2.3611E-02   2.8615E-02   4.1014E-01
   2006.58   5.5292E+01  -5.1179E+01  -6.6624E+00   2.5976E-01   3.1645E-01  -2.2601E+00   2.1256E-02   2.5895E-02   3.6988E-01
   2006.67   5.5278E+01  -5.1298E+01  -6.9692E+00   2.3475E-01   2.8742E-01  -2.0459E+00   1.9209E-02   2.3520E-02   3.3483E-01
   2006.75   5.5271E+01  -5.1417E+01  -7.2686E+00   2.1350E-01   2.6259E-01  -1.8635E+00   1.7471E-02   2.1488E-02   3.0498E-01
   2006.83   5.5273E+01  -5.1537E+01  -7.5607E+00   1.9603E-01   2.4196E-01  -1.7130E+00   1.6041E-02   1.9799E-02   2.8034E-01
   2006.92   5.5282E+01  -5.1657E+01  -7.8454E+00   1.8231E-01   2.2552E-01  -1.5942E+00   1.4919E-02   1.8455E-02   2.6091E-01
   2007.00   5.5299E+01  -5.1778E+01  -8.1227E+00   1.7237E-01   2.1329E-01  -1.5073E+00   1.4105E-02   1.7454E-02   2.4668E-01
   2007.08   5.5324E+01  -5.1899E+01  -8.3928E+00   1.6619E-01   2.0525E-01  -1.4522E+00   1.3599E-02   1.6796E-02   2.3766E-01
   2007.17   5.5357E+01  -5.2021E+01  -8.6554E+00   1.6378E-01   2.0142E-01  -1.4288E+00   1.3402E-02   1.6482E-02   2.3385E-01
   2007.25   5.5398E+01  -5.2144E+01  -8.9108E+00   1.6513E-01   2.0178E-01  -1.4373E+00   1.3513E-02   1.6512E-02   2.3524E-01
   2007.33   5.5447E+01  -5.2267E+01  -9.1587E+00   1.7025E-01   2.0634E-01  -1.4776E+00   1.3932E-02   1.6885E-02   2.4183E-01
   2007.42   5.5504E+01  -5.2391E+01  -9.3994E+00   1.7914E-01   2.1511E-01  -1.5498E+00   1.4659E-02   1.7602E-02   2.5364E-01
   2007.50   5.5569E+01  -5.2515E+01  -9.6326E+00   1.9179E-01   2.2807E-01  -1.6537E+00   1.5694E-02   1.8663E-02   2.7064E-01
   2007.58   5.5641E+01  -5.2640E+01  -9.8586E+00   2.0821E-01   2.4523E-01  -1.7894E+00   1.7038E-02   2.0067E-02   2.9286E-01
   2007.67   5.5722E+01  -5.2765E+01  -1.0077E+01   2.2839E-01   2.6659E-01  -1.9570E+00   1.8689E-02   2.1815E-02   3.2028E-01
   2007.75   5.5810E+01  -5.2891E+01  -1.0288E+01   2.5234E-01   2.9214E-01  -2.1563E+00   2.0649E-02   2.3906E-02   3.5291E-01
   2007.83   5.5907E+01  -5.3018E+01  -1.0492E+01   2.8006E-01   3.2190E-01  -2.3875E+00   2.2917E-02   2.6341E-02   3.9074E-01
   2007.92   5.6011E+01  -5.3145E+01  -1.0689E+01   3.1154E-01   3.5586E-01  -2.6505E+00   2.5494E-02   2.9120E-02   4.3378E-01
   2008.00   5.6123E+01  -5.3272E+01  -1.0878E+01   3.4679E-01   3.9401E-01  -2.9453E+00   2.8378E-02   3.2242E-02   4.8202E-01
   2008.08   5.6247E+01  -5.3396E+01  -1.1071E+01   3.8133E-01   4.3148E-01  -3.2343E+00   3.1204E-02   3.5309E-02   5.2934E-01
   2008.17   5.6386E+01  -5.3510E+01  -1.1280E+01   4.1066E-01   4.6338E-01  -3.4802E+00   3.3605E-02   3.7919E-02   5.6958E-01
   2008.25   5.6540E+01  -5.3615E+01  -1.1504E+01   4.3480E-01   4.8971E-01  -3.6829E+00   3.5580E-02   4.0073E-02   6.0275E-01
   2008.33   5.6709E+01  -5.3711E+01  -1.1743E+01   4.5375E-01   5.1047E-01  -3.8424E+00   3.7130E-02   4.1772E-02   6.2886E-01
   2008.42   5.6893E+01  -5.3798E+01  -1.1998E+01   4.6749E-01   5.2566E-01  -3.9587E+00   3.8255E-02   4.3015E-02   6.4789E-01
   2008.50   5.7092E+01  -5.3875E+01  -1.2268E+01   4.7604E-01   5.3528E-01  -4.0318E+00   3.8955E-02   4.3802E-02   6.5985E-01
   2008.58   5.7307E+01  -5.3943E+01  -1.2554E+01   4.7939E-01   5.3933E-01  -4.0618E+00   3.9229E-02   4.4133E-02   6.6475E-01
   2008.67   5.7537E+01  -5.4002E+01  -1.2855E+01   4.7755E-01   5.3781E-01  -4.0485E+00   3.9078E-02   4.4009E-02   6.6257E-01
   2008.75   5.7781E+01  -5.4052E+01  -1.3171E+01   4.7051E-01   5.3071E-01  -3.9920E+00   3.8502E-02   4.3429E-02   6.5333E-01
   2008.83   5.8041E+01  -5.4093E+01  -1.3503E+01   4.5827E-01   5.1805E-01  -3.8923E+00   3.7500E-02   4.2392E-02   6.3701E-01
   2008.92   5.8316E+01  -5.4125E+01  -1.3850E+01   4.4083E-01   4.9982E-01  -3.7494E+00   3.6074E-02   4.0900E-02   6.1363E-01
   2009.00   5.8607E+01  -5.4147E+01  -1.4212E+01   4.1820E-01   4.7601E-01  -3.5633E+00   3.4222E-02   3.8952E-02   5.8318E-01
   2009.08   5.8912E+01  -5.4160E+01  -1.4590E+01   3.9037E-01   4.4664E-01  -3.3340E+00   3.1944E-02   3.6549E-02   5.4565E-01
   2009.17   5.9232E+01  -5.4164E+01  -1.4984E+01   3.5734E-01   4.1170E-01  -3.0616E+00   2.9242E-02   3.3689E-02   5.0106E-01
   2009.25   5.9568E+01  -5.4159E+01  -1.5392E+01   3.1912E-01   3.7118E-01  -2.7459E+00   2.6114E-02   3.0374E-02   4.4939E-01
   2009.33   5.9919E+01  -5.4145E+01  -1.5816E+01   2.7570E-01   3.2510E-01  -2.3870E+00   2.2561E-02   2.6603E-02   3.9066E-01
   2009.42   6.0285E+01  -5.4121E+01  -1.6256E+01   2.2708E-01   2.7344E-01  -1.9849E+00   1.8582E-02   2.2376E-02   3.2486E-01
   2009.50   6.0666E+01  -5.4088E+01  -1.6711E+01   1.7327E-01   2.1622E-01  -1.5397E+00   1.4179E-02   1.7693E-02   2.5198E-01
   2009.58   6.1062E+01  -5.4047E+01  -1.7181E+01   1.1426E-01   1.5342E-01  -1.0512E+00   9.3497E-03   1.2555E-02   1.7204E-01
   2009.67   6.1473E+01  -5.3995E+01  -1.7667E+01   5.0049E-02   8.5058E-02  -5.1954E-01   4.0955E-03   6.9603E-03   8.5029E-02
   2009.75   6.1900E+01  -5.3935E+01  -1.8168E+01  -1.9357E-02   1.1122E-02   5.5317E-02  -1.5840E-03   9.1009E-04  -9.0531E-03
   2009.83   6.2342E+01  -5.3866E+01  -1.8684E+01  -9.3959E-02  -6.8385E-02   6.7338E-01  -7.6887E-03  -5.5959E-03  -1.1021E-01
   2009.92   6.2798E+01  -5.3787E+01  -1.9216E+01  -1.7376E-01  -1.5346E-01   1.3346E+00  -1.4219E-02  -1.2558E-02  -2.1843E-01
   2010.00   6.3270E+01  -5.3699E+01  -1.9763E+01  -2.5875E-01  -2.4411E-01   2.0391E+00  -2.1174E-02  -1.9975E-02  -3.3372E-01
   2010.08   6.3741E+01  -5.3609E+01  -2.0317E+01  -3.4271E-01  -3.3369E-01   2.7351E+00  -2.8044E-02  -2.7306E-02  -4.4763E-01
   2010.17   6.4195E+01  -5.3522E+01  -2.0870E+01  -4.1940E-01  -4.1556E-01   3.3710E+00  -3.4320E-02  -3.4005E-02  -5.5170E-01
   2010.25   6.4632E+01  -5.3439E+01  -2.1422E+01  -4.8882E-01  -4.8972E-01   3.9468E+00  -4.0000E-02  -4.0074E-02  -6.4594E-01
   2010.33   6.5051E+01  -5.3359E+01  -2.1972E+01  -5.5096E-01  -5.5618E-01   4.4626E+00  -4.5085E-02  -4.5513E-02  -7.3035E-01
   2010.42   6.5454E+01  -5.3284E+01  -2.2521E+01  -6.0583E-01  -6.1494E-01   4.9182E+00  -4.9575E-02  -5.0320E-02  -8.0492E-01
   2010.50   6.5839E+01  -5.3212E+01  -2.3069E+01  -6.5343E-01  -6.6598E-01   5.3138E+00  -5.3471E-02  -5.4498E-02  -8.6966E-01
   2010.58   6.6207E+01  -5.3144E+01  -2.3615E+01  -6.9376E-01  -7.0932E-01   5.6493E+00  -5.6771E-02  -5.8044E-02  -9.2456E-01
   2010.67   6.6558E+01  -5.3080E+01  -2.4160E+01  -7.2682E-01  -7.4495E-01   5.9246E+00  -5.9476E-02  -6.0960E-02  -9.6963E-01
   2010.75   6.6892E+01  -5.3019E+01  -2.4703E+01  -7.5260E-01  -7.7288E-01   6.1399E+00  -6.1586E-02  -6.3245E-02  -1.0049E+00
   2010.83   6.7208E+01  -5.2962E+01  -2.5246E+01  -7.7112E-01  -7.9310E-01   6.2951E+00  -6.3101E-02  -6.4900E-02  -1.0303E+00
   2010.92   6.7508E+01  -5.2909E+01  -2.5786E+01  -7.8236E-01  -8.0561E-01   6.3902E+00  -6.4021E-02  -6.5923E-02  -1.0458E+00
   2011.00   6.7791E+01  -5.2860E+01  -2.6326E+01  -7.8633E-01  -8.1042E-01   6.4253E+00  -6.4346E-02  -6.6317E-02  -1.0516E+00
   2011.08   6.8056E+01  -5.2814E+01  -2.6864E+01  -7.8303E-01  -8.0752E-01   6.4002E+00  -6.4075E-02  -6.6079E-02  -1.0475E+00
   2011.17   6.8304E+01  -5.2772E+01  -2.7401E+01  -7.7245E-01  -7.9691E-01   6.3150E+00  -6.3210E-02  -6.5211E-02  -1.0335E+00
   2011.25   6.8535E+01  -5.2734E+01  -2.7937E+01  -7.5461E-01  -7.7860E-01   6.1698E+00  -6.1750E-02  -6.3713E-02  -1.0098E+00
   2011.33   6.8749E+01  -5.2699E+01  -2.8471E+01  -7.2949E-01  -7.5258E-01   5.9644E+00  -5.9695E-02  -6.1584E-02  -9.7615E-01
   2011.42   6.8946E+01  -5.2669E+01  -2.9004E+01  -6.9710E-01  -7.1885E-01   5.6990E+00  -5.7044E-02  -5.8824E-02  -9.3271E-01
   2011.50   6.9125E+01  -5.2642E+01  -2.9535E+01  -6.5744E-01  -6.7741E-01   5.3735E+00  -5.3799E-02  -5.5433E-02  -8.7943E-01
   2011.58   6.9288E+01  -5.2619E+01  -3.0066E+01  -6.1051E-01  -6.2827E-01   4.9879E+00  -4.9959E-02  -5.1412E-02  -8.1632E-01
   2011.67   6.9433E+01  -5.2599E+01  -3.0595E+01  -5.5631E-01  -5.7143E-01   4.5422E+00  -4.5523E-02  -4.6760E-02  -7.4338E-01
   2011.75   6.9561E+01  -5.2583E+01  -3.1122E+01  -4.9483E-01  -5.0687E-01   4.0364E+00  -4.0493E-02  -4.1478E-02  -6.6060E-01
   2011.83   6.9672E+01  -5.2571E+01  -3.1648E+01  -4.2609E-01  -4.3461E-01   3.4705E+00  -3.4867E-02  -3.5565E-02  -5.6799E-01
   2011.92   6.9766E+01  -5.2563E+01  -3.2173E+01  -3.5007E-01  -3.5465E-01   2.8446E+00  -2.8646E-02  -2.9021E-02  -4.6554E-01
   2012.00   6.9843E+01  -5.2559E+01  -3.2697E+01  -2.6678E-01  -2.6697E-01   2.1585E+00  -2.1831E-02  -2.1847E-02  -3.5326E-01
