   1960.00   5.5668E+01  -5.3113E+00  -9.4436E+00   9.8288E-01   3.9065E-02  -1.5022E+00   8.0429E-02   3.1967E-03   2.4585E-01
   1960.08   5.6198E+01  -5.3550E+00  -9.4562E+00   1.4844E+00   5.8096E-02  -2.2691E+00   1.2147E-01   4.7540E-03   3.7136E-01
   1960.17   5.6711E+01  -5.4232E+00  -9.4906E+00   1.9496E+00   7.5752E-02  -2.9804E+00   1.5953E-01   6.1988E-03   4.8777E-01
   1960.25   5.7207E+01  -5.5159E+00  -9.5468E+00   2.3784E+00   9.2034E-02  -3.6361E+00   1.9462E-01   7.5312E-03   5.9508E-01
   1960.33   5.7684E+01  -5.6330E+00  -9.6247E+00   2.7708E+00   1.0694E-01  -4.2362E+00   2.2674E-01   8.7510E-03   6.9329E-01
   1960.42   5.8145E+01  -5.7745E+00  -9.7243E+00   3.1269E+00   1.2047E-01  -4.7806E+00   2.5587E-01   9.8584E-03   7.8240E-01
   1960.50   5.8587E+01  -5.9405E+00  -9.8458E+00   3.4466E+00   1.3263E-01  -5.2695E+00   2.8203E-01   1.0853E-02   8.6241E-01
   1960.58   5.9012E+01  -6.1310E+00  -9.9890E+00   3.7299E+00   1.4341E-01  -5.7028E+00   3.0522E-01   1.1736E-02   9.3332E-01
   1960.67   5.9420E+01  -6.3458E+00  -1.0154E+01   3.9769E+00   1.5282E-01  -6.0805E+00   3.2543E-01   1.2505E-02   9.9513E-01
   1960.75   5.9810E+01  -6.5852E+00  -1.0341E+01   4.1875E+00   1.6085E-01  -6.4025E+00   3.4267E-01   1.3163E-02   1.0478E+00
   1960.83   6.0182E+01  -6.8489E+00  -1.0549E+01   4.3618E+00   1.6751E-01  -6.6690E+00   3.5692E-01   1.3708E-02   1.0915E+00
   1960.92   6.0537E+01  -7.1371E+00  -1.0779E+01   4.4996E+00   1.7280E-01  -6.8798E+00   3.6821E-01   1.4140E-02   1.1260E+00
   1961.00   6.0874E+01  -7.4498E+00  -1.1031E+01   4.6012E+00   1.7670E-01  -7.0351E+00   3.7652E-01   1.4460E-02   1.1514E+00
   1961.08   6.1194E+01  -7.7869E+00  -1.1305E+01   4.6663E+00   1.7924E-01  -7.1348E+00   3.8185E-01   1.4667E-02   1.1677E+00
   1961.17   6.1496E+01  -8.1484E+00  -1.1601E+01   4.6951E+00   1.8040E-01  -7.1788E+00   3.8420E-01   1.4762E-02   1.1749E+00
   1961.25   6.1780E+01  -8.5344E+00  -1.1918E+01   4.6875E+00   1.8018E-01  -7.1672E+00   3.8358E-01   1.4744E-02   1.1730E+00
   1961.33   6.2047E+01  -8.9449E+00  -1.2257E+01   4.6436E+00   1.7859E-01  -7.1001E+00   3.7999E-01   1.4614E-02   1.1620E+00
   1961.42   6.2296E+01  -9.3798E+00  -1.2618E+01   4.5633E+00   1.7562E-01  -6.9773E+00   3.7342E-01   1.4371E-02   1.1419E+00
   1961.50   6.2528E+01  -9.8391E+00  -1.3001E+01   4.4467E+00   1.7128E-01  -6.7989E+00   3.6387E-01   1.4016E-02   1.1127E+00
   1961.58   6.2742E+01  -1.0323E+01  -1.3405E+01   4.2936E+00   1.6557E-01  -6.5650E+00   3.5135E-01   1.3549E-02   1.0744E+00
   1961.67   6.2939E+01  -1.0831E+01  -1.3831E+01   4.1042E+00   1.5848E-01  -6.2754E+00   3.3585E-01   1.2968E-02   1.0270E+00
   1961.75   6.3118E+01  -1.1364E+01  -1.4279E+01   3.8785E+00   1.5001E-01  -5.9302E+00   3.1738E-01   1.2276E-02   9.7054E-01
   1961.83   6.3279E+01  -1.1921E+01  -1.4749E+01   3.6164E+00   1.4018E-01  -5.5294E+00   2.9593E-01   1.1471E-02   9.0495E-01
   1961.92   6.3423E+01  -1.2502E+01  -1.5240E+01   3.3179E+00   1.2896E-01  -5.0730E+00   2.7150E-01   1.0553E-02   8.3026E-01
   1962.00   6.3549E+01  -1.3108E+01  -1.5753E+01   2.9831E+00   1.1637E-01  -4.5610E+00   2.4410E-01   9.5228E-03   7.4646E-01
   1962.08   6.3666E+01  -1.3713E+01  -1.6258E+01   2.6410E+00   1.0350E-01  -4.0381E+00   2.1612E-01   8.4698E-03   6.6087E-01
   1962.17   6.3783E+01  -1.4290E+01  -1.6723E+01   2.3210E+00   9.1456E-02  -3.5488E+00   1.8993E-01   7.4839E-03   5.8079E-01
   1962.25   6.3898E+01  -1.4841E+01  -1.7150E+01   2.0230E+00   8.0225E-02  -3.0931E+00   1.6554E-01   6.5648E-03   5.0621E-01
   1962.33   6.4013E+01  -1.5364E+01  -1.7538E+01   1.7470E+00   6.9812E-02  -2.6710E+00   1.4295E-01   5.7128E-03   4.3714E-01
   1962.42   6.4127E+01  -1.5860E+01  -1.7886E+01   1.4929E+00   6.0218E-02  -2.2826E+00   1.2217E-01   4.9276E-03   3.7358E-01
   1962.50   6.4240E+01  -1.6328E+01  -1.8196E+01   1.2609E+00   5.1441E-02  -1.9279E+00   1.0318E-01   4.2095E-03   3.1552E-01
   1962.58   6.4353E+01  -1.6770E+01  -1.8467E+01   1.0509E+00   4.3483E-02  -1.6068E+00   8.5996E-02   3.5583E-03   2.6297E-01
   1962.67   6.4465E+01  -1.7184E+01  -1.8698E+01   8.6289E-01   3.6343E-02  -1.3194E+00   7.0610E-02   2.9740E-03   2.1593E-01
   1962.75   6.4576E+01  -1.7571E+01  -1.8891E+01   6.9687E-01   3.0022E-02  -1.0656E+00   5.7025E-02   2.4567E-03   1.7439E-01
   1962.83   6.4686E+01  -1.7931E+01  -1.9045E+01   5.5286E-01   2.4518E-02  -8.4539E-01   4.5240E-02   2.0063E-03   1.3836E-01
   1962.92   6.4795E+01  -1.8264E+01  -1.9159E+01   4.3084E-01   1.9833E-02  -6.5888E-01   3.5256E-02   1.6229E-03   1.0783E-01
   1963.00   6.4904E+01  -1.8569E+01  -1.9235E+01   3.3083E-01   1.5966E-02  -5.0601E-01   2.7072E-02   1.3065E-03   8.2814E-02
   1963.08   6.5012E+01  -1.8848E+01  -1.9272E+01   2.5282E-01   1.2917E-02  -3.8679E-01   2.0688E-02   1.0570E-03   6.3302E-02
   1963.17   6.5119E+01  -1.9099E+01  -1.9269E+01   1.9681E-01   1.0686E-02  -3.0121E-01   1.6105E-02   8.7446E-04   4.9297E-02
   1963.25   6.5226E+01  -1.9323E+01  -1.9228E+01   1.6280E-01   9.2737E-03  -2.4928E-01   1.3322E-02   7.5887E-04   4.0798E-02
   1963.33   6.5332E+01  -1.9520E+01  -1.9148E+01   1.5080E-01   8.6794E-03  -2.3100E-01   1.2340E-02   7.1024E-04   3.7805E-02
   1963.42   6.5437E+01  -1.9689E+01  -1.9029E+01   1.6079E-01   8.9034E-03  -2.4636E-01   1.3158E-02   7.2857E-04   4.0319E-02
   1963.50   6.5541E+01  -1.9832E+01  -1.8871E+01   1.9279E-01   9.9455E-03  -2.9537E-01   1.5776E-02   8.1384E-04   4.8340E-02
   1963.58   6.5644E+01  -1.9947E+01  -1.8673E+01   2.4678E-01   1.1806E-02  -3.7802E-01   2.0194E-02   9.6608E-04   6.1867E-02
   1963.67   6.5747E+01  -2.0035E+01  -1.8437E+01   3.2278E-01   1.4484E-02  -4.9432E-01   2.6413E-02   1.1853E-03   8.0900E-02
   1963.75   6.5849E+01  -2.0096E+01  -1.8162E+01   4.2078E-01   1.7981E-02  -6.4426E-01   3.4433E-02   1.4714E-03   1.0544E-01
   1963.83   6.5950E+01  -2.0129E+01  -1.7848E+01   5.4078E-01   2.2296E-02  -8.2785E-01   4.4252E-02   1.8245E-03   1.3549E-01
   1963.92   6.6051E+01  -2.0136E+01  -1.7495E+01   6.8278E-01   2.7429E-02  -1.0451E+00   5.5872E-02   2.2445E-03   1.7104E-01
   1964.00   6.6151E+01  -2.0115E+01  -1.7103E+01   8.4678E-01   3.3381E-02  -1.2960E+00   6.9293E-02   2.7315E-03   2.1210E-01
   1964.08   6.6250E+01  -2.0078E+01  -1.6697E+01   1.0092E+00   3.9292E-02  -1.5444E+00   8.2581E-02   3.2153E-03   2.5276E-01
   1964.17   6.6349E+01  -2.0034E+01  -1.6303E+01   1.1463E+00   4.4306E-02  -1.7543E+00   9.3806E-02   3.6255E-03   2.8711E-01
   1964.25   6.6448E+01  -1.9985E+01  -1.5921E+01   1.2583E+00   4.8421E-02  -1.9256E+00   1.0297E-01   3.9623E-03   3.1514E-01
   1964.33   6.6546E+01  -1.9930E+01  -1.5551E+01   1.3450E+00   5.1639E-02  -2.0584E+00   1.1006E-01   4.2256E-03   3.3687E-01
   1964.42   6.6644E+01  -1.9868E+01  -1.5193E+01   1.4065E+00   5.3958E-02  -2.1526E+00   1.1509E-01   4.4154E-03   3.5229E-01
   1964.50   6.6743E+01  -1.9800E+01  -1.4847E+01   1.4428E+00   5.5380E-02  -2.2082E+00   1.1806E-01   4.5318E-03   3.6140E-01
   1964.58   6.6841E+01  -1.9727E+01  -1.4512E+01   1.4538E+00   5.5904E-02  -2.2253E+00   1.1897E-01   4.5747E-03   3.6420E-01
   1964.67   6.6938E+01  -1.9647E+01  -1.4189E+01   1.4396E+00   5.5530E-02  -2.2039E+00   1.1781E-01   4.5440E-03   3.6069E-01
   1964.75   6.7036E+01  -1.9561E+01  -1.3879E+01   1.4002E+00   5.4258E-02  -2.1439E+00   1.1458E-01   4.4399E-03   3.5087E-01
   1964.83   6.7133E+01  -1.9470E+01  -1.3580E+01   1.3356E+00   5.2088E-02  -2.0453E+00   1.0929E-01   4.2624E-03   3.3473E-01
   1964.92   6.7230E+01  -1.9372E+01  -1.3293E+01   1.2458E+00   4.9020E-02  -1.9082E+00   1.0194E-01   4.0113E-03   3.1229E-01
   1965.00   6.7327E+01  -1.9268E+01  -1.3018E+01   1.1307E+00   4.5054E-02  -1.7325E+00   9.2525E-02   3.6868E-03   2.8354E-01
   1965.08   6.7424E+01  -1.9158E+01  -1.2754E+01   9.9039E-01   4.0190E-02  -1.5183E+00   8.1044E-02   3.2888E-03   2.4848E-01
   1965.17   6.7520E+01  -1.9042E+01  -1.2503E+01   8.2487E-01   3.4429E-02  -1.2655E+00   6.7500E-02   2.8173E-03   2.0711E-01
   1965.25   6.7616E+01  -1.8920E+01  -1.2263E+01   6.3413E-01   2.7769E-02  -9.7416E-01   5.1891E-02   2.2723E-03   1.5943E-01
   1965.33   6.7713E+01  -1.8792E+01  -1.2036E+01   4.1816E-01   2.0211E-02  -6.4427E-01   3.4218E-02   1.6539E-03   1.0544E-01
   1965.42   6.7808E+01  -1.8658E+01  -1.1820E+01   1.7696E-01   1.1756E-02  -2.7583E-01   1.4481E-02   9.6197E-04   4.5143E-02
   1965.50   6.7904E+01  -1.8518E+01  -1.1616E+01  -8.9456E-02   2.4022E-03   1.3117E-01  -7.3202E-03   1.9657E-04  -2.1467E-02
   1965.58   6.7999E+01  -1.8372E+01  -1.1424E+01  -3.8110E-01  -7.8493E-03   5.7672E-01  -3.1185E-02  -6.4231E-04  -9.4387E-02
   1965.67   6.8095E+01  -1.8220E+01  -1.1243E+01  -6.9796E-01  -1.8999E-02   1.0608E+00  -5.7115E-02  -1.5547E-03  -1.7362E-01
   1965.75   6.8189E+01  -1.8061E+01  -1.1075E+01  -1.0401E+00  -3.1046E-02   1.5835E+00  -8.5108E-02  -2.5405E-03  -2.5916E-01
   1965.83   6.8284E+01  -1.7897E+01  -1.0918E+01  -1.4074E+00  -4.3991E-02   2.1447E+00  -1.1517E-01  -3.5998E-03  -3.5100E-01
   1965.92   6.8379E+01  -1.7727E+01  -1.0774E+01  -1.7999E+00  -5.7835E-02   2.7445E+00  -1.4729E-01  -4.7326E-03  -4.4916E-01
   1966.00   6.8473E+01  -1.7550E+01  -1.0641E+01  -2.2177E+00  -7.2576E-02   3.3828E+00  -1.8147E-01  -5.9389E-03  -5.5363E-01
   1966.08   6.8587E+01  -1.7377E+01  -1.0520E+01  -2.6300E+00  -8.7132E-02   4.0129E+00  -2.1522E-01  -7.1300E-03  -6.5675E-01
   1966.17   6.8742E+01  -1.7216E+01  -1.0411E+01  -3.0063E+00  -1.0042E-01   4.5879E+00  -2.4601E-01  -8.2174E-03  -7.5085E-01
   1966.25   6.8936E+01  -1.7068E+01  -1.0313E+01  -3.3466E+00  -1.1244E-01   5.1078E+00  -2.7385E-01  -9.2009E-03  -8.3594E-01
   1966.33   6.9171E+01  -1.6932E+01  -1.0228E+01  -3.6508E+00  -1.2319E-01   5.5726E+00  -2.9875E-01  -1.0081E-02  -9.1202E-01
   1966.42   6.9446E+01  -1.6809E+01  -1.0154E+01  -3.9190E+00  -1.3267E-01   5.9824E+00  -3.2069E-01  -1.0857E-02  -9.7908E-01
   1966.50   6.9761E+01  -1.6698E+01  -1.0092E+01  -4.1512E+00  -1.4089E-01   6.3371E+00  -3.3969E-01  -1.1529E-02  -1.0371E+00
   1966.58   7.0116E+01  -1.6599E+01  -1.0042E+01  -4.3473E+00  -1.4783E-01   6.6367E+00  -3.5574E-01  -1.2097E-02  -1.0862E+00
   1966.67   7.0512E+01  -1.6513E+01  -1.0003E+01  -4.5073E+00  -1.5351E-01   6.8812E+00  -3.6884E-01  -1.2562E-02  -1.1262E+00
   1966.75   7.0947E+01  -1.6440E+01  -9.9763E+00  -4.6313E+00  -1.5792E-01   7.0707E+00  -3.7898E-01  -1.2923E-02  -1.1572E+00
   1966.83   7.1423E+01  -1.6379E+01  -9.9613E+00  -4.7193E+00  -1.6106E-01   7.2051E+00  -3.8618E-01  -1.3180E-02  -1.1792E+00
   1966.92   7.1938E+01  -1.6330E+01  -9.9581E+00  -4.7713E+00  -1.6293E-01   7.2844E+00  -3.9043E-01  -1.3333E-02  -1.1922E+00
   1967.00   7.2494E+01  -1.6294E+01  -9.9667E+00  -4.7871E+00  -1.6354E-01   7.3087E+00  -3.9173E-01  -1.3382E-02  -1.1961E+00
   1967.08   7.3090E+01  -1.6271E+01  -9.9870E+00  -4.7670E+00  -1.6287E-01   7.2778E+00  -3.9009E-01  -1.3328E-02  -1.1911E+00
   1967.17   7.3727E+01  -1.6259E+01  -1.0019E+01  -4.7108E+00  -1.6094E-01   7.1919E+00  -3.8549E-01  -1.3170E-02  -1.1770E+00
   1967.25   7.4403E+01  -1.6261E+01  -1.0063E+01  -4.6186E+00  -1.5774E-01   7.0509E+00  -3.7794E-01  -1.2908E-02  -1.1540E+00
   1967.33   7.5119E+01  -1.6274E+01  -1.0119E+01  -4.4903E+00  -1.5327E-01   6.8549E+00  -3.6744E-01  -1.2542E-02  -1.1219E+00
   1967.42   7.5876E+01  -1.6301E+01  -1.0186E+01  -4.3260E+00  -1.4754E-01   6.6038E+00  -3.5400E-01  -1.2073E-02  -1.0808E+00
   1967.50   7.6673E+01  -1.6339E+01  -1.0266E+01  -4.1256E+00  -1.4053E-01   6.2976E+00  -3.3760E-01  -1.1500E-02  -1.0307E+00
   1967.58   7.7510E+01  -1.6391E+01  -1.0357E+01  -3.8892E+00  -1.3226E-01   5.9363E+00  -3.1826E-01  -1.0823E-02  -9.7154E-01
   1967.67   7.8387E+01  -1.6454E+01  -1.0459E+01  -3.6168E+00  -1.2272E-01   5.5199E+00  -2.9596E-01  -1.0042E-02  -9.0339E-01
   1967.75   7.9304E+01  -1.6530E+01  -1.0574E+01  -3.3083E+00  -1.1190E-01   5.0485E+00  -2.7072E-01  -9.1572E-03  -8.2624E-01
   1967.83   8.0262E+01  -1.6619E+01  -1.0700E+01  -2.9638E+00  -9.9826E-02   4.5220E+00  -2.4253E-01  -8.1688E-03  -7.4007E-01
   1967.92   8.1259E+01  -1.6720E+01  -1.0838E+01  -2.5832E+00  -8.6479E-02   3.9404E+00  -2.1138E-01  -7.0766E-03  -6.4489E-01
   1968.00   8.2297E+01  -1.6833E+01  -1.0988E+01  -2.1666E+00  -7.1864E-02   3.3038E+00  -1.7729E-01  -5.8806E-03  -5.4070E-01
   1968.08   8.3334E+01  -1.6953E+01  -1.1149E+01  -1.7417E+00  -5.6960E-02   2.6545E+00  -1.4253E-01  -4.6611E-03  -4.3444E-01
   1968.17   8.4331E+01  -1.7075E+01  -1.1319E+01  -1.3364E+00  -4.2748E-02   2.0352E+00  -1.0936E-01  -3.4981E-03  -3.3308E-01
   1968.25   8.5286E+01  -1.7197E+01  -1.1498E+01  -9.5071E-01  -2.9228E-02   1.4458E+00  -7.7797E-02  -2.3918E-03  -2.3661E-01
   1968.33   8.6202E+01  -1.7320E+01  -1.1687E+01  -5.8455E-01  -1.6400E-02   8.8623E-01  -4.7834E-02  -1.3420E-03  -1.4504E-01
   1968.42   8.7076E+01  -1.7444E+01  -1.1885E+01  -2.3794E-01  -4.2634E-03   3.5661E-01  -1.9471E-02  -3.4887E-04  -5.8363E-02
   1968.50   8.7909E+01  -1.7569E+01  -1.2093E+01   8.9094E-02   7.1814E-03  -1.4312E-01   7.2906E-03   5.8766E-04   2.3423E-02
   1968.58   8.8702E+01  -1.7695E+01  -1.2310E+01   3.9657E-01   1.7934E-02  -6.1294E-01   3.2451E-02   1.4676E-03   1.0031E-01
   1968.67   8.9454E+01  -1.7822E+01  -1.2537E+01   6.8448E-01   2.7996E-02  -1.0529E+00   5.6011E-02   2.2909E-03   1.7231E-01
   1968.75   9.0165E+01  -1.7950E+01  -1.2773E+01   9.5283E-01   3.7365E-02  -1.4629E+00   7.7971E-02   3.0576E-03   2.3942E-01
   1968.83   9.0836E+01  -1.8080E+01  -1.3018E+01   1.2016E+00   4.6043E-02  -1.8430E+00   9.8329E-02   3.7677E-03   3.0163E-01
   1968.92   9.1466E+01  -1.8210E+01  -1.3273E+01   1.4308E+00   5.4029E-02  -2.1932E+00   1.1709E-01   4.4212E-03   3.5894E-01
   1969.00   9.2055E+01  -1.8341E+01  -1.3538E+01   1.6405E+00   6.1323E-02  -2.5135E+00   1.3424E-01   5.0181E-03   4.1136E-01
   1969.08   9.2603E+01  -1.8473E+01  -1.3812E+01   1.8306E+00   6.7926E-02  -2.8039E+00   1.4980E-01   5.5584E-03   4.5889E-01
   1969.17   9.3110E+01  -1.8606E+01  -1.4095E+01   2.0011E+00   7.3837E-02  -3.0644E+00   1.6375E-01   6.0421E-03   5.0153E-01
   1969.25   9.3577E+01  -1.8740E+01  -1.4387E+01   2.1521E+00   7.9056E-02  -3.2950E+00   1.7611E-01   6.4692E-03   5.3927E-01
   1969.33   9.4003E+01  -1.8875E+01  -1.4690E+01   2.2835E+00   8.3583E-02  -3.4957E+00   1.8686E-01   6.8396E-03   5.7211E-01
   1969.42   9.4388E+01  -1.9011E+01  -1.5001E+01   2.3954E+00   8.7418E-02  -3.6665E+00   1.9601E-01   7.1535E-03   6.0007E-01
   1969.50   9.4732E+01  -1.9148E+01  -1.5322E+01   2.4877E+00   9.0562E-02  -3.8074E+00   2.0357E-01   7.4107E-03   6.2313E-01
   1969.58   9.5036E+01  -1.9286E+01  -1.5653E+01   2.5604E+00   9.3014E-02  -3.9184E+00   2.0952E-01   7.6114E-03   6.4129E-01
   1969.67   9.5299E+01  -1.9425E+01  -1.5992E+01   2.6135E+00   9.4774E-02  -3.9995E+00   2.1387E-01   7.7554E-03   6.5456E-01
   1969.75   9.5521E+01  -1.9565E+01  -1.6342E+01   2.6471E+00   9.5843E-02  -4.0507E+00   2.1662E-01   7.8429E-03   6.6294E-01
   1969.83   9.5702E+01  -1.9706E+01  -1.6701E+01   2.6612E+00   9.6220E-02  -4.0720E+00   2.1777E-01   7.8737E-03   6.6642E-01
   1969.92   9.5843E+01  -1.9848E+01  -1.7069E+01   2.6557E+00   9.5905E-02  -4.0634E+00   2.1731E-01   7.8479E-03   6.6501E-01
   1970.00   9.5942E+01  -1.9991E+01  -1.7446E+01   2.6306E+00   9.4898E-02  -4.0248E+00   2.1526E-01   7.7655E-03   6.5871E-01
   1970.08   9.6012E+01  -2.0133E+01  -1.7856E+01   2.5893E+00   9.3340E-02  -3.9616E+00   2.1188E-01   7.6381E-03   6.4835E-01
   1970.17   9.6062E+01  -2.0273E+01  -1.8321E+01   2.5351E+00   9.1372E-02  -3.8787E+00   2.0744E-01   7.4770E-03   6.3479E-01
   1970.25   9.6093E+01  -2.0411E+01  -1.8842E+01   2.4680E+00   8.8994E-02  -3.7762E+00   2.0196E-01   7.2825E-03   6.1802E-01
   1970.33   9.6104E+01  -2.0547E+01  -1.9417E+01   2.3880E+00   8.6207E-02  -3.6541E+00   1.9541E-01   7.0543E-03   5.9803E-01
   1970.42   9.6096E+01  -2.0680E+01  -2.0047E+01   2.2951E+00   8.3009E-02  -3.5124E+00   1.8781E-01   6.7926E-03   5.7484E-01
   1970.50   9.6069E+01  -2.0811E+01  -2.0733E+01   2.1894E+00   7.9401E-02  -3.3511E+00   1.7916E-01   6.4974E-03   5.4845E-01
   1970.58   9.6022E+01  -2.0940E+01  -2.1474E+01   2.0708E+00   7.5383E-02  -3.1702E+00   1.6945E-01   6.1686E-03   5.1884E-01
   1970.67   9.5955E+01  -2.1066E+01  -2.2270E+01   1.9393E+00   7.0954E-02  -2.9697E+00   1.5869E-01   5.8062E-03   4.8602E-01
   1970.75   9.5869E+01  -2.1190E+01  -2.3121E+01   1.7949E+00   6.6116E-02  -2.7496E+00   1.4688E-01   5.4103E-03   4.5000E-01
   1970.83   9.5764E+01  -2.1312E+01  -2.4027E+01   1.6376E+00   6.0868E-02  -2.5098E+00   1.3401E-01   4.9808E-03   4.1076E-01
   1970.92   9.5639E+01  -2.1432E+01  -2.4989E+01   1.4674E+00   5.5210E-02  -2.2505E+00   1.2008E-01   4.5178E-03   3.6832E-01
   1971.00   9.5495E+01  -2.1549E+01  -2.6006E+01   1.2844E+00   4.9141E-02  -1.9716E+00   1.0510E-01   4.0212E-03   3.2267E-01
   1971.08   9.5331E+01  -2.1664E+01  -2.7077E+01   1.0884E+00   4.2663E-02  -1.6730E+00   8.9068E-02   3.4911E-03   2.7381E-01
   1971.17   9.5148E+01  -2.1777E+01  -2.8204E+01   8.7962E-01   3.5774E-02  -1.3549E+00   7.1980E-02   2.9274E-03   2.2174E-01
   1971.25   9.4946E+01  -2.1887E+01  -2.9386E+01   6.5791E-01   2.8476E-02  -1.0171E+00   5.3837E-02   2.3302E-03   1.6646E-01
   1971.33   9.4724E+01  -2.1996E+01  -3.0623E+01   4.2332E-01   2.0767E-02  -6.5975E-01   3.4641E-02   1.6994E-03   1.0798E-01
   1971.42   9.4482E+01  -2.2102E+01  -3.1916E+01   1.7585E-01   1.2648E-02  -2.8278E-01   1.4389E-02   1.0350E-03   4.6280E-02
   1971.50   9.4221E+01  -2.2205E+01  -3.3263E+01  -8.4518E-02   4.1194E-03   1.1379E-01  -6.9161E-03   3.3709E-04  -1.8623E-02
   1971.58   9.3941E+01  -2.2307E+01  -3.4666E+01  -3.5777E-01  -4.8195E-03   5.2997E-01  -2.9276E-02  -3.9438E-04  -8.6736E-02
   1971.67   9.3641E+01  -2.2406E+01  -3.6124E+01  -6.4390E-01  -1.4168E-02   9.6576E-01  -5.2690E-02  -1.1594E-03  -1.5806E-01
   1971.75   9.3322E+01  -2.2503E+01  -3.7637E+01  -9.4292E-01  -2.3927E-02   1.4212E+00  -7.7159E-02  -1.9580E-03  -2.3259E-01
   1971.83   9.2983E+01  -2.2597E+01  -3.9205E+01  -1.2548E+00  -3.4096E-02   1.8961E+00  -1.0268E-01  -2.7901E-03  -3.1033E-01
   1971.92   9.2625E+01  -2.2690E+01  -4.0828E+01  -1.5796E+00  -4.4676E-02   2.3908E+00  -1.2926E-01  -3.6558E-03  -3.9127E-01
   1972.00   9.2247E+01  -2.2780E+01  -4.2507E+01  -1.9173E+00  -5.5665E-02   2.9050E+00  -1.5689E-01  -4.5551E-03  -4.7543E-01
   1972.08   9.1867E+01  -2.2873E+01  -4.4197E+01  -2.2428E+00  -6.6261E-02   3.4006E+00  -1.8353E-01  -5.4222E-03  -5.5655E-01
   1972.17   9.1501E+01  -2.2974E+01  -4.5857E+01  -2.5310E+00  -7.5662E-02   3.8396E+00  -2.0711E-01  -6.1915E-03  -6.2839E-01
   1972.25   9.1149E+01  -2.3083E+01  -4.7485E+01  -2.7820E+00  -8.3868E-02   4.2219E+00  -2.2765E-01  -6.8630E-03  -6.9096E-01
   1972.33   9.0812E+01  -2.3200E+01  -4.9083E+01  -2.9957E+00  -9.0879E-02   4.5475E+00  -2.4514E-01  -7.4366E-03  -7.4424E-01
   1972.42   9.0488E+01  -2.3325E+01  -5.0649E+01  -3.1722E+00  -9.6694E-02   4.8164E+00  -2.5959E-01  -7.9125E-03  -7.8825E-01
   1972.50   9.0179E+01  -2.3458E+01  -5.2184E+01  -3.3115E+00  -1.0131E-01   5.0286E+00  -2.7098E-01  -8.2905E-03  -8.2298E-01
   1972.58   8.9884E+01  -2.3599E+01  -5.3689E+01  -3.4135E+00  -1.0474E-01   5.1841E+00  -2.7933E-01  -8.5707E-03  -8.4843E-01
   1972.67   8.9603E+01  -2.3748E+01  -5.5162E+01  -3.4782E+00  -1.0697E-01   5.2829E+00  -2.8462E-01  -8.7531E-03  -8.6460E-01
   1972.75   8.9336E+01  -2.3905E+01  -5.6604E+01  -3.5057E+00  -1.0800E-01   5.3250E+00  -2.8687E-01  -8.8377E-03  -8.7149E-01
   1972.83   8.9083E+01  -2.4071E+01  -5.8015E+01  -3.4959E+00  -1.0784E-01   5.3104E+00  -2.8607E-01  -8.8245E-03  -8.6911E-01
   1972.92   8.8845E+01  -2.4244E+01  -5.9395E+01  -3.4489E+00  -1.0648E-01   5.2392E+00  -2.8223E-01  -8.7134E-03  -8.5745E-01
   1973.00   8.8621E+01  -2.4425E+01  -6.0744E+01  -3.3646E+00  -1.0393E-01   5.1112E+00  -2.7533E-01  -8.5045E-03  -8.3650E-01
   1973.08   8.8411E+01  -2.4614E+01  -6.2062E+01  -3.2431E+00  -1.0018E-01   4.9265E+00  -2.6539E-01  -8.1979E-03  -8.0628E-01
   1973.17   8.8215E+01  -2.4812E+01  -6.3349E+01  -3.0844E+00  -9.5238E-02   4.6852E+00  -2.5240E-01  -7.7933E-03  -7.6678E-01
   1973.25   8.8033E+01  -2.5017E+01  -6.4605E+01  -2.8884E+00  -8.9099E-02   4.3872E+00  -2.3636E-01  -7.2910E-03  -7.1801E-01
   1973.33   8.7866E+01  -2.5230E+01  -6.5830E+01  -2.6551E+00  -8.1765E-02   4.0324E+00  -2.1727E-01  -6.6909E-03  -6.5995E-01
   1973.42   8.7712E+01  -2.5452E+01  -6.7024E+01  -2.3846E+00  -7.3236E-02   3.6210E+00  -1.9513E-01  -5.9929E-03  -5.9262E-01
   1973.50   8.7573E+01  -2.5681E+01  -6.8187E+01  -2.0768E+00  -6.3511E-02   3.1529E+00  -1.6995E-01  -5.1971E-03  -5.1600E-01
   1973.58   8.7448E+01  -2.5919E+01  -6.9319E+01  -1.7318E+00  -5.2591E-02   2.6281E+00  -1.4171E-01  -4.3036E-03  -4.3011E-01
   1973.67   8.7338E+01  -2.6164E+01  -7.0420E+01  -1.3495E+00  -4.0476E-02   2.0466E+00  -1.1043E-01  -3.3121E-03  -3.3494E-01
   1973.75   8.7241E+01  -2.6418E+01  -7.1489E+01  -9.3000E-01  -2.7165E-02   1.4084E+00  -7.6102E-02  -2.2229E-03  -2.3049E-01
   1973.83   8.7159E+01  -2.6679E+01  -7.2528E+01  -4.7323E-01  -1.2659E-02   7.1348E-01  -3.8725E-02  -1.0359E-03  -1.1677E-01
   1973.92   8.7090E+01  -2.6949E+01  -7.3536E+01   2.0789E-02   3.0428E-03  -3.8111E-02   1.7012E-03   2.4899E-04   6.2372E-03
   1974.00   8.7036E+01  -2.7226E+01  -7.4512E+01   5.5206E-01   1.9940E-02  -8.4639E-01   4.5175E-02   1.6317E-03   1.3852E-01
   1974.08   8.6971E+01  -2.7500E+01  -7.5477E+01   1.0787E+00   3.6703E-02  -1.6477E+00   8.8271E-02   3.0035E-03   2.6966E-01
   1974.17   8.6870E+01  -2.7756E+01  -7.6451E+01   1.5589E+00   5.2006E-02  -2.3783E+00   1.2756E-01   4.2556E-03   3.8923E-01
   1974.25   8.6733E+01  -2.7996E+01  -7.7433E+01   1.9925E+00   6.5846E-02  -3.0382E+00   1.6305E-01   5.3882E-03   4.9723E-01
   1974.33   8.6559E+01  -2.8219E+01  -7.8423E+01   2.3797E+00   7.8225E-02  -3.6274E+00   1.9473E-01   6.4012E-03   5.9366E-01
   1974.42   8.6349E+01  -2.8426E+01  -7.9421E+01   2.7204E+00   8.9142E-02  -4.1459E+00   2.2261E-01   7.2945E-03   6.7853E-01
   1974.50   8.6103E+01  -2.8615E+01  -8.0427E+01   3.0146E+00   9.8598E-02  -4.5938E+00   2.4668E-01   8.0683E-03   7.5182E-01
   1974.58   8.5821E+01  -2.8788E+01  -8.1442E+01   3.2623E+00   1.0659E-01  -4.9710E+00   2.6695E-01   8.7224E-03   8.1355E-01
   1974.67   8.5503E+01  -2.8945E+01  -8.2465E+01   3.4635E+00   1.1312E-01  -5.2774E+00   2.8342E-01   9.2570E-03   8.6371E-01
   1974.75   8.5148E+01  -2.9084E+01  -8.3496E+01   3.6182E+00   1.1819E-01  -5.5132E+00   2.9608E-01   9.6719E-03   9.0230E-01
   1974.83   8.4758E+01  -2.9207E+01  -8.4535E+01   3.7264E+00   1.2180E-01  -5.6784E+00   3.0494E-01   9.9672E-03   9.2932E-01
   1974.92   8.4331E+01  -2.9313E+01  -8.5583E+01   3.7882E+00   1.2395E-01  -5.7728E+00   3.0999E-01   1.0143E-02   9.4478E-01
   1975.00   8.3867E+01  -2.9402E+01  -8.6639E+01   3.8034E+00   1.2464E-01  -5.7965E+00   3.1123E-01   1.0199E-02   9.4866E-01
   1975.08   8.3368E+01  -2.9475E+01  -8.7703E+01   3.7722E+00   1.2386E-01  -5.7496E+00   3.0868E-01   1.0136E-02   9.4098E-01
   1975.17   8.2833E+01  -2.9531E+01  -8.8776E+01   3.6944E+00   1.2162E-01  -5.6319E+00   3.0232E-01   9.9525E-03   9.2173E-01
   1975.25   8.2261E+01  -2.9570E+01  -8.9856E+01   3.5702E+00   1.1792E-01  -5.4436E+00   2.9215E-01   9.6498E-03   8.9091E-01
   1975.33   8.1653E+01  -2.9593E+01  -9.0945E+01   3.3995E+00   1.1276E-01  -5.1846E+00   2.7818E-01   9.2274E-03   8.4852E-01
   1975.42   8.1009E+01  -2.9599E+01  -9.2042E+01   3.1822E+00   1.0614E-01  -4.8549E+00   2.6040E-01   8.6855E-03   7.9456E-01
   1975.50   8.0328E+01  -2.9588E+01  -9.3148E+01   2.9185E+00   9.8057E-02  -4.4545E+00   2.3882E-01   8.0240E-03   7.2903E-01
   1975.58   7.9612E+01  -2.9560E+01  -9.4261E+01   2.6083E+00   8.8511E-02  -3.9835E+00   2.1344E-01   7.2429E-03   6.5194E-01
   1975.67   7.8859E+01  -2.9516E+01  -9.5383E+01   2.2516E+00   7.7503E-02  -3.4417E+00   1.8425E-01   6.3421E-03   5.6328E-01
   1975.75   7.8070E+01  -2.9455E+01  -9.6513E+01   1.8485E+00   6.5034E-02  -2.8293E+00   1.5126E-01   5.3218E-03   4.6304E-01
   1975.83   7.7245E+01  -2.9377E+01  -9.7652E+01   1.3988E+00   5.1104E-02  -2.1462E+00   1.1446E-01   4.1818E-03   3.5124E-01
   1975.92   7.6384E+01  -2.9283E+01  -9.8798E+01   9.0262E-01   3.5711E-02  -1.3924E+00   7.3861E-02   2.9223E-03   2.2788E-01
   1976.00   7.5487E+01  -2.9171E+01  -9.9953E+01   3.5996E-01   1.8858E-02  -5.6788E-01   2.9456E-02   1.5431E-03   9.2939E-02
   1976.08   7.4583E+01  -2.9060E+01  -1.0108E+02  -1.8400E-01   1.9466E-03   2.5863E-01  -1.5057E-02   1.5929E-04  -4.2328E-02
   1976.17   7.3702E+01  -2.8966E+01  -1.0216E+02  -6.8406E-01  -1.3617E-02   1.0185E+00  -5.5977E-02  -1.1143E-03  -1.6669E-01
   1976.25   7.2845E+01  -2.8888E+01  -1.0317E+02  -1.1402E+00  -2.7832E-02   1.7117E+00  -9.3306E-02  -2.2775E-03  -2.8014E-01
   1976.33   7.2011E+01  -2.8827E+01  -1.0413E+02  -1.5525E+00  -4.0700E-02   2.3383E+00  -1.2704E-01  -3.3305E-03  -3.8268E-01
   1976.42   7.1200E+01  -2.8783E+01  -1.0503E+02  -1.9209E+00  -5.2220E-02   2.8982E+00  -1.5719E-01  -4.2732E-03  -4.7432E-01
   1976.50   7.0413E+01  -2.8755E+01  -1.0587E+02  -2.2454E+00  -6.2393E-02   3.3915E+00  -1.8374E-01  -5.1056E-03  -5.5505E-01
   1976.58   6.9649E+01  -2.8744E+01  -1.0666E+02  -2.5260E+00  -7.1218E-02   3.8181E+00  -2.0671E-01  -5.8278E-03  -6.2487E-01
   1976.67   6.8908E+01  -2.8750E+01  -1.0739E+02  -2.7627E+00  -7.8695E-02   4.1781E+00  -2.2608E-01  -6.4396E-03  -6.8378E-01
   1976.75   6.8190E+01  -2.8773E+01  -1.0806E+02  -2.9556E+00  -8.4824E-02   4.4714E+00  -2.4185E-01  -6.9412E-03  -7.3179E-01
   1976.83   6.7496E+01  -2.8812E+01  -1.0867E+02  -3.1045E+00  -8.9606E-02   4.6981E+00  -2.5404E-01  -7.3325E-03  -7.6889E-01
   1976.92   6.6825E+01  -2.8868E+01  -1.0922E+02  -3.2095E+00  -9.3040E-02   4.8581E+00  -2.6264E-01  -7.6135E-03  -7.9508E-01
   1977.00   6.6178E+01  -2.8940E+01  -1.0972E+02  -3.2707E+00  -9.5127E-02   4.9515E+00  -2.6764E-01  -7.7842E-03  -8.1036E-01
   1977.08   6.5553E+01  -2.9030E+01  -1.1016E+02  -3.2879E+00  -9.5865E-02   4.9782E+00  -2.6905E-01  -7.8447E-03  -8.1474E-01
   1977.17   6.4953E+01  -2.9136E+01  -1.1054E+02  -3.2613E+00  -9.5256E-02   4.9383E+00  -2.6687E-01  -7.7949E-03  -8.0820E-01
   1977.25   6.4375E+01  -2.9259E+01  -1.1087E+02  -3.1908E+00  -9.3300E-02   4.8317E+00  -2.6110E-01  -7.6348E-03  -7.9076E-01
   1977.33   6.3821E+01  -2.9398E+01  -1.1114E+02  -3.0764E+00  -8.9996E-02   4.6585E+00  -2.5174E-01  -7.3644E-03  -7.6241E-01
   1977.42   6.3290E+01  -2.9555E+01  -1.1135E+02  -2.9181E+00  -8.5344E-02   4.4186E+00  -2.3879E-01  -6.9837E-03  -7.2316E-01
   1977.50   6.2782E+01  -2.9728E+01  -1.1150E+02  -2.7159E+00  -7.9344E-02   4.1121E+00  -2.2224E-01  -6.4928E-03  -6.7299E-01
   1977.58   6.2297E+01  -2.9917E+01  -1.1159E+02  -2.4698E+00  -7.1997E-02   3.7390E+00  -2.0210E-01  -5.8915E-03  -6.1192E-01
   1977.67   6.1836E+01  -3.0124E+01  -1.1163E+02  -2.1798E+00  -6.3302E-02   3.2992E+00  -1.7837E-01  -5.1800E-03  -5.3994E-01
   1977.75   6.1399E+01  -3.0347E+01  -1.1161E+02  -1.8459E+00  -5.3259E-02   2.7927E+00  -1.5105E-01  -4.3582E-03  -4.5706E-01
   1977.83   6.0984E+01  -3.0587E+01  -1.1153E+02  -1.4681E+00  -4.1869E-02   2.2196E+00  -1.2014E-01  -3.4261E-03  -3.6326E-01
   1977.92   6.0593E+01  -3.0843E+01  -1.1140E+02  -1.0465E+00  -2.9131E-02   1.5798E+00  -8.5633E-02  -2.3838E-03  -2.5856E-01
   1978.00   6.0225E+01  -3.1116E+01  -1.1121E+02  -5.8092E-01  -1.5045E-02   8.7345E-01  -4.7537E-02  -1.2312E-03  -1.4295E-01
   1978.08   5.9867E+01  -3.1391E+01  -1.1099E+02  -1.1424E-01  -9.0660E-04   1.6527E-01  -9.3483E-03  -7.4188E-05  -2.7048E-02
   1978.17   5.9506E+01  -3.1650E+01  -1.1078E+02   3.1081E-01   1.1990E-02  -4.7983E-01   2.5433E-02   9.8115E-04   7.8529E-02
   1978.25   5.9141E+01  -3.1895E+01  -1.1059E+02   6.9422E-01   2.3645E-02  -1.0618E+00   5.6808E-02   1.9349E-03   1.7378E-01
   1978.33   5.8772E+01  -3.2125E+01  -1.1040E+02   1.0360E+00   3.4058E-02  -1.5808E+00   8.4776E-02   2.7870E-03   2.5871E-01
   1978.42   5.8400E+01  -3.2340E+01  -1.1022E+02   1.3361E+00   4.3229E-02  -2.0366E+00   1.0934E-01   3.5374E-03   3.3331E-01
   1978.50   5.8024E+01  -3.2540E+01  -1.1006E+02   1.5947E+00   5.1158E-02  -2.4293E+00   1.3049E-01   4.1863E-03   3.9759E-01
   1978.58   5.7645E+01  -3.2726E+01  -1.0990E+02   1.8115E+00   5.7846E-02  -2.7590E+00   1.4824E-01   4.7335E-03   4.5154E-01
   1978.67   5.7263E+01  -3.2897E+01  -1.0975E+02   1.9868E+00   6.3291E-02  -3.0256E+00   1.6258E-01   5.1791E-03   4.9516E-01
   1978.75   5.6877E+01  -3.3053E+01  -1.0962E+02   2.1204E+00   6.7495E-02  -3.2290E+00   1.7351E-01   5.5231E-03   5.2847E-01
   1978.83   5.6487E+01  -3.3194E+01  -1.0949E+02   2.2124E+00   7.0456E-02  -3.3694E+00   1.8104E-01   5.7655E-03   5.5144E-01
   1978.92   5.6094E+01  -3.3320E+01  -1.0937E+02   2.2627E+00   7.2176E-02  -3.4467E+00   1.8516E-01   5.9062E-03   5.6410E-01
   1979.00   5.5697E+01  -3.3432E+01  -1.0926E+02   2.2714E+00   7.2654E-02  -3.4610E+00   1.8587E-01   5.9453E-03   5.6642E-01
   1979.08   5.5297E+01  -3.3529E+01  -1.0917E+02   2.2385E+00   7.1890E-02  -3.4121E+00   1.8318E-01   5.8828E-03   5.5843E-01
   1979.17   5.4893E+01  -3.3611E+01  -1.0908E+02   2.1639E+00   6.9884E-02  -3.3001E+00   1.7708E-01   5.7187E-03   5.4010E-01
   1979.25   5.4486E+01  -3.3678E+01  -1.0900E+02   2.0477E+00   6.6637E-02  -3.1251E+00   1.6757E-01   5.4529E-03   5.1146E-01
   1979.33   5.4075E+01  -3.3731E+01  -1.0893E+02   1.8899E+00   6.2147E-02  -2.8870E+00   1.5465E-01   5.0855E-03   4.7248E-01
   1979.42   5.3661E+01  -3.3769E+01  -1.0887E+02   1.6904E+00   5.6416E-02  -2.5858E+00   1.3833E-01   4.6165E-03   4.2319E-01
   1979.50   5.3243E+01  -3.3792E+01  -1.0883E+02   1.4494E+00   4.9443E-02  -2.2215E+00   1.1860E-01   4.0459E-03   3.6357E-01
   1979.58   5.2822E+01  -3.3800E+01  -1.0879E+02   1.1666E+00   4.1227E-02  -1.7941E+00   9.5465E-02   3.3737E-03   2.9362E-01
   1979.67   5.2397E+01  -3.3793E+01  -1.0876E+02   8.4226E-01   3.1770E-02  -1.3036E+00   6.8923E-02   2.5998E-03   2.1335E-01
   1979.75   5.1968E+01  -3.3772E+01  -1.0874E+02   4.7627E-01   2.1072E-02  -7.5002E-01   3.8973E-02   1.7243E-03   1.2275E-01
   1979.83   5.1537E+01  -3.3736E+01  -1.0873E+02   6.8640E-02   9.1308E-03  -1.3337E-01   5.6168E-03   7.4718E-04   2.1827E-02
   1979.92   5.1101E+01  -3.3685E+01  -1.0873E+02  -3.8062E-01  -4.0518E-03   5.4637E-01  -3.1147E-02  -3.3156E-04  -8.9419E-02
   1980.00   5.0662E+01  -3.3619E+01  -1.0874E+02  -8.7152E-01  -1.8476E-02   1.2892E+00  -7.1317E-02  -1.5119E-03  -2.1099E-01
   1980.08   5.0230E+01  -3.3542E+01  -1.0875E+02  -1.3642E+00  -3.2966E-02   2.0347E+00  -1.1163E-01  -2.6976E-03  -3.3301E-01
   1980.17   4.9815E+01  -3.3457E+01  -1.0873E+02  -1.8188E+00  -4.6345E-02   2.7227E+00  -1.4883E-01  -3.7924E-03  -4.4559E-01
   1980.25   4.9416E+01  -3.3364E+01  -1.0868E+02  -2.2353E+00  -5.8613E-02   3.3529E+00  -1.8291E-01  -4.7963E-03  -5.4874E-01
   1980.33   4.9034E+01  -3.3263E+01  -1.0861E+02  -2.6137E+00  -6.9769E-02   3.9255E+00  -2.1388E-01  -5.7093E-03  -6.4246E-01
   1980.42   4.8670E+01  -3.3154E+01  -1.0851E+02  -2.9540E+00  -7.9815E-02   4.4405E+00  -2.4172E-01  -6.5313E-03  -7.2674E-01
   1980.50   4.8322E+01  -3.3037E+01  -1.0839E+02  -3.2562E+00  -8.8750E-02   4.8978E+00  -2.6645E-01  -7.2624E-03  -8.0158E-01
   1980.58   4.7990E+01  -3.2912E+01  -1.0824E+02  -3.5203E+00  -9.6573E-02   5.2975E+00  -2.8807E-01  -7.9026E-03  -8.6700E-01
   1980.67   4.7676E+01  -3.2780E+01  -1.0807E+02  -3.7463E+00  -1.0329E-01   5.6396E+00  -3.0656E-01  -8.4519E-03  -9.2298E-01
   1980.75   4.7379E+01  -3.2639E+01  -1.0787E+02  -3.9343E+00  -1.0889E-01   5.9240E+00  -3.2194E-01  -8.9102E-03  -9.6952E-01
   1980.83   4.7098E+01  -3.2490E+01  -1.0765E+02  -4.0841E+00  -1.1338E-01   6.1507E+00  -3.3421E-01  -9.2777E-03  -1.0066E+00
   1980.92   4.6834E+01  -3.2334E+01  -1.0740E+02  -4.1959E+00  -1.1676E-01   6.3199E+00  -3.4335E-01  -9.5542E-03  -1.0343E+00
   1981.00   4.6587E+01  -3.2169E+01  -1.0712E+02  -4.2696E+00  -1.1902E-01   6.4313E+00  -3.4938E-01  -9.7398E-03  -1.0526E+00
   1981.08   4.6357E+01  -3.1996E+01  -1.0682E+02  -4.3052E+00  -1.2018E-01   6.4852E+00  -3.5229E-01  -9.8344E-03  -1.0614E+00
   1981.17   4.6144E+01  -3.1816E+01  -1.0650E+02  -4.3027E+00  -1.2023E-01   6.4813E+00  -3.5209E-01  -9.8382E-03  -1.0607E+00
   1981.25   4.5948E+01  -3.1627E+01  -1.0615E+02  -4.2621E+00  -1.1916E-01   6.4199E+00  -3.4877E-01  -9.7510E-03  -1.0507E+00
   1981.33   4.5768E+01  -3.1431E+01  -1.0578E+02  -4.1834E+00  -1.1698E-01   6.3008E+00  -3.4233E-01  -9.5729E-03  -1.0312E+00
   1981.42   4.5606E+01  -3.1226E+01  -1.0538E+02  -4.0666E+00  -1.1370E-01   6.1240E+00  -3.3277E-01  -9.3039E-03  -1.0023E+00
   1981.50   4.5460E+01  -3.1014E+01  -1.0495E+02  -3.9118E+00  -1.0930E-01   5.8896E+00  -3.2010E-01  -8.9440E-03  -9.6390E-01
   1981.58   4.5331E+01  -3.0794E+01  -1.0450E+02  -3.7188E+00  -1.0379E-01   5.5976E+00  -3.0431E-01  -8.4931E-03  -9.1611E-01
   1981.67   4.5219E+01  -3.0565E+01  -1.0403E+02  -3.4878E+00  -9.7169E-02   5.2479E+00  -2.8540E-01  -7.9514E-03  -8.5888E-01
   1981.75   4.5124E+01  -3.0329E+01  -1.0353E+02  -3.2186E+00  -8.9437E-02   4.8406E+00  -2.6338E-01  -7.3187E-03  -7.9222E-01
   1981.83   4.5046E+01  -3.0085E+01  -1.0300E+02  -2.9114E+00  -8.0594E-02   4.3757E+00  -2.3824E-01  -6.5951E-03  -7.1612E-01
   1981.92   4.4984E+01  -2.9833E+01  -1.0245E+02  -2.5661E+00  -7.0640E-02   3.8531E+00  -2.0998E-01  -5.7805E-03  -6.3059E-01
   1982.00   4.4939E+01  -2.9572E+01  -1.0188E+02  -2.1827E+00  -5.9575E-02   3.2728E+00  -1.7861E-01  -4.8751E-03  -5.3563E-01
   1982.08   4.4898E+01  -2.9312E+01  -1.0131E+02  -1.7881E+00  -4.8184E-02   2.6756E+00  -1.4632E-01  -3.9429E-03  -4.3790E-01
   1982.17   4.4848E+01  -2.9061E+01  -1.0078E+02  -1.4091E+00  -3.7252E-02   2.1022E+00  -1.1531E-01  -3.0483E-03  -3.4405E-01
   1982.25   4.4789E+01  -2.8817E+01  -1.0030E+02  -1.0459E+00  -2.6778E-02   1.5526E+00  -8.5584E-02  -2.1912E-03  -2.5410E-01
   1982.33   4.4720E+01  -2.8582E+01  -9.9863E+01  -6.9827E-01  -1.6762E-02   1.0268E+00  -5.7140E-02  -1.3717E-03  -1.6805E-01
   1982.42   4.4642E+01  -2.8354E+01  -9.9466E+01  -3.6636E-01  -7.2055E-03   5.2475E-01  -2.9979E-02  -5.8963E-04  -8.5882E-02
   1982.50   4.4554E+01  -2.8136E+01  -9.9112E+01  -5.0113E-02   1.8926E-03   4.6494E-02  -4.1007E-03   1.5487E-04  -7.6093E-03
   1982.58   4.4457E+01  -2.7925E+01  -9.8801E+01   2.5046E-01   1.0532E-02  -4.0798E-01   2.0495E-02   8.6184E-04   6.6771E-02
   1982.67   4.4351E+01  -2.7722E+01  -9.8532E+01   5.3535E-01   1.8713E-02  -8.3868E-01   4.3808E-02   1.5313E-03   1.3726E-01
   1982.75   4.4235E+01  -2.7528E+01  -9.8306E+01   8.0457E-01   2.6435E-02  -1.2456E+00   6.5839E-02   2.1632E-03   2.0385E-01
   1982.83   4.4110E+01  -2.7342E+01  -9.8122E+01   1.0581E+00   3.3699E-02  -1.6287E+00   8.6587E-02   2.7576E-03   2.6656E-01
   1982.92   4.3976E+01  -2.7164E+01  -9.7981E+01   1.2960E+00   4.0504E-02  -1.9881E+00   1.0605E-01   3.3144E-03   3.2537E-01
   1983.00   4.3832E+01  -2.6994E+01  -9.7883E+01   1.5182E+00   4.6850E-02  -2.3236E+00   1.2423E-01   3.8338E-03   3.8028E-01
   1983.08   4.3680E+01  -2.6833E+01  -9.7827E+01   1.7247E+00   5.2738E-02  -2.6354E+00   1.4113E-01   4.3156E-03   4.3131E-01
   1983.17   4.3517E+01  -2.6680E+01  -9.7814E+01   1.9156E+00   5.8167E-02  -2.9234E+00   1.5675E-01   4.7598E-03   4.7844E-01
   1983.25   4.3346E+01  -2.6535E+01  -9.7843E+01   2.0908E+00   6.3137E-02  -3.1876E+00   1.7109E-01   5.1666E-03   5.2168E-01
   1983.33   4.3165E+01  -2.6398E+01  -9.7915E+01   2.2503E+00   6.7649E-02  -3.4280E+00   1.8414E-01   5.5358E-03   5.6103E-01
   1983.42   4.2975E+01  -2.6269E+01  -9.8030E+01   2.3941E+00   7.1703E-02  -3.6447E+00   1.9591E-01   5.8674E-03   5.9649E-01
   1983.50   4.2775E+01  -2.6149E+01  -9.8187E+01   2.5222E+00   7.5297E-02  -3.8375E+00   2.0640E-01   6.1616E-03   6.2805E-01
   1983.58   4.2566E+01  -2.6037E+01  -9.8387E+01   2.6347E+00   7.8433E-02  -4.0066E+00   2.1560E-01   6.4182E-03   6.5572E-01
   1983.67   4.2348E+01  -2.5933E+01  -9.8629E+01   2.7315E+00   8.1111E-02  -4.1519E+00   2.2352E-01   6.6373E-03   6.7950E-01
   1983.75   4.2120E+01  -2.5837E+01  -9.8914E+01   2.8127E+00   8.3329E-02  -4.2734E+00   2.3016E-01   6.8189E-03   6.9939E-01
   1983.83   4.1883E+01  -2.5749E+01  -9.9242E+01   2.8781E+00   8.5089E-02  -4.3711E+00   2.3552E-01   6.9629E-03   7.1538E-01
   1983.92   4.1637E+01  -2.5670E+01  -9.9612E+01   2.9279E+00   8.6391E-02  -4.4451E+00   2.3959E-01   7.0694E-03   7.2748E-01
   1984.00   4.1381E+01  -2.5599E+01  -1.0003E+02   2.9620E+00   8.7234E-02  -4.4952E+00   2.4238E-01   7.1384E-03   7.3569E-01
   1984.08   4.1124E+01  -2.5528E+01  -1.0045E+02   2.9877E+00   8.7832E-02  -4.5326E+00   2.4449E-01   7.1873E-03   7.4181E-01
   1984.17   4.0874E+01  -2.5450E+01  -1.0087E+02   3.0123E+00   8.8398E-02  -4.5683E+00   2.4650E-01   7.2337E-03   7.4765E-01
   1984.25   4.0629E+01  -2.5363E+01  -1.0127E+02   3.0357E+00   8.8934E-02  -4.6023E+00   2.4841E-01   7.2775E-03   7.5321E-01
   1984.33   4.0391E+01  -2.5270E+01  -1.0165E+02   3.0580E+00   8.9438E-02  -4.6345E+00   2.5023E-01   7.3187E-03   7.5849E-01
   1984.42   4.0159E+01  -2.5168E+01  -1.0203E+02   3.0791E+00   8.9911E-02  -4.6651E+00   2.5196E-01   7.3574E-03   7.6349E-01
   1984.50   3.9934E+01  -2.5059E+01  -1.0239E+02   3.0990E+00   9.0352E-02  -4.6939E+00   2.5359E-01   7.3936E-03   7.6820E-01
   1984.58   3.9714E+01  -2.4942E+01  -1.0273E+02   3.1178E+00   9.0763E-02  -4.7210E+00   2.5513E-01   7.4271E-03   7.7264E-01
   1984.67   3.9502E+01  -2.4817E+01  -1.0306E+02   3.1355E+00   9.1142E-02  -4.7463E+00   2.5658E-01   7.4582E-03   7.7679E-01
   1984.75   3.9295E+01  -2.4685E+01  -1.0338E+02   3.1520E+00   9.1489E-02  -4.7700E+00   2.5793E-01   7.4866E-03   7.8066E-01
   1984.83   3.9095E+01  -2.4545E+01  -1.0369E+02   3.1674E+00   9.1806E-02  -4.7919E+00   2.5919E-01   7.5125E-03   7.8425E-01
   1984.92   3.8901E+01  -2.4397E+01  -1.0398E+02   3.1816E+00   9.2091E-02  -4.8122E+00   2.6035E-01   7.5359E-03   7.8756E-01
   1985.00   3.8713E+01  -2.4241E+01  -1.0426E+02   3.1947E+00   9.2345E-02  -4.8307E+00   2.6142E-01   7.5566E-03   7.9059E-01
   1985.08   3.8532E+01  -2.4078E+01  -1.0452E+02   3.2066E+00   9.2568E-02  -4.8475E+00   2.6240E-01   7.5749E-03   7.9334E-01
   1985.17   3.8357E+01  -2.3907E+01  -1.0477E+02   3.2174E+00   9.2759E-02  -4.8625E+00   2.6328E-01   7.5905E-03   7.9580E-01
   1985.25   3.8188E+01  -2.3729E+01  -1.0501E+02   3.2270E+00   9.2919E-02  -4.8759E+00   2.6407E-01   7.6036E-03   7.9799E-01
   1985.33   3.8026E+01  -2.3543E+01  -1.0523E+02   3.2355E+00   9.3048E-02  -4.8875E+00   2.6476E-01   7.6142E-03   7.9989E-01
   1985.42   3.7870E+01  -2.3349E+01  -1.0544E+02   3.2429E+00   9.3146E-02  -4.8974E+00   2.6536E-01   7.6222E-03   8.0151E-01
   1985.50   3.7720E+01  -2.3147E+01  -1.0564E+02   3.2490E+00   9.3212E-02  -4.9056E+00   2.6587E-01   7.6276E-03   8.0285E-01
   1985.58   3.7577E+01  -2.2938E+01  -1.0582E+02   3.2541E+00   9.3247E-02  -4.9121E+00   2.6628E-01   7.6305E-03   8.0391E-01
   1985.67   3.7440E+01  -2.2721E+01  -1.0599E+02   3.2580E+00   9.3251E-02  -4.9168E+00   2.6660E-01   7.6308E-03   8.0469E-01
   1985.75   3.7309E+01  -2.2496E+01  -1.0615E+02   3.2607E+00   9.3224E-02  -4.9199E+00   2.6683E-01   7.6285E-03   8.0519E-01
   1985.83   3.7184E+01  -2.2264E+01  -1.0629E+02   3.2623E+00   9.3165E-02  -4.9212E+00   2.6696E-01   7.6237E-03   8.0540E-01
   1985.92   3.7066E+01  -2.2024E+01  -1.0642E+02   3.2628E+00   9.3075E-02  -4.9208E+00   2.6699E-01   7.6163E-03   8.0534E-01
   1986.00   3.6954E+01  -2.1776E+01  -1.0653E+02   3.2621E+00   9.2954E-02  -4.9187E+00   2.6694E-01   7.6064E-03   8.0499E-01
   1986.08   3.6844E+01  -2.1531E+01  -1.0664E+02   3.2500E+00   9.2532E-02  -4.8996E+00   2.6595E-01   7.5719E-03   8.0187E-01
   1986.17   3.6731E+01  -2.1300E+01  -1.0673E+02   3.2164E+00   9.1540E-02  -4.8482E+00   2.6320E-01   7.4908E-03   7.9346E-01
   1986.25   3.6614E+01  -2.1082E+01  -1.0681E+02   3.1612E+00   8.9979E-02  -4.7646E+00   2.5868E-01   7.3630E-03   7.7978E-01
   1986.33   3.6494E+01  -2.0878E+01  -1.0689E+02   3.0844E+00   8.7848E-02  -4.6487E+00   2.5240E-01   7.1886E-03   7.6081E-01
   1986.42   3.6371E+01  -2.0687E+01  -1.0696E+02   2.9861E+00   8.5147E-02  -4.5006E+00   2.4435E-01   6.9676E-03   7.3657E-01
   1986.50   3.6244E+01  -2.0510E+01  -1.0701E+02   2.8662E+00   8.1877E-02  -4.3202E+00   2.3454E-01   6.7000E-03   7.0705E-01
   1986.58   3.6114E+01  -2.0346E+01  -1.0706E+02   2.7247E+00   7.8037E-02  -4.1076E+00   2.2297E-01   6.3858E-03   6.7225E-01
   1986.67   3.5981E+01  -2.0196E+01  -1.0710E+02   2.5617E+00   7.3627E-02  -3.8627E+00   2.0962E-01   6.0249E-03   6.3217E-01
   1986.75   3.5845E+01  -2.0060E+01  -1.0713E+02   2.3771E+00   6.8648E-02  -3.5856E+00   1.9452E-01   5.6175E-03   5.8682E-01
   1986.83   3.5706E+01  -1.9937E+01  -1.0715E+02   2.1709E+00   6.3098E-02  -3.2762E+00   1.7764E-01   5.1634E-03   5.3618E-01
   1986.92   3.5563E+01  -1.9827E+01  -1.0716E+02   1.9431E+00   5.6979E-02  -2.9345E+00   1.5901E-01   4.6626E-03   4.8027E-01
   1987.00   3.5417E+01  -1.9731E+01  -1.0716E+02   1.6938E+00   5.0291E-02  -2.5606E+00   1.3861E-01   4.1153E-03   4.1907E-01
   1987.08   3.5268E+01  -1.9649E+01  -1.0715E+02   1.4229E+00   4.3032E-02  -2.1545E+00   1.1644E-01   3.5213E-03   3.5260E-01
   1987.17   3.5116E+01  -1.9580E+01  -1.0713E+02   1.1305E+00   3.5204E-02  -1.7161E+00   9.2507E-02   2.8808E-03   2.8085E-01
   1987.25   3.4960E+01  -1.9525E+01  -1.0710E+02   8.1645E-01   2.6806E-02  -1.2454E+00   6.6810E-02   2.1936E-03   2.0382E-01
   1987.33   3.4801E+01  -1.9483E+01  -1.0707E+02   4.8085E-01   1.7838E-02  -7.4248E-01   3.9348E-02   1.4597E-03   1.2152E-01
   1987.42   3.4639E+01  -1.9455E+01  -1.0702E+02   1.2369E-01   8.3012E-03  -2.0731E-01   1.0121E-02   6.7929E-04   3.3929E-02
   1987.50   3.4473E+01  -1.9440E+01  -1.0697E+02  -2.5505E-01  -1.8059E-03   3.6011E-01  -2.0871E-02  -1.4778E-04  -5.8936E-02
   1987.58   3.4305E+01  -1.9439E+01  -1.0690E+02  -6.5535E-01  -1.2483E-02   9.5979E-01  -5.3628E-02  -1.0215E-03  -1.5708E-01
   1987.67   3.4133E+01  -1.9451E+01  -1.0683E+02  -1.0772E+00  -2.3729E-02   1.5917E+00  -8.8150E-02  -1.9418E-03  -2.6050E-01
   1987.75   3.3958E+01  -1.9477E+01  -1.0674E+02  -1.5207E+00  -3.5545E-02   2.2559E+00  -1.2444E-01  -2.9087E-03  -3.6920E-01
   1987.83   3.3780E+01  -1.9517E+01  -1.0665E+02  -1.9857E+00  -4.7931E-02   2.9524E+00  -1.6249E-01  -3.9222E-03  -4.8319E-01
   1987.92   3.3598E+01  -1.9569E+01  -1.0655E+02  -2.4723E+00  -6.0887E-02   3.6811E+00  -2.0231E-01  -4.9824E-03  -6.0244E-01
   1988.00   3.3413E+01  -1.9636E+01  -1.0644E+02  -2.9804E+00  -7.4412E-02   4.4420E+00  -2.4389E-01  -6.0892E-03  -7.2698E-01
   1988.08   3.3230E+01  -1.9709E+01  -1.0632E+02  -3.4775E+00  -8.7640E-02   5.1863E+00  -2.8456E-01  -7.1716E-03  -8.4880E-01
   1988.17   3.3054E+01  -1.9781E+01  -1.0620E+02  -3.9308E+00  -9.9702E-02   5.8651E+00  -3.2166E-01  -8.1587E-03  -9.5989E-01
   1988.25   3.2884E+01  -1.9852E+01  -1.0608E+02  -4.3403E+00  -1.1060E-01   6.4784E+00  -3.5517E-01  -9.0504E-03  -1.0603E+00
   1988.33   3.2720E+01  -1.9923E+01  -1.0595E+02  -4.7061E+00  -1.2033E-01   7.0261E+00  -3.8510E-01  -9.8467E-03  -1.1499E+00
   1988.42   3.2563E+01  -1.9993E+01  -1.0582E+02  -5.0281E+00  -1.2890E-01   7.5083E+00  -4.1145E-01  -1.0548E-02  -1.2288E+00
   1988.50   3.2413E+01  -2.0062E+01  -1.0569E+02  -5.3063E+00  -1.3630E-01   7.9250E+00  -4.3422E-01  -1.1153E-02  -1.2970E+00
   1988.58   3.2270E+01  -2.0130E+01  -1.0556E+02  -5.5408E+00  -1.4253E-01   8.2762E+00  -4.5341E-01  -1.1664E-02  -1.3545E+00
   1988.67   3.2133E+01  -2.0198E+01  -1.0542E+02  -5.7316E+00  -1.4761E-01   8.5618E+00  -4.6902E-01  -1.2079E-02  -1.4012E+00
   1988.75   3.2002E+01  -2.0264E+01  -1.0528E+02  -5.8785E+00  -1.5151E-01   8.7819E+00  -4.8104E-01  -1.2398E-02  -1.4373E+00
   1988.83   3.1878E+01  -2.0330E+01  -1.0514E+02  -5.9817E+00  -1.5425E-01   8.9365E+00  -4.8949E-01  -1.2622E-02  -1.4626E+00
   1988.92   3.1761E+01  -2.0396E+01  -1.0499E+02  -6.0412E+00  -1.5583E-01   9.0256E+00  -4.9435E-01  -1.2751E-02  -1.4771E+00
   1989.00   3.1650E+01  -2.0460E+01  -1.0484E+02  -6.0569E+00  -1.5624E-01   9.0491E+00  -4.9564E-01  -1.2785E-02  -1.4810E+00
   1989.08   3.1546E+01  -2.0524E+01  -1.0469E+02  -6.0288E+00  -1.5548E-01   9.0071E+00  -4.9334E-01  -1.2723E-02  -1.4741E+00
   1989.17   3.1449E+01  -2.0587E+01  -1.0454E+02  -5.9570E+00  -1.5356E-01   8.8996E+00  -4.8746E-01  -1.2566E-02  -1.4565E+00
   1989.25   3.1358E+01  -2.0649E+01  -1.0438E+02  -5.8414E+00  -1.5047E-01   8.7265E+00  -4.7800E-01  -1.2313E-02  -1.4282E+00
   1989.33   3.1274E+01  -2.0710E+01  -1.0422E+02  -5.6821E+00  -1.4622E-01   8.4880E+00  -4.6496E-01  -1.1965E-02  -1.3891E+00
   1989.42   3.1196E+01  -2.0771E+01  -1.0406E+02  -5.4789E+00  -1.4081E-01   8.1839E+00  -4.4834E-01  -1.1522E-02  -1.3394E+00
   1989.50   3.1125E+01  -2.0831E+01  -1.0389E+02  -5.2321E+00  -1.3422E-01   7.8143E+00  -4.2814E-01  -1.0984E-02  -1.2789E+00
   1989.58   3.1060E+01  -2.0890E+01  -1.0373E+02  -4.9415E+00  -1.2648E-01   7.3791E+00  -4.0436E-01  -1.0350E-02  -1.2077E+00
   1989.67   3.1002E+01  -2.0948E+01  -1.0355E+02  -4.6071E+00  -1.1756E-01   6.8784E+00  -3.7700E-01  -9.6203E-03  -1.1257E+00
   1989.75   3.0951E+01  -2.1005E+01  -1.0338E+02  -4.2289E+00  -1.0749E-01   6.3122E+00  -3.4605E-01  -8.7957E-03  -1.0331E+00
   1989.83   3.0906E+01  -2.1062E+01  -1.0320E+02  -3.8070E+00  -9.6244E-02   5.6805E+00  -3.1153E-01  -7.8757E-03  -9.2968E-01
   1989.92   3.0868E+01  -2.1118E+01  -1.0302E+02  -3.3413E+00  -8.3836E-02   4.9833E+00  -2.7342E-01  -6.8603E-03  -8.1557E-01
   1990.00   3.0836E+01  -2.1173E+01  -1.0284E+02  -2.8319E+00  -7.0262E-02   4.2205E+00  -2.3174E-01  -5.7496E-03  -6.9073E-01
   1990.08   3.0813E+01  -2.1227E+01  -1.0266E+02  -2.3146E+00  -5.6479E-02   3.4460E+00  -1.8941E-01  -4.6217E-03  -5.6397E-01
   1990.17   3.0798E+01  -2.1279E+01  -1.0249E+02  -1.8254E+00  -4.3442E-02   2.7135E+00  -1.4938E-01  -3.5549E-03  -4.4409E-01
   1990.25   3.0792E+01  -2.1330E+01  -1.0232E+02  -1.3643E+00  -3.1152E-02   2.0230E+00  -1.1164E-01  -2.5492E-03  -3.3108E-01
   1990.33   3.0795E+01  -2.1378E+01  -1.0217E+02  -9.3127E-01  -1.9607E-02   1.3745E+00  -7.6206E-02  -1.6045E-03  -2.2495E-01
   1990.42   3.0807E+01  -2.1425E+01  -1.0202E+02  -5.2629E-01  -8.8092E-03   7.6803E-01  -4.3066E-02  -7.2086E-04  -1.2570E-01
   1990.50   3.0828E+01  -2.1470E+01  -1.0188E+02  -1.4938E-01   1.2428E-03   2.0359E-01  -1.2224E-02   1.0170E-04  -3.3320E-02
   1990.58   3.0858E+01  -2.1513E+01  -1.0175E+02   1.9944E-01   1.0549E-02  -3.1884E-01   1.6321E-02   8.6320E-04   5.2181E-02
   1990.67   3.0897E+01  -2.1554E+01  -1.0163E+02   5.2020E-01   1.9108E-02  -7.9925E-01   4.2568E-02   1.5636E-03   1.3081E-01
   1990.75   3.0945E+01  -2.1593E+01  -1.0152E+02   8.1288E-01   2.6922E-02  -1.2376E+00   6.6519E-02   2.2030E-03   2.0255E-01
   1990.83   3.1002E+01  -2.1631E+01  -1.0141E+02   1.0775E+00   3.3989E-02  -1.6340E+00   8.8172E-02   2.7813E-03   2.6742E-01
   1990.92   3.1068E+01  -2.1667E+01  -1.0131E+02   1.3140E+00   4.0310E-02  -1.9884E+00   1.0753E-01   3.2986E-03   3.2542E-01
   1991.00   3.1143E+01  -2.1701E+01  -1.0123E+02   1.5225E+00   4.5885E-02  -2.3007E+00   1.2459E-01   3.7548E-03   3.7654E-01
   1991.08   3.1227E+01  -2.1733E+01  -1.0114E+02   1.7029E+00   5.0714E-02  -2.5710E+00   1.3935E-01   4.1499E-03   4.2078E-01
   1991.17   3.1320E+01  -2.1763E+01  -1.0107E+02   1.8552E+00   5.4797E-02  -2.7994E+00   1.5181E-01   4.4840E-03   4.5815E-01
   1991.25   3.1422E+01  -2.1792E+01  -1.0101E+02   1.9794E+00   5.8133E-02  -2.9857E+00   1.6198E-01   4.7570E-03   4.8863E-01
   1991.33   3.1533E+01  -2.1818E+01  -1.0095E+02   2.0756E+00   6.0723E-02  -3.1299E+00   1.6985E-01   4.9690E-03   5.1225E-01
   1991.42   3.1653E+01  -2.1843E+01  -1.0090E+02   2.1437E+00   6.2567E-02  -3.2322E+00   1.7542E-01   5.1199E-03   5.2898E-01
   1991.50   3.1782E+01  -2.1866E+01  -1.0087E+02   2.1837E+00   6.3665E-02  -3.2924E+00   1.7869E-01   5.2097E-03   5.3884E-01
   1991.58   3.1920E+01  -2.1888E+01  -1.0083E+02   2.1957E+00   6.4017E-02  -3.3107E+00   1.7967E-01   5.2385E-03   5.4183E-01
   1991.67   3.2067E+01  -2.1907E+01  -1.0081E+02   2.1795E+00   6.3622E-02  -3.2869E+00   1.7835E-01   5.2062E-03   5.3793E-01
   1991.75   3.2222E+01  -2.1925E+01  -1.0080E+02   2.1353E+00   6.2481E-02  -3.2211E+00   1.7473E-01   5.1129E-03   5.2716E-01
   1991.83   3.2387E+01  -2.1941E+01  -1.0079E+02   2.0630E+00   6.0594E-02  -3.1132E+00   1.6882E-01   4.9585E-03   5.0951E-01
   1991.92   3.2561E+01  -2.1955E+01  -1.0079E+02   1.9627E+00   5.7961E-02  -2.9634E+00   1.6061E-01   4.7430E-03   4.8499E-01
   1992.00   3.2744E+01  -2.1967E+01  -1.0080E+02   1.8343E+00   5.4582E-02  -2.7715E+00   1.5010E-01   4.4665E-03   4.5359E-01
   1992.08   3.2933E+01  -2.1969E+01  -1.0083E+02   1.6988E+00   5.1001E-02  -2.5690E+00   1.3901E-01   4.1734E-03   4.2045E-01
   1992.17   3.3127E+01  -2.1951E+01  -1.0089E+02   1.5772E+00   4.7762E-02  -2.3873E+00   1.2906E-01   3.9084E-03   3.9070E-01
   1992.25   3.3325E+01  -2.1914E+01  -1.0097E+02   1.4696E+00   4.4866E-02  -2.2262E+00   1.2026E-01   3.6714E-03   3.6435E-01
   1992.33   3.3528E+01  -2.1858E+01  -1.0108E+02   1.3759E+00   4.2313E-02  -2.0859E+00   1.1259E-01   3.4625E-03   3.4139E-01
   1992.42   3.3735E+01  -2.1782E+01  -1.0122E+02   1.2961E+00   4.0102E-02  -1.9664E+00   1.0606E-01   3.2815E-03   3.2182E-01
   1992.50   3.3946E+01  -2.1688E+01  -1.0139E+02   1.2303E+00   3.8233E-02  -1.8675E+00   1.0068E-01   3.1286E-03   3.0564E-01
   1992.58   3.4162E+01  -2.1573E+01  -1.0159E+02   1.1784E+00   3.6707E-02  -1.7894E+00   9.6431E-02   3.0038E-03   2.9286E-01
   1992.67   3.4382E+01  -2.1440E+01  -1.0181E+02   1.1405E+00   3.5524E-02  -1.7320E+00   9.3325E-02   2.9069E-03   2.8347E-01
   1992.75   3.4606E+01  -2.1287E+01  -1.0207E+02   1.1164E+00   3.4683E-02  -1.6954E+00   9.1359E-02   2.8381E-03   2.7747E-01
   1992.83   3.4835E+01  -2.1115E+01  -1.0235E+02   1.1064E+00   3.4185E-02  -1.6795E+00   9.0534E-02   2.7974E-03   2.7487E-01
   1992.92   3.5068E+01  -2.0924E+01  -1.0266E+02   1.1102E+00   3.4029E-02  -1.6843E+00   9.0848E-02   2.7846E-03   2.7566E-01
   1993.00   3.5306E+01  -2.0713E+01  -1.0299E+02   1.1280E+00   3.4216E-02  -1.7099E+00   9.2303E-02   2.7999E-03   2.7984E-01
   1993.08   3.5548E+01  -2.0483E+01  -1.0336E+02   1.1597E+00   3.4745E-02  -1.7561E+00   9.4898E-02   2.8432E-03   2.8741E-01
   1993.17   3.5794E+01  -2.0234E+01  -1.0375E+02   1.2053E+00   3.5617E-02  -1.8232E+00   9.8634E-02   2.9145E-03   2.9838E-01
   1993.25   3.6045E+01  -1.9966E+01  -1.0417E+02   1.2649E+00   3.6831E-02  -1.9109E+00   1.0351E-01   3.0139E-03   3.1274E-01
   1993.33   3.6300E+01  -1.9678E+01  -1.0462E+02   1.3384E+00   3.8388E-02  -2.0194E+00   1.0952E-01   3.1413E-03   3.3050E-01
   1993.42   3.6559E+01  -1.9371E+01  -1.0509E+02   1.4259E+00   4.0287E-02  -2.1486E+00   1.1668E-01   3.2967E-03   3.5164E-01
   1993.50   3.6823E+01  -1.9044E+01  -1.0560E+02   1.5273E+00   4.2529E-02  -2.2985E+00   1.2498E-01   3.4802E-03   3.7618E-01
   1993.58   3.7091E+01  -1.8699E+01  -1.0613E+02   1.6426E+00   4.5114E-02  -2.4692E+00   1.3441E-01   3.6917E-03   4.0412E-01
   1993.67   3.7364E+01  -1.8334E+01  -1.0669E+02   1.7718E+00   4.8041E-02  -2.6606E+00   1.4499E-01   3.9312E-03   4.3544E-01
   1993.75   3.7641E+01  -1.7949E+01  -1.0728E+02   1.9150E+00   5.1310E-02  -2.8728E+00   1.5671E-01   4.1987E-03   4.7016E-01
   1993.83   3.7922E+01  -1.7546E+01  -1.0790E+02   2.0721E+00   5.4922E-02  -3.1056E+00   1.6956E-01   4.4943E-03   5.0827E-01
   1993.92   3.8208E+01  -1.7123E+01  -1.0854E+02   2.2432E+00   5.8877E-02  -3.3593E+00   1.8356E-01   4.8179E-03   5.4978E-01
   1994.00   3.8498E+01  -1.6680E+01  -1.0921E+02   2.4282E+00   6.3174E-02  -3.6336E+00   1.9870E-01   5.1696E-03   5.9468E-01
   1994.08   3.8790E+01  -1.6235E+01  -1.0990E+02   2.6117E+00   6.7441E-02  -3.9057E+00   2.1371E-01   5.5187E-03   6.3922E-01
   1994.17   3.9082E+01  -1.5802E+01  -1.1059E+02   2.7783E+00   7.1305E-02  -4.1528E+00   2.2735E-01   5.8349E-03   6.7965E-01
   1994.25   3.9373E+01  -1.5382E+01  -1.1127E+02   2.9279E+00   7.4766E-02  -4.3747E+00   2.3959E-01   6.1182E-03   7.1597E-01
   1994.33   3.9665E+01  -1.4974E+01  -1.1196E+02   3.0607E+00   7.7825E-02  -4.5716E+00   2.5046E-01   6.3684E-03   7.4819E-01
   1994.42   3.9956E+01  -1.4579E+01  -1.1265E+02   3.1766E+00   8.0480E-02  -4.7433E+00   2.5994E-01   6.5857E-03   7.7629E-01
   1994.50   4.0247E+01  -1.4196E+01  -1.1334E+02   3.2756E+00   8.2733E-02  -4.8899E+00   2.6804E-01   6.7701E-03   8.0029E-01
   1994.58   4.0537E+01  -1.3826E+01  -1.1402E+02   3.3576E+00   8.4583E-02  -5.0114E+00   2.7476E-01   6.9214E-03   8.2018E-01
   1994.67   4.0828E+01  -1.3469E+01  -1.1471E+02   3.4228E+00   8.6030E-02  -5.1079E+00   2.8009E-01   7.0398E-03   8.3596E-01
   1994.75   4.1118E+01  -1.3124E+01  -1.1540E+02   3.4711E+00   8.7074E-02  -5.1792E+00   2.8404E-01   7.1253E-03   8.4763E-01
   1994.83   4.1408E+01  -1.2792E+01  -1.1609E+02   3.5024E+00   8.7715E-02  -5.2254E+00   2.8661E-01   7.1777E-03   8.5519E-01
   1994.92   4.1697E+01  -1.2473E+01  -1.1678E+02   3.5169E+00   8.7953E-02  -5.2465E+00   2.8779E-01   7.1973E-03   8.5864E-01
   1995.00   4.1987E+01  -1.2166E+01  -1.1747E+02   3.5144E+00   8.7789E-02  -5.2425E+00   2.8759E-01   7.1838E-03   8.5799E-01
   1995.08   4.2276E+01  -1.1872E+01  -1.1816E+02   3.4951E+00   8.7222E-02  -5.2134E+00   2.8600E-01   7.1374E-03   8.5322E-01
   1995.17   4.2564E+01  -1.1590E+01  -1.1884E+02   3.4588E+00   8.6251E-02  -5.1592E+00   2.8304E-01   7.0580E-03   8.4435E-01
   1995.25   4.2853E+01  -1.1321E+01  -1.1953E+02   3.4056E+00   8.4878E-02  -5.0798E+00   2.7868E-01   6.9456E-03   8.3137E-01
   1995.33   4.3141E+01  -1.1064E+01  -1.2022E+02   3.3356E+00   8.3102E-02  -4.9754E+00   2.7295E-01   6.8003E-03   8.1428E-01
   1995.42   4.3429E+01  -1.0821E+01  -1.2091E+02   3.2486E+00   8.0924E-02  -4.8459E+00   2.6583E-01   6.6220E-03   7.9308E-01
   1995.50   4.3717E+01  -1.0589E+01  -1.2160E+02   3.1447E+00   7.8342E-02  -4.6912E+00   2.5733E-01   6.4108E-03   7.6777E-01
   1995.58   4.4005E+01  -1.0371E+01  -1.2230E+02   3.0239E+00   7.5358E-02  -4.5115E+00   2.4745E-01   6.1665E-03   7.3836E-01
   1995.67   4.4292E+01  -1.0165E+01  -1.2299E+02   2.8862E+00   7.1970E-02  -4.3067E+00   2.3618E-01   5.8894E-03   7.0483E-01
   1995.75   4.4579E+01  -9.9713E+00  -1.2368E+02   2.7316E+00   6.8180E-02  -4.0767E+00   2.2353E-01   5.5792E-03   6.6720E-01
   1995.83   4.4866E+01  -9.7905E+00  -1.2437E+02   2.5601E+00   6.3987E-02  -3.8217E+00   2.0950E-01   5.2361E-03   6.2546E-01
   1995.92   4.5152E+01  -9.6223E+00  -1.2506E+02   2.3717E+00   5.9391E-02  -3.5415E+00   1.9408E-01   4.8600E-03   5.7961E-01
   1996.00   4.5439E+01  -9.4667E+00  -1.2575E+02   2.1664E+00   5.4392E-02  -3.2362E+00   1.7728E-01   4.4510E-03   5.2965E-01
   1996.08   4.5720E+01  -9.3215E+00  -1.2644E+02   1.9520E+00   4.9187E-02  -2.9176E+00   1.5973E-01   4.0250E-03   4.7749E-01
   1996.17   4.5991E+01  -9.1844E+00  -1.2711E+02   1.7364E+00   4.3973E-02  -2.5972E+00   1.4209E-01   3.5983E-03   4.2506E-01
   1996.25   4.6253E+01  -9.0554E+00  -1.2776E+02   1.5195E+00   3.8748E-02  -2.2750E+00   1.2434E-01   3.1708E-03   3.7234E-01
   1996.33   4.6505E+01  -8.9344E+00  -1.2840E+02   1.3013E+00   3.3514E-02  -1.9512E+00   1.0649E-01   2.7424E-03   3.1934E-01
   1996.42   4.6747E+01  -8.8216E+00  -1.2903E+02   1.0819E+00   2.8269E-02  -1.6256E+00   8.8534E-02   2.3133E-03   2.6605E-01
   1996.50   4.6980E+01  -8.7169E+00  -1.2964E+02   8.6126E-01   2.3016E-02  -1.2983E+00   7.0477E-02   1.8834E-03   2.1249E-01
   1996.58   4.7203E+01  -8.6204E+00  -1.3024E+02   6.3936E-01   1.7752E-02  -9.6934E-01   5.2319E-02   1.4527E-03   1.5864E-01
   1996.67   4.7416E+01  -8.5319E+00  -1.3082E+02   4.1620E-01   1.2479E-02  -6.3860E-01   3.4058E-02   1.0211E-03   1.0451E-01
   1996.75   4.7619E+01  -8.4515E+00  -1.3139E+02   1.9179E-01   7.1954E-03  -3.0614E-01   1.5694E-02   5.8880E-04   5.0104E-02
   1996.83   4.7812E+01  -8.3792E+00  -1.3194E+02  -3.3874E-02   1.9025E-03   2.8035E-02  -2.7719E-03   1.5568E-04  -4.5882E-03
   1996.92   4.7996E+01  -8.3150E+00  -1.3248E+02  -2.6079E-01  -3.4002E-03   3.6394E-01  -2.1340E-02  -2.7824E-04  -5.9562E-02
   1997.00   4.8170E+01  -8.2590E+00  -1.3301E+02  -4.8896E-01  -8.7127E-03   7.0156E-01  -4.0012E-02  -7.1296E-04  -1.1482E-01
   1997.08   4.8334E+01  -8.2110E+00  -1.3351E+02  -7.1838E-01  -1.4035E-02   1.0409E+00  -5.8785E-02  -1.1485E-03  -1.7036E-01
   1997.17   4.8489E+01  -8.1712E+00  -1.3401E+02  -9.4905E-01  -1.9367E-02   1.3820E+00  -7.7661E-02  -1.5848E-03  -2.2618E-01
   1997.25   4.8634E+01  -8.1394E+00  -1.3449E+02  -1.1810E+00  -2.4709E-02   1.7248E+00  -9.6640E-02  -2.0219E-03  -2.8228E-01
   1997.33   4.8769E+01  -8.1158E+00  -1.3496E+02  -1.4142E+00  -3.0060E-02   2.0693E+00  -1.1572E-01  -2.4598E-03  -3.3866E-01
   1997.42   4.8894E+01  -8.1002E+00  -1.3541E+02  -1.6486E+00  -3.5421E-02   2.4155E+00  -1.3490E-01  -2.8985E-03  -3.9533E-01
   1997.50   4.9009E+01  -8.0928E+00  -1.3584E+02  -1.8843E+00  -4.0792E-02   2.7635E+00  -1.5419E-01  -3.3381E-03  -4.5227E-01
   1997.58   4.9115E+01  -8.0935E+00  -1.3627E+02  -2.1212E+00  -4.6173E-02   3.1132E+00  -1.7358E-01  -3.7784E-03  -5.0950E-01
   1997.67   4.9211E+01  -8.1022E+00  -1.3667E+02  -2.3594E+00  -5.1564E-02   3.4646E+00  -1.9307E-01  -4.2195E-03  -5.6702E-01
   1997.75   4.9297E+01  -8.1191E+00  -1.3707E+02  -2.5988E+00  -5.6964E-02   3.8177E+00  -2.1266E-01  -4.6614E-03  -6.2481E-01
   1997.83   4.9374E+01  -8.1441E+00  -1.3744E+02  -2.8395E+00  -6.2374E-02   4.1726E+00  -2.3236E-01  -5.1041E-03  -6.8288E-01
   1997.92   4.9440E+01  -8.1772E+00  -1.3781E+02  -3.0815E+00  -6.7794E-02   4.5291E+00  -2.5216E-01  -5.5476E-03  -7.4124E-01
   1998.00   4.9497E+01  -8.2184E+00  -1.3816E+02  -3.3247E+00  -7.3224E-02   4.8874E+00  -2.7206E-01  -5.9919E-03  -7.9988E-01
   1998.08   4.9549E+01  -8.2534E+00  -1.3849E+02  -3.5541E+00  -7.8334E-02   5.2254E+00  -2.9083E-01  -6.4101E-03  -8.5519E-01
   1998.17   4.9601E+01  -8.2680E+00  -1.3881E+02  -3.7547E+00  -8.2797E-02   5.5208E+00  -3.0725E-01  -6.7753E-03  -9.0355E-01
   1998.25   4.9653E+01  -8.2622E+00  -1.3911E+02  -3.9265E+00  -8.6612E-02   5.7739E+00  -3.2131E-01  -7.0875E-03  -9.4496E-01
   1998.33   4.9704E+01  -8.2359E+00  -1.3940E+02  -4.0695E+00  -8.9779E-02   5.9845E+00  -3.3301E-01  -7.3467E-03  -9.7942E-01
   1998.42   4.9756E+01  -8.1892E+00  -1.3966E+02  -4.1837E+00  -9.2299E-02   6.1526E+00  -3.4235E-01  -7.5528E-03  -1.0069E+00
   1998.50   4.9807E+01  -8.1221E+00  -1.3992E+02  -4.2691E+00  -9.4170E-02   6.2783E+00  -3.4934E-01  -7.7060E-03  -1.0275E+00
   1998.58   4.9858E+01  -8.0345E+00  -1.4015E+02  -4.3257E+00  -9.5394E-02   6.3615E+00  -3.5397E-01  -7.8061E-03  -1.0411E+00
   1998.67   4.9908E+01  -7.9265E+00  -1.4037E+02  -4.3534E+00  -9.5970E-02   6.4023E+00  -3.5624E-01  -7.8533E-03  -1.0478E+00
   1998.75   4.9959E+01  -7.7980E+00  -1.4058E+02  -4.3524E+00  -9.5898E-02   6.4006E+00  -3.5616E-01  -7.8474E-03  -1.0475E+00
   1998.83   5.0009E+01  -7.6491E+00  -1.4077E+02  -4.3226E+00  -9.5178E-02   6.3565E+00  -3.5372E-01  -7.7885E-03  -1.0403E+00
   1998.92   5.0059E+01  -7.4798E+00  -1.4094E+02  -4.2639E+00  -9.3811E-02   6.2699E+00  -3.4892E-01  -7.6766E-03  -1.0261E+00
   1999.00   5.0109E+01  -7.2900E+00  -1.4110E+02  -4.1765E+00  -9.1796E-02   6.1409E+00  -3.4176E-01  -7.5117E-03  -1.0050E+00
   1999.08   5.0159E+01  -7.0798E+00  -1.4124E+02  -4.0603E+00  -8.9133E-02   5.9695E+00  -3.3225E-01  -7.2938E-03  -9.7697E-01
   1999.17   5.0208E+01  -6.8492E+00  -1.4136E+02  -3.9152E+00  -8.5822E-02   5.7555E+00  -3.2038E-01  -7.0228E-03  -9.4196E-01
   1999.25   5.0258E+01  -6.5981E+00  -1.4147E+02  -3.7413E+00  -8.1863E-02   5.4992E+00  -3.0616E-01  -6.6989E-03  -9.0000E-01
   1999.33   5.0307E+01  -6.3266E+00  -1.4156E+02  -3.5387E+00  -7.7257E-02   5.2004E+00  -2.8957E-01  -6.3220E-03  -8.5109E-01
   1999.42   5.0356E+01  -6.0347E+00  -1.4163E+02  -3.3072E+00  -7.2003E-02   4.8591E+00  -2.7063E-01  -5.8920E-03  -7.9524E-01
   1999.50   5.0405E+01  -5.7223E+00  -1.4169E+02  -3.0469E+00  -6.6100E-02   4.4754E+00  -2.4933E-01  -5.4090E-03  -7.3244E-01
   1999.58   5.0453E+01  -5.3895E+00  -1.4174E+02  -2.7578E+00  -5.9551E-02   4.0492E+00  -2.2567E-01  -4.8730E-03  -6.6270E-01
   1999.67   5.0502E+01  -5.0362E+00  -1.4176E+02  -2.4399E+00  -5.2353E-02   3.5806E+00  -1.9966E-01  -4.2841E-03  -5.8600E-01
   1999.75   5.0550E+01  -4.6626E+00  -1.4177E+02  -2.0932E+00  -4.4507E-02   3.0695E+00  -1.7129E-01  -3.6421E-03  -5.0236E-01
   1999.83   5.0598E+01  -4.2684E+00  -1.4177E+02  -1.7177E+00  -3.6014E-02   2.5160E+00  -1.4056E-01  -2.9471E-03  -4.1177E-01
   1999.92   5.0646E+01  -3.8539E+00  -1.4175E+02  -1.3134E+00  -2.6873E-02   1.9200E+00  -1.0748E-01  -2.1990E-03  -3.1424E-01
   2000.00   5.0693E+01  -3.4189E+00  -1.4171E+02  -8.8032E-01  -1.7084E-02   1.2816E+00  -7.2037E-02  -1.3980E-03  -2.0975E-01
   2000.08   5.0738E+01  -2.9854E+00  -1.4166E+02  -4.5099E-01  -7.3751E-03   6.4874E-01  -3.6905E-02  -6.0351E-04  -1.0617E-01
   2000.17   5.0777E+01  -2.5756E+00  -1.4161E+02  -5.8016E-02   1.5271E-03   6.9350E-02  -4.7475E-03   1.2496E-04  -1.1350E-02
   2000.25   5.0811E+01  -2.1893E+00  -1.4155E+02   2.9859E-01   9.6222E-03  -4.5654E-01   2.4434E-02   7.8739E-04   7.4717E-02
   2000.33   5.0838E+01  -1.8266E+00  -1.4148E+02   6.1884E-01   1.6910E-02  -9.2893E-01   5.0640E-02   1.3838E-03   1.5203E-01
   2000.42   5.0860E+01  -1.4875E+00  -1.4141E+02   9.0272E-01   2.3391E-02  -1.3478E+00   7.3870E-02   1.9141E-03   2.2058E-01
   2000.50   5.0877E+01  -1.1720E+00  -1.4133E+02   1.1502E+00   2.9065E-02  -1.7132E+00   9.4125E-02   2.3784E-03   2.8038E-01
   2000.58   5.0888E+01  -8.8003E-01  -1.4125E+02   1.3614E+00   3.3932E-02  -2.0251E+00   1.1140E-01   2.7767E-03   3.3143E-01
   2000.67   5.0893E+01  -6.1165E-01  -1.4117E+02   1.5362E+00   3.7992E-02  -2.2835E+00   1.2571E-01   3.1089E-03   3.7371E-01
   2000.75   5.0892E+01  -3.6684E-01  -1.4108E+02   1.6746E+00   4.1244E-02  -2.4883E+00   1.3703E-01   3.3750E-03   4.0724E-01
   2000.83   5.0886E+01  -1.4562E-01  -1.4098E+02   1.7767E+00   4.3690E-02  -2.6397E+00   1.4539E-01   3.5752E-03   4.3202E-01
   2000.92   5.0874E+01   5.2031E-02  -1.4088E+02   1.8424E+00   4.5329E-02  -2.7376E+00   1.5076E-01   3.7093E-03   4.4804E-01
   2001.00   5.0856E+01   2.2610E-01  -1.4077E+02   1.8717E+00   4.6160E-02  -2.7820E+00   1.5316E-01   3.7773E-03   4.5530E-01
   2001.08   5.0833E+01   3.7660E-01  -1.4065E+02   1.8647E+00   4.6185E-02  -2.7729E+00   1.5259E-01   3.7793E-03   4.5381E-01
   2001.17   5.0804E+01   5.0351E-01  -1.4053E+02   1.8213E+00   4.5402E-02  -2.7102E+00   1.4904E-01   3.7153E-03   4.4356E-01
   2001.25   5.0769E+01   6.0685E-01  -1.4041E+02   1.7416E+00   4.3812E-02  -2.5941E+00   1.4251E-01   3.5852E-03   4.2456E-01
   2001.33   5.0729E+01   6.8661E-01  -1.4028E+02   1.6255E+00   4.1416E-02  -2.4245E+00   1.3301E-01   3.3891E-03   3.9680E-01
   2001.42   5.0683E+01   7.4279E-01  -1.4015E+02   1.4730E+00   3.8212E-02  -2.2014E+00   1.2054E-01   3.1269E-03   3.6028E-01
   2001.50   5.0631E+01   7.7540E-01  -1.4001E+02   1.2842E+00   3.4201E-02  -1.9247E+00   1.0508E-01   2.7987E-03   3.1501E-01
   2001.58   5.0574E+01   7.8443E-01  -1.3986E+02   1.0590E+00   2.9383E-02  -1.5946E+00   8.6655E-02   2.4044E-03   2.6098E-01
   2001.67   5.0511E+01   7.6988E-01  -1.3971E+02   7.9739E-01   2.3758E-02  -1.2110E+00   6.5251E-02   1.9441E-03   1.9819E-01
   2001.75   5.0442E+01   7.3175E-01  -1.3955E+02   4.9947E-01   1.7326E-02  -7.7387E-01   4.0871E-02   1.4178E-03   1.2665E-01
   2001.83   5.0368E+01   6.7004E-01  -1.3939E+02   1.6518E-01   1.0087E-02  -2.8324E-01   1.3516E-02   8.2540E-04   4.6355E-02
   2001.92   5.0288E+01   5.8476E-01  -1.3922E+02  -2.0548E-01   2.0405E-03   2.6089E-01  -1.6814E-02   1.6698E-04  -4.2698E-02
   2002.00   5.0202E+01   4.7590E-01  -1.3905E+02  -6.1249E-01  -6.8127E-03   8.5852E-01  -5.0121E-02  -5.5749E-04  -1.4051E-01
   2002.08   5.0118E+01   3.6061E-01  -1.3888E+02  -1.0189E+00  -1.5665E-02   1.4553E+00  -8.3374E-02  -1.2819E-03  -2.3818E-01
   2002.17   5.0041E+01   2.5605E-01  -1.3872E+02  -1.3876E+00  -2.3709E-02   1.9969E+00  -1.1355E-01  -1.9401E-03  -3.2681E-01
   2002.25   4.9973E+01   1.6221E-01  -1.3858E+02  -1.7187E+00  -3.0943E-02   2.4832E+00  -1.4064E-01  -2.5321E-03  -4.0641E-01
   2002.33   4.9913E+01   7.9094E-02  -1.3845E+02  -2.0121E+00  -3.7369E-02   2.9144E+00  -1.6465E-01  -3.0579E-03  -4.7697E-01
   2002.42   4.9861E+01   6.7025E-03  -1.3833E+02  -2.2679E+00  -4.2986E-02   3.2903E+00  -1.8558E-01  -3.5175E-03  -5.3849E-01
   2002.50   4.9818E+01  -5.4966E-02  -1.3822E+02  -2.4860E+00  -4.7794E-02   3.6110E+00  -2.0343E-01  -3.9110E-03  -5.9098E-01
   2002.58   4.9782E+01  -1.0591E-01  -1.3813E+02  -2.6665E+00  -5.1793E-02   3.8765E+00  -2.1820E-01  -4.2382E-03  -6.3443E-01
   2002.67   4.9755E+01  -1.4613E-01  -1.3805E+02  -2.8094E+00  -5.4983E-02   4.0868E+00  -2.2989E-01  -4.4993E-03  -6.6885E-01
   2002.75   4.9735E+01  -1.7563E-01  -1.3798E+02  -2.9146E+00  -5.7365E-02   4.2419E+00  -2.3850E-01  -4.6942E-03  -6.9423E-01
   2002.83   4.9724E+01  -1.9440E-01  -1.3792E+02  -2.9821E+00  -5.8937E-02   4.3418E+00  -2.4403E-01  -4.8229E-03  -7.1058E-01
   2002.92   4.9721E+01  -2.0245E-01  -1.3788E+02  -3.0120E+00  -5.9701E-02   4.3864E+00  -2.4647E-01  -4.8853E-03  -7.1789E-01
   2003.00   4.9726E+01  -1.9977E-01  -1.3785E+02  -3.0043E+00  -5.9656E-02   4.3759E+00  -2.4584E-01  -4.8816E-03  -7.1616E-01
   2003.08   4.9740E+01  -1.8637E-01  -1.3783E+02  -2.9589E+00  -5.8802E-02   4.3101E+00  -2.4213E-01  -4.8118E-03  -7.0540E-01
   2003.17   4.9761E+01  -1.6225E-01  -1.3782E+02  -2.8758E+00  -5.7139E-02   4.1892E+00  -2.3533E-01  -4.6757E-03  -6.8560E-01
   2003.25   4.9791E+01  -1.2741E-01  -1.3783E+02  -2.7551E+00  -5.4667E-02   4.0130E+00  -2.2545E-01  -4.4734E-03  -6.5677E-01
   2003.33   4.9828E+01  -8.1835E-02  -1.3785E+02  -2.5968E+00  -5.1386E-02   3.7816E+00  -2.1250E-01  -4.2049E-03  -6.1890E-01
   2003.42   4.9874E+01  -2.5541E-02  -1.3788E+02  -2.4008E+00  -4.7297E-02   3.4950E+00  -1.9646E-01  -3.8703E-03  -5.7200E-01
   2003.50   4.9928E+01   4.1477E-02  -1.3792E+02  -2.1672E+00  -4.2398E-02   3.1532E+00  -1.7734E-01  -3.4694E-03  -5.1605E-01
   2003.58   4.9990E+01   1.1922E-01  -1.3798E+02  -1.8959E+00  -3.6691E-02   2.7562E+00  -1.5514E-01  -3.0024E-03  -4.5108E-01
   2003.67   5.0061E+01   2.0768E-01  -1.3805E+02  -1.5870E+00  -3.0175E-02   2.3039E+00  -1.2986E-01  -2.4692E-03  -3.7706E-01
   2003.75   5.0139E+01   3.0687E-01  -1.3813E+02  -1.2404E+00  -2.2850E-02   1.7965E+00  -1.0150E-01  -1.8698E-03  -2.9401E-01
   2003.83   5.0226E+01   4.1679E-01  -1.3823E+02  -8.5620E-01  -1.4716E-02   1.2338E+00  -7.0063E-02  -1.2042E-03  -2.0193E-01
   2003.92   5.0321E+01   5.3742E-01  -1.3833E+02  -4.3434E-01  -5.7728E-03   6.1596E-01  -3.5542E-02  -4.7239E-04  -1.0081E-01
   2004.00   5.0424E+01   6.6879E-01  -1.3845E+02   2.5175E-02   3.9789E-03  -5.7122E-02   2.0601E-03   3.2559E-04   9.3486E-03
   2004.08   5.0525E+01   8.0307E-01  -1.3857E+02   4.8814E-01   1.3812E-02  -7.3530E-01   3.9945E-02   1.1302E-03   1.2034E-01
   2004.17   5.0614E+01   9.3249E-01  -1.3866E+02   9.2037E-01   2.2999E-02  -1.3685E+00   7.5314E-02   1.8820E-03   2.2396E-01
   2004.25   5.0691E+01   1.0570E+00  -1.3873E+02   1.3219E+00   3.1540E-02  -1.9566E+00   1.0817E-01   2.5810E-03   3.2022E-01
   2004.33   5.0757E+01   1.1767E+00  -1.3878E+02   1.6926E+00   3.9436E-02  -2.4997E+00   1.3851E-01   3.2270E-03   4.0911E-01
   2004.42   5.0811E+01   1.2915E+00  -1.3881E+02   2.0326E+00   4.6685E-02  -2.9979E+00   1.6633E-01   3.8203E-03   4.9063E-01
   2004.50   5.0852E+01   1.4014E+00  -1.3881E+02   2.3419E+00   5.3288E-02  -3.4510E+00   1.9164E-01   4.3606E-03   5.6479E-01
   2004.58   5.0882E+01   1.5065E+00  -1.3880E+02   2.6204E+00   5.9246E-02  -3.8591E+00   2.1443E-01   4.8481E-03   6.3158E-01
   2004.67   5.0901E+01   1.6067E+00  -1.3876E+02   2.8682E+00   6.4557E-02  -4.2221E+00   2.3471E-01   5.2828E-03   6.9100E-01
   2004.75   5.0907E+01   1.7020E+00  -1.3869E+02   3.0852E+00   6.9223E-02  -4.5402E+00   2.5247E-01   5.6645E-03   7.4305E-01
   2004.83   5.0902E+01   1.7924E+00  -1.3861E+02   3.2715E+00   7.3242E-02  -4.8132E+00   2.6771E-01   5.9935E-03   7.8774E-01
   2004.92   5.0884E+01   1.8780E+00  -1.3850E+02   3.4271E+00   7.6616E-02  -5.0412E+00   2.8044E-01   6.2695E-03   8.2505E-01
   2005.00   5.0855E+01   1.9587E+00  -1.3837E+02   3.5519E+00   7.9344E-02  -5.2243E+00   2.9066E-01   6.4927E-03   8.5501E-01
   2005.08   5.0814E+01   2.0345E+00  -1.3822E+02   3.6460E+00   8.1426E-02  -5.3623E+00   2.9836E-01   6.6631E-03   8.7759E-01
   2005.17   5.0761E+01   2.1055E+00  -1.3805E+02   3.7094E+00   8.2861E-02  -5.4552E+00   3.0354E-01   6.7806E-03   8.9281E-01
   2005.25   5.0697E+01   2.1716E+00  -1.3786E+02   3.7420E+00   8.3651E-02  -5.5032E+00   3.0621E-01   6.8452E-03   9.0066E-01
   2005.33   5.0620E+01   2.2328E+00  -1.3764E+02   3.7439E+00   8.3795E-02  -5.5062E+00   3.0636E-01   6.8570E-03   9.0114E-01
   2005.42   5.0532E+01   2.2891E+00  -1.3740E+02   3.7150E+00   8.3293E-02  -5.4641E+00   3.0400E-01   6.8159E-03   8.9426E-01
   2005.50   5.0432E+01   2.3406E+00  -1.3714E+02   3.6554E+00   8.2145E-02  -5.3770E+00   2.9912E-01   6.7220E-03   8.8001E-01
   2005.58   5.0320E+01   2.3872E+00  -1.3686E+02   3.5650E+00   8.0351E-02  -5.2449E+00   2.9173E-01   6.5752E-03   8.5839E-01
   2005.67   5.0196E+01   2.4289E+00  -1.3655E+02   3.4439E+00   7.7911E-02  -5.0678E+00   2.8182E-01   6.3755E-03   8.2940E-01
   2005.75   5.0060E+01   2.4658E+00  -1.3622E+02   3.2921E+00   7.4825E-02  -4.8457E+00   2.6940E-01   6.1230E-03   7.9305E-01
   2005.83   4.9912E+01   2.4978E+00  -1.3587E+02   3.1096E+00   7.1093E-02  -4.5786E+00   2.5446E-01   5.8176E-03   7.4933E-01
   2005.92   4.9753E+01   2.5249E+00  -1.3550E+02   2.8962E+00   6.6716E-02  -4.2664E+00   2.3700E-01   5.4594E-03   6.9824E-01
   2006.00   4.9582E+01   2.5471E+00  -1.3511E+02   2.6522E+00   6.1692E-02  -3.9092E+00   2.1703E-01   5.0483E-03   6.3979E-01
   2006.08   4.9417E+01   2.5641E+00  -1.3471E+02   2.4019E+00   5.6522E-02  -3.5429E+00   1.9655E-01   4.6252E-03   5.7983E-01
   2006.17   4.9275E+01   2.5753E+00  -1.3433E+02   2.1699E+00   5.1706E-02  -3.2032E+00   1.7756E-01   4.2311E-03   5.2423E-01
   2006.25   4.9157E+01   2.5807E+00  -1.3398E+02   1.9562E+00   4.7243E-02  -2.8901E+00   1.6007E-01   3.8659E-03   4.7299E-01
   2006.33   4.9062E+01   2.5804E+00  -1.3364E+02   1.7607E+00   4.3134E-02  -2.6037E+00   1.4408E-01   3.5297E-03   4.2612E-01
   2006.42   4.8991E+01   2.5744E+00  -1.3332E+02   1.5835E+00   3.9379E-02  -2.3439E+00   1.2958E-01   3.2224E-03   3.8360E-01
   2006.50   4.8943E+01   2.5626E+00  -1.3302E+02   1.4245E+00   3.5978E-02  -2.1107E+00   1.1657E-01   2.9441E-03   3.4544E-01
   2006.58   4.8919E+01   2.5451E+00  -1.3275E+02   1.2839E+00   3.2930E-02  -1.9042E+00   1.0506E-01   2.6946E-03   3.1165E-01
   2006.67   4.8919E+01   2.5218E+00  -1.3249E+02   1.1615E+00   3.0235E-02  -1.7244E+00   9.5043E-02   2.4742E-03   2.8221E-01
   2006.75   4.8942E+01   2.4928E+00  -1.3225E+02   1.0573E+00   2.7895E-02  -1.5711E+00   8.6522E-02   2.2826E-03   2.5713E-01
   2006.83   4.8989E+01   2.4580E+00  -1.3203E+02   9.7147E-01   2.5908E-02  -1.4446E+00   7.9496E-02   2.1200E-03   2.3642E-01
   2006.92   4.9059E+01   2.4175E+00  -1.3182E+02   9.0388E-01   2.4274E-02  -1.3446E+00   7.3965E-02   1.9864E-03   2.2006E-01
   2007.00   4.9153E+01   2.3713E+00  -1.3164E+02   8.5456E-01   2.2994E-02  -1.2713E+00   6.9929E-02   1.8816E-03   2.0807E-01
   2007.08   4.9270E+01   2.3193E+00  -1.3148E+02   8.2350E-01   2.2068E-02  -1.2247E+00   6.7388E-02   1.8059E-03   2.0043E-01
   2007.17   4.9411E+01   2.2615E+00  -1.3134E+02   8.1072E-01   2.1496E-02  -1.2047E+00   6.6341E-02   1.7590E-03   1.9716E-01
   2007.25   4.9576E+01   2.1980E+00  -1.3122E+02   8.1620E-01   2.1277E-02  -1.2113E+00   6.6790E-02   1.7411E-03   1.9825E-01
   2007.33   4.9764E+01   2.1288E+00  -1.3111E+02   8.3996E-01   2.1412E-02  -1.2446E+00   6.8734E-02   1.7521E-03   2.0369E-01
   2007.42   4.9976E+01   2.0538E+00  -1.3103E+02   8.8198E-01   2.1900E-02  -1.3045E+00   7.2173E-02   1.7921E-03   2.1350E-01
   2007.50   5.0211E+01   1.9731E+00  -1.3096E+02   9.4227E-01   2.2742E-02  -1.3911E+00   7.7106E-02   1.8610E-03   2.2766E-01
   2007.58   5.0470E+01   1.8867E+00  -1.3092E+02   1.0208E+00   2.3938E-02  -1.5043E+00   8.3535E-02   1.9589E-03   2.4619E-01
   2007.67   5.0752E+01   1.7945E+00  -1.3089E+02   1.1177E+00   2.5487E-02  -1.6441E+00   9.1459E-02   2.0856E-03   2.6908E-01
   2007.75   5.1058E+01   1.6965E+00  -1.3089E+02   1.2328E+00   2.7390E-02  -1.8106E+00   1.0088E-01   2.2414E-03   2.9633E-01
   2007.83   5.1388E+01   1.5928E+00  -1.3090E+02   1.3661E+00   2.9647E-02  -2.0037E+00   1.1179E-01   2.4260E-03   3.2793E-01
   2007.92   5.1741E+01   1.4834E+00  -1.3093E+02   1.5178E+00   3.2257E-02  -2.2235E+00   1.2420E-01   2.6396E-03   3.6390E-01
   2008.00   5.2118E+01   1.3682E+00  -1.3098E+02   1.6877E+00   3.5221E-02  -2.4699E+00   1.3810E-01   2.8822E-03   4.0423E-01
   2008.08   5.2493E+01   1.2608E+00  -1.3105E+02   1.8543E+00   3.8142E-02  -2.7116E+00   1.5173E-01   3.1212E-03   4.4379E-01
   2008.17   5.2841E+01   1.1746E+00  -1.3112E+02   1.9959E+00   4.0622E-02  -2.9172E+00   1.6333E-01   3.3241E-03   4.7744E-01
   2008.25   5.3163E+01   1.1097E+00  -1.3119E+02   2.1126E+00   4.2662E-02  -3.0867E+00   1.7288E-01   3.4910E-03   5.0518E-01
   2008.33   5.3458E+01   1.0660E+00  -1.3126E+02   2.2044E+00   4.4261E-02  -3.2202E+00   1.8039E-01   3.6219E-03   5.2701E-01
   2008.42   5.3726E+01   1.0435E+00  -1.3134E+02   2.2713E+00   4.5420E-02  -3.3175E+00   1.8586E-01   3.7167E-03   5.4294E-01
   2008.50   5.3968E+01   1.0423E+00  -1.3142E+02   2.3132E+00   4.6139E-02  -3.3787E+00   1.8929E-01   3.7755E-03   5.5297E-01
   2008.58   5.4183E+01   1.0624E+00  -1.3150E+02   2.3302E+00   4.6417E-02  -3.4039E+00   1.9068E-01   3.7983E-03   5.5709E-01
   2008.67   5.4372E+01   1.1037E+00  -1.3159E+02   2.3223E+00   4.6254E-02  -3.3930E+00   1.9003E-01   3.7850E-03   5.5530E-01
   2008.75   5.4534E+01   1.1662E+00  -1.3168E+02   2.2894E+00   4.5652E-02  -3.3460E+00   1.8734E-01   3.7357E-03   5.4760E-01
   2008.83   5.4669E+01   1.2500E+00  -1.3177E+02   2.2316E+00   4.4608E-02  -3.2628E+00   1.8261E-01   3.6503E-03   5.3400E-01
   2008.92   5.4777E+01   1.3551E+00  -1.3187E+02   2.1489E+00   4.3125E-02  -3.1436E+00   1.7585E-01   3.5289E-03   5.1449E-01
   2009.00   5.4859E+01   1.4813E+00  -1.3197E+02   2.0413E+00   4.1201E-02  -2.9884E+00   1.6704E-01   3.3715E-03   4.8908E-01
   2009.08   5.4914E+01   1.6289E+00  -1.3207E+02   1.9087E+00   3.8836E-02  -2.7970E+00   1.5619E-01   3.1780E-03   4.5776E-01
   2009.17   5.4943E+01   1.7977E+00  -1.3218E+02   1.7512E+00   3.6032E-02  -2.5695E+00   1.4330E-01   2.9485E-03   4.2053E-01
   2009.25   5.4945E+01   1.9877E+00  -1.3229E+02   1.5687E+00   3.2786E-02  -2.3060E+00   1.2837E-01   2.6829E-03   3.7740E-01
   2009.33   5.4920E+01   2.1990E+00  -1.3240E+02   1.3614E+00   2.9101E-02  -2.0063E+00   1.1140E-01   2.3813E-03   3.2836E-01
   2009.42   5.4868E+01   2.4315E+00  -1.3252E+02   1.1291E+00   2.4974E-02  -1.6706E+00   9.2394E-02   2.0437E-03   2.7341E-01
   2009.50   5.4790E+01   2.6852E+00  -1.3264E+02   8.7187E-01   2.0408E-02  -1.2988E+00   7.1345E-02   1.6700E-03   2.1256E-01
   2009.58   5.4685E+01   2.9602E+00  -1.3276E+02   5.8972E-01   1.5401E-02  -8.9086E-01   4.8257E-02   1.2603E-03   1.4580E-01
   2009.67   5.4554E+01   3.2565E+00  -1.3289E+02   2.8264E-01   9.9537E-03  -4.4686E-01   2.3128E-02   8.1451E-04   7.3133E-02
   2009.75   5.4396E+01   3.5740E+00  -1.3302E+02  -4.9373E-02   4.0659E-03   3.3228E-02  -4.0402E-03   3.3271E-04  -5.4380E-03
   2009.83   5.4211E+01   3.9128E+00  -1.3315E+02  -4.0631E-01  -2.2623E-03   5.4940E-01  -3.3249E-02  -1.8512E-04  -8.9916E-02
   2009.92   5.3999E+01   4.2727E+00  -1.3329E+02  -7.8818E-01  -9.0309E-03   1.1017E+00  -6.4497E-02  -7.3900E-04  -1.8030E-01
   2010.00   5.3761E+01   4.6540E+00  -1.3343E+02  -1.1950E+00  -1.6240E-02   1.6900E+00  -9.7786E-02  -1.3289E-03  -2.7659E-01
   2010.08   5.3512E+01   5.0353E+00  -1.3358E+02  -1.5969E+00  -2.3364E-02   2.2713E+00  -1.3067E-01  -1.9119E-03  -3.7173E-01
   2010.17   5.3268E+01   5.3954E+00  -1.3373E+02  -1.9640E+00  -2.9876E-02   2.8025E+00  -1.6072E-01  -2.4448E-03  -4.5866E-01
   2010.25   5.3028E+01   5.7343E+00  -1.3390E+02  -2.2965E+00  -3.5778E-02   3.2835E+00  -1.8792E-01  -2.9277E-03  -5.3737E-01
   2010.33   5.2794E+01   6.0521E+00  -1.3407E+02  -2.5942E+00  -4.1069E-02   3.7143E+00  -2.1229E-01  -3.3607E-03  -6.0788E-01
   2010.42   5.2563E+01   6.3486E+00  -1.3425E+02  -2.8572E+00  -4.5749E-02   4.0949E+00  -2.3381E-01  -3.7436E-03  -6.7018E-01
   2010.50   5.2338E+01   6.6241E+00  -1.3444E+02  -3.0855E+00  -4.9818E-02   4.4254E+00  -2.5249E-01  -4.0766E-03  -7.2427E-01
   2010.58   5.2118E+01   6.8783E+00  -1.3464E+02  -3.2790E+00  -5.3276E-02   4.7057E+00  -2.6832E-01  -4.3596E-03  -7.7014E-01
   2010.67   5.1902E+01   7.1113E+00  -1.3485E+02  -3.4378E+00  -5.6122E-02   4.9359E+00  -2.8132E-01  -4.5925E-03  -8.0781E-01
   2010.75   5.1691E+01   7.3232E+00  -1.3507E+02  -3.5619E+00  -5.8358E-02   5.1158E+00  -2.9147E-01  -4.7755E-03  -8.3726E-01
   2010.83   5.1485E+01   7.5139E+00  -1.3529E+02  -3.6513E+00  -5.9983E-02   5.2457E+00  -2.9878E-01  -4.9085E-03  -8.5851E-01
   2010.92   5.1283E+01   7.6835E+00  -1.3553E+02  -3.7059E+00  -6.0997E-02   5.3253E+00  -3.0326E-01  -4.9914E-03  -8.7154E-01
   2011.00   5.1086E+01   7.8318E+00  -1.3577E+02  -3.7258E+00  -6.1400E-02   5.3548E+00  -3.0488E-01  -5.0244E-03  -8.7637E-01
   2011.08   5.0894E+01   7.9590E+00  -1.3603E+02  -3.7110E+00  -6.1192E-02   5.3341E+00  -3.0367E-01  -5.0074E-03  -8.7298E-01
   2011.17   5.0707E+01   8.0650E+00  -1.3629E+02  -3.6614E+00  -6.0373E-02   5.2632E+00  -2.9962E-01  -4.9404E-03  -8.6138E-01
   2011.25   5.0525E+01   8.1499E+00  -1.3656E+02  -3.5772E+00  -5.8943E-02   5.1422E+00  -2.9272E-01  -4.8233E-03  -8.4158E-01
   2011.33   5.0347E+01   8.2135E+00  -1.3684E+02  -3.4582E+00  -5.6902E-02   4.9710E+00  -2.8298E-01  -4.6563E-03  -8.1356E-01
   2011.42   5.0174E+01   8.2560E+00  -1.3712E+02  -3.3044E+00  -5.4250E-02   4.7497E+00  -2.7040E-01  -4.4393E-03  -7.7733E-01
   2011.50   5.0006E+01   8.2773E+00  -1.3742E+02  -3.1160E+00  -5.0987E-02   4.4781E+00  -2.5498E-01  -4.1723E-03  -7.3289E-01
   2011.58   4.9842E+01   8.2775E+00  -1.3773E+02  -2.8928E+00  -4.7114E-02   4.1564E+00  -2.3672E-01  -3.8553E-03  -6.8025E-01
   2011.67   4.9683E+01   8.2565E+00  -1.3804E+02  -2.6349E+00  -4.2629E-02   3.7846E+00  -2.1561E-01  -3.4883E-03  -6.1939E-01
   2011.75   4.9530E+01   8.2142E+00  -1.3836E+02  -2.3423E+00  -3.7533E-02   3.3626E+00  -1.9167E-01  -3.0713E-03  -5.5032E-01
   2011.83   4.9380E+01   8.1509E+00  -1.3870E+02  -2.0149E+00  -3.1826E-02   2.8904E+00  -1.6488E-01  -2.6043E-03  -4.7304E-01
   2011.92   4.9236E+01   8.0663E+00  -1.3904E+02  -1.6528E+00  -2.5508E-02   2.3680E+00  -1.3525E-01  -2.0873E-03  -3.8755E-01
   2012.00   4.9096E+01   7.9606E+00  -1.3939E+02  -1.2560E+00  -1.8579E-02   1.7955E+00  -1.0278E-01  -1.5204E-03  -2.9385E-01
