   1960.00   2.0059E+01   1.4307E+01   2.8737E+01   1.5419E-01   1.5439E-01  -1.7823E+00   1.2618E-02   1.2634E-02   2.9169E-01
   1960.08   2.0080E+01   1.4238E+01   2.9096E+01   2.3241E-01   2.3241E-01  -2.6921E+00   1.9018E-02   1.9018E-02   4.4060E-01
   1960.17   2.0094E+01   1.4165E+01   2.9417E+01   3.0496E-01   3.0478E-01  -3.5360E+00   2.4955E-02   2.4940E-02   5.7871E-01
   1960.25   2.0103E+01   1.4088E+01   2.9699E+01   3.7184E-01   3.7149E-01  -4.3139E+00   3.0428E-02   3.0399E-02   7.0602E-01
   1960.33   2.0106E+01   1.4007E+01   2.9944E+01   4.3305E-01   4.3256E-01  -5.0259E+00   3.5436E-02   3.5396E-02   8.2253E-01
   1960.42   2.0103E+01   1.3922E+01   3.0150E+01   4.8859E-01   4.8797E-01  -5.6718E+00   3.9981E-02   3.9931E-02   9.2825E-01
   1960.50   2.0095E+01   1.3833E+01   3.0319E+01   5.3845E-01   5.3773E-01  -6.2518E+00   4.4062E-02   4.4002E-02   1.0232E+00
   1960.58   2.0080E+01   1.3740E+01   3.0449E+01   5.8265E-01   5.8184E-01  -6.7658E+00   4.7678E-02   4.7612E-02   1.1073E+00
   1960.67   2.0060E+01   1.3642E+01   3.0541E+01   6.2118E-01   6.2029E-01  -7.2139E+00   5.0831E-02   5.0759E-02   1.1806E+00
   1960.75   2.0034E+01   1.3541E+01   3.0595E+01   6.5403E-01   6.5310E-01  -7.5960E+00   5.3520E-02   5.3443E-02   1.2432E+00
   1960.83   2.0003E+01   1.3435E+01   3.0611E+01   6.8122E-01   6.8025E-01  -7.9121E+00   5.5744E-02   5.5665E-02   1.2949E+00
   1960.92   1.9965E+01   1.3326E+01   3.0589E+01   7.0274E-01   7.0175E-01  -8.1623E+00   5.7505E-02   5.7424E-02   1.3358E+00
   1961.00   1.9922E+01   1.3212E+01   3.0529E+01   7.1858E-01   7.1760E-01  -8.3465E+00   5.8802E-02   5.8721E-02   1.3660E+00
   1961.08   1.9873E+01   1.3094E+01   3.0430E+01   7.2876E-01   7.2780E-01  -8.4647E+00   5.9634E-02   5.9556E-02   1.3853E+00
   1961.17   1.9818E+01   1.2972E+01   3.0294E+01   7.3326E-01   7.3234E-01  -8.5169E+00   6.0003E-02   5.9928E-02   1.3939E+00
   1961.25   1.9758E+01   1.2846E+01   3.0120E+01   7.3210E-01   7.3123E-01  -8.5032E+00   5.9908E-02   5.9837E-02   1.3916E+00
   1961.33   1.9691E+01   1.2716E+01   2.9907E+01   7.2526E-01   7.2448E-01  -8.4235E+00   5.9348E-02   5.9284E-02   1.3786E+00
   1961.42   1.9619E+01   1.2582E+01   2.9657E+01   7.1276E-01   7.1207E-01  -8.2778E+00   5.8325E-02   5.8269E-02   1.3548E+00
   1961.50   1.9541E+01   1.2444E+01   2.9368E+01   6.9458E-01   6.9401E-01  -8.0662E+00   5.6838E-02   5.6791E-02   1.3201E+00
   1961.58   1.9458E+01   1.2302E+01   2.9041E+01   6.7073E-01   6.7029E-01  -7.7886E+00   5.4886E-02   5.4850E-02   1.2747E+00
   1961.67   1.9368E+01   1.2155E+01   2.8676E+01   6.4122E-01   6.4093E-01  -7.4450E+00   5.2471E-02   5.2447E-02   1.2185E+00
   1961.75   1.9273E+01   1.2005E+01   2.8273E+01   6.0603E-01   6.0591E-01  -7.0355E+00   4.9592E-02   4.9582E-02   1.1514E+00
   1961.83   1.9172E+01   1.1850E+01   2.7832E+01   5.6517E-01   5.6524E-01  -6.5600E+00   4.6248E-02   4.6254E-02   1.0736E+00
   1961.92   1.9065E+01   1.1691E+01   2.7353E+01   5.1865E-01   5.1892E-01  -6.0185E+00   4.2441E-02   4.2463E-02   9.8499E-01
   1962.00   1.8953E+01   1.1529E+01   2.6836E+01   4.6645E-01   4.6695E-01  -5.4111E+00   3.8170E-02   3.8211E-02   8.8558E-01
   1962.08   1.8837E+01   1.1369E+01   2.6319E+01   4.1313E-01   4.1385E-01  -4.7906E+00   3.3806E-02   3.3866E-02   7.8403E-01
   1962.17   1.8721E+01   1.1219E+01   2.5841E+01   3.6323E-01   3.6417E-01  -4.2100E+00   2.9723E-02   2.9800E-02   6.8902E-01
   1962.25   1.8604E+01   1.1079E+01   2.5402E+01   3.1676E-01   3.1789E-01  -3.6694E+00   2.5921E-02   2.6013E-02   6.0054E-01
   1962.33   1.8487E+01   1.0949E+01   2.5001E+01   2.7371E-01   2.7502E-01  -3.1687E+00   2.2398E-02   2.2505E-02   5.1859E-01
   1962.42   1.8370E+01   1.0829E+01   2.4639E+01   2.3409E-01   2.3555E-01  -2.7079E+00   1.9156E-02   1.9275E-02   4.4318E-01
   1962.50   1.8252E+01   1.0719E+01   2.4316E+01   1.9790E-01   1.9950E-01  -2.2870E+00   1.6194E-02   1.6325E-02   3.7429E-01
   1962.58   1.8133E+01   1.0619E+01   2.4032E+01   1.6512E-01   1.6685E-01  -1.9060E+00   1.3512E-02   1.3653E-02   3.1195E-01
   1962.67   1.8015E+01   1.0529E+01   2.3786E+01   1.3577E-01   1.3760E-01  -1.5650E+00   1.1110E-02   1.1260E-02   2.5613E-01
   1962.75   1.7895E+01   1.0449E+01   2.3579E+01   1.0985E-01   1.1177E-01  -1.2639E+00   8.9892E-03   9.1462E-03   2.0685E-01
   1962.83   1.7776E+01   1.0379E+01   2.3411E+01   8.7352E-02   8.9344E-02  -1.0027E+00   7.1481E-03   7.3111E-03   1.6410E-01
   1962.92   1.7655E+01   1.0319E+01   2.3282E+01   6.8278E-02   7.0325E-02  -7.8137E-01   5.5872E-03   5.7548E-03   1.2788E-01
   1963.00   1.7535E+01   1.0269E+01   2.3191E+01   5.2629E-02   5.4714E-02  -5.9999E-01   4.3066E-03   4.4773E-03   9.8195E-02
   1963.08   1.7414E+01   1.0229E+01   2.3139E+01   4.0404E-02   4.2510E-02  -4.5853E-01   3.3063E-03   3.4786E-03   7.5044E-02
   1963.17   1.7292E+01   1.0198E+01   2.3126E+01   3.1604E-02   3.3714E-02  -3.5699E-01   2.5861E-03   2.7588E-03   5.8426E-02
   1963.25   1.7170E+01   1.0178E+01   2.3152E+01   2.6228E-02   2.8326E-02  -2.9537E-01   2.1463E-03   2.3179E-03   4.8340E-02
   1963.33   1.7048E+01   1.0168E+01   2.3216E+01   2.4277E-02   2.6344E-02  -2.7366E-01   1.9866E-03   2.1558E-03   4.4788E-02
   1963.42   1.6925E+01   1.0168E+01   2.3319E+01   2.5751E-02   2.7771E-02  -2.9188E-01   2.1072E-03   2.2725E-03   4.7769E-02
   1963.50   1.6802E+01   1.0177E+01   2.3461E+01   3.0649E-02   3.2605E-02  -3.5001E-01   2.5080E-03   2.6681E-03   5.7282E-02
   1963.58   1.6678E+01   1.0197E+01   2.3641E+01   3.8972E-02   4.0846E-02  -4.4805E-01   3.1891E-03   3.3425E-03   7.3329E-02
   1963.67   1.6554E+01   1.0226E+01   2.3861E+01   5.0720E-02   5.2495E-02  -5.8602E-01   4.1504E-03   4.2957E-03   9.5908E-02
   1963.75   1.6430E+01   1.0266E+01   2.4119E+01   6.5892E-02   6.7552E-02  -7.6390E-01   5.3920E-03   5.5278E-03   1.2502E-01
   1963.83   1.6305E+01   1.0315E+01   2.4416E+01   8.4489E-02   8.6016E-02  -9.8170E-01   6.9137E-03   7.0388E-03   1.6067E-01
   1963.92   1.6179E+01   1.0375E+01   2.4751E+01   1.0651E-01   1.0789E-01  -1.2394E+00   8.7158E-03   8.8285E-03   2.0284E-01
   1964.00   1.6053E+01   1.0444E+01   2.5126E+01   1.3196E-01   1.3317E-01  -1.5371E+00   1.0798E-02   1.0897E-02   2.5156E-01
   1964.08   1.5926E+01   1.0522E+01   2.5508E+01   1.5715E-01   1.5822E-01  -1.8318E+00   1.2860E-02   1.2947E-02   2.9979E-01
   1964.17   1.5796E+01   1.0605E+01   2.5868E+01   1.7843E-01   1.7941E-01  -2.0807E+00   1.4601E-02   1.4681E-02   3.4054E-01
   1964.25   1.5663E+01   1.0694E+01   2.6206E+01   1.9578E-01   1.9673E-01  -2.2840E+00   1.6021E-02   1.6098E-02   3.7380E-01
   1964.33   1.5528E+01   1.0790E+01   2.6521E+01   2.0921E-01   2.1019E-01  -2.4414E+00   1.7120E-02   1.7200E-02   3.9957E-01
   1964.42   1.5391E+01   1.0891E+01   2.6813E+01   2.1872E-01   2.1978E-01  -2.5531E+00   1.7898E-02   1.7985E-02   4.1785E-01
   1964.50   1.5251E+01   1.0998E+01   2.7084E+01   2.2430E-01   2.2551E-01  -2.6191E+00   1.8355E-02   1.8454E-02   4.2864E-01
   1964.58   1.5108E+01   1.1111E+01   2.7331E+01   2.2596E-01   2.2738E-01  -2.6393E+00   1.8491E-02   1.8606E-02   4.3195E-01
   1964.67   1.4963E+01   1.1230E+01   2.7556E+01   2.2370E-01   2.2538E-01  -2.6138E+00   1.8306E-02   1.8443E-02   4.2777E-01
   1964.75   1.4816E+01   1.1356E+01   2.7759E+01   2.1752E-01   2.1951E-01  -2.5425E+00   1.7800E-02   1.7963E-02   4.1611E-01
   1964.83   1.4666E+01   1.1487E+01   2.7939E+01   2.0742E-01   2.0979E-01  -2.4254E+00   1.6973E-02   1.7167E-02   3.9695E-01
   1964.92   1.4513E+01   1.1623E+01   2.8097E+01   1.9339E-01   1.9620E-01  -2.2626E+00   1.5825E-02   1.6055E-02   3.7031E-01
   1965.00   1.4358E+01   1.1766E+01   2.8232E+01   1.7544E-01   1.7874E-01  -2.0541E+00   1.4356E-02   1.4626E-02   3.3618E-01
   1965.08   1.4200E+01   1.1915E+01   2.8345E+01   1.5357E-01   1.5742E-01  -1.7998E+00   1.2566E-02   1.2882E-02   2.9456E-01
   1965.17   1.4040E+01   1.2070E+01   2.8435E+01   1.2777E-01   1.3224E-01  -1.4998E+00   1.0456E-02   1.0821E-02   2.4545E-01
   1965.25   1.3878E+01   1.2231E+01   2.8503E+01   9.8053E-02   1.0319E-01  -1.1540E+00   8.0237E-03   8.4441E-03   1.8886E-01
   1965.33   1.3712E+01   1.2398E+01   2.8549E+01   6.4413E-02   7.0278E-02  -7.6241E-01   5.2709E-03   5.7509E-03   1.2478E-01
   1965.42   1.3545E+01   1.2570E+01   2.8572E+01   2.6850E-02   3.3501E-02  -3.2510E-01   2.1971E-03   2.7414E-03   5.3207E-02
   1965.50   1.3375E+01   1.2749E+01   2.8572E+01  -1.4635E-02  -7.1391E-03   1.5795E-01  -1.1976E-03  -5.8419E-04  -2.5850E-02
   1965.58   1.3202E+01   1.2934E+01   2.8550E+01  -6.0043E-02  -5.1644E-02   6.8675E-01  -4.9133E-03  -4.2260E-03  -1.1239E-01
   1965.67   1.3027E+01   1.3124E+01   2.8505E+01  -1.0937E-01  -1.0001E-01   1.2613E+00  -8.9500E-03  -8.1841E-03  -2.0643E-01
   1965.75   1.2849E+01   1.3321E+01   2.8439E+01  -1.6263E-01  -1.5225E-01   1.8816E+00  -1.3308E-02  -1.2458E-02  -3.0795E-01
   1965.83   1.2669E+01   1.3523E+01   2.8349E+01  -2.1980E-01  -2.0834E-01   2.5477E+00  -1.7986E-02  -1.7049E-02  -4.1695E-01
   1965.92   1.2486E+01   1.3732E+01   2.8237E+01  -2.8090E-01  -2.6831E-01   3.2595E+00  -2.2986E-02  -2.1956E-02  -5.3345E-01
   1966.00   1.2300E+01   1.3946E+01   2.8103E+01  -3.4592E-01  -3.3213E-01   4.0171E+00  -2.8307E-02  -2.7178E-02  -6.5743E-01
   1966.08   1.2118E+01   1.4158E+01   2.7981E+01  -4.1010E-01  -3.9514E-01   4.7648E+00  -3.3558E-02  -3.2334E-02  -7.7981E-01
   1966.17   1.1942E+01   1.4361E+01   2.7907E+01  -4.6867E-01  -4.5264E-01   5.4472E+00  -3.8351E-02  -3.7040E-02  -8.9149E-01
   1966.25   1.1775E+01   1.4553E+01   2.7880E+01  -5.2163E-01  -5.0464E-01   6.0642E+00  -4.2685E-02  -4.1295E-02  -9.9248E-01
   1966.33   1.1615E+01   1.4735E+01   2.7901E+01  -5.6899E-01  -5.5113E-01   6.6159E+00  -4.6561E-02  -4.5099E-02  -1.0828E+00
   1966.42   1.1462E+01   1.4907E+01   2.7970E+01  -6.1074E-01  -5.9212E-01   7.1022E+00  -4.9977E-02  -4.8453E-02  -1.1624E+00
   1966.50   1.1317E+01   1.5069E+01   2.8087E+01  -6.4689E-01  -6.2760E-01   7.5232E+00  -5.2935E-02  -5.1357E-02  -1.2312E+00
   1966.58   1.1180E+01   1.5221E+01   2.8251E+01  -6.7742E-01  -6.5759E-01   7.8788E+00  -5.5434E-02  -5.3810E-02  -1.2894E+00
   1966.67   1.1050E+01   1.5362E+01   2.8462E+01  -7.0235E-01  -6.8206E-01   8.1690E+00  -5.7474E-02  -5.5813E-02  -1.3369E+00
   1966.75   1.0928E+01   1.5494E+01   2.8722E+01  -7.2168E-01  -7.0104E-01   8.3939E+00  -5.9055E-02  -5.7366E-02  -1.3737E+00
   1966.83   1.0813E+01   1.5616E+01   2.9029E+01  -7.3540E-01  -7.1450E-01   8.5534E+00  -6.0178E-02  -5.8468E-02  -1.3998E+00
   1966.92   1.0706E+01   1.5727E+01   2.9383E+01  -7.4351E-01  -7.2247E-01   8.6475E+00  -6.0842E-02  -5.9120E-02  -1.4153E+00
   1967.00   1.0606E+01   1.5829E+01   2.9786E+01  -7.4601E-01  -7.2493E-01   8.6763E+00  -6.1047E-02  -5.9321E-02  -1.4200E+00
   1967.08   1.0514E+01   1.5920E+01   3.0236E+01  -7.4291E-01  -7.2188E-01   8.6397E+00  -6.0793E-02  -5.9072E-02  -1.4140E+00
   1967.17   1.0430E+01   1.6001E+01   3.0733E+01  -7.3420E-01  -7.1334E-01   8.5378E+00  -6.0080E-02  -5.8373E-02  -1.3973E+00
   1967.25   1.0353E+01   1.6073E+01   3.1278E+01  -7.1989E-01  -6.9928E-01   8.3705E+00  -5.8909E-02  -5.7223E-02  -1.3699E+00
   1967.33   1.0284E+01   1.6134E+01   3.1871E+01  -6.9996E-01  -6.7973E-01   8.1378E+00  -5.7278E-02  -5.5622E-02  -1.3318E+00
   1967.42   1.0222E+01   1.6185E+01   3.2512E+01  -6.7444E-01  -6.5467E-01   7.8398E+00  -5.5189E-02  -5.3572E-02  -1.2831E+00
   1967.50   1.0168E+01   1.6226E+01   3.3200E+01  -6.4330E-01  -6.2410E-01   7.4764E+00  -5.2642E-02  -5.1071E-02  -1.2236E+00
   1967.58   1.0121E+01   1.6257E+01   3.3936E+01  -6.0656E-01  -5.8804E-01   7.0476E+00  -4.9635E-02  -4.8119E-02  -1.1534E+00
   1967.67   1.0082E+01   1.6278E+01   3.4719E+01  -5.6421E-01  -5.4646E-01   6.5535E+00  -4.6169E-02  -4.4717E-02  -1.0726E+00
   1967.75   1.0051E+01   1.6288E+01   3.5550E+01  -5.1625E-01  -4.9939E-01   5.9941E+00  -4.2245E-02  -4.0865E-02  -9.8099E-01
   1967.83   1.0027E+01   1.6289E+01   3.6429E+01  -4.6269E-01  -4.4681E-01   5.3692E+00  -3.7862E-02  -3.6562E-02  -8.7873E-01
   1967.92   1.0010E+01   1.6280E+01   3.7355E+01  -4.0352E-01  -3.8872E-01   4.6790E+00  -3.3020E-02  -3.1809E-02  -7.6577E-01
   1968.00   1.0002E+01   1.6260E+01   3.8329E+01  -3.3875E-01  -3.2513E-01   3.9235E+00  -2.7720E-02  -2.6606E-02  -6.4212E-01
   1968.08   9.9964E+00   1.6237E+01   3.9306E+01  -2.7269E-01  -2.6029E-01   3.1530E+00  -2.2314E-02  -2.1299E-02  -5.1602E-01
   1968.17   9.9903E+00   1.6215E+01   4.0239E+01  -2.0967E-01  -1.9843E-01   2.4180E+00  -1.7157E-02  -1.6238E-02  -3.9573E-01
   1968.25   9.9835E+00   1.6196E+01   4.1129E+01  -1.4969E-01  -1.3957E-01   1.7184E+00  -1.2249E-02  -1.1421E-02  -2.8124E-01
   1968.33   9.9760E+00   1.6179E+01   4.1976E+01  -9.2751E-02  -8.3708E-02   1.0544E+00  -7.5899E-03  -6.8499E-03  -1.7256E-01
   1968.42   9.9677E+00   1.6163E+01   4.2781E+01  -3.8852E-02  -3.0835E-02   4.2585E-01  -3.1793E-03  -2.5232E-03  -6.9694E-02
   1968.50   9.9588E+00   1.6150E+01   4.3542E+01   1.2007E-02   1.9046E-02  -1.6723E-01   9.8250E-04   1.5585E-03   2.7368E-02
   1968.58   9.9490E+00   1.6139E+01   4.4260E+01   5.9826E-02   6.5934E-02  -7.2481E-01   4.8955E-03   5.3954E-03   1.1862E-01
   1968.67   9.9386E+00   1.6130E+01   4.4935E+01   1.0460E-01   1.0983E-01  -1.2469E+00   8.5598E-03   8.9873E-03   2.0407E-01
   1968.75   9.9274E+00   1.6122E+01   4.5567E+01   1.4634E-01   1.5073E-01  -1.7335E+00   1.1975E-02   1.2334E-02   2.8371E-01
   1968.83   9.9155E+00   1.6117E+01   4.6156E+01   1.8504E-01   1.8864E-01  -2.1847E+00   1.5142E-02   1.5436E-02   3.5755E-01
   1968.92   9.9029E+00   1.6114E+01   4.6702E+01   2.2070E-01   2.2356E-01  -2.6003E+00   1.8060E-02   1.8294E-02   4.2557E-01
   1969.00   9.8895E+00   1.6113E+01   4.7205E+01   2.5332E-01   2.5548E-01  -2.9805E+00   2.0729E-02   2.0906E-02   4.8779E-01
   1969.08   9.8754E+00   1.6114E+01   4.7665E+01   2.8290E-01   2.8441E-01  -3.3252E+00   2.3150E-02   2.3273E-02   5.4420E-01
   1969.17   9.8606E+00   1.6117E+01   4.8082E+01   3.0944E-01   3.1035E-01  -3.6344E+00   2.5321E-02   2.5396E-02   5.9480E-01
   1969.25   9.8450E+00   1.6122E+01   4.8456E+01   3.3294E-01   3.3329E-01  -3.9081E+00   2.7244E-02   2.7274E-02   6.3960E-01
   1969.33   9.8287E+00   1.6129E+01   4.8787E+01   3.5340E-01   3.5325E-01  -4.1463E+00   2.8919E-02   2.8906E-02   6.7859E-01
   1969.42   9.8117E+00   1.6138E+01   4.9075E+01   3.7082E-01   3.7021E-01  -4.3491E+00   3.0344E-02   3.0294E-02   7.1177E-01
   1969.50   9.7940E+00   1.6150E+01   4.9320E+01   3.8519E-01   3.8417E-01  -4.5163E+00   3.1521E-02   3.1437E-02   7.3914E-01
   1969.58   9.7755E+00   1.6163E+01   4.9522E+01   3.9653E-01   3.9515E-01  -4.6481E+00   3.2449E-02   3.2335E-02   7.6071E-01
   1969.67   9.7563E+00   1.6178E+01   4.9681E+01   4.0483E-01   4.0313E-01  -4.7444E+00   3.3128E-02   3.2988E-02   7.7647E-01
   1969.75   9.7364E+00   1.6195E+01   4.9796E+01   4.1009E-01   4.0811E-01  -4.8052E+00   3.3558E-02   3.3396E-02   7.8642E-01
   1969.83   9.7157E+00   1.6215E+01   4.9869E+01   4.1231E-01   4.1011E-01  -4.8305E+00   3.3740E-02   3.3559E-02   7.9057E-01
   1969.92   9.6943E+00   1.6236E+01   4.9899E+01   4.1149E-01   4.0911E-01  -4.8204E+00   3.3672E-02   3.3478E-02   7.8890E-01
   1970.00   9.6722E+00   1.6259E+01   4.9886E+01   4.0763E-01   4.0512E-01  -4.7747E+00   3.3356E-02   3.3151E-02   7.8143E-01
   1970.08   9.6603E+00   1.6275E+01   4.9840E+01   4.0123E-01   3.9868E-01  -4.6997E+00   3.2833E-02   3.2624E-02   7.6915E-01
   1970.17   9.6696E+00   1.6273E+01   4.9773E+01   3.9281E-01   3.9033E-01  -4.6013E+00   3.2144E-02   3.1941E-02   7.5306E-01
   1970.25   9.7002E+00   1.6253E+01   4.9685E+01   3.8236E-01   3.8008E-01  -4.4797E+00   3.1289E-02   3.1102E-02   7.3315E-01
   1970.33   9.7519E+00   1.6215E+01   4.9575E+01   3.6988E-01   3.6791E-01  -4.3348E+00   3.0267E-02   3.0107E-02   7.0943E-01
   1970.42   9.8249E+00   1.6160E+01   4.9444E+01   3.5537E-01   3.5384E-01  -4.1666E+00   2.9080E-02   2.8955E-02   6.8190E-01
   1970.50   9.9191E+00   1.6087E+01   4.9291E+01   3.3883E-01   3.3787E-01  -3.9750E+00   2.7727E-02   2.7648E-02   6.5055E-01
   1970.58   1.0034E+01   1.5996E+01   4.9117E+01   3.2027E-01   3.1998E-01  -3.7602E+00   2.6208E-02   2.6184E-02   6.1540E-01
   1970.67   1.0171E+01   1.5887E+01   4.8922E+01   2.9968E-01   3.0019E-01  -3.5221E+00   2.4523E-02   2.4565E-02   5.7642E-01
   1970.75   1.0329E+01   1.5761E+01   4.8705E+01   2.7706E-01   2.7849E-01  -3.2606E+00   2.2672E-02   2.2789E-02   5.3364E-01
   1970.83   1.0508E+01   1.5617E+01   4.8467E+01   2.5241E-01   2.5488E-01  -2.9759E+00   2.0655E-02   2.0857E-02   4.8704E-01
   1970.92   1.0708E+01   1.5455E+01   4.8207E+01   2.2573E-01   2.2937E-01  -2.6679E+00   1.8471E-02   1.8769E-02   4.3663E-01
   1971.00   1.0930E+01   1.5275E+01   4.7926E+01   1.9702E-01   2.0195E-01  -2.3366E+00   1.6122E-02   1.6525E-02   3.8240E-01
   1971.08   1.1172E+01   1.5078E+01   4.7624E+01   1.6629E-01   1.7262E-01  -1.9819E+00   1.3607E-02   1.4125E-02   3.2437E-01
   1971.17   1.1436E+01   1.4863E+01   4.7300E+01   1.3353E-01   1.4138E-01  -1.6040E+00   1.0927E-02   1.1569E-02   2.6251E-01
   1971.25   1.1722E+01   1.4630E+01   4.6954E+01   9.8735E-02   1.0823E-01  -1.2028E+00   8.0796E-03   8.8569E-03   1.9685E-01
   1971.33   1.2028E+01   1.4380E+01   4.6588E+01   6.1916E-02   7.3183E-02  -7.7828E-01   5.0666E-03   5.9886E-03   1.2737E-01
   1971.42   1.2355E+01   1.4111E+01   4.6200E+01   2.3069E-02   3.6224E-02  -3.3046E-01   1.8877E-03   2.9642E-03   5.4083E-02
   1971.50   1.2704E+01   1.3825E+01   4.5790E+01  -1.7807E-02  -2.6427E-03   1.4066E-01  -1.4571E-03  -2.1625E-04  -2.3020E-02
   1971.58   1.3074E+01   1.3522E+01   4.5359E+01  -6.0710E-02  -4.3417E-02   6.3507E-01  -4.9680E-03  -3.5528E-03  -1.0394E-01
   1971.67   1.3465E+01   1.3200E+01   4.4907E+01  -1.0564E-01  -8.6098E-02   1.1528E+00  -8.6448E-03  -7.0454E-03  -1.8867E-01
   1971.75   1.3878E+01   1.2861E+01   4.4433E+01  -1.5260E-01  -1.3069E-01   1.6938E+00  -1.2488E-02  -1.0694E-02  -2.7721E-01
   1971.83   1.4311E+01   1.2504E+01   4.3938E+01  -2.0159E-01  -1.7718E-01   2.2581E+00  -1.6496E-02  -1.4499E-02  -3.6956E-01
   1971.92   1.4766E+01   1.2129E+01   4.3421E+01  -2.5261E-01  -2.2559E-01   2.8457E+00  -2.0671E-02  -1.8460E-02  -4.6573E-01
   1972.00   1.5242E+01   1.1737E+01   4.2883E+01  -3.0565E-01  -2.7590E-01   3.4566E+00  -2.5012E-02  -2.2577E-02  -5.6572E-01
   1972.08   1.5726E+01   1.1336E+01   4.2348E+01  -3.5678E-01  -3.2440E-01   4.0455E+00  -2.9196E-02  -2.6546E-02  -6.6209E-01
   1972.17   1.6204E+01   1.0938E+01   4.1839E+01  -4.0205E-01  -3.6737E-01   4.5670E+00  -3.2900E-02  -3.0062E-02  -7.4744E-01
   1972.25   1.6677E+01   1.0543E+01   4.1356E+01  -4.4146E-01  -4.0482E-01   5.0212E+00  -3.6125E-02  -3.3127E-02  -8.2177E-01
   1972.33   1.7143E+01   1.0149E+01   4.0900E+01  -4.7501E-01  -4.3674E-01   5.4079E+00  -3.8870E-02  -3.5739E-02  -8.8507E-01
   1972.42   1.7604E+01   9.7576E+00   4.0470E+01  -5.0269E-01  -4.6314E-01   5.7274E+00  -4.1136E-02  -3.7899E-02  -9.3734E-01
   1972.50   1.8060E+01   9.3685E+00   4.0066E+01  -5.2452E-01  -4.8400E-01   5.9794E+00  -4.2922E-02  -3.9606E-02  -9.7859E-01
   1972.58   1.8509E+01   8.9815E+00   3.9689E+01  -5.4048E-01  -4.9935E-01   6.1641E+00  -4.4228E-02  -4.0862E-02  -1.0088E+00
   1972.67   1.8953E+01   8.5967E+00   3.9339E+01  -5.5059E-01  -5.0916E-01   6.2814E+00  -4.5055E-02  -4.1665E-02  -1.0280E+00
   1972.75   1.9392E+01   8.2142E+00   3.9014E+01  -5.5483E-01  -5.1345E-01   6.3313E+00  -4.5402E-02  -4.2016E-02  -1.0362E+00
   1972.83   1.9824E+01   7.8338E+00   3.8717E+01  -5.5322E-01  -5.1221E-01   6.3139E+00  -4.5270E-02  -4.1914E-02  -1.0333E+00
   1972.92   2.0251E+01   7.4557E+00   3.8445E+01  -5.4574E-01  -5.0544E-01   6.2291E+00  -4.4658E-02  -4.1361E-02  -1.0195E+00
   1973.00   2.0672E+01   7.0798E+00   3.8200E+01  -5.3240E-01  -4.9315E-01   6.0770E+00  -4.3567E-02  -4.0355E-02  -9.9456E-01
   1973.08   2.1087E+01   6.7060E+00   3.7982E+01  -5.1320E-01  -4.7533E-01   5.8574E+00  -4.1996E-02  -3.8896E-02  -9.5863E-01
   1973.17   2.1497E+01   6.3345E+00   3.7789E+01  -4.8815E-01  -4.5198E-01   5.5705E+00  -3.9945E-02  -3.6986E-02  -9.1168E-01
   1973.25   2.1901E+01   5.9652E+00   3.7624E+01  -4.5723E-01  -4.2311E-01   5.2163E+00  -3.7415E-02  -3.4623E-02  -8.5370E-01
   1973.33   2.2299E+01   5.5981E+00   3.7484E+01  -4.2045E-01  -3.8871E-01   4.7947E+00  -3.4405E-02  -3.1808E-02  -7.8470E-01
   1973.42   2.2692E+01   5.2333E+00   3.7371E+01  -3.7781E-01  -3.4879E-01   4.3057E+00  -3.0916E-02  -2.8541E-02  -7.0467E-01
   1973.50   2.3079E+01   4.8706E+00   3.7285E+01  -3.2930E-01  -3.0333E-01   3.7493E+00  -2.6947E-02  -2.4822E-02  -6.1362E-01
   1973.58   2.3460E+01   4.5101E+00   3.7225E+01  -2.7494E-01  -2.5235E-01   3.1256E+00  -2.2499E-02  -2.0650E-02  -5.1154E-01
   1973.67   2.3836E+01   4.1519E+00   3.7191E+01  -2.1472E-01  -1.9585E-01   2.4345E+00  -1.7571E-02  -1.6026E-02  -3.9843E-01
   1973.75   2.4206E+01   3.7958E+00   3.7184E+01  -1.4864E-01  -1.3382E-01   1.6760E+00  -1.2163E-02  -1.0950E-02  -2.7430E-01
   1973.83   2.4570E+01   3.4420E+00   3.7203E+01  -7.6693E-02  -6.6255E-02   8.5023E-01  -6.2758E-03  -5.4217E-03  -1.3915E-01
   1973.92   2.4928E+01   3.0904E+00   3.7248E+01   1.1114E-03   6.8308E-03  -4.2965E-02   9.0947E-05   5.5897E-04   7.0316E-03
   1974.00   2.5281E+01   2.7410E+00   3.7320E+01   8.4776E-02   8.5444E-02  -1.0035E+00   6.9373E-03   6.9919E-03   1.6424E-01
   1974.08   2.5629E+01   2.3940E+00   3.7376E+01   1.6770E-01   1.6339E-01  -1.9558E+00   1.3723E-02   1.3371E-02   3.2008E-01
   1974.17   2.5975E+01   2.0498E+00   3.7372E+01   2.4329E-01   2.3449E-01  -2.8240E+00   1.9909E-02   1.9189E-02   4.6217E-01
   1974.25   2.6319E+01   1.7084E+00   3.7308E+01   3.1154E-01   2.9874E-01  -3.6082E+00   2.5494E-02   2.4446E-02   5.9051E-01
   1974.33   2.6660E+01   1.3697E+00   3.7185E+01   3.7246E-01   3.5613E-01  -4.3083E+00   3.0478E-02   2.9142E-02   7.0510E-01
   1974.42   2.6998E+01   1.0338E+00   3.7003E+01   4.2604E-01   4.0667E-01  -4.9245E+00   3.4863E-02   3.3278E-02   8.0594E-01
   1974.50   2.7334E+01   7.0064E-01   3.6762E+01   4.7228E-01   4.5036E-01  -5.4566E+00   3.8647E-02   3.6853E-02   8.9303E-01
   1974.58   2.7667E+01   3.7021E-01   3.6461E+01   5.1118E-01   4.8719E-01  -5.9047E+00   4.1830E-02   3.9867E-02   9.6637E-01
   1974.67   2.7997E+01   4.2542E-02   3.6100E+01   5.4275E-01   5.1718E-01  -6.2688E+00   4.4413E-02   4.2321E-02   1.0260E+00
   1974.75   2.8325E+01  -2.8238E-01   3.5680E+01   5.6697E-01   5.4031E-01  -6.5489E+00   4.6396E-02   4.4213E-02   1.0718E+00
   1974.83   2.8650E+01  -6.0454E-01   3.5201E+01   5.8387E-01   5.5658E-01  -6.7449E+00   4.7778E-02   4.5545E-02   1.1039E+00
   1974.92   2.8973E+01  -9.2396E-01   3.4663E+01   5.9342E-01   5.6601E-01  -6.8570E+00   4.8560E-02   4.6317E-02   1.1222E+00
   1975.00   2.9294E+01  -1.2406E+00   3.4065E+01   5.9564E-01   5.6858E-01  -6.8850E+00   4.8741E-02   4.6527E-02   1.1268E+00
   1975.08   2.9611E+01  -1.5545E+00   3.3407E+01   5.9052E-01   5.6430E-01  -6.8290E+00   4.8322E-02   4.6177E-02   1.1176E+00
   1975.17   2.9926E+01  -1.8657E+00   3.2690E+01   5.7806E-01   5.5317E-01  -6.6889E+00   4.7303E-02   4.5266E-02   1.0947E+00
   1975.25   3.0239E+01  -2.1741E+00   3.1914E+01   5.5826E-01   5.3518E-01  -6.4649E+00   4.5683E-02   4.3794E-02   1.0581E+00
   1975.33   3.0549E+01  -2.4798E+00   3.1078E+01   5.3113E-01   5.1035E-01  -6.1568E+00   4.3463E-02   4.1762E-02   1.0076E+00
   1975.42   3.0856E+01  -2.7827E+00   3.0183E+01   4.9666E-01   4.7866E-01  -5.7648E+00   4.0642E-02   3.9169E-02   9.4346E-01
   1975.50   3.1161E+01  -3.0828E+00   2.9229E+01   4.5485E-01   4.4012E-01  -5.2886E+00   3.7221E-02   3.6015E-02   8.6554E-01
   1975.58   3.1463E+01  -3.3802E+00   2.8215E+01   4.0571E-01   3.9472E-01  -4.7285E+00   3.3199E-02   3.2300E-02   7.7387E-01
   1975.67   3.1763E+01  -3.6749E+00   2.7142E+01   3.4923E-01   3.4247E-01  -4.0844E+00   2.8577E-02   2.8025E-02   6.6845E-01
   1975.75   3.2060E+01  -3.9668E+00   2.6009E+01   2.8541E-01   2.8337E-01  -3.3562E+00   2.3355E-02   2.3189E-02   5.4928E-01
   1975.83   3.2354E+01  -4.2559E+00   2.4817E+01   2.1425E-01   2.1742E-01  -2.5440E+00   1.7532E-02   1.7792E-02   4.1636E-01
   1975.92   3.2646E+01  -4.5423E+00   2.3566E+01   1.3576E-01   1.4462E-01  -1.6478E+00   1.1109E-02   1.1834E-02   2.6968E-01
   1976.00   3.2935E+01  -4.8259E+00   2.2255E+01   4.9930E-02   6.4960E-02  -6.6761E-01   4.0858E-03   5.3157E-03   1.0926E-01
   1976.08   3.3210E+01  -5.1082E+00   2.0929E+01  -3.6091E-02  -1.4914E-02   3.1500E-01  -2.9534E-03  -1.2204E-03  -5.1553E-02
   1976.17   3.3458E+01  -5.3903E+00   1.9633E+01  -1.1516E-01  -8.8369E-02   1.2184E+00  -9.4234E-03  -7.2312E-03  -1.9940E-01
   1976.25   3.3679E+01  -5.6724E+00   1.8367E+01  -1.8727E-01  -1.5540E-01   2.0425E+00  -1.5324E-02  -1.2717E-02  -3.3427E-01
   1976.33   3.3874E+01  -5.9544E+00   1.7131E+01  -2.5243E-01  -2.1602E-01   2.7873E+00  -2.0656E-02  -1.7677E-02  -4.5617E-01
   1976.42   3.4042E+01  -6.2364E+00   1.5924E+01  -3.1063E-01  -2.7022E-01   3.4529E+00  -2.5419E-02  -2.2112E-02  -5.6511E-01
   1976.50   3.4183E+01  -6.5183E+00   1.4747E+01  -3.6188E-01  -3.1799E-01   4.0393E+00  -2.9613E-02  -2.6022E-02  -6.6107E-01
   1976.58   3.4298E+01  -6.8001E+00   1.3600E+01  -4.0617E-01  -3.5935E-01   4.5464E+00  -3.3237E-02  -2.9406E-02  -7.4406E-01
   1976.67   3.4385E+01  -7.0818E+00   1.2483E+01  -4.4351E-01  -3.9429E-01   4.9742E+00  -3.6292E-02  -3.2265E-02  -8.1409E-01
   1976.75   3.4447E+01  -7.3635E+00   1.1396E+01  -4.7389E-01  -4.2281E-01   5.3228E+00  -3.8779E-02  -3.4599E-02  -8.7114E-01
   1976.83   3.4481E+01  -7.6451E+00   1.0338E+01  -4.9732E-01  -4.4491E-01   5.5922E+00  -4.0696E-02  -3.6407E-02  -9.1522E-01
   1976.92   3.4489E+01  -7.9267E+00   9.3102E+00  -5.1379E-01  -4.6060E-01   5.7823E+00  -4.2044E-02  -3.7691E-02  -9.4633E-01
   1977.00   3.4470E+01  -8.2081E+00   8.3121E+00  -5.2331E-01  -4.6986E-01   5.8931E+00  -4.2823E-02  -3.8449E-02  -9.6447E-01
   1977.08   3.4424E+01  -8.4895E+00   7.3438E+00  -5.2588E-01  -4.7270E-01   5.9247E+00  -4.3033E-02  -3.8681E-02  -9.6964E-01
   1977.17   3.4352E+01  -8.7708E+00   6.4053E+00  -5.2149E-01  -4.6913E-01   5.8771E+00  -4.2673E-02  -3.8389E-02  -9.6184E-01
   1977.25   3.4253E+01  -9.0521E+00   5.4965E+00  -5.1014E-01  -4.5913E-01   5.7501E+00  -4.1745E-02  -3.7571E-02  -9.4107E-01
   1977.33   3.4128E+01  -9.3333E+00   4.6176E+00  -4.9184E-01  -4.4272E-01   5.5440E+00  -4.0247E-02  -3.6228E-02  -9.0733E-01
   1977.42   3.3975E+01  -9.6144E+00   3.7684E+00  -4.6658E-01  -4.1988E-01   5.2586E+00  -3.8181E-02  -3.4359E-02  -8.6062E-01
   1977.50   3.3796E+01  -9.8955E+00   2.9490E+00  -4.3437E-01  -3.9063E-01   4.8939E+00  -3.5545E-02  -3.1965E-02  -8.0094E-01
   1977.58   3.3591E+01  -1.0176E+01   2.1594E+00  -3.9521E-01  -3.5496E-01   4.4500E+00  -3.2340E-02  -2.9046E-02  -7.2829E-01
   1977.67   3.3358E+01  -1.0457E+01   1.3996E+00  -3.4909E-01  -3.1287E-01   3.9268E+00  -2.8566E-02  -2.5602E-02  -6.4267E-01
   1977.75   3.3099E+01  -1.0738E+01   6.6954E-01  -2.9602E-01  -2.6436E-01   3.3244E+00  -2.4223E-02  -2.1632E-02  -5.4408E-01
   1977.83   3.2813E+01  -1.1019E+01  -3.0723E-02  -2.3599E-01  -2.0943E-01   2.6428E+00  -1.9311E-02  -1.7138E-02  -4.3252E-01
   1977.92   3.2501E+01  -1.1300E+01  -7.0120E-01  -1.6900E-01  -1.4808E-01   1.8819E+00  -1.3830E-02  -1.2117E-02  -3.0799E-01
   1978.00   3.2162E+01  -1.1580E+01  -1.3419E+00  -9.5064E-02  -8.0311E-02   1.0417E+00  -7.7791E-03  -6.5719E-03  -1.7048E-01
   1978.08   3.1810E+01  -1.1851E+01  -1.9699E+00  -2.0970E-02  -1.2346E-02   1.9943E-01  -1.7160E-03  -1.0103E-03  -3.2639E-02
   1978.17   3.1461E+01  -1.2103E+01  -2.6025E+00   4.6478E-02   4.9596E-02  -5.6777E-01   3.8033E-03   4.0585E-03   9.2921E-02
   1978.25   3.1115E+01  -1.2337E+01  -3.2395E+00   1.0728E-01   1.0551E-01  -1.2599E+00   8.7789E-03   8.6343E-03   2.0620E-01
   1978.33   3.0771E+01  -1.2551E+01  -3.8810E+00   1.6144E-01   1.5541E-01  -1.8770E+00   1.3211E-02   1.2717E-02   3.0719E-01
   1978.42   3.0429E+01  -1.2746E+01  -4.5270E+00   2.0895E-01   1.9928E-01  -2.4190E+00   1.7099E-02   1.6307E-02   3.9589E-01
   1978.50   3.0090E+01  -1.2922E+01  -5.1775E+00   2.4982E-01   2.3713E-01  -2.8859E+00   2.0443E-02   1.9404E-02   4.7231E-01
   1978.58   2.9753E+01  -1.3079E+01  -5.8325E+00   2.8404E-01   2.6895E-01  -3.2778E+00   2.3243E-02   2.2008E-02   5.3645E-01
   1978.67   2.9418E+01  -1.3217E+01  -6.4920E+00   3.1162E-01   2.9475E-01  -3.5946E+00   2.5500E-02   2.4119E-02   5.8830E-01
   1978.75   2.9086E+01  -1.3336E+01  -7.1559E+00   3.3256E-01   3.1452E-01  -3.8364E+00   2.7213E-02   2.5738E-02   6.2786E-01
   1978.83   2.8756E+01  -1.3436E+01  -7.8244E+00   3.4684E-01   3.2828E-01  -4.0031E+00   2.8382E-02   2.6863E-02   6.5514E-01
   1978.92   2.8428E+01  -1.3517E+01  -8.4973E+00   3.5449E-01   3.3600E-01  -4.0947E+00   2.9008E-02   2.7495E-02   6.7014E-01
   1979.00   2.8103E+01  -1.3579E+01  -9.1748E+00   3.5548E-01   3.3771E-01  -4.1113E+00   2.9089E-02   2.7635E-02   6.7285E-01
   1979.08   2.7780E+01  -1.3622E+01  -9.8567E+00   3.4984E-01   3.3339E-01  -4.0528E+00   2.8627E-02   2.7281E-02   6.6328E-01
   1979.17   2.7460E+01  -1.3646E+01  -1.0543E+01   3.3754E-01   3.2304E-01  -3.9192E+00   2.7621E-02   2.6435E-02   6.4142E-01
   1979.25   2.7142E+01  -1.3651E+01  -1.1234E+01   3.1861E-01   3.0668E-01  -3.7106E+00   2.6072E-02   2.5096E-02   6.0728E-01
   1979.33   2.6826E+01  -1.3637E+01  -1.1929E+01   2.9302E-01   2.8429E-01  -3.4269E+00   2.3978E-02   2.3263E-02   5.6085E-01
   1979.42   2.6513E+01  -1.3604E+01  -1.2629E+01   2.6079E-01   2.5587E-01  -3.0681E+00   2.1341E-02   2.0938E-02   5.0213E-01
   1979.50   2.6202E+01  -1.3552E+01  -1.3334E+01   2.2192E-01   2.2143E-01  -2.6343E+00   1.8160E-02   1.8120E-02   4.3114E-01
   1979.58   2.5894E+01  -1.3481E+01  -1.4042E+01   1.7640E-01   1.8097E-01  -2.1254E+00   1.4435E-02   1.4809E-02   3.4785E-01
   1979.67   2.5588E+01  -1.3391E+01  -1.4756E+01   1.2424E-01   1.3449E-01  -1.5415E+00   1.0167E-02   1.1005E-02   2.5228E-01
   1979.75   2.5284E+01  -1.3282E+01  -1.5474E+01   6.5431E-02   8.1976E-02  -8.8250E-01   5.3543E-03   6.7081E-03   1.4443E-01
   1979.83   2.4983E+01  -1.3154E+01  -1.6196E+01  -2.1990E-05   2.3443E-02  -1.4843E-01  -1.7994E-06   1.9183E-03   2.4293E-02
   1979.92   2.4684E+01  -1.3007E+01  -1.6923E+01  -7.2121E-02  -4.1115E-02   6.6070E-01  -5.9017E-03  -3.3644E-03  -1.0813E-01
   1980.00   2.4387E+01  -1.2841E+01  -1.7654E+01  -1.5086E-01  -1.1170E-01   1.5449E+00  -1.2345E-02  -9.1401E-03  -2.5284E-01
   1980.08   2.4095E+01  -1.2668E+01  -1.8380E+01  -2.2988E-01  -1.8255E-01   2.4323E+00  -1.8811E-02  -1.4938E-02  -3.9807E-01
   1980.17   2.3811E+01  -1.2498E+01  -1.9091E+01  -3.0279E-01  -2.4794E-01   3.2511E+00  -2.4777E-02  -2.0289E-02  -5.3208E-01
   1980.25   2.3533E+01  -1.2332E+01  -1.9786E+01  -3.6959E-01  -3.0786E-01   4.0013E+00  -3.0244E-02  -2.5192E-02  -6.5486E-01
   1980.33   2.3263E+01  -1.2169E+01  -2.0467E+01  -4.3029E-01  -3.6231E-01   4.6829E+00  -3.5211E-02  -2.9648E-02  -7.6640E-01
   1980.42   2.3001E+01  -1.2010E+01  -2.1132E+01  -4.8488E-01  -4.1128E-01   5.2959E+00  -3.9678E-02  -3.3655E-02  -8.6672E-01
   1980.50   2.2745E+01  -1.1855E+01  -2.1782E+01  -5.3337E-01  -4.5479E-01   5.8402E+00  -4.3646E-02  -3.7216E-02  -9.5581E-01
   1980.58   2.2497E+01  -1.1704E+01  -2.2417E+01  -5.7575E-01  -4.9283E-01   6.3160E+00  -4.7114E-02  -4.0328E-02  -1.0337E+00
   1980.67   2.2256E+01  -1.1557E+01  -2.3037E+01  -6.1203E-01  -5.2540E-01   6.7231E+00  -5.0083E-02  -4.2993E-02  -1.1003E+00
   1980.75   2.2022E+01  -1.1413E+01  -2.3641E+01  -6.4221E-01  -5.5249E-01   7.0616E+00  -5.2552E-02  -4.5211E-02  -1.1557E+00
   1980.83   2.1796E+01  -1.1273E+01  -2.4231E+01  -6.6628E-01  -5.7412E-01   7.3315E+00  -5.4522E-02  -4.6980E-02  -1.1999E+00
   1980.92   2.1577E+01  -1.1137E+01  -2.4805E+01  -6.8424E-01  -5.9028E-01   7.5328E+00  -5.5992E-02  -4.8303E-02  -1.2328E+00
   1981.00   2.1365E+01  -1.1004E+01  -2.5364E+01  -6.9610E-01  -6.0096E-01   7.6655E+00  -5.6962E-02  -4.9177E-02  -1.2545E+00
   1981.08   2.1160E+01  -1.0876E+01  -2.5908E+01  -7.0185E-01  -6.0618E-01   7.7296E+00  -5.7433E-02  -4.9604E-02  -1.2650E+00
   1981.17   2.0963E+01  -1.0751E+01  -2.6437E+01  -7.0150E-01  -6.0593E-01   7.7250E+00  -5.7404E-02  -4.9583E-02  -1.2643E+00
   1981.25   2.0773E+01  -1.0629E+01  -2.6950E+01  -6.9504E-01  -6.0020E-01   7.6519E+00  -5.6876E-02  -4.9115E-02  -1.2523E+00
   1981.33   2.0590E+01  -1.0512E+01  -2.7448E+01  -6.8248E-01  -5.8901E-01   7.5101E+00  -5.5848E-02  -4.8199E-02  -1.2291E+00
   1981.42   2.0414E+01  -1.0398E+01  -2.7932E+01  -6.6381E-01  -5.7235E-01   7.2997E+00  -5.4320E-02  -4.6835E-02  -1.1947E+00
   1981.50   2.0246E+01  -1.0288E+01  -2.8400E+01  -6.3904E-01  -5.5021E-01   7.0207E+00  -5.2293E-02  -4.5024E-02  -1.1490E+00
   1981.58   2.0085E+01  -1.0182E+01  -2.8852E+01  -6.0817E-01  -5.2261E-01   6.6731E+00  -4.9766E-02  -4.2765E-02  -1.0921E+00
   1981.67   1.9931E+01  -1.0079E+01  -2.9290E+01  -5.7118E-01  -4.8953E-01   6.2569E+00  -4.6740E-02  -4.0059E-02  -1.0240E+00
   1981.75   1.9785E+01  -9.9801E+00  -2.9713E+01  -5.2810E-01  -4.5099E-01   5.7721E+00  -4.3214E-02  -3.6905E-02  -9.4466E-01
   1981.83   1.9645E+01  -9.8850E+00  -3.0120E+01  -4.7891E-01  -4.0698E-01   5.2186E+00  -3.9189E-02  -3.3303E-02  -8.5409E-01
   1981.92   1.9513E+01  -9.7936E+00  -3.0512E+01  -4.2361E-01  -3.5749E-01   4.5966E+00  -3.4664E-02  -2.9254E-02  -7.5228E-01
   1982.00   1.9389E+01  -9.7060E+00  -3.0889E+01  -3.6221E-01  -3.0254E-01   3.9059E+00  -2.9640E-02  -2.4757E-02  -6.3925E-01
   1982.08   1.9274E+01  -9.6193E+00  -3.1252E+01  -2.9899E-01  -2.4598E-01   3.1951E+00  -2.4467E-02  -2.0129E-02  -5.2291E-01
   1982.17   1.9173E+01  -9.5306E+00  -3.1602E+01  -2.3827E-01  -1.9169E-01   2.5126E+00  -1.9497E-02  -1.5686E-02  -4.1121E-01
   1982.25   1.9085E+01  -9.4400E+00  -3.1940E+01  -1.8002E-01  -1.3967E-01   1.8583E+00  -1.4731E-02  -1.1429E-02  -3.0413E-01
   1982.33   1.9011E+01  -9.3474E+00  -3.2264E+01  -1.2426E-01  -8.9916E-02   1.2323E+00  -1.0168E-02  -7.3579E-03  -2.0169E-01
   1982.42   1.8949E+01  -9.2529E+00  -3.2577E+01  -7.0985E-02  -4.2428E-02   6.3466E-01  -5.8087E-03  -3.4719E-03  -1.0387E-01
   1982.50   1.8902E+01  -9.1564E+00  -3.2876E+01  -2.0193E-02   2.7923E-03   6.5277E-02  -1.6524E-03   2.2850E-04  -1.0683E-02
   1982.58   1.8867E+01  -9.0580E+00  -3.3163E+01   2.8116E-02   4.5746E-02  -4.7582E-01   2.3007E-03   3.7434E-03   7.7873E-02
   1982.67   1.8846E+01  -8.9577E+00  -3.3437E+01   7.3940E-02   8.6433E-02  -9.8863E-01   6.0505E-03   7.0728E-03   1.6180E-01
   1982.75   1.8838E+01  -8.8554E+00  -3.3698E+01   1.1728E-01   1.2485E-01  -1.4732E+00   9.5971E-03   1.0217E-02   2.4110E-01
   1982.83   1.8843E+01  -8.7511E+00  -3.3946E+01   1.5814E-01   1.6100E-01  -1.9294E+00   1.2940E-02   1.3175E-02   3.1576E-01
   1982.92   1.8862E+01  -8.6449E+00  -3.4182E+01   1.9651E-01   1.9489E-01  -2.3573E+00   1.6080E-02   1.5948E-02   3.8580E-01
   1983.00   1.8894E+01  -8.5368E+00  -3.4405E+01   2.3240E-01   2.2651E-01  -2.7570E+00   1.9017E-02   1.8535E-02   4.5121E-01
   1983.08   1.8939E+01  -8.4267E+00  -3.4616E+01   2.6580E-01   2.5586E-01  -3.1284E+00   2.1751E-02   2.0937E-02   5.1199E-01
   1983.17   1.8998E+01  -8.3147E+00  -3.4813E+01   2.9672E-01   2.8294E-01  -3.4714E+00   2.4281E-02   2.3153E-02   5.6814E-01
   1983.25   1.9070E+01  -8.2007E+00  -3.4998E+01   3.2516E-01   3.0776E-01  -3.7862E+00   2.6608E-02   2.5184E-02   6.1966E-01
   1983.33   1.9155E+01  -8.0847E+00  -3.5170E+01   3.5111E-01   3.3031E-01  -4.0727E+00   2.8732E-02   2.7030E-02   6.6655E-01
   1983.42   1.9254E+01  -7.9669E+00  -3.5330E+01   3.7458E-01   3.5060E-01  -4.3309E+00   3.0652E-02   2.8689E-02   7.0881E-01
   1983.50   1.9365E+01  -7.8471E+00  -3.5476E+01   3.9556E-01   3.6861E-01  -4.5609E+00   3.2369E-02   3.0164E-02   7.4644E-01
   1983.58   1.9491E+01  -7.7253E+00  -3.5610E+01   4.1407E-01   3.8436E-01  -4.7625E+00   3.3883E-02   3.1452E-02   7.7944E-01
   1983.67   1.9629E+01  -7.6016E+00  -3.5732E+01   4.3008E-01   3.9784E-01  -4.9359E+00   3.5194E-02   3.2556E-02   8.0781E-01
   1983.75   1.9781E+01  -7.4759E+00  -3.5840E+01   4.4361E-01   4.0906E-01  -5.0809E+00   3.6301E-02   3.3473E-02   8.3155E-01
   1983.83   1.9946E+01  -7.3483E+00  -3.5936E+01   4.5466E-01   4.1801E-01  -5.1977E+00   3.7205E-02   3.4206E-02   8.5066E-01
   1983.92   2.0125E+01  -7.2188E+00  -3.6019E+01   4.6323E-01   4.2469E-01  -5.2862E+00   3.7906E-02   3.4752E-02   8.6514E-01
   1984.00   2.0316E+01  -7.0873E+00  -3.6090E+01   4.6931E-01   4.2910E-01  -5.3464E+00   3.8404E-02   3.5114E-02   8.7499E-01
   1984.08   2.0516E+01  -6.9565E+00  -3.6151E+01   4.7405E-01   4.3230E-01  -5.3914E+00   3.8792E-02   3.5376E-02   8.8236E-01
   1984.17   2.0717E+01  -6.8291E+00  -3.6206E+01   4.7860E-01   4.3535E-01  -5.4344E+00   3.9164E-02   3.5625E-02   8.8940E-01
   1984.25   2.0919E+01  -6.7051E+00  -3.6256E+01   4.8296E-01   4.3823E-01  -5.4753E+00   3.9521E-02   3.5861E-02   8.9609E-01
   1984.33   2.1124E+01  -6.5845E+00  -3.6299E+01   4.8713E-01   4.4096E-01  -5.5142E+00   3.9862E-02   3.6084E-02   9.0246E-01
   1984.42   2.1330E+01  -6.4673E+00  -3.6337E+01   4.9111E-01   4.4353E-01  -5.5510E+00   4.0187E-02   3.6294E-02   9.0848E-01
   1984.50   2.1537E+01  -6.3535E+00  -3.6369E+01   4.9489E-01   4.4593E-01  -5.5858E+00   4.0497E-02   3.6491E-02   9.1417E-01
   1984.58   2.1747E+01  -6.2431E+00  -3.6396E+01   4.9848E-01   4.4819E-01  -5.6185E+00   4.0791E-02   3.6675E-02   9.1953E-01
   1984.67   2.1958E+01  -6.1361E+00  -3.6416E+01   5.0188E-01   4.5028E-01  -5.6492E+00   4.1069E-02   3.6846E-02   9.2454E-01
   1984.75   2.2170E+01  -6.0324E+00  -3.6430E+01   5.0509E-01   4.5221E-01  -5.6778E+00   4.1332E-02   3.7005E-02   9.2923E-01
   1984.83   2.2385E+01  -5.9322E+00  -3.6439E+01   5.0811E-01   4.5399E-01  -5.7043E+00   4.1579E-02   3.7150E-02   9.3357E-01
   1984.92   2.2601E+01  -5.8354E+00  -3.6442E+01   5.1094E-01   4.5560E-01  -5.7288E+00   4.1810E-02   3.7282E-02   9.3759E-01
   1985.00   2.2819E+01  -5.7419E+00  -3.6439E+01   5.1357E-01   4.5706E-01  -5.7513E+00   4.2026E-02   3.7402E-02   9.4126E-01
   1985.08   2.3038E+01  -5.6519E+00  -3.6430E+01   5.1602E-01   4.5836E-01  -5.7717E+00   4.2226E-02   3.7508E-02   9.4460E-01
   1985.17   2.3259E+01  -5.5652E+00  -3.6416E+01   5.1827E-01   4.5951E-01  -5.7901E+00   4.2410E-02   3.7601E-02   9.4760E-01
   1985.25   2.3482E+01  -5.4819E+00  -3.6396E+01   5.2033E-01   4.6049E-01  -5.8064E+00   4.2578E-02   3.7682E-02   9.5027E-01
   1985.33   2.3707E+01  -5.4021E+00  -3.6369E+01   5.2219E-01   4.6131E-01  -5.8206E+00   4.2731E-02   3.7749E-02   9.5260E-01
   1985.42   2.3933E+01  -5.3256E+00  -3.6337E+01   5.2387E-01   4.6198E-01  -5.8328E+00   4.2868E-02   3.7804E-02   9.5460E-01
   1985.50   2.4161E+01  -5.2525E+00  -3.6299E+01   5.2535E-01   4.6249E-01  -5.8429E+00   4.2990E-02   3.7846E-02   9.5626E-01
   1985.58   2.4390E+01  -5.1828E+00  -3.6256E+01   5.2665E-01   4.6284E-01  -5.8510E+00   4.3096E-02   3.7874E-02   9.5759E-01
   1985.67   2.4621E+01  -5.1165E+00  -3.6206E+01   5.2775E-01   4.6303E-01  -5.8571E+00   4.3186E-02   3.7890E-02   9.5858E-01
   1985.75   2.4854E+01  -5.0536E+00  -3.6151E+01   5.2866E-01   4.6306E-01  -5.8611E+00   4.3260E-02   3.7893E-02   9.5923E-01
   1985.83   2.5089E+01  -4.9941E+00  -3.6090E+01   5.2938E-01   4.6294E-01  -5.8630E+00   4.3319E-02   3.7882E-02   9.5955E-01
   1985.92   2.5325E+01  -4.9380E+00  -3.6023E+01   5.2990E-01   4.6265E-01  -5.8629E+00   4.3362E-02   3.7859E-02   9.5953E-01
   1986.00   2.5563E+01  -4.8852E+00  -3.5950E+01   5.3024E-01   4.6221E-01  -5.8607E+00   4.3390E-02   3.7823E-02   9.5917E-01
   1986.08   2.5801E+01  -4.8371E+00  -3.5874E+01   5.2867E-01   4.6021E-01  -5.8383E+00   4.3261E-02   3.7659E-02   9.5550E-01
   1986.17   2.6037E+01  -4.7948E+00  -3.5797E+01   5.2349E-01   4.5526E-01  -5.7773E+00   4.2837E-02   3.7254E-02   9.4552E-01
   1986.25   2.6272E+01  -4.7583E+00  -3.5718E+01   5.1470E-01   4.4736E-01  -5.6778E+00   4.2118E-02   3.6608E-02   9.2923E-01
   1986.33   2.6505E+01  -4.7276E+00  -3.5639E+01   5.0229E-01   4.3651E-01  -5.5398E+00   4.1103E-02   3.5720E-02   9.0665E-01
   1986.42   2.6736E+01  -4.7027E+00  -3.5559E+01   4.8627E-01   4.2271E-01  -5.3632E+00   3.9792E-02   3.4591E-02   8.7775E-01
   1986.50   2.6965E+01  -4.6836E+00  -3.5477E+01   4.6664E-01   4.0596E-01  -5.1482E+00   3.8185E-02   3.3220E-02   8.4255E-01
   1986.58   2.7193E+01  -4.6704E+00  -3.5395E+01   4.4339E-01   3.8625E-01  -4.8946E+00   3.6283E-02   3.1607E-02   8.0105E-01
   1986.67   2.7419E+01  -4.6629E+00  -3.5311E+01   4.1654E-01   3.6359E-01  -4.6024E+00   3.4085E-02   2.9753E-02   7.5324E-01
   1986.75   2.7644E+01  -4.6612E+00  -3.5227E+01   3.8607E-01   3.3799E-01  -4.2718E+00   3.1592E-02   2.7657E-02   6.9912E-01
   1986.83   2.7866E+01  -4.6654E+00  -3.5141E+01   3.5198E-01   3.0943E-01  -3.9026E+00   2.8803E-02   2.5320E-02   6.3871E-01
   1986.92   2.8087E+01  -4.6754E+00  -3.5054E+01   3.1429E-01   2.7792E-01  -3.4949E+00   2.5718E-02   2.2742E-02   5.7198E-01
   1987.00   2.8307E+01  -4.6911E+00  -3.4967E+01   2.7298E-01   2.4345E-01  -3.0487E+00   2.2338E-02   1.9922E-02   4.9895E-01
   1987.08   2.8524E+01  -4.7127E+00  -3.4878E+01   2.2806E-01   2.0604E-01  -2.5640E+00   1.8662E-02   1.6860E-02   4.1962E-01
   1987.17   2.8740E+01  -4.7401E+00  -3.4788E+01   1.7952E-01   1.6568E-01  -2.0407E+00   1.4691E-02   1.3557E-02   3.3398E-01
   1987.25   2.8954E+01  -4.7733E+00  -3.4697E+01   1.2738E-01   1.2236E-01  -1.4789E+00   1.0423E-02   1.0013E-02   2.4204E-01
   1987.33   2.9167E+01  -4.8123E+00  -3.4605E+01   7.1618E-02   7.6091E-02  -8.7858E-01   5.8605E-03   6.2266E-03   1.4379E-01
   1987.42   2.9378E+01  -4.8571E+00  -3.4513E+01   1.2246E-02   2.6873E-02  -2.3974E-01   1.0021E-03   2.1990E-03   3.9236E-02
   1987.50   2.9587E+01  -4.9077E+00  -3.4419E+01  -5.0740E-02  -2.5298E-02   4.3763E-01  -4.1520E-03  -2.0701E-03  -7.1623E-02
   1987.58   2.9795E+01  -4.9642E+00  -3.4324E+01  -1.1734E-01  -8.0419E-02   1.1535E+00  -9.6018E-03  -6.5807E-03  -1.8879E-01
   1987.67   3.0000E+01  -5.0264E+00  -3.4228E+01  -1.8755E-01  -1.3849E-01   1.9079E+00  -1.5347E-02  -1.1333E-02  -3.1225E-01
   1987.75   3.0204E+01  -5.0945E+00  -3.4130E+01  -2.6137E-01  -1.9952E-01   2.7009E+00  -2.1388E-02  -1.6326E-02  -4.4203E-01
   1987.83   3.0407E+01  -5.1683E+00  -3.4032E+01  -3.3881E-01  -2.6349E-01   3.5323E+00  -2.7725E-02  -2.1562E-02  -5.7810E-01
   1987.92   3.0608E+01  -5.2480E+00  -3.3933E+01  -4.1986E-01  -3.3042E-01   4.4023E+00  -3.4357E-02  -2.7038E-02  -7.2049E-01
   1988.00   3.0807E+01  -5.3335E+00  -3.3833E+01  -5.0452E-01  -4.0030E-01   5.3108E+00  -4.1285E-02  -3.2756E-02  -8.6918E-01
   1988.08   3.1003E+01  -5.4205E+00  -3.3733E+01  -5.8734E-01  -4.6864E-01   6.1995E+00  -4.8062E-02  -3.8349E-02  -1.0146E+00
   1988.17   3.1198E+01  -5.5048E+00  -3.3635E+01  -6.6287E-01  -5.3097E-01   7.0099E+00  -5.4243E-02  -4.3450E-02  -1.1472E+00
   1988.25   3.1389E+01  -5.5865E+00  -3.3538E+01  -7.3111E-01  -5.8728E-01   7.7421E+00  -5.9827E-02  -4.8058E-02  -1.2671E+00
   1988.33   3.1578E+01  -5.6654E+00  -3.3442E+01  -7.9205E-01  -6.3758E-01   8.3961E+00  -6.4814E-02  -5.2173E-02  -1.3741E+00
   1988.42   3.1764E+01  -5.7416E+00  -3.3348E+01  -8.4570E-01  -6.8185E-01   8.9718E+00  -6.9204E-02  -5.5796E-02  -1.4683E+00
   1988.50   3.1947E+01  -5.8151E+00  -3.3256E+01  -8.9205E-01  -7.2011E-01   9.4693E+00  -7.2997E-02  -5.8927E-02  -1.5497E+00
   1988.58   3.2128E+01  -5.8859E+00  -3.3164E+01  -9.3112E-01  -7.5236E-01   9.8885E+00  -7.6194E-02  -6.1566E-02  -1.6184E+00
   1988.67   3.2305E+01  -5.9540E+00  -3.3075E+01  -9.6289E-01  -7.7858E-01   1.0230E+01  -7.8793E-02  -6.3712E-02  -1.6742E+00
   1988.75   3.2481E+01  -6.0193E+00  -3.2987E+01  -9.8736E-01  -7.9879E-01   1.0492E+01  -8.0796E-02  -6.5366E-02  -1.7172E+00
   1988.83   3.2653E+01  -6.0820E+00  -3.2900E+01  -1.0045E+00  -8.1299E-01   1.0677E+01  -8.2202E-02  -6.6527E-02  -1.7474E+00
   1988.92   3.2823E+01  -6.1420E+00  -3.2815E+01  -1.0144E+00  -8.2116E-01   1.0783E+01  -8.3012E-02  -6.7196E-02  -1.7648E+00
   1989.00   3.2990E+01  -6.1993E+00  -3.2732E+01  -1.0170E+00  -8.2332E-01   1.0811E+01  -8.3224E-02  -6.7373E-02  -1.7694E+00
   1989.08   3.3154E+01  -6.2538E+00  -3.2649E+01  -1.0123E+00  -8.1946E-01   1.0761E+01  -8.2840E-02  -6.7057E-02  -1.7612E+00
   1989.17   3.3316E+01  -6.3057E+00  -3.2569E+01  -1.0003E+00  -8.0958E-01   1.0633E+01  -8.1859E-02  -6.6249E-02  -1.7402E+00
   1989.25   3.3475E+01  -6.3548E+00  -3.2490E+01  -9.8106E-01  -7.9369E-01   1.0426E+01  -8.0281E-02  -6.4948E-02  -1.7064E+00
   1989.33   3.3631E+01  -6.4013E+00  -3.2412E+01  -9.5449E-01  -7.7178E-01   1.0141E+01  -7.8106E-02  -6.3155E-02  -1.6597E+00
   1989.42   3.3784E+01  -6.4450E+00  -3.2336E+01  -9.2062E-01  -7.4386E-01   9.7782E+00  -7.5335E-02  -6.0870E-02  -1.6003E+00
   1989.50   3.3935E+01  -6.4860E+00  -3.2261E+01  -8.7946E-01  -7.0991E-01   9.3369E+00  -7.1966E-02  -5.8092E-02  -1.5281E+00
   1989.58   3.4083E+01  -6.5244E+00  -3.2188E+01  -8.3100E-01  -6.6995E-01   8.8174E+00  -6.8001E-02  -5.4822E-02  -1.4431E+00
   1989.67   3.4229E+01  -6.5600E+00  -3.2116E+01  -7.7525E-01  -6.2397E-01   8.2196E+00  -6.3439E-02  -5.1060E-02  -1.3452E+00
   1989.75   3.4371E+01  -6.5929E+00  -3.2046E+01  -7.1221E-01  -5.7198E-01   7.5436E+00  -5.8280E-02  -4.6805E-02  -1.2346E+00
   1989.83   3.4511E+01  -6.6231E+00  -3.1977E+01  -6.4187E-01  -5.1397E-01   6.7893E+00  -5.2525E-02  -4.2058E-02  -1.1111E+00
   1989.92   3.4648E+01  -6.6506E+00  -3.1910E+01  -5.6425E-01  -4.4994E-01   5.9568E+00  -4.6172E-02  -3.6819E-02  -9.7490E-01
   1990.00   3.4783E+01  -6.6754E+00  -3.1844E+01  -4.7932E-01  -3.7989E-01   5.0461E+00  -3.9223E-02  -3.1087E-02  -8.2585E-01
   1990.08   3.4917E+01  -6.7026E+00  -3.1781E+01  -3.9310E-01  -3.0877E-01   4.1214E+00  -3.2168E-02  -2.5266E-02  -6.7451E-01
   1990.17   3.5054E+01  -6.7371E+00  -3.1722E+01  -3.1156E-01  -2.4149E-01   3.2468E+00  -2.5495E-02  -1.9761E-02  -5.3137E-01
   1990.25   3.5194E+01  -6.7792E+00  -3.1666E+01  -2.3471E-01  -1.7807E-01   2.4224E+00  -1.9207E-02  -1.4572E-02  -3.9645E-01
   1990.33   3.5335E+01  -6.8286E+00  -3.1614E+01  -1.6255E-01  -1.1851E-01   1.6482E+00  -1.3302E-02  -9.6976E-03  -2.6974E-01
   1990.42   3.5480E+01  -6.8854E+00  -3.1566E+01  -9.5078E-02  -6.2798E-02   9.2409E-01  -7.7803E-03  -5.1387E-03  -1.5124E-01
   1990.50   3.5627E+01  -6.9497E+00  -3.1522E+01  -3.2292E-02  -1.0941E-02   2.5021E-01  -2.6424E-03  -8.9529E-04  -4.0949E-02
   1990.58   3.5776E+01  -7.0214E+00  -3.1481E+01   2.5807E-02   3.7062E-02  -3.7351E-01   2.1118E-03   3.0328E-03   6.1128E-02
   1990.67   3.5928E+01  -7.1006E+00  -3.1444E+01   7.9219E-02   8.1210E-02  -9.4705E-01   6.4825E-03   6.6455E-03   1.5499E-01
   1990.75   3.6082E+01  -7.1871E+00  -3.1411E+01   1.2794E-01   1.2150E-01  -1.4704E+00   1.0470E-02   9.9428E-03   2.4065E-01
   1990.83   3.6239E+01  -7.2811E+00  -3.1381E+01   1.7198E-01   1.5794E-01  -1.9436E+00   1.4073E-02   1.2925E-02   3.1809E-01
   1990.92   3.6399E+01  -7.3825E+00  -3.1356E+01   2.1133E-01   1.9053E-01  -2.3666E+00   1.7293E-02   1.5591E-02   3.8733E-01
   1991.00   3.6561E+01  -7.4913E+00  -3.1334E+01   2.4599E-01   2.1926E-01  -2.7395E+00   2.0129E-02   1.7942E-02   4.4835E-01
   1991.08   3.6725E+01  -7.6076E+00  -3.1316E+01   2.7596E-01   2.4414E-01  -3.0622E+00   2.2582E-02   1.9978E-02   5.0116E-01
   1991.17   3.6892E+01  -7.7313E+00  -3.1301E+01   3.0125E-01   2.6516E-01  -3.3347E+00   2.4651E-02   2.1698E-02   5.4576E-01
   1991.25   3.7061E+01  -7.8624E+00  -3.1290E+01   3.2185E-01   2.8233E-01  -3.5570E+00   2.6337E-02   2.3103E-02   5.8214E-01
   1991.33   3.7233E+01  -8.0009E+00  -3.1283E+01   3.3776E-01   2.9565E-01  -3.7292E+00   2.7639E-02   2.4193E-02   6.1032E-01
   1991.42   3.7407E+01  -8.1469E+00  -3.1280E+01   3.4898E-01   3.0511E-01  -3.8512E+00   2.8557E-02   2.4967E-02   6.3028E-01
   1991.50   3.7584E+01  -8.3003E+00  -3.1280E+01   3.5552E-01   3.1072E-01  -3.9230E+00   2.9092E-02   2.5426E-02   6.4204E-01
   1991.58   3.7764E+01  -8.4611E+00  -3.1285E+01   3.5737E-01   3.1247E-01  -3.9446E+00   2.9243E-02   2.5570E-02   6.4558E-01
   1991.67   3.7945E+01  -8.6293E+00  -3.1293E+01   3.5453E-01   3.1037E-01  -3.9161E+00   2.9011E-02   2.5398E-02   6.4091E-01
   1991.75   3.8130E+01  -8.8050E+00  -3.1304E+01   3.4700E-01   3.0442E-01  -3.8374E+00   2.8395E-02   2.4910E-02   6.2803E-01
   1991.83   3.8317E+01  -8.9880E+00  -3.1320E+01   3.3478E-01   2.9461E-01  -3.7085E+00   2.7396E-02   2.4108E-02   6.0694E-01
   1991.92   3.8506E+01  -9.1785E+00  -3.1339E+01   3.1788E-01   2.8094E-01  -3.5295E+00   2.6012E-02   2.2990E-02   5.7764E-01
   1992.00   3.8698E+01  -9.3765E+00  -3.1362E+01   2.9629E-01   2.6343E-01  -3.3003E+00   2.4246E-02   2.1556E-02   5.4012E-01
   1992.08   3.8899E+01  -9.5693E+00  -3.1379E+01   2.7355E-01   2.4491E-01  -3.0584E+00   2.2384E-02   2.0041E-02   5.0053E-01
   1992.17   3.9118E+01  -9.7447E+00  -3.1380E+01   2.5317E-01   2.2825E-01  -2.8413E+00   2.0717E-02   1.8678E-02   4.6500E-01
   1992.25   3.9353E+01  -9.9024E+00  -3.1366E+01   2.3517E-01   2.1345E-01  -2.6490E+00   1.9244E-02   1.7467E-02   4.3353E-01
   1992.33   3.9605E+01  -1.0043E+01  -3.1336E+01   2.1954E-01   2.0051E-01  -2.4815E+00   1.7965E-02   1.6408E-02   4.0612E-01
   1992.42   3.9874E+01  -1.0165E+01  -3.1290E+01   2.0629E-01   1.8943E-01  -2.3387E+00   1.6880E-02   1.5501E-02   3.8276E-01
   1992.50   4.0160E+01  -1.0270E+01  -3.1229E+01   1.9540E-01   1.8021E-01  -2.2208E+00   1.5990E-02   1.4746E-02   3.6346E-01
   1992.58   4.0463E+01  -1.0358E+01  -3.1152E+01   1.8689E-01   1.7284E-01  -2.1277E+00   1.5293E-02   1.4144E-02   3.4823E-01
   1992.67   4.0783E+01  -1.0428E+01  -3.1059E+01   1.8075E-01   1.6733E-01  -2.0594E+00   1.4791E-02   1.3693E-02   3.3705E-01
   1992.75   4.1120E+01  -1.0480E+01  -3.0951E+01   1.7699E-01   1.6369E-01  -2.0159E+00   1.4483E-02   1.3394E-02   3.2993E-01
   1992.83   4.1473E+01  -1.0515E+01  -3.0827E+01   1.7560E-01   1.6189E-01  -1.9972E+00   1.4369E-02   1.3248E-02   3.2686E-01
   1992.92   4.1844E+01  -1.0533E+01  -3.0687E+01   1.7658E-01   1.6196E-01  -2.0033E+00   1.4449E-02   1.3253E-02   3.2786E-01
   1993.00   4.2231E+01  -1.0532E+01  -3.0532E+01   1.7993E-01   1.6389E-01  -2.0342E+00   1.4724E-02   1.3411E-02   3.3292E-01
   1993.08   4.2636E+01  -1.0515E+01  -3.0361E+01   1.8566E-01   1.6767E-01  -2.0899E+00   1.5192E-02   1.3721E-02   3.4203E-01
   1993.17   4.3057E+01  -1.0479E+01  -3.0174E+01   1.9375E-01   1.7331E-01  -2.1704E+00   1.5855E-02   1.4182E-02   3.5520E-01
   1993.25   4.3495E+01  -1.0426E+01  -2.9972E+01   2.0423E-01   1.8081E-01  -2.2756E+00   1.6712E-02   1.4796E-02   3.7243E-01
   1993.33   4.3950E+01  -1.0356E+01  -2.9754E+01   2.1707E-01   1.9017E-01  -2.4057E+00   1.7763E-02   1.5562E-02   3.9372E-01
   1993.42   4.4422E+01  -1.0268E+01  -2.9521E+01   2.3229E-01   2.0139E-01  -2.5606E+00   1.9008E-02   1.6480E-02   4.1907E-01
   1993.50   4.4911E+01  -1.0162E+01  -2.9272E+01   2.4988E-01   2.1446E-01  -2.7403E+00   2.0448E-02   1.7550E-02   4.4848E-01
   1993.58   4.5416E+01  -1.0039E+01  -2.9007E+01   2.6984E-01   2.2940E-01  -2.9448E+00   2.2081E-02   1.8772E-02   4.8195E-01
   1993.67   4.5939E+01  -9.8985E+00  -2.8726E+01   2.9217E-01   2.4619E-01  -3.1741E+00   2.3909E-02   2.0146E-02   5.1947E-01
   1993.75   4.6479E+01  -9.7403E+00  -2.8430E+01   3.1688E-01   2.6484E-01  -3.4281E+00   2.5931E-02   2.1672E-02   5.6105E-01
   1993.83   4.7035E+01  -9.5645E+00  -2.8118E+01   3.4396E-01   2.8535E-01  -3.7070E+00   2.8147E-02   2.3350E-02   6.0669E-01
   1993.92   4.7608E+01  -9.3712E+00  -2.7791E+01   3.7342E-01   3.0771E-01  -4.0107E+00   3.0557E-02   2.5180E-02   6.5640E-01
   1994.00   4.8198E+01  -9.1603E+00  -2.7448E+01   4.0524E-01   3.3194E-01  -4.3392E+00   3.3161E-02   2.7163E-02   7.1015E-01
   1994.08   4.8794E+01  -8.9500E+00  -2.7103E+01   4.3681E-01   3.5598E-01  -4.6650E+00   3.5744E-02   2.9130E-02   7.6348E-01
   1994.17   4.9383E+01  -8.7587E+00  -2.6770E+01   4.6548E-01   3.7778E-01  -4.9609E+00   3.8090E-02   3.0914E-02   8.1190E-01
   1994.25   4.9966E+01  -8.5861E+00  -2.6448E+01   4.9125E-01   3.9736E-01  -5.2266E+00   4.0199E-02   3.2516E-02   8.5539E-01
   1994.33   5.0542E+01  -8.4324E+00  -2.6139E+01   5.1412E-01   4.1470E-01  -5.4623E+00   4.2071E-02   3.3935E-02   8.9397E-01
   1994.42   5.1112E+01  -8.2976E+00  -2.5842E+01   5.3410E-01   4.2982E-01  -5.6680E+00   4.3706E-02   3.5172E-02   9.2763E-01
   1994.50   5.1675E+01  -8.1816E+00  -2.5556E+01   5.5119E-01   4.4270E-01  -5.8436E+00   4.5104E-02   3.6226E-02   9.5637E-01
   1994.58   5.2232E+01  -8.0844E+00  -2.5282E+01   5.6538E-01   4.5335E-01  -5.9892E+00   4.6265E-02   3.7098E-02   9.8019E-01
   1994.67   5.2783E+01  -8.0061E+00  -2.5021E+01   5.7667E-01   4.6176E-01  -6.1047E+00   4.7189E-02   3.7786E-02   9.9910E-01
   1994.75   5.3328E+01  -7.9467E+00  -2.4771E+01   5.8506E-01   4.6795E-01  -6.1902E+00   4.7876E-02   3.8293E-02   1.0131E+00
   1994.83   5.3865E+01  -7.9061E+00  -2.4533E+01   5.9056E-01   4.7191E-01  -6.2456E+00   4.8326E-02   3.8616E-02   1.0222E+00
   1994.92   5.4397E+01  -7.8843E+00  -2.4307E+01   5.9317E-01   4.7363E-01  -6.2710E+00   4.8539E-02   3.8757E-02   1.0263E+00
   1995.00   5.4922E+01  -7.8814E+00  -2.4093E+01   5.9287E-01   4.7312E-01  -6.2663E+00   4.8515E-02   3.8716E-02   1.0256E+00
   1995.08   5.5441E+01  -7.8973E+00  -2.3891E+01   5.8969E-01   4.7038E-01  -6.2316E+00   4.8254E-02   3.8492E-02   1.0199E+00
   1995.17   5.5953E+01  -7.9321E+00  -2.3700E+01   5.8360E-01   4.6541E-01  -6.1669E+00   4.7756E-02   3.8085E-02   1.0093E+00
   1995.25   5.6459E+01  -7.9858E+00  -2.3522E+01   5.7462E-01   4.5821E-01  -6.0721E+00   4.7021E-02   3.7496E-02   9.9376E-01
   1995.33   5.6959E+01  -8.0582E+00  -2.3355E+01   5.6274E-01   4.4878E-01  -5.9472E+00   4.6049E-02   3.6724E-02   9.7333E-01
   1995.42   5.7452E+01  -8.1496E+00  -2.3201E+01   5.4797E-01   4.3712E-01  -5.7923E+00   4.4840E-02   3.5769E-02   9.4798E-01
   1995.50   5.7939E+01  -8.2598E+00  -2.3058E+01   5.3030E-01   4.2322E-01  -5.6074E+00   4.3395E-02   3.4632E-02   9.1771E-01
   1995.58   5.8419E+01  -8.3888E+00  -2.2927E+01   5.0973E-01   4.0709E-01  -5.3924E+00   4.1712E-02   3.3313E-02   8.8252E-01
   1995.67   5.8894E+01  -8.5367E+00  -2.2808E+01   4.8627E-01   3.8873E-01  -5.1474E+00   3.9792E-02   3.1810E-02   8.4242E-01
   1995.75   5.9361E+01  -8.7034E+00  -2.2701E+01   4.5991E-01   3.6814E-01  -4.8723E+00   3.7635E-02   3.0125E-02   7.9740E-01
   1995.83   5.9822E+01  -8.8890E+00  -2.2606E+01   4.3066E-01   3.4532E-01  -4.5671E+00   3.5241E-02   2.8258E-02   7.4746E-01
   1995.92   6.0277E+01  -9.0934E+00  -2.2523E+01   3.9851E-01   3.2027E-01  -4.2320E+00   3.2610E-02   2.6208E-02   6.9260E-01
   1996.00   6.0726E+01  -9.3166E+00  -2.2451E+01   3.6346E-01   2.9299E-01  -3.8667E+00   2.9742E-02   2.3975E-02   6.3283E-01
   1996.08   6.1167E+01  -9.5499E+00  -2.2379E+01   3.2683E-01   2.6453E-01  -3.4854E+00   2.6745E-02   2.1646E-02   5.7043E-01
   1996.17   6.1601E+01  -9.7845E+00  -2.2291E+01   2.8994E-01   2.3596E-01  -3.1020E+00   2.3726E-02   1.9308E-02   5.0768E-01
   1996.25   6.2026E+01  -1.0020E+01  -2.2188E+01   2.5277E-01   2.0727E-01  -2.7165E+00   2.0684E-02   1.6961E-02   4.4458E-01
   1996.33   6.2444E+01  -1.0257E+01  -2.2070E+01   2.1533E-01   1.7847E-01  -2.3288E+00   1.7620E-02   1.4604E-02   3.8114E-01
   1996.42   6.2854E+01  -1.0495E+01  -2.1938E+01   1.7762E-01   1.4956E-01  -1.9391E+00   1.4535E-02   1.2238E-02   3.1736E-01
   1996.50   6.3256E+01  -1.0735E+01  -2.1790E+01   1.3964E-01   1.2053E-01  -1.5473E+00   1.1427E-02   9.8627E-03   2.5322E-01
   1996.58   6.3651E+01  -1.0975E+01  -2.1628E+01   1.0139E-01   9.1383E-02  -1.1533E+00   8.2966E-03   7.4779E-03   1.8875E-01
   1996.67   6.4037E+01  -1.1217E+01  -2.1450E+01   6.2869E-02   6.2124E-02  -7.5722E-01   5.1446E-03   5.0837E-03   1.2393E-01
   1996.75   6.4416E+01  -1.1460E+01  -2.1258E+01   2.4079E-02   3.2752E-02  -3.5904E-01   1.9704E-03   2.6801E-03   5.8760E-02
   1996.83   6.4787E+01  -1.1704E+01  -2.1050E+01  -1.4981E-02   3.2647E-03   4.1255E-02  -1.2259E-03   2.6715E-04  -6.7518E-03
   1996.92   6.5149E+01  -1.1950E+01  -2.0828E+01  -5.4311E-02  -2.6337E-02   4.4365E-01  -4.4443E-03  -2.1552E-03  -7.2609E-02
   1997.00   6.5505E+01  -1.2197E+01  -2.0591E+01  -9.3911E-02  -5.6053E-02   8.4816E-01  -7.6847E-03  -4.5868E-03  -1.3881E-01
   1997.08   6.5852E+01  -1.2444E+01  -2.0339E+01  -1.3378E-01  -8.5883E-02   1.2548E+00  -1.0947E-02  -7.0279E-03  -2.0536E-01
   1997.17   6.6191E+01  -1.2694E+01  -2.0071E+01  -1.7392E-01  -1.1583E-01   1.6635E+00  -1.4232E-02  -9.4782E-03  -2.7225E-01
   1997.25   6.6523E+01  -1.2944E+01  -1.9789E+01  -2.1433E-01  -1.4589E-01   2.0744E+00  -1.7539E-02  -1.1938E-02  -3.3949E-01
   1997.33   6.6846E+01  -1.3195E+01  -1.9492E+01  -2.5501E-01  -1.7606E-01   2.4873E+00  -2.0868E-02  -1.4407E-02  -4.0707E-01
   1997.42   6.7162E+01  -1.3448E+01  -1.9180E+01  -2.9596E-01  -2.0635E-01   2.9024E+00  -2.4219E-02  -1.6886E-02  -4.7500E-01
   1997.50   6.7470E+01  -1.3702E+01  -1.8853E+01  -3.3718E-01  -2.3675E-01   3.3195E+00  -2.7592E-02  -1.9373E-02  -5.4328E-01
   1997.58   6.7771E+01  -1.3957E+01  -1.8512E+01  -3.7867E-01  -2.6727E-01   3.7388E+00  -3.0987E-02  -2.1871E-02  -6.1189E-01
   1997.67   6.8063E+01  -1.4214E+01  -1.8155E+01  -4.2043E-01  -2.9790E-01   4.1602E+00  -3.4404E-02  -2.4377E-02  -6.8086E-01
   1997.75   6.8347E+01  -1.4471E+01  -1.7783E+01  -4.6246E-01  -3.2865E-01   4.5837E+00  -3.7843E-02  -2.6893E-02  -7.5017E-01
   1997.83   6.8624E+01  -1.4730E+01  -1.7396E+01  -5.0476E-01  -3.5951E-01   5.0093E+00  -4.1305E-02  -2.9419E-02  -8.1982E-01
   1997.92   6.8893E+01  -1.4990E+01  -1.6995E+01  -5.4733E-01  -3.9048E-01   5.4370E+00  -4.4789E-02  -3.1953E-02  -8.8982E-01
   1998.00   6.9154E+01  -1.5252E+01  -1.6578E+01  -5.9017E-01  -4.2157E-01   5.8668E+00  -4.8294E-02  -3.4497E-02  -9.6017E-01
   1998.08   6.9411E+01  -1.5506E+01  -1.6165E+01  -6.3061E-01  -4.5087E-01   6.2722E+00  -5.1603E-02  -3.6895E-02  -1.0265E+00
   1998.17   6.9669E+01  -1.5746E+01  -1.5773E+01  -6.6598E-01  -4.7648E-01   6.6267E+00  -5.4498E-02  -3.8991E-02  -1.0845E+00
   1998.25   6.9928E+01  -1.5971E+01  -1.5403E+01  -6.9628E-01  -4.9841E-01   6.9303E+00  -5.6977E-02  -4.0785E-02  -1.1342E+00
   1998.33   7.0187E+01  -1.6182E+01  -1.5054E+01  -7.2151E-01  -5.1664E-01   7.1830E+00  -5.9041E-02  -4.2277E-02  -1.1756E+00
   1998.42   7.0447E+01  -1.6378E+01  -1.4727E+01  -7.4167E-01  -5.3118E-01   7.3847E+00  -6.0691E-02  -4.3467E-02  -1.2086E+00
   1998.50   7.0707E+01  -1.6559E+01  -1.4422E+01  -7.5675E-01  -5.4204E-01   7.5355E+00  -6.1925E-02  -4.4355E-02  -1.2333E+00
   1998.58   7.0968E+01  -1.6726E+01  -1.4138E+01  -7.6677E-01  -5.4920E-01   7.6354E+00  -6.2745E-02  -4.4942E-02  -1.2496E+00
   1998.67   7.1230E+01  -1.6878E+01  -1.3876E+01  -7.7171E-01  -5.5268E-01   7.6844E+00  -6.3149E-02  -4.5226E-02  -1.2576E+00
   1998.75   7.1492E+01  -1.7016E+01  -1.3635E+01  -7.7158E-01  -5.5247E-01   7.6825E+00  -6.3139E-02  -4.5209E-02  -1.2573E+00
   1998.83   7.1755E+01  -1.7138E+01  -1.3416E+01  -7.6639E-01  -5.4857E-01   7.6296E+00  -6.2714E-02  -4.4889E-02  -1.2487E+00
   1998.92   7.2018E+01  -1.7247E+01  -1.3219E+01  -7.5612E-01  -5.4097E-01   7.5258E+00  -6.1873E-02  -4.4268E-02  -1.2317E+00
   1999.00   7.2282E+01  -1.7340E+01  -1.3043E+01  -7.4078E-01  -5.2969E-01   7.3711E+00  -6.0618E-02  -4.3345E-02  -1.2064E+00
   1999.08   7.2547E+01  -1.7419E+01  -1.2888E+01  -7.2037E-01  -5.1472E-01   7.1655E+00  -5.8948E-02  -4.2120E-02  -1.1727E+00
   1999.17   7.2812E+01  -1.7483E+01  -1.2756E+01  -6.9488E-01  -4.9606E-01   6.9089E+00  -5.6863E-02  -4.0593E-02  -1.1307E+00
   1999.25   7.3078E+01  -1.7533E+01  -1.2644E+01  -6.6433E-01  -4.7371E-01   6.6015E+00  -5.4363E-02  -3.8764E-02  -1.0804E+00
   1999.33   7.3344E+01  -1.7568E+01  -1.2555E+01  -6.2871E-01  -4.4767E-01   6.2431E+00  -5.1447E-02  -3.6633E-02  -1.0217E+00
   1999.42   7.3611E+01  -1.7588E+01  -1.2487E+01  -5.8801E-01  -4.1794E-01   5.8338E+00  -4.8117E-02  -3.4201E-02  -9.5476E-01
   1999.50   7.3879E+01  -1.7594E+01  -1.2440E+01  -5.4225E-01  -3.8453E-01   5.3736E+00  -4.4372E-02  -3.1466E-02  -8.7944E-01
   1999.58   7.4147E+01  -1.7585E+01  -1.2415E+01  -4.9141E-01  -3.4742E-01   4.8624E+00  -4.0213E-02  -2.8430E-02  -7.9579E-01
   1999.67   7.4416E+01  -1.7561E+01  -1.2412E+01  -4.3551E-01  -3.0662E-01   4.3004E+00  -3.5638E-02  -2.5091E-02  -7.0380E-01
   1999.75   7.4686E+01  -1.7523E+01  -1.2430E+01  -3.7453E-01  -2.6214E-01   3.6874E+00  -3.0648E-02  -2.1451E-02  -6.0348E-01
   1999.83   7.4956E+01  -1.7470E+01  -1.2470E+01  -3.0848E-01  -2.1396E-01   3.0235E+00  -2.5243E-02  -1.7509E-02  -4.9482E-01
   1999.92   7.5226E+01  -1.7402E+01  -1.2531E+01  -2.3736E-01  -1.6210E-01   2.3086E+00  -1.9423E-02  -1.3265E-02  -3.7783E-01
   2000.00   7.5498E+01  -1.7320E+01  -1.2614E+01  -1.6117E-01  -1.0655E-01   1.5429E+00  -1.3189E-02  -8.7187E-03  -2.5251E-01
   2000.08   7.5765E+01  -1.7233E+01  -1.2702E+01  -8.5661E-02  -5.1461E-02   7.8379E-01  -7.0097E-03  -4.2111E-03  -1.2828E-01
   2000.17   7.6025E+01  -1.7150E+01  -1.2779E+01  -1.6590E-02  -1.0037E-03   8.8890E-02  -1.3575E-03  -8.2130E-05  -1.4548E-02
   2000.25   7.6277E+01  -1.7071E+01  -1.2843E+01   4.6045E-02   4.4827E-02  -5.4180E-01   3.7679E-03   3.6682E-03   8.8671E-02
   2000.33   7.6520E+01  -1.6996E+01  -1.2897E+01   1.0224E-01   8.6030E-02  -1.1083E+00   8.3666E-03   7.0398E-03   1.8138E-01
   2000.42   7.6756E+01  -1.6926E+01  -1.2938E+01   1.5200E-01   1.2261E-01  -1.6106E+00   1.2439E-02   1.0033E-02   2.6359E-01
   2000.50   7.6984E+01  -1.6859E+01  -1.2969E+01   1.9533E-01   1.5455E-01  -2.0486E+00   1.5984E-02   1.2647E-02   3.3528E-01
   2000.58   7.7204E+01  -1.6797E+01  -1.2987E+01   2.3222E-01   1.8188E-01  -2.4225E+00   1.9002E-02   1.4883E-02   3.9647E-01
   2000.67   7.7416E+01  -1.6739E+01  -1.2994E+01   2.6267E-01   2.0457E-01  -2.7322E+00   2.1494E-02   1.6740E-02   4.4715E-01
   2000.75   7.7620E+01  -1.6686E+01  -1.2990E+01   2.8668E-01   2.2264E-01  -2.9776E+00   2.3460E-02   1.8218E-02   4.8732E-01
   2000.83   7.7816E+01  -1.6637E+01  -1.2974E+01   3.0426E-01   2.3608E-01  -3.1589E+00   2.4898E-02   1.9318E-02   5.1698E-01
   2000.92   7.8004E+01  -1.6591E+01  -1.2946E+01   3.1541E-01   2.4489E-01  -3.2759E+00   2.5810E-02   2.0039E-02   5.3614E-01
   2001.00   7.8184E+01  -1.6550E+01  -1.2907E+01   3.2011E-01   2.4907E-01  -3.3287E+00   2.6195E-02   2.0382E-02   5.4478E-01
   2001.08   7.8356E+01  -1.6514E+01  -1.2857E+01   3.1838E-01   2.4863E-01  -3.3174E+00   2.6053E-02   2.0346E-02   5.4292E-01
   2001.17   7.8520E+01  -1.6481E+01  -1.2795E+01   3.1021E-01   2.4356E-01  -3.2418E+00   2.5385E-02   1.9931E-02   5.3055E-01
   2001.25   7.8677E+01  -1.6453E+01  -1.2721E+01   2.9561E-01   2.3387E-01  -3.1020E+00   2.4190E-02   1.9137E-02   5.0768E-01
   2001.33   7.8825E+01  -1.6429E+01  -1.2635E+01   2.7457E-01   2.1954E-01  -2.8980E+00   2.2468E-02   1.7965E-02   4.7429E-01
   2001.42   7.8965E+01  -1.6409E+01  -1.2539E+01   2.4709E-01   2.0059E-01  -2.6298E+00   2.0219E-02   1.6415E-02   4.3040E-01
   2001.50   7.9097E+01  -1.6394E+01  -1.2430E+01   2.1318E-01   1.7701E-01  -2.2974E+00   1.7444E-02   1.4485E-02   3.7600E-01
   2001.58   7.9222E+01  -1.6383E+01  -1.2310E+01   1.7282E-01   1.4881E-01  -1.9008E+00   1.4142E-02   1.2177E-02   3.1109E-01
   2001.67   7.9338E+01  -1.6376E+01  -1.2179E+01   1.2604E-01   1.1598E-01  -1.4400E+00   1.0314E-02   9.4904E-03   2.3567E-01
   2001.75   7.9447E+01  -1.6373E+01  -1.2036E+01   7.2814E-02   7.8516E-02  -9.1497E-01   5.9584E-03   6.4250E-03   1.4974E-01
   2001.83   7.9547E+01  -1.6374E+01  -1.1881E+01   1.3153E-02   3.6429E-02  -3.2574E-01   1.0763E-03   2.9810E-03   5.3311E-02
   2001.92   7.9640E+01  -1.6380E+01  -1.1715E+01  -5.2944E-02  -1.0285E-02   3.2769E-01  -4.3324E-03  -8.4162E-04  -5.3630E-02
   2002.00   7.9724E+01  -1.6390E+01  -1.1537E+01  -1.2548E-01  -6.1626E-02   1.0453E+00  -1.0268E-02  -5.0429E-03  -1.7108E-01
   2002.08   7.9800E+01  -1.6399E+01  -1.1365E+01  -1.9786E-01  -1.1292E-01   1.7619E+00  -1.6191E-02  -9.2402E-03  -2.8836E-01
   2002.17   7.9866E+01  -1.6405E+01  -1.1216E+01  -2.6351E-01  -1.5949E-01   2.4122E+00  -2.1563E-02  -1.3051E-02  -3.9478E-01
   2002.25   7.9921E+01  -1.6407E+01  -1.1090E+01  -3.2242E-01  -2.0133E-01   2.9961E+00  -2.6384E-02  -1.6475E-02  -4.9035E-01
   2002.33   7.9967E+01  -1.6404E+01  -1.0987E+01  -3.7460E-01  -2.3846E-01   3.5137E+00  -3.0653E-02  -1.9513E-02  -5.7506E-01
   2002.42   8.0002E+01  -1.6397E+01  -1.0906E+01  -4.2003E-01  -2.7085E-01   3.9650E+00  -3.4372E-02  -2.2164E-02  -6.4892E-01
   2002.50   8.0028E+01  -1.6387E+01  -1.0849E+01  -4.5874E-01  -2.9853E-01   4.3500E+00  -3.7539E-02  -2.4429E-02  -7.1192E-01
   2002.58   8.0044E+01  -1.6372E+01  -1.0814E+01  -4.9070E-01  -3.2148E-01   4.6686E+00  -4.0154E-02  -2.6307E-02  -7.6407E-01
   2002.67   8.0049E+01  -1.6352E+01  -1.0802E+01  -5.1593E-01  -3.3971E-01   4.9210E+00  -4.2219E-02  -2.7798E-02  -8.0537E-01
   2002.75   8.0045E+01  -1.6329E+01  -1.0814E+01  -5.3443E-01  -3.5321E-01   5.1070E+00  -4.3733E-02  -2.8903E-02  -8.3581E-01
   2002.83   8.0031E+01  -1.6301E+01  -1.0848E+01  -5.4619E-01  -3.6199E-01   5.2267E+00  -4.4695E-02  -2.9622E-02  -8.5540E-01
   2002.92   8.0006E+01  -1.6270E+01  -1.0905E+01  -5.5121E-01  -3.6604E-01   5.2800E+00  -4.5106E-02  -2.9953E-02  -8.6414E-01
   2003.00   7.9972E+01  -1.6234E+01  -1.0985E+01  -5.4950E-01  -3.6537E-01   5.2671E+00  -4.4965E-02  -2.9899E-02  -8.6202E-01
   2003.08   7.9927E+01  -1.6194E+01  -1.1088E+01  -5.4105E-01  -3.5998E-01   5.1878E+00  -4.4274E-02  -2.9458E-02  -8.4904E-01
   2003.17   7.9873E+01  -1.6150E+01  -1.1214E+01  -5.2586E-01  -3.4987E-01   5.0422E+00  -4.3031E-02  -2.8630E-02  -8.2521E-01
   2003.25   7.9809E+01  -1.6102E+01  -1.1362E+01  -5.0394E-01  -3.3503E-01   4.8303E+00  -4.1237E-02  -2.7415E-02  -7.9053E-01
   2003.33   7.9734E+01  -1.6049E+01  -1.1534E+01  -4.7528E-01  -3.1546E-01   4.5521E+00  -3.8892E-02  -2.5814E-02  -7.4499E-01
   2003.42   7.9650E+01  -1.5993E+01  -1.1728E+01  -4.3988E-01  -2.9118E-01   4.2075E+00  -3.5996E-02  -2.3827E-02  -6.8860E-01
   2003.50   7.9556E+01  -1.5932E+01  -1.1946E+01  -3.9775E-01  -2.6217E-01   3.7966E+00  -3.2548E-02  -2.1453E-02  -6.2136E-01
   2003.58   7.9451E+01  -1.5867E+01  -1.2186E+01  -3.4889E-01  -2.2843E-01   3.3194E+00  -2.8549E-02  -1.8693E-02  -5.4326E-01
   2003.67   7.9337E+01  -1.5798E+01  -1.2449E+01  -2.9328E-01  -1.8997E-01   2.7759E+00  -2.3999E-02  -1.5545E-02  -4.5430E-01
   2003.75   7.9213E+01  -1.5725E+01  -1.2736E+01  -2.3094E-01  -1.4679E-01   2.1660E+00  -1.8898E-02  -1.2012E-02  -3.5449E-01
   2003.83   7.9078E+01  -1.5648E+01  -1.3045E+01  -1.6187E-01  -9.8883E-02   1.4898E+00  -1.3246E-02  -8.0916E-03  -2.4383E-01
   2003.92   7.8934E+01  -1.5566E+01  -1.3377E+01  -8.6055E-02  -4.6253E-02   7.4736E-01  -7.0420E-03  -3.7849E-03  -1.2231E-01
   2004.00   7.8779E+01  -1.5481E+01  -1.3731E+01  -3.5076E-03   1.1101E-02  -6.1457E-02  -2.8703E-04   9.0839E-04   1.0058E-02
   2004.08   7.8622E+01  -1.5394E+01  -1.4097E+01   7.9646E-02   6.8903E-02  -8.7638E-01   6.5174E-03   5.6383E-03   1.4343E-01
   2004.17   7.8469E+01  -1.5311E+01  -1.4460E+01   1.5727E-01   1.2288E-01  -1.6372E+00   1.2870E-02   1.0055E-02   2.6795E-01
   2004.25   7.8321E+01  -1.5230E+01  -1.4820E+01   2.2938E-01   1.7302E-01  -2.3439E+00   1.8770E-02   1.4158E-02   3.8361E-01
   2004.33   7.8176E+01  -1.5153E+01  -1.5179E+01   2.9595E-01   2.1934E-01  -2.9966E+00   2.4218E-02   1.7949E-02   4.9042E-01
   2004.42   7.8036E+01  -1.5078E+01  -1.5535E+01   3.5701E-01   2.6183E-01  -3.5951E+00   2.9214E-02   2.1426E-02   5.8838E-01
   2004.50   7.7901E+01  -1.5006E+01  -1.5890E+01   4.1253E-01   3.0049E-01  -4.1396E+00   3.3758E-02   2.4589E-02   6.7748E-01
   2004.58   7.7769E+01  -1.4936E+01  -1.6241E+01   4.6253E-01   3.3532E-01  -4.6299E+00   3.7849E-02   2.7440E-02   7.5773E-01
   2004.67   7.7642E+01  -1.4870E+01  -1.6591E+01   5.0701E-01   3.6633E-01  -5.0661E+00   4.1489E-02   2.9977E-02   8.2913E-01
   2004.75   7.7519E+01  -1.4807E+01  -1.6939E+01   5.4596E-01   3.9351E-01  -5.4483E+00   4.4676E-02   3.2201E-02   8.9167E-01
   2004.83   7.7400E+01  -1.4746E+01  -1.7284E+01   5.7939E-01   4.1686E-01  -5.7763E+00   4.7411E-02   3.4111E-02   9.4536E-01
   2004.92   7.7286E+01  -1.4688E+01  -1.7627E+01   6.0729E-01   4.3638E-01  -6.0503E+00   4.9694E-02   3.5709E-02   9.9019E-01
   2005.00   7.7176E+01  -1.4633E+01  -1.7968E+01   6.2966E-01   4.5207E-01  -6.2701E+00   5.1525E-02   3.6993E-02   1.0262E+00
   2005.08   7.7070E+01  -1.4581E+01  -1.8306E+01   6.4651E-01   4.6394E-01  -6.4359E+00   5.2904E-02   3.7964E-02   1.0533E+00
   2005.17   7.6969E+01  -1.4532E+01  -1.8643E+01   6.5783E-01   4.7197E-01  -6.5476E+00   5.3831E-02   3.8622E-02   1.0716E+00
   2005.25   7.6872E+01  -1.4486E+01  -1.8977E+01   6.6363E-01   4.7618E-01  -6.6051E+00   5.4305E-02   3.8966E-02   1.0810E+00
   2005.33   7.6779E+01  -1.4442E+01  -1.9309E+01   6.6391E-01   4.7656E-01  -6.6086E+00   5.4328E-02   3.8997E-02   1.0816E+00
   2005.42   7.6690E+01  -1.4402E+01  -1.9639E+01   6.5865E-01   4.7312E-01  -6.5580E+00   5.3898E-02   3.8715E-02   1.0733E+00
   2005.50   7.6606E+01  -1.4364E+01  -1.9966E+01   6.4788E-01   4.6584E-01  -6.4532E+00   5.3016E-02   3.8120E-02   1.0561E+00
   2005.58   7.6526E+01  -1.4329E+01  -2.0292E+01   6.3157E-01   4.5474E-01  -6.2944E+00   5.1682E-02   3.7211E-02   1.0301E+00
   2005.67   7.6450E+01  -1.4297E+01  -2.0615E+01   6.0975E-01   4.3981E-01  -6.0815E+00   4.9896E-02   3.5990E-02   9.9530E-01
   2005.75   7.6378E+01  -1.4267E+01  -2.0936E+01   5.8239E-01   4.2105E-01  -5.8145E+00   4.7657E-02   3.4455E-02   9.5160E-01
   2005.83   7.6311E+01  -1.4241E+01  -2.1254E+01   5.4951E-01   3.9846E-01  -5.4933E+00   4.4967E-02   3.2606E-02   8.9904E-01
   2005.92   7.6248E+01  -1.4218E+01  -2.1571E+01   5.1111E-01   3.7205E-01  -5.1181E+00   4.1824E-02   3.0445E-02   8.3764E-01
   2006.00   7.6190E+01  -1.4197E+01  -2.1885E+01   4.6718E-01   3.4180E-01  -4.6888E+00   3.8230E-02   2.7970E-02   7.6737E-01
   2006.08   7.6136E+01  -1.4179E+01  -2.2195E+01   4.2215E-01   3.1076E-01  -4.2485E+00   3.4545E-02   2.5429E-02   6.9531E-01
   2006.17   7.6088E+01  -1.4165E+01  -2.2500E+01   3.8045E-01   2.8193E-01  -3.8402E+00   3.1132E-02   2.3070E-02   6.2849E-01
   2006.25   7.6046E+01  -1.4154E+01  -2.2800E+01   3.4206E-01   2.5532E-01  -3.4640E+00   2.7991E-02   2.0893E-02   5.6692E-01
   2006.33   7.6010E+01  -1.4146E+01  -2.3094E+01   3.0701E-01   2.3094E-01  -3.1198E+00   2.5123E-02   1.8898E-02   5.1059E-01
   2006.42   7.5979E+01  -1.4142E+01  -2.3383E+01   2.7527E-01   2.0878E-01  -2.8077E+00   2.2526E-02   1.7084E-02   4.5951E-01
   2006.50   7.5954E+01  -1.4141E+01  -2.3667E+01   2.4687E-01   1.8883E-01  -2.5277E+00   2.0201E-02   1.5452E-02   4.1368E-01
   2006.58   7.5935E+01  -1.4143E+01  -2.3945E+01   2.2178E-01   1.7111E-01  -2.2797E+00   1.8148E-02   1.4002E-02   3.7310E-01
   2006.67   7.5922E+01  -1.4148E+01  -2.4218E+01   2.0002E-01   1.5561E-01  -2.0638E+00   1.6368E-02   1.2733E-02   3.3776E-01
   2006.75   7.5914E+01  -1.4157E+01  -2.4485E+01   1.8158E-01   1.4233E-01  -1.8799E+00   1.4859E-02   1.1647E-02   3.0766E-01
   2006.83   7.5912E+01  -1.4169E+01  -2.4747E+01   1.6647E-01   1.3127E-01  -1.7281E+00   1.3622E-02   1.0742E-02   2.8282E-01
   2006.92   7.5916E+01  -1.4185E+01  -2.5004E+01   1.5468E-01   1.2243E-01  -1.6083E+00   1.2658E-02   1.0018E-02   2.6322E-01
   2007.00   7.5925E+01  -1.4203E+01  -2.5255E+01   1.4622E-01   1.1581E-01  -1.5206E+00   1.1965E-02   9.4766E-03   2.4887E-01
   2007.08   7.5940E+01  -1.4225E+01  -2.5501E+01   1.4108E-01   1.1141E-01  -1.4650E+00   1.1545E-02   9.1166E-03   2.3976E-01
   2007.17   7.5961E+01  -1.4251E+01  -2.5741E+01   1.3927E-01   1.0923E-01  -1.4414E+00   1.1396E-02   8.9384E-03   2.3590E-01
   2007.25   7.5988E+01  -1.4279E+01  -2.5976E+01   1.4078E-01   1.0927E-01  -1.4499E+00   1.1520E-02   8.9419E-03   2.3729E-01
   2007.33   7.6020E+01  -1.4311E+01  -2.6206E+01   1.4561E-01   1.1154E-01  -1.4904E+00   1.1915E-02   9.1272E-03   2.4392E-01
   2007.42   7.6059E+01  -1.4346E+01  -2.6431E+01   1.5377E-01   1.1602E-01  -1.5630E+00   1.2583E-02   9.4941E-03   2.5580E-01
   2007.50   7.6102E+01  -1.4385E+01  -2.6649E+01   1.6525E-01   1.2273E-01  -1.6677E+00   1.3522E-02   1.0043E-02   2.7293E-01
   2007.58   7.6152E+01  -1.4427E+01  -2.6863E+01   1.8005E-01   1.3165E-01  -1.8044E+00   1.4734E-02   1.0773E-02   2.9531E-01
   2007.67   7.6207E+01  -1.4472E+01  -2.7071E+01   1.9818E-01   1.4280E-01  -1.9731E+00   1.6217E-02   1.1685E-02   3.2293E-01
   2007.75   7.6268E+01  -1.4520E+01  -2.7274E+01   2.1964E-01   1.5617E-01  -2.1740E+00   1.7973E-02   1.2779E-02   3.5579E-01
   2007.83   7.6335E+01  -1.4572E+01  -2.7471E+01   2.4442E-01   1.7175E-01  -2.4069E+00   2.0001E-02   1.4055E-02   3.9391E-01
   2007.92   7.6408E+01  -1.4627E+01  -2.7664E+01   2.7252E-01   1.8956E-01  -2.6718E+00   2.2300E-02   1.5512E-02   4.3727E-01
   2008.00   7.6486E+01  -1.4685E+01  -2.7850E+01   3.0394E-01   2.0959E-01  -2.9688E+00   2.4872E-02   1.7151E-02   4.8588E-01
   2008.08   7.6572E+01  -1.4736E+01  -2.8039E+01   3.3471E-01   2.2927E-01  -3.2601E+00   2.7390E-02   1.8761E-02   5.3354E-01
   2008.17   7.6666E+01  -1.4771E+01  -2.8238E+01   3.6084E-01   2.4601E-01  -3.5078E+00   2.9527E-02   2.0131E-02   5.7409E-01
   2008.25   7.6769E+01  -1.4787E+01  -2.8446E+01   3.8232E-01   2.5983E-01  -3.7120E+00   3.1285E-02   2.1262E-02   6.0752E-01
   2008.33   7.6880E+01  -1.4787E+01  -2.8664E+01   3.9916E-01   2.7072E-01  -3.8727E+00   3.2663E-02   2.2153E-02   6.3382E-01
   2008.42   7.7001E+01  -1.4769E+01  -2.8892E+01   4.1136E-01   2.7868E-01  -3.9899E+00   3.3662E-02   2.2805E-02   6.5300E-01
   2008.50   7.7130E+01  -1.4734E+01  -2.9130E+01   4.1891E-01   2.8371E-01  -4.0636E+00   3.4280E-02   2.3216E-02   6.6505E-01
   2008.58   7.7267E+01  -1.4682E+01  -2.9378E+01   4.2182E-01   2.8582E-01  -4.0938E+00   3.4518E-02   2.3388E-02   6.6999E-01
   2008.67   7.7414E+01  -1.4612E+01  -2.9635E+01   4.2009E-01   2.8499E-01  -4.0804E+00   3.4377E-02   2.3321E-02   6.6780E-01
   2008.75   7.7569E+01  -1.4526E+01  -2.9902E+01   4.1372E-01   2.8124E-01  -4.0235E+00   3.3855E-02   2.3014E-02   6.5849E-01
   2008.83   7.7733E+01  -1.4422E+01  -3.0179E+01   4.0271E-01   2.7455E-01  -3.9231E+00   3.2954E-02   2.2467E-02   6.4206E-01
   2008.92   7.7905E+01  -1.4300E+01  -3.0466E+01   3.8705E-01   2.6494E-01  -3.7792E+00   3.1672E-02   2.1680E-02   6.1850E-01
   2009.00   7.8086E+01  -1.4162E+01  -3.0762E+01   3.6675E-01   2.5240E-01  -3.5917E+00   3.0011E-02   2.0654E-02   5.8782E-01
   2009.08   7.8276E+01  -1.4006E+01  -3.1069E+01   3.4181E-01   2.3693E-01  -3.3608E+00   2.7970E-02   1.9388E-02   5.5002E-01
   2009.17   7.8475E+01  -1.3833E+01  -3.1385E+01   3.1222E-01   2.1854E-01  -3.0863E+00   2.5549E-02   1.7883E-02   5.0510E-01
   2009.25   7.8682E+01  -1.3643E+01  -3.1711E+01   2.7799E-01   1.9721E-01  -2.7683E+00   2.2748E-02   1.6138E-02   4.5306E-01
   2009.33   7.8898E+01  -1.3435E+01  -3.2046E+01   2.3912E-01   1.7296E-01  -2.4067E+00   1.9568E-02   1.4153E-02   3.9389E-01
   2009.42   7.9123E+01  -1.3210E+01  -3.2392E+01   1.9561E-01   1.4577E-01  -2.0017E+00   1.6007E-02   1.1929E-02   3.2760E-01
   2009.50   7.9356E+01  -1.2968E+01  -3.2747E+01   1.4746E-01   1.1566E-01  -1.5531E+00   1.2066E-02   9.4646E-03   2.5419E-01
   2009.58   7.9599E+01  -1.2709E+01  -3.3112E+01   9.4658E-02   8.2621E-02  -1.0611E+00   7.7459E-03   6.7609E-03   1.7365E-01
   2009.67   7.9849E+01  -1.2432E+01  -3.3487E+01   3.7218E-02   4.6652E-02  -5.2546E-01   3.0456E-03   3.8175E-03   8.5997E-02
   2009.75   8.0109E+01  -1.2138E+01  -3.3871E+01  -2.4865E-02   7.7538E-03   5.3665E-02  -2.0347E-03   6.3449E-04  -8.7828E-03
   2009.83   8.0377E+01  -1.1827E+01  -3.4266E+01  -9.1590E-02  -3.4073E-02   6.7631E-01  -7.4949E-03  -2.7882E-03  -1.1068E-01
   2009.92   8.0654E+01  -1.1498E+01  -3.4670E+01  -1.6296E-01  -7.8828E-02   1.3425E+00  -1.3335E-02  -6.4505E-03  -2.1971E-01
   2010.00   8.0940E+01  -1.1153E+01  -3.5084E+01  -2.3897E-01  -1.2651E-01   2.0521E+00  -1.9555E-02  -1.0353E-02  -3.3586E-01
   2010.08   8.1224E+01  -1.0805E+01  -3.5503E+01  -3.1404E-01  -1.7363E-01   2.7533E+00  -2.5698E-02  -1.4209E-02  -4.5061E-01
   2010.17   8.1498E+01  -1.0469E+01  -3.5923E+01  -3.8260E-01  -2.1670E-01   3.3940E+00  -3.1309E-02  -1.7733E-02  -5.5546E-01
   2010.25   8.1761E+01  -1.0147E+01  -3.6344E+01  -4.4465E-01  -2.5572E-01   3.9741E+00  -3.6386E-02  -2.0926E-02  -6.5040E-01
   2010.33   8.2013E+01  -9.8365E+00  -3.6766E+01  -5.0019E-01  -2.9068E-01   4.4936E+00  -4.0930E-02  -2.3787E-02  -7.3543E-01
   2010.42   8.2255E+01  -9.5392E+00  -3.7189E+01  -5.4921E-01  -3.2159E-01   4.9527E+00  -4.4942E-02  -2.6316E-02  -8.1056E-01
   2010.50   8.2486E+01  -9.2545E+00  -3.7612E+01  -5.9171E-01  -3.4845E-01   5.3512E+00  -4.8420E-02  -2.8514E-02  -8.7578E-01
   2010.58   8.2706E+01  -8.9825E+00  -3.8037E+01  -6.2771E-01  -3.7125E-01   5.6892E+00  -5.1365E-02  -3.0380E-02  -9.3109E-01
   2010.67   8.2915E+01  -8.7232E+00  -3.8462E+01  -6.5719E-01  -3.9001E-01   5.9666E+00  -5.3778E-02  -3.1914E-02  -9.7650E-01
   2010.75   8.3114E+01  -8.4765E+00  -3.8888E+01  -6.8015E-01  -4.0471E-01   6.1835E+00  -5.5657E-02  -3.3117E-02  -1.0120E+00
   2010.83   8.3302E+01  -8.2425E+00  -3.9315E+01  -6.9661E-01  -4.1535E-01   6.3399E+00  -5.7003E-02  -3.3988E-02  -1.0376E+00
   2010.92   8.3479E+01  -8.0212E+00  -3.9743E+01  -7.0654E-01  -4.2195E-01   6.4358E+00  -5.7817E-02  -3.4528E-02  -1.0533E+00
   2011.00   8.3645E+01  -7.8125E+00  -4.0172E+01  -7.0997E-01  -4.2449E-01   6.4711E+00  -5.8097E-02  -3.4736E-02  -1.0591E+00
   2011.08   8.3801E+01  -7.6165E+00  -4.0602E+01  -7.0688E-01  -4.2297E-01   6.4459E+00  -5.7844E-02  -3.4612E-02  -1.0549E+00
   2011.17   8.3946E+01  -7.4332E+00  -4.1032E+01  -6.9728E-01  -4.1741E-01   6.3601E+00  -5.7059E-02  -3.4157E-02  -1.0409E+00
   2011.25   8.4080E+01  -7.2626E+00  -4.1464E+01  -6.8116E-01  -4.0779E-01   6.2138E+00  -5.5740E-02  -3.3370E-02  -1.0170E+00
   2011.33   8.4203E+01  -7.1046E+00  -4.1896E+01  -6.5854E-01  -3.9412E-01   6.0070E+00  -5.3888E-02  -3.2251E-02  -9.8311E-01
   2011.42   8.4316E+01  -6.9592E+00  -4.2329E+01  -6.2939E-01  -3.7640E-01   5.7397E+00  -5.1503E-02  -3.0801E-02  -9.3936E-01
   2011.50   8.4418E+01  -6.8266E+00  -4.2763E+01  -5.9374E-01  -3.5462E-01   5.4118E+00  -4.8586E-02  -2.9019E-02  -8.8570E-01
   2011.58   8.4509E+01  -6.7066E+00  -4.3198E+01  -5.5157E-01  -3.2879E-01   5.0234E+00  -4.5135E-02  -2.6905E-02  -8.2213E-01
   2011.67   8.4589E+01  -6.5993E+00  -4.3633E+01  -5.0288E-01  -2.9891E-01   4.5744E+00  -4.1151E-02  -2.4460E-02  -7.4865E-01
   2011.75   8.4659E+01  -6.5046E+00  -4.4070E+01  -4.4769E-01  -2.6497E-01   4.0649E+00  -3.6634E-02  -2.1683E-02  -6.6527E-01
   2011.83   8.4718E+01  -6.4226E+00  -4.4507E+01  -3.8598E-01  -2.2699E-01   3.4949E+00  -3.1585E-02  -1.8574E-02  -5.7198E-01
   2011.92   8.4766E+01  -6.3533E+00  -4.4946E+01  -3.1775E-01  -1.8494E-01   2.8644E+00  -2.6002E-02  -1.5134E-02  -4.6879E-01
   2012.00   8.4803E+01  -6.2967E+00  -4.5385E+01  -2.4301E-01  -1.3885E-01   2.1733E+00  -1.9886E-02  -1.1362E-02  -3.5568E-01
