   1960.00   7.1030E+01  -2.0751E+00  -2.5293E+00   9.3410E-01  -1.0194E-01  -1.5301E+00   7.6438E-02  -8.3422E-03   2.5042E-01
   1960.08   7.1496E+01  -2.0057E+00  -2.4996E+00   1.4110E+00  -1.5490E-01  -2.3110E+00   1.1546E-01  -1.2675E-02   3.7822E-01
   1960.17   7.1958E+01  -1.9451E+00  -2.5036E+00   1.8533E+00  -2.0401E-01  -3.0353E+00   1.5166E-01  -1.6694E-02   4.9676E-01
   1960.25   7.2417E+01  -1.8932E+00  -2.5411E+00   2.2610E+00  -2.4927E-01  -3.7029E+00   1.8502E-01  -2.0398E-02   6.0602E-01
   1960.33   7.2871E+01  -1.8499E+00  -2.6122E+00   2.6342E+00  -2.9069E-01  -4.3140E+00   2.1556E-01  -2.3788E-02   7.0603E-01
   1960.42   7.3322E+01  -1.8154E+00  -2.7168E+00   2.9728E+00  -3.2827E-01  -4.8684E+00   2.4326E-01  -2.6863E-02   7.9676E-01
   1960.50   7.3770E+01  -1.7895E+00  -2.8550E+00   3.2768E+00  -3.6201E-01  -5.3662E+00   2.6814E-01  -2.9623E-02   8.7824E-01
   1960.58   7.4214E+01  -1.7724E+00  -3.0268E+00   3.5462E+00  -3.9190E-01  -5.8074E+00   2.9019E-01  -3.2069E-02   9.5044E-01
   1960.67   7.4654E+01  -1.7640E+00  -3.2322E+00   3.7810E+00  -4.1794E-01  -6.1920E+00   3.0940E-01  -3.4200E-02   1.0134E+00
   1960.75   7.5090E+01  -1.7643E+00  -3.4711E+00   3.9813E+00  -4.4015E-01  -6.5199E+00   3.2579E-01  -3.6017E-02   1.0671E+00
   1960.83   7.5523E+01  -1.7733E+00  -3.7436E+00   4.1470E+00  -4.5851E-01  -6.7912E+00   3.3935E-01  -3.7520E-02   1.1115E+00
   1960.92   7.5952E+01  -1.7910E+00  -4.0497E+00   4.2781E+00  -4.7302E-01  -7.0060E+00   3.5008E-01  -3.8707E-02   1.1466E+00
   1961.00   7.6378E+01  -1.8174E+00  -4.3893E+00   4.3746E+00  -4.8369E-01  -7.1641E+00   3.5797E-01  -3.9581E-02   1.1725E+00
   1961.08   7.6800E+01  -1.8525E+00  -4.7626E+00   4.4365E+00  -4.9052E-01  -7.2655E+00   3.6304E-01  -4.0139E-02   1.1891E+00
   1961.17   7.7218E+01  -1.8963E+00  -5.1693E+00   4.4639E+00  -4.9350E-01  -7.3104E+00   3.6528E-01  -4.0383E-02   1.1964E+00
   1961.25   7.7632E+01  -1.9488E+00  -5.6097E+00   4.4567E+00  -4.9264E-01  -7.2987E+00   3.6469E-01  -4.0313E-02   1.1945E+00
   1961.33   7.8043E+01  -2.0100E+00  -6.0836E+00   4.4149E+00  -4.8794E-01  -7.2303E+00   3.6127E-01  -3.9928E-02   1.1833E+00
   1961.42   7.8450E+01  -2.0799E+00  -6.5911E+00   4.3385E+00  -4.7939E-01  -7.1053E+00   3.5502E-01  -3.9229E-02   1.1629E+00
   1961.50   7.8854E+01  -2.1585E+00  -7.1322E+00   4.2275E+00  -4.6700E-01  -6.9237E+00   3.4594E-01  -3.8215E-02   1.1331E+00
   1961.58   7.9254E+01  -2.2459E+00  -7.7068E+00   4.0820E+00  -4.5076E-01  -6.6855E+00   3.3403E-01  -3.6886E-02   1.0942E+00
   1961.67   7.9650E+01  -2.3419E+00  -8.3151E+00   3.9019E+00  -4.3068E-01  -6.3906E+00   3.1929E-01  -3.5243E-02   1.0459E+00
   1961.75   8.0042E+01  -2.4466E+00  -8.9568E+00   3.6872E+00  -4.0676E-01  -6.0392E+00   3.0172E-01  -3.3285E-02   9.8838E-01
   1961.83   8.0431E+01  -2.5601E+00  -9.6322E+00   3.4379E+00  -3.7899E-01  -5.6311E+00   2.8133E-01  -3.1013E-02   9.2159E-01
   1961.92   8.0816E+01  -2.6822E+00  -1.0341E+01   3.1541E+00  -3.4738E-01  -5.1664E+00   2.5810E-01  -2.8426E-02   8.4554E-01
   1962.00   8.1198E+01  -2.8131E+00  -1.1084E+01   2.8356E+00  -3.1192E-01  -4.6451E+00   2.3204E-01  -2.5525E-02   7.6023E-01
   1962.08   8.1570E+01  -2.9468E+00  -1.1819E+01   2.5104E+00  -2.7572E-01  -4.1126E+00   2.0542E-01  -2.2562E-02   6.7308E-01
   1962.17   8.1928E+01  -3.0775E+00  -1.2508E+01   2.2060E+00  -2.4185E-01  -3.6144E+00   1.8052E-01  -1.9791E-02   5.9154E-01
   1962.25   8.2272E+01  -3.2053E+00  -1.3150E+01   1.9226E+00  -2.1032E-01  -3.1504E+00   1.5733E-01  -1.7211E-02   5.1560E-01
   1962.33   8.2600E+01  -3.3300E+00  -1.3745E+01   1.6601E+00  -1.8113E-01  -2.7207E+00   1.3585E-01  -1.4822E-02   4.4527E-01
   1962.42   8.2914E+01  -3.4518E+00  -1.4293E+01   1.4186E+00  -1.5428E-01  -2.3252E+00   1.1608E-01  -1.2625E-02   3.8055E-01
   1962.50   8.3214E+01  -3.5706E+00  -1.4794E+01   1.1980E+00  -1.2977E-01  -1.9640E+00   9.8029E-02  -1.0619E-02   3.2144E-01
   1962.58   8.3499E+01  -3.6863E+00  -1.5248E+01   9.9825E-01  -1.0760E-01  -1.6371E+00   8.1687E-02  -8.8046E-03   2.6793E-01
   1962.67   8.3769E+01  -3.7991E+00  -1.5655E+01   8.1947E-01  -8.7762E-02  -1.3444E+00   6.7058E-02  -7.1816E-03   2.2002E-01
   1962.75   8.4025E+01  -3.9089E+00  -1.6015E+01   6.6162E-01  -7.0269E-02  -1.0859E+00   5.4140E-02  -5.7501E-03   1.7773E-01
   1962.83   8.4266E+01  -4.0158E+00  -1.6328E+01   5.2469E-01  -5.5114E-02  -8.6175E-01   4.2935E-02  -4.5100E-03   1.4103E-01
   1962.92   8.4492E+01  -4.1196E+00  -1.6594E+01   4.0868E-01  -4.2299E-02  -6.7181E-01   3.3443E-02  -3.4613E-03   1.0995E-01
   1963.00   8.4704E+01  -4.2204E+00  -1.6813E+01   3.1360E-01  -3.1822E-02  -5.1613E-01   2.5662E-02  -2.6040E-03   8.4471E-02
   1963.08   8.4902E+01  -4.3183E+00  -1.6985E+01   2.3945E-01  -2.3685E-02  -3.9471E-01   1.9594E-02  -1.9382E-03   6.4598E-02
   1963.17   8.5085E+01  -4.4132E+00  -1.7110E+01   1.8622E-01  -1.7888E-02  -3.0754E-01   1.5239E-02  -1.4638E-03   5.0332E-02
   1963.25   8.5253E+01  -4.5050E+00  -1.7188E+01   1.5392E-01  -1.4429E-02  -2.5462E-01   1.2595E-02  -1.1807E-03   4.1672E-02
   1963.33   8.5407E+01  -4.5939E+00  -1.7219E+01   1.4254E-01  -1.3310E-02  -2.3597E-01   1.1664E-02  -1.0891E-03   3.8618E-02
   1963.42   8.5546E+01  -4.6798E+00  -1.7203E+01   1.5209E-01  -1.4529E-02  -2.5156E-01   1.2446E-02  -1.1890E-03   4.1171E-02
   1963.50   8.5670E+01  -4.7627E+00  -1.7141E+01   1.8256E-01  -1.8088E-02  -3.0141E-01   1.4939E-02  -1.4802E-03   4.9330E-02
   1963.58   8.5780E+01  -4.8427E+00  -1.7031E+01   2.3396E-01  -2.3987E-02  -3.8552E-01   1.9145E-02  -1.9628E-03   6.3095E-02
   1963.67   8.5875E+01  -4.9196E+00  -1.6874E+01   3.0629E-01  -3.2224E-02  -5.0388E-01   2.5064E-02  -2.6369E-03   8.2466E-02
   1963.75   8.5956E+01  -4.9935E+00  -1.6670E+01   3.9954E-01  -4.2801E-02  -6.5650E-01   3.2694E-02  -3.5024E-03   1.0744E-01
   1963.83   8.6022E+01  -5.0645E+00  -1.6420E+01   5.1371E-01  -5.5716E-02  -8.4337E-01   4.2037E-02  -4.5593E-03   1.3803E-01
   1963.92   8.6074E+01  -5.1325E+00  -1.6122E+01   6.4881E-01  -7.0971E-02  -1.0645E+00   5.3093E-02  -5.8076E-03   1.7422E-01
   1964.00   8.6111E+01  -5.1975E+00  -1.5777E+01   8.0484E-01  -8.8566E-02  -1.3199E+00   6.5860E-02  -7.2474E-03   2.1601E-01
   1964.08   8.6138E+01  -5.2579E+00  -1.5412E+01   9.5933E-01  -1.0597E-01  -1.5728E+00   7.8502E-02  -8.6718E-03   2.5740E-01
   1964.17   8.6161E+01  -5.3123E+00  -1.5053E+01   1.0898E+00  -1.2067E-01  -1.7864E+00   8.9180E-02  -9.8742E-03   2.9237E-01
   1964.25   8.6180E+01  -5.3606E+00  -1.4699E+01   1.1963E+00  -1.3265E-01  -1.9608E+00   9.7894E-02  -1.0855E-02   3.2091E-01
   1964.33   8.6194E+01  -5.4028E+00  -1.4352E+01   1.2788E+00  -1.4191E-01  -2.0960E+00   1.0464E-01  -1.1613E-02   3.4303E-01
   1964.42   8.6204E+01  -5.4389E+00  -1.4010E+01   1.3373E+00  -1.4847E-01  -2.1919E+00   1.0943E-01  -1.2149E-02   3.5873E-01
   1964.50   8.6209E+01  -5.4690E+00  -1.3675E+01   1.3717E+00  -1.5231E-01  -2.2486E+00   1.1225E-01  -1.2463E-02   3.6800E-01
   1964.58   8.6210E+01  -5.4930E+00  -1.3345E+01   1.3822E+00  -1.5343E-01  -2.2660E+00   1.1311E-01  -1.2556E-02   3.7085E-01
   1964.67   8.6207E+01  -5.5109E+00  -1.3021E+01   1.3687E+00  -1.5185E-01  -2.2442E+00   1.1200E-01  -1.2426E-02   3.6728E-01
   1964.75   8.6199E+01  -5.5227E+00  -1.2703E+01   1.3312E+00  -1.4755E-01  -2.1831E+00   1.0893E-01  -1.2074E-02   3.5729E-01
   1964.83   8.6187E+01  -5.5285E+00  -1.2391E+01   1.2696E+00  -1.4054E-01  -2.0828E+00   1.0389E-01  -1.1500E-02   3.4087E-01
   1964.92   8.6170E+01  -5.5282E+00  -1.2085E+01   1.1841E+00  -1.3081E-01  -1.9433E+00   9.6894E-02  -1.0704E-02   3.1804E-01
   1965.00   8.6149E+01  -5.5218E+00  -1.1784E+01   1.0746E+00  -1.1837E-01  -1.7645E+00   8.7931E-02  -9.6862E-03   2.8878E-01
   1965.08   8.6123E+01  -5.5093E+00  -1.1490E+01   9.4101E-01  -1.0322E-01  -1.5464E+00   7.7003E-02  -8.4462E-03   2.5309E-01
   1965.17   8.6093E+01  -5.4907E+00  -1.1201E+01   7.8347E-01  -8.5349E-02  -1.2892E+00   6.4112E-02  -6.9841E-03   2.1099E-01
   1965.25   8.6059E+01  -5.4661E+00  -1.0919E+01   6.0193E-01  -6.4769E-02  -9.9266E-01   4.9256E-02  -5.3000E-03   1.6246E-01
   1965.33   8.6020E+01  -5.4354E+00  -1.0642E+01   3.9638E-01  -4.1475E-02  -6.5690E-01   3.2436E-02  -3.3939E-03   1.0751E-01
   1965.42   8.5977E+01  -5.3986E+00  -1.0371E+01   1.6684E-01  -1.5468E-02  -2.8189E-01   1.3652E-02  -1.2658E-03   4.6134E-02
   1965.50   8.5929E+01  -5.3557E+00  -1.0106E+01  -8.6712E-02   1.3252E-02   1.3236E-01  -7.0957E-03   1.0844E-03  -2.1662E-02
   1965.58   8.5877E+01  -5.3068E+00  -9.8474E+00  -3.6426E-01   4.4685E-02   5.8585E-01  -2.9808E-02   3.6566E-03  -9.5881E-02
   1965.67   8.5821E+01  -5.2518E+00  -9.5943E+00  -6.6582E-01   7.8832E-02   1.0786E+00  -5.4484E-02   6.4509E-03  -1.7652E-01
   1965.75   8.5760E+01  -5.1907E+00  -9.3471E+00  -9.9137E-01   1.1569E-01   1.6106E+00  -8.1124E-02   9.4671E-03  -2.6359E-01
   1965.83   8.5695E+01  -5.1235E+00  -9.1058E+00  -1.3409E+00   1.5527E-01   2.1818E+00  -1.0973E-01   1.2705E-02  -3.5707E-01
   1965.92   8.5625E+01  -5.0502E+00  -8.8704E+00  -1.7145E+00   1.9755E-01   2.7922E+00  -1.4030E-01   1.6166E-02  -4.5698E-01
   1966.00   8.5551E+01  -4.9709E+00  -8.6409E+00  -2.1121E+00   2.4255E-01   3.4420E+00  -1.7283E-01   1.9848E-02  -5.6331E-01
   1966.08   8.5492E+01  -4.8824E+00  -8.4119E+00  -2.5045E+00   2.8697E-01   4.0833E+00  -2.0494E-01   2.3483E-02  -6.6827E-01
   1966.17   8.5468E+01  -4.7816E+00  -8.1779E+00  -2.8626E+00   3.2749E-01   4.6685E+00  -2.3425E-01   2.6799E-02  -7.6405E-01
   1966.25   8.5480E+01  -4.6685E+00  -7.9389E+00  -3.1864E+00   3.6413E-01   5.1977E+00  -2.6074E-01   2.9797E-02  -8.5066E-01
   1966.33   8.5527E+01  -4.5431E+00  -7.6950E+00  -3.4759E+00   3.9689E-01   5.6708E+00  -2.8443E-01   3.2478E-02  -9.2809E-01
   1966.42   8.5608E+01  -4.4054E+00  -7.4460E+00  -3.7311E+00   4.2576E-01   6.0879E+00  -3.0532E-01   3.4840E-02  -9.9635E-01
   1966.50   8.5725E+01  -4.2554E+00  -7.1921E+00  -3.9520E+00   4.5074E-01   6.4489E+00  -3.2340E-01   3.6884E-02  -1.0554E+00
   1966.58   8.5878E+01  -4.0931E+00  -6.9332E+00  -4.1386E+00   4.7183E-01   6.7539E+00  -3.3867E-01   3.8610E-02  -1.1053E+00
   1966.67   8.6065E+01  -3.9186E+00  -6.6693E+00  -4.2910E+00   4.8904E-01   7.0028E+00  -3.5113E-01   4.0018E-02  -1.1461E+00
   1966.75   8.6287E+01  -3.7317E+00  -6.4005E+00  -4.4090E+00   5.0236E-01   7.1957E+00  -3.6079E-01   4.1108E-02  -1.1776E+00
   1966.83   8.6545E+01  -3.5325E+00  -6.1267E+00  -4.4927E+00   5.1179E-01   7.3325E+00  -3.6764E-01   4.1880E-02  -1.2000E+00
   1966.92   8.6838E+01  -3.3211E+00  -5.8479E+00  -4.5421E+00   5.1734E-01   7.4132E+00  -3.7168E-01   4.2334E-02  -1.2133E+00
   1967.00   8.7166E+01  -3.0973E+00  -5.5641E+00  -4.5572E+00   5.1900E-01   7.4379E+00  -3.7292E-01   4.2470E-02  -1.2173E+00
   1967.08   8.7529E+01  -2.8613E+00  -5.2753E+00  -4.5380E+00   5.1678E-01   7.4065E+00  -3.7135E-01   4.2288E-02  -1.2122E+00
   1967.17   8.7927E+01  -2.6130E+00  -4.9816E+00  -4.4845E+00   5.1067E-01   7.3191E+00  -3.6697E-01   4.1788E-02  -1.1979E+00
   1967.25   8.8360E+01  -2.3523E+00  -4.6829E+00  -4.3967E+00   5.0067E-01   7.1756E+00  -3.5979E-01   4.0970E-02  -1.1744E+00
   1967.33   8.8829E+01  -2.0794E+00  -4.3792E+00  -4.2746E+00   4.8678E-01   6.9761E+00  -3.4980E-01   3.9834E-02  -1.1417E+00
   1967.42   8.9333E+01  -1.7942E+00  -4.0705E+00  -4.1183E+00   4.6901E-01   6.7205E+00  -3.3700E-01   3.8379E-02  -1.0999E+00
   1967.50   8.9872E+01  -1.4967E+00  -3.7568E+00  -3.9276E+00   4.4735E-01   6.4089E+00  -3.2139E-01   3.6607E-02  -1.0489E+00
   1967.58   9.0446E+01  -1.1869E+00  -3.4382E+00  -3.7026E+00   4.2181E-01   6.0412E+00  -3.0298E-01   3.4517E-02  -9.8870E-01
   1967.67   9.1055E+01  -8.6481E-01  -3.1146E+00  -3.4433E+00   3.9237E-01   5.6174E+00  -2.8176E-01   3.2108E-02  -9.1935E-01
   1967.75   9.1699E+01  -5.3042E-01  -2.7860E+00  -3.1497E+00   3.5906E-01   5.1376E+00  -2.5774E-01   2.9382E-02  -8.4083E-01
   1967.83   9.2379E+01  -1.8374E-01  -2.4525E+00  -2.8218E+00   3.2185E-01   4.6018E+00  -2.3091E-01   2.6337E-02  -7.5313E-01
   1967.92   9.3093E+01   1.7523E-01  -2.1139E+00  -2.4596E+00   2.8076E-01   4.0098E+00  -2.0127E-01   2.2975E-02  -6.5625E-01
   1968.00   9.3843E+01   5.4650E-01  -1.7704E+00  -2.0631E+00   2.3578E-01   3.3619E+00  -1.6883E-01   1.9294E-02  -5.5020E-01
   1968.08   9.4597E+01   9.1466E-01  -1.4411E+00  -1.6588E+00   1.8992E-01   2.7011E+00  -1.3574E-01   1.5541E-02  -4.4206E-01
   1968.17   9.5325E+01   1.2643E+00  -1.1453E+00  -1.2731E+00   1.4616E-01   2.0707E+00  -1.0418E-01   1.1960E-02  -3.3889E-01
   1968.25   9.6026E+01   1.5955E+00  -8.8282E-01  -9.0596E-01   1.0451E-01   1.4708E+00  -7.4135E-02   8.5520E-03  -2.4071E-01
   1968.33   9.6700E+01   1.9082E+00  -6.5382E-01  -5.5748E-01   6.4969E-02   9.0132E-01  -4.5618E-02   5.3165E-03  -1.4751E-01
   1968.42   9.7348E+01   2.2024E+00  -4.5824E-01  -2.2761E-01   2.7539E-02   3.6227E-01  -1.8625E-02   2.2535E-03  -5.9290E-02
   1968.50   9.7969E+01   2.4781E+00  -2.9609E-01   8.3645E-02  -7.7832E-03  -1.4634E-01   6.8447E-03  -6.3690E-04   2.3950E-02
   1968.58   9.8564E+01   2.7353E+00  -1.6736E-01   3.7628E-01  -4.0996E-02  -6.2451E-01   3.0791E-02  -3.3547E-03   1.0221E-01
   1968.67   9.9132E+01   2.9740E+00  -7.2066E-02   6.5030E-01  -7.2099E-02  -1.0723E+00   5.3214E-02  -5.8999E-03   1.7549E-01
   1968.75   9.9674E+01   3.1942E+00  -1.0198E-02   9.0570E-01  -1.0109E-01  -1.4896E+00   7.4114E-02  -8.2726E-03   2.4378E-01
   1968.83   1.0019E+02   3.3960E+00   1.8242E-02   1.1425E+00  -1.2798E-01  -1.8764E+00   9.3490E-02  -1.0473E-02   3.0710E-01
   1968.92   1.0068E+02   3.5792E+00   1.3253E-02   1.3607E+00  -1.5276E-01  -2.2329E+00   1.1134E-01  -1.2500E-02   3.6543E-01
   1969.00   1.0114E+02   3.7439E+00  -2.5163E-02   1.5602E+00  -1.7542E-01  -2.5589E+00   1.2767E-01  -1.4355E-02   4.1878E-01
   1969.08   1.0157E+02   3.8902E+00  -9.7007E-02   1.7412E+00  -1.9598E-01  -2.8544E+00   1.4248E-01  -1.6037E-02   4.6716E-01
   1969.17   1.0198E+02   4.0179E+00  -2.0228E-01   1.9035E+00  -2.1443E-01  -3.1195E+00   1.5576E-01  -1.7547E-02   5.1055E-01
   1969.25   1.0237E+02   4.1272E+00  -3.4098E-01   2.0472E+00  -2.3077E-01  -3.3542E+00   1.6752E-01  -1.8884E-02   5.4896E-01
   1969.33   1.0272E+02   4.2180E+00  -5.1311E-01   2.1723E+00  -2.4500E-01  -3.5585E+00   1.7776E-01  -2.0049E-02   5.8238E-01
   1969.42   1.0305E+02   4.2903E+00  -7.1866E-01   2.2787E+00  -2.5713E-01  -3.7323E+00   1.8647E-01  -2.1041E-02   6.1083E-01
   1969.50   1.0335E+02   4.3440E+00  -9.5765E-01   2.3666E+00  -2.6714E-01  -3.8757E+00   1.9366E-01  -2.1860E-02   6.3430E-01
   1969.58   1.0363E+02   4.3793E+00  -1.2301E+00   2.4358E+00  -2.7504E-01  -3.9886E+00   1.9933E-01  -2.2507E-02   6.5278E-01
   1969.67   1.0388E+02   4.3961E+00  -1.5359E+00   2.4865E+00  -2.8084E-01  -4.0712E+00   2.0347E-01  -2.2981E-02   6.6629E-01
   1969.75   1.0410E+02   4.3944E+00  -1.8752E+00   2.5185E+00  -2.8453E-01  -4.1232E+00   2.0609E-01  -2.3283E-02   6.7481E-01
   1969.83   1.0430E+02   4.3742E+00  -2.2479E+00   2.5319E+00  -2.8610E-01  -4.1449E+00   2.0718E-01  -2.3412E-02   6.7835E-01
   1969.92   1.0447E+02   4.3355E+00  -2.6540E+00   2.5266E+00  -2.8557E-01  -4.1361E+00   2.0676E-01  -2.3368E-02   6.7691E-01
   1970.00   1.0461E+02   4.2784E+00  -3.0935E+00   2.5028E+00  -2.8293E-01  -4.0969E+00   2.0480E-01  -2.3152E-02   6.7049E-01
   1970.08   1.0473E+02   4.2216E+00  -3.5716E+00   2.4635E+00  -2.7853E-01  -4.0324E+00   2.0159E-01  -2.2792E-02   6.5995E-01
   1970.17   1.0484E+02   4.1841E+00  -4.0932E+00   2.4119E+00  -2.7273E-01  -3.9481E+00   1.9737E-01  -2.2317E-02   6.4614E-01
   1970.25   1.0493E+02   4.1660E+00  -4.6584E+00   2.3481E+00  -2.6551E-01  -3.8438E+00   1.9215E-01  -2.1727E-02   6.2907E-01
   1970.33   1.0500E+02   4.1672E+00  -5.2672E+00   2.2720E+00  -2.5690E-01  -3.7195E+00   1.8592E-01  -2.1022E-02   6.0873E-01
   1970.42   1.0506E+02   4.1877E+00  -5.9195E+00   2.1836E+00  -2.4687E-01  -3.5753E+00   1.7869E-01  -2.0202E-02   5.8513E-01
   1970.50   1.0510E+02   4.2275E+00  -6.6154E+00   2.0829E+00  -2.3544E-01  -3.4111E+00   1.7045E-01  -1.9266E-02   5.5826E-01
   1970.58   1.0513E+02   4.2866E+00  -7.3549E+00   1.9700E+00  -2.2260E-01  -3.2270E+00   1.6121E-01  -1.8215E-02   5.2813E-01
   1970.67   1.0514E+02   4.3650E+00  -8.1379E+00   1.8448E+00  -2.0836E-01  -3.0229E+00   1.5096E-01  -1.7050E-02   4.9474E-01
   1970.75   1.0513E+02   4.4628E+00  -8.9645E+00   1.7073E+00  -1.9270E-01  -2.7989E+00   1.3971E-01  -1.5769E-02   4.5808E-01
   1970.83   1.0511E+02   4.5798E+00  -9.8347E+00   1.5575E+00  -1.7565E-01  -2.5550E+00   1.2745E-01  -1.4373E-02   4.1815E-01
   1970.92   1.0508E+02   4.7162E+00  -1.0748E+01   1.3955E+00  -1.5718E-01  -2.2911E+00   1.1420E-01  -1.2862E-02   3.7496E-01
   1971.00   1.0502E+02   4.8719E+00  -1.1706E+01   1.2212E+00  -1.3731E-01  -2.0072E+00   9.9931E-02  -1.1236E-02   3.2850E-01
   1971.08   1.0495E+02   5.0469E+00  -1.2707E+01   1.0346E+00  -1.1603E-01  -1.7034E+00   8.4663E-02  -9.4949E-03   2.7878E-01
   1971.17   1.0487E+02   5.2412E+00  -1.3751E+01   8.3576E-01  -9.3347E-02  -1.3797E+00   6.8390E-02  -7.6386E-03   2.2580E-01
   1971.25   1.0476E+02   5.4549E+00  -1.4839E+01   6.2462E-01  -6.9255E-02  -1.0360E+00   5.1113E-02  -5.6672E-03   1.6955E-01
   1971.33   1.0465E+02   5.6878E+00  -1.5971E+01   4.0121E-01  -4.3757E-02  -6.7232E-01   3.2831E-02  -3.5807E-03   1.1003E-01
   1971.42   1.0451E+02   5.9401E+00  -1.7146E+01   1.6553E-01  -1.6853E-02  -2.8873E-01   1.3545E-02  -1.3791E-03   4.7253E-02
   1971.50   1.0436E+02   6.2117E+00  -1.8365E+01  -8.2431E-02   1.1458E-02   1.1482E-01  -6.7453E-03   9.3764E-04  -1.8791E-02
   1971.58   1.0420E+02   6.5026E+00  -1.9627E+01  -3.4266E-01   4.1176E-02   5.3831E-01  -2.8040E-02   3.3695E-03  -8.8100E-02
   1971.67   1.0402E+02   6.8128E+00  -2.0933E+01  -6.1517E-01   7.2301E-02   9.8175E-01  -5.0340E-02   5.9164E-03  -1.6067E-01
   1971.75   1.0382E+02   7.1423E+00  -2.2282E+01  -8.9996E-01   1.0483E-01   1.4451E+00  -7.3644E-02   8.5784E-03  -2.3651E-01
   1971.83   1.0360E+02   7.4911E+00  -2.3675E+01  -1.1970E+00   1.3877E-01   1.9285E+00  -9.7952E-02   1.1356E-02  -3.1562E-01
   1971.92   1.0337E+02   7.8593E+00  -2.5112E+01  -1.5063E+00   1.7411E-01   2.4318E+00  -1.2327E-01   1.4248E-02  -3.9798E-01
   1972.00   1.0313E+02   8.2467E+00  -2.6592E+01  -1.8280E+00   2.1086E-01   2.9550E+00  -1.4958E-01   1.7255E-02  -4.8362E-01
   1972.08   1.0288E+02   8.6417E+00  -2.8079E+01  -2.1380E+00   2.4629E-01   3.4594E+00  -1.7495E-01   2.0154E-02  -5.6616E-01
   1972.17   1.0265E+02   9.0325E+00  -2.9536E+01  -2.4125E+00   2.7765E-01   3.9060E+00  -1.9741E-01   2.2720E-02  -6.3927E-01
   1972.25   1.0244E+02   9.4191E+00  -3.0964E+01  -2.6515E+00   3.0495E-01   4.2950E+00  -2.1697E-01   2.4954E-02  -7.0293E-01
   1972.33   1.0224E+02   9.8015E+00  -3.2361E+01  -2.8551E+00   3.2819E-01   4.6263E+00  -2.3363E-01   2.6856E-02  -7.5715E-01
   1972.42   1.0205E+02   1.0180E+01  -3.3729E+01  -3.0231E+00   3.4737E-01   4.9000E+00  -2.4739E-01   2.8426E-02  -8.0193E-01
   1972.50   1.0188E+02   1.0554E+01  -3.5066E+01  -3.1557E+00   3.6249E-01   5.1159E+00  -2.5824E-01   2.9663E-02  -8.3727E-01
   1972.58   1.0172E+02   1.0923E+01  -3.6374E+01  -3.2528E+00   3.7355E-01   5.2742E+00  -2.6618E-01   3.0568E-02  -8.6317E-01
   1972.67   1.0158E+02   1.1289E+01  -3.7652E+01  -3.3145E+00   3.8054E-01   5.3747E+00  -2.7122E-01   3.1140E-02  -8.7963E-01
   1972.75   1.0146E+02   1.1650E+01  -3.8900E+01  -3.3406E+00   3.8348E-01   5.4176E+00  -2.7336E-01   3.1380E-02  -8.8665E-01
   1972.83   1.0135E+02   1.2007E+01  -4.0119E+01  -3.3313E+00   3.8235E-01   5.4028E+00  -2.7260E-01   3.1288E-02  -8.8423E-01
   1972.92   1.0125E+02   1.2360E+01  -4.1307E+01  -3.2864E+00   3.7717E-01   5.3303E+00  -2.6893E-01   3.0864E-02  -8.7236E-01
   1973.00   1.0117E+02   1.2709E+01  -4.2466E+01  -3.2061E+00   3.6792E-01   5.2001E+00  -2.6236E-01   3.0107E-02  -8.5106E-01
   1973.08   1.0110E+02   1.3053E+01  -4.3594E+01  -3.0903E+00   3.5461E-01   5.0123E+00  -2.5288E-01   2.9018E-02  -8.2031E-01
   1973.17   1.0105E+02   1.3393E+01  -4.4693E+01  -2.9391E+00   3.3724E-01   4.7667E+00  -2.4050E-01   2.7596E-02  -7.8013E-01
   1973.25   1.0102E+02   1.3729E+01  -4.5762E+01  -2.7523E+00   3.1581E-01   4.4635E+00  -2.2522E-01   2.5843E-02  -7.3050E-01
   1973.33   1.0100E+02   1.4061E+01  -4.6802E+01  -2.5301E+00   2.9031E-01   4.1026E+00  -2.0704E-01   2.3757E-02  -6.7143E-01
   1973.42   1.0099E+02   1.4389E+01  -4.7811E+01  -2.2723E+00   2.6076E-01   3.6840E+00  -1.8595E-01   2.1338E-02  -6.0292E-01
   1973.50   1.0100E+02   1.4712E+01  -4.8790E+01  -1.9791E+00   2.2715E-01   3.2077E+00  -1.6195E-01   1.8587E-02  -5.2497E-01
   1973.58   1.0102E+02   1.5031E+01  -4.9740E+01  -1.6504E+00   1.8947E-01   2.6737E+00  -1.3506E-01   1.5504E-02  -4.3758E-01
   1973.67   1.0106E+02   1.5346E+01  -5.0660E+01  -1.2863E+00   1.4773E-01   2.0821E+00  -1.0526E-01   1.2089E-02  -3.4075E-01
   1973.75   1.0112E+02   1.5657E+01  -5.1549E+01  -8.8662E-01   1.0194E-01   1.4327E+00  -7.2553E-02   8.3414E-03  -2.3448E-01
   1973.83   1.0119E+02   1.5964E+01  -5.2409E+01  -4.5148E-01   5.2076E-02   7.2568E-01  -3.6945E-02   4.2614E-03  -1.1876E-01
   1973.92   1.0127E+02   1.6266E+01  -5.3240E+01   1.9137E-02  -1.8438E-03  -3.9042E-02   1.5660E-03  -1.5088E-04   6.3896E-03
   1974.00   1.0137E+02   1.6564E+01  -5.4040E+01   5.2524E-01  -5.9825E-02  -8.6144E-01   4.2981E-02  -4.8955E-03   1.4098E-01
   1974.08   1.0146E+02   1.6859E+01  -5.4828E+01   1.0269E+00  -1.1730E-01  -1.6767E+00   8.4035E-02  -9.5986E-03   2.7441E-01
   1974.17   1.0152E+02   1.7151E+01  -5.5623E+01   1.4843E+00  -1.6969E-01  -2.4201E+00   1.2146E-01  -1.3886E-02   3.9607E-01
   1974.25   1.0153E+02   1.7441E+01  -5.6423E+01   1.8975E+00  -2.1701E-01  -3.0915E+00   1.5527E-01  -1.7758E-02   5.0596E-01
   1974.33   1.0152E+02   1.7728E+01  -5.7229E+01   2.2663E+00  -2.5926E-01  -3.6911E+00   1.8545E-01  -2.1215E-02   6.0408E-01
   1974.42   1.0147E+02   1.8013E+01  -5.8042E+01   2.5908E+00  -2.9642E-01  -4.2187E+00   2.1201E-01  -2.4256E-02   6.9043E-01
   1974.50   1.0138E+02   1.8295E+01  -5.8860E+01   2.8710E+00  -3.2851E-01  -4.6744E+00   2.3494E-01  -2.6882E-02   7.6501E-01
   1974.58   1.0126E+02   1.8575E+01  -5.9684E+01   3.1070E+00  -3.5552E-01  -5.0581E+00   2.5424E-01  -2.9093E-02   8.2782E-01
   1974.67   1.0110E+02   1.8852E+01  -6.0514E+01   3.2986E+00  -3.7746E-01  -5.3700E+00   2.6992E-01  -3.0888E-02   8.7886E-01
   1974.75   1.0091E+02   1.9127E+01  -6.1351E+01   3.4459E+00  -3.9432E-01  -5.6099E+00   2.8198E-01  -3.2267E-02   9.1812E-01
   1974.83   1.0068E+02   1.9399E+01  -6.2193E+01   3.5490E+00  -4.0610E-01  -5.7779E+00   2.9042E-01  -3.3231E-02   9.4562E-01
   1974.92   1.0042E+02   1.9669E+01  -6.3041E+01   3.6077E+00  -4.1281E-01  -5.8740E+00   2.9522E-01  -3.3780E-02   9.6135E-01
   1975.00   1.0012E+02   1.9937E+01  -6.3895E+01   3.6222E+00  -4.1443E-01  -5.8982E+00   2.9641E-01  -3.3913E-02   9.6531E-01
   1975.08   9.9785E+01   2.0202E+01  -6.4755E+01   3.5924E+00  -4.1099E-01  -5.8505E+00   2.9397E-01  -3.3631E-02   9.5749E-01
   1975.17   9.9416E+01   2.0464E+01  -6.5622E+01   3.5183E+00  -4.0246E-01  -5.7308E+00   2.8790E-01  -3.2933E-02   9.3791E-01
   1975.25   9.9012E+01   2.0724E+01  -6.6494E+01   3.3998E+00  -3.8886E-01  -5.5392E+00   2.7821E-01  -3.1820E-02   9.0655E-01
   1975.33   9.8573E+01   2.0981E+01  -6.7372E+01   3.2371E+00  -3.7018E-01  -5.2757E+00   2.6489E-01  -3.0292E-02   8.6343E-01
   1975.42   9.8098E+01   2.1236E+01  -6.8256E+01   3.0301E+00  -3.4642E-01  -4.9403E+00   2.4796E-01  -2.8348E-02   8.0853E-01
   1975.50   9.7589E+01   2.1489E+01  -6.9146E+01   2.7788E+00  -3.1759E-01  -4.5330E+00   2.2739E-01  -2.5989E-02   7.4187E-01
   1975.58   9.7044E+01   2.1739E+01  -7.0042E+01   2.4832E+00  -2.8368E-01  -4.0537E+00   2.0320E-01  -2.3214E-02   6.6343E-01
   1975.67   9.6463E+01   2.1986E+01  -7.0944E+01   2.1433E+00  -2.4469E-01  -3.5025E+00   1.7539E-01  -2.0023E-02   5.7323E-01
   1975.75   9.5848E+01   2.2231E+01  -7.1853E+01   1.7591E+00  -2.0063E-01  -2.8794E+00   1.4395E-01  -1.6418E-02   4.7125E-01
   1975.83   9.5197E+01   2.2473E+01  -7.2767E+01   1.3307E+00  -1.5149E-01  -2.1844E+00   1.0889E-01  -1.2397E-02   3.5750E-01
   1975.92   9.4511E+01   2.2713E+01  -7.3687E+01   8.5790E-01  -9.7274E-02  -1.4175E+00   7.0202E-02  -7.9600E-03   2.3198E-01
   1976.00   9.3790E+01   2.2951E+01  -7.4613E+01   3.4083E-01  -3.7980E-02  -5.7862E-01   2.7890E-02  -3.1079E-03   9.4697E-02
   1976.08   9.3060E+01   2.3176E+01  -7.5529E+01  -1.7747E-01   2.1452E-02   2.6229E-01  -1.4522E-02   1.7555E-03  -4.2927E-02
   1976.17   9.2351E+01   2.3381E+01  -7.6421E+01  -6.5394E-01   7.6085E-02   1.0354E+00  -5.3512E-02   6.2261E-03  -1.6945E-01
   1976.25   9.1660E+01   2.3564E+01  -7.7287E+01  -1.0886E+00   1.2592E-01   1.7407E+00  -8.9080E-02   1.0304E-02  -2.8488E-01
   1976.33   9.0989E+01   2.3726E+01  -7.8129E+01  -1.4814E+00   1.7095E-01   2.3782E+00  -1.2122E-01   1.3989E-02  -3.8921E-01
   1976.42   9.0337E+01   2.3866E+01  -7.8945E+01  -1.8324E+00   2.1119E-01   2.9479E+00  -1.4995E-01   1.7281E-02  -4.8245E-01
   1976.50   8.9705E+01   2.3985E+01  -7.9737E+01  -2.1416E+00   2.4662E-01   3.4497E+00  -1.7525E-01   2.0181E-02  -5.6459E-01
   1976.58   8.9092E+01   2.4083E+01  -8.0503E+01  -2.4089E+00   2.7726E-01   3.8838E+00  -1.9712E-01   2.2688E-02  -6.3563E-01
   1976.67   8.8499E+01   2.4160E+01  -8.1245E+01  -2.6344E+00   3.0309E-01   4.2501E+00  -2.1558E-01   2.4802E-02  -6.9557E-01
   1976.75   8.7925E+01   2.4215E+01  -8.1961E+01  -2.8181E+00   3.2413E-01   4.5485E+00  -2.3061E-01   2.6524E-02  -7.4441E-01
   1976.83   8.7370E+01   2.4249E+01  -8.2653E+01  -2.9600E+00   3.4037E-01   4.7791E+00  -2.4222E-01   2.7852E-02  -7.8216E-01
   1976.92   8.6835E+01   2.4262E+01  -8.3319E+01  -3.0600E+00   3.5180E-01   4.9420E+00  -2.5040E-01   2.8788E-02  -8.0881E-01
   1977.00   8.6319E+01   2.4254E+01  -8.3961E+01  -3.1182E+00   3.5844E-01   5.0370E+00  -2.5517E-01   2.9331E-02  -8.2436E-01
   1977.08   8.5822E+01   2.4224E+01  -8.4577E+01  -3.1346E+00   3.6028E-01   5.0642E+00  -2.5651E-01   2.9482E-02  -8.2882E-01
   1977.17   8.5345E+01   2.4173E+01  -8.5169E+01  -3.1092E+00   3.5732E-01   5.0237E+00  -2.5443E-01   2.9239E-02  -8.2217E-01
   1977.25   8.4887E+01   2.4101E+01  -8.5735E+01  -3.0419E+00   3.4956E-01   4.9153E+00  -2.4892E-01   2.8604E-02  -8.0443E-01
   1977.33   8.4449E+01   2.4007E+01  -8.6276E+01  -2.9328E+00   3.3700E-01   4.7391E+00  -2.3999E-01   2.7577E-02  -7.7560E-01
   1977.42   8.4030E+01   2.3892E+01  -8.6793E+01  -2.7819E+00   3.1964E-01   4.4950E+00  -2.2765E-01   2.6156E-02  -7.3566E-01
   1977.50   8.3630E+01   2.3756E+01  -8.7284E+01  -2.5892E+00   2.9748E-01   4.1832E+00  -2.1187E-01   2.4343E-02  -6.8463E-01
   1977.58   8.3250E+01   2.3599E+01  -8.7751E+01  -2.3546E+00   2.7052E-01   3.8036E+00  -1.9268E-01   2.2137E-02  -6.2250E-01
   1977.67   8.2889E+01   2.3420E+01  -8.8192E+01  -2.0782E+00   2.3876E-01   3.3562E+00  -1.7006E-01   1.9538E-02  -5.4928E-01
   1977.75   8.2548E+01   2.3220E+01  -8.8609E+01  -1.7600E+00   2.0220E-01   2.8409E+00  -1.4402E-01   1.6546E-02  -4.6495E-01
   1977.83   8.2226E+01   2.2999E+01  -8.9000E+01  -1.3999E+00   1.6084E-01   2.2579E+00  -1.1456E-01   1.3162E-02  -3.6953E-01
   1977.92   8.1923E+01   2.2757E+01  -8.9366E+01  -9.9806E-01   1.1469E-01   1.6070E+00  -8.1672E-02   9.3849E-03  -2.6301E-01
   1978.00   8.1640E+01   2.2493E+01  -8.9708E+01  -5.5436E-01   6.3731E-02   8.8839E-01  -4.5364E-02   5.2151E-03  -1.4539E-01
   1978.08   8.1365E+01   2.2224E+01  -9.0033E+01  -1.0959E-01   1.2650E-02   1.6791E-01  -8.9677E-03   1.0351E-03  -2.7481E-02
   1978.17   8.1090E+01   2.1967E+01  -9.0353E+01   2.9550E-01  -3.3881E-02  -4.8838E-01   2.4181E-02  -2.7725E-03   7.9928E-02
   1978.25   8.0813E+01   2.1722E+01  -9.0666E+01   6.6090E-01  -7.5863E-02  -1.0805E+00   5.4082E-02  -6.2079E-03   1.7683E-01
   1978.33   8.0535E+01   2.1489E+01  -9.0973E+01   9.8662E-01  -1.1329E-01  -1.6084E+00   8.0735E-02  -9.2709E-03   2.6323E-01
   1978.42   8.0255E+01   2.1267E+01  -9.1273E+01   1.2726E+00  -1.4617E-01  -2.0722E+00   1.0414E-01  -1.1962E-02   3.3913E-01
   1978.50   7.9974E+01   2.1057E+01  -9.1567E+01   1.5190E+00  -1.7451E-01  -2.4717E+00   1.2430E-01  -1.4280E-02   4.0452E-01
   1978.58   7.9692E+01   2.0859E+01  -9.1855E+01   1.7257E+00  -1.9829E-01  -2.8071E+00   1.4121E-01  -1.6226E-02   4.5941E-01
   1978.67   7.9408E+01   2.0672E+01  -9.2136E+01   1.8926E+00  -2.1752E-01  -3.0783E+00   1.5488E-01  -1.7799E-02   5.0380E-01
   1978.75   7.9123E+01   2.0497E+01  -9.2411E+01   2.0199E+00  -2.3220E-01  -3.2853E+00   1.6529E-01  -1.9001E-02   5.3768E-01
   1978.83   7.8837E+01   2.0334E+01  -9.2680E+01   2.1075E+00  -2.4233E-01  -3.4281E+00   1.7246E-01  -1.9830E-02   5.6105E-01
   1978.92   7.8550E+01   2.0182E+01  -9.2943E+01   2.1555E+00  -2.4791E-01  -3.5068E+00   1.7638E-01  -2.0286E-02   5.7392E-01
   1979.00   7.8261E+01   2.0042E+01  -9.3199E+01   2.1637E+00  -2.4894E-01  -3.5213E+00   1.7706E-01  -2.0371E-02   5.7629E-01
   1979.08   7.7970E+01   1.9914E+01  -9.3449E+01   2.1323E+00  -2.4542E-01  -3.4715E+00   1.7448E-01  -2.0083E-02   5.6816E-01
   1979.17   7.7679E+01   1.9798E+01  -9.3692E+01   2.0611E+00  -2.3735E-01  -3.3576E+00   1.6866E-01  -1.9422E-02   5.4952E-01
   1979.25   7.7386E+01   1.9693E+01  -9.3929E+01   1.9503E+00  -2.2473E-01  -3.1796E+00   1.5960E-01  -1.8390E-02   5.2037E-01
   1979.33   7.7091E+01   1.9600E+01  -9.4160E+01   1.7998E+00  -2.0756E-01  -2.9373E+00   1.4728E-01  -1.6985E-02   4.8072E-01
   1979.42   7.6796E+01   1.9519E+01  -9.4384E+01   1.6096E+00  -1.8584E-01  -2.6309E+00   1.3172E-01  -1.5207E-02   4.3057E-01
   1979.50   7.6499E+01   1.9449E+01  -9.4603E+01   1.3798E+00  -1.5957E-01  -2.2602E+00   1.1291E-01  -1.3058E-02   3.6991E-01
   1979.58   7.6201E+01   1.9391E+01  -9.4814E+01   1.1102E+00  -1.2875E-01  -1.8254E+00   9.0850E-02  -1.0536E-02   2.9875E-01
   1979.67   7.5901E+01   1.9345E+01  -9.5020E+01   8.0099E-01  -9.3379E-02  -1.3264E+00   6.5545E-02  -7.6413E-03   2.1709E-01
   1979.75   7.5600E+01   1.9310E+01  -9.5219E+01   4.5207E-01  -5.3459E-02  -7.6327E-01   3.6993E-02  -4.3746E-03   1.2492E-01
   1979.83   7.5298E+01   1.9287E+01  -9.5412E+01   6.3467E-02  -8.9885E-03  -1.3592E-01   5.1935E-03  -7.3553E-04   2.2244E-02
   1979.92   7.4994E+01   1.9276E+01  -9.5599E+01  -3.6482E-01   4.0032E-02   5.5562E-01  -2.9854E-02   3.2758E-03  -9.0933E-02
   1980.00   7.4689E+01   1.9277E+01  -9.5779E+01  -8.3280E-01   9.3602E-02   1.3113E+00  -6.8148E-02   7.6595E-03  -2.1461E-01
   1980.08   7.4388E+01   1.9283E+01  -9.5937E+01  -1.3025E+00   1.4737E-01   2.0698E+00  -1.0658E-01   1.2059E-02  -3.3875E-01
   1980.17   7.4095E+01   1.9287E+01  -9.6056E+01  -1.7358E+00   1.9696E-01   2.7697E+00  -1.4204E-01   1.6117E-02  -4.5329E-01
   1980.25   7.3811E+01   1.9290E+01  -9.6136E+01  -2.1328E+00   2.4239E-01   3.4109E+00  -1.7453E-01   1.9835E-02  -5.5823E-01
   1980.33   7.3535E+01   1.9292E+01  -9.6178E+01  -2.4935E+00   2.8366E-01   3.9934E+00  -2.0405E-01   2.3212E-02  -6.5357E-01
   1980.42   7.3267E+01   1.9293E+01  -9.6182E+01  -2.8180E+00   3.2076E-01   4.5174E+00  -2.3059E-01   2.6248E-02  -7.3932E-01
   1980.50   7.3009E+01   1.9292E+01  -9.6147E+01  -3.1060E+00   3.5369E-01   4.9827E+00  -2.5417E-01   2.8943E-02  -8.1546E-01
   1980.58   7.2759E+01   1.9291E+01  -9.6073E+01  -3.3578E+00   3.8246E-01   5.3893E+00  -2.7477E-01   3.1297E-02  -8.8202E-01
   1980.67   7.2517E+01   1.9287E+01  -9.5960E+01  -3.5733E+00   4.0707E-01   5.7373E+00  -2.9240E-01   3.3310E-02  -9.3897E-01
   1980.75   7.2284E+01   1.9283E+01  -9.5810E+01  -3.7524E+00   4.2750E-01   6.0266E+00  -3.0706E-01   3.4983E-02  -9.8633E-01
   1980.83   7.2059E+01   1.9277E+01  -9.5620E+01  -3.8953E+00   4.4378E-01   6.2574E+00  -3.1875E-01   3.6314E-02  -1.0241E+00
   1980.92   7.1843E+01   1.9270E+01  -9.5392E+01  -4.0018E+00   4.5588E-01   6.4294E+00  -3.2747E-01   3.7305E-02  -1.0522E+00
   1981.00   7.1636E+01   1.9262E+01  -9.5125E+01  -4.0720E+00   4.6382E-01   6.5429E+00  -3.3321E-01   3.7955E-02  -1.0708E+00
   1981.08   7.1437E+01   1.9253E+01  -9.4820E+01  -4.1059E+00   4.6760E-01   6.5977E+00  -3.3599E-01   3.8264E-02  -1.0798E+00
   1981.17   7.1246E+01   1.9242E+01  -9.4476E+01  -4.1035E+00   4.6721E-01   6.5938E+00  -3.3579E-01   3.8232E-02  -1.0792E+00
   1981.25   7.1064E+01   1.9230E+01  -9.4094E+01  -4.0647E+00   4.6265E-01   6.5313E+00  -3.3262E-01   3.7859E-02  -1.0689E+00
   1981.33   7.0891E+01   1.9216E+01  -9.3673E+01  -3.9897E+00   4.5393E-01   6.4102E+00  -3.2648E-01   3.7145E-02  -1.0491E+00
   1981.42   7.0726E+01   1.9202E+01  -9.3213E+01  -3.8783E+00   4.4104E-01   6.2304E+00  -3.1736E-01   3.6091E-02  -1.0197E+00
   1981.50   7.0570E+01   1.9186E+01  -9.2715E+01  -3.7306E+00   4.2399E-01   5.9920E+00  -3.0528E-01   3.4695E-02  -9.8066E-01
   1981.58   7.0422E+01   1.9169E+01  -9.2178E+01  -3.5467E+00   4.0277E-01   5.6950E+00  -2.9022E-01   3.2959E-02  -9.3204E-01
   1981.67   7.0283E+01   1.9150E+01  -9.1603E+01  -3.3263E+00   3.7739E-01   5.3393E+00  -2.7220E-01   3.0882E-02  -8.7383E-01
   1981.75   7.0152E+01   1.9130E+01  -9.0989E+01  -3.0697E+00   3.4784E-01   4.9249E+00  -2.5120E-01   2.8464E-02  -8.0602E-01
   1981.83   7.0030E+01   1.9109E+01  -9.0337E+01  -2.7768E+00   3.1412E-01   4.4520E+00  -2.2723E-01   2.5705E-02  -7.2861E-01
   1981.92   6.9916E+01   1.9087E+01  -8.9646E+01  -2.4476E+00   2.7624E-01   3.9203E+00  -2.0028E-01   2.2605E-02  -6.4160E-01
   1982.00   6.9811E+01   1.9064E+01  -8.8916E+01  -2.0820E+00   2.3420E-01   3.3301E+00  -1.7037E-01   1.9164E-02  -5.4500E-01
   1982.08   6.9708E+01   1.9048E+01  -8.8189E+01  -1.7057E+00   1.9093E-01   2.7226E+00  -1.3958E-01   1.5624E-02  -4.4558E-01
   1982.17   6.9599E+01   1.9047E+01  -8.7508E+01  -1.3444E+00   1.4940E-01   2.1393E+00  -1.1002E-01   1.2225E-02  -3.5012E-01
   1982.25   6.9486E+01   1.9064E+01  -8.6871E+01  -9.9809E-01   1.0959E-01   1.5802E+00  -8.1674E-02   8.9681E-03  -2.5862E-01
   1982.33   6.9367E+01   1.9096E+01  -8.6279E+01  -6.6667E-01   7.1520E-02   1.0453E+00  -5.4554E-02   5.8525E-03  -1.7107E-01
   1982.42   6.9244E+01   1.9144E+01  -8.5732E+01  -3.5020E-01   3.5176E-02   5.3457E-01  -2.8657E-02   2.8785E-03  -8.7488E-02
   1982.50   6.9115E+01   1.9209E+01  -8.5230E+01  -4.8664E-02   5.6248E-04   4.8042E-02  -3.9822E-03   4.6028E-05  -7.8626E-03
   1982.58   6.8982E+01   1.9289E+01  -8.4772E+01   2.3792E-01  -3.2321E-02  -4.1429E-01   1.9469E-02  -2.6448E-03   6.7803E-02
   1982.67   6.8843E+01   1.9386E+01  -8.4360E+01   5.0957E-01  -6.3474E-02  -8.5243E-01   4.1698E-02  -5.1941E-03   1.3951E-01
   1982.75   6.8700E+01   1.9498E+01  -8.3992E+01   7.6627E-01  -9.2897E-02  -1.2664E+00   6.2704E-02  -7.6018E-03   2.0726E-01
   1982.83   6.8551E+01   1.9627E+01  -8.3669E+01   1.0080E+00  -1.2059E-01  -1.6561E+00   8.2488E-02  -9.8679E-03   2.7104E-01
   1982.92   6.8397E+01   1.9772E+01  -8.3391E+01   1.2349E+00  -1.4655E-01  -2.0217E+00   1.0105E-01  -1.1992E-02   3.3087E-01
   1983.00   6.8239E+01   1.9933E+01  -8.3158E+01   1.4467E+00  -1.7078E-01  -2.3631E+00   1.1839E-01  -1.3975E-02   3.8674E-01
   1983.08   6.8075E+01   2.0111E+01  -8.2970E+01   1.6437E+00  -1.9329E-01  -2.6803E+00   1.3450E-01  -1.5817E-02   4.3865E-01
   1983.17   6.7906E+01   2.0304E+01  -8.2826E+01   1.8256E+00  -2.1406E-01  -2.9732E+00   1.4939E-01  -1.7517E-02   4.8660E-01
   1983.25   6.7732E+01   2.0513E+01  -8.2728E+01   1.9927E+00  -2.3310E-01  -3.2420E+00   1.6306E-01  -1.9075E-02   5.3059E-01
   1983.33   6.7553E+01   2.0739E+01  -8.2674E+01   2.1448E+00  -2.5041E-01  -3.4866E+00   1.7551E-01  -2.0491E-02   5.7063E-01
   1983.42   6.7370E+01   2.0981E+01  -8.2665E+01   2.2820E+00  -2.6599E-01  -3.7071E+00   1.8673E-01  -2.1766E-02   6.0670E-01
   1983.50   6.7181E+01   2.1238E+01  -8.2701E+01   2.4042E+00  -2.7985E-01  -3.9033E+00   1.9673E-01  -2.2900E-02   6.3881E-01
   1983.58   6.6987E+01   2.1512E+01  -8.2782E+01   2.5115E+00  -2.9197E-01  -4.0753E+00   2.0551E-01  -2.3892E-02   6.6697E-01
   1983.67   6.6788E+01   2.1802E+01  -8.2908E+01   2.6038E+00  -3.0236E-01  -4.2231E+00   2.1307E-01  -2.4742E-02   6.9116E-01
   1983.75   6.6584E+01   2.2108E+01  -8.3079E+01   2.6812E+00  -3.1102E-01  -4.3468E+00   2.1940E-01  -2.5451E-02   7.1140E-01
   1983.83   6.6375E+01   2.2430E+01  -8.3294E+01   2.7436E+00  -3.1795E-01  -4.4462E+00   2.2451E-01  -2.6018E-02   7.2767E-01
   1983.92   6.6161E+01   2.2769E+01  -8.3554E+01   2.7911E+00  -3.2315E-01  -4.5215E+00   2.2840E-01  -2.6444E-02   7.3999E-01
   1984.00   6.5942E+01   2.3123E+01  -8.3859E+01   2.8237E+00  -3.2662E-01  -4.5726E+00   2.3106E-01  -2.6728E-02   7.4835E-01
   1984.08   6.5721E+01   2.3484E+01  -8.4176E+01   2.8482E+00  -3.2917E-01  -4.6107E+00   2.3307E-01  -2.6936E-02   7.5458E-01
   1984.17   6.5502E+01   2.3841E+01  -8.4472E+01   2.8717E+00  -3.3159E-01  -4.6470E+00   2.3499E-01  -2.7134E-02   7.6053E-01
   1984.25   6.5284E+01   2.4194E+01  -8.4747E+01   2.8940E+00  -3.3389E-01  -4.6816E+00   2.3682E-01  -2.7322E-02   7.6619E-01
   1984.33   6.5067E+01   2.4543E+01  -8.5000E+01   2.9153E+00  -3.3606E-01  -4.7145E+00   2.3856E-01  -2.7500E-02   7.7157E-01
   1984.42   6.4851E+01   2.4888E+01  -8.5232E+01   2.9355E+00  -3.3812E-01  -4.7456E+00   2.4021E-01  -2.7668E-02   7.7666E-01
   1984.50   6.4637E+01   2.5230E+01  -8.5442E+01   2.9545E+00  -3.4005E-01  -4.7749E+00   2.4177E-01  -2.7826E-02   7.8146E-01
   1984.58   6.4425E+01   2.5568E+01  -8.5632E+01   2.9725E+00  -3.4186E-01  -4.8025E+00   2.4324E-01  -2.7974E-02   7.8598E-01
   1984.67   6.4213E+01   2.5902E+01  -8.5800E+01   2.9894E+00  -3.4354E-01  -4.8284E+00   2.4462E-01  -2.8112E-02   7.9021E-01
   1984.75   6.4003E+01   2.6233E+01  -8.5947E+01   3.0052E+00  -3.4511E-01  -4.8525E+00   2.4591E-01  -2.8240E-02   7.9416E-01
   1984.83   6.3795E+01   2.6559E+01  -8.6072E+01   3.0199E+00  -3.4655E-01  -4.8748E+00   2.4712E-01  -2.8358E-02   7.9782E-01
   1984.92   6.3588E+01   2.6882E+01  -8.6177E+01   3.0335E+00  -3.4787E-01  -4.8954E+00   2.4823E-01  -2.8466E-02   8.0119E-01
   1985.00   6.3382E+01   2.7201E+01  -8.6260E+01   3.0459E+00  -3.4907E-01  -4.9143E+00   2.4925E-01  -2.8564E-02   8.0428E-01
   1985.08   6.3177E+01   2.7516E+01  -8.6322E+01   3.0574E+00  -3.5014E-01  -4.9314E+00   2.5018E-01  -2.8652E-02   8.0708E-01
   1985.17   6.2974E+01   2.7828E+01  -8.6362E+01   3.0677E+00  -3.5109E-01  -4.9468E+00   2.5103E-01  -2.8730E-02   8.0959E-01
   1985.25   6.2773E+01   2.8136E+01  -8.6381E+01   3.0769E+00  -3.5192E-01  -4.9604E+00   2.5178E-01  -2.8798E-02   8.1182E-01
   1985.33   6.2572E+01   2.8440E+01  -8.6379E+01   3.0850E+00  -3.5263E-01  -4.9723E+00   2.5245E-01  -2.8856E-02   8.1376E-01
   1985.42   6.2373E+01   2.8740E+01  -8.6356E+01   3.0920E+00  -3.5321E-01  -4.9824E+00   2.5302E-01  -2.8904E-02   8.1542E-01
   1985.50   6.2175E+01   2.9036E+01  -8.6312E+01   3.0980E+00  -3.5367E-01  -4.9907E+00   2.5351E-01  -2.8941E-02   8.1679E-01
   1985.58   6.1979E+01   2.9329E+01  -8.6246E+01   3.1028E+00  -3.5401E-01  -4.9974E+00   2.5390E-01  -2.8969E-02   8.1787E-01
   1985.67   6.1784E+01   2.9618E+01  -8.6159E+01   3.1065E+00  -3.5423E-01  -5.0022E+00   2.5421E-01  -2.8987E-02   8.1867E-01
   1985.75   6.1591E+01   2.9903E+01  -8.6051E+01   3.1092E+00  -3.5433E-01  -5.0054E+00   2.5442E-01  -2.8995E-02   8.1918E-01
   1985.83   6.1398E+01   3.0184E+01  -8.5921E+01   3.1107E+00  -3.5430E-01  -5.0067E+00   2.5455E-01  -2.8992E-02   8.1941E-01
   1985.92   6.1208E+01   3.0462E+01  -8.5770E+01   3.1112E+00  -3.5415E-01  -5.0064E+00   2.5459E-01  -2.8980E-02   8.1934E-01
   1986.00   6.1018E+01   3.0735E+01  -8.5598E+01   3.1105E+00  -3.5387E-01  -5.0042E+00   2.5454E-01  -2.8958E-02   8.1900E-01
   1986.08   6.0832E+01   3.0999E+01  -8.5418E+01   3.0991E+00  -3.5238E-01  -4.9848E+00   2.5360E-01  -2.8836E-02   8.1582E-01
   1986.17   6.0651E+01   3.1248E+01  -8.5244E+01   3.0670E+00  -3.4859E-01  -4.9326E+00   2.5097E-01  -2.8525E-02   8.0727E-01
   1986.25   6.0476E+01   3.1481E+01  -8.5076E+01   3.0144E+00  -3.4248E-01  -4.8476E+00   2.4667E-01  -2.8026E-02   7.9336E-01
   1986.33   6.0307E+01   3.1698E+01  -8.4914E+01   2.9412E+00  -3.3407E-01  -4.7297E+00   2.4068E-01  -2.7337E-02   7.7407E-01
   1986.42   6.0142E+01   3.1900E+01  -8.4758E+01   2.8474E+00  -3.2335E-01  -4.5790E+00   2.3300E-01  -2.6460E-02   7.4941E-01
   1986.50   5.9983E+01   3.2086E+01  -8.4607E+01   2.7330E+00  -3.1032E-01  -4.3955E+00   2.2364E-01  -2.5394E-02   7.1937E-01
   1986.58   5.9830E+01   3.2256E+01  -8.4463E+01   2.5980E+00  -2.9499E-01  -4.1792E+00   2.1260E-01  -2.4139E-02   6.8397E-01
   1986.67   5.9682E+01   3.2411E+01  -8.4324E+01   2.4425E+00  -2.7734E-01  -3.9301E+00   1.9987E-01  -2.2695E-02   6.4320E-01
   1986.75   5.9539E+01   3.2551E+01  -8.4191E+01   2.2664E+00  -2.5739E-01  -3.6481E+00   1.8546E-01  -2.1063E-02   5.9705E-01
   1986.83   5.9402E+01   3.2674E+01  -8.4064E+01   2.0697E+00  -2.3513E-01  -3.3333E+00   1.6936E-01  -1.9241E-02   5.4554E-01
   1986.92   5.9270E+01   3.2782E+01  -8.3943E+01   1.8524E+00  -2.1057E-01  -2.9857E+00   1.5158E-01  -1.7231E-02   4.8865E-01
   1987.00   5.9144E+01   3.2875E+01  -8.3827E+01   1.6146E+00  -1.8369E-01  -2.6053E+00   1.3212E-01  -1.5032E-02   4.2639E-01
   1987.08   5.9023E+01   3.2952E+01  -8.3718E+01   1.3561E+00  -1.5451E-01  -2.1921E+00   1.1097E-01  -1.2643E-02   3.5876E-01
   1987.17   5.8908E+01   3.3013E+01  -8.3614E+01   1.0771E+00  -1.2302E-01  -1.7461E+00   8.8142E-02  -1.0067E-02   2.8576E-01
   1987.25   5.8798E+01   3.3059E+01  -8.3516E+01   7.7754E-01  -8.9218E-02  -1.2672E+00   6.3626E-02  -7.3008E-03   2.0739E-01
   1987.33   5.8693E+01   3.3089E+01  -8.3424E+01   4.5737E-01  -5.3112E-02  -7.5552E-01   3.7427E-02  -4.3461E-03   1.2365E-01
   1987.42   5.8594E+01   3.3103E+01  -8.3338E+01   1.1662E-01  -1.4697E-02  -2.1102E-01   9.5433E-03  -1.2027E-03   3.4536E-02
   1987.50   5.8500E+01   3.3102E+01  -8.3258E+01  -2.4470E-01   2.6026E-02   3.6630E-01  -2.0024E-02   2.1297E-03  -5.9949E-02
   1987.58   5.8412E+01   3.3086E+01  -8.3183E+01  -6.2661E-01   6.9056E-02   9.7644E-01  -5.1276E-02   5.6509E-03  -1.5980E-01
   1987.67   5.8329E+01   3.3053E+01  -8.3115E+01  -1.0291E+00   1.1439E-01   1.6194E+00  -8.4211E-02   9.3609E-03  -2.6503E-01
   1987.75   5.8252E+01   3.3006E+01  -8.3052E+01  -1.4522E+00   1.6204E-01   2.2952E+00  -1.1883E-01   1.3260E-02  -3.7563E-01
   1987.83   5.8180E+01   3.2942E+01  -8.2995E+01  -1.8958E+00   2.1199E-01   3.0038E+00  -1.5513E-01   1.7348E-02  -4.9160E-01
   1987.92   5.8113E+01   3.2863E+01  -8.2944E+01  -2.3600E+00   2.6426E-01   3.7452E+00  -1.9312E-01   2.1624E-02  -6.1294E-01
   1988.00   5.8052E+01   3.2768E+01  -8.2899E+01  -2.8448E+00   3.1883E-01   4.5194E+00  -2.3279E-01   2.6090E-02  -7.3965E-01
   1988.08   5.7996E+01   3.2668E+01  -8.2855E+01  -3.3191E+00   3.7220E-01   5.2767E+00  -2.7160E-01   3.0457E-02  -8.6359E-01
   1988.17   5.7943E+01   3.2571E+01  -8.2808E+01  -3.7515E+00   4.2088E-01   5.9673E+00  -3.0699E-01   3.4441E-02  -9.7662E-01
   1988.25   5.7895E+01   3.2477E+01  -8.2758E+01  -4.1422E+00   4.6486E-01   6.5913E+00  -3.3896E-01   3.8040E-02  -1.0787E+00
   1988.33   5.7851E+01   3.2387E+01  -8.2705E+01  -4.4912E+00   5.0414E-01   7.1486E+00  -3.6752E-01   4.1254E-02  -1.1699E+00
   1988.42   5.7810E+01   3.2301E+01  -8.2649E+01  -4.7984E+00   5.3873E-01   7.6392E+00  -3.9266E-01   4.4084E-02  -1.2502E+00
   1988.50   5.7774E+01   3.2218E+01  -8.2590E+01  -5.0639E+00   5.6861E-01   8.0632E+00  -4.1438E-01   4.6530E-02  -1.3196E+00
   1988.58   5.7741E+01   3.2139E+01  -8.2528E+01  -5.2876E+00   5.9380E-01   8.4205E+00  -4.3269E-01   4.8591E-02  -1.3781E+00
   1988.67   5.7713E+01   3.2064E+01  -8.2462E+01  -5.4696E+00   6.1430E-01   8.7111E+00  -4.4758E-01   5.0268E-02  -1.4257E+00
   1988.75   5.7689E+01   3.1992E+01  -8.2394E+01  -5.6098E+00   6.3009E-01   8.9350E+00  -4.5905E-01   5.1560E-02  -1.4623E+00
   1988.83   5.7668E+01   3.1923E+01  -8.2322E+01  -5.7083E+00   6.4119E-01   9.0923E+00  -4.6711E-01   5.2469E-02  -1.4881E+00
   1988.92   5.7652E+01   3.1859E+01  -8.2248E+01  -5.7650E+00   6.4759E-01   9.1829E+00  -4.7175E-01   5.2992E-02  -1.5029E+00
   1989.00   5.7640E+01   3.1798E+01  -8.2170E+01  -5.7800E+00   6.4929E-01   9.2069E+00  -4.7298E-01   5.3131E-02  -1.5068E+00
   1989.08   5.7631E+01   3.1740E+01  -8.2089E+01  -5.7532E+00   6.4629E-01   9.1641E+00  -4.7079E-01   5.2886E-02  -1.4998E+00
   1989.17   5.7627E+01   3.1686E+01  -8.2005E+01  -5.6847E+00   6.3860E-01   9.0547E+00  -4.6518E-01   5.2257E-02  -1.4819E+00
   1989.25   5.7626E+01   3.1636E+01  -8.1918E+01  -5.5744E+00   6.2621E-01   8.8787E+00  -4.5616E-01   5.1243E-02  -1.4531E+00
   1989.33   5.7630E+01   3.1589E+01  -8.1828E+01  -5.4224E+00   6.0912E-01   8.6359E+00  -4.4372E-01   4.9844E-02  -1.4134E+00
   1989.42   5.7637E+01   3.1546E+01  -8.1735E+01  -5.2286E+00   5.8733E-01   8.3265E+00  -4.2786E-01   4.8062E-02  -1.3627E+00
   1989.50   5.7649E+01   3.1506E+01  -8.1639E+01  -4.9931E+00   5.6085E-01   7.9505E+00  -4.0859E-01   4.5895E-02  -1.3012E+00
   1989.58   5.7665E+01   3.1470E+01  -8.1539E+01  -4.7158E+00   5.2967E-01   7.5077E+00  -3.8590E-01   4.3343E-02  -1.2287E+00
   1989.67   5.7684E+01   3.1438E+01  -8.1437E+01  -4.3968E+00   4.9379E-01   6.9983E+00  -3.5979E-01   4.0407E-02  -1.1453E+00
   1989.75   5.7708E+01   3.1409E+01  -8.1331E+01  -4.0360E+00   4.5321E-01   6.4222E+00  -3.3027E-01   3.7087E-02  -1.0511E+00
   1989.83   5.7735E+01   3.1384E+01  -8.1223E+01  -3.6335E+00   4.0794E-01   5.7795E+00  -2.9733E-01   3.3382E-02  -9.4587E-01
   1989.92   5.7767E+01   3.1363E+01  -8.1111E+01  -3.1892E+00   3.5797E-01   5.0700E+00  -2.6098E-01   2.9293E-02  -8.2976E-01
   1990.00   5.7803E+01   3.1345E+01  -8.0996E+01  -2.7032E+00   3.0330E-01   4.2939E+00  -2.2121E-01   2.4819E-02  -7.0275E-01
   1990.08   5.7841E+01   3.1328E+01  -8.0884E+01  -2.2097E+00   2.4779E-01   3.5059E+00  -1.8082E-01   2.0276E-02  -5.7378E-01
   1990.17   5.7882E+01   3.1311E+01  -8.0779E+01  -1.7430E+00   1.9528E-01   2.7606E+00  -1.4263E-01   1.5980E-02  -4.5180E-01
   1990.25   5.7926E+01   3.1293E+01  -8.0683E+01  -1.3031E+00   1.4579E-01   2.0580E+00  -1.0663E-01   1.1930E-02  -3.3682E-01
   1990.33   5.7972E+01   3.1275E+01  -8.0594E+01  -8.8992E-01   9.9303E-02   1.3982E+00  -7.2822E-02   8.1260E-03  -2.2884E-01
   1990.42   5.8020E+01   3.1257E+01  -8.0513E+01  -5.0355E-01   5.5828E-02   7.8119E-01  -4.1206E-02   4.5684E-03  -1.2785E-01
   1990.50   5.8071E+01   3.1237E+01  -8.0440E+01  -1.4397E-01   1.5361E-02   2.0689E-01  -1.1781E-02   1.2570E-03  -3.3860E-02
   1990.58   5.8124E+01   3.1217E+01  -8.0375E+01   1.8883E-01  -2.2095E-02  -3.2466E-01   1.5452E-02  -1.8081E-03   5.3134E-02
   1990.67   5.8180E+01   3.1197E+01  -8.0318E+01   4.9484E-01  -5.6543E-02  -8.1345E-01   4.0493E-02  -4.6269E-03   1.3313E-01
   1990.75   5.8238E+01   3.1176E+01  -8.0268E+01   7.7407E-01  -8.7981E-02  -1.2595E+00   6.3343E-02  -7.1995E-03   2.0613E-01
   1990.83   5.8298E+01   3.1155E+01  -8.0227E+01   1.0265E+00  -1.1641E-01  -1.6628E+00   8.4000E-02  -9.5258E-03   2.7213E-01
   1990.92   5.8361E+01   3.1132E+01  -8.0193E+01   1.2522E+00  -1.4183E-01  -2.0233E+00   1.0247E-01  -1.1606E-02   3.3114E-01
   1991.00   5.8426E+01   3.1110E+01  -8.0168E+01   1.4511E+00  -1.6424E-01  -2.3411E+00   1.1874E-01  -1.3440E-02   3.8315E-01
   1991.08   5.8494E+01   3.1087E+01  -8.0150E+01   1.6231E+00  -1.8364E-01  -2.6162E+00   1.3282E-01  -1.5027E-02   4.2816E-01
   1991.17   5.8564E+01   3.1063E+01  -8.0140E+01   1.7685E+00  -2.0003E-01  -2.8485E+00   1.4471E-01  -1.6369E-02   4.6618E-01
   1991.25   5.8636E+01   3.1038E+01  -8.0138E+01   1.8870E+00  -2.1341E-01  -3.0380E+00   1.5441E-01  -1.7464E-02   4.9720E-01
   1991.33   5.8711E+01   3.1013E+01  -8.0144E+01   1.9787E+00  -2.2378E-01  -3.1848E+00   1.6192E-01  -1.8312E-02   5.2122E-01
   1991.42   5.8788E+01   3.0988E+01  -8.0158E+01   2.0437E+00  -2.3115E-01  -3.2888E+00   1.6723E-01  -1.8915E-02   5.3825E-01
   1991.50   5.8868E+01   3.0962E+01  -8.0179E+01   2.0818E+00  -2.3550E-01  -3.3501E+00   1.7036E-01  -1.9271E-02   5.4828E-01
   1991.58   5.8950E+01   3.0935E+01  -8.0209E+01   2.0932E+00  -2.3684E-01  -3.3686E+00   1.7129E-01  -1.9381E-02   5.5131E-01
   1991.67   5.9034E+01   3.0908E+01  -8.0246E+01   2.0778E+00  -2.3518E-01  -3.3444E+00   1.7003E-01  -1.9245E-02   5.4735E-01
   1991.75   5.9121E+01   3.0880E+01  -8.0292E+01   2.0357E+00  -2.3050E-01  -3.2775E+00   1.6658E-01  -1.8862E-02   5.3639E-01
   1991.83   5.9210E+01   3.0852E+01  -8.0345E+01   1.9667E+00  -2.2282E-01  -3.1677E+00   1.6094E-01  -1.8234E-02   5.1843E-01
   1991.92   5.9301E+01   3.0823E+01  -8.0406E+01   1.8709E+00  -2.1213E-01  -3.0153E+00   1.5310E-01  -1.7358E-02   4.9348E-01
   1992.00   5.9395E+01   3.0794E+01  -8.0475E+01   1.7484E+00  -1.9842E-01  -2.8200E+00   1.4307E-01  -1.6237E-02   4.6153E-01
   1992.08   5.9491E+01   3.0771E+01  -8.0549E+01   1.6191E+00  -1.8396E-01  -2.6140E+00   1.3249E-01  -1.5054E-02   4.2781E-01
   1992.17   5.9587E+01   3.0764E+01  -8.0627E+01   1.5032E+00  -1.7098E-01  -2.4290E+00   1.2300E-01  -1.3992E-02   3.9754E-01
   1992.25   5.9684E+01   3.0771E+01  -8.0707E+01   1.4005E+00  -1.5949E-01  -2.2652E+00   1.1460E-01  -1.3051E-02   3.7072E-01
   1992.33   5.9781E+01   3.0792E+01  -8.0791E+01   1.3111E+00  -1.4948E-01  -2.1224E+00   1.0729E-01  -1.2232E-02   3.4736E-01
   1992.42   5.9879E+01   3.0829E+01  -8.0877E+01   1.2351E+00  -1.4096E-01  -2.0007E+00   1.0106E-01  -1.1535E-02   3.2744E-01
   1992.50   5.9978E+01   3.0880E+01  -8.0967E+01   1.1723E+00  -1.3393E-01  -1.9002E+00   9.5929E-02  -1.0959E-02   3.1098E-01
   1992.58   6.0078E+01   3.0945E+01  -8.1060E+01   1.1228E+00  -1.2838E-01  -1.8207E+00   9.1881E-02  -1.0505E-02   2.9797E-01
   1992.67   6.0178E+01   3.1026E+01  -8.1155E+01   1.0867E+00  -1.2432E-01  -1.7623E+00   8.8921E-02  -1.0173E-02   2.8842E-01
   1992.75   6.0278E+01   3.1121E+01  -8.1254E+01   1.0638E+00  -1.2174E-01  -1.7250E+00   8.7050E-02  -9.9619E-03   2.8231E-01
   1992.83   6.0380E+01   3.1230E+01  -8.1356E+01   1.0542E+00  -1.2065E-01  -1.7088E+00   8.6268E-02  -9.8727E-03   2.7966E-01
   1992.92   6.0482E+01   3.1355E+01  -8.1461E+01   1.0580E+00  -1.2104E-01  -1.7137E+00   8.6574E-02  -9.9050E-03   2.8046E-01
   1993.00   6.0584E+01   3.1494E+01  -8.1569E+01   1.0750E+00  -1.2292E-01  -1.7396E+00   8.7969E-02  -1.0059E-02   2.8471E-01
   1993.08   6.0688E+01   3.1647E+01  -8.1680E+01   1.1054E+00  -1.2629E-01  -1.7867E+00   9.0451E-02  -1.0334E-02   2.9242E-01
   1993.17   6.0792E+01   3.1815E+01  -8.1793E+01   1.1490E+00  -1.3114E-01  -1.8549E+00   9.4023E-02  -1.0732E-02   3.0357E-01
   1993.25   6.0896E+01   3.1998E+01  -8.1910E+01   1.2059E+00  -1.3748E-01  -1.9442E+00   9.8683E-02  -1.1250E-02   3.1818E-01
   1993.33   6.1001E+01   3.2196E+01  -8.2031E+01   1.2762E+00  -1.4531E-01  -2.0545E+00   1.0443E-01  -1.1891E-02   3.3624E-01
   1993.42   6.1107E+01   3.2408E+01  -8.2154E+01   1.3597E+00  -1.5462E-01  -2.1860E+00   1.1127E-01  -1.2653E-02   3.5776E-01
   1993.50   6.1214E+01   3.2635E+01  -8.2280E+01   1.4566E+00  -1.6542E-01  -2.3385E+00   1.1919E-01  -1.3536E-02   3.8272E-01
   1993.58   6.1321E+01   3.2877E+01  -8.2409E+01   1.5667E+00  -1.7770E-01  -2.5122E+00   1.2821E-01  -1.4541E-02   4.1114E-01
   1993.67   6.1429E+01   3.3133E+01  -8.2541E+01   1.6902E+00  -1.9147E-01  -2.7069E+00   1.3831E-01  -1.5668E-02   4.4301E-01
   1993.75   6.1538E+01   3.3404E+01  -8.2676E+01   1.8269E+00  -2.0672E-01  -2.9227E+00   1.4950E-01  -1.6916E-02   4.7833E-01
   1993.83   6.1647E+01   3.3690E+01  -8.2815E+01   1.9770E+00  -2.2346E-01  -3.1596E+00   1.6178E-01  -1.8286E-02   5.1711E-01
   1993.92   6.1757E+01   3.3990E+01  -8.2956E+01   2.1404E+00  -2.4169E-01  -3.4177E+00   1.7515E-01  -1.9777E-02   5.5934E-01
   1994.00   6.1867E+01   3.4305E+01  -8.3101E+01   2.3170E+00  -2.6140E-01  -3.6968E+00   1.8960E-01  -2.1391E-02   6.0501E-01
   1994.08   6.1978E+01   3.4628E+01  -8.3253E+01   2.4923E+00  -2.8096E-01  -3.9736E+00   2.0394E-01  -2.2991E-02   6.5033E-01
   1994.17   6.2089E+01   3.4951E+01  -8.3419E+01   2.6514E+00  -2.9871E-01  -4.2250E+00   2.1696E-01  -2.4443E-02   6.9146E-01
   1994.25   6.2200E+01   3.5274E+01  -8.3597E+01   2.7943E+00  -3.1466E-01  -4.4508E+00   2.2866E-01  -2.5749E-02   7.2842E-01
   1994.33   6.2311E+01   3.5598E+01  -8.3789E+01   2.9211E+00  -3.2881E-01  -4.6510E+00   2.3904E-01  -2.6907E-02   7.6119E-01
   1994.42   6.2423E+01   3.5922E+01  -8.3994E+01   3.0318E+00  -3.4116E-01  -4.8258E+00   2.4809E-01  -2.7917E-02   7.8979E-01
   1994.50   6.2535E+01   3.6246E+01  -8.4212E+01   3.1263E+00  -3.5171E-01  -4.9749E+00   2.5583E-01  -2.8780E-02   8.1420E-01
   1994.58   6.2646E+01   3.6571E+01  -8.4443E+01   3.2047E+00  -3.6045E-01  -5.0986E+00   2.6224E-01  -2.9496E-02   8.3443E-01
   1994.67   6.2758E+01   3.6896E+01  -8.4687E+01   3.2670E+00  -3.6740E-01  -5.1966E+00   2.6734E-01  -3.0064E-02   8.5049E-01
   1994.75   6.2870E+01   3.7222E+01  -8.4944E+01   3.3131E+00  -3.7254E-01  -5.2692E+00   2.7111E-01  -3.0485E-02   8.6236E-01
   1994.83   6.2983E+01   3.7548E+01  -8.5215E+01   3.3431E+00  -3.7588E-01  -5.3162E+00   2.7356E-01  -3.0758E-02   8.7005E-01
   1994.92   6.3095E+01   3.7874E+01  -8.5498E+01   3.3569E+00  -3.7742E-01  -5.3377E+00   2.7469E-01  -3.0884E-02   8.7357E-01
   1995.00   6.3207E+01   3.8201E+01  -8.5795E+01   3.3546E+00  -3.7716E-01  -5.3336E+00   2.7451E-01  -3.0863E-02   8.7290E-01
   1995.08   6.3320E+01   3.8528E+01  -8.6104E+01   3.3361E+00  -3.7510E-01  -5.3040E+00   2.7300E-01  -3.0694E-02   8.6805E-01
   1995.17   6.3433E+01   3.8855E+01  -8.6427E+01   3.3015E+00  -3.7123E-01  -5.2488E+00   2.7016E-01  -3.0378E-02   8.5902E-01
   1995.25   6.3546E+01   3.9183E+01  -8.6763E+01   3.2508E+00  -3.6556E-01  -5.1681E+00   2.6601E-01  -2.9914E-02   8.4581E-01
   1995.33   6.3659E+01   3.9511E+01  -8.7112E+01   3.1839E+00  -3.5810E-01  -5.0618E+00   2.6054E-01  -2.9303E-02   8.2842E-01
   1995.42   6.3772E+01   3.9840E+01  -8.7474E+01   3.1009E+00  -3.4883E-01  -4.9300E+00   2.5375E-01  -2.8545E-02   8.0685E-01
   1995.50   6.3886E+01   4.0169E+01  -8.7849E+01   3.0017E+00  -3.3776E-01  -4.7727E+00   2.4563E-01  -2.7639E-02   7.8110E-01
   1995.58   6.3999E+01   4.0498E+01  -8.8237E+01   2.8864E+00  -3.2488E-01  -4.5898E+00   2.3620E-01  -2.6585E-02   7.5117E-01
   1995.67   6.4113E+01   4.0828E+01  -8.8639E+01   2.7550E+00  -3.1021E-01  -4.3814E+00   2.2544E-01  -2.5385E-02   7.1706E-01
   1995.75   6.4227E+01   4.1158E+01  -8.9053E+01   2.6074E+00  -2.9374E-01  -4.1474E+00   2.1336E-01  -2.4037E-02   6.7877E-01
   1995.83   6.4341E+01   4.1488E+01  -8.9481E+01   2.4437E+00  -2.7546E-01  -3.8879E+00   1.9997E-01  -2.2541E-02   6.3630E-01
   1995.92   6.4455E+01   4.1819E+01  -8.9921E+01   2.2638E+00  -2.5538E-01  -3.6029E+00   1.8525E-01  -2.0898E-02   5.8965E-01
   1996.00   6.4569E+01   4.2150E+01  -9.0375E+01   2.0678E+00  -2.3350E-01  -3.2923E+00   1.6921E-01  -1.9107E-02   5.3882E-01
   1996.08   6.4681E+01   4.2479E+01  -9.0829E+01   1.8631E+00  -2.1066E-01  -2.9681E+00   1.5246E-01  -1.7239E-02   4.8576E-01
   1996.17   6.4787E+01   4.2802E+01  -9.1270E+01   1.6572E+00  -1.8771E-01  -2.6421E+00   1.3561E-01  -1.5360E-02   4.3240E-01
   1996.25   6.4889E+01   4.3120E+01  -9.1697E+01   1.4501E+00  -1.6464E-01  -2.3143E+00   1.1867E-01  -1.3473E-02   3.7876E-01
   1996.33   6.4985E+01   4.3432E+01  -9.2112E+01   1.2419E+00  -1.4146E-01  -1.9848E+00   1.0162E-01  -1.1576E-02   3.2484E-01
   1996.42   6.5075E+01   4.3739E+01  -9.2513E+01   1.0324E+00  -1.1817E-01  -1.6536E+00   8.4480E-02  -9.6697E-03   2.7062E-01
   1996.50   6.5161E+01   4.4041E+01  -9.2902E+01   8.2169E-01  -9.4757E-02  -1.3206E+00   6.7239E-02  -7.7540E-03   2.1612E-01
   1996.58   6.5241E+01   4.4337E+01  -9.3277E+01   6.0980E-01  -7.1233E-02  -9.8579E-01   4.9900E-02  -5.8290E-03   1.6133E-01
   1996.67   6.5316E+01   4.4627E+01  -9.3639E+01   3.9671E-01  -4.7594E-02  -6.4926E-01   3.2463E-02  -3.8946E-03   1.0626E-01
   1996.75   6.5385E+01   4.4912E+01  -9.3989E+01   1.8243E-01  -2.3840E-02  -3.1099E-01   1.4928E-02  -1.9508E-03   5.0896E-02
   1996.83   6.5449E+01   4.5192E+01  -9.4325E+01  -3.3066E-02   2.8185E-05   2.9047E-02  -2.7058E-03   2.3064E-06  -4.7538E-03
   1996.92   6.5508E+01   4.5466E+01  -9.4648E+01  -2.4976E-01   2.4011E-02   3.7083E-01  -2.0438E-02   1.9648E-03  -6.0691E-02
   1997.00   6.5562E+01   4.5735E+01  -9.4958E+01  -4.6765E-01   4.8108E-02   7.1438E-01  -3.8268E-02   3.9367E-03  -1.1692E-01
   1997.08   6.5611E+01   4.5998E+01  -9.5255E+01  -6.8674E-01   7.2320E-02   1.0597E+00  -5.6197E-02   5.9179E-03  -1.7343E-01
   1997.17   6.5654E+01   4.6256E+01  -9.5539E+01  -9.0704E-01   9.6646E-02   1.4067E+00  -7.4223E-02   7.9086E-03  -2.3023E-01
   1997.25   6.5692E+01   4.6508E+01  -9.5810E+01  -1.1285E+00   1.2109E-01   1.7555E+00  -9.2349E-02   9.9085E-03  -2.8731E-01
   1997.33   6.5724E+01   4.6755E+01  -9.6067E+01  -1.3512E+00   1.4564E-01   2.1061E+00  -1.1057E-01   1.1918E-02  -3.4468E-01
   1997.42   6.5752E+01   4.6997E+01  -9.6312E+01  -1.5751E+00   1.7031E-01   2.4584E+00  -1.2889E-01   1.3937E-02  -4.0235E-01
   1997.50   6.5774E+01   4.7233E+01  -9.6544E+01  -1.8002E+00   1.9510E-01   2.8125E+00  -1.4731E-01   1.5965E-02  -4.6029E-01
   1997.58   6.5791E+01   4.7464E+01  -9.6762E+01  -2.0265E+00   2.1999E-01   3.1683E+00  -1.6583E-01   1.8002E-02  -5.1853E-01
   1997.67   6.5802E+01   4.7689E+01  -9.6968E+01  -2.2540E+00   2.4501E-01   3.5259E+00  -1.8445E-01   2.0049E-02  -5.7705E-01
   1997.75   6.5809E+01   4.7908E+01  -9.7160E+01  -2.4827E+00   2.7013E-01   3.8852E+00  -2.0316E-01   2.2105E-02  -6.3586E-01
   1997.83   6.5810E+01   4.8123E+01  -9.7340E+01  -2.7126E+00   2.9538E-01   4.2463E+00  -2.2198E-01   2.4171E-02  -6.9496E-01
   1997.92   6.5805E+01   4.8332E+01  -9.7506E+01  -2.9438E+00   3.2073E-01   4.6092E+00  -2.4089E-01   2.6246E-02  -7.5434E-01
   1998.00   6.5796E+01   4.8535E+01  -9.7659E+01  -3.1761E+00   3.4620E-01   4.9738E+00  -2.5990E-01   2.8330E-02  -8.1401E-01
   1998.08   6.5781E+01   4.8735E+01  -9.7796E+01  -3.3952E+00   3.7022E-01   5.3176E+00  -2.7783E-01   3.0296E-02  -8.7029E-01
   1998.17   6.5762E+01   4.8934E+01  -9.7913E+01  -3.5869E+00   3.9123E-01   5.6183E+00  -2.9351E-01   3.2014E-02  -9.1950E-01
   1998.25   6.5737E+01   4.9131E+01  -9.8009E+01  -3.7510E+00   4.0922E-01   5.8758E+00  -3.0694E-01   3.3487E-02  -9.6164E-01
   1998.33   6.5708E+01   4.9327E+01  -9.8086E+01  -3.8876E+00   4.2419E-01   6.0901E+00  -3.1812E-01   3.4712E-02  -9.9671E-01
   1998.42   6.5674E+01   4.9521E+01  -9.8142E+01  -3.9967E+00   4.3615E-01   6.2612E+00  -3.2705E-01   3.5690E-02  -1.0247E+00
   1998.50   6.5635E+01   4.9714E+01  -9.8178E+01  -4.0783E+00   4.4509E-01   6.3891E+00  -3.3372E-01   3.6422E-02  -1.0456E+00
   1998.58   6.5591E+01   4.9906E+01  -9.8195E+01  -4.1323E+00   4.5102E-01   6.4738E+00  -3.3815E-01   3.6907E-02  -1.0595E+00
   1998.67   6.5542E+01   5.0096E+01  -9.8191E+01  -4.1589E+00   4.5393E-01   6.5153E+00  -3.4032E-01   3.7145E-02  -1.0663E+00
   1998.75   6.5488E+01   5.0285E+01  -9.8167E+01  -4.1579E+00   4.5383E-01   6.5136E+00  -3.4024E-01   3.7137E-02  -1.0660E+00
   1998.83   6.5429E+01   5.0473E+01  -9.8123E+01  -4.1294E+00   4.5071E-01   6.4687E+00  -3.3791E-01   3.6881E-02  -1.0587E+00
   1998.92   6.5365E+01   5.0659E+01  -9.8059E+01  -4.0734E+00   4.4457E-01   6.3806E+00  -3.3333E-01   3.6379E-02  -1.0443E+00
   1999.00   6.5297E+01   5.0844E+01  -9.7975E+01  -3.9899E+00   4.3542E-01   6.2493E+00  -3.2650E-01   3.5630E-02  -1.0228E+00
   1999.08   6.5223E+01   5.1028E+01  -9.7871E+01  -3.8789E+00   4.2325E-01   6.0748E+00  -3.1741E-01   3.4635E-02  -9.9421E-01
   1999.17   6.5145E+01   5.1210E+01  -9.7746E+01  -3.7403E+00   4.0807E-01   5.8571E+00  -3.0607E-01   3.3392E-02  -9.5858E-01
   1999.25   6.5062E+01   5.1390E+01  -9.7602E+01  -3.5743E+00   3.8987E-01   5.5962E+00  -2.9248E-01   3.1903E-02  -9.1588E-01
   1999.33   6.4974E+01   5.1570E+01  -9.7438E+01  -3.3807E+00   3.6866E-01   5.2921E+00  -2.7664E-01   3.0167E-02  -8.6612E-01
   1999.42   6.4881E+01   5.1748E+01  -9.7253E+01  -3.1596E+00   3.4443E-01   4.9449E+00  -2.5855E-01   2.8185E-02  -8.0928E-01
   1999.50   6.4783E+01   5.1925E+01  -9.7049E+01  -2.9110E+00   3.1718E-01   4.5544E+00  -2.3821E-01   2.5955E-02  -7.4537E-01
   1999.58   6.4680E+01   5.2100E+01  -9.6824E+01  -2.6349E+00   2.8692E-01   4.1207E+00  -2.1562E-01   2.3479E-02  -6.7440E-01
   1999.67   6.4572E+01   5.2274E+01  -9.6579E+01  -2.3313E+00   2.5364E-01   3.6438E+00  -1.9077E-01   2.0756E-02  -5.9635E-01
   1999.75   6.4459E+01   5.2446E+01  -9.6314E+01  -2.0001E+00   2.1735E-01   3.1238E+00  -1.6367E-01   1.7786E-02  -5.1124E-01
   1999.83   6.4342E+01   5.2617E+01  -9.6029E+01  -1.6415E+00   1.7805E-01   2.5605E+00  -1.3432E-01   1.4570E-02  -4.1905E-01
   1999.92   6.4219E+01   5.2787E+01  -9.5724E+01  -1.2553E+00   1.3572E-01   1.9540E+00  -1.0272E-01   1.1106E-02  -3.1980E-01
   2000.00   6.4092E+01   5.2956E+01  -9.5399E+01  -8.4161E-01   9.0383E-02   1.3044E+00  -6.8869E-02   7.3961E-03  -2.1347E-01
   2000.08   6.3965E+01   5.3120E+01  -9.5071E+01  -4.3153E-01   4.5433E-02   6.6032E-01  -3.5312E-02   3.7178E-03  -1.0807E-01
   2000.17   6.3842E+01   5.3277E+01  -9.4755E+01  -5.6188E-02   4.2759E-03   7.0727E-02  -4.5979E-03   3.4990E-04  -1.1575E-02
   2000.25   6.3724E+01   5.3427E+01  -9.4453E+01   2.8442E-01  -3.3088E-02  -4.6442E-01   2.3274E-02  -2.7076E-03   7.6008E-02
   2000.33   6.3611E+01   5.3569E+01  -9.4163E+01   5.9029E-01  -6.6658E-02  -9.4513E-01   4.8303E-02  -5.4547E-03   1.5468E-01
   2000.42   6.3503E+01   5.3705E+01  -9.3887E+01   8.6142E-01  -9.6436E-02  -1.3714E+00   7.0490E-02  -7.8914E-03   2.2444E-01
   2000.50   6.3400E+01   5.3833E+01  -9.3623E+01   1.0978E+00  -1.2242E-01  -1.7432E+00   8.9835E-02  -1.0018E-02   2.8529E-01
   2000.58   6.3301E+01   5.3954E+01  -9.3373E+01   1.2995E+00  -1.4461E-01  -2.0606E+00   1.0634E-01  -1.1834E-02   3.3723E-01
   2000.67   6.3208E+01   5.4068E+01  -9.3135E+01   1.4664E+00  -1.6301E-01  -2.3235E+00   1.2000E-01  -1.3339E-02   3.8026E-01
   2000.75   6.3119E+01   5.4175E+01  -9.2911E+01   1.5986E+00  -1.7761E-01  -2.5320E+00   1.3081E-01  -1.4534E-02   4.1438E-01
   2000.83   6.3035E+01   5.4275E+01  -9.2699E+01   1.6960E+00  -1.8842E-01  -2.6860E+00   1.3879E-01  -1.5419E-02   4.3959E-01
   2000.92   6.2956E+01   5.4368E+01  -9.2501E+01   1.7588E+00  -1.9544E-01  -2.7856E+00   1.4392E-01  -1.5993E-02   4.5589E-01
   2001.00   6.2881E+01   5.4453E+01  -9.2315E+01   1.7867E+00  -1.9867E-01  -2.8307E+00   1.4621E-01  -1.6257E-02   4.6328E-01
   2001.08   6.2812E+01   5.4532E+01  -9.2143E+01   1.7800E+00  -1.9810E-01  -2.8214E+00   1.4566E-01  -1.6211E-02   4.6176E-01
   2001.17   6.2747E+01   5.4603E+01  -9.1984E+01   1.7385E+00  -1.9374E-01  -2.7577E+00   1.4226E-01  -1.5854E-02   4.5133E-01
   2001.25   6.2687E+01   5.4667E+01  -9.1837E+01   1.6623E+00  -1.8558E-01  -2.6395E+00   1.3602E-01  -1.5186E-02   4.3198E-01
   2001.33   6.2632E+01   5.4723E+01  -9.1704E+01   1.5513E+00  -1.7363E-01  -2.4669E+00   1.2694E-01  -1.4209E-02   4.0373E-01
   2001.42   6.2581E+01   5.4773E+01  -9.1584E+01   1.4056E+00  -1.5789E-01  -2.2398E+00   1.1502E-01  -1.2921E-02   3.6656E-01
   2001.50   6.2536E+01   5.4816E+01  -9.1476E+01   1.2252E+00  -1.3836E-01  -1.9582E+00   1.0026E-01  -1.1322E-02   3.2049E-01
   2001.58   6.2495E+01   5.4851E+01  -9.1382E+01   1.0100E+00  -1.1503E-01  -1.6223E+00   8.2647E-02  -9.4131E-03   2.6550E-01
   2001.67   6.2459E+01   5.4879E+01  -9.1300E+01   7.6007E-01  -8.7911E-02  -1.2319E+00   6.2197E-02  -7.1938E-03   2.0161E-01
   2001.75   6.2428E+01   5.4900E+01  -9.1232E+01   4.7543E-01  -5.6997E-02  -7.8699E-01   3.8904E-02  -4.6641E-03   1.2880E-01
   2001.83   6.2402E+01   5.4914E+01  -9.1177E+01   1.5604E-01  -2.2290E-02  -2.8768E-01   1.2769E-02  -1.8240E-03   4.7082E-02
   2001.92   6.2381E+01   5.4921E+01  -9.1135E+01  -1.9807E-01   1.6210E-02   2.6607E-01  -1.6209E-02   1.3265E-03  -4.3545E-02
   2002.00   6.2364E+01   5.4921E+01  -9.1105E+01  -5.8693E-01   5.8504E-02   8.7427E-01  -4.8029E-02   4.7874E-03  -1.4308E-01
   2002.08   6.2352E+01   5.4916E+01  -9.1082E+01  -9.7517E-01   1.0074E-01   1.4816E+00  -7.9798E-02   8.2438E-03  -2.4248E-01
   2002.17   6.2343E+01   5.4912E+01  -9.1058E+01  -1.3274E+00   1.3908E-01   2.0327E+00  -1.0862E-01   1.1381E-02  -3.3268E-01
   2002.25   6.2338E+01   5.4907E+01  -9.1032E+01  -1.6437E+00   1.7351E-01   2.5277E+00  -1.3451E-01   1.4198E-02  -4.1368E-01
   2002.33   6.2336E+01   5.4902E+01  -9.1006E+01  -1.9241E+00   2.0404E-01   2.9664E+00  -1.5745E-01   1.6697E-02  -4.8549E-01
   2002.42   6.2337E+01   5.4896E+01  -9.0978E+01  -2.1684E+00   2.3067E-01   3.3490E+00  -1.7744E-01   1.8876E-02  -5.4810E-01
   2002.50   6.2342E+01   5.4891E+01  -9.0950E+01  -2.3768E+00   2.5339E-01   3.6754E+00  -1.9450E-01   2.0735E-02  -6.0152E-01
   2002.58   6.2351E+01   5.4884E+01  -9.0920E+01  -2.5492E+00   2.7221E-01   3.9456E+00  -2.0860E-01   2.2275E-02  -6.4574E-01
   2002.67   6.2363E+01   5.4878E+01  -9.0890E+01  -2.6857E+00   2.8713E-01   4.1596E+00  -2.1977E-01   2.3496E-02  -6.8077E-01
   2002.75   6.2378E+01   5.4871E+01  -9.0858E+01  -2.7861E+00   2.9815E-01   4.3174E+00  -2.2799E-01   2.4398E-02  -7.0659E-01
   2002.83   6.2397E+01   5.4864E+01  -9.0826E+01  -2.8507E+00   3.0526E-01   4.4191E+00  -2.3327E-01   2.4980E-02  -7.2323E-01
   2002.92   6.2419E+01   5.4856E+01  -9.0792E+01  -2.8792E+00   3.0847E-01   4.4645E+00  -2.3561E-01   2.5242E-02  -7.3066E-01
   2003.00   6.2445E+01   5.4848E+01  -9.0757E+01  -2.8718E+00   3.0778E-01   4.4538E+00  -2.3500E-01   2.5186E-02  -7.2891E-01
   2003.08   6.2475E+01   5.4840E+01  -9.0722E+01  -2.8284E+00   3.0318E-01   4.3868E+00  -2.3145E-01   2.4810E-02  -7.1795E-01
   2003.17   6.2508E+01   5.4831E+01  -9.0685E+01  -2.7490E+00   2.9469E-01   4.2637E+00  -2.2495E-01   2.4114E-02  -6.9780E-01
   2003.25   6.2544E+01   5.4823E+01  -9.0647E+01  -2.6336E+00   2.8228E-01   4.0844E+00  -2.1551E-01   2.3099E-02  -6.6845E-01
   2003.33   6.2584E+01   5.4813E+01  -9.0608E+01  -2.4823E+00   2.6598E-01   3.8489E+00  -2.0313E-01   2.1765E-02  -6.2991E-01
   2003.42   6.2627E+01   5.4804E+01  -9.0568E+01  -2.2950E+00   2.4577E-01   3.5572E+00  -1.8780E-01   2.0112E-02  -5.8217E-01
   2003.50   6.2674E+01   5.4794E+01  -9.0527E+01  -2.0718E+00   2.2166E-01   3.2093E+00  -1.6953E-01   1.8139E-02  -5.2524E-01
   2003.58   6.2724E+01   5.4783E+01  -9.0485E+01  -1.8126E+00   1.9365E-01   2.8053E+00  -1.4832E-01   1.5846E-02  -4.5911E-01
   2003.67   6.2778E+01   5.4773E+01  -9.0442E+01  -1.5174E+00   1.6173E-01   2.3450E+00  -1.2417E-01   1.3235E-02  -3.8378E-01
   2003.75   6.2835E+01   5.4762E+01  -9.0398E+01  -1.1862E+00   1.2592E-01   1.8286E+00  -9.7067E-02   1.0304E-02  -2.9926E-01
   2003.83   6.2896E+01   5.4751E+01  -9.0353E+01  -8.1906E-01   8.6195E-02   1.2559E+00  -6.7024E-02   7.0534E-03  -2.0554E-01
   2003.92   6.2960E+01   5.4739E+01  -9.0307E+01  -4.1596E-01   4.2571E-02   6.2710E-01  -3.4038E-02   3.4836E-03  -1.0263E-01
   2004.00   6.3028E+01   5.4727E+01  -9.0260E+01   2.3117E-02  -4.9560E-03  -5.7910E-02   1.8917E-03  -4.0555E-04   9.4776E-03
   2004.08   6.3090E+01   5.4711E+01  -9.0208E+01   4.6549E-01  -5.2843E-02  -7.4811E-01   3.8091E-02  -4.3242E-03   1.2244E-01
   2004.17   6.3135E+01   5.4688E+01  -9.0149E+01   8.7849E-01  -9.7549E-02  -1.3925E+00   7.1887E-02  -7.9824E-03   2.2790E-01
   2004.25   6.3165E+01   5.4658E+01  -9.0082E+01   1.2621E+00  -1.3907E-01  -1.9911E+00   1.0328E-01  -1.1380E-02   3.2586E-01
   2004.33   6.3179E+01   5.4621E+01  -9.0007E+01   1.6164E+00  -1.7741E-01  -2.5438E+00   1.3227E-01  -1.4518E-02   4.1632E-01
   2004.42   6.3178E+01   5.4576E+01  -8.9924E+01   1.9412E+00  -2.1257E-01  -3.0508E+00   1.5885E-01  -1.7395E-02   4.9929E-01
   2004.50   6.3160E+01   5.4525E+01  -8.9834E+01   2.2367E+00  -2.4455E-01  -3.5119E+00   1.8303E-01  -2.0011E-02   5.7476E-01
   2004.58   6.3127E+01   5.4466E+01  -8.9736E+01   2.5029E+00  -2.7334E-01  -3.9272E+00   2.0481E-01  -2.2368E-02   6.4274E-01
   2004.67   6.3077E+01   5.4400E+01  -8.9630E+01   2.7396E+00  -2.9896E-01  -4.2968E+00   2.2418E-01  -2.4464E-02   7.0321E-01
   2004.75   6.3012E+01   5.4327E+01  -8.9516E+01   2.9470E+00  -3.2139E-01  -4.6205E+00   2.4115E-01  -2.6299E-02   7.5619E-01
   2004.83   6.2931E+01   5.4246E+01  -8.9395E+01   3.1250E+00  -3.4063E-01  -4.8984E+00   2.5572E-01  -2.7874E-02   8.0167E-01
   2004.92   6.2835E+01   5.4159E+01  -8.9266E+01   3.2736E+00  -3.5670E-01  -5.1304E+00   2.6788E-01  -2.9189E-02   8.3965E-01
   2005.00   6.2722E+01   5.4064E+01  -8.9129E+01   3.3929E+00  -3.6958E-01  -5.3167E+00   2.7764E-01  -3.0243E-02   8.7013E-01
   2005.08   6.2594E+01   5.3962E+01  -8.8984E+01   3.4828E+00  -3.7929E-01  -5.4572E+00   2.8500E-01  -3.1037E-02   8.9312E-01
   2005.17   6.2450E+01   5.3853E+01  -8.8831E+01   3.5433E+00  -3.8580E-01  -5.5518E+00   2.8995E-01  -3.1571E-02   9.0861E-01
   2005.25   6.2290E+01   5.3736E+01  -8.8671E+01   3.5744E+00  -3.8914E-01  -5.6006E+00   2.9250E-01  -3.1844E-02   9.1660E-01
   2005.33   6.2114E+01   5.3613E+01  -8.8503E+01   3.5762E+00  -3.8930E-01  -5.6036E+00   2.9264E-01  -3.1856E-02   9.1710E-01
   2005.42   6.1922E+01   5.3482E+01  -8.8327E+01   3.5485E+00  -3.8627E-01  -5.5609E+00   2.9038E-01  -3.1609E-02   9.1009E-01
   2005.50   6.1715E+01   5.3344E+01  -8.8144E+01   3.4916E+00  -3.8006E-01  -5.4722E+00   2.8572E-01  -3.1101E-02   8.9559E-01
   2005.58   6.1491E+01   5.3199E+01  -8.7952E+01   3.4052E+00  -3.7067E-01  -5.3378E+00   2.7865E-01  -3.0332E-02   8.7359E-01
   2005.67   6.1252E+01   5.3047E+01  -8.7753E+01   3.2894E+00  -3.5810E-01  -5.1576E+00   2.6918E-01  -2.9303E-02   8.4410E-01
   2005.75   6.0997E+01   5.2888E+01  -8.7546E+01   3.1443E+00  -3.4234E-01  -4.9316E+00   2.5730E-01  -2.8014E-02   8.0710E-01
   2005.83   6.0727E+01   5.2721E+01  -8.7332E+01   2.9698E+00  -3.2341E-01  -4.6597E+00   2.4302E-01  -2.6464E-02   7.6261E-01
   2005.92   6.0440E+01   5.2547E+01  -8.7109E+01   2.7660E+00  -3.0129E-01  -4.3420E+00   2.2634E-01  -2.4654E-02   7.1062E-01
   2006.00   6.0138E+01   5.2366E+01  -8.6879E+01   2.5327E+00  -2.7598E-01  -3.9786E+00   2.0726E-01  -2.2584E-02   6.5114E-01
   2006.08   5.9840E+01   5.2185E+01  -8.6654E+01   2.2936E+00  -2.5004E-01  -3.6057E+00   1.8768E-01  -2.0461E-02   5.9012E-01
   2006.17   5.9569E+01   5.2009E+01  -8.6447E+01   2.0718E+00  -2.2598E-01  -3.2600E+00   1.6954E-01  -1.8492E-02   5.3354E-01
   2006.25   5.9323E+01   5.1840E+01  -8.6257E+01   1.8676E+00  -2.0381E-01  -2.9414E+00   1.5282E-01  -1.6677E-02   4.8140E-01
   2006.33   5.9104E+01   5.1676E+01  -8.6086E+01   1.6808E+00  -1.8352E-01  -2.6499E+00   1.3754E-01  -1.5018E-02   4.3369E-01
   2006.42   5.8910E+01   5.1519E+01  -8.5933E+01   1.5114E+00  -1.6513E-01  -2.3856E+00   1.2368E-01  -1.3513E-02   3.9042E-01
   2006.50   5.8743E+01   5.1367E+01  -8.5797E+01   1.3596E+00  -1.4863E-01  -2.1483E+00   1.1126E-01  -1.2162E-02   3.5159E-01
   2006.58   5.8601E+01   5.1222E+01  -8.5680E+01   1.2252E+00  -1.3401E-01  -1.9381E+00   1.0026E-01  -1.0966E-02   3.1720E-01
   2006.67   5.8486E+01   5.1082E+01  -8.5580E+01   1.1083E+00  -1.2128E-01  -1.7551E+00   9.0689E-02  -9.9246E-03   2.8724E-01
   2006.75   5.8396E+01   5.0949E+01  -8.5499E+01   1.0088E+00  -1.1044E-01  -1.5992E+00   8.2550E-02  -9.0377E-03   2.6172E-01
   2006.83   5.8332E+01   5.0822E+01  -8.5435E+01   9.2680E-01  -1.0150E-01  -1.4704E+00   7.5840E-02  -8.3054E-03   2.4064E-01
   2006.92   5.8294E+01   5.0700E+01  -8.5390E+01   8.6227E-01  -9.4434E-02  -1.3687E+00   7.0560E-02  -7.7276E-03   2.2399E-01
   2007.00   5.8283E+01   5.0585E+01  -8.5362E+01   8.1520E-01  -8.9263E-02  -1.2941E+00   6.6708E-02  -7.3044E-03   2.1179E-01
   2007.08   5.8297E+01   5.0476E+01  -8.5352E+01   7.8561E-01  -8.5979E-02  -1.2466E+00   6.4286E-02  -7.0357E-03   2.0402E-01
   2007.17   5.8337E+01   5.0373E+01  -8.5360E+01   7.7347E-01  -8.4585E-02  -1.2262E+00   6.3294E-02  -6.9216E-03   2.0068E-01
   2007.25   5.8403E+01   5.0275E+01  -8.5386E+01   7.7881E-01  -8.5079E-02  -1.2329E+00   6.3730E-02  -6.9621E-03   2.0179E-01
   2007.33   5.8495E+01   5.0184E+01  -8.5430E+01   8.0160E-01  -8.7462E-02  -1.2668E+00   6.5596E-02  -7.1571E-03   2.0733E-01
   2007.42   5.8613E+01   5.0099E+01  -8.5492E+01   8.4187E-01  -9.1734E-02  -1.3278E+00   6.8891E-02  -7.5066E-03   2.1730E-01
   2007.50   5.8757E+01   5.0020E+01  -8.5572E+01   8.9960E-01  -9.7895E-02  -1.4158E+00   7.3615E-02  -8.0108E-03   2.3172E-01
   2007.58   5.8927E+01   4.9947E+01  -8.5670E+01   9.7480E-01  -1.0594E-01  -1.5310E+00   7.9768E-02  -8.6695E-03   2.5057E-01
   2007.67   5.9122E+01   4.9880E+01  -8.5786E+01   1.0675E+00  -1.1588E-01  -1.6733E+00   8.7351E-02  -9.4827E-03   2.7386E-01
   2007.75   5.9344E+01   4.9819E+01  -8.5920E+01   1.1776E+00  -1.2771E-01  -1.8428E+00   9.6363E-02  -1.0451E-02   3.0159E-01
   2007.83   5.9592E+01   4.9763E+01  -8.6071E+01   1.3052E+00  -1.4143E-01  -2.0393E+00   1.0680E-01  -1.1573E-02   3.3375E-01
   2007.92   5.9866E+01   4.9714E+01  -8.6241E+01   1.4503E+00  -1.5703E-01  -2.2629E+00   1.1867E-01  -1.2850E-02   3.7035E-01
   2008.00   6.0165E+01   4.9671E+01  -8.6428E+01   1.6128E+00  -1.7452E-01  -2.5137E+00   1.3197E-01  -1.4281E-02   4.1139E-01
   2008.08   6.0470E+01   4.9634E+01  -8.6622E+01   1.7721E+00  -1.9169E-01  -2.7596E+00   1.4501E-01  -1.5686E-02   4.5164E-01
   2008.17   6.0757E+01   4.9602E+01  -8.6810E+01   1.9076E+00  -2.0631E-01  -2.9688E+00   1.5610E-01  -1.6882E-02   4.8588E-01
   2008.25   6.1029E+01   4.9575E+01  -8.6993E+01   2.0193E+00  -2.1839E-01  -3.1413E+00   1.6524E-01  -1.7871E-02   5.1411E-01
   2008.33   6.1283E+01   4.9553E+01  -8.7170E+01   2.1071E+00  -2.2792E-01  -3.2771E+00   1.7242E-01  -1.8651E-02   5.3633E-01
   2008.42   6.1521E+01   4.9537E+01  -8.7342E+01   2.1710E+00  -2.3492E-01  -3.3761E+00   1.7766E-01  -1.9223E-02   5.5253E-01
   2008.50   6.1742E+01   4.9526E+01  -8.7508E+01   2.2111E+00  -2.3936E-01  -3.4384E+00   1.8094E-01  -1.9587E-02   5.6273E-01
   2008.58   6.1947E+01   4.9520E+01  -8.7668E+01   2.2274E+00  -2.4127E-01  -3.4640E+00   1.8227E-01  -1.9743E-02   5.6691E-01
   2008.67   6.2135E+01   4.9520E+01  -8.7823E+01   2.2198E+00  -2.4063E-01  -3.4528E+00   1.8165E-01  -1.9691E-02   5.6509E-01
   2008.75   6.2306E+01   4.9524E+01  -8.7973E+01   2.1884E+00  -2.3745E-01  -3.4049E+00   1.7908E-01  -1.9430E-02   5.5725E-01
   2008.83   6.2461E+01   4.9534E+01  -8.8117E+01   2.1331E+00  -2.3172E-01  -3.3203E+00   1.7456E-01  -1.8962E-02   5.4340E-01
   2008.92   6.2599E+01   4.9550E+01  -8.8255E+01   2.0540E+00  -2.2345E-01  -3.1989E+00   1.6808E-01  -1.8285E-02   5.2354E-01
   2009.00   6.2720E+01   4.9570E+01  -8.8388E+01   1.9511E+00  -2.1264E-01  -3.0409E+00   1.5966E-01  -1.7400E-02   4.9767E-01
   2009.08   6.2825E+01   4.9596E+01  -8.8515E+01   1.8243E+00  -1.9928E-01  -2.8460E+00   1.4928E-01  -1.6307E-02   4.6579E-01
   2009.17   6.2913E+01   4.9627E+01  -8.8636E+01   1.6736E+00  -1.8338E-01  -2.6145E+00   1.3695E-01  -1.5006E-02   4.2789E-01
   2009.25   6.2985E+01   4.9663E+01  -8.8753E+01   1.4991E+00  -1.6493E-01  -2.3462E+00   1.2268E-01  -1.3497E-02   3.8399E-01
   2009.33   6.3040E+01   4.9705E+01  -8.8863E+01   1.3008E+00  -1.4395E-01  -2.0413E+00   1.0645E-01  -1.1779E-02   3.3407E-01
   2009.42   6.3078E+01   4.9752E+01  -8.8968E+01   1.0786E+00  -1.2041E-01  -1.6995E+00   8.8264E-02  -9.8535E-03   2.7815E-01
   2009.50   6.3100E+01   4.9804E+01  -8.9067E+01   8.3260E-01  -9.4338E-02  -1.3211E+00   6.8132E-02  -7.7197E-03   2.1621E-01
   2009.58   6.3105E+01   4.9861E+01  -8.9161E+01   5.6273E-01  -6.5720E-02  -9.0590E-01   4.6048E-02  -5.3779E-03   1.4826E-01
   2009.67   6.3093E+01   4.9924E+01  -8.9250E+01   2.6901E-01  -3.4557E-02  -4.5399E-01   2.2014E-02  -2.8278E-03   7.4300E-02
   2009.75   6.3065E+01   4.9992E+01  -8.9333E+01  -4.8546E-02  -8.5131E-04   3.4653E-02  -3.9726E-03  -6.9663E-05  -5.6713E-03
   2009.83   6.3020E+01   5.0065E+01  -8.9410E+01  -3.8995E-01   3.5398E-02   5.6002E-01  -3.1910E-02   2.8966E-03  -9.1654E-02
   2009.92   6.2959E+01   5.0143E+01  -8.9482E+01  -7.5520E-01   7.4191E-02   1.1221E+00  -6.1798E-02   6.0711E-03  -1.8365E-01
   2010.00   6.2881E+01   5.0227E+01  -8.9548E+01  -1.1443E+00   1.1553E-01   1.7209E+00  -9.3638E-02   9.4537E-03  -2.8165E-01
   2010.08   6.2794E+01   5.0312E+01  -8.9614E+01  -1.5287E+00   1.5638E-01   2.3126E+00  -1.2509E-01   1.2796E-02  -3.7848E-01
   2010.17   6.2708E+01   5.0397E+01  -8.9688E+01  -1.8799E+00   1.9371E-01   2.8532E+00  -1.5383E-01   1.5851E-02  -4.6696E-01
   2010.25   6.2621E+01   5.0480E+01  -8.9767E+01  -2.1979E+00   2.2753E-01   3.3427E+00  -1.7985E-01   1.8619E-02  -5.4708E-01
   2010.33   6.2534E+01   5.0561E+01  -8.9854E+01  -2.4826E+00   2.5783E-01   3.7812E+00  -2.0315E-01   2.1098E-02  -6.1884E-01
   2010.42   6.2446E+01   5.0642E+01  -8.9947E+01  -2.7342E+00   2.8461E-01   4.1686E+00  -2.2374E-01   2.3290E-02  -6.8224E-01
   2010.50   6.2359E+01   5.0721E+01  -9.0046E+01  -2.9525E+00   3.0787E-01   4.5050E+00  -2.4160E-01   2.5193E-02  -7.3729E-01
   2010.58   6.2271E+01   5.0798E+01  -9.0152E+01  -3.1376E+00   3.2762E-01   4.7903E+00  -2.5675E-01   2.6810E-02  -7.8398E-01
   2010.67   6.2183E+01   5.0875E+01  -9.0265E+01  -3.2895E+00   3.4385E-01   5.0245E+00  -2.6918E-01   2.8138E-02  -8.2231E-01
   2010.75   6.2095E+01   5.0950E+01  -9.0384E+01  -3.4082E+00   3.5657E-01   5.2076E+00  -2.7889E-01   2.9178E-02  -8.5229E-01
   2010.83   6.2007E+01   5.1023E+01  -9.0510E+01  -3.4936E+00   3.6577E-01   5.3397E+00  -2.8589E-01   2.9931E-02  -8.7391E-01
   2010.92   6.1919E+01   5.1096E+01  -9.0642E+01  -3.5459E+00   3.7145E-01   5.4208E+00  -2.9016E-01   3.0396E-02  -8.8717E-01
   2011.00   6.1830E+01   5.1167E+01  -9.0781E+01  -3.5649E+00   3.7361E-01   5.4508E+00  -2.9172E-01   3.0573E-02  -8.9208E-01
   2011.08   6.1741E+01   5.1236E+01  -9.0926E+01  -3.5507E+00   3.7226E-01   5.4297E+00  -2.9056E-01   3.0462E-02  -8.8863E-01
   2011.17   6.1652E+01   5.1305E+01  -9.1078E+01  -3.5033E+00   3.6739E-01   5.3575E+00  -2.8668E-01   3.0064E-02  -8.7682E-01
   2011.25   6.1563E+01   5.1372E+01  -9.1236E+01  -3.4227E+00   3.5900E-01   5.2343E+00  -2.8008E-01   2.9377E-02  -8.5665E-01
   2011.33   6.1473E+01   5.1438E+01  -9.1402E+01  -3.3089E+00   3.4710E-01   5.0601E+00  -2.7076E-01   2.8403E-02  -8.2813E-01
   2011.42   6.1383E+01   5.1502E+01  -9.1573E+01  -3.1618E+00   3.3168E-01   4.8347E+00  -2.5873E-01   2.7141E-02  -7.9125E-01
   2011.50   6.1294E+01   5.1565E+01  -9.1751E+01  -2.9815E+00   3.1274E-01   4.5583E+00  -2.4398E-01   2.5592E-02  -7.4602E-01
   2011.58   6.1203E+01   5.1627E+01  -9.1936E+01  -2.7680E+00   2.9029E-01   4.2309E+00  -2.2651E-01   2.3754E-02  -6.9243E-01
   2011.67   6.1113E+01   5.1687E+01  -9.2127E+01  -2.5213E+00   2.6432E-01   3.8523E+00  -2.0632E-01   2.1629E-02  -6.3048E-01
   2011.75   6.1023E+01   5.1746E+01  -9.2325E+01  -2.2414E+00   2.3483E-01   3.4228E+00  -1.8342E-01   1.9216E-02  -5.6017E-01
   2011.83   6.0932E+01   5.1804E+01  -9.2530E+01  -1.9283E+00   2.0182E-01   2.9421E+00  -1.5779E-01   1.6515E-02  -4.8151E-01
   2011.92   6.0841E+01   5.1861E+01  -9.2741E+01  -1.5819E+00   1.6530E-01   2.4104E+00  -1.2945E-01   1.3527E-02  -3.9449E-01
   2012.00   6.0750E+01   5.1916E+01  -9.2958E+01  -1.2023E+00   1.2526E-01   1.8276E+00  -9.8388E-02   1.0250E-02  -2.9911E-01
