   1960.00   1.2380E+01   1.4371E+01   3.7678E+01   3.2886E-02  -6.3986E-04  -1.7953E+00   2.6911E-03  -5.2360E-05   2.9382E-01
   1960.08   1.2405E+01   1.4333E+01   3.7990E+01   4.9563E-02  -1.8924E-03  -2.7117E+00   4.0558E-03  -1.5485E-04   4.4379E-01
   1960.17   1.2426E+01   1.4289E+01   3.8266E+01   6.5029E-02  -3.0491E-03  -3.5616E+00   5.3214E-03  -2.4951E-04   5.8290E-01
   1960.25   1.2444E+01   1.4238E+01   3.8508E+01   7.9286E-02  -4.1100E-03  -4.3451E+00   6.4880E-03  -3.3632E-04   7.1112E-01
   1960.33   1.2460E+01   1.4182E+01   3.8715E+01   9.2332E-02  -5.0751E-03  -5.0621E+00   7.5555E-03  -4.1530E-04   8.2847E-01
   1960.42   1.2472E+01   1.4119E+01   3.8888E+01   1.0417E-01  -5.9444E-03  -5.7127E+00   8.5240E-03  -4.8644E-04   9.3495E-01
   1960.50   1.2482E+01   1.4050E+01   3.9025E+01   1.1479E-01  -6.7180E-03  -6.2969E+00   9.3935E-03  -5.4974E-04   1.0306E+00
   1960.58   1.2488E+01   1.3974E+01   3.9128E+01   1.2421E-01  -7.3957E-03  -6.8146E+00   1.0164E-02  -6.0520E-04   1.1153E+00
   1960.67   1.2492E+01   1.3893E+01   3.9196E+01   1.3241E-01  -7.9777E-03  -7.2659E+00   1.0835E-02  -6.5282E-04   1.1891E+00
   1960.75   1.2492E+01   1.3805E+01   3.9230E+01   1.3941E-01  -8.4639E-03  -7.6507E+00   1.1408E-02  -6.9260E-04   1.2521E+00
   1960.83   1.2490E+01   1.3711E+01   3.9229E+01   1.4519E-01  -8.8543E-03  -7.9691E+00   1.1881E-02  -7.2455E-04   1.3042E+00
   1960.92   1.2484E+01   1.3611E+01   3.9193E+01   1.4976E-01  -9.1489E-03  -8.2211E+00   1.2255E-02  -7.4866E-04   1.3455E+00
   1961.00   1.2476E+01   1.3505E+01   3.9122E+01   1.5313E-01  -9.3477E-03  -8.4066E+00   1.2530E-02  -7.6492E-04   1.3758E+00
   1961.08   1.2464E+01   1.3392E+01   3.9017E+01   1.5528E-01  -9.4507E-03  -8.5257E+00   1.2706E-02  -7.7335E-04   1.3953E+00
   1961.17   1.2450E+01   1.3274E+01   3.8877E+01   1.5622E-01  -9.4579E-03  -8.5783E+00   1.2784E-02  -7.7395E-04   1.4039E+00
   1961.25   1.2432E+01   1.3149E+01   3.8702E+01   1.5595E-01  -9.3694E-03  -8.5645E+00   1.2762E-02  -7.6670E-04   1.4017E+00
   1961.33   1.2412E+01   1.3018E+01   3.8492E+01   1.5447E-01  -9.1850E-03  -8.4842E+00   1.2641E-02  -7.5161E-04   1.3885E+00
   1961.42   1.2389E+01   1.2881E+01   3.8248E+01   1.5178E-01  -8.9049E-03  -8.3375E+00   1.2421E-02  -7.2869E-04   1.3645E+00
   1961.50   1.2362E+01   1.2737E+01   3.7969E+01   1.4789E-01  -8.5290E-03  -8.1244E+00   1.2102E-02  -6.9793E-04   1.3296E+00
   1961.58   1.2333E+01   1.2588E+01   3.7656E+01   1.4278E-01  -8.0572E-03  -7.8448E+00   1.1683E-02  -6.5933E-04   1.2839E+00
   1961.67   1.2301E+01   1.2432E+01   3.7307E+01   1.3646E-01  -7.4897E-03  -7.4988E+00   1.1166E-02  -6.1289E-04   1.2273E+00
   1961.75   1.2266E+01   1.2270E+01   3.6924E+01   1.2893E-01  -6.8264E-03  -7.0863E+00   1.0550E-02  -5.5861E-04   1.1598E+00
   1961.83   1.2227E+01   1.2102E+01   3.6506E+01   1.2019E-01  -6.0673E-03  -6.6074E+00   9.8348E-03  -4.9649E-04   1.0814E+00
   1961.92   1.2186E+01   1.1927E+01   3.6054E+01   1.1023E-01  -5.2125E-03  -6.0621E+00   9.0205E-03  -4.2654E-04   9.9212E-01
   1962.00   1.2142E+01   1.1747E+01   3.5566E+01   9.9073E-02  -4.2618E-03  -5.4503E+00   8.1072E-03  -3.4874E-04   8.9200E-01
   1962.08   1.2093E+01   1.1565E+01   3.5080E+01   8.7672E-02  -3.2991E-03  -4.8254E+00   7.1743E-03  -2.6997E-04   7.8972E-01
   1962.17   1.2039E+01   1.1387E+01   3.4628E+01   7.7003E-02  -2.4082E-03  -4.2407E+00   6.3012E-03  -1.9706E-04   6.9403E-01
   1962.25   1.1978E+01   1.1212E+01   3.4212E+01   6.7066E-02  -1.5890E-03  -3.6961E+00   5.4881E-03  -1.3003E-04   6.0491E-01
   1962.33   1.1912E+01   1.1042E+01   3.3832E+01   5.7861E-02  -8.4162E-04  -3.1918E+00   4.7348E-03  -6.8870E-05   5.2238E-01
   1962.42   1.1840E+01   1.0875E+01   3.3487E+01   4.9387E-02  -1.6598E-04  -2.7277E+00   4.0414E-03  -1.3582E-05   4.4642E-01
   1962.50   1.1762E+01   1.0712E+01   3.3177E+01   4.1646E-02   4.3791E-04  -2.3038E+00   3.4079E-03   3.5834E-05   3.7705E-01
   1962.58   1.1677E+01   1.0552E+01   3.2903E+01   3.4636E-02   9.7004E-04  -1.9201E+00   2.8343E-03   7.9379E-05   3.1425E-01
   1962.67   1.1588E+01   1.0396E+01   3.2664E+01   2.8358E-02   1.4304E-03  -1.5766E+00   2.3205E-03   1.1705E-04   2.5803E-01
   1962.75   1.1492E+01   1.0244E+01   3.2461E+01   2.2811E-02   1.8190E-03  -1.2733E+00   1.8666E-03   1.4885E-04   2.0840E-01
   1962.83   1.1390E+01   1.0096E+01   3.2293E+01   1.7996E-02   2.1359E-03  -1.0103E+00   1.4727E-03   1.7478E-04   1.6534E-01
   1962.92   1.1282E+01   9.9515E+00   3.2161E+01   1.3914E-02   2.3810E-03  -7.8736E-01   1.1386E-03   1.9484E-04   1.2886E-01
   1963.00   1.1169E+01   9.8107E+00   3.2064E+01   1.0563E-02   2.5543E-03  -6.0468E-01   8.6434E-04   2.0902E-04   9.8962E-02
   1963.08   1.1049E+01   9.6736E+00   3.2003E+01   7.9432E-03   2.6559E-03  -4.6219E-01   6.5000E-04   2.1733E-04   7.5643E-02
   1963.17   1.0924E+01   9.5402E+00   3.1977E+01   6.0557E-03   2.6857E-03  -3.5991E-01   4.9554E-04   2.1977E-04   5.8903E-02
   1963.25   1.0792E+01   9.4105E+00   3.1987E+01   4.9000E-03   2.6438E-03  -2.9783E-01   4.0097E-04   2.1634E-04   4.8743E-02
   1963.33   1.0655E+01   9.2845E+00   3.2032E+01   4.4760E-03   2.5301E-03  -2.7595E-01   3.6627E-04   2.0704E-04   4.5162E-02
   1963.42   1.0512E+01   9.1623E+00   3.2112E+01   4.7838E-03   2.3446E-03  -2.9427E-01   3.9146E-04   1.9186E-04   4.8161E-02
   1963.50   1.0363E+01   9.0438E+00   3.2228E+01   5.8234E-03   2.0874E-03  -3.5280E-01   4.7653E-04   1.7081E-04   5.7740E-02
   1963.58   1.0208E+01   8.9290E+00   3.2380E+01   7.5948E-03   1.7584E-03  -4.5153E-01   6.2148E-04   1.4389E-04   7.3898E-02
   1963.67   1.0047E+01   8.8180E+00   3.2567E+01   1.0098E-02   1.3577E-03  -5.9046E-01   8.2632E-04   1.1110E-04   9.6635E-02
   1963.75   9.8807E+00   8.7107E+00   3.2789E+01   1.3333E-02   8.8518E-04  -7.6959E-01   1.0910E-03   7.2435E-05   1.2595E-01
   1963.83   9.7080E+00   8.6071E+00   3.3047E+01   1.7300E-02   3.4093E-04  -9.8893E-01   1.4156E-03   2.7898E-05   1.6185E-01
   1963.92   9.5295E+00   8.5072E+00   3.3340E+01   2.1998E-02  -2.7508E-04  -1.2485E+00   1.8001E-03  -2.2510E-05   2.0432E-01
   1964.00   9.3451E+00   8.4111E+00   3.3669E+01   2.7428E-02  -9.6285E-04  -1.5482E+00   2.2445E-03  -7.8791E-05   2.5338E-01
   1964.08   9.1565E+00   8.3220E+00   3.4006E+01   3.2798E-02  -1.6262E-03  -1.8450E+00   2.6838E-03  -1.3307E-04   3.0196E-01
   1964.17   8.9656E+00   8.2435E+00   3.4324E+01   3.7313E-02  -2.1690E-03  -2.0957E+00   3.0533E-03  -1.7749E-04   3.4299E-01
   1964.25   8.7723E+00   8.1756E+00   3.4622E+01   4.0974E-02  -2.5912E-03  -2.3004E+00   3.3530E-03  -2.1204E-04   3.7649E-01
   1964.33   8.5767E+00   8.1182E+00   3.4902E+01   4.3782E-02  -2.8928E-03  -2.4590E+00   3.5827E-03  -2.3672E-04   4.0244E-01
   1964.42   8.3787E+00   8.0713E+00   3.5162E+01   4.5736E-02  -3.0739E-03  -2.5715E+00   3.7426E-03  -2.5154E-04   4.2085E-01
   1964.50   8.1784E+00   8.0349E+00   3.5404E+01   4.6836E-02  -3.1343E-03  -2.6379E+00   3.8326E-03  -2.5648E-04   4.3173E-01
   1964.58   7.9757E+00   8.0091E+00   3.5626E+01   4.7082E-02  -3.0742E-03  -2.6583E+00   3.8527E-03  -2.5156E-04   4.3506E-01
   1964.67   7.7706E+00   7.9938E+00   3.5829E+01   4.6474E-02  -2.8935E-03  -2.6326E+00   3.8030E-03  -2.3678E-04   4.3085E-01
   1964.75   7.5632E+00   7.9890E+00   3.6013E+01   4.5012E-02  -2.5923E-03  -2.5608E+00   3.6834E-03  -2.1213E-04   4.1910E-01
   1964.83   7.3534E+00   7.9948E+00   3.6177E+01   4.2697E-02  -2.1704E-03  -2.4429E+00   3.4939E-03  -1.7761E-04   3.9981E-01
   1964.92   7.1412E+00   8.0111E+00   3.6323E+01   3.9528E-02  -1.6280E-03  -2.2790E+00   3.2346E-03  -1.3322E-04   3.7299E-01
   1965.00   6.9267E+00   8.0379E+00   3.6449E+01   3.5504E-02  -9.6497E-04  -2.0690E+00   2.9053E-03  -7.8964E-05   3.3862E-01
   1965.08   6.7099E+00   8.0753E+00   3.6557E+01   3.0627E-02  -1.8138E-04  -1.8129E+00   2.5062E-03  -1.4843E-05   2.9671E-01
   1965.17   6.4907E+00   8.1231E+00   3.6645E+01   2.4896E-02   7.2278E-04  -1.5108E+00   2.0373E-03   5.9145E-05   2.4726E-01
   1965.25   6.2691E+00   8.1816E+00   3.6714E+01   1.8312E-02   1.7475E-03  -1.1626E+00   1.4985E-03   1.4300E-04   1.9027E-01
   1965.33   6.0451E+00   8.2505E+00   3.6764E+01   1.0873E-02   2.8928E-03  -7.6826E-01   8.8974E-04   2.3672E-04   1.2573E-01
   1965.42   5.8188E+00   8.3300E+00   3.6795E+01   2.5805E-03   4.1587E-03  -3.2789E-01   2.1116E-04   3.4031E-04   5.3663E-02
   1965.50   5.5902E+00   8.4200E+00   3.6806E+01  -6.5658E-03   5.5452E-03   1.5855E-01  -5.3729E-04   4.5377E-04  -2.5949E-02
   1965.58   5.3592E+00   8.5206E+00   3.6799E+01  -1.6566E-02   7.0523E-03   6.9107E-01  -1.3556E-03   5.7709E-04  -1.1310E-01
   1965.67   5.1258E+00   8.6317E+00   3.6772E+01  -2.7420E-02   8.6799E-03   1.2697E+00  -2.2438E-03   7.1028E-04  -2.0779E-01
   1965.75   4.8901E+00   8.7533E+00   3.6727E+01  -3.9128E-02   1.0428E-02   1.8943E+00  -3.2019E-03   8.5334E-04  -3.1003E-01
   1965.83   4.6520E+00   8.8854E+00   3.6662E+01  -5.1690E-02   1.2297E-02   2.5651E+00  -4.2298E-03   1.0063E-03  -4.1980E-01
   1965.92   4.4116E+00   9.0281E+00   3.6578E+01  -6.5105E-02   1.4286E-02   3.2819E+00  -5.3276E-03   1.1691E-03  -5.3711E-01
   1966.00   4.1688E+00   9.1813E+00   3.6475E+01  -7.9375E-02   1.6396E-02   4.0448E+00  -6.4953E-03   1.3417E-03  -6.6197E-01
   1966.08   3.9298E+00   9.3349E+00   3.6383E+01  -9.3457E-02   1.8474E-02   4.7978E+00  -7.6476E-03   1.5117E-03  -7.8521E-01
   1966.17   3.7007E+00   9.4787E+00   3.6336E+01  -1.0631E-01   2.0365E-02   5.4850E+00  -8.6993E-03   1.6665E-03  -8.9767E-01
   1966.25   3.4816E+00   9.6127E+00   3.6331E+01  -1.1793E-01   2.2071E-02   6.1063E+00  -9.6504E-03   1.8061E-03  -9.9937E-01
   1966.33   3.2725E+00   9.7369E+00   3.6369E+01  -1.2833E-01   2.3591E-02   6.6619E+00  -1.0501E-02   1.9305E-03  -1.0903E+00
   1966.42   3.0733E+00   9.8514E+00   3.6451E+01  -1.3749E-01   2.4925E-02   7.1516E+00  -1.1251E-02   2.0396E-03  -1.1704E+00
   1966.50   2.8841E+00   9.9560E+00   3.6576E+01  -1.4542E-01   2.6074E-02   7.5755E+00  -1.1900E-02   2.1336E-03  -1.2398E+00
   1966.58   2.7049E+00   1.0051E+01   3.6744E+01  -1.5213E-01   2.7036E-02   7.9336E+00  -1.2449E-02   2.2124E-03  -1.2984E+00
   1966.67   2.5356E+00   1.0136E+01   3.6955E+01  -1.5761E-01   2.7813E-02   8.2259E+00  -1.2897E-02   2.2760E-03  -1.3463E+00
   1966.75   2.3762E+00   1.0211E+01   3.7209E+01  -1.6185E-01   2.8405E-02   8.4523E+00  -1.3244E-02   2.3244E-03  -1.3833E+00
   1966.83   2.2268E+00   1.0277E+01   3.7506E+01  -1.6487E-01   2.8810E-02   8.6130E+00  -1.3491E-02   2.3575E-03  -1.4096E+00
   1966.92   2.0874E+00   1.0333E+01   3.7847E+01  -1.6666E-01   2.9030E-02   8.7078E+00  -1.3638E-02   2.3755E-03  -1.4251E+00
   1967.00   1.9579E+00   1.0379E+01   3.8231E+01  -1.6721E-01   2.9063E-02   8.7368E+00  -1.3683E-02   2.3783E-03  -1.4299E+00
   1967.08   1.8384E+00   1.0415E+01   3.8658E+01  -1.6654E-01   2.8911E-02   8.6999E+00  -1.3628E-02   2.3658E-03  -1.4238E+00
   1967.17   1.7289E+00   1.0441E+01   3.9128E+01  -1.6464E-01   2.8574E-02   8.5973E+00  -1.3473E-02   2.3382E-03  -1.4070E+00
   1967.25   1.6293E+00   1.0458E+01   3.9641E+01  -1.6151E-01   2.8050E-02   8.4288E+00  -1.3217E-02   2.2954E-03  -1.3795E+00
   1967.33   1.5397E+00   1.0464E+01   4.0198E+01  -1.5715E-01   2.7341E-02   8.1945E+00  -1.2860E-02   2.2373E-03  -1.3411E+00
   1967.42   1.4600E+00   1.0462E+01   4.0798E+01  -1.5156E-01   2.6446E-02   7.8944E+00  -1.2402E-02   2.1641E-03  -1.2920E+00
   1967.50   1.3903E+00   1.0449E+01   4.1441E+01  -1.4475E-01   2.5365E-02   7.5285E+00  -1.1845E-02   2.0756E-03  -1.2321E+00
   1967.58   1.3305E+00   1.0426E+01   4.2127E+01  -1.3670E-01   2.4099E-02   7.0967E+00  -1.1186E-02   1.9720E-03  -1.1615E+00
   1967.67   1.2807E+00   1.0394E+01   4.2856E+01  -1.2742E-01   2.2646E-02   6.5992E+00  -1.0427E-02   1.8531E-03  -1.0800E+00
   1967.75   1.2409E+00   1.0352E+01   4.3628E+01  -1.1691E-01   2.1008E-02   6.0358E+00  -9.5671E-03   1.7191E-03  -9.8782E-01
   1967.83   1.2110E+00   1.0300E+01   4.4444E+01  -1.0518E-01   1.9184E-02   5.4066E+00  -8.6067E-03   1.5698E-03  -8.8484E-01
   1967.92   1.1911E+00   1.0238E+01   4.5303E+01  -9.2212E-02   1.7174E-02   4.7115E+00  -7.5457E-03   1.4054E-03  -7.7109E-01
   1968.00   1.1811E+00   1.0167E+01   4.6205E+01  -7.8017E-02   1.4979E-02   3.9507E+00  -6.3842E-03   1.2257E-03  -6.4657E-01
   1968.08   1.1763E+00   1.0092E+01   4.7108E+01  -6.3538E-02   1.2740E-02   3.1748E+00  -5.1994E-03   1.0425E-03  -5.1959E-01
   1968.17   1.1719E+00   1.0020E+01   4.7971E+01  -4.9722E-02   1.0599E-02   2.4346E+00  -4.0687E-03   8.6730E-04  -3.9845E-01
   1968.25   1.1680E+00   9.9500E+00   4.8794E+01  -3.6567E-02   8.5561E-03   1.7302E+00  -2.9923E-03   7.0015E-04  -2.8316E-01
   1968.33   1.1644E+00   9.8832E+00   4.9577E+01  -2.4074E-02   6.6116E-03   1.0615E+00  -1.9700E-03   5.4103E-04  -1.7372E-01
   1968.42   1.1613E+00   9.8191E+00   5.0320E+01  -1.2244E-02   4.7653E-03   4.2852E-01  -1.0019E-03   3.8995E-04  -7.0132E-02
   1968.50   1.1586E+00   9.7578E+00   5.1023E+01  -1.0750E-03   3.0173E-03  -1.6871E-01  -8.7971E-05   2.4690E-04   2.7610E-02
   1968.58   1.1563E+00   9.6992E+00   5.1685E+01   9.4317E-03   1.3675E-03  -7.3020E-01   7.7180E-04   1.1190E-04   1.1951E-01
   1968.67   1.1544E+00   9.6434E+00   5.2307E+01   1.9276E-02  -1.8404E-04  -1.2560E+00   1.5774E-03  -1.5060E-05   2.0555E-01
   1968.75   1.1530E+00   9.5903E+00   5.2889E+01   2.8459E-02  -1.6373E-03  -1.7460E+00   2.3288E-03  -1.3398E-04   2.8575E-01
   1968.83   1.1519E+00   9.5399E+00   5.3431E+01   3.6980E-02  -2.9924E-03  -2.2003E+00   3.0261E-03  -2.4487E-04   3.6010E-01
   1968.92   1.1513E+00   9.4922E+00   5.3933E+01   4.4839E-02  -4.2492E-03  -2.6188E+00   3.6692E-03  -3.4771E-04   4.2860E-01
   1969.00   1.1510E+00   9.4473E+00   5.4395E+01   5.2035E-02  -5.4078E-03  -3.0017E+00   4.2581E-03  -4.4252E-04   4.9126E-01
   1969.08   1.1512E+00   9.4051E+00   5.4816E+01   5.8570E-02  -6.4681E-03  -3.3488E+00   4.7928E-03  -5.2929E-04   5.4806E-01
   1969.17   1.1518E+00   9.3656E+00   5.5197E+01   6.4443E-02  -7.4302E-03  -3.6601E+00   5.2734E-03  -6.0801E-04   5.9902E-01
   1969.25   1.1529E+00   9.3289E+00   5.5539E+01   6.9654E-02  -8.2940E-03  -3.9358E+00   5.6998E-03  -6.7870E-04   6.4413E-01
   1969.33   1.1543E+00   9.2949E+00   5.5839E+01   7.4203E-02  -9.0596E-03  -4.1756E+00   6.0720E-03  -7.4135E-04   6.8339E-01
   1969.42   1.1561E+00   9.2636E+00   5.6100E+01   7.8090E-02  -9.7270E-03  -4.3798E+00   6.3901E-03  -7.9596E-04   7.1680E-01
   1969.50   1.1584E+00   9.2351E+00   5.6321E+01   8.1314E-02  -1.0296E-02  -4.5482E+00   6.6540E-03  -8.4254E-04   7.4437E-01
   1969.58   1.1611E+00   9.2093E+00   5.6501E+01   8.3877E-02  -1.0767E-02  -4.6809E+00   6.8637E-03  -8.8107E-04   7.6608E-01
   1969.67   1.1642E+00   9.1863E+00   5.6641E+01   8.5778E-02  -1.1140E-02  -4.7779E+00   7.0193E-03  -9.1156E-04   7.8195E-01
   1969.75   1.1677E+00   9.1659E+00   5.6741E+01   8.7017E-02  -1.1414E-02  -4.8391E+00   7.1206E-03  -9.3401E-04   7.9197E-01
   1969.83   1.1716E+00   9.1483E+00   5.6801E+01   8.7594E-02  -1.1590E-02  -4.8646E+00   7.1679E-03  -9.4843E-04   7.9614E-01
   1969.92   1.1759E+00   9.1335E+00   5.6821E+01   8.7509E-02  -1.1668E-02  -4.8544E+00   7.1609E-03  -9.5480E-04   7.9447E-01
   1970.00   1.1807E+00   9.1213E+00   5.6801E+01   8.6762E-02  -1.1648E-02  -4.8084E+00   7.0998E-03  -9.5314E-04   7.8694E-01
   1970.08   1.1988E+00   9.1108E+00   5.6749E+01   8.5440E-02  -1.1527E-02  -4.7328E+00   6.9916E-03  -9.4324E-04   7.7458E-01
   1970.17   1.2430E+00   9.1006E+00   5.6677E+01   8.3629E-02  -1.1303E-02  -4.6338E+00   6.8434E-03  -9.2492E-04   7.5837E-01
   1970.25   1.3136E+00   9.0909E+00   5.6583E+01   8.1331E-02  -1.0976E-02  -4.5113E+00   6.6553E-03  -8.9817E-04   7.3832E-01
   1970.33   1.4103E+00   9.0816E+00   5.6469E+01   7.8544E-02  -1.0546E-02  -4.3653E+00   6.4272E-03  -8.6299E-04   7.1444E-01
   1970.42   1.5333E+00   9.0727E+00   5.6332E+01   7.5268E-02  -1.0013E-02  -4.1959E+00   6.1592E-03  -8.1938E-04   6.8671E-01
   1970.50   1.6825E+00   9.0642E+00   5.6175E+01   7.1505E-02  -9.3773E-03  -4.0031E+00   5.8513E-03  -7.6735E-04   6.5515E-01
   1970.58   1.8579E+00   9.0561E+00   5.5996E+01   6.7253E-02  -8.6385E-03  -3.7867E+00   5.5033E-03  -7.0689E-04   6.1974E-01
   1970.67   2.0596E+00   9.0485E+00   5.5796E+01   6.2513E-02  -7.7966E-03  -3.5470E+00   5.1154E-03  -6.3800E-04   5.8050E-01
   1970.75   2.2875E+00   9.0412E+00   5.5575E+01   5.7284E-02  -6.8518E-03  -3.2837E+00   4.6876E-03  -5.6068E-04   5.3741E-01
   1970.83   2.5416E+00   9.0344E+00   5.5333E+01   5.1568E-02  -5.8040E-03  -2.9970E+00   4.2198E-03  -4.7494E-04   4.9049E-01
   1970.92   2.8220E+00   9.0280E+00   5.5069E+01   4.5363E-02  -4.6532E-03  -2.6868E+00   3.7120E-03  -3.8077E-04   4.3973E-01
   1971.00   3.1285E+00   9.0220E+00   5.4784E+01   3.8669E-02  -3.3994E-03  -2.3532E+00   3.1643E-03  -2.7817E-04   3.8513E-01
   1971.08   3.4613E+00   9.0164E+00   5.4478E+01   3.1488E-02  -2.0426E-03  -1.9961E+00   2.5767E-03  -1.6715E-04   3.2669E-01
   1971.17   3.8204E+00   9.0112E+00   5.4151E+01   2.3818E-02  -5.8283E-04  -1.6156E+00   1.9491E-03  -4.7693E-05   2.6441E-01
   1971.25   4.2056E+00   9.0065E+00   5.3802E+01   1.5660E-02   9.7992E-04  -1.2116E+00   1.2815E-03   8.0187E-05   1.9829E-01
   1971.33   4.6171E+00   9.0021E+00   5.3432E+01   7.0138E-03   2.6457E-03  -7.8412E-01   5.7394E-04   2.1650E-04   1.2833E-01
   1971.42   5.0548E+00   8.9982E+00   5.3041E+01  -2.1208E-03   4.4144E-03  -3.3320E-01  -1.7355E-04   3.6123E-04   5.4532E-02
   1971.50   5.5187E+00   8.9947E+00   5.2628E+01  -1.1744E-02   6.2861E-03   1.4118E-01  -9.6099E-04   5.1439E-04  -2.3105E-02
   1971.58   6.0089E+00   8.9916E+00   5.2195E+01  -2.1855E-02   8.2608E-03   6.3902E-01  -1.7884E-03   6.7598E-04  -1.0458E-01
   1971.67   6.5253E+00   8.9889E+00   5.1740E+01  -3.2454E-02   1.0338E-02   1.1603E+00  -2.6558E-03   8.4600E-04  -1.8990E-01
   1971.75   7.0679E+00   8.9866E+00   5.1264E+01  -4.3542E-02   1.2519E-02   1.7051E+00  -3.5631E-03   1.0244E-03  -2.7905E-01
   1971.83   7.6367E+00   8.9847E+00   5.0766E+01  -5.5118E-02   1.4803E-02   2.2733E+00  -4.5103E-03   1.2113E-03  -3.7205E-01
   1971.92   8.2318E+00   8.9833E+00   5.0248E+01  -6.7182E-02   1.7189E-02   2.8650E+00  -5.4976E-03   1.4066E-03  -4.6888E-01
   1972.00   8.8531E+00   8.9822E+00   4.9708E+01  -7.9735E-02   1.9679E-02   3.4801E+00  -6.5247E-03   1.6103E-03  -5.6956E-01
   1972.08   9.4835E+00   8.9802E+00   4.9170E+01  -9.1830E-02   2.2076E-02   4.0731E+00  -7.5145E-03   1.8065E-03  -6.6660E-01
   1972.17   1.0106E+01   8.9759E+00   4.8660E+01  -1.0252E-01   2.4183E-02   4.5982E+00  -8.3894E-03   1.9789E-03  -7.5254E-01
   1972.25   1.0720E+01   8.9692E+00   4.8175E+01  -1.1181E-01   2.6002E-02   5.0555E+00  -9.1495E-03   2.1278E-03  -8.2738E-01
   1972.33   1.1327E+01   8.9601E+00   4.7718E+01  -1.1970E-01   2.7532E-02   5.4449E+00  -9.7947E-03   2.2529E-03  -8.9112E-01
   1972.42   1.1925E+01   8.9486E+00   4.7287E+01  -1.2618E-01   2.8773E-02   5.7665E+00  -1.0325E-02   2.3545E-03  -9.4376E-01
   1972.50   1.2515E+01   8.9348E+00   4.6882E+01  -1.3126E-01   2.9724E-02   6.0203E+00  -1.0741E-02   2.4324E-03  -9.8529E-01
   1972.58   1.3097E+01   8.9187E+00   4.6504E+01  -1.3493E-01   3.0387E-02   6.2063E+00  -1.1041E-02   2.4866E-03  -1.0157E+00
   1972.67   1.3671E+01   8.9002E+00   4.6153E+01  -1.3720E-01   3.0761E-02   6.3244E+00  -1.1227E-02   2.5172E-03  -1.0351E+00
   1972.75   1.4238E+01   8.8793E+00   4.5828E+01  -1.3807E-01   3.0846E-02   6.3747E+00  -1.1298E-02   2.5242E-03  -1.0433E+00
   1972.83   1.4796E+01   8.8561E+00   4.5530E+01  -1.3754E-01   3.0642E-02   6.3572E+00  -1.1255E-02   2.5075E-03  -1.0404E+00
   1972.92   1.5346E+01   8.8305E+00   4.5258E+01  -1.3560E-01   3.0149E-02   6.2718E+00  -1.1096E-02   2.4671E-03  -1.0265E+00
   1973.00   1.5888E+01   8.8026E+00   4.5013E+01  -1.3226E-01   2.9367E-02   6.1186E+00  -1.0823E-02   2.4031E-03  -1.0014E+00
   1973.08   1.6422E+01   8.7723E+00   4.4794E+01  -1.2751E-01   2.8296E-02   5.8976E+00  -1.0434E-02   2.3155E-03  -9.6521E-01
   1973.17   1.6948E+01   8.7396E+00   4.4602E+01  -1.2136E-01   2.6936E-02   5.6087E+00  -9.9313E-03   2.2042E-03  -9.1793E-01
   1973.25   1.7466E+01   8.7046E+00   4.4437E+01  -1.1381E-01   2.5288E-02   5.2521E+00  -9.3134E-03   2.0693E-03  -8.5956E-01
   1973.33   1.7976E+01   8.6672E+00   4.4298E+01  -1.0486E-01   2.3350E-02   4.8275E+00  -8.5806E-03   1.9107E-03  -7.9008E-01
   1973.42   1.8478E+01   8.6275E+00   4.4185E+01  -9.4501E-02   2.1123E-02   4.3352E+00  -7.7330E-03   1.7285E-03  -7.0950E-01
   1973.50   1.8972E+01   8.5854E+00   4.4100E+01  -8.2740E-02   1.8607E-02   3.7750E+00  -6.7706E-03   1.5226E-03  -6.1782E-01
   1973.58   1.9458E+01   8.5410E+00   4.4040E+01  -6.9575E-02   1.5803E-02   3.1470E+00  -5.6934E-03   1.2931E-03  -5.1504E-01
   1973.67   1.9936E+01   8.4942E+00   4.4008E+01  -5.5007E-02   1.2709E-02   2.4511E+00  -4.5013E-03   1.0400E-03  -4.0116E-01
   1973.75   2.0405E+01   8.4450E+00   4.4002E+01  -3.9036E-02   9.3265E-03   1.6875E+00  -3.1944E-03   7.6319E-04  -2.7617E-01
   1973.83   2.0867E+01   8.3935E+00   4.4022E+01  -2.1662E-02   5.6549E-03   8.5595E-01  -1.7726E-03   4.6274E-04  -1.4009E-01
   1973.92   2.1321E+01   8.3396E+00   4.4069E+01  -2.8841E-03   1.6944E-03  -4.3390E-02  -2.3601E-04   1.3865E-04   7.1012E-03
   1974.00   2.1767E+01   8.2834E+00   4.4142E+01   1.7297E-02  -2.5551E-03  -1.0106E+00   1.4154E-03  -2.0909E-04   1.6539E-01
   1974.08   2.2207E+01   8.2296E+00   4.4200E+01   3.7283E-02  -6.7565E-03  -1.9694E+00   3.0509E-03  -5.5289E-04   3.2231E-01
   1974.17   2.2646E+01   8.1830E+00   4.4200E+01   5.5477E-02  -1.0573E-02  -2.8435E+00   4.5397E-03  -8.6518E-04   4.6538E-01
   1974.25   2.3084E+01   8.1436E+00   4.4141E+01   7.1878E-02  -1.4004E-02  -3.6331E+00   5.8818E-03  -1.1460E-03   5.9460E-01
   1974.33   2.3519E+01   8.1115E+00   4.4024E+01   8.6487E-02  -1.7050E-02  -4.3381E+00   7.0773E-03  -1.3952E-03   7.0998E-01
   1974.42   2.3953E+01   8.0865E+00   4.3849E+01   9.9303E-02  -1.9711E-02  -4.9585E+00   8.1260E-03  -1.6130E-03   8.1152E-01
   1974.50   2.4385E+01   8.0688E+00   4.3616E+01   1.1033E-01  -2.1987E-02  -5.4943E+00   9.0280E-03  -1.7992E-03   8.9921E-01
   1974.58   2.4815E+01   8.0583E+00   4.3325E+01   1.1956E-01  -2.3877E-02  -5.9455E+00   9.7834E-03  -1.9539E-03   9.7305E-01
   1974.67   2.5243E+01   8.0551E+00   4.2975E+01   1.2700E-01  -2.5383E-02  -6.3121E+00   1.0392E-02  -2.0771E-03   1.0331E+00
   1974.75   2.5669E+01   8.0590E+00   4.2567E+01   1.3264E-01  -2.6503E-02  -6.5942E+00   1.0854E-02  -2.1688E-03   1.0792E+00
   1974.83   2.6094E+01   8.0702E+00   4.2102E+01   1.3649E-01  -2.7239E-02  -6.7916E+00   1.1169E-02  -2.2290E-03   1.1115E+00
   1974.92   2.6517E+01   8.0886E+00   4.1577E+01   1.3855E-01  -2.7589E-02  -6.9044E+00   1.1338E-02  -2.2576E-03   1.1300E+00
   1975.00   2.6938E+01   8.1142E+00   4.0995E+01   1.3882E-01  -2.7554E-02  -6.9326E+00   1.1360E-02  -2.2548E-03   1.1346E+00
   1975.08   2.7357E+01   8.1470E+00   4.0355E+01   1.3730E-01  -2.7134E-02  -6.8762E+00   1.1235E-02  -2.2204E-03   1.1254E+00
   1975.17   2.7774E+01   8.1871E+00   3.9656E+01   1.3398E-01  -2.6329E-02  -6.7352E+00   1.0964E-02  -2.1545E-03   1.1023E+00
   1975.25   2.8190E+01   8.2343E+00   3.8899E+01   1.2887E-01  -2.5139E-02  -6.5097E+00   1.0545E-02  -2.0571E-03   1.0654E+00
   1975.33   2.8604E+01   8.2888E+00   3.8084E+01   1.2197E-01  -2.3563E-02  -6.1995E+00   9.9805E-03  -1.9282E-03   1.0146E+00
   1975.42   2.9016E+01   8.3505E+00   3.7211E+01   1.1327E-01  -2.1603E-02  -5.8047E+00   9.2690E-03  -1.7678E-03   9.5001E-01
   1975.50   2.9426E+01   8.4194E+00   3.6280E+01   1.0278E-01  -1.9257E-02  -5.3254E+00   8.4108E-03  -1.5758E-03   8.7155E-01
   1975.58   2.9835E+01   8.4956E+00   3.5290E+01   9.0502E-02  -1.6526E-02  -4.7614E+00   7.4058E-03  -1.3524E-03   7.7925E-01
   1975.67   3.0241E+01   8.5789E+00   3.4243E+01   7.6429E-02  -1.3410E-02  -4.1128E+00   6.2542E-03  -1.0974E-03   6.7311E-01
   1975.75   3.0646E+01   8.6695E+00   3.3137E+01   6.0563E-02  -9.9094E-03  -3.3797E+00   4.9559E-03  -8.1089E-04   5.5312E-01
   1975.83   3.1049E+01   8.7673E+00   3.1973E+01   4.2905E-02  -6.0233E-03  -2.5619E+00   3.5109E-03  -4.9289E-04   4.1928E-01
   1975.92   3.1451E+01   8.8723E+00   3.0751E+01   2.3454E-02  -1.7521E-03  -1.6596E+00   1.9192E-03  -1.4337E-04   2.7160E-01
   1976.00   3.1850E+01   8.9845E+00   2.9470E+01   2.2103E-03   2.9043E-03  -6.7260E-01   1.8087E-04   2.3766E-04   1.1008E-01
   1976.08   3.2237E+01   9.0940E+00   2.8172E+01  -1.9059E-02   7.5587E-03   3.1675E-01  -1.5596E-03   6.1853E-04  -5.1840E-02
   1976.17   3.2600E+01   9.1909E+00   2.6895E+01  -3.8589E-02   1.1824E-02   1.2263E+00  -3.1577E-03   9.6757E-04  -2.0070E-01
   1976.25   3.2939E+01   9.2750E+00   2.5640E+01  -5.6377E-02   1.5701E-02   2.0561E+00  -4.6134E-03   1.2848E-03  -3.3650E-01
   1976.33   3.3255E+01   9.3465E+00   2.4408E+01  -7.2426E-02   1.9188E-02   2.8060E+00  -5.9266E-03   1.5702E-03  -4.5924E-01
   1976.42   3.3547E+01   9.4052E+00   2.3197E+01  -8.6734E-02   2.2286E-02   3.4762E+00  -7.0975E-03   1.8237E-03  -5.6892E-01
   1976.50   3.3815E+01   9.4513E+00   2.2008E+01  -9.9301E-02   2.4996E-02   4.0666E+00  -8.1259E-03   2.0454E-03  -6.6554E-01
   1976.58   3.4060E+01   9.4847E+00   2.0841E+01  -1.1013E-01   2.7316E-02   4.5772E+00  -9.0119E-03   2.2353E-03  -7.4911E-01
   1976.67   3.4281E+01   9.5054E+00   1.9696E+01  -1.1922E-01   2.9248E-02   5.0080E+00  -9.7554E-03   2.3933E-03  -8.1961E-01
   1976.75   3.4478E+01   9.5135E+00   1.8573E+01  -1.2656E-01   3.0790E-02   5.3590E+00  -1.0357E-02   2.5196E-03  -8.7706E-01
   1976.83   3.4652E+01   9.5088E+00   1.7472E+01  -1.3217E-01   3.1944E-02   5.6302E+00  -1.0815E-02   2.6140E-03  -9.2144E-01
   1976.92   3.4802E+01   9.4915E+00   1.6392E+01  -1.3603E-01   3.2708E-02   5.8216E+00  -1.1132E-02   2.6765E-03  -9.5277E-01
   1977.00   3.4928E+01   9.4615E+00   1.5335E+01  -1.3816E-01   3.3083E-02   5.9332E+00  -1.1305E-02   2.7072E-03  -9.7104E-01
   1977.08   3.5031E+01   9.4188E+00   1.4300E+01  -1.3854E-01   3.3070E-02   5.9651E+00  -1.1337E-02   2.7061E-03  -9.7625E-01
   1977.17   3.5110E+01   9.3635E+00   1.3286E+01  -1.3719E-01   3.2667E-02   5.9171E+00  -1.1226E-02   2.6732E-03  -9.6839E-01
   1977.25   3.5165E+01   9.2954E+00   1.2295E+01  -1.3409E-01   3.1876E-02   5.7893E+00  -1.0973E-02   2.6084E-03  -9.4748E-01
   1977.33   3.5196E+01   9.2147E+00   1.1325E+01  -1.2925E-01   3.0695E-02   5.5818E+00  -1.0577E-02   2.5118E-03  -9.1352E-01
   1977.42   3.5204E+01   9.1213E+00   1.0377E+01  -1.2268E-01   2.9126E-02   5.2944E+00  -1.0039E-02   2.3834E-03  -8.6649E-01
   1977.50   3.5188E+01   9.0152E+00   9.4514E+00  -1.1436E-01   2.7167E-02   4.9273E+00  -9.3579E-03   2.2231E-03  -8.0640E-01
   1977.58   3.5149E+01   8.8964E+00   8.5475E+00  -1.0430E-01   2.4819E-02   4.4803E+00  -8.5349E-03   2.0310E-03  -7.3325E-01
   1977.67   3.5086E+01   8.7649E+00   7.6656E+00  -9.2501E-02   2.2083E-02   3.9536E+00  -7.5694E-03   1.8070E-03  -6.4705E-01
   1977.75   3.4999E+01   8.6208E+00   6.8056E+00  -7.8962E-02   1.8957E-02   3.3471E+00  -6.4615E-03   1.5513E-03  -5.4778E-01
   1977.83   3.4888E+01   8.4639E+00   5.9675E+00  -6.3683E-02   1.5443E-02   2.6607E+00  -5.2112E-03   1.2637E-03  -4.3546E-01
   1977.92   3.4754E+01   8.2944E+00   5.1514E+00  -4.6663E-02   1.1539E-02   1.8946E+00  -3.8184E-03   9.4425E-04  -3.1007E-01
   1978.00   3.4596E+01   8.1122E+00   4.3571E+00  -2.7902E-02   7.2465E-03   1.0487E+00  -2.2833E-03   5.9299E-04  -1.7163E-01
   1978.08   3.4421E+01   7.9297E+00   3.5749E+00  -9.1343E-03   2.9569E-03   2.0068E-01  -7.4746E-04   2.4196E-04  -3.2843E-02
   1978.17   3.4234E+01   7.7590E+00   2.7947E+00   7.9093E-03  -9.3782E-04  -5.7176E-01   6.4722E-04  -7.6742E-05   9.3575E-02
   1978.25   3.4037E+01   7.6002E+00   2.0167E+00   2.3228E-02  -4.4377E-03  -1.2686E+00   1.9008E-03  -3.6313E-04   2.0763E-01
   1978.33   3.3829E+01   7.4534E+00   1.2407E+00   3.6822E-02  -7.5426E-03  -1.8899E+00   3.0132E-03  -6.1721E-04   3.0931E-01
   1978.42   3.3609E+01   7.3185E+00   4.6674E-01   4.8692E-02  -1.0253E-02  -2.4356E+00   3.9845E-03  -8.3898E-04   3.9862E-01
   1978.50   3.3378E+01   7.1954E+00  -3.0510E-01   5.8837E-02  -1.2568E-02  -2.9058E+00   4.8147E-03  -1.0284E-03   4.7556E-01
   1978.58   3.3136E+01   7.0843E+00  -1.0749E+00   6.7257E-02  -1.4488E-02  -3.3003E+00   5.5037E-03  -1.1856E-03   5.4014E-01
   1978.67   3.2884E+01   6.9851E+00  -1.8426E+00   7.3953E-02  -1.6013E-02  -3.6193E+00   6.0516E-03  -1.3104E-03   5.9234E-01
   1978.75   3.2620E+01   6.8978E+00  -2.6082E+00   7.8924E-02  -1.7144E-02  -3.8627E+00   6.4584E-03  -1.4029E-03   6.3218E-01
   1978.83   3.2345E+01   6.8225E+00  -3.3717E+00   8.2171E-02  -1.7879E-02  -4.0306E+00   6.7241E-03  -1.4631E-03   6.5965E-01
   1978.92   3.2058E+01   6.7590E+00  -4.1331E+00   8.3692E-02  -1.8220E-02  -4.1228E+00   6.8486E-03  -1.4910E-03   6.7475E-01
   1979.00   3.1761E+01   6.7074E+00  -4.8925E+00   8.3490E-02  -1.8166E-02  -4.1395E+00   6.8320E-03  -1.4865E-03   6.7748E-01
   1979.08   3.1453E+01   6.6678E+00  -5.6498E+00   8.1562E-02  -1.7717E-02  -4.0806E+00   6.6743E-03  -1.4498E-03   6.6784E-01
   1979.17   3.1134E+01   6.6401E+00  -6.4050E+00   7.7910E-02  -1.6873E-02  -3.9461E+00   6.3754E-03  -1.3807E-03   6.4583E-01
   1979.25   3.0803E+01   6.6243E+00  -7.1582E+00   7.2533E-02  -1.5634E-02  -3.7361E+00   5.9354E-03  -1.2793E-03   6.1145E-01
   1979.33   3.0462E+01   6.6203E+00  -7.9092E+00   6.5432E-02  -1.4000E-02  -3.4505E+00   5.3543E-03  -1.1456E-03   5.6471E-01
   1979.42   3.0109E+01   6.6283E+00  -8.6582E+00   5.6606E-02  -1.1971E-02  -3.0893E+00   4.6321E-03  -9.7960E-04   5.0559E-01
   1979.50   2.9745E+01   6.6483E+00  -9.4051E+00   4.6055E-02  -9.5475E-03  -2.6525E+00   3.7687E-03  -7.8128E-04   4.3411E-01
   1979.58   2.9371E+01   6.6801E+00  -1.0150E+01   3.3780E-02  -6.7290E-03  -2.1401E+00   2.7642E-03  -5.5064E-04   3.5026E-01
   1979.67   2.8985E+01   6.7238E+00  -1.0893E+01   1.9780E-02  -3.5156E-03  -1.5522E+00   1.6186E-03  -2.8769E-04   2.5404E-01
   1979.75   2.8588E+01   6.7795E+00  -1.1633E+01   4.0550E-03   9.2672E-05  -8.8870E-01   3.3182E-04   7.5834E-06   1.4545E-01
   1979.83   2.8180E+01   6.8470E+00  -1.2372E+01  -1.3394E-02   4.0959E-03  -1.4962E-01  -1.0961E-03   3.3517E-04   2.4487E-02
   1979.92   2.7761E+01   6.9265E+00  -1.3108E+01  -3.2568E-02   8.4940E-03   6.6504E-01  -2.6651E-03   6.9506E-04  -1.0884E-01
   1980.00   2.7330E+01   7.0179E+00  -1.3843E+01  -5.3467E-02   1.3287E-02   1.5553E+00  -4.3752E-03   1.0873E-03  -2.5454E-01
   1980.08   2.6900E+01   7.1168E+00  -1.4568E+01  -7.4418E-02   1.8087E-02   2.4488E+00  -6.0896E-03   1.4801E-03  -4.0077E-01
   1980.17   2.6480E+01   7.2188E+00  -1.5278E+01  -9.3749E-02   2.2507E-02   3.2732E+00  -7.6715E-03   1.8418E-03  -5.3569E-01
   1980.25   2.6070E+01   7.3239E+00  -1.5972E+01  -1.1146E-01   2.6546E-02   4.0285E+00  -9.1209E-03   2.1723E-03  -6.5931E-01
   1980.33   2.5671E+01   7.4322E+00  -1.6650E+01  -1.2755E-01   3.0205E-02   4.7147E+00  -1.0438E-02   2.4717E-03  -7.7162E-01
   1980.42   2.5282E+01   7.5435E+00  -1.7312E+01  -1.4202E-01   3.3484E-02   5.3319E+00  -1.1622E-02   2.7400E-03  -8.7262E-01
   1980.50   2.4904E+01   7.6580E+00  -1.7958E+01  -1.5488E-01   3.6382E-02   5.8800E+00  -1.2674E-02   2.9772E-03  -9.6232E-01
   1980.58   2.4536E+01   7.7756E+00  -1.8589E+01  -1.6611E-01   3.8900E-02   6.3590E+00  -1.3593E-02   3.1832E-03  -1.0407E+00
   1980.67   2.4178E+01   7.8963E+00  -1.9203E+01  -1.7572E-01   4.1037E-02   6.7689E+00  -1.4379E-02   3.3581E-03  -1.1078E+00
   1980.75   2.3831E+01   8.0202E+00  -1.9802E+01  -1.8371E-01   4.2794E-02   7.1097E+00  -1.5033E-02   3.5019E-03  -1.1636E+00
   1980.83   2.3494E+01   8.1471E+00  -2.0385E+01  -1.9009E-01   4.4171E-02   7.3815E+00  -1.5555E-02   3.6145E-03  -1.2081E+00
   1980.92   2.3168E+01   8.2772E+00  -2.0952E+01  -1.9484E-01   4.5167E-02   7.5842E+00  -1.5944E-02   3.6960E-03  -1.2412E+00
   1981.00   2.2852E+01   8.4104E+00  -2.1504E+01  -1.9798E-01   4.5782E-02   7.7178E+00  -1.6200E-02   3.7464E-03  -1.2631E+00
   1981.08   2.2546E+01   8.5467E+00  -2.2039E+01  -1.9949E-01   4.6018E-02   7.7823E+00  -1.6324E-02   3.7656E-03  -1.2737E+00
   1981.17   2.2251E+01   8.6861E+00  -2.2559E+01  -1.9938E-01   4.5873E-02   7.7777E+00  -1.6316E-02   3.7538E-03  -1.2729E+00
   1981.25   2.1967E+01   8.8287E+00  -2.3063E+01  -1.9766E-01   4.5347E-02   7.7041E+00  -1.6174E-02   3.7108E-03  -1.2609E+00
   1981.33   2.1692E+01   8.9743E+00  -2.3551E+01  -1.9431E-01   4.4441E-02   7.5614E+00  -1.5901E-02   3.6366E-03  -1.2375E+00
   1981.42   2.1429E+01   9.1231E+00  -2.4023E+01  -1.8935E-01   4.3155E-02   7.3496E+00  -1.5494E-02   3.5314E-03  -1.2028E+00
   1981.50   2.1175E+01   9.2750E+00  -2.4479E+01  -1.8276E-01   4.1488E-02   7.0687E+00  -1.4956E-02   3.3950E-03  -1.1569E+00
   1981.58   2.0932E+01   9.4300E+00  -2.4920E+01  -1.7456E-01   3.9441E-02   6.7187E+00  -1.4284E-02   3.2274E-03  -1.0996E+00
   1981.67   2.0700E+01   9.5881E+00  -2.5344E+01  -1.6473E-01   3.7013E-02   6.2997E+00  -1.3480E-02   3.0288E-03  -1.0310E+00
   1981.75   2.0478E+01   9.7494E+00  -2.5753E+01  -1.5329E-01   3.4205E-02   5.8116E+00  -1.2544E-02   2.7990E-03  -9.5113E-01
   1981.83   2.0266E+01   9.9137E+00  -2.6146E+01  -1.4023E-01   3.1016E-02   5.2544E+00  -1.1475E-02   2.5381E-03  -8.5994E-01
   1981.92   2.0065E+01   1.0081E+01  -2.6523E+01  -1.2554E-01   2.7448E-02   4.6281E+00  -1.0273E-02   2.2460E-03  -7.5744E-01
   1982.00   1.9874E+01   1.0252E+01  -2.6884E+01  -1.0924E-01   2.3498E-02   3.9327E+00  -8.9392E-03   1.9229E-03  -6.4364E-01
   1982.08   1.9693E+01   1.0424E+01  -2.7230E+01  -9.2444E-02   1.9439E-02   3.2171E+00  -7.5647E-03   1.5907E-03  -5.2651E-01
   1982.17   1.9523E+01   1.0594E+01  -2.7559E+01  -7.6280E-02   1.5539E-02   2.5299E+00  -6.2421E-03   1.2716E-03  -4.1404E-01
   1982.25   1.9364E+01   1.0764E+01  -2.7871E+01  -6.0750E-02   1.1800E-02   1.8712E+00  -4.9712E-03   9.6561E-04  -3.0624E-01
   1982.33   1.9215E+01   1.0933E+01  -2.8168E+01  -4.5852E-02   8.2210E-03   1.2410E+00  -3.7521E-03   6.7273E-04  -2.0310E-01
   1982.42   1.9077E+01   1.1102E+01  -2.8448E+01  -3.1587E-02   4.8019E-03   6.3923E-01  -2.5848E-03   3.9294E-04  -1.0462E-01
   1982.50   1.8949E+01   1.1269E+01  -2.8711E+01  -1.7955E-02   1.5429E-03   6.5968E-02  -1.4692E-03   1.2626E-04  -1.0796E-02
   1982.58   1.8831E+01   1.1435E+01  -2.8959E+01  -4.9553E-03  -1.5560E-03  -4.7881E-01  -4.0549E-04  -1.2733E-04   7.8363E-02
   1982.67   1.8724E+01   1.1601E+01  -2.9190E+01   7.4111E-03  -4.4948E-03  -9.9512E-01   6.0645E-04  -3.6781E-04   1.6286E-01
   1982.75   1.8628E+01   1.1765E+01  -2.9405E+01   1.9145E-02  -7.2736E-03  -1.4829E+00   1.5666E-03  -5.9520E-04   2.4270E-01
   1982.83   1.8542E+01   1.1929E+01  -2.9604E+01   3.0245E-02  -9.8922E-03  -1.9423E+00   2.4750E-03  -8.0948E-04   3.1787E-01
   1982.92   1.8466E+01   1.2092E+01  -2.9786E+01   4.0713E-02  -1.2351E-02  -2.3731E+00   3.3316E-03  -1.0107E-03   3.8839E-01
   1983.00   1.8401E+01   1.2254E+01  -2.9952E+01   5.0548E-02  -1.4649E-02  -2.7755E+00   4.1363E-03  -1.1988E-03   4.5424E-01
   1983.08   1.8346E+01   1.2415E+01  -3.0102E+01   5.9750E-02  -1.6788E-02  -3.1494E+00   4.8893E-03  -1.3737E-03   5.1544E-01
   1983.17   1.8302E+01   1.2575E+01  -3.0235E+01   6.8319E-02  -1.8766E-02  -3.4948E+00   5.5905E-03  -1.5356E-03   5.7197E-01
   1983.25   1.8269E+01   1.2735E+01  -3.0352E+01   7.6255E-02  -2.0584E-02  -3.8118E+00   6.2400E-03  -1.6844E-03   6.2384E-01
   1983.33   1.8246E+01   1.2893E+01  -3.0453E+01   8.3558E-02  -2.2242E-02  -4.1003E+00   6.8376E-03  -1.8201E-03   6.7105E-01
   1983.42   1.8233E+01   1.3051E+01  -3.0538E+01   9.0228E-02  -2.3740E-02  -4.3602E+00   7.3834E-03  -1.9427E-03   7.1360E-01
   1983.50   1.8231E+01   1.3208E+01  -3.0606E+01   9.6266E-02  -2.5078E-02  -4.5917E+00   7.8775E-03  -2.0522E-03   7.5149E-01
   1983.58   1.8239E+01   1.3363E+01  -3.0658E+01   1.0167E-01  -2.6256E-02  -4.7948E+00   8.3197E-03  -2.1485E-03   7.8471E-01
   1983.67   1.8258E+01   1.3518E+01  -3.0694E+01   1.0644E-01  -2.7274E-02  -4.9693E+00   8.7102E-03  -2.2318E-03   8.1328E-01
   1983.75   1.8287E+01   1.3672E+01  -3.0713E+01   1.1058E-01  -2.8131E-02  -5.1154E+00   9.0489E-03  -2.3020E-03   8.3718E-01
   1983.83   1.8327E+01   1.3826E+01  -3.0716E+01   1.1409E-01  -2.8829E-02  -5.2329E+00   9.3358E-03  -2.3591E-03   8.5643E-01
   1983.92   1.8377E+01   1.3978E+01  -3.0703E+01   1.1696E-01  -2.9366E-02  -5.3220E+00   9.5709E-03  -2.4031E-03   8.7101E-01
   1984.00   1.8438E+01   1.4129E+01  -3.0674E+01   1.1920E-01  -2.9744E-02  -5.3827E+00   9.7542E-03  -2.4339E-03   8.8093E-01
   1984.08   1.8506E+01   1.4280E+01  -3.0633E+01   1.2109E-01  -3.0035E-02  -5.4280E+00   9.9092E-03  -2.4578E-03   8.8835E-01
   1984.17   1.8576E+01   1.4428E+01  -3.0586E+01   1.2293E-01  -3.0314E-02  -5.4713E+00   1.0059E-02  -2.4806E-03   8.9544E-01
   1984.25   1.8649E+01   1.4576E+01  -3.0533E+01   1.2471E-01  -3.0581E-02  -5.5125E+00   1.0205E-02  -2.5024E-03   9.0218E-01
   1984.33   1.8725E+01   1.4722E+01  -3.0474E+01   1.2642E-01  -3.0835E-02  -5.5517E+00   1.0345E-02  -2.5233E-03   9.0859E-01
   1984.42   1.8804E+01   1.4866E+01  -3.0409E+01   1.2808E-01  -3.1078E-02  -5.5888E+00   1.0481E-02  -2.5431E-03   9.1466E-01
   1984.50   1.8886E+01   1.5010E+01  -3.0338E+01   1.2968E-01  -3.1308E-02  -5.6238E+00   1.0612E-02  -2.5619E-03   9.2039E-01
   1984.58   1.8971E+01   1.5151E+01  -3.0261E+01   1.3122E-01  -3.1526E-02  -5.6567E+00   1.0738E-02  -2.5798E-03   9.2578E-01
   1984.67   1.9058E+01   1.5292E+01  -3.0178E+01   1.3271E-01  -3.1732E-02  -5.6876E+00   1.0859E-02  -2.5966E-03   9.3084E-01
   1984.75   1.9149E+01   1.5431E+01  -3.0088E+01   1.3413E-01  -3.1925E-02  -5.7164E+00   1.0976E-02  -2.6125E-03   9.3556E-01
   1984.83   1.9242E+01   1.5568E+01  -2.9993E+01   1.3549E-01  -3.2107E-02  -5.7432E+00   1.1088E-02  -2.6273E-03   9.3993E-01
   1984.92   1.9338E+01   1.5704E+01  -2.9891E+01   1.3680E-01  -3.2276E-02  -5.7679E+00   1.1194E-02  -2.6411E-03   9.4398E-01
   1985.00   1.9437E+01   1.5839E+01  -2.9783E+01   1.3805E-01  -3.2433E-02  -5.7905E+00   1.1296E-02  -2.6540E-03   9.4768E-01
   1985.08   1.9539E+01   1.5972E+01  -2.9670E+01   1.3924E-01  -3.2577E-02  -5.8111E+00   1.1394E-02  -2.6658E-03   9.5104E-01
   1985.17   1.9644E+01   1.6104E+01  -2.9550E+01   1.4036E-01  -3.2710E-02  -5.8296E+00   1.1486E-02  -2.6767E-03   9.5407E-01
   1985.25   1.9751E+01   1.6234E+01  -2.9424E+01   1.4143E-01  -3.2830E-02  -5.8460E+00   1.1574E-02  -2.6865E-03   9.5676E-01
   1985.33   1.9862E+01   1.6363E+01  -2.9292E+01   1.4245E-01  -3.2938E-02  -5.8603E+00   1.1656E-02  -2.6954E-03   9.5911E-01
   1985.42   1.9975E+01   1.6490E+01  -2.9153E+01   1.4340E-01  -3.3034E-02  -5.8726E+00   1.1734E-02  -2.7032E-03   9.6112E-01
   1985.50   2.0091E+01   1.6616E+01  -2.9009E+01   1.4429E-01  -3.3118E-02  -5.8829E+00   1.1808E-02  -2.7100E-03   9.6279E-01
   1985.58   2.0210E+01   1.6741E+01  -2.8859E+01   1.4513E-01  -3.3189E-02  -5.8910E+00   1.1876E-02  -2.7159E-03   9.6413E-01
   1985.67   2.0332E+01   1.6864E+01  -2.8702E+01   1.4590E-01  -3.3249E-02  -5.8971E+00   1.1939E-02  -2.7207E-03   9.6513E-01
   1985.75   2.0457E+01   1.6986E+01  -2.8540E+01   1.4662E-01  -3.3296E-02  -5.9011E+00   1.1998E-02  -2.7246E-03   9.6579E-01
   1985.83   2.0585E+01   1.7107E+01  -2.8371E+01   1.4728E-01  -3.3330E-02  -5.9031E+00   1.2052E-02  -2.7274E-03   9.6611E-01
   1985.92   2.0715E+01   1.7226E+01  -2.8196E+01   1.4788E-01  -3.3353E-02  -5.9030E+00   1.2101E-02  -2.7293E-03   9.6609E-01
   1986.00   2.0849E+01   1.7343E+01  -2.8016E+01   1.4842E-01  -3.3363E-02  -5.9008E+00   1.2145E-02  -2.7301E-03   9.6574E-01
   1986.08   2.0984E+01   1.7456E+01  -2.7832E+01   1.4837E-01  -3.3246E-02  -5.8782E+00   1.2141E-02  -2.7205E-03   9.6204E-01
   1986.17   2.1121E+01   1.7562E+01  -2.7649E+01   1.4719E-01  -3.2884E-02  -5.8169E+00   1.2044E-02  -2.6909E-03   9.5199E-01
   1986.25   2.1259E+01   1.7661E+01  -2.7466E+01   1.4488E-01  -3.2277E-02  -5.7167E+00   1.1855E-02  -2.6413E-03   9.3560E-01
   1986.33   2.1399E+01   1.7753E+01  -2.7284E+01   1.4144E-01  -3.1427E-02  -5.5777E+00   1.1574E-02  -2.5717E-03   9.1286E-01
   1986.42   2.1539E+01   1.7837E+01  -2.7102E+01   1.3688E-01  -3.0332E-02  -5.4000E+00   1.1201E-02  -2.4821E-03   8.8376E-01
   1986.50   2.1681E+01   1.7914E+01  -2.6921E+01   1.3119E-01  -2.8993E-02  -5.1834E+00   1.0735E-02  -2.3725E-03   8.4833E-01
   1986.58   2.1824E+01   1.7984E+01  -2.6740E+01   1.2437E-01  -2.7410E-02  -4.9281E+00   1.0177E-02  -2.2429E-03   8.0654E-01
   1986.67   2.1969E+01   1.8046E+01  -2.6560E+01   1.1642E-01  -2.5582E-02  -4.6340E+00   9.5266E-03  -2.0934E-03   7.5840E-01
   1986.75   2.2115E+01   1.8102E+01  -2.6380E+01   1.0734E-01  -2.3510E-02  -4.3011E+00   8.7840E-03  -1.9238E-03   7.0392E-01
   1986.83   2.2262E+01   1.8150E+01  -2.6200E+01   9.7142E-02  -2.1194E-02  -3.9294E+00   7.9491E-03  -1.7343E-03   6.4309E-01
   1986.92   2.2410E+01   1.8190E+01  -2.6021E+01   8.5811E-02  -1.8634E-02  -3.5189E+00   7.0219E-03  -1.5248E-03   5.7591E-01
   1987.00   2.2559E+01   1.8224E+01  -2.5843E+01   7.3353E-02  -1.5829E-02  -3.0696E+00   6.0025E-03  -1.2953E-03   5.0238E-01
   1987.08   2.2710E+01   1.8250E+01  -2.5665E+01   5.9767E-02  -1.2781E-02  -2.5816E+00   4.8907E-03  -1.0458E-03   4.2251E-01
   1987.17   2.2862E+01   1.8270E+01  -2.5487E+01   4.5053E-02  -9.4876E-03  -2.0547E+00   3.6867E-03  -7.7637E-04   3.3628E-01
   1987.25   2.3016E+01   1.8281E+01  -2.5310E+01   2.9211E-02  -5.9503E-03  -1.4891E+00   2.3903E-03  -4.8692E-04   2.4371E-01
   1987.33   2.3171E+01   1.8286E+01  -2.5133E+01   1.2241E-02  -2.1688E-03  -8.8468E-01   1.0017E-03  -1.7747E-04   1.4479E-01
   1987.42   2.3327E+01   1.8284E+01  -2.4957E+01  -5.8558E-03   1.8569E-03  -2.4147E-01  -4.7918E-04   1.5195E-04   3.9519E-02
   1987.50   2.3484E+01   1.8274E+01  -2.4781E+01  -2.5081E-02   6.1269E-03   4.4053E-01  -2.0524E-03   5.0137E-04  -7.2097E-02
   1987.58   2.3642E+01   1.8257E+01  -2.4606E+01  -4.5434E-02   1.0641E-02   1.1613E+00  -3.7179E-03   8.7077E-04  -1.9006E-01
   1987.67   2.3802E+01   1.8232E+01  -2.4431E+01  -6.6914E-02   1.5400E-02   1.9209E+00  -5.4756E-03   1.2602E-03  -3.1438E-01
   1987.75   2.3963E+01   1.8201E+01  -2.4257E+01  -8.9523E-02   2.0402E-02   2.7193E+00  -7.3257E-03   1.6695E-03  -4.4504E-01
   1987.83   2.4126E+01   1.8162E+01  -2.4083E+01  -1.1326E-01   2.5649E-02   3.5564E+00  -9.2680E-03   2.0989E-03  -5.8205E-01
   1987.92   2.4289E+01   1.8116E+01  -2.3910E+01  -1.3812E-01   3.1141E-02   4.4324E+00  -1.1303E-02   2.5482E-03  -7.2540E-01
   1988.00   2.4454E+01   1.8063E+01  -2.3737E+01  -1.6411E-01   3.6876E-02   5.3471E+00  -1.3430E-02   3.0176E-03  -8.7511E-01
   1988.08   2.4618E+01   1.8007E+01  -2.3565E+01  -1.8955E-01   4.2487E-02   6.2418E+00  -1.5511E-02   3.4767E-03  -1.0215E+00
   1988.17   2.4780E+01   1.7953E+01  -2.3397E+01  -2.1274E-01   4.7605E-02   7.0578E+00  -1.7409E-02   3.8956E-03  -1.1551E+00
   1988.25   2.4940E+01   1.7900E+01  -2.3231E+01  -2.3370E-01   5.2230E-02   7.7950E+00  -1.9124E-02   4.2740E-03  -1.2757E+00
   1988.33   2.5097E+01   1.7849E+01  -2.3068E+01  -2.5241E-01   5.6362E-02   8.4535E+00  -2.0655E-02   4.6121E-03  -1.3835E+00
   1988.42   2.5251E+01   1.7800E+01  -2.2908E+01  -2.6888E-01   6.0001E-02   9.0331E+00  -2.2003E-02   4.9099E-03  -1.4784E+00
   1988.50   2.5403E+01   1.7753E+01  -2.2750E+01  -2.8311E-01   6.3147E-02   9.5340E+00  -2.3167E-02   5.1673E-03  -1.5603E+00
   1988.58   2.5553E+01   1.7707E+01  -2.2595E+01  -2.9510E-01   6.5800E-02   9.9561E+00  -2.4148E-02   5.3844E-03  -1.6294E+00
   1988.67   2.5700E+01   1.7663E+01  -2.2443E+01  -3.0485E-01   6.7960E-02   1.0299E+01  -2.4946E-02   5.5612E-03  -1.6856E+00
   1988.75   2.5844E+01   1.7621E+01  -2.2294E+01  -3.1236E-01   6.9626E-02   1.0564E+01  -2.5561E-02   5.6976E-03  -1.7289E+00
   1988.83   2.5986E+01   1.7581E+01  -2.2147E+01  -3.1763E-01   7.0800E-02   1.0750E+01  -2.5992E-02   5.7936E-03  -1.7593E+00
   1988.92   2.6126E+01   1.7542E+01  -2.2004E+01  -3.2065E-01   7.1481E-02   1.0857E+01  -2.6239E-02   5.8493E-03  -1.7769E+00
   1989.00   2.6263E+01   1.7505E+01  -2.1863E+01  -3.2144E-01   7.1669E-02   1.0885E+01  -2.6304E-02   5.8647E-03  -1.7815E+00
   1989.08   2.6398E+01   1.7470E+01  -2.1724E+01  -3.1999E-01   7.1363E-02   1.0835E+01  -2.6185E-02   5.8397E-03  -1.7732E+00
   1989.17   2.6530E+01   1.7436E+01  -2.1589E+01  -3.1629E-01   7.0565E-02   1.0705E+01  -2.5882E-02   5.7744E-03  -1.7521E+00
   1989.25   2.6660E+01   1.7405E+01  -2.1456E+01  -3.1035E-01   6.9274E-02   1.0497E+01  -2.5396E-02   5.6687E-03  -1.7180E+00
   1989.33   2.6787E+01   1.7375E+01  -2.1326E+01  -3.0217E-01   6.7489E-02   1.0211E+01  -2.4727E-02   5.5227E-03  -1.6711E+00
   1989.42   2.6912E+01   1.7346E+01  -2.1199E+01  -2.9176E-01   6.5212E-02   9.8451E+00  -2.3875E-02   5.3363E-03  -1.6113E+00
   1989.50   2.7035E+01   1.7320E+01  -2.1074E+01  -2.7910E-01   6.2441E-02   9.4007E+00  -2.2839E-02   5.1096E-03  -1.5385E+00
   1989.58   2.7155E+01   1.7295E+01  -2.0953E+01  -2.6420E-01   5.9178E-02   8.8776E+00  -2.1619E-02   4.8425E-03  -1.4529E+00
   1989.67   2.7272E+01   1.7272E+01  -2.0834E+01  -2.4706E-01   5.5421E-02   8.2757E+00  -2.0217E-02   4.5351E-03  -1.3544E+00
   1989.75   2.7387E+01   1.7250E+01  -2.0717E+01  -2.2767E-01   5.1171E-02   7.5951E+00  -1.8631E-02   4.1874E-03  -1.2430E+00
   1989.83   2.7500E+01   1.7231E+01  -2.0604E+01  -2.0605E-01   4.6429E-02   6.8357E+00  -1.6861E-02   3.7993E-03  -1.1187E+00
   1989.92   2.7610E+01   1.7213E+01  -2.0493E+01  -1.8219E-01   4.1193E-02   5.9975E+00  -1.4908E-02   3.3708E-03  -9.8155E-01
   1990.00   2.7717E+01   1.7197E+01  -2.0385E+01  -1.5608E-01   3.5464E-02   5.0805E+00  -1.2772E-02   2.9021E-03  -8.3148E-01
   1990.08   2.7828E+01   1.7179E+01  -2.0284E+01  -1.2958E-01   2.9647E-02   4.1494E+00  -1.0604E-02   2.4260E-03  -6.7910E-01
   1990.17   2.7946E+01   1.7159E+01  -2.0194E+01  -1.0453E-01   2.4146E-02   3.2689E+00  -8.5537E-03   1.9759E-03  -5.3499E-01
   1990.25   2.8073E+01   1.7134E+01  -2.0114E+01  -8.0925E-02   1.8961E-02   2.4388E+00  -6.6221E-03   1.5516E-03  -3.9914E-01
   1990.33   2.8208E+01   1.7106E+01  -2.0045E+01  -5.8770E-02   1.4092E-02   1.6593E+00  -4.8092E-03   1.1531E-03  -2.7156E-01
   1990.42   2.8351E+01   1.7075E+01  -1.9987E+01  -3.8063E-02   9.5390E-03   9.3026E-01  -3.1147E-03   7.8058E-04  -1.5225E-01
   1990.50   2.8503E+01   1.7040E+01  -1.9940E+01  -1.8804E-02   5.3022E-03   2.5176E-01  -1.5388E-03   4.3388E-04  -4.1204E-02
   1990.58   2.8662E+01   1.7001E+01  -1.9904E+01  -9.9410E-04   1.3815E-03  -3.7622E-01  -8.1348E-05   1.1305E-04   6.1573E-02
   1990.67   2.8830E+01   1.6958E+01  -1.9878E+01   1.5368E-02  -2.2231E-03  -9.5369E-01   1.2575E-03  -1.8192E-04   1.5608E-01
   1990.75   2.9006E+01   1.6912E+01  -1.9864E+01   3.0281E-02  -5.5117E-03  -1.4806E+00   2.4779E-03  -4.5102E-04   2.4232E-01
   1990.83   2.9190E+01   1.6863E+01  -1.9860E+01   4.3746E-02  -8.4842E-03  -1.9571E+00   3.5797E-03  -6.9426E-04   3.2030E-01
   1990.92   2.9382E+01   1.6810E+01  -1.9867E+01   5.5762E-02  -1.1141E-02  -2.3830E+00   4.5630E-03  -9.1164E-04   3.9000E-01
   1991.00   2.9582E+01   1.6753E+01  -1.9885E+01   6.6330E-02  -1.3481E-02  -2.7584E+00   5.4278E-03  -1.1032E-03   4.5144E-01
   1991.08   2.9791E+01   1.6692E+01  -1.9913E+01   7.5450E-02  -1.5505E-02  -3.0833E+00   6.1741E-03  -1.2688E-03   5.0461E-01
   1991.17   3.0008E+01   1.6628E+01  -1.9953E+01   8.3121E-02  -1.7213E-02  -3.3577E+00   6.8018E-03  -1.4086E-03   5.4952E-01
   1991.25   3.0233E+01   1.6560E+01  -2.0003E+01   8.9343E-02  -1.8605E-02  -3.5815E+00   7.3110E-03  -1.5225E-03   5.8615E-01
   1991.33   3.0466E+01   1.6489E+01  -2.0064E+01   9.4118E-02  -1.9681E-02  -3.7549E+00   7.7017E-03  -1.6105E-03   6.1452E-01
   1991.42   3.0707E+01   1.6414E+01  -2.0136E+01   9.7443E-02  -2.0441E-02  -3.8777E+00   7.9738E-03  -1.6727E-03   6.3463E-01
   1991.50   3.0957E+01   1.6336E+01  -2.0218E+01   9.9321E-02  -2.0885E-02  -3.9500E+00   8.1275E-03  -1.7090E-03   6.4646E-01
   1991.58   3.1214E+01   1.6254E+01  -2.0312E+01   9.9750E-02  -2.1013E-02  -3.9718E+00   8.1626E-03  -1.7195E-03   6.5002E-01
   1991.67   3.1480E+01   1.6168E+01  -2.0416E+01   9.8730E-02  -2.0825E-02  -3.9431E+00   8.0791E-03  -1.7041E-03   6.4532E-01
   1991.75   3.1754E+01   1.6079E+01  -2.0531E+01   9.6262E-02  -2.0320E-02  -3.8638E+00   7.8772E-03  -1.6628E-03   6.3235E-01
   1991.83   3.2036E+01   1.5986E+01  -2.0657E+01   9.2346E-02  -1.9500E-02  -3.7341E+00   7.5567E-03  -1.5957E-03   6.1112E-01
   1991.92   3.2327E+01   1.5889E+01  -2.0794E+01   8.6981E-02  -1.8363E-02  -3.5538E+00   7.1177E-03  -1.5027E-03   5.8161E-01
   1992.00   3.2625E+01   1.5789E+01  -2.0941E+01   8.0168E-02  -1.6911E-02  -3.3230E+00   6.5602E-03  -1.3838E-03   5.4384E-01
   1992.08   3.2930E+01   1.5695E+01  -2.1079E+01   7.3023E-02  -1.5388E-02  -3.0794E+00   5.9755E-03  -1.2592E-03   5.0398E-01
   1992.17   3.3240E+01   1.5617E+01  -2.1187E+01   6.6665E-02  -1.4039E-02  -2.8608E+00   5.4553E-03  -1.1489E-03   4.6821E-01
   1992.25   3.3555E+01   1.5554E+01  -2.1265E+01   6.1094E-02  -1.2866E-02  -2.6672E+00   4.9993E-03  -1.0529E-03   4.3652E-01
   1992.33   3.3874E+01   1.5507E+01  -2.1313E+01   5.6308E-02  -1.1868E-02  -2.4985E+00   4.6077E-03  -9.7117E-04   4.0891E-01
   1992.42   3.4199E+01   1.5476E+01  -2.1331E+01   5.2309E-02  -1.1045E-02  -2.3549E+00   4.2804E-03  -9.0381E-04   3.8540E-01
   1992.50   3.4528E+01   1.5461E+01  -2.1318E+01   4.9095E-02  -1.0397E-02  -2.2361E+00   4.0175E-03  -8.5077E-04   3.6597E-01
   1992.58   3.4862E+01   1.5462E+01  -2.1276E+01   4.6669E-02  -9.9235E-03  -2.1424E+00   3.8189E-03  -8.1205E-04   3.5062E-01
   1992.67   3.5201E+01   1.5478E+01  -2.1204E+01   4.5028E-02  -9.6253E-03  -2.0736E+00   3.6847E-03  -7.8765E-04   3.3937E-01
   1992.75   3.5545E+01   1.5510E+01  -2.1102E+01   4.4174E-02  -9.5021E-03  -2.0298E+00   3.6147E-03  -7.7756E-04   3.3219E-01
   1992.83   3.5893E+01   1.5558E+01  -2.0969E+01   4.4106E-02  -9.5539E-03  -2.0109E+00   3.6092E-03  -7.8180E-04   3.2911E-01
   1992.92   3.6247E+01   1.5622E+01  -2.0807E+01   4.4824E-02  -9.7807E-03  -2.0171E+00   3.6679E-03  -8.0036E-04   3.3011E-01
   1993.00   3.6605E+01   1.5702E+01  -2.0615E+01   4.6328E-02  -1.0183E-02  -2.0481E+00   3.7910E-03  -8.3324E-04   3.3520E-01
   1993.08   3.6968E+01   1.5797E+01  -2.0392E+01   4.8619E-02  -1.0759E-02  -2.1042E+00   3.9785E-03  -8.8044E-04   3.4438E-01
   1993.17   3.7336E+01   1.5908E+01  -2.0140E+01   5.1696E-02  -1.1511E-02  -2.1852E+00   4.2303E-03  -9.4196E-04   3.5764E-01
   1993.25   3.7709E+01   1.6035E+01  -1.9857E+01   5.5559E-02  -1.2438E-02  -2.2912E+00   4.5464E-03  -1.0178E-03   3.7498E-01
   1993.33   3.8087E+01   1.6177E+01  -1.9545E+01   6.0208E-02  -1.3540E-02  -2.4222E+00   4.9269E-03  -1.1080E-03   3.9642E-01
   1993.42   3.8469E+01   1.6336E+01  -1.9202E+01   6.5644E-02  -1.4816E-02  -2.5781E+00   5.3717E-03  -1.2124E-03   4.2194E-01
   1993.50   3.8857E+01   1.6510E+01  -1.8830E+01   7.1866E-02  -1.6268E-02  -2.7590E+00   5.8808E-03  -1.3312E-03   4.5154E-01
   1993.58   3.9249E+01   1.6700E+01  -1.8427E+01   7.8874E-02  -1.7895E-02  -2.9649E+00   6.4543E-03  -1.4643E-03   4.8524E-01
   1993.67   3.9646E+01   1.6906E+01  -1.7995E+01   8.6668E-02  -1.9697E-02  -3.1957E+00   7.0921E-03  -1.6118E-03   5.2302E-01
   1993.75   4.0048E+01   1.7127E+01  -1.7532E+01   9.5249E-02  -2.1673E-02  -3.4516E+00   7.7943E-03  -1.7735E-03   5.6488E-01
   1993.83   4.0454E+01   1.7365E+01  -1.7040E+01   1.0462E-01  -2.3825E-02  -3.7323E+00   8.5607E-03  -1.9496E-03   6.1084E-01
   1993.92   4.0866E+01   1.7618E+01  -1.6517E+01   1.1477E-01  -2.6152E-02  -4.0381E+00   9.3916E-03  -2.1400E-03   6.6087E-01
   1994.00   4.1282E+01   1.7887E+01  -1.5964E+01   1.2571E-01  -2.8654E-02  -4.3688E+00   1.0287E-02  -2.3447E-03   7.1500E-01
   1994.08   4.1702E+01   1.8158E+01  -1.5407E+01   1.3655E-01  -3.1132E-02  -4.6969E+00   1.1174E-02  -2.5476E-03   7.6869E-01
   1994.17   4.2125E+01   1.8417E+01  -1.4872E+01   1.4641E-01  -3.3390E-02  -4.9947E+00   1.1981E-02  -2.7323E-03   8.1743E-01
   1994.25   4.2550E+01   1.8664E+01  -1.4358E+01   1.5529E-01  -3.5426E-02  -5.2623E+00   1.2708E-02  -2.8989E-03   8.6122E-01
   1994.33   4.2977E+01   1.8899E+01  -1.3865E+01   1.6320E-01  -3.7241E-02  -5.4996E+00   1.3354E-02  -3.0474E-03   9.0006E-01
   1994.42   4.3406E+01   1.9122E+01  -1.3395E+01   1.7012E-01  -3.8834E-02  -5.7066E+00   1.3921E-02  -3.1778E-03   9.3395E-01
   1994.50   4.3838E+01   1.9334E+01  -1.2945E+01   1.7606E-01  -4.0207E-02  -5.8835E+00   1.4407E-02  -3.2902E-03   9.6289E-01
   1994.58   4.4273E+01   1.9534E+01  -1.2517E+01   1.8102E-01  -4.1358E-02  -6.0300E+00   1.4813E-02  -3.3844E-03   9.8688E-01
   1994.67   4.4710E+01   1.9721E+01  -1.2111E+01   1.8500E-01  -4.2288E-02  -6.1463E+00   1.5138E-02  -3.4605E-03   1.0059E+00
   1994.75   4.5149E+01   1.9897E+01  -1.1726E+01   1.8799E-01  -4.2997E-02  -6.2324E+00   1.5384E-02  -3.5185E-03   1.0200E+00
   1994.83   4.5590E+01   2.0061E+01  -1.1363E+01   1.9001E-01  -4.3485E-02  -6.2882E+00   1.5549E-02  -3.5584E-03   1.0291E+00
   1994.92   4.6034E+01   2.0213E+01  -1.1021E+01   1.9105E-01  -4.3751E-02  -6.3137E+00   1.5634E-02  -3.5802E-03   1.0333E+00
   1995.00   4.6481E+01   2.0353E+01  -1.0701E+01   1.9111E-01  -4.3797E-02  -6.3090E+00   1.5639E-02  -3.5839E-03   1.0325E+00
   1995.08   4.6929E+01   2.0482E+01  -1.0402E+01   1.9019E-01  -4.3621E-02  -6.2741E+00   1.5563E-02  -3.5695E-03   1.0268E+00
   1995.17   4.7380E+01   2.0598E+01  -1.0125E+01   1.8828E-01  -4.3223E-02  -6.2089E+00   1.5407E-02  -3.5370E-03   1.0162E+00
   1995.25   4.7834E+01   2.0703E+01  -9.8689E+00   1.8540E-01  -4.2605E-02  -6.1134E+00   1.5171E-02  -3.4864E-03   1.0005E+00
   1995.33   4.8290E+01   2.0796E+01  -9.6346E+00   1.8154E-01  -4.1765E-02  -5.9877E+00   1.4855E-02  -3.4177E-03   9.7996E-01
   1995.42   4.8748E+01   2.0876E+01  -9.4219E+00   1.7669E-01  -4.0704E-02  -5.8318E+00   1.4459E-02  -3.3309E-03   9.5443E-01
   1995.50   4.9209E+01   2.0945E+01  -9.2307E+00   1.7087E-01  -3.9422E-02  -5.6456E+00   1.3982E-02  -3.2259E-03   9.2396E-01
   1995.58   4.9672E+01   2.1002E+01  -9.0610E+00   1.6406E-01  -3.7919E-02  -5.4291E+00   1.3425E-02  -3.1029E-03   8.8853E-01
   1995.67   5.0138E+01   2.1048E+01  -8.9128E+00   1.5628E-01  -3.6194E-02  -5.1824E+00   1.2788E-02  -2.9618E-03   8.4815E-01
   1995.75   5.0605E+01   2.1081E+01  -8.7861E+00   1.4751E-01  -3.4249E-02  -4.9054E+00   1.2071E-02  -2.8026E-03   8.0282E-01
   1995.83   5.1076E+01   2.1102E+01  -8.6810E+00   1.3777E-01  -3.2082E-02  -4.5982E+00   1.1274E-02  -2.6253E-03   7.5254E-01
   1995.92   5.1548E+01   2.1112E+01  -8.5973E+00   1.2704E-01  -2.9694E-02  -4.2607E+00   1.0396E-02  -2.4298E-03   6.9731E-01
   1996.00   5.2023E+01   2.1110E+01  -8.5352E+00   1.1534E-01  -2.7084E-02  -3.8930E+00   9.4379E-03  -2.2163E-03   6.3713E-01
   1996.08   5.2496E+01   2.1098E+01  -8.4765E+00   1.0306E-01  -2.4351E-02  -3.5091E+00   8.4338E-03  -1.9927E-03   5.7430E-01
   1996.17   5.2962E+01   2.1078E+01  -8.4033E+00   9.0647E-02  -2.1593E-02  -3.1231E+00   7.4177E-03  -1.7670E-03   5.1112E-01
   1996.25   5.3421E+01   2.1051E+01  -8.3156E+00   7.8082E-02  -1.8809E-02  -2.7349E+00   6.3895E-03  -1.5391E-03   4.4760E-01
   1996.33   5.3872E+01   2.1017E+01  -8.2133E+00   6.5370E-02  -1.5999E-02  -2.3446E+00   5.3493E-03  -1.3092E-03   3.8372E-01
   1996.42   5.4317E+01   2.0975E+01  -8.0964E+00   5.2511E-02  -1.3164E-02  -1.9522E+00   4.2970E-03  -1.0772E-03   3.1950E-01
   1996.50   5.4754E+01   2.0925E+01  -7.9650E+00   3.9505E-02  -1.0303E-02  -1.5577E+00   3.2327E-03  -8.4308E-04   2.5493E-01
   1996.58   5.5185E+01   2.0869E+01  -7.8191E+00   2.6351E-02  -7.4162E-03  -1.1610E+00   2.1563E-03  -6.0687E-04   1.9001E-01
   1996.67   5.5608E+01   2.0804E+01  -7.6586E+00   1.3051E-02  -4.5040E-03  -7.6223E-01   1.0679E-03  -3.6857E-04   1.2475E-01
   1996.75   5.6024E+01   2.0732E+01  -7.4835E+00  -3.9721E-04  -1.5662E-03  -3.6133E-01  -3.2504E-05  -1.2816E-04   5.9135E-02
   1996.83   5.6433E+01   2.0653E+01  -7.2939E+00  -1.3992E-02   1.3973E-03   4.1705E-02  -1.1450E-03   1.1434E-04  -6.8255E-03
   1996.92   5.6836E+01   2.0566E+01  -7.0898E+00  -2.7734E-02   4.3864E-03   4.4686E-01  -2.2695E-03   3.5894E-04  -7.3134E-02
   1997.00   5.7231E+01   2.0472E+01  -6.8711E+00  -4.1623E-02   7.4011E-03   8.5414E-01  -3.4061E-03   6.0563E-04  -1.3979E-01
   1997.08   5.7619E+01   2.0370E+01  -6.6378E+00  -5.5660E-02   1.0441E-02   1.2635E+00  -4.5547E-03   8.5442E-04  -2.0679E-01
   1997.17   5.8000E+01   2.0261E+01  -6.3900E+00  -6.9843E-02   1.3507E-02   1.6751E+00  -5.7153E-03   1.1053E-03  -2.7414E-01
   1997.25   5.8374E+01   2.0144E+01  -6.1277E+00  -8.4174E-02   1.6599E-02   2.0887E+00  -6.8880E-03   1.3583E-03  -3.4184E-01
   1997.33   5.8741E+01   2.0020E+01  -5.8508E+00  -9.8652E-02   1.9716E-02   2.5045E+00  -8.0727E-03   1.6134E-03  -4.0989E-01
   1997.42   5.9101E+01   1.9888E+01  -5.5593E+00  -1.1328E-01   2.2859E-02   2.9224E+00  -9.2695E-03   1.8706E-03  -4.7828E-01
   1997.50   5.9454E+01   1.9749E+01  -5.2533E+00  -1.2805E-01   2.6027E-02   3.3424E+00  -1.0478E-02   2.1298E-03  -5.4703E-01
   1997.58   5.9799E+01   1.9602E+01  -4.9328E+00  -1.4297E-01   2.9222E-02   3.7646E+00  -1.1699E-02   2.3912E-03  -6.1612E-01
   1997.67   6.0138E+01   1.9448E+01  -4.5977E+00  -1.5803E-01   3.2441E-02   4.1889E+00  -1.2932E-02   2.6547E-03  -6.8555E-01
   1997.75   6.0470E+01   1.9286E+01  -4.2480E+00  -1.7325E-01   3.5687E-02   4.6153E+00  -1.4177E-02   2.9202E-03  -7.5534E-01
   1997.83   6.0794E+01   1.9117E+01  -3.8838E+00  -1.8861E-01   3.8958E-02   5.0438E+00  -1.5434E-02   3.1879E-03  -8.2547E-01
   1997.92   6.1112E+01   1.8941E+01  -3.5051E+00  -2.0412E-01   4.2254E-02   5.4744E+00  -1.6703E-02   3.4577E-03  -8.9595E-01
   1998.00   6.1422E+01   1.8756E+01  -3.1118E+00  -2.1977E-01   4.5576E-02   5.9072E+00  -1.7984E-02   3.7295E-03  -9.6678E-01
   1998.08   6.1727E+01   1.8576E+01  -2.7195E+00  -2.3458E-01   4.8717E-02   6.3154E+00  -1.9195E-02   3.9865E-03  -1.0336E+00
   1998.17   6.2026E+01   1.8412E+01  -2.3438E+00  -2.4753E-01   5.1467E-02   6.6724E+00  -2.0256E-02   4.2116E-03  -1.0920E+00
   1998.25   6.2320E+01   1.8262E+01  -1.9847E+00  -2.5864E-01   5.3828E-02   6.9780E+00  -2.1165E-02   4.4048E-03  -1.1420E+00
   1998.33   6.2609E+01   1.8129E+01  -1.6421E+00  -2.6790E-01   5.5799E-02   7.2324E+00  -2.1923E-02   4.5660E-03  -1.1837E+00
   1998.42   6.2892E+01   1.8010E+01  -1.3161E+00  -2.7531E-01   5.7380E-02   7.4355E+00  -2.2529E-02   4.6954E-03  -1.2169E+00
   1998.50   6.3170E+01   1.7907E+01  -1.0067E+00  -2.8088E-01   5.8572E-02   7.5874E+00  -2.2984E-02   4.7930E-03  -1.2418E+00
   1998.58   6.3444E+01   1.7820E+01  -7.1388E-01  -2.8460E-01   5.9374E-02   7.6880E+00  -2.3289E-02   4.8586E-03  -1.2582E+00
   1998.67   6.3712E+01   1.7748E+01  -4.3763E-01  -2.8646E-01   5.9786E-02   7.7373E+00  -2.3441E-02   4.8923E-03  -1.2663E+00
   1998.75   6.3974E+01   1.7691E+01  -1.7795E-01  -2.8648E-01   5.9809E-02   7.7353E+00  -2.3443E-02   4.8942E-03  -1.2660E+00
   1998.83   6.4232E+01   1.7650E+01   6.5150E-02  -2.8466E-01   5.9442E-02   7.6821E+00  -2.3294E-02   4.8641E-03  -1.2573E+00
   1998.92   6.4484E+01   1.7625E+01   2.9168E-01  -2.8098E-01   5.8685E-02   7.5776E+00  -2.2993E-02   4.8022E-03  -1.2402E+00
   1999.00   6.4731E+01   1.7614E+01   5.0163E-01  -2.7546E-01   5.7538E-02   7.4218E+00  -2.2541E-02   4.7084E-03  -1.2147E+00
   1999.08   6.4973E+01   1.7619E+01   6.9500E-01  -2.6809E-01   5.6002E-02   7.2148E+00  -2.1938E-02   4.5827E-03  -1.1808E+00
   1999.17   6.5210E+01   1.7640E+01   8.7180E-01  -2.5887E-01   5.4076E-02   6.9565E+00  -2.1183E-02   4.4250E-03  -1.1385E+00
   1999.25   6.5441E+01   1.7676E+01   1.0320E+00  -2.4780E-01   5.1760E-02   6.6469E+00  -2.0277E-02   4.2356E-03  -1.0878E+00
   1999.33   6.5668E+01   1.7728E+01   1.1757E+00  -2.3488E-01   4.9055E-02   6.2860E+00  -1.9220E-02   4.0142E-03  -1.0288E+00
   1999.42   6.5889E+01   1.7795E+01   1.3027E+00  -2.2012E-01   4.5960E-02   5.8739E+00  -1.8012E-02   3.7609E-03  -9.6133E-01
   1999.50   6.6105E+01   1.7877E+01   1.4132E+00  -2.0351E-01   4.2475E-02   5.4105E+00  -1.6653E-02   3.4757E-03  -8.8549E-01
   1999.58   6.6315E+01   1.7975E+01   1.5071E+00  -1.8505E-01   3.8600E-02   4.8959E+00  -1.5142E-02   3.1587E-03  -8.0126E-01
   1999.67   6.6521E+01   1.8088E+01   1.5845E+00  -1.6474E-01   3.4336E-02   4.3299E+00  -1.3481E-02   2.8097E-03  -7.0864E-01
   1999.75   6.6721E+01   1.8217E+01   1.6453E+00  -1.4258E-01   2.9682E-02   3.7127E+00  -1.1668E-02   2.4289E-03  -6.0763E-01
   1999.83   6.6916E+01   1.8361E+01   1.6894E+00  -1.1858E-01   2.4639E-02   3.0443E+00  -9.7033E-03   2.0162E-03  -4.9823E-01
   1999.92   6.7106E+01   1.8521E+01   1.7171E+00  -9.2726E-02   1.9205E-02   2.3245E+00  -7.5878E-03   1.5716E-03  -3.8043E-01
   2000.00   6.7290E+01   1.8696E+01   1.7281E+00  -6.5026E-02   1.3382E-02   1.5535E+00  -5.3211E-03   1.0951E-03  -2.5425E-01
   2000.08   6.7470E+01   1.8876E+01   1.7353E+00  -3.7591E-02   7.6125E-03   7.8920E-01  -3.0761E-03   6.2293E-04  -1.2916E-01
   2000.17   6.7645E+01   1.9049E+01   1.7513E+00  -1.2536E-02   2.3384E-03   8.9527E-02  -1.0258E-03   1.9135E-04  -1.4652E-02
   2000.25   6.7816E+01   1.9215E+01   1.7762E+00   1.0140E-02  -2.4398E-03  -5.4550E-01   8.2973E-04  -1.9965E-04   8.9277E-02
   2000.33   6.7982E+01   1.9375E+01   1.8099E+00   3.0436E-02  -6.7222E-03  -1.1159E+00   2.4906E-03  -5.5008E-04   1.8262E-01
   2000.42   6.8144E+01   1.9528E+01   1.8525E+00   4.8354E-02  -1.0509E-02  -1.6216E+00   3.9568E-03  -8.5993E-04   2.6539E-01
   2000.50   6.8301E+01   1.9674E+01   1.9039E+00   6.3892E-02  -1.3799E-02  -2.0627E+00   5.2283E-03  -1.1292E-03   3.3758E-01
   2000.58   6.8453E+01   1.9814E+01   1.9642E+00   7.7051E-02  -1.6594E-02  -2.4391E+00   6.3051E-03  -1.3579E-03   3.9919E-01
   2000.67   6.8601E+01   1.9947E+01   2.0333E+00   8.7830E-02  -1.8893E-02  -2.7509E+00   7.1872E-03  -1.5460E-03   4.5021E-01
   2000.75   6.8745E+01   2.0074E+01   2.1113E+00   9.6231E-02  -2.0696E-02  -2.9980E+00   7.8746E-03  -1.6936E-03   4.9066E-01
   2000.83   6.8884E+01   2.0194E+01   2.1982E+00   1.0225E-01  -2.2003E-02  -3.1805E+00   8.3673E-03  -1.8005E-03   5.2053E-01
   2000.92   6.9018E+01   2.0307E+01   2.2938E+00   1.0589E-01  -2.2814E-02  -3.2984E+00   8.6653E-03  -1.8669E-03   5.3981E-01
   2001.00   6.9148E+01   2.0414E+01   2.3984E+00   1.0716E-01  -2.3130E-02  -3.3516E+00   8.7687E-03  -1.8927E-03   5.4852E-01
   2001.08   6.9273E+01   2.0514E+01   2.5118E+00   1.0604E-01  -2.2949E-02  -3.3401E+00   8.6773E-03  -1.8780E-03   5.4664E-01
   2001.17   6.9393E+01   2.0607E+01   2.6340E+00   1.0254E-01  -2.2273E-02  -3.2640E+00   8.3912E-03  -1.8226E-03   5.3419E-01
   2001.25   6.9509E+01   2.0694E+01   2.7651E+00   9.6669E-02  -2.1101E-02  -3.1233E+00   7.9104E-03  -1.7267E-03   5.1115E-01
   2001.33   6.9621E+01   2.0774E+01   2.9051E+00   8.8414E-02  -1.9433E-02  -2.9179E+00   7.2350E-03  -1.5902E-03   4.7754E-01
   2001.42   6.9728E+01   2.0848E+01   3.0539E+00   7.7780E-02  -1.7269E-02  -2.6478E+00   6.3648E-03  -1.4131E-03   4.3334E-01
   2001.50   6.9830E+01   2.0915E+01   3.2115E+00   6.4768E-02  -1.4609E-02  -2.3131E+00   5.3000E-03  -1.1955E-03   3.7857E-01
   2001.58   6.9928E+01   2.0975E+01   3.3780E+00   4.9375E-02  -1.1454E-02  -1.9138E+00   4.0404E-03  -9.3725E-04   3.1321E-01
   2001.67   7.0022E+01   2.1029E+01   3.5534E+00   3.1604E-02  -7.8021E-03  -1.4498E+00   2.5862E-03  -6.3845E-04   2.3727E-01
   2001.75   7.0111E+01   2.1076E+01   3.7376E+00   1.1453E-02  -3.6548E-03  -9.2114E-01   9.3721E-04  -2.9907E-04   1.5075E-01
   2001.83   7.0195E+01   2.1117E+01   3.9306E+00  -1.1077E-02   9.8844E-04  -3.2785E-01  -9.0643E-04   8.0884E-05   5.3656E-02
   2001.92   7.0275E+01   2.1151E+01   4.1325E+00  -3.5986E-02   6.1275E-03   3.3009E-01  -2.9448E-03   5.0142E-04  -5.4022E-02
   2002.00   7.0350E+01   2.1178E+01   4.3433E+00  -6.3275E-02   1.1762E-02   1.0527E+00  -5.1778E-03   9.6253E-04  -1.7228E-01
   2002.08   7.0416E+01   2.1201E+01   4.5462E+00  -9.0473E-02   1.7382E-02   1.7742E+00  -7.4034E-03   1.4224E-03  -2.9037E-01
   2002.17   7.0470E+01   2.1224E+01   4.7247E+00  -1.1511E-01   2.2476E-02   2.4289E+00  -9.4195E-03   1.8392E-03  -3.9752E-01
   2002.25   7.0511E+01   2.1246E+01   4.8787E+00  -1.3719E-01   2.7044E-02   3.0169E+00  -1.1226E-02   2.2131E-03  -4.9375E-01
   2002.33   7.0539E+01   2.1268E+01   5.0082E+00  -1.5670E-01   3.1087E-02   3.5381E+00  -1.2823E-02   2.5438E-03  -5.7904E-01
   2002.42   7.0554E+01   2.1288E+01   5.1132E+00  -1.7366E-01   3.4603E-02   3.9925E+00  -1.4211E-02   2.8316E-03  -6.5341E-01
   2002.50   7.0557E+01   2.1308E+01   5.1937E+00  -1.8805E-01   3.7593E-02   4.3801E+00  -1.5388E-02   3.0763E-03  -7.1685E-01
   2002.58   7.0546E+01   2.1327E+01   5.2498E+00  -1.9989E-01   4.0058E-02   4.7009E+00  -1.6357E-02   3.2779E-03  -7.6936E-01
   2002.67   7.0523E+01   2.1345E+01   5.2813E+00  -2.0916E-01   4.1996E-02   4.9550E+00  -1.7116E-02   3.4366E-03  -8.1094E-01
   2002.75   7.0488E+01   2.1363E+01   5.2884E+00  -2.1587E-01   4.3409E-02   5.1423E+00  -1.7665E-02   3.5522E-03  -8.4159E-01
   2002.83   7.0439E+01   2.1379E+01   5.2710E+00  -2.2003E-01   4.4295E-02   5.2628E+00  -1.8005E-02   3.6247E-03  -8.6132E-01
   2002.92   7.0377E+01   2.1395E+01   5.2292E+00  -2.2162E-01   4.4656E-02   5.3165E+00  -1.8135E-02   3.6542E-03  -8.7011E-01
   2003.00   7.0303E+01   2.1410E+01   5.1628E+00  -2.2065E-01   4.4491E-02   5.3035E+00  -1.8056E-02   3.6407E-03  -8.6797E-01
   2003.08   7.0216E+01   2.1425E+01   5.0720E+00  -2.1712E-01   4.3800E-02   5.2237E+00  -1.7767E-02   3.5842E-03  -8.5491E-01
   2003.17   7.0116E+01   2.1439E+01   4.9567E+00  -2.1103E-01   4.2583E-02   5.0771E+00  -1.7269E-02   3.4846E-03  -8.3091E-01
   2003.25   7.0004E+01   2.1451E+01   4.8169E+00  -2.0238E-01   4.0840E-02   4.8637E+00  -1.6561E-02   3.3420E-03  -7.9599E-01
   2003.33   6.9878E+01   2.1464E+01   4.6526E+00  -1.9117E-01   3.8571E-02   4.5835E+00  -1.5644E-02   3.1563E-03  -7.5014E-01
   2003.42   6.9740E+01   2.1475E+01   4.4638E+00  -1.7740E-01   3.5776E-02   4.2366E+00  -1.4517E-02   2.9276E-03  -6.9336E-01
   2003.50   6.9589E+01   2.1485E+01   4.2506E+00  -1.6107E-01   3.2456E-02   3.8228E+00  -1.3180E-02   2.6559E-03  -6.2565E-01
   2003.58   6.9425E+01   2.1495E+01   4.0128E+00  -1.4218E-01   2.8609E-02   3.3423E+00  -1.1634E-02   2.3411E-03  -5.4701E-01
   2003.67   6.9249E+01   2.1504E+01   3.7506E+00  -1.2072E-01   2.4237E-02   2.7951E+00  -9.8788E-03   1.9833E-03  -4.5744E-01
   2003.75   6.9059E+01   2.1513E+01   3.4639E+00  -9.6709E-02   1.9338E-02   2.1810E+00  -7.9137E-03   1.5825E-03  -3.5695E-01
   2003.83   6.8857E+01   2.1520E+01   3.1528E+00  -7.0135E-02   1.3914E-02   1.5002E+00  -5.7392E-03   1.1386E-03  -2.4552E-01
   2003.92   6.8642E+01   2.1527E+01   2.8171E+00  -4.1000E-02   7.9637E-03   7.5256E-01  -3.3550E-03   6.5167E-04  -1.2316E-01
   2004.00   6.8414E+01   2.1533E+01   2.4570E+00  -9.3046E-03   1.4875E-03  -6.1836E-02  -7.6140E-04   1.2173E-04   1.0120E-02
   2004.08   6.8184E+01   2.1540E+01   2.0884E+00   2.2608E-02  -5.0322E-03  -8.8238E-01   1.8500E-03  -4.1179E-04   1.4441E-01
   2004.17   6.7962E+01   2.1550E+01   1.7276E+00   5.2393E-02  -1.1113E-02  -1.6485E+00   4.2873E-03  -9.0940E-04   2.6979E-01
   2004.25   6.7747E+01   2.1562E+01   1.3744E+00   8.0050E-02  -1.6756E-02  -2.3601E+00   6.5506E-03  -1.3711E-03   3.8625E-01
   2004.33   6.7541E+01   2.1577E+01   1.0289E+00   1.0558E-01  -2.1959E-02  -3.0172E+00   8.6398E-03  -1.7969E-03   4.9380E-01
   2004.42   6.7342E+01   2.1596E+01   6.9107E-01   1.2899E-01  -2.6724E-02  -3.6199E+00   1.0555E-02  -2.1869E-03   5.9243E-01
   2004.50   6.7152E+01   2.1616E+01   3.6092E-01   1.5026E-01  -3.1051E-02  -4.1681E+00   1.2296E-02  -2.5409E-03   6.8215E-01
   2004.58   6.6969E+01   2.1640E+01   3.8449E-02   1.6941E-01  -3.4938E-02  -4.6618E+00   1.3863E-02  -2.8590E-03   7.6295E-01
   2004.67   6.6794E+01   2.1666E+01  -2.7635E-01   1.8643E-01  -3.8387E-02  -5.1011E+00   1.5256E-02  -3.1412E-03   8.3484E-01
   2004.75   6.6627E+01   2.1695E+01  -5.8346E-01   2.0133E-01  -4.1397E-02  -5.4858E+00   1.6475E-02  -3.3876E-03   8.9782E-01
   2004.83   6.6468E+01   2.1727E+01  -8.8290E-01   2.1410E-01  -4.3969E-02  -5.8162E+00   1.7520E-02  -3.5980E-03   9.5188E-01
   2004.92   6.6317E+01   2.1762E+01  -1.1747E+00   2.2474E-01  -4.6102E-02  -6.0920E+00   1.8390E-02  -3.7725E-03   9.9702E-01
   2005.00   6.6174E+01   2.1799E+01  -1.4588E+00   2.3325E-01  -4.7796E-02  -6.3134E+00   1.9087E-02  -3.9112E-03   1.0333E+00
   2005.08   6.6039E+01   2.1840E+01  -1.7352E+00   2.3964E-01  -4.9051E-02  -6.4803E+00   1.9610E-02  -4.0139E-03   1.0606E+00
   2005.17   6.5912E+01   2.1883E+01  -2.0039E+00   2.4390E-01  -4.9868E-02  -6.5927E+00   1.9958E-02  -4.0807E-03   1.0790E+00
   2005.25   6.5792E+01   2.1928E+01  -2.2649E+00   2.4603E-01  -5.0246E-02  -6.6507E+00   2.0133E-02  -4.1117E-03   1.0885E+00
   2005.33   6.5681E+01   2.1977E+01  -2.5183E+00   2.4604E-01  -5.0186E-02  -6.6542E+00   2.0133E-02  -4.1067E-03   1.0890E+00
   2005.42   6.5577E+01   2.2028E+01  -2.7640E+00   2.4392E-01  -4.9686E-02  -6.6032E+00   1.9960E-02  -4.0659E-03   1.0807E+00
   2005.50   6.5481E+01   2.2082E+01  -3.0020E+00   2.3967E-01  -4.8748E-02  -6.4978E+00   1.9612E-02  -3.9891E-03   1.0634E+00
   2005.58   6.5394E+01   2.2139E+01  -3.2324E+00   2.3329E-01  -4.7372E-02  -6.3379E+00   1.9090E-02  -3.8764E-03   1.0373E+00
   2005.67   6.5314E+01   2.2198E+01  -3.4550E+00   2.2479E-01  -4.5556E-02  -6.1235E+00   1.8395E-02  -3.7279E-03   1.0022E+00
   2005.75   6.5242E+01   2.2261E+01  -3.6700E+00   2.1416E-01  -4.3302E-02  -5.8546E+00   1.7525E-02  -3.5434E-03   9.5817E-01
   2005.83   6.5178E+01   2.2326E+01  -3.8773E+00   2.0140E-01  -4.0609E-02  -5.5313E+00   1.6481E-02  -3.3231E-03   9.0526E-01
   2005.92   6.5122E+01   2.2394E+01  -4.0770E+00   1.8652E-01  -3.7478E-02  -5.1535E+00   1.5263E-02  -3.0668E-03   8.4343E-01
   2006.00   6.5074E+01   2.2464E+01  -4.2689E+00   1.6951E-01  -3.3908E-02  -4.7212E+00   1.3871E-02  -2.7747E-03   7.7268E-01
   2006.08   6.5034E+01   2.2535E+01  -4.4575E+00   1.5210E-01  -3.0259E-02  -4.2779E+00   1.2446E-02  -2.4761E-03   7.0012E-01
   2006.17   6.5002E+01   2.2601E+01  -4.6469E+00   1.3601E-01  -2.6893E-02  -3.8668E+00   1.1130E-02  -2.2007E-03   6.3284E-01
   2006.25   6.4978E+01   2.2664E+01  -4.8371E+00   1.2125E-01  -2.3809E-02  -3.4880E+00   9.9221E-03  -1.9483E-03   5.7085E-01
   2006.33   6.4962E+01   2.2723E+01  -5.0283E+00   1.0782E-01  -2.1007E-02  -3.1415E+00   8.8228E-03  -1.7190E-03   5.1413E-01
   2006.42   6.4954E+01   2.2778E+01  -5.2202E+00   9.5710E-02  -1.8487E-02  -2.8272E+00   7.8320E-03  -1.5128E-03   4.6270E-01
   2006.50   6.4955E+01   2.2830E+01  -5.4131E+00   8.4928E-02  -1.6249E-02  -2.5452E+00   6.9497E-03  -1.3297E-03   4.1656E-01
   2006.58   6.4964E+01   2.2878E+01  -5.6068E+00   7.5472E-02  -1.4293E-02  -2.2956E+00   6.1759E-03  -1.1696E-03   3.7569E-01
   2006.67   6.4980E+01   2.2922E+01  -5.8013E+00   6.7342E-02  -1.2620E-02  -2.0781E+00   5.5107E-03  -1.0327E-03   3.4011E-01
   2006.75   6.5005E+01   2.2963E+01  -5.9967E+00   6.0538E-02  -1.1228E-02  -1.8930E+00   4.9539E-03  -9.1880E-04   3.0981E-01
   2006.83   6.5038E+01   2.3000E+01  -6.1930E+00   5.5060E-02  -1.0119E-02  -1.7401E+00   4.5056E-03  -8.2802E-04   2.8479E-01
   2006.92   6.5080E+01   2.3033E+01  -6.3901E+00   5.0908E-02  -9.2914E-03  -1.6196E+00   4.1658E-03  -7.6032E-04   2.6506E-01
   2007.00   6.5129E+01   2.3062E+01  -6.5881E+00   4.8082E-02  -8.7463E-03  -1.5312E+00   3.9346E-03  -7.1571E-04   2.5061E-01
   2007.08   6.5187E+01   2.3088E+01  -6.7869E+00   4.6582E-02  -8.4833E-03  -1.4752E+00   3.8118E-03  -6.9419E-04   2.4144E-01
   2007.17   6.5252E+01   2.3110E+01  -6.9866E+00   4.6407E-02  -8.5024E-03  -1.4515E+00   3.7975E-03  -6.9575E-04   2.3755E-01
   2007.25   6.5326E+01   2.3129E+01  -7.1872E+00   4.7559E-02  -8.8036E-03  -1.4600E+00   3.8918E-03  -7.2040E-04   2.3894E-01
   2007.33   6.5408E+01   2.3143E+01  -7.3886E+00   5.0037E-02  -9.3869E-03  -1.5008E+00   4.0945E-03  -7.6814E-04   2.4562E-01
   2007.42   6.5498E+01   2.3154E+01  -7.5909E+00   5.3840E-02  -1.0252E-02  -1.5739E+00   4.4058E-03  -8.3896E-04   2.5758E-01
   2007.50   6.5596E+01   2.3161E+01  -7.7940E+00   5.8970E-02  -1.1400E-02  -1.6793E+00   4.8255E-03  -9.3286E-04   2.7483E-01
   2007.58   6.5702E+01   2.3165E+01  -7.9980E+00   6.5425E-02  -1.2830E-02  -1.8169E+00   5.3538E-03  -1.0499E-03   2.9735E-01
   2007.67   6.5817E+01   2.3165E+01  -8.2028E+00   7.3207E-02  -1.4541E-02  -1.9868E+00   5.9905E-03  -1.1899E-03   3.2516E-01
   2007.75   6.5939E+01   2.3161E+01  -8.4085E+00   8.2314E-02  -1.6535E-02  -2.1890E+00   6.7358E-03  -1.3531E-03   3.5825E-01
   2007.83   6.6070E+01   2.3154E+01  -8.6151E+00   9.2747E-02  -1.8811E-02  -2.4235E+00   7.5896E-03  -1.5393E-03   3.9663E-01
   2007.92   6.6209E+01   2.3142E+01  -8.8225E+00   1.0451E-01  -2.1370E-02  -2.6902E+00   8.5518E-03  -1.7487E-03   4.4028E-01
   2008.00   6.6356E+01   2.3128E+01  -9.0308E+00   1.1759E-01  -2.4210E-02  -2.9893E+00   9.6226E-03  -1.9811E-03   4.8922E-01
   2008.08   6.6506E+01   2.3118E+01  -9.2397E+00   1.3036E-01  -2.6988E-02  -3.2825E+00   1.0668E-02  -2.2085E-03   5.3722E-01
   2008.17   6.6655E+01   2.3125E+01  -9.4492E+00   1.4118E-01  -2.9360E-02  -3.5319E+00   1.1553E-02  -2.4026E-03   5.7804E-01
   2008.25   6.6803E+01   2.3147E+01  -9.6593E+00   1.5004E-01  -3.1327E-02  -3.7376E+00   1.2278E-02  -2.5635E-03   6.1169E-01
   2008.33   6.6950E+01   2.3184E+01  -9.8698E+00   1.5695E-01  -3.2887E-02  -3.8994E+00   1.2843E-02  -2.6911E-03   6.3817E-01
   2008.42   6.7095E+01   2.3237E+01  -1.0081E+01   1.6191E-01  -3.4040E-02  -4.0174E+00   1.3249E-02  -2.7855E-03   6.5748E-01
   2008.50   6.7238E+01   2.3305E+01  -1.0292E+01   1.6491E-01  -3.4788E-02  -4.0915E+00   1.3495E-02  -2.8467E-03   6.6962E-01
   2008.58   6.7380E+01   2.3389E+01  -1.0505E+01   1.6596E-01  -3.5130E-02  -4.1219E+00   1.3580E-02  -2.8747E-03   6.7459E-01
   2008.67   6.7521E+01   2.3488E+01  -1.0717E+01   1.6505E-01  -3.5066E-02  -4.1084E+00   1.3506E-02  -2.8694E-03   6.7238E-01
   2008.75   6.7661E+01   2.3602E+01  -1.0930E+01   1.6219E-01  -3.4595E-02  -4.0511E+00   1.3272E-02  -2.8309E-03   6.6301E-01
   2008.83   6.7799E+01   2.3732E+01  -1.1144E+01   1.5737E-01  -3.3719E-02  -3.9500E+00   1.2878E-02  -2.7592E-03   6.4646E-01
   2008.92   6.7936E+01   2.3878E+01  -1.1358E+01   1.5060E-01  -3.2436E-02  -3.8051E+00   1.2324E-02  -2.6543E-03   6.2274E-01
   2009.00   6.8072E+01   2.4038E+01  -1.1573E+01   1.4188E-01  -3.0747E-02  -3.6163E+00   1.1610E-02  -2.5161E-03   5.9185E-01
   2009.08   6.8206E+01   2.4215E+01  -1.1789E+01   1.3120E-01  -2.8653E-02  -3.3837E+00   1.0736E-02  -2.3446E-03   5.5378E-01
   2009.17   6.8339E+01   2.4407E+01  -1.2004E+01   1.1857E-01  -2.6152E-02  -3.1073E+00   9.7029E-03  -2.1400E-03   5.0855E-01
   2009.25   6.8470E+01   2.4614E+01  -1.2221E+01   1.0399E-01  -2.3245E-02  -2.7871E+00   8.5094E-03  -1.9021E-03   4.5615E-01
   2009.33   6.8600E+01   2.4836E+01  -1.2438E+01   8.7449E-02  -1.9932E-02  -2.4231E+00   7.1560E-03  -1.6310E-03   3.9657E-01
   2009.42   6.8729E+01   2.5074E+01  -1.2655E+01   6.8956E-02  -1.6212E-02  -2.0153E+00   5.6427E-03  -1.3267E-03   3.2982E-01
   2009.50   6.8857E+01   2.5328E+01  -1.2873E+01   4.8509E-02  -1.2087E-02  -1.5636E+00   3.9695E-03  -9.8909E-04   2.5590E-01
   2009.58   6.8983E+01   2.5597E+01  -1.3091E+01   2.6108E-02  -7.5556E-03  -1.0681E+00   2.1364E-03  -6.1828E-04   1.7481E-01
   2009.67   6.9107E+01   2.5881E+01  -1.3310E+01   1.7525E-03  -2.6182E-03  -5.2883E-01   1.4341E-04  -2.1425E-04   8.6548E-02
   2009.75   6.9231E+01   2.6181E+01  -1.3530E+01  -2.4557E-02   2.7254E-03   5.4294E-02  -2.0095E-03   2.2302E-04  -8.8858E-03
   2009.83   6.9353E+01   2.6497E+01  -1.3750E+01  -5.2820E-02   8.4751E-03   6.8123E-01  -4.3223E-03   6.9352E-04  -1.1149E-01
   2009.92   6.9474E+01   2.6827E+01  -1.3971E+01  -8.3037E-02   1.4631E-02   1.3520E+00  -6.7949E-03   1.1972E-03  -2.2127E-01
   2010.00   6.9593E+01   2.7174E+01  -1.4192E+01  -1.1521E-01   2.1193E-02   2.0666E+00  -9.4275E-03   1.7342E-03  -3.3822E-01
   2010.08   6.9710E+01   2.7522E+01  -1.4416E+01  -1.4697E-01   2.7678E-02   2.7726E+00  -1.2026E-02   2.2649E-03  -4.5376E-01
   2010.17   6.9825E+01   2.7860E+01  -1.4644E+01  -1.7595E-01   3.3602E-02   3.4176E+00  -1.4398E-02   2.7497E-03  -5.5933E-01
   2010.25   6.9938E+01   2.8188E+01  -1.4878E+01  -2.0215E-01   3.8967E-02   4.0017E+00  -1.6542E-02   3.1887E-03  -6.5493E-01
   2010.33   7.0048E+01   2.8504E+01  -1.5117E+01  -2.2558E-01   4.3772E-02   4.5249E+00  -1.8459E-02   3.5819E-03  -7.4055E-01
   2010.42   7.0156E+01   2.8810E+01  -1.5360E+01  -2.4623E-01   4.8017E-02   4.9871E+00  -2.0149E-02   3.9293E-03  -8.1619E-01
   2010.50   7.0261E+01   2.9106E+01  -1.5609E+01  -2.6410E-01   5.1702E-02   5.3884E+00  -2.1612E-02   4.2308E-03  -8.8186E-01
   2010.58   7.0364E+01   2.9391E+01  -1.5862E+01  -2.7920E-01   5.4827E-02   5.7287E+00  -2.2847E-02   4.4865E-03  -9.3756E-01
   2010.67   7.0464E+01   2.9665E+01  -1.6120E+01  -2.9151E-01   5.7392E-02   6.0080E+00  -2.3855E-02   4.6964E-03  -9.8328E-01
   2010.75   7.0562E+01   2.9928E+01  -1.6383E+01  -3.0105E-01   5.9397E-02   6.2264E+00  -2.4635E-02   4.8604E-03  -1.0190E+00
   2010.83   7.0657E+01   3.0181E+01  -1.6651E+01  -3.0781E-01   6.0842E-02   6.3839E+00  -2.5188E-02   4.9787E-03  -1.0448E+00
   2010.92   7.0750E+01   3.0423E+01  -1.6925E+01  -3.1180E-01   6.1726E-02   6.4804E+00  -2.5514E-02   5.0511E-03  -1.0606E+00
   2011.00   7.0841E+01   3.0655E+01  -1.7202E+01  -3.1300E-01   6.2051E-02   6.5159E+00  -2.5613E-02   5.0777E-03  -1.0664E+00
   2011.08   7.0929E+01   3.0876E+01  -1.7485E+01  -3.1143E-01   6.1816E-02   6.4905E+00  -2.5485E-02   5.0584E-03  -1.0622E+00
   2011.17   7.1014E+01   3.1086E+01  -1.7773E+01  -3.0708E-01   6.1021E-02   6.4042E+00  -2.5129E-02   4.9934E-03  -1.0481E+00
   2011.25   7.1098E+01   3.1286E+01  -1.8066E+01  -2.9996E-01   5.9666E-02   6.2569E+00  -2.4546E-02   4.8825E-03  -1.0240E+00
   2011.33   7.1178E+01   3.1475E+01  -1.8363E+01  -2.9005E-01   5.7751E-02   6.0486E+00  -2.3735E-02   4.7258E-03  -9.8992E-01
   2011.42   7.1257E+01   3.1653E+01  -1.8666E+01  -2.7737E-01   5.5276E-02   5.7794E+00  -2.2698E-02   4.5232E-03  -9.4586E-01
   2011.50   7.1333E+01   3.1821E+01  -1.8974E+01  -2.6191E-01   5.2240E-02   5.4492E+00  -2.1433E-02   4.2749E-03  -8.9183E-01
   2011.58   7.1406E+01   3.1978E+01  -1.9286E+01  -2.4368E-01   4.8645E-02   5.0581E+00  -1.9940E-02   3.9807E-03  -8.2782E-01
   2011.67   7.1477E+01   3.2125E+01  -1.9603E+01  -2.2266E-01   4.4490E-02   4.6061E+00  -1.8221E-02   3.6406E-03  -7.5383E-01
   2011.75   7.1546E+01   3.2261E+01  -1.9925E+01  -1.9887E-01   3.9775E-02   4.0931E+00  -1.6274E-02   3.2548E-03  -6.6987E-01
   2011.83   7.1612E+01   3.2386E+01  -2.0253E+01  -1.7230E-01   3.4500E-02   3.5191E+00  -1.4100E-02   2.8231E-03  -5.7594E-01
   2011.92   7.1675E+01   3.2500E+01  -2.0585E+01  -1.4296E-01   2.8665E-02   2.8842E+00  -1.1698E-02   2.3456E-03  -4.7203E-01
   2012.00   7.1736E+01   3.2604E+01  -2.0922E+01  -1.1083E-01   2.2270E-02   2.1883E+00  -9.0697E-03   1.8223E-03  -3.5814E-01
