   1960.00   2.1889E+01  -6.0621E+00  -2.4486E+01   1.0090E+00   2.8936E-01  -1.4569E+00   8.2563E-02   2.3679E-02   2.3843E-01
   1960.08   2.2324E+01  -6.2010E+00  -2.4341E+01   1.5233E+00   4.3660E-01  -2.2010E+00   1.2465E-01   3.5728E-02   3.6022E-01
   1960.17   2.2710E+01  -6.3438E+00  -2.4206E+01   2.0004E+00   5.7318E-01  -2.8912E+00   1.6369E-01   4.6903E-02   4.7318E-01
   1960.25   2.3049E+01  -6.4907E+00  -2.4080E+01   2.4402E+00   6.9908E-01  -3.5274E+00   1.9968E-01   5.7206E-02   5.7730E-01
   1960.33   2.3339E+01  -6.6416E+00  -2.3963E+01   2.8427E+00   8.1430E-01  -4.1097E+00   2.3262E-01   6.6635E-02   6.7260E-01
   1960.42   2.3581E+01  -6.7965E+00  -2.3856E+01   3.2079E+00   9.1886E-01  -4.6380E+00   2.6250E-01   7.5190E-02   7.5907E-01
   1960.50   2.3775E+01  -6.9554E+00  -2.3757E+01   3.5358E+00   1.0127E+00  -5.1124E+00   2.8934E-01   8.2873E-02   8.3670E-01
   1960.58   2.3921E+01  -7.1183E+00  -2.3668E+01   3.8264E+00   1.0960E+00  -5.5328E+00   3.1312E-01   8.9682E-02   9.0550E-01
   1960.67   2.4018E+01  -7.2852E+00  -2.3588E+01   4.0798E+00   1.1685E+00  -5.8993E+00   3.3385E-01   9.5618E-02   9.6548E-01
   1960.75   2.4067E+01  -7.4561E+00  -2.3517E+01   4.2958E+00   1.2304E+00  -6.2118E+00   3.5153E-01   1.0068E-01   1.0166E+00
   1960.83   2.4068E+01  -7.6311E+00  -2.3456E+01   4.4745E+00   1.2816E+00  -6.4703E+00   3.6615E-01   1.0487E-01   1.0589E+00
   1960.92   2.4021E+01  -7.8100E+00  -2.3403E+01   4.6160E+00   1.3221E+00  -6.6749E+00   3.7773E-01   1.0819E-01   1.0924E+00
   1961.00   2.3925E+01  -7.9929E+00  -2.3360E+01   4.7201E+00   1.3519E+00  -6.8255E+00   3.8625E-01   1.1063E-01   1.1171E+00
   1961.08   2.3782E+01  -8.1799E+00  -2.3326E+01   4.7870E+00   1.3711E+00  -6.9221E+00   3.9172E-01   1.1220E-01   1.1329E+00
   1961.17   2.3590E+01  -8.3708E+00  -2.3301E+01   4.8166E+00   1.3796E+00  -6.9649E+00   3.9414E-01   1.1289E-01   1.1399E+00
   1961.25   2.3349E+01  -8.5658E+00  -2.3286E+01   4.8088E+00   1.3774E+00  -6.9536E+00   3.9351E-01   1.1272E-01   1.1380E+00
   1961.33   2.3061E+01  -8.7648E+00  -2.3279E+01   4.7638E+00   1.3646E+00  -6.8884E+00   3.8983E-01   1.1167E-01   1.1274E+00
   1961.42   2.2724E+01  -8.9678E+00  -2.3282E+01   4.6815E+00   1.3411E+00  -6.7692E+00   3.8309E-01   1.0974E-01   1.1079E+00
   1961.50   2.2340E+01  -9.1747E+00  -2.3294E+01   4.5619E+00   1.3069E+00  -6.5961E+00   3.7330E-01   1.0695E-01   1.0795E+00
   1961.58   2.1906E+01  -9.3857E+00  -2.3315E+01   4.4050E+00   1.2621E+00  -6.3690E+00   3.6047E-01   1.0327E-01   1.0424E+00
   1961.67   2.1425E+01  -9.6007E+00  -2.3346E+01   4.2109E+00   1.2065E+00  -6.0880E+00   3.4458E-01   9.8731E-02   9.9636E-01
   1961.75   2.0896E+01  -9.8198E+00  -2.3385E+01   3.9794E+00   1.1403E+00  -5.7530E+00   3.2563E-01   9.3314E-02   9.4154E-01
   1961.83   2.0318E+01  -1.0043E+01  -2.3434E+01   3.7106E+00   1.0635E+00  -5.3640E+00   3.0364E-01   8.7024E-02   8.7788E-01
   1961.92   1.9692E+01  -1.0270E+01  -2.3492E+01   3.4045E+00   9.7592E-01  -4.9211E+00   2.7860E-01   7.9860E-02   8.0539E-01
   1962.00   1.9018E+01  -1.0501E+01  -2.3559E+01   3.0612E+00   8.7771E-01  -4.4243E+00   2.5050E-01   7.1823E-02   7.2408E-01
   1962.08   1.8340E+01  -1.0722E+01  -2.3632E+01   2.7105E+00   7.7738E-01  -3.9167E+00   2.2180E-01   6.3613E-02   6.4102E-01
   1962.17   1.7701E+01  -1.0920E+01  -2.3706E+01   2.3823E+00   6.8351E-01  -3.4419E+00   1.9494E-01   5.5932E-02   5.6330E-01
   1962.25   1.7103E+01  -1.1094E+01  -2.3782E+01   2.0767E+00   5.9608E-01  -2.9997E+00   1.6994E-01   4.8777E-02   4.9093E-01
   1962.33   1.6544E+01  -1.1244E+01  -2.3859E+01   1.7936E+00   5.1510E-01  -2.5901E+00   1.4677E-01   4.2151E-02   4.2390E-01
   1962.42   1.6025E+01  -1.1371E+01  -2.3937E+01   1.5331E+00   4.4058E-01  -2.2132E+00   1.2546E-01   3.6053E-02   3.6222E-01
   1962.50   1.5546E+01  -1.1475E+01  -2.4017E+01   1.2952E+00   3.7250E-01  -1.8690E+00   1.0599E-01   3.0482E-02   3.0588E-01
   1962.58   1.5107E+01  -1.1554E+01  -2.4099E+01   1.0798E+00   3.1087E-01  -1.5574E+00   8.8361E-02   2.5439E-02   2.5489E-01
   1962.67   1.4708E+01  -1.1610E+01  -2.4182E+01   8.8698E-01   2.5570E-01  -1.2785E+00   7.2582E-02   2.0924E-02   2.0924E-01
   1962.75   1.4349E+01  -1.1643E+01  -2.4267E+01   7.1670E-01   2.0697E-01  -1.0322E+00   5.8648E-02   1.6936E-02   1.6893E-01
   1962.83   1.4030E+01  -1.1652E+01  -2.4353E+01   5.6899E-01   1.6469E-01  -8.1858E-01   4.6560E-02   1.3477E-02   1.3397E-01
   1962.92   1.3751E+01  -1.1637E+01  -2.4440E+01   4.4382E-01   1.2886E-01  -6.3762E-01   3.6318E-02   1.0545E-02   1.0435E-01
   1963.00   1.3511E+01  -1.1599E+01  -2.4529E+01   3.4122E-01   9.9485E-02  -4.8931E-01   2.7922E-02   8.1409E-03   8.0081E-02
   1963.08   1.3312E+01  -1.1538E+01  -2.4620E+01   2.6117E-01   7.6557E-02  -3.7366E-01   2.1371E-02   6.2647E-03   6.1154E-02
   1963.17   1.3152E+01  -1.1452E+01  -2.4712E+01   2.0367E-01   6.0078E-02  -2.9067E-01   1.6667E-02   4.9162E-03   4.7571E-02
   1963.25   1.3032E+01  -1.1343E+01  -2.4806E+01   1.6873E-01   5.0050E-02  -2.4033E-01   1.3808E-02   4.0956E-03   3.9332E-02
   1963.33   1.2952E+01  -1.1211E+01  -2.4901E+01   1.5635E-01   4.6471E-02  -2.2264E-01   1.2794E-02   3.8027E-03   3.6438E-02
   1963.42   1.2912E+01  -1.1055E+01  -2.4997E+01   1.6652E-01   4.9342E-02  -2.3762E-01   1.3627E-02   4.0377E-03   3.8888E-02
   1963.50   1.2912E+01  -1.0875E+01  -2.5095E+01   1.9925E-01   5.8663E-02  -2.8524E-01   1.6305E-02   4.8004E-03   4.6683E-02
   1963.58   1.2952E+01  -1.0672E+01  -2.5195E+01   2.5454E-01   7.4433E-02  -3.6553E-01   2.0829E-02   6.0909E-03   5.9822E-02
   1963.67   1.3031E+01  -1.0445E+01  -2.5296E+01   3.3238E-01   9.6654E-02  -4.7846E-01   2.7199E-02   7.9092E-03   7.8306E-02
   1963.75   1.3151E+01  -1.0194E+01  -2.5399E+01   4.3278E-01   1.2532E-01  -6.2406E-01   3.5414E-02   1.0255E-02   1.0213E-01
   1963.83   1.3310E+01  -9.9205E+00  -2.5503E+01   5.5573E-01   1.6044E-01  -8.0231E-01   4.5476E-02   1.3129E-02   1.3131E-01
   1963.92   1.3510E+01  -9.6229E+00  -2.5609E+01   7.0124E-01   2.0201E-01  -1.0132E+00   5.7383E-02   1.6531E-02   1.6582E-01
   1964.00   1.3749E+01  -9.3018E+00  -2.5716E+01   8.6931E-01   2.5003E-01  -1.2568E+00   7.1136E-02   2.0460E-02   2.0569E-01
   1964.08   1.4000E+01  -8.9774E+00  -2.5821E+01   1.0357E+00   2.9760E-01  -1.4979E+00   8.4754E-02   2.4353E-02   2.4515E-01
   1964.17   1.4233E+01  -8.6701E+00  -2.5922E+01   1.1763E+00   3.3781E-01  -1.7017E+00   9.6259E-02   2.7643E-02   2.7850E-01
   1964.25   1.4449E+01  -8.3801E+00  -2.6019E+01   1.2911E+00   3.7066E-01  -1.8680E+00   1.0565E-01   3.0331E-02   3.0571E-01
   1964.33   1.4648E+01  -8.1072E+00  -2.6111E+01   1.3800E+00   3.9615E-01  -1.9968E+00   1.1293E-01   3.2417E-02   3.2680E-01
   1964.42   1.4830E+01  -7.8514E+00  -2.6198E+01   1.4431E+00   4.1429E-01  -2.0882E+00   1.1809E-01   3.3901E-02   3.4176E-01
   1964.50   1.4994E+01  -7.6128E+00  -2.6280E+01   1.4803E+00   4.2507E-01  -2.1422E+00   1.2114E-01   3.4783E-02   3.5059E-01
   1964.58   1.5142E+01  -7.3913E+00  -2.6358E+01   1.4917E+00   4.2849E-01  -2.1587E+00   1.2207E-01   3.5064E-02   3.5329E-01
   1964.67   1.5272E+01  -7.1870E+00  -2.6431E+01   1.4773E+00   4.2455E-01  -2.1377E+00   1.2089E-01   3.4741E-02   3.4987E-01
   1964.75   1.5384E+01  -6.9999E+00  -2.6500E+01   1.4371E+00   4.1326E-01  -2.0794E+00   1.1760E-01   3.3817E-02   3.4031E-01
   1964.83   1.5480E+01  -6.8299E+00  -2.6564E+01   1.3710E+00   3.9461E-01  -1.9836E+00   1.1219E-01   3.2291E-02   3.2463E-01
   1964.92   1.5559E+01  -6.6770E+00  -2.6623E+01   1.2790E+00   3.6861E-01  -1.8503E+00   1.0466E-01   3.0163E-02   3.0282E-01
   1965.00   1.5620E+01  -6.5413E+00  -2.6678E+01   1.1613E+00   3.3524E-01  -1.6796E+00   9.5027E-02   2.7433E-02   2.7489E-01
   1965.08   1.5664E+01  -6.4228E+00  -2.6728E+01   1.0177E+00   2.9452E-01  -1.4715E+00   8.3276E-02   2.4101E-02   2.4082E-01
   1965.17   1.5691E+01  -6.3214E+00  -2.6774E+01   8.4824E-01   2.4644E-01  -1.2259E+00   6.9412E-02   2.0166E-02   2.0063E-01
   1965.25   1.5700E+01  -6.2372E+00  -2.6815E+01   6.5297E-01   1.9100E-01  -9.4289E-01   5.3432E-02   1.5630E-02   1.5431E-01
   1965.33   1.5693E+01  -6.1701E+00  -2.6851E+01   4.3186E-01   1.2821E-01  -6.2242E-01   3.5339E-02   1.0492E-02   1.0187E-01
   1965.42   1.5668E+01  -6.1202E+00  -2.6883E+01   1.8492E-01   5.8060E-02  -2.6452E-01   1.5132E-02   4.7511E-03   4.3291E-02
   1965.50   1.5626E+01  -6.0874E+00  -2.6910E+01  -8.7860E-02  -1.9448E-02   1.3083E-01  -7.1896E-03  -1.5914E-03  -2.1411E-02
   1965.58   1.5566E+01  -6.0718E+00  -2.6932E+01  -3.8647E-01  -1.0431E-01   5.6362E-01  -3.1625E-02  -8.5360E-03  -9.2242E-02
   1965.67   1.5490E+01  -6.0733E+00  -2.6950E+01  -7.1092E-01  -1.9654E-01   1.0338E+00  -5.8175E-02  -1.6083E-02  -1.6920E-01
   1965.75   1.5396E+01  -6.0920E+00  -2.6963E+01  -1.0612E+00  -2.9612E-01   1.5415E+00  -8.6839E-02  -2.4231E-02  -2.5229E-01
   1965.83   1.5285E+01  -6.1278E+00  -2.6972E+01  -1.4373E+00  -4.0305E-01   2.0866E+00  -1.1762E-01  -3.2982E-02  -3.4150E-01
   1965.92   1.5157E+01  -6.1808E+00  -2.6975E+01  -1.8393E+00  -5.1735E-01   2.6692E+00  -1.5051E-01  -4.2335E-02  -4.3684E-01
   1966.00   1.5012E+01  -6.2510E+00  -2.6975E+01  -2.2671E+00  -6.3900E-01   3.2892E+00  -1.8551E-01  -5.2290E-02  -5.3831E-01
   1966.08   1.4870E+01  -6.3250E+00  -2.6958E+01  -2.6893E+00  -7.5908E-01   3.9012E+00  -2.2007E-01  -6.2116E-02  -6.3847E-01
   1966.17   1.4752E+01  -6.3896E+00  -2.6913E+01  -3.0747E+00  -8.6867E-01   4.4596E+00  -2.5160E-01  -7.1084E-02  -7.2987E-01
   1966.25   1.4659E+01  -6.4448E+00  -2.6841E+01  -3.4231E+00  -9.6776E-01   4.9646E+00  -2.8011E-01  -7.9192E-02  -8.1251E-01
   1966.33   1.4591E+01  -6.4906E+00  -2.6742E+01  -3.7347E+00  -1.0564E+00   5.4161E+00  -3.0561E-01  -8.6442E-02  -8.8640E-01
   1966.42   1.4546E+01  -6.5269E+00  -2.6614E+01  -4.0093E+00  -1.1345E+00   5.8141E+00  -3.2808E-01  -9.2833E-02  -9.5154E-01
   1966.50   1.4526E+01  -6.5539E+00  -2.6459E+01  -4.2470E+00  -1.2021E+00   6.1586E+00  -3.4753E-01  -9.8366E-02  -1.0079E+00
   1966.58   1.4530E+01  -6.5714E+00  -2.6277E+01  -4.4478E+00  -1.2592E+00   6.4496E+00  -3.6397E-01  -1.0304E-01  -1.0555E+00
   1966.67   1.4559E+01  -6.5796E+00  -2.6067E+01  -4.6117E+00  -1.3058E+00   6.6871E+00  -3.7738E-01  -1.0685E-01  -1.0944E+00
   1966.75   1.4612E+01  -6.5783E+00  -2.5829E+01  -4.7388E+00  -1.3419E+00   6.8711E+00  -3.8777E-01  -1.0981E-01  -1.1245E+00
   1966.83   1.4689E+01  -6.5676E+00  -2.5563E+01  -4.8289E+00  -1.3675E+00   7.0017E+00  -3.9515E-01  -1.1191E-01  -1.1459E+00
   1966.92   1.4791E+01  -6.5475E+00  -2.5270E+01  -4.8821E+00  -1.3827E+00   7.0787E+00  -3.9950E-01  -1.1315E-01  -1.1585E+00
   1967.00   1.4917E+01  -6.5179E+00  -2.4950E+01  -4.8984E+00  -1.3873E+00   7.1022E+00  -4.0083E-01  -1.1352E-01  -1.1624E+00
   1967.08   1.5067E+01  -6.4790E+00  -2.4601E+01  -4.8777E+00  -1.3815E+00   7.0722E+00  -3.9915E-01  -1.1305E-01  -1.1574E+00
   1967.17   1.5242E+01  -6.4306E+00  -2.4225E+01  -4.8202E+00  -1.3651E+00   6.9888E+00  -3.9444E-01  -1.1171E-01  -1.1438E+00
   1967.25   1.5441E+01  -6.3729E+00  -2.3822E+01  -4.7258E+00  -1.3383E+00   6.8518E+00  -3.8671E-01  -1.0951E-01  -1.1214E+00
   1967.33   1.5664E+01  -6.3057E+00  -2.3390E+01  -4.5945E+00  -1.3009E+00   6.6614E+00  -3.7597E-01  -1.0645E-01  -1.0902E+00
   1967.42   1.5912E+01  -6.2291E+00  -2.2932E+01  -4.4262E+00  -1.2531E+00   6.4174E+00  -3.6220E-01  -1.0254E-01  -1.0503E+00
   1967.50   1.6184E+01  -6.1431E+00  -2.2445E+01  -4.2211E+00  -1.1947E+00   6.1200E+00  -3.4541E-01  -9.7767E-02  -1.0016E+00
   1967.58   1.6480E+01  -6.0477E+00  -2.1931E+01  -3.9791E+00  -1.1259E+00   5.7691E+00  -3.2561E-01  -9.2134E-02  -9.4417E-01
   1967.67   1.6801E+01  -5.9429E+00  -2.1389E+01  -3.7001E+00  -1.0466E+00   5.3647E+00  -3.0278E-01  -8.5643E-02  -8.7798E-01
   1967.75   1.7146E+01  -5.8286E+00  -2.0820E+01  -3.3842E+00  -9.5678E-01   4.9067E+00  -2.7693E-01  -7.8293E-02  -8.0304E-01
   1967.83   1.7515E+01  -5.7050E+00  -2.0223E+01  -3.0315E+00  -8.5646E-01   4.3953E+00  -2.4807E-01  -7.0085E-02  -7.1934E-01
   1967.92   1.7909E+01  -5.5719E+00  -1.9598E+01  -2.6418E+00  -7.4566E-01   3.8304E+00  -2.1618E-01  -6.1017E-02  -6.2689E-01
   1968.00   1.8327E+01  -5.4294E+00  -1.8946E+01  -2.2152E+00  -6.2435E-01   3.2120E+00  -1.8127E-01  -5.1091E-02  -5.2568E-01
   1968.08   1.8749E+01  -5.2853E+00  -1.8298E+01  -1.7802E+00  -5.0065E-01   2.5814E+00  -1.4568E-01  -4.0969E-02  -4.2247E-01
   1968.17   1.9155E+01  -5.1473E+00  -1.7685E+01  -1.3653E+00  -3.8266E-01   1.9798E+00  -1.1172E-01  -3.1313E-02  -3.2401E-01
   1968.25   1.9545E+01  -5.0155E+00  -1.7108E+01  -9.7031E-01  -2.7037E-01   1.4072E+00  -7.9401E-02  -2.2124E-02  -2.3031E-01
   1968.33   1.9920E+01  -4.8899E+00  -1.6566E+01  -5.9540E-01  -1.6378E-01   8.6374E-01  -4.8722E-02  -1.3402E-02  -1.4136E-01
   1968.42   2.0278E+01  -4.7704E+00  -1.6060E+01  -2.4053E-01  -6.2892E-02   3.4928E-01  -1.9683E-02  -5.1465E-03  -5.7163E-02
   1968.50   2.0620E+01  -4.6570E+00  -1.5590E+01   9.4305E-02   3.2289E-02  -1.3615E-01   7.7170E-03   2.6423E-03   2.2282E-02
   1968.58   2.0947E+01  -4.5498E+00  -1.5155E+01   4.0911E-01   1.2177E-01  -5.9252E-01   3.3478E-02   9.9643E-03   9.6973E-02
   1968.67   2.1257E+01  -4.4488E+00  -1.4756E+01   7.0388E-01   2.0554E-01  -1.0199E+00   5.7599E-02   1.6820E-02   1.6691E-01
   1968.75   2.1552E+01  -4.3539E+00  -1.4393E+01   9.7861E-01   2.8361E-01  -1.4182E+00   8.0080E-02   2.3208E-02   2.3210E-01
   1968.83   2.1830E+01  -4.2651E+00  -1.4065E+01   1.2333E+00   3.5598E-01  -1.7874E+00   1.0092E-01   2.9130E-02   2.9253E-01
   1968.92   2.2093E+01  -4.1825E+00  -1.3772E+01   1.4680E+00   4.2264E-01  -2.1276E+00   1.2013E-01   3.4585E-02   3.4821E-01
   1969.00   2.2339E+01  -4.1061E+00  -1.3516E+01   1.6826E+00   4.8360E-01  -2.4388E+00   1.3769E-01   3.9573E-02   3.9914E-01
   1969.08   2.2570E+01  -4.0358E+00  -1.3294E+01   1.8772E+00   5.3886E-01  -2.7209E+00   1.5361E-01   4.4095E-02   4.4531E-01
   1969.17   2.2784E+01  -3.9716E+00  -1.3109E+01   2.0518E+00   5.8841E-01  -2.9740E+00   1.6790E-01   4.8150E-02   4.8673E-01
   1969.25   2.2983E+01  -3.9137E+00  -1.2959E+01   2.2063E+00   6.3226E-01  -3.1981E+00   1.8054E-01   5.1738E-02   5.2340E-01
   1969.33   2.3166E+01  -3.8618E+00  -1.2844E+01   2.3408E+00   6.7041E-01  -3.3931E+00   1.9155E-01   5.4860E-02   5.5531E-01
   1969.42   2.3332E+01  -3.8161E+00  -1.2765E+01   2.4553E+00   7.0285E-01  -3.5590E+00   2.0091E-01   5.7514E-02   5.8247E-01
   1969.50   2.3483E+01  -3.7766E+00  -1.2722E+01   2.5497E+00   7.2959E-01  -3.6959E+00   2.0864E-01   5.9702E-02   6.0488E-01
   1969.58   2.3618E+01  -3.7432E+00  -1.2714E+01   2.6241E+00   7.5062E-01  -3.8038E+00   2.1473E-01   6.1424E-02   6.2254E-01
   1969.67   2.3737E+01  -3.7160E+00  -1.2742E+01   2.6784E+00   7.6595E-01  -3.8827E+00   2.1918E-01   6.2678E-02   6.3544E-01
   1969.75   2.3839E+01  -3.6949E+00  -1.2806E+01   2.7127E+00   7.7558E-01  -3.9325E+00   2.2199E-01   6.3466E-02   6.4359E-01
   1969.83   2.3926E+01  -3.6800E+00  -1.2905E+01   2.7270E+00   7.7950E-01  -3.9532E+00   2.2315E-01   6.3787E-02   6.4698E-01
   1969.92   2.3997E+01  -3.6712E+00  -1.3040E+01   2.7213E+00   7.7772E-01  -3.9449E+00   2.2268E-01   6.3641E-02   6.4563E-01
   1970.00   2.4052E+01  -3.6686E+00  -1.3210E+01   2.6955E+00   7.7024E-01  -3.9076E+00   2.2057E-01   6.3029E-02   6.3952E-01
   1970.08   2.4095E+01  -3.6804E+00  -1.3399E+01   2.6531E+00   7.5807E-01  -3.8462E+00   2.1711E-01   6.2033E-02   6.2947E-01
   1970.17   2.4129E+01  -3.7150E+00  -1.3590E+01   2.5976E+00   7.4221E-01  -3.7657E+00   2.1256E-01   6.0735E-02   6.1630E-01
   1970.25   2.4156E+01  -3.7723E+00  -1.3784E+01   2.5289E+00   7.2268E-01  -3.6662E+00   2.0694E-01   5.9137E-02   6.0001E-01
   1970.33   2.4175E+01  -3.8524E+00  -1.3979E+01   2.4470E+00   6.9947E-01  -3.5476E+00   2.0024E-01   5.7238E-02   5.8060E-01
   1970.42   2.4185E+01  -3.9553E+00  -1.4177E+01   2.3520E+00   6.7257E-01  -3.4099E+00   1.9247E-01   5.5037E-02   5.5806E-01
   1970.50   2.4187E+01  -4.0809E+00  -1.4377E+01   2.2438E+00   6.4200E-01  -3.2531E+00   1.8361E-01   5.2535E-02   5.3241E-01
   1970.58   2.4181E+01  -4.2293E+00  -1.4579E+01   2.1225E+00   6.0775E-01  -3.0773E+00   1.7368E-01   4.9732E-02   5.0363E-01
   1970.67   2.4167E+01  -4.4004E+00  -1.4784E+01   1.9880E+00   5.6982E-01  -2.8824E+00   1.6268E-01   4.6629E-02   4.7173E-01
   1970.75   2.4145E+01  -4.5943E+00  -1.4990E+01   1.8403E+00   5.2821E-01  -2.6684E+00   1.5060E-01   4.3224E-02   4.3671E-01
   1970.83   2.4115E+01  -4.8110E+00  -1.5199E+01   1.6795E+00   4.8292E-01  -2.4353E+00   1.3744E-01   3.9517E-02   3.9856E-01
   1970.92   2.4077E+01  -5.0504E+00  -1.5410E+01   1.5055E+00   4.3395E-01  -2.1832E+00   1.2320E-01   3.5510E-02   3.5730E-01
   1971.00   2.4031E+01  -5.3125E+00  -1.5623E+01   1.3184E+00   3.8130E-01  -1.9119E+00   1.0789E-01   3.1202E-02   3.1291E-01
   1971.08   2.3976E+01  -5.5975E+00  -1.5838E+01   1.1181E+00   3.2497E-01  -1.6216E+00   9.1495E-02   2.6593E-02   2.6540E-01
   1971.17   2.3914E+01  -5.9052E+00  -1.6055E+01   9.0465E-01   2.6497E-01  -1.3123E+00   7.4028E-02   2.1682E-02   2.1477E-01
   1971.25   2.3843E+01  -6.2356E+00  -1.6275E+01   6.7804E-01   2.0128E-01  -9.8384E-01   5.5484E-02   1.6471E-02   1.6102E-01
   1971.33   2.3764E+01  -6.5888E+00  -1.6497E+01   4.3826E-01   1.3391E-01  -6.3632E-01   3.5863E-02   1.0958E-02   1.0414E-01
   1971.42   2.3677E+01  -6.9647E+00  -1.6720E+01   1.8532E-01   6.2869E-02  -2.6972E-01   1.5165E-02   5.1446E-03   4.4143E-02
   1971.50   2.3582E+01  -7.3635E+00  -1.6946E+01  -8.0778E-02  -1.1856E-02   1.1594E-01  -6.6101E-03  -9.7018E-04  -1.8976E-02
   1971.58   2.3479E+01  -7.7849E+00  -1.7175E+01  -3.6004E-01  -9.0260E-02   5.2069E-01  -2.9462E-02  -7.3860E-03  -8.5216E-02
   1971.67   2.3368E+01  -8.2292E+00  -1.7405E+01  -6.5245E-01  -1.7234E-01   9.4451E-01  -5.3390E-02  -1.4103E-02  -1.5458E-01
   1971.75   2.3249E+01  -8.6962E+00  -1.7638E+01  -9.5803E-01  -2.5811E-01   1.3874E+00  -7.8396E-02  -2.1121E-02  -2.2706E-01
   1971.83   2.3121E+01  -9.1859E+00  -1.7872E+01  -1.2768E+00  -3.4755E-01   1.8494E+00  -1.0448E-01  -2.8440E-02  -3.0267E-01
   1971.92   2.2986E+01  -9.6984E+00  -1.8109E+01  -1.6087E+00  -4.4067E-01   2.3304E+00  -1.3164E-01  -3.6060E-02  -3.8140E-01
   1972.00   2.2842E+01  -1.0234E+01  -1.8348E+01  -1.9537E+00  -5.3747E-01   2.8305E+00  -1.5987E-01  -4.3982E-02  -4.6325E-01
   1972.08   2.2698E+01  -1.0777E+01  -1.8578E+01  -2.2863E+00  -6.3079E-01   3.3126E+00  -1.8709E-01  -5.1618E-02  -5.4215E-01
   1972.17   2.2561E+01  -1.1315E+01  -1.8786E+01  -2.5809E+00  -7.1345E-01   3.7396E+00  -2.1120E-01  -5.8382E-02  -6.1202E-01
   1972.25   2.2431E+01  -1.1848E+01  -1.8973E+01  -2.8374E+00  -7.8547E-01   4.1113E+00  -2.3219E-01  -6.4275E-02  -6.7286E-01
   1972.33   2.2308E+01  -1.2374E+01  -1.9139E+01  -3.0559E+00  -8.4683E-01   4.4280E+00  -2.5006E-01  -6.9297E-02  -7.2468E-01
   1972.42   2.2192E+01  -1.2895E+01  -1.9284E+01  -3.2363E+00  -8.9755E-01   4.6894E+00  -2.6482E-01  -7.3446E-02  -7.6748E-01
   1972.50   2.2083E+01  -1.3410E+01  -1.9408E+01  -3.3786E+00  -9.3761E-01   4.8958E+00  -2.7647E-01  -7.6725E-02  -8.0124E-01
   1972.58   2.1981E+01  -1.3919E+01  -1.9510E+01  -3.4829E+00  -9.6702E-01   5.0469E+00  -2.8501E-01  -7.9131E-02  -8.2598E-01
   1972.67   2.1887E+01  -1.4423E+01  -1.9591E+01  -3.5492E+00  -9.8578E-01   5.1429E+00  -2.9043E-01  -8.0667E-02  -8.4170E-01
   1972.75   2.1799E+01  -1.4920E+01  -1.9651E+01  -3.5774E+00  -9.9389E-01   5.1838E+00  -2.9274E-01  -8.1330E-02  -8.4839E-01
   1972.83   2.1719E+01  -1.5412E+01  -1.9690E+01  -3.5675E+00  -9.9135E-01   5.1695E+00  -2.9193E-01  -8.1122E-02  -8.4605E-01
   1972.92   2.1645E+01  -1.5898E+01  -1.9708E+01  -3.5196E+00  -9.7816E-01   5.1001E+00  -2.8801E-01  -8.0043E-02  -8.3468E-01
   1973.00   2.1579E+01  -1.6379E+01  -1.9704E+01  -3.4336E+00  -9.5431E-01   4.9755E+00  -2.8098E-01  -7.8092E-02  -8.1429E-01
   1973.08   2.1520E+01  -1.6854E+01  -1.9680E+01  -3.3096E+00  -9.1982E-01   4.7957E+00  -2.7083E-01  -7.5269E-02  -7.8487E-01
   1973.17   2.1467E+01  -1.7322E+01  -1.9634E+01  -3.1476E+00  -8.7468E-01   4.5608E+00  -2.5757E-01  -7.1575E-02  -7.4643E-01
   1973.25   2.1422E+01  -1.7786E+01  -1.9567E+01  -2.9475E+00  -8.1888E-01   4.2708E+00  -2.4119E-01  -6.7009E-02  -6.9896E-01
   1973.33   2.1384E+01  -1.8243E+01  -1.9478E+01  -2.7093E+00  -7.5243E-01   3.9256E+00  -2.2170E-01  -6.1572E-02  -6.4247E-01
   1973.42   2.1353E+01  -1.8695E+01  -1.9369E+01  -2.4331E+00  -6.7534E-01   3.5252E+00  -1.9910E-01  -5.5263E-02  -5.7694E-01
   1973.50   2.1329E+01  -1.9141E+01  -1.9238E+01  -2.1188E+00  -5.8759E-01   3.0697E+00  -1.7338E-01  -4.8083E-02  -5.0239E-01
   1973.58   2.1313E+01  -1.9581E+01  -1.9086E+01  -1.7665E+00  -4.8919E-01   2.5591E+00  -1.4455E-01  -4.0031E-02  -4.1882E-01
   1973.67   2.1303E+01  -2.0015E+01  -1.8913E+01  -1.3761E+00  -3.8014E-01   1.9933E+00  -1.1261E-01  -3.1107E-02  -3.2622E-01
   1973.75   2.1300E+01  -2.0444E+01  -1.8719E+01  -9.4768E-01  -2.6044E-01   1.3723E+00  -7.7549E-02  -2.1312E-02  -2.2459E-01
   1973.83   2.1305E+01  -2.0867E+01  -1.8503E+01  -4.8120E-01  -1.3009E-01   6.9618E-01  -3.9377E-02  -1.0646E-02  -1.1394E-01
   1973.92   2.1316E+01  -2.1284E+01  -1.8267E+01   2.3325E-02   1.0907E-02  -3.5084E-02   1.9087E-03   8.9254E-04   5.7418E-03
   1974.00   2.1335E+01  -2.1695E+01  -1.8009E+01   5.6591E-01   1.6256E-01  -8.2150E-01   4.6308E-02   1.3302E-02   1.3445E-01
   1974.08   2.1347E+01  -2.2104E+01  -1.7762E+01   1.1038E+00   3.1292E-01  -1.6011E+00   9.0323E-02   2.5606E-02   2.6204E-01
   1974.17   2.1339E+01  -2.2515E+01  -1.7560E+01   1.5942E+00   4.5004E-01  -2.3119E+00   1.3045E-01   3.6827E-02   3.7837E-01
   1974.25   2.1311E+01  -2.2928E+01  -1.7401E+01   2.0371E+00   5.7393E-01  -2.9539E+00   1.6670E-01   4.6965E-02   4.8344E-01
   1974.33   2.1262E+01  -2.3342E+01  -1.7287E+01   2.4326E+00   6.8459E-01  -3.5272E+00   1.9906E-01   5.6020E-02   5.7726E-01
   1974.42   2.1194E+01  -2.3757E+01  -1.7216E+01   2.7806E+00   7.8200E-01  -4.0316E+00   2.2754E-01   6.3992E-02   6.5982E-01
   1974.50   2.1105E+01  -2.4175E+01  -1.7190E+01   3.0811E+00   8.6619E-01  -4.4673E+00   2.5213E-01   7.0880E-02   7.3112E-01
   1974.58   2.0996E+01  -2.4594E+01  -1.7207E+01   3.3342E+00   9.3714E-01  -4.8342E+00   2.7284E-01   7.6686E-02   7.9116E-01
   1974.67   2.0868E+01  -2.5014E+01  -1.7268E+01   3.5398E+00   9.9485E-01  -5.1322E+00   2.8967E-01   8.1409E-02   8.3995E-01
   1974.75   2.0719E+01  -2.5436E+01  -1.7373E+01   3.6980E+00   1.0393E+00  -5.3615E+00   3.0261E-01   8.5048E-02   8.7747E-01
   1974.83   2.0550E+01  -2.5860E+01  -1.7523E+01   3.8087E+00   1.0706E+00  -5.5220E+00   3.1166E-01   8.7605E-02   9.0374E-01
   1974.92   2.0360E+01  -2.6285E+01  -1.7716E+01   3.8719E+00   1.0886E+00  -5.6138E+00   3.1684E-01   8.9079E-02   9.1875E-01
   1975.00   2.0151E+01  -2.6712E+01  -1.7953E+01   3.8876E+00   1.0933E+00  -5.6367E+00   3.1812E-01   8.9469E-02   9.2250E-01
   1975.08   1.9922E+01  -2.7141E+01  -1.8234E+01   3.8559E+00   1.0849E+00  -5.5908E+00   3.1553E-01   8.8776E-02   9.1500E-01
   1975.17   1.9672E+01  -2.7571E+01  -1.8559E+01   3.7767E+00   1.0632E+00  -5.4762E+00   3.0905E-01   8.7001E-02   8.9623E-01
   1975.25   1.9402E+01  -2.8002E+01  -1.8928E+01   3.6500E+00   1.0283E+00  -5.2927E+00   2.9868E-01   8.4142E-02   8.6621E-01
   1975.33   1.9112E+01  -2.8436E+01  -1.9341E+01   3.4759E+00   9.8008E-01  -5.0405E+00   2.8444E-01   8.0200E-02   8.2493E-01
   1975.42   1.8802E+01  -2.8871E+01  -1.9798E+01   3.2543E+00   9.1868E-01  -4.7195E+00   2.6630E-01   7.5176E-02   7.7239E-01
   1975.50   1.8472E+01  -2.9307E+01  -2.0299E+01   2.9853E+00   8.4404E-01  -4.3297E+00   2.4429E-01   6.9068E-02   7.0860E-01
   1975.58   1.8122E+01  -2.9745E+01  -2.0844E+01   2.6687E+00   7.5616E-01  -3.8711E+00   2.1838E-01   6.1877E-02   6.3355E-01
   1975.67   1.7752E+01  -3.0185E+01  -2.1432E+01   2.3048E+00   6.5505E-01  -3.3437E+00   1.8860E-01   5.3603E-02   5.4723E-01
   1975.75   1.7361E+01  -3.0626E+01  -2.2065E+01   1.8933E+00   5.4070E-01  -2.7475E+00   1.5493E-01   4.4246E-02   4.4966E-01
   1975.83   1.6950E+01  -3.1069E+01  -2.2742E+01   1.4344E+00   4.1312E-01  -2.0826E+00   1.1738E-01   3.3806E-02   3.4084E-01
   1975.92   1.6520E+01  -3.1514E+01  -2.3463E+01   9.2800E-01   2.7231E-01  -1.3488E+00   7.5938E-02   2.2283E-02   2.2075E-01
   1976.00   1.6069E+01  -3.1960E+01  -2.4227E+01   3.7414E-01   1.1826E-01  -5.4630E-01   3.0616E-02   9.6769E-03   8.9408E-02
   1976.08   1.5619E+01  -3.2399E+01  -2.4991E+01  -1.8105E-01  -3.6199E-02   2.5819E-01  -1.4816E-02  -2.9622E-03  -4.2255E-02
   1976.17   1.5190E+01  -3.2821E+01  -2.5708E+01  -6.9146E-01  -1.7822E-01   9.9779E-01  -5.6583E-02  -1.4584E-02  -1.6330E-01
   1976.25   1.4783E+01  -3.3227E+01  -2.6378E+01  -1.1571E+00  -3.0782E-01   1.6725E+00  -9.4685E-02  -2.5189E-02  -2.7372E-01
   1976.33   1.4398E+01  -3.3617E+01  -2.7002E+01  -1.5779E+00  -4.2499E-01   2.2823E+00  -1.2912E-01  -3.4777E-02  -3.7353E-01
   1976.42   1.4035E+01  -3.3990E+01  -2.7579E+01  -1.9540E+00  -5.2972E-01   2.8273E+00  -1.5990E-01  -4.3347E-02  -4.6271E-01
   1976.50   1.3693E+01  -3.4346E+01  -2.8110E+01  -2.2853E+00  -6.2203E-01   3.3073E+00  -1.8700E-01  -5.0901E-02  -5.4128E-01
   1976.58   1.3373E+01  -3.4687E+01  -2.8595E+01  -2.5718E+00  -7.0191E-01   3.7225E+00  -2.1045E-01  -5.7437E-02  -6.0923E-01
   1976.67   1.3075E+01  -3.5010E+01  -2.9033E+01  -2.8135E+00  -7.6936E-01   4.0728E+00  -2.3023E-01  -6.2957E-02  -6.6656E-01
   1976.75   1.2798E+01  -3.5318E+01  -2.9424E+01  -3.0104E+00  -8.2437E-01   4.3582E+00  -2.4634E-01  -6.7459E-02  -7.1326E-01
   1976.83   1.2543E+01  -3.5609E+01  -2.9769E+01  -3.1625E+00  -8.6696E-01   4.5787E+00  -2.5879E-01  -7.0944E-02  -7.4935E-01
   1976.92   1.2309E+01  -3.5883E+01  -3.0068E+01  -3.2699E+00  -8.9712E-01   4.7343E+00  -2.6758E-01  -7.3412E-02  -7.7482E-01
   1977.00   1.2097E+01  -3.6141E+01  -3.0320E+01  -3.3325E+00  -9.1485E-01   4.8251E+00  -2.7270E-01  -7.4863E-02  -7.8967E-01
   1977.08   1.1907E+01  -3.6383E+01  -3.0525E+01  -3.3502E+00  -9.2016E-01   4.8509E+00  -2.7415E-01  -7.5297E-02  -7.9390E-01
   1977.17   1.1739E+01  -3.6608E+01  -3.0684E+01  -3.3232E+00  -9.1303E-01   4.8119E+00  -2.7194E-01  -7.4713E-02  -7.8752E-01
   1977.25   1.1592E+01  -3.6817E+01  -3.0796E+01  -3.2515E+00  -8.9347E-01   4.7080E+00  -2.6607E-01  -7.3113E-02  -7.7051E-01
   1977.33   1.1467E+01  -3.7010E+01  -3.0862E+01  -3.1349E+00  -8.6148E-01   4.5392E+00  -2.5653E-01  -7.0495E-02  -7.4288E-01
   1977.42   1.1363E+01  -3.7186E+01  -3.0882E+01  -2.9735E+00  -8.1707E-01   4.3055E+00  -2.4333E-01  -6.6861E-02  -7.0464E-01
   1977.50   1.1281E+01  -3.7345E+01  -3.0855E+01  -2.7674E+00  -7.6022E-01   4.0069E+00  -2.2646E-01  -6.2209E-02  -6.5577E-01
   1977.58   1.1221E+01  -3.7488E+01  -3.0782E+01  -2.5165E+00  -6.9094E-01   3.6434E+00  -2.0593E-01  -5.6540E-02  -5.9629E-01
   1977.67   1.1183E+01  -3.7615E+01  -3.0662E+01  -2.2208E+00  -6.0924E-01   3.2151E+00  -1.8173E-01  -4.9854E-02  -5.2618E-01
   1977.75   1.1166E+01  -3.7725E+01  -3.0495E+01  -1.8803E+00  -5.1510E-01   2.7219E+00  -1.5387E-01  -4.2151E-02  -4.4546E-01
   1977.83   1.1171E+01  -3.7819E+01  -3.0282E+01  -1.4950E+00  -4.0854E-01   2.1637E+00  -1.2234E-01  -3.3431E-02  -3.5412E-01
   1977.92   1.1197E+01  -3.7897E+01  -3.0023E+01  -1.0650E+00  -2.8955E-01   1.5407E+00  -8.7148E-02  -2.3694E-02  -2.5216E-01
   1978.00   1.1245E+01  -3.7958E+01  -2.9717E+01  -5.9015E-01  -1.5812E-01   8.5283E-01  -4.8292E-02  -1.2939E-02  -1.3958E-01
   1978.08   1.1300E+01  -3.8006E+01  -2.9405E+01  -1.1414E-01  -2.6335E-02   1.6323E-01  -9.3404E-03  -2.1550E-03  -2.6714E-02
   1978.17   1.1346E+01  -3.8045E+01  -2.9126E+01   3.1942E-01   9.3758E-02  -4.6493E-01   2.6138E-02   7.6723E-03   7.6091E-02
   1978.25   1.1384E+01  -3.8075E+01  -2.8881E+01   7.1054E-01   2.0215E-01  -1.0316E+00   5.8144E-02   1.6542E-02   1.6884E-01
   1978.33   1.1413E+01  -3.8096E+01  -2.8670E+01   1.0592E+00   2.9885E-01  -1.5369E+00   8.6676E-02   2.4455E-02   2.5153E-01
   1978.42   1.1433E+01  -3.8108E+01  -2.8493E+01   1.3654E+00   3.8386E-01  -1.9807E+00   1.1173E-01   3.1411E-02   3.2416E-01
   1978.50   1.1445E+01  -3.8110E+01  -2.8350E+01   1.6292E+00   4.5716E-01  -2.3630E+00   1.3332E-01   3.7410E-02   3.8673E-01
   1978.58   1.1449E+01  -3.8103E+01  -2.8240E+01   1.8506E+00   5.1877E-01  -2.6839E+00   1.5143E-01   4.2451E-02   4.3925E-01
   1978.67   1.1444E+01  -3.8088E+01  -2.8164E+01   2.0295E+00   5.6869E-01  -2.9433E+00   1.6607E-01   4.6536E-02   4.8171E-01
   1978.75   1.1430E+01  -3.8062E+01  -2.8122E+01   2.1659E+00   6.0690E-01  -3.1413E+00   1.7724E-01   4.9663E-02   5.1411E-01
   1978.83   1.1408E+01  -3.8028E+01  -2.8114E+01   2.2599E+00   6.3342E-01  -3.2778E+00   1.8493E-01   5.1833E-02   5.3645E-01
   1978.92   1.1377E+01  -3.7985E+01  -2.8139E+01   2.3115E+00   6.4824E-01  -3.3529E+00   1.8915E-01   5.3046E-02   5.4874E-01
   1979.00   1.1337E+01  -3.7932E+01  -2.8198E+01   2.3206E+00   6.5137E-01  -3.3665E+00   1.8990E-01   5.3302E-02   5.5096E-01
   1979.08   1.1290E+01  -3.7871E+01  -2.8291E+01   2.2873E+00   6.4280E-01  -3.3187E+00   1.8717E-01   5.2601E-02   5.4313E-01
   1979.17   1.1233E+01  -3.7800E+01  -2.8418E+01   2.2115E+00   6.2253E-01  -3.2094E+00   1.8097E-01   5.0942E-02   5.2525E-01
   1979.25   1.1168E+01  -3.7720E+01  -2.8579E+01   2.0933E+00   5.9057E-01  -3.0386E+00   1.7130E-01   4.8327E-02   4.9730E-01
   1979.33   1.1094E+01  -3.7630E+01  -2.8773E+01   1.9327E+00   5.4691E-01  -2.8064E+00   1.5815E-01   4.4754E-02   4.5930E-01
   1979.42   1.1012E+01  -3.7532E+01  -2.9001E+01   1.7296E+00   4.9155E-01  -2.5128E+00   1.4153E-01   4.0224E-02   4.1124E-01
   1979.50   1.0922E+01  -3.7424E+01  -2.9263E+01   1.4840E+00   4.2450E-01  -2.1576E+00   1.2144E-01   3.4737E-02   3.5312E-01
   1979.58   1.0822E+01  -3.7308E+01  -2.9559E+01   1.1960E+00   3.4575E-01  -1.7411E+00   9.7871E-02   2.8293E-02   2.8495E-01
   1979.67   1.0715E+01  -3.7182E+01  -2.9888E+01   8.6560E-01   2.5531E-01  -1.2631E+00   7.0832E-02   2.0892E-02   2.0671E-01
   1979.75   1.0598E+01  -3.7047E+01  -3.0251E+01   4.9272E-01   1.5316E-01  -7.2359E-01   4.0319E-02   1.2533E-02   1.1842E-01
   1979.83   1.0473E+01  -3.6903E+01  -3.0648E+01   7.7399E-02   3.9323E-02  -1.2266E-01   6.3336E-03   3.2178E-03   2.0075E-02
   1979.92   1.0340E+01  -3.6749E+01  -3.1079E+01  -3.8037E-01  -8.6213E-02   5.3972E-01  -3.1126E-02  -7.0548E-03  -8.8331E-02
   1980.00   1.0198E+01  -3.6587E+01  -3.1543E+01  -8.8058E-01  -2.2345E-01   1.2636E+00  -7.2058E-02  -1.8285E-02  -2.0679E-01
   1980.08   1.0060E+01  -3.6419E+01  -3.2015E+01  -1.3826E+00  -3.6120E-01   1.9900E+00  -1.1314E-01  -2.9557E-02  -3.2569E-01
   1980.17   9.9385E+00  -3.6252E+01  -3.2467E+01  -1.8458E+00  -4.8832E-01   2.6603E+00  -1.5104E-01  -3.9959E-02  -4.3539E-01
   1980.25   9.8340E+00  -3.6084E+01  -3.2900E+01  -2.2702E+00  -6.0478E-01   3.2745E+00  -1.8577E-01  -4.9490E-02  -5.3590E-01
   1980.33   9.7461E+00  -3.5916E+01  -3.3314E+01  -2.6558E+00  -7.1061E-01   3.8324E+00  -2.1733E-01  -5.8149E-02  -6.2722E-01
   1980.42   9.6749E+00  -3.5747E+01  -3.3708E+01  -3.0026E+00  -8.0578E-01   4.3342E+00  -2.4571E-01  -6.5937E-02  -7.0934E-01
   1980.50   9.6204E+00  -3.5578E+01  -3.4083E+01  -3.3106E+00  -8.9031E-01   4.7798E+00  -2.7091E-01  -7.2855E-02  -7.8227E-01
   1980.58   9.5826E+00  -3.5409E+01  -3.4438E+01  -3.5798E+00  -9.6420E-01   5.1693E+00  -2.9293E-01  -7.8901E-02  -8.4600E-01
   1980.67   9.5614E+00  -3.5240E+01  -3.4774E+01  -3.8101E+00  -1.0274E+00   5.5025E+00  -3.1179E-01  -8.4076E-02  -9.0055E-01
   1980.75   9.5570E+00  -3.5070E+01  -3.5091E+01  -4.0017E+00  -1.0800E+00   5.7796E+00  -3.2746E-01  -8.8379E-02  -9.4590E-01
   1980.83   9.5692E+00  -3.4900E+01  -3.5388E+01  -4.1544E+00  -1.1220E+00   6.0005E+00  -3.3996E-01  -9.1812E-02  -9.8205E-01
   1980.92   9.5982E+00  -3.4729E+01  -3.5666E+01  -4.2684E+00  -1.1533E+00   6.1653E+00  -3.4928E-01  -9.4374E-02  -1.0090E+00
   1981.00   9.6438E+00  -3.4559E+01  -3.5925E+01  -4.3435E+00  -1.1739E+00   6.2739E+00  -3.5543E-01  -9.6064E-02  -1.0268E+00
   1981.08   9.7061E+00  -3.4388E+01  -3.6164E+01  -4.3798E+00  -1.1840E+00   6.3263E+00  -3.5840E-01  -9.6883E-02  -1.0354E+00
   1981.17   9.7851E+00  -3.4216E+01  -3.6384E+01  -4.3774E+00  -1.1833E+00   6.3225E+00  -3.5820E-01  -9.6832E-02  -1.0347E+00
   1981.25   9.8808E+00  -3.4045E+01  -3.6584E+01  -4.3361E+00  -1.1720E+00   6.2625E+00  -3.5482E-01  -9.5909E-02  -1.0249E+00
   1981.33   9.9931E+00  -3.3873E+01  -3.6765E+01  -4.2559E+00  -1.1501E+00   6.1464E+00  -3.4827E-01  -9.4114E-02  -1.0059E+00
   1981.42   1.0122E+01  -3.3701E+01  -3.6927E+01  -4.1370E+00  -1.1175E+00   5.9741E+00  -3.3854E-01  -9.1449E-02  -9.7773E-01
   1981.50   1.0268E+01  -3.3528E+01  -3.7069E+01  -3.9793E+00  -1.0743E+00   5.7457E+00  -3.2563E-01  -8.7913E-02  -9.4034E-01
   1981.58   1.0430E+01  -3.3355E+01  -3.7192E+01  -3.7828E+00  -1.0205E+00   5.4610E+00  -3.0955E-01  -8.3505E-02  -8.9376E-01
   1981.67   1.0610E+01  -3.3182E+01  -3.7296E+01  -3.5474E+00  -9.5596E-01   5.1202E+00  -2.9029E-01  -7.8227E-02  -8.3798E-01
   1981.75   1.0805E+01  -3.3009E+01  -3.7380E+01  -3.2733E+00  -8.8081E-01   4.7232E+00  -2.6785E-01  -7.2077E-02  -7.7301E-01
   1981.83   1.1018E+01  -3.2835E+01  -3.7445E+01  -2.9603E+00  -7.9501E-01   4.2701E+00  -2.4225E-01  -6.5056E-02  -6.9884E-01
   1981.92   1.1247E+01  -3.2661E+01  -3.7490E+01  -2.6086E+00  -6.9857E-01   3.7607E+00  -2.1346E-01  -5.7164E-02  -6.1549E-01
   1982.00   1.1493E+01  -3.2486E+01  -3.7516E+01  -2.2180E+00  -5.9148E-01   3.1952E+00  -1.8150E-01  -4.8401E-02  -5.2294E-01
   1982.08   1.1736E+01  -3.2315E+01  -3.7542E+01  -1.8160E+00  -4.8128E-01   2.6132E+00  -1.4860E-01  -3.9383E-02  -4.2769E-01
   1982.17   1.1959E+01  -3.2151E+01  -3.7585E+01  -1.4300E+00  -3.7549E-01   2.0544E+00  -1.1702E-01  -3.0726E-02  -3.3623E-01
   1982.25   1.2159E+01  -3.1993E+01  -3.7647E+01  -1.0599E+00  -2.7411E-01   1.5187E+00  -8.6736E-02  -2.2431E-02  -2.4856E-01
   1982.33   1.2339E+01  -3.1842E+01  -3.7727E+01  -7.0589E-01  -1.7715E-01   1.0062E+00  -5.7763E-02  -1.4497E-02  -1.6468E-01
   1982.42   1.2497E+01  -3.1697E+01  -3.7825E+01  -3.6781E-01  -8.4608E-02   5.1691E-01  -3.0098E-02  -6.9235E-03  -8.4597E-02
   1982.50   1.2633E+01  -3.1559E+01  -3.7942E+01  -4.5709E-02   3.5233E-03   5.0743E-02  -3.7404E-03   2.8831E-04  -8.3046E-03
   1982.58   1.2748E+01  -3.1428E+01  -3.8076E+01   2.6041E-01   8.7240E-02  -3.9225E-01   2.1310E-02   7.1389E-03   6.4197E-02
   1982.67   1.2842E+01  -3.1303E+01  -3.8229E+01   5.5056E-01   1.6654E-01  -8.1208E-01   4.5053E-02   1.3628E-02   1.3291E-01
   1982.75   1.2914E+01  -3.1186E+01  -3.8400E+01   8.2473E-01   2.4143E-01  -1.2087E+00   6.7488E-02   1.9756E-02   1.9782E-01
   1982.83   1.2965E+01  -3.1074E+01  -3.8589E+01   1.0829E+00   3.1190E-01  -1.5822E+00   8.8615E-02   2.5523E-02   2.5895E-01
   1982.92   1.2995E+01  -3.0970E+01  -3.8796E+01   1.3251E+00   3.7796E-01  -1.9326E+00   1.0844E-01   3.0929E-02   3.1628E-01
   1983.00   1.3003E+01  -3.0872E+01  -3.9021E+01   1.5514E+00   4.3960E-01  -2.2597E+00   1.2695E-01   3.5973E-02   3.6983E-01
   1983.08   1.2989E+01  -3.0781E+01  -3.9265E+01   1.7616E+00   4.9683E-01  -2.5637E+00   1.4415E-01   4.0656E-02   4.1958E-01
   1983.17   1.2955E+01  -3.0696E+01  -3.9527E+01   1.9559E+00   5.4965E-01  -2.8445E+00   1.6005E-01   4.4978E-02   4.6554E-01
   1983.25   1.2898E+01  -3.0618E+01  -3.9807E+01   2.1342E+00   5.9804E-01  -3.1022E+00   1.7464E-01   4.8938E-02   5.0771E-01
   1983.33   1.2821E+01  -3.0547E+01  -4.0105E+01   2.2965E+00   6.4203E-01  -3.3367E+00   1.8792E-01   5.2538E-02   5.4608E-01
   1983.42   1.2722E+01  -3.0482E+01  -4.0421E+01   2.4429E+00   6.8160E-01  -3.5480E+00   1.9990E-01   5.5776E-02   5.8067E-01
   1983.50   1.2602E+01  -3.0425E+01  -4.0755E+01   2.5732E+00   7.1676E-01  -3.7361E+00   2.1057E-01   5.8652E-02   6.1146E-01
   1983.58   1.2460E+01  -3.0373E+01  -4.1108E+01   2.6876E+00   7.4750E-01  -3.9011E+00   2.1993E-01   6.1168E-02   6.3846E-01
   1983.67   1.2297E+01  -3.0329E+01  -4.1479E+01   2.7860E+00   7.7382E-01  -4.0429E+00   2.2798E-01   6.3322E-02   6.6167E-01
   1983.75   1.2112E+01  -3.0291E+01  -4.1868E+01   2.8685E+00   7.9573E-01  -4.1616E+00   2.3473E-01   6.5115E-02   6.8109E-01
   1983.83   1.1906E+01  -3.0260E+01  -4.2275E+01   2.9349E+00   8.1323E-01  -4.2571E+00   2.4016E-01   6.6547E-02   6.9671E-01
   1983.92   1.1679E+01  -3.0235E+01  -4.2700E+01   2.9854E+00   8.2631E-01  -4.3294E+00   2.4430E-01   6.7618E-02   7.0855E-01
   1984.00   1.1430E+01  -3.0217E+01  -4.3144E+01   3.0199E+00   8.3498E-01  -4.3785E+00   2.4712E-01   6.8327E-02   7.1659E-01
   1984.08   1.1176E+01  -3.0207E+01  -4.3591E+01   3.0458E+00   8.4129E-01  -4.4152E+00   2.4924E-01   6.8843E-02   7.2260E-01
   1984.17   1.0933E+01  -3.0204E+01  -4.4028E+01   3.0706E+00   8.4728E-01  -4.4503E+00   2.5127E-01   6.9334E-02   7.2833E-01
   1984.25   1.0701E+01  -3.0210E+01  -4.4455E+01   3.0942E+00   8.5297E-01  -4.4836E+00   2.5320E-01   6.9799E-02   7.3379E-01
   1984.33   1.0480E+01  -3.0224E+01  -4.4871E+01   3.1166E+00   8.5835E-01  -4.5153E+00   2.5503E-01   7.0239E-02   7.3898E-01
   1984.42   1.0269E+01  -3.0246E+01  -4.5277E+01   3.1379E+00   8.6342E-01  -4.5453E+00   2.5677E-01   7.0654E-02   7.4389E-01
   1984.50   1.0070E+01  -3.0276E+01  -4.5672E+01   3.1579E+00   8.6817E-01  -4.5736E+00   2.5842E-01   7.1043E-02   7.4853E-01
   1984.58   9.8812E+00  -3.0314E+01  -4.6057E+01   3.1769E+00   8.7262E-01  -4.6003E+00   2.5997E-01   7.1407E-02   7.5289E-01
   1984.67   9.7035E+00  -3.0360E+01  -4.6432E+01   3.1946E+00   8.7676E-01  -4.6253E+00   2.6142E-01   7.1746E-02   7.5698E-01
   1984.75   9.5368E+00  -3.0415E+01  -4.6796E+01   3.2112E+00   8.8059E-01  -4.6486E+00   2.6278E-01   7.2059E-02   7.6079E-01
   1984.83   9.3810E+00  -3.0477E+01  -4.7150E+01   3.2267E+00   8.8411E-01  -4.6702E+00   2.6404E-01   7.2347E-02   7.6433E-01
   1984.92   9.2361E+00  -3.0548E+01  -4.7494E+01   3.2409E+00   8.8732E-01  -4.6901E+00   2.6521E-01   7.2609E-02   7.6759E-01
   1985.00   9.1021E+00  -3.0627E+01  -4.7827E+01   3.2540E+00   8.9022E-01  -4.7084E+00   2.6628E-01   7.2847E-02   7.7058E-01
   1985.08   8.9791E+00  -3.0714E+01  -4.8150E+01   3.2660E+00   8.9281E-01  -4.7250E+00   2.6726E-01   7.3059E-02   7.7329E-01
   1985.17   8.8669E+00  -3.0809E+01  -4.8462E+01   3.2767E+00   8.9509E-01  -4.7399E+00   2.6814E-01   7.3245E-02   7.7573E-01
   1985.25   8.7657E+00  -3.0912E+01  -4.8764E+01   3.2863E+00   8.9706E-01  -4.7531E+00   2.6892E-01   7.3407E-02   7.7789E-01
   1985.33   8.6753E+00  -3.1023E+01  -4.9056E+01   3.2948E+00   8.9872E-01  -4.7646E+00   2.6961E-01   7.3543E-02   7.7978E-01
   1985.42   8.5959E+00  -3.1142E+01  -4.9337E+01   3.3020E+00   9.0007E-01  -4.7745E+00   2.7021E-01   7.3653E-02   7.8140E-01
   1985.50   8.5274E+00  -3.1270E+01  -4.9608E+01   3.3081E+00   9.0111E-01  -4.7827E+00   2.7071E-01   7.3738E-02   7.8274E-01
   1985.58   8.4698E+00  -3.1405E+01  -4.9868E+01   3.3131E+00   9.0185E-01  -4.7892E+00   2.7111E-01   7.3798E-02   7.8381E-01
   1985.67   8.4231E+00  -3.1549E+01  -5.0119E+01   3.3168E+00   9.0227E-01  -4.7940E+00   2.7142E-01   7.3833E-02   7.8460E-01
   1985.75   8.3873E+00  -3.1701E+01  -5.0358E+01   3.3195E+00   9.0238E-01  -4.7972E+00   2.7163E-01   7.3842E-02   7.8511E-01
   1985.83   8.3625E+00  -3.1861E+01  -5.0588E+01   3.3209E+00   9.0218E-01  -4.7987E+00   2.7175E-01   7.3826E-02   7.8535E-01
   1985.92   8.3485E+00  -3.2029E+01  -5.0807E+01   3.3212E+00   9.0168E-01  -4.7985E+00   2.7177E-01   7.3785E-02   7.8532E-01
   1986.00   8.3455E+00  -3.2205E+01  -5.1015E+01   3.3203E+00   9.0086E-01  -4.7966E+00   2.7170E-01   7.3718E-02   7.8501E-01
   1986.08   8.3444E+00  -3.2382E+01  -5.1217E+01   3.3078E+00   8.9700E-01  -4.7781E+00   2.7068E-01   7.3402E-02   7.8199E-01
   1986.17   8.3363E+00  -3.2551E+01  -5.1415E+01   3.2735E+00   8.8735E-01  -4.7281E+00   2.6787E-01   7.2612E-02   7.7381E-01
   1986.25   8.3211E+00  -3.2712E+01  -5.1610E+01   3.2173E+00   8.7191E-01  -4.6466E+00   2.6327E-01   7.1349E-02   7.6047E-01
   1986.33   8.2990E+00  -3.2865E+01  -5.1801E+01   3.1392E+00   8.5069E-01  -4.5336E+00   2.5688E-01   6.9612E-02   7.4198E-01
   1986.42   8.2699E+00  -3.3011E+01  -5.1989E+01   3.0392E+00   8.2368E-01  -4.3891E+00   2.4870E-01   6.7402E-02   7.1833E-01
   1986.50   8.2337E+00  -3.3149E+01  -5.2174E+01   2.9173E+00   7.9088E-01  -4.2131E+00   2.3872E-01   6.4718E-02   6.8952E-01
   1986.58   8.1906E+00  -3.3279E+01  -5.2355E+01   2.7734E+00   7.5230E-01  -4.0056E+00   2.2695E-01   6.1561E-02   6.5555E-01
   1986.67   8.1404E+00  -3.3402E+01  -5.2533E+01   2.6077E+00   7.0793E-01  -3.7665E+00   2.1339E-01   5.7930E-02   6.1643E-01
   1986.75   8.0832E+00  -3.3517E+01  -5.2707E+01   2.4201E+00   6.5777E-01  -3.4960E+00   1.9804E-01   5.3826E-02   5.7215E-01
   1986.83   8.0190E+00  -3.3624E+01  -5.2878E+01   2.2106E+00   6.0183E-01  -3.1939E+00   1.8090E-01   4.9248E-02   5.2271E-01
   1986.92   7.9478E+00  -3.3724E+01  -5.3046E+01   1.9792E+00   5.4010E-01  -2.8603E+00   1.6196E-01   4.4196E-02   4.6812E-01
   1987.00   7.8695E+00  -3.3815E+01  -5.3210E+01   1.7259E+00   4.7258E-01  -2.4952E+00   1.4124E-01   3.8671E-02   4.0837E-01
   1987.08   7.7843E+00  -3.3900E+01  -5.3370E+01   1.4508E+00   3.9928E-01  -2.0986E+00   1.1872E-01   3.2673E-02   3.4346E-01
   1987.17   7.6921E+00  -3.3976E+01  -5.3528E+01   1.1537E+00   3.2019E-01  -1.6705E+00   9.4405E-02   2.6201E-02   2.7340E-01
   1987.25   7.5928E+00  -3.4045E+01  -5.3681E+01   8.3468E-01   2.3531E-01  -1.2109E+00   6.8302E-02   1.9256E-02   1.9818E-01
   1987.33   7.4865E+00  -3.4106E+01  -5.3832E+01   4.9380E-01   1.4465E-01  -7.1976E-01   4.0408E-02   1.1837E-02   1.1780E-01
   1987.42   7.3732E+00  -3.4160E+01  -5.3979E+01   1.3102E-01   4.8199E-02  -1.9712E-01   1.0721E-02   3.9441E-03   3.2261E-02
   1987.50   7.2529E+00  -3.4205E+01  -5.4122E+01  -2.5366E-01  -5.4037E-02   3.5703E-01  -2.0757E-02  -4.4219E-03  -5.8432E-02
   1987.58   7.1256E+00  -3.4244E+01  -5.4262E+01  -6.6023E-01  -1.6206E-01   9.4269E-01  -5.4027E-02  -1.3261E-02  -1.5428E-01
   1987.67   6.9913E+00  -3.4274E+01  -5.4399E+01  -1.0887E+00  -2.7587E-01   1.5599E+00  -8.9089E-02  -2.2574E-02  -2.5529E-01
   1987.75   6.8500E+00  -3.4297E+01  -5.4533E+01  -1.5391E+00  -3.9547E-01   2.2086E+00  -1.2594E-01  -3.2361E-02  -3.6145E-01
   1987.83   6.7016E+00  -3.4312E+01  -5.4662E+01  -2.0113E+00  -5.2085E-01   2.8887E+00  -1.6459E-01  -4.2621E-02  -4.7277E-01
   1987.92   6.5463E+00  -3.4319E+01  -5.4789E+01  -2.5055E+00  -6.5202E-01   3.6005E+00  -2.0503E-01  -5.3355E-02  -5.8925E-01
   1988.00   6.3839E+00  -3.4319E+01  -5.4912E+01  -3.0216E+00  -7.8897E-01   4.3437E+00  -2.4726E-01  -6.4562E-02  -7.1089E-01
   1988.08   6.2222E+00  -3.4312E+01  -5.5031E+01  -3.5263E+00  -9.2293E-01   5.0706E+00  -2.8856E-01  -7.5523E-02  -8.2986E-01
   1988.17   6.0688E+00  -3.4300E+01  -5.5147E+01  -3.9867E+00  -1.0451E+00   5.7336E+00  -3.2623E-01  -8.5520E-02  -9.3837E-01
   1988.25   5.9238E+00  -3.4283E+01  -5.5258E+01  -4.4026E+00  -1.1555E+00   6.3326E+00  -3.6027E-01  -9.4551E-02  -1.0364E+00
   1988.33   5.7871E+00  -3.4261E+01  -5.5365E+01  -4.7741E+00  -1.2540E+00   6.8676E+00  -3.9066E-01  -1.0262E-01  -1.1240E+00
   1988.42   5.6587E+00  -3.4233E+01  -5.5469E+01  -5.1011E+00  -1.3408E+00   7.3385E+00  -4.1742E-01  -1.0972E-01  -1.2010E+00
   1988.50   5.5387E+00  -3.4201E+01  -5.5568E+01  -5.3837E+00  -1.4158E+00   7.7455E+00  -4.4055E-01  -1.1586E-01  -1.2676E+00
   1988.58   5.4270E+00  -3.4163E+01  -5.5663E+01  -5.6218E+00  -1.4790E+00   8.0885E+00  -4.6004E-01  -1.2103E-01  -1.3238E+00
   1988.67   5.3237E+00  -3.4120E+01  -5.5754E+01  -5.8155E+00  -1.5304E+00   8.3675E+00  -4.7589E-01  -1.2524E-01  -1.3694E+00
   1988.75   5.2287E+00  -3.4072E+01  -5.5842E+01  -5.9648E+00  -1.5700E+00   8.5825E+00  -4.8810E-01  -1.2848E-01  -1.4046E+00
   1988.83   5.1420E+00  -3.4019E+01  -5.5925E+01  -6.0696E+00  -1.5979E+00   8.7334E+00  -4.9668E-01  -1.3075E-01  -1.4293E+00
   1988.92   5.0637E+00  -3.3960E+01  -5.6004E+01  -6.1300E+00  -1.6139E+00   8.8204E+00  -5.0162E-01  -1.3207E-01  -1.4436E+00
   1989.00   4.9937E+00  -3.3897E+01  -5.6079E+01  -6.1459E+00  -1.6181E+00   8.8434E+00  -5.0292E-01  -1.3241E-01  -1.4473E+00
   1989.08   4.9320E+00  -3.3828E+01  -5.6151E+01  -6.1174E+00  -1.6106E+00   8.8024E+00  -5.0059E-01  -1.3180E-01  -1.4406E+00
   1989.17   4.8787E+00  -3.3754E+01  -5.6218E+01  -6.0445E+00  -1.5912E+00   8.6974E+00  -4.9462E-01  -1.3021E-01  -1.4234E+00
   1989.25   4.8337E+00  -3.3675E+01  -5.6281E+01  -5.9271E+00  -1.5601E+00   8.5284E+00  -4.8501E-01  -1.2766E-01  -1.3958E+00
   1989.33   4.7970E+00  -3.3591E+01  -5.6340E+01  -5.7652E+00  -1.5172E+00   8.2954E+00  -4.7177E-01  -1.2415E-01  -1.3576E+00
   1989.42   4.7687E+00  -3.3501E+01  -5.6395E+01  -5.5590E+00  -1.4625E+00   7.9983E+00  -4.5489E-01  -1.1967E-01  -1.3090E+00
   1989.50   4.7487E+00  -3.3407E+01  -5.6447E+01  -5.3083E+00  -1.3960E+00   7.6373E+00  -4.3438E-01  -1.1423E-01  -1.2499E+00
   1989.58   4.7371E+00  -3.3307E+01  -5.6494E+01  -5.0131E+00  -1.3177E+00   7.2123E+00  -4.1023E-01  -1.0782E-01  -1.1804E+00
   1989.67   4.7338E+00  -3.3202E+01  -5.6537E+01  -4.6735E+00  -1.2276E+00   6.7233E+00  -3.8244E-01  -1.0045E-01  -1.1003E+00
   1989.75   4.7388E+00  -3.3092E+01  -5.6576E+01  -4.2895E+00  -1.1257E+00   6.1703E+00  -3.5101E-01  -9.2115E-02  -1.0098E+00
   1989.83   4.7522E+00  -3.2977E+01  -5.6611E+01  -3.8610E+00  -1.0120E+00   5.5533E+00  -3.1595E-01  -8.2813E-02  -9.0886E-01
   1989.92   4.7739E+00  -3.2856E+01  -5.6642E+01  -3.3881E+00  -8.8653E-01   4.8723E+00  -2.7725E-01  -7.2545E-02  -7.9741E-01
   1990.00   4.8040E+00  -3.2730E+01  -5.6669E+01  -2.8707E+00  -7.4927E-01   4.1273E+00  -2.3491E-01  -6.1313E-02  -6.7548E-01
   1990.08   4.8429E+00  -3.2605E+01  -5.6697E+01  -2.3454E+00  -6.0989E-01   3.3708E+00  -1.9193E-01  -4.9908E-02  -5.5167E-01
   1990.17   4.8911E+00  -3.2483E+01  -5.6730E+01  -1.8486E+00  -4.7806E-01   2.6554E+00  -1.5127E-01  -3.9120E-02  -4.3458E-01
   1990.25   4.9488E+00  -3.2367E+01  -5.6768E+01  -1.3803E+00  -3.5379E-01   1.9810E+00  -1.1295E-01  -2.8951E-02  -3.2421E-01
   1990.33   5.0158E+00  -3.2255E+01  -5.6810E+01  -9.4050E-01  -2.3707E-01   1.3476E+00  -7.6962E-02  -1.9399E-02  -2.2056E-01
   1990.42   5.0921E+00  -3.2148E+01  -5.6858E+01  -5.2921E-01  -1.2790E-01   7.5532E-01  -4.3305E-02  -1.0466E-02  -1.2362E-01
   1990.50   5.1779E+00  -3.2046E+01  -5.6911E+01  -1.4642E-01  -2.6288E-02   2.0405E-01  -1.1982E-02  -2.1512E-03  -3.3395E-02
   1990.58   5.2730E+00  -3.1948E+01  -5.6969E+01   2.0786E-01   6.7772E-02  -3.0619E-01   1.7009E-02   5.5458E-03   5.0111E-02
   1990.67   5.3774E+00  -3.1855E+01  -5.7033E+01   5.3363E-01   1.5428E-01  -7.7538E-01   4.3667E-02   1.2625E-02   1.2690E-01
   1990.75   5.4912E+00  -3.1767E+01  -5.7101E+01   8.3089E-01   2.3323E-01  -1.2035E+00   6.7992E-02   1.9085E-02   1.9697E-01
   1990.83   5.6144E+00  -3.1683E+01  -5.7174E+01   1.0996E+00   3.0463E-01  -1.5906E+00   8.9985E-02   2.4928E-02   2.6033E-01
   1990.92   5.7470E+00  -3.1604E+01  -5.7252E+01   1.3399E+00   3.6848E-01  -1.9367E+00   1.0964E-01   3.0153E-02   3.1696E-01
   1991.00   5.8889E+00  -3.1530E+01  -5.7336E+01   1.5516E+00   4.2477E-01  -2.2417E+00   1.2697E-01   3.4759E-02   3.6688E-01
   1991.08   6.0402E+00  -3.1460E+01  -5.7424E+01   1.7349E+00   4.7351E-01  -2.5057E+00   1.4197E-01   3.8747E-02   4.1009E-01
   1991.17   6.2009E+00  -3.1395E+01  -5.7518E+01   1.8896E+00   5.1469E-01  -2.7287E+00   1.5463E-01   4.2118E-02   4.4658E-01
   1991.25   6.3709E+00  -3.1335E+01  -5.7616E+01   2.0158E+00   5.4833E-01  -2.9106E+00   1.6496E-01   4.4870E-02   4.7635E-01
   1991.33   6.5503E+00  -3.1279E+01  -5.7720E+01   2.1135E+00   5.7441E-01  -3.0514E+00   1.7295E-01   4.7004E-02   4.9940E-01
   1991.42   6.7390E+00  -3.1228E+01  -5.7829E+01   2.1827E+00   5.9293E-01  -3.1513E+00   1.7861E-01   4.8520E-02   5.1574E-01
   1991.50   6.9371E+00  -3.1182E+01  -5.7943E+01   2.2234E+00   6.0390E-01  -3.2100E+00   1.8194E-01   4.9418E-02   5.2536E-01
   1991.58   7.1446E+00  -3.1141E+01  -5.8061E+01   2.2356E+00   6.0732E-01  -3.2278E+00   1.8294E-01   4.9697E-02   5.2826E-01
   1991.67   7.3615E+00  -3.1104E+01  -5.8185E+01   2.2193E+00   6.0319E-01  -3.2045E+00   1.8161E-01   4.9359E-02   5.2445E-01
   1991.75   7.5877E+00  -3.1072E+01  -5.8314E+01   2.1745E+00   5.9150E-01  -3.1401E+00   1.7794E-01   4.8402E-02   5.1392E-01
   1991.83   7.8233E+00  -3.1044E+01  -5.8449E+01   2.1011E+00   5.7226E-01  -3.0348E+00   1.7194E-01   4.6828E-02   4.9667E-01
   1991.92   8.0682E+00  -3.1022E+01  -5.8588E+01   1.9993E+00   5.4546E-01  -2.8883E+00   1.6360E-01   4.4635E-02   4.7271E-01
   1992.00   8.3225E+00  -3.1004E+01  -5.8732E+01   1.8690E+00   5.1111E-01  -2.7009E+00   1.5294E-01   4.1824E-02   4.4203E-01
   1992.08   8.5780E+00  -3.0994E+01  -5.8887E+01   1.7314E+00   4.7482E-01  -2.5030E+00   1.4168E-01   3.8855E-02   4.0965E-01
   1992.17   8.8266E+00  -3.0995E+01  -5.9057E+01   1.6080E+00   4.4219E-01  -2.3255E+00   1.3158E-01   3.6185E-02   3.8059E-01
   1992.25   9.0683E+00  -3.1007E+01  -5.9244E+01   1.4987E+00   4.1323E-01  -2.1682E+00   1.2264E-01   3.3815E-02   3.5485E-01
   1992.33   9.3030E+00  -3.1030E+01  -5.9447E+01   1.4035E+00   3.8794E-01  -2.0312E+00   1.1485E-01   3.1745E-02   3.3242E-01
   1992.42   9.5309E+00  -3.1065E+01  -5.9666E+01   1.3224E+00   3.6632E-01  -1.9145E+00   1.0822E-01   2.9976E-02   3.1332E-01
   1992.50   9.7517E+00  -3.1110E+01  -5.9901E+01   1.2555E+00   3.4836E-01  -1.8180E+00   1.0274E-01   2.8506E-02   2.9754E-01
   1992.58   9.9657E+00  -3.1167E+01  -6.0151E+01   1.2027E+00   3.3407E-01  -1.7418E+00   9.8416E-02   2.7337E-02   2.8507E-01
   1992.67   1.0173E+01  -3.1235E+01  -6.0418E+01   1.1640E+00   3.2344E-01  -1.6860E+00   9.5248E-02   2.6467E-02   2.7593E-01
   1992.75   1.0373E+01  -3.1314E+01  -6.0701E+01   1.1394E+00   3.1648E-01  -1.6504E+00   9.3236E-02   2.5898E-02   2.7010E-01
   1992.83   1.0566E+01  -3.1404E+01  -6.1000E+01   1.1289E+00   3.1319E-01  -1.6350E+00   9.2379E-02   2.5629E-02   2.6759E-01
   1992.92   1.0752E+01  -3.1506E+01  -6.1315E+01   1.1326E+00   3.1357E-01  -1.6400E+00   9.2678E-02   2.5659E-02   2.6840E-01
   1993.00   1.0931E+01  -3.1618E+01  -6.1646E+01   1.1503E+00   3.1761E-01  -1.6652E+00   9.4132E-02   2.5990E-02   2.7253E-01
   1993.08   1.1104E+01  -3.1742E+01  -6.1993E+01   1.1822E+00   3.2532E-01  -1.7108E+00   9.6742E-02   2.6621E-02   2.7998E-01
   1993.17   1.1269E+01  -3.1877E+01  -6.2356E+01   1.2282E+00   3.3669E-01  -1.7766E+00   1.0051E-01   2.7552E-02   2.9075E-01
   1993.25   1.1428E+01  -3.2023E+01  -6.2735E+01   1.2884E+00   3.5174E-01  -1.8626E+00   1.0543E-01   2.8783E-02   3.0484E-01
   1993.33   1.1579E+01  -3.2180E+01  -6.3129E+01   1.3626E+00   3.7045E-01  -1.9690E+00   1.1150E-01   3.0314E-02   3.2225E-01
   1993.42   1.1724E+01  -3.2348E+01  -6.3540E+01   1.4510E+00   3.9282E-01  -2.0956E+00   1.1873E-01   3.2145E-02   3.4297E-01
   1993.50   1.1862E+01  -3.2528E+01  -6.3967E+01   1.5534E+00   4.1886E-01  -2.2426E+00   1.2712E-01   3.4276E-02   3.6702E-01
   1993.58   1.1992E+01  -3.2718E+01  -6.4410E+01   1.6700E+00   4.4857E-01  -2.4098E+00   1.3666E-01   3.6707E-02   3.9438E-01
   1993.67   1.2116E+01  -3.2920E+01  -6.4869E+01   1.8008E+00   4.8195E-01  -2.5972E+00   1.4736E-01   3.9438E-02   4.2506E-01
   1993.75   1.2233E+01  -3.3133E+01  -6.5344E+01   1.9456E+00   5.1899E-01  -2.8050E+00   1.5921E-01   4.2469E-02   4.5907E-01
   1993.83   1.2343E+01  -3.3357E+01  -6.5835E+01   2.1046E+00   5.5970E-01  -3.0330E+00   1.7222E-01   4.5801E-02   4.9639E-01
   1993.92   1.2446E+01  -3.3592E+01  -6.6342E+01   2.2776E+00   6.0408E-01  -3.2814E+00   1.8638E-01   4.9432E-02   5.3703E-01
   1994.00   1.2542E+01  -3.3838E+01  -6.6865E+01   2.4648E+00   6.5212E-01  -3.5500E+00   2.0170E-01   5.3364E-02   5.8099E-01
   1994.08   1.2640E+01  -3.4093E+01  -6.7388E+01   2.6505E+00   6.9979E-01  -3.8164E+00   2.1690E-01   5.7264E-02   6.2460E-01
   1994.17   1.2746E+01  -3.4352E+01  -6.7895E+01   2.8191E+00   7.4305E-01  -4.0583E+00   2.3069E-01   6.0804E-02   6.6419E-01
   1994.25   1.2863E+01  -3.4615E+01  -6.8386E+01   2.9706E+00   7.8188E-01  -4.2756E+00   2.4308E-01   6.3982E-02   6.9975E-01
   1994.33   1.2989E+01  -3.4884E+01  -6.8861E+01   3.1049E+00   8.1631E-01  -4.4684E+00   2.5408E-01   6.6799E-02   7.3130E-01
   1994.42   1.3124E+01  -3.5157E+01  -6.9320E+01   3.2222E+00   8.4632E-01  -4.6365E+00   2.6367E-01   6.9254E-02   7.5882E-01
   1994.50   1.3269E+01  -3.5435E+01  -6.9763E+01   3.3223E+00   8.7191E-01  -4.7801E+00   2.7186E-01   7.1349E-02   7.8232E-01
   1994.58   1.3424E+01  -3.5718E+01  -7.0189E+01   3.4053E+00   8.9309E-01  -4.8992E+00   2.7866E-01   7.3082E-02   8.0180E-01
   1994.67   1.3588E+01  -3.6005E+01  -7.0600E+01   3.4712E+00   9.0985E-01  -4.9936E+00   2.8405E-01   7.4453E-02   8.1726E-01
   1994.75   1.3761E+01  -3.6297E+01  -7.0995E+01   3.5199E+00   9.2220E-01  -5.0635E+00   2.8804E-01   7.5464E-02   8.2870E-01
   1994.83   1.3944E+01  -3.6594E+01  -7.1373E+01   3.5516E+00   9.3013E-01  -5.1089E+00   2.9063E-01   7.6113E-02   8.3612E-01
   1994.92   1.4137E+01  -3.6896E+01  -7.1736E+01   3.5661E+00   9.3364E-01  -5.1296E+00   2.9182E-01   7.6400E-02   8.3952E-01
   1995.00   1.4339E+01  -3.7202E+01  -7.2082E+01   3.5635E+00   9.3275E-01  -5.1258E+00   2.9160E-01   7.6327E-02   8.3889E-01
   1995.08   1.4550E+01  -3.7513E+01  -7.2413E+01   3.5438E+00   9.2743E-01  -5.0974E+00   2.8999E-01   7.5892E-02   8.3424E-01
   1995.17   1.4771E+01  -3.7829E+01  -7.2727E+01   3.5070E+00   9.1770E-01  -5.0444E+00   2.8698E-01   7.5096E-02   8.2558E-01
   1995.25   1.5002E+01  -3.8150E+01  -7.3025E+01   3.4531E+00   9.0356E-01  -4.9669E+00   2.8257E-01   7.3938E-02   8.1289E-01
   1995.33   1.5242E+01  -3.8475E+01  -7.3308E+01   3.3820E+00   8.8500E-01  -4.8648E+00   2.7675E-01   7.2420E-02   7.9618E-01
   1995.42   1.5492E+01  -3.8805E+01  -7.3574E+01   3.2938E+00   8.6202E-01  -4.7381E+00   2.6954E-01   7.0540E-02   7.7545E-01
   1995.50   1.5751E+01  -3.9140E+01  -7.3824E+01   3.1885E+00   8.3463E-01  -4.5869E+00   2.6092E-01   6.8298E-02   7.5070E-01
   1995.58   1.6020E+01  -3.9479E+01  -7.4058E+01   3.0661E+00   8.0283E-01  -4.4111E+00   2.5090E-01   6.5696E-02   7.2192E-01
   1995.67   1.6298E+01  -3.9824E+01  -7.4276E+01   2.9266E+00   7.6661E-01  -4.2107E+00   2.3949E-01   6.2732E-02   6.8913E-01
   1995.75   1.6585E+01  -4.0173E+01  -7.4478E+01   2.7700E+00   7.2597E-01  -3.9858E+00   2.2667E-01   5.9406E-02   6.5231E-01
   1995.83   1.6883E+01  -4.0526E+01  -7.4664E+01   2.5962E+00   6.8092E-01  -3.7362E+00   2.1245E-01   5.5720E-02   6.1147E-01
   1995.92   1.7189E+01  -4.0885E+01  -7.4834E+01   2.4054E+00   6.3145E-01  -3.4621E+00   1.9683E-01   5.1672E-02   5.6662E-01
   1996.00   1.7506E+01  -4.1248E+01  -7.4988E+01   2.1974E+00   5.7757E-01  -3.1635E+00   1.7981E-01   4.7263E-02   5.1774E-01
   1996.08   1.7817E+01  -4.1612E+01  -7.5123E+01   1.9802E+00   5.2136E-01  -2.8517E+00   1.6204E-01   4.2663E-02   4.6671E-01
   1996.17   1.8108E+01  -4.1973E+01  -7.5237E+01   1.7618E+00   4.6491E-01  -2.5381E+00   1.4417E-01   3.8043E-02   4.1539E-01
   1996.25   1.8380E+01  -4.2330E+01  -7.5330E+01   1.5421E+00   4.0821E-01  -2.2229E+00   1.2619E-01   3.3404E-02   3.6380E-01
   1996.33   1.8632E+01  -4.2685E+01  -7.5402E+01   1.3212E+00   3.5127E-01  -1.9060E+00   1.0812E-01   2.8745E-02   3.1193E-01
   1996.42   1.8864E+01  -4.3036E+01  -7.5452E+01   1.0991E+00   2.9409E-01  -1.5873E+00   8.9941E-02   2.4066E-02   2.5978E-01
   1996.50   1.9077E+01  -4.3384E+01  -7.5481E+01   8.7574E-01   2.3667E-01  -1.2669E+00   7.1662E-02   1.9367E-02   2.0734E-01
   1996.58   1.9269E+01  -4.3729E+01  -7.5488E+01   6.5113E-01   1.7901E-01  -9.4482E-01   5.3282E-02   1.4648E-02   1.5463E-01
   1996.67   1.9442E+01  -4.4071E+01  -7.5475E+01   4.2528E-01   1.2110E-01  -6.2102E-01   3.4801E-02   9.9100E-03   1.0164E-01
   1996.75   1.9596E+01  -4.4410E+01  -7.5440E+01   1.9819E-01   6.2956E-02  -2.9550E-01   1.6218E-02   5.1518E-03   4.8361E-02
   1996.83   1.9730E+01  -4.4745E+01  -7.5384E+01  -3.0149E-02   4.5666E-03   3.1737E-02  -2.4671E-03   3.7369E-04  -5.1941E-03
   1996.92   1.9844E+01  -4.5078E+01  -7.5307E+01  -2.5972E-01  -5.4065E-02   3.6069E-01  -2.1253E-02  -4.4242E-03  -5.9030E-02
   1997.00   1.9938E+01  -4.5407E+01  -7.5208E+01  -4.9054E-01  -1.1294E-01   6.9135E-01  -4.0141E-02  -9.2419E-03  -1.1315E-01
   1997.08   2.0012E+01  -4.5733E+01  -7.5088E+01  -7.2259E-01  -1.7206E-01   1.0237E+00  -5.9130E-02  -1.4079E-02  -1.6754E-01
   1997.17   2.0067E+01  -4.6056E+01  -7.4947E+01  -9.5589E-01  -2.3141E-01   1.3578E+00  -7.8221E-02  -1.8937E-02  -2.2222E-01
   1997.25   2.0102E+01  -4.6375E+01  -7.4785E+01  -1.1904E+00  -2.9101E-01   1.6936E+00  -9.7413E-02  -2.3814E-02  -2.7718E-01
   1997.33   2.0118E+01  -4.6692E+01  -7.4601E+01  -1.4262E+00  -3.5086E-01   2.0311E+00  -1.1671E-01  -2.8711E-02  -3.3242E-01
   1997.42   2.0114E+01  -4.7005E+01  -7.4396E+01  -1.6632E+00  -4.1094E-01   2.3704E+00  -1.3610E-01  -3.3628E-02  -3.8794E-01
   1997.50   2.0090E+01  -4.7315E+01  -7.4170E+01  -1.9015E+00  -4.7127E-01   2.7113E+00  -1.5560E-01  -3.8564E-02  -4.4374E-01
   1997.58   2.0046E+01  -4.7623E+01  -7.3923E+01  -2.1410E+00  -5.3184E-01   3.0540E+00  -1.7520E-01  -4.3521E-02  -4.9982E-01
   1997.67   1.9982E+01  -4.7926E+01  -7.3654E+01  -2.3817E+00  -5.9265E-01   3.3984E+00  -1.9490E-01  -4.8497E-02  -5.5618E-01
   1997.75   1.9899E+01  -4.8227E+01  -7.3364E+01  -2.6237E+00  -6.5370E-01   3.7444E+00  -2.1470E-01  -5.3493E-02  -6.1282E-01
   1997.83   1.9796E+01  -4.8525E+01  -7.3053E+01  -2.8669E+00  -7.1500E-01   4.0922E+00  -2.3460E-01  -5.8509E-02  -6.6974E-01
   1997.92   1.9674E+01  -4.8819E+01  -7.2721E+01  -3.1114E+00  -7.7654E-01   4.4418E+00  -2.5461E-01  -6.3544E-02  -7.2694E-01
   1998.00   1.9532E+01  -4.9110E+01  -7.2367E+01  -3.3571E+00  -8.3832E-01   4.7930E+00  -2.7471E-01  -6.8600E-02  -7.8442E-01
   1998.08   1.9384E+01  -4.9399E+01  -7.2020E+01  -3.5889E+00  -8.9655E-01   5.1243E+00  -2.9368E-01  -7.3365E-02  -8.3864E-01
   1998.17   1.9247E+01  -4.9685E+01  -7.1707E+01  -3.7915E+00  -9.4747E-01   5.4140E+00  -3.1026E-01  -7.7531E-02  -8.8605E-01
   1998.25   1.9120E+01  -4.9969E+01  -7.1428E+01  -3.9651E+00  -9.9105E-01   5.6620E+00  -3.2446E-01  -8.1098E-02  -9.2665E-01
   1998.33   1.9002E+01  -5.0250E+01  -7.1183E+01  -4.1095E+00  -1.0273E+00   5.8685E+00  -3.3628E-01  -8.4065E-02  -9.6044E-01
   1998.42   1.8895E+01  -5.0530E+01  -7.0973E+01  -4.2249E+00  -1.0562E+00   6.0333E+00  -3.4572E-01  -8.6433E-02  -9.8742E-01
   1998.50   1.8797E+01  -5.0806E+01  -7.0796E+01  -4.3111E+00  -1.0778E+00   6.1566E+00  -3.5278E-01  -8.8201E-02  -1.0076E+00
   1998.58   1.8709E+01  -5.1081E+01  -7.0653E+01  -4.3682E+00  -1.0921E+00   6.2382E+00  -3.5745E-01  -8.9369E-02  -1.0209E+00
   1998.67   1.8631E+01  -5.1353E+01  -7.0545E+01  -4.3963E+00  -1.0991E+00   6.2782E+00  -3.5975E-01  -8.9938E-02  -1.0275E+00
   1998.75   1.8563E+01  -5.1623E+01  -7.0471E+01  -4.3952E+00  -1.0987E+00   6.2766E+00  -3.5966E-01  -8.9907E-02  -1.0272E+00
   1998.83   1.8505E+01  -5.1891E+01  -7.0431E+01  -4.3650E+00  -1.0910E+00   6.2334E+00  -3.5719E-01  -8.9277E-02  -1.0202E+00
   1998.92   1.8457E+01  -5.2156E+01  -7.0425E+01  -4.3057E+00  -1.0760E+00   6.1486E+00  -3.5234E-01  -8.8048E-02  -1.0063E+00
   1999.00   1.8418E+01  -5.2419E+01  -7.0453E+01  -4.2173E+00  -1.0536E+00   6.0222E+00  -3.4510E-01  -8.6218E-02  -9.8560E-01
   1999.08   1.8390E+01  -5.2679E+01  -7.0515E+01  -4.0998E+00  -1.0239E+00   5.8542E+00  -3.3549E-01  -8.3790E-02  -9.5810E-01
   1999.17   1.8371E+01  -5.2937E+01  -7.0612E+01  -3.9532E+00  -9.8694E-01   5.6445E+00  -3.2349E-01  -8.0762E-02  -9.2379E-01
   1999.25   1.8363E+01  -5.3193E+01  -7.0742E+01  -3.7774E+00  -9.4261E-01   5.3933E+00  -3.0911E-01  -7.7134E-02  -8.8267E-01
   1999.33   1.8364E+01  -5.3447E+01  -7.0907E+01  -3.5726E+00  -8.9095E-01   5.1004E+00  -2.9235E-01  -7.2906E-02  -8.3474E-01
   1999.42   1.8375E+01  -5.3698E+01  -7.1105E+01  -3.3387E+00  -8.3196E-01   4.7660E+00  -2.7321E-01  -6.8080E-02  -7.8000E-01
   1999.50   1.8396E+01  -5.3947E+01  -7.1338E+01  -3.0756E+00  -7.6565E-01   4.3899E+00  -2.5168E-01  -6.2653E-02  -7.1846E-01
   1999.58   1.8427E+01  -5.4193E+01  -7.1605E+01  -2.7835E+00  -6.9201E-01   3.9722E+00  -2.2777E-01  -5.6628E-02  -6.5010E-01
   1999.67   1.8468E+01  -5.4438E+01  -7.1906E+01  -2.4622E+00  -6.1105E-01   3.5129E+00  -2.0149E-01  -5.0002E-02  -5.7493E-01
   1999.75   1.8519E+01  -5.4679E+01  -7.2242E+01  -2.1119E+00  -5.2276E-01   3.0120E+00  -1.7282E-01  -4.2777E-02  -4.9295E-01
   1999.83   1.8579E+01  -5.4919E+01  -7.2611E+01  -1.7324E+00  -4.2714E-01   2.4695E+00  -1.4176E-01  -3.4953E-02  -4.0417E-01
   1999.92   1.8650E+01  -5.5156E+01  -7.3015E+01  -1.3238E+00  -3.2419E-01   1.8854E+00  -1.0833E-01  -2.6529E-02  -3.0857E-01
   2000.00   1.8730E+01  -5.5391E+01  -7.3452E+01  -8.8615E-01  -2.1392E-01   1.2597E+00  -7.2514E-02  -1.7505E-02  -2.0616E-01
   2000.08   1.8810E+01  -5.5621E+01  -7.3890E+01  -4.5228E-01  -1.0459E-01   6.3939E-01  -3.7010E-02  -8.5584E-03  -1.0464E-01
   2000.17   1.8879E+01  -5.5843E+01  -7.4296E+01  -5.5131E-02  -4.4489E-03   7.1543E-02  -4.5114E-03  -3.6405E-04  -1.1709E-02
   2000.25   1.8937E+01  -5.6058E+01  -7.4669E+01   3.0529E-01   8.6493E-02  -4.4384E-01   2.4982E-02   7.0778E-03   7.2640E-02
   2000.33   1.8984E+01  -5.6266E+01  -7.5009E+01   6.2898E-01   1.6824E-01  -9.0677E-01   5.1470E-02   1.3767E-02   1.4840E-01
   2000.42   1.9020E+01  -5.6465E+01  -7.5316E+01   9.1594E-01   2.4079E-01  -1.3172E+00   7.4952E-02   1.9704E-02   2.1558E-01
   2000.50   1.9046E+01  -5.6658E+01  -7.5591E+01   1.1662E+00   3.0414E-01  -1.6752E+00   9.5429E-02   2.4888E-02   2.7417E-01
   2000.58   1.9060E+01  -5.6843E+01  -7.5832E+01   1.3797E+00   3.5829E-01  -1.9808E+00   1.1290E-01   2.9319E-02   3.2418E-01
   2000.67   1.9063E+01  -5.7020E+01  -7.6041E+01   1.5565E+00   4.0325E-01  -2.2339E+00   1.2737E-01   3.2998E-02   3.6560E-01
   2000.75   1.9056E+01  -5.7189E+01  -7.6218E+01   1.6965E+00   4.3901E-01  -2.4345E+00   1.3883E-01   3.5925E-02   3.9844E-01
   2000.83   1.9037E+01  -5.7352E+01  -7.6361E+01   1.7999E+00   4.6558E-01  -2.5827E+00   1.4728E-01   3.8099E-02   4.2269E-01
   2000.92   1.9007E+01  -5.7506E+01  -7.6472E+01   1.8665E+00   4.8295E-01  -2.6784E+00   1.5273E-01   3.9520E-02   4.3835E-01
   2001.00   1.8967E+01  -5.7653E+01  -7.6550E+01   1.8964E+00   4.9112E-01  -2.7217E+00   1.5518E-01   4.0189E-02   4.4543E-01
   2001.08   1.8916E+01  -5.7793E+01  -7.6595E+01   1.8895E+00   4.9010E-01  -2.7125E+00   1.5462E-01   4.0105E-02   4.4393E-01
   2001.17   1.8853E+01  -5.7925E+01  -7.6608E+01   1.8459E+00   4.7987E-01  -2.6508E+00   1.5105E-01   3.9268E-02   4.3384E-01
   2001.25   1.8780E+01  -5.8049E+01  -7.6587E+01   1.7656E+00   4.6046E-01  -2.5367E+00   1.4448E-01   3.7679E-02   4.1516E-01
   2001.33   1.8696E+01  -5.8166E+01  -7.6534E+01   1.6486E+00   4.3184E-01  -2.3702E+00   1.3491E-01   3.5338E-02   3.8790E-01
   2001.42   1.8601E+01  -5.8276E+01  -7.6448E+01   1.4948E+00   3.9403E-01  -2.1511E+00   1.2232E-01   3.2244E-02   3.5206E-01
   2001.50   1.8494E+01  -5.8378E+01  -7.6330E+01   1.3044E+00   3.4702E-01  -1.8797E+00   1.0674E-01   2.8397E-02   3.0763E-01
   2001.58   1.8377E+01  -5.8472E+01  -7.6179E+01   1.0772E+00   2.9082E-01  -1.5557E+00   8.8144E-02   2.3798E-02   2.5461E-01
   2001.67   1.8249E+01  -5.8559E+01  -7.5995E+01   8.1322E-01   2.2542E-01  -1.1793E+00   6.6546E-02   1.8446E-02   1.9301E-01
   2001.75   1.8110E+01  -5.8638E+01  -7.5778E+01   5.1256E-01   1.5082E-01  -7.5045E-01   4.1943E-02   1.2341E-02   1.2282E-01
   2001.83   1.7961E+01  -5.8710E+01  -7.5528E+01   1.7517E-01   6.7022E-02  -2.6913E-01   1.4334E-02   5.4844E-03   4.4046E-02
   2001.92   1.7800E+01  -5.8774E+01  -7.5246E+01  -1.9894E-01  -2.5970E-02   2.6464E-01  -1.6280E-02  -2.1251E-03  -4.3312E-02
   2002.00   1.7628E+01  -5.8831E+01  -7.4931E+01  -6.0979E-01  -1.2816E-01   8.5088E-01  -4.9899E-02  -1.0487E-02  -1.3926E-01
   2002.08   1.7452E+01  -5.8881E+01  -7.4618E+01  -1.0200E+00  -2.3024E-01   1.4363E+00  -8.3467E-02  -1.8841E-02  -2.3506E-01
   2002.17   1.7280E+01  -5.8926E+01  -7.4343E+01  -1.3922E+00  -3.2291E-01   1.9675E+00  -1.1393E-01  -2.6424E-02  -3.2200E-01
   2002.25   1.7110E+01  -5.8965E+01  -7.4106E+01  -1.7265E+00  -4.0617E-01   2.4445E+00  -1.4128E-01  -3.3237E-02  -4.0007E-01
   2002.33   1.6943E+01  -5.8999E+01  -7.3906E+01  -2.0227E+00  -4.8002E-01   2.8674E+00  -1.6552E-01  -3.9280E-02  -4.6927E-01
   2002.42   1.6779E+01  -5.9027E+01  -7.3743E+01  -2.2810E+00  -5.4446E-01   3.2360E+00  -1.8665E-01  -4.4554E-02  -5.2961E-01
   2002.50   1.6619E+01  -5.9050E+01  -7.3619E+01  -2.5012E+00  -5.9949E-01   3.5506E+00  -2.0468E-01  -4.9057E-02  -5.8109E-01
   2002.58   1.6461E+01  -5.9067E+01  -7.3531E+01  -2.6835E+00  -6.4511E-01   3.8109E+00  -2.1959E-01  -5.2790E-02  -6.2369E-01
   2002.67   1.6306E+01  -5.9079E+01  -7.3482E+01  -2.8278E+00  -6.8132E-01   4.0171E+00  -2.3140E-01  -5.5753E-02  -6.5744E-01
   2002.75   1.6154E+01  -5.9086E+01  -7.3470E+01  -2.9341E+00  -7.0812E-01   4.1691E+00  -2.4010E-01  -5.7946E-02  -6.8231E-01
   2002.83   1.6006E+01  -5.9087E+01  -7.3495E+01  -3.0025E+00  -7.2551E-01   4.2669E+00  -2.4569E-01  -5.9369E-02  -6.9832E-01
   2002.92   1.5860E+01  -5.9083E+01  -7.3558E+01  -3.0328E+00  -7.3349E-01   4.3106E+00  -2.4817E-01  -6.0022E-02  -7.0547E-01
   2003.00   1.5717E+01  -5.9073E+01  -7.3659E+01  -3.0251E+00  -7.3206E-01   4.3000E+00  -2.4755E-01  -5.9905E-02  -7.0375E-01
   2003.08   1.5578E+01  -5.9058E+01  -7.3797E+01  -2.9795E+00  -7.2122E-01   4.2353E+00  -2.4381E-01  -5.9017E-02  -6.9316E-01
   2003.17   1.5441E+01  -5.9037E+01  -7.3973E+01  -2.8959E+00  -7.0097E-01   4.1165E+00  -2.3697E-01  -5.7360E-02  -6.7371E-01
   2003.25   1.5307E+01  -5.9011E+01  -7.4187E+01  -2.7743E+00  -6.7130E-01   3.9434E+00  -2.2702E-01  -5.4933E-02  -6.4539E-01
   2003.33   1.5176E+01  -5.8979E+01  -7.4438E+01  -2.6147E+00  -6.3223E-01   3.7162E+00  -2.1396E-01  -5.1736E-02  -6.0820E-01
   2003.42   1.5049E+01  -5.8942E+01  -7.4726E+01  -2.4171E+00  -5.8375E-01   3.4349E+00  -1.9779E-01  -4.7768E-02  -5.6215E-01
   2003.50   1.4924E+01  -5.8899E+01  -7.5052E+01  -2.1815E+00  -5.2585E-01   3.0993E+00  -1.7851E-01  -4.3031E-02  -5.0724E-01
   2003.58   1.4802E+01  -5.8851E+01  -7.5416E+01  -1.9079E+00  -4.5855E-01   2.7096E+00  -1.5613E-01  -3.7523E-02  -4.4345E-01
   2003.67   1.4683E+01  -5.8798E+01  -7.5818E+01  -1.5964E+00  -3.8184E-01   2.2657E+00  -1.3063E-01  -3.1246E-02  -3.7080E-01
   2003.75   1.4568E+01  -5.8739E+01  -7.6256E+01  -1.2468E+00  -2.9571E-01   1.7676E+00  -1.0203E-01  -2.4198E-02  -2.8929E-01
   2003.83   1.4455E+01  -5.8675E+01  -7.6733E+01  -8.5931E-01  -2.0018E-01   1.2154E+00  -7.0317E-02  -1.6381E-02  -1.9891E-01
   2003.92   1.4345E+01  -5.8605E+01  -7.7247E+01  -4.3379E-01  -9.5236E-02   6.0897E-01  -3.5497E-02  -7.7932E-03  -9.9664E-02
   2004.00   1.4239E+01  -5.8530E+01  -7.7799E+01   2.9712E-02   1.9118E-02  -5.1616E-02   2.4313E-03   1.5644E-03   8.4475E-03
   2004.08   1.4134E+01  -5.8457E+01  -7.8357E+01   4.9671E-01   1.3436E-01  -7.1719E-01   4.0646E-02   1.0995E-02   1.1738E-01
   2004.17   1.4030E+01  -5.8396E+01  -7.8890E+01   9.3270E-01   2.4196E-01  -1.3386E+00   7.6323E-02   1.9800E-02   2.1907E-01
   2004.25   1.3926E+01  -5.8346E+01  -7.9398E+01   1.3377E+00   3.4192E-01  -1.9158E+00   1.0946E-01   2.7979E-02   3.1354E-01
   2004.33   1.3823E+01  -5.8308E+01  -7.9881E+01   1.7117E+00   4.3424E-01  -2.4488E+00   1.4007E-01   3.5534E-02   4.0078E-01
   2004.42   1.3721E+01  -5.8281E+01  -8.0339E+01   2.0547E+00   5.1892E-01  -2.9377E+00   1.6813E-01   4.2464E-02   4.8078E-01
   2004.50   1.3620E+01  -5.8265E+01  -8.0772E+01   2.3667E+00   5.9596E-01  -3.3823E+00   1.9366E-01   4.8768E-02   5.5355E-01
   2004.58   1.3520E+01  -5.8260E+01  -8.1180E+01   2.6476E+00   6.6537E-01  -3.7828E+00   2.1666E-01   5.4447E-02   6.1910E-01
   2004.67   1.3420E+01  -5.8267E+01  -8.1563E+01   2.8976E+00   7.2713E-01  -4.1391E+00   2.3711E-01   5.9501E-02   6.7741E-01
   2004.75   1.3321E+01  -5.8285E+01  -8.1921E+01   3.1166E+00   7.8125E-01  -4.4512E+00   2.5503E-01   6.3930E-02   7.2849E-01
   2004.83   1.3222E+01  -5.8315E+01  -8.2255E+01   3.3046E+00   8.2773E-01  -4.7191E+00   2.7042E-01   6.7734E-02   7.7233E-01
   2004.92   1.3125E+01  -5.8355E+01  -8.2563E+01   3.4616E+00   8.6658E-01  -4.9429E+00   2.8326E-01   7.0912E-02   8.0895E-01
   2005.00   1.3028E+01  -5.8407E+01  -8.2846E+01   3.5875E+00   8.9778E-01  -5.1224E+00   2.9357E-01   7.3466E-02   8.3834E-01
   2005.08   1.2932E+01  -5.8471E+01  -8.3105E+01   3.6825E+00   9.2135E-01  -5.2578E+00   3.0134E-01   7.5394E-02   8.6049E-01
   2005.17   1.2836E+01  -5.8545E+01  -8.3338E+01   3.7465E+00   9.3727E-01  -5.3490E+00   3.0658E-01   7.6697E-02   8.7542E-01
   2005.25   1.2741E+01  -5.8631E+01  -8.3547E+01   3.7795E+00   9.4556E-01  -5.3960E+00   3.0927E-01   7.7375E-02   8.8311E-01
   2005.33   1.2647E+01  -5.8728E+01  -8.3730E+01   3.7814E+00   9.4620E-01  -5.3988E+00   3.0944E-01   7.7428E-02   8.8357E-01
   2005.42   1.2554E+01  -5.8837E+01  -8.3889E+01   3.7524E+00   9.3921E-01  -5.3574E+00   3.0706E-01   7.6856E-02   8.7680E-01
   2005.50   1.2461E+01  -5.8957E+01  -8.4022E+01   3.6924E+00   9.2458E-01  -5.2719E+00   3.0215E-01   7.5658E-02   8.6280E-01
   2005.58   1.2369E+01  -5.9088E+01  -8.4131E+01   3.6013E+00   9.0230E-01  -5.1421E+00   2.9470E-01   7.3836E-02   8.4156E-01
   2005.67   1.2278E+01  -5.9230E+01  -8.4215E+01   3.4793E+00   8.7239E-01  -4.9682E+00   2.8471E-01   7.1388E-02   8.1310E-01
   2005.75   1.2188E+01  -5.9384E+01  -8.4273E+01   3.3263E+00   8.3484E-01  -4.7501E+00   2.7219E-01   6.8315E-02   7.7741E-01
   2005.83   1.2098E+01  -5.9549E+01  -8.4307E+01   3.1422E+00   7.8965E-01  -4.4878E+00   2.5713E-01   6.4617E-02   7.3448E-01
   2005.92   1.2009E+01  -5.9725E+01  -8.4316E+01   2.9272E+00   7.3682E-01  -4.1813E+00   2.3953E-01   6.0294E-02   6.8432E-01
   2006.00   1.1921E+01  -5.9913E+01  -8.4300E+01   2.6811E+00   6.7635E-01  -3.8307E+00   2.1940E-01   5.5346E-02   6.2693E-01
   2006.08   1.1836E+01  -6.0101E+01  -8.4271E+01   2.4288E+00   6.1429E-01  -3.4710E+00   1.9875E-01   5.0267E-02   5.6807E-01
   2006.17   1.1759E+01  -6.0278E+01  -8.4243E+01   2.1948E+00   5.5669E-01  -3.1375E+00   1.7960E-01   4.5554E-02   5.1349E-01
   2006.25   1.1688E+01  -6.0445E+01  -8.4214E+01   1.9793E+00   5.0355E-01  -2.8302E+00   1.6196E-01   4.1206E-02   4.6320E-01
   2006.33   1.1625E+01  -6.0601E+01  -8.4186E+01   1.7821E+00   4.5488E-01  -2.5491E+00   1.4583E-01   3.7223E-02   4.1719E-01
   2006.42   1.1568E+01  -6.0747E+01  -8.4158E+01   1.6033E+00   4.1067E-01  -2.2942E+00   1.3120E-01   3.3605E-02   3.7547E-01
   2006.50   1.1518E+01  -6.0882E+01  -8.4130E+01   1.4430E+00   3.7092E-01  -2.0654E+00   1.1808E-01   3.0353E-02   3.3803E-01
   2006.58   1.1476E+01  -6.1007E+01  -8.4103E+01   1.3010E+00   3.3564E-01  -1.8629E+00   1.0646E-01   2.7465E-02   3.0488E-01
   2006.67   1.1440E+01  -6.1121E+01  -8.4075E+01   1.1774E+00   3.0481E-01  -1.6865E+00   9.6347E-02   2.4943E-02   2.7601E-01
   2006.75   1.1411E+01  -6.1224E+01  -8.4048E+01   1.0722E+00   2.7845E-01  -1.5363E+00   8.7739E-02   2.2786E-02   2.5142E-01
   2006.83   1.1389E+01  -6.1317E+01  -8.4020E+01   9.8541E-01   2.5655E-01  -1.4122E+00   8.0636E-02   2.0994E-02   2.3112E-01
   2006.92   1.1375E+01  -6.1399E+01  -8.3993E+01   9.1701E-01   2.3911E-01  -1.3144E+00   7.5039E-02   1.9567E-02   2.1511E-01
   2007.00   1.1367E+01  -6.1471E+01  -8.3966E+01   8.6701E-01   2.2614E-01  -1.2427E+00   7.0947E-02   1.8505E-02   2.0338E-01
   2007.08   1.1366E+01  -6.1532E+01  -8.3939E+01   8.3540E-01   2.1763E-01  -1.1972E+00   6.8361E-02   1.7808E-02   1.9593E-01
   2007.17   1.1372E+01  -6.1582E+01  -8.3913E+01   8.2218E-01   2.1358E-01  -1.1779E+00   6.7279E-02   1.7477E-02   1.9277E-01
   2007.25   1.1385E+01  -6.1622E+01  -8.3886E+01   8.2736E-01   2.1399E-01  -1.1847E+00   6.7703E-02   1.7511E-02   1.9390E-01
   2007.33   1.1405E+01  -6.1651E+01  -8.3860E+01   8.5094E-01   2.1886E-01  -1.2178E+00   6.9632E-02   1.7909E-02   1.9930E-01
   2007.42   1.1432E+01  -6.1670E+01  -8.3833E+01   8.9290E-01   2.2820E-01  -1.2770E+00   7.3067E-02   1.8673E-02   2.0900E-01
   2007.50   1.1466E+01  -6.1678E+01  -8.3807E+01   9.5327E-01   2.4200E-01  -1.3624E+00   7.8006E-02   1.9803E-02   2.2298E-01
   2007.58   1.1506E+01  -6.1676E+01  -8.3781E+01   1.0320E+00   2.6026E-01  -1.4740E+00   8.4451E-02   2.1297E-02   2.4124E-01
   2007.67   1.1554E+01  -6.1663E+01  -8.3755E+01   1.1292E+00   2.8298E-01  -1.6118E+00   9.2401E-02   2.3156E-02   2.6379E-01
   2007.75   1.1609E+01  -6.1639E+01  -8.3730E+01   1.2447E+00   3.1016E-01  -1.7757E+00   1.0186E-01   2.5381E-02   2.9062E-01
   2007.83   1.1671E+01  -6.1605E+01  -8.3704E+01   1.3787E+00   3.4181E-01  -1.9659E+00   1.1282E-01   2.7970E-02   3.2173E-01
   2007.92   1.1739E+01  -6.1560E+01  -8.3679E+01   1.5310E+00   3.7792E-01  -2.1822E+00   1.2528E-01   3.0925E-02   3.5714E-01
   2008.00   1.1815E+01  -6.1505E+01  -8.3653E+01   1.7017E+00   4.1849E-01  -2.4247E+00   1.3925E-01   3.4245E-02   3.9682E-01
   2008.08   1.1891E+01  -6.1449E+01  -8.3649E+01   1.8692E+00   4.5833E-01  -2.6625E+00   1.5295E-01   3.7506E-02   4.3574E-01
   2008.17   1.1959E+01  -6.1400E+01  -8.3686E+01   2.0115E+00   4.9225E-01  -2.8648E+00   1.6460E-01   4.0281E-02   4.6885E-01
   2008.25   1.2021E+01  -6.1360E+01  -8.3763E+01   2.1288E+00   5.2025E-01  -3.0316E+00   1.7420E-01   4.2572E-02   4.9615E-01
   2008.33   1.2076E+01  -6.1327E+01  -8.3883E+01   2.2211E+00   5.4233E-01  -3.1628E+00   1.8175E-01   4.4379E-02   5.1763E-01
   2008.42   1.2123E+01  -6.1303E+01  -8.4043E+01   2.2883E+00   5.5848E-01  -3.2586E+00   1.8725E-01   4.5700E-02   5.3330E-01
   2008.50   1.2164E+01  -6.1287E+01  -8.4245E+01   2.3305E+00   5.6871E-01  -3.3188E+00   1.9071E-01   4.6538E-02   5.4315E-01
   2008.58   1.2198E+01  -6.1279E+01  -8.4488E+01   2.3476E+00   5.7302E-01  -3.3435E+00   1.9211E-01   4.6890E-02   5.4719E-01
   2008.67   1.2224E+01  -6.1279E+01  -8.4772E+01   2.3397E+00   5.7140E-01  -3.3326E+00   1.9146E-01   4.6758E-02   5.4542E-01
   2008.75   1.2244E+01  -6.1287E+01  -8.5097E+01   2.3068E+00   5.6387E-01  -3.2863E+00   1.8876E-01   4.6141E-02   5.3784E-01
   2008.83   1.2257E+01  -6.1303E+01  -8.5464E+01   2.2488E+00   5.5041E-01  -3.2044E+00   1.8402E-01   4.5040E-02   5.2444E-01
   2008.92   1.2262E+01  -6.1327E+01  -8.5872E+01   2.1657E+00   5.3103E-01  -3.0870E+00   1.7722E-01   4.3454E-02   5.0523E-01
   2009.00   1.2261E+01  -6.1360E+01  -8.6321E+01   2.0576E+00   5.0572E-01  -2.9341E+00   1.6838E-01   4.1384E-02   4.8020E-01
   2009.08   1.2253E+01  -6.1400E+01  -8.6811E+01   1.9245E+00   4.7450E-01  -2.7457E+00   1.5748E-01   3.8828E-02   4.4937E-01
   2009.17   1.2238E+01  -6.1448E+01  -8.7343E+01   1.7663E+00   4.3735E-01  -2.5218E+00   1.4454E-01   3.5789E-02   4.1271E-01
   2009.25   1.2216E+01  -6.1505E+01  -8.7916E+01   1.5830E+00   3.9428E-01  -2.2623E+00   1.2954E-01   3.2264E-02   3.7025E-01
   2009.33   1.2186E+01  -6.1569E+01  -8.8530E+01   1.3748E+00   3.4529E-01  -1.9673E+00   1.1250E-01   2.8255E-02   3.2197E-01
   2009.42   1.2150E+01  -6.1642E+01  -8.9185E+01   1.1414E+00   2.9038E-01  -1.6368E+00   9.3405E-02   2.3762E-02   2.6788E-01
   2009.50   1.2107E+01  -6.1723E+01  -8.9882E+01   8.8307E-01   2.2954E-01  -1.2708E+00   7.2262E-02   1.8783E-02   2.0798E-01
   2009.58   1.2057E+01  -6.1811E+01  -9.0619E+01   5.9966E-01   1.6278E-01  -8.6922E-01   4.9070E-02   1.3321E-02   1.4226E-01
   2009.67   1.2000E+01  -6.1908E+01  -9.1399E+01   2.9119E-01   9.0102E-02  -4.3215E-01   2.3828E-02   7.3730E-03   7.0726E-02
   2009.75   1.1936E+01  -6.2013E+01  -9.2219E+01  -4.2318E-02   1.1499E-02   4.0439E-02  -3.4629E-03   9.4093E-04  -6.6182E-03
   2009.83   1.1865E+01  -6.2126E+01  -9.3080E+01  -4.0087E-01  -7.3027E-02   5.4855E-01  -3.2804E-02  -5.9758E-03  -8.9776E-02
   2009.92   1.1786E+01  -6.2247E+01  -9.3983E+01  -7.8447E-01  -1.6347E-01   1.0922E+00  -6.4194E-02  -1.3377E-02  -1.7875E-01
   2010.00   1.1701E+01  -6.2377E+01  -9.4927E+01  -1.1931E+00  -2.5984E-01   1.6713E+00  -9.7634E-02  -2.1263E-02  -2.7353E-01
   2010.08   1.1607E+01  -6.2508E+01  -9.5878E+01  -1.5969E+00  -3.5508E-01   2.2436E+00  -1.3067E-01  -2.9056E-02  -3.6718E-01
   2010.17   1.1502E+01  -6.2638E+01  -9.6801E+01  -1.9657E+00  -4.4212E-01   2.7664E+00  -1.6085E-01  -3.6179E-02  -4.5275E-01
   2010.25   1.1385E+01  -6.2765E+01  -9.7697E+01  -2.2997E+00  -5.2097E-01   3.2398E+00  -1.8818E-01  -4.2631E-02  -5.3023E-01
   2010.33   1.1258E+01  -6.2890E+01  -9.8564E+01  -2.5988E+00  -5.9162E-01   3.6638E+00  -2.1266E-01  -4.8413E-02  -5.9963E-01
   2010.42   1.1119E+01  -6.3012E+01  -9.9405E+01  -2.8630E+00  -6.5408E-01   4.0385E+00  -2.3428E-01  -5.3524E-02  -6.6094E-01
   2010.50   1.0969E+01  -6.3132E+01  -1.0022E+02  -3.0924E+00  -7.0835E-01   4.3637E+00  -2.5305E-01  -5.7964E-02  -7.1417E-01
   2010.58   1.0808E+01  -6.3250E+01  -1.0100E+02  -3.2869E+00  -7.5442E-01   4.6396E+00  -2.6897E-01  -6.1735E-02  -7.5932E-01
   2010.67   1.0636E+01  -6.3365E+01  -1.0176E+02  -3.4465E+00  -7.9230E-01   4.8661E+00  -2.8203E-01  -6.4834E-02  -7.9638E-01
   2010.75   1.0453E+01  -6.3477E+01  -1.0249E+02  -3.5712E+00  -8.2199E-01   5.0431E+00  -2.9223E-01  -6.7264E-02  -8.2536E-01
   2010.83   1.0258E+01  -6.3588E+01  -1.0319E+02  -3.6611E+00  -8.4348E-01   5.1708E+00  -2.9959E-01  -6.9023E-02  -8.4626E-01
   2010.92   1.0053E+01  -6.3695E+01  -1.0386E+02  -3.7160E+00  -8.5678E-01   5.2491E+00  -3.0409E-01  -7.0111E-02  -8.5907E-01
   2011.00   9.8362E+00  -6.3801E+01  -1.0451E+02  -3.7361E+00  -8.6189E-01   5.2780E+00  -3.0573E-01  -7.0529E-02  -8.6380E-01
   2011.08   9.6083E+00  -6.3904E+01  -1.0513E+02  -3.7214E+00  -8.5881E-01   5.2575E+00  -3.0452E-01  -7.0276E-02  -8.6045E-01
   2011.17   9.3693E+00  -6.4004E+01  -1.0572E+02  -3.6717E+00  -8.4753E-01   5.1876E+00  -3.0046E-01  -6.9353E-02  -8.4901E-01
   2011.25   9.1192E+00  -6.4103E+01  -1.0628E+02  -3.5872E+00  -8.2805E-01   5.0683E+00  -2.9354E-01  -6.7760E-02  -8.2949E-01
   2011.33   8.8579E+00  -6.4198E+01  -1.0682E+02  -3.4678E+00  -8.0039E-01   4.8997E+00  -2.8377E-01  -6.5496E-02  -8.0188E-01
   2011.42   8.5855E+00  -6.4292E+01  -1.0732E+02  -3.3135E+00  -7.6453E-01   4.6816E+00  -2.7115E-01  -6.2562E-02  -7.6619E-01
   2011.50   8.3019E+00  -6.4382E+01  -1.0780E+02  -3.1244E+00  -7.2048E-01   4.4141E+00  -2.5567E-01  -5.8957E-02  -7.2242E-01
   2011.58   8.0072E+00  -6.4471E+01  -1.0826E+02  -2.9004E+00  -6.6823E-01   4.0973E+00  -2.3734E-01  -5.4681E-02  -6.7056E-01
   2011.67   7.7013E+00  -6.4557E+01  -1.0868E+02  -2.6415E+00  -6.0779E-01   3.7310E+00  -2.1615E-01  -4.9736E-02  -6.1062E-01
   2011.75   7.3843E+00  -6.4641E+01  -1.0908E+02  -2.3477E+00  -5.3916E-01   3.3154E+00  -1.9211E-01  -4.4119E-02  -5.4260E-01
   2011.83   7.0562E+00  -6.4722E+01  -1.0945E+02  -2.0191E+00  -4.6233E-01   2.8504E+00  -1.6522E-01  -3.7833E-02  -4.6649E-01
   2011.92   6.7169E+00  -6.4801E+01  -1.0979E+02  -1.6556E+00  -3.7731E-01   2.3359E+00  -1.3547E-01  -3.0876E-02  -3.8230E-01
   2012.00   6.3665E+00  -6.4877E+01  -1.1010E+02  -1.2572E+00  -2.8410E-01   1.7721E+00  -1.0287E-01  -2.3248E-02  -2.9003E-01
