   1960.00   1.7759E+01   2.2769E+01   2.8421E+01   9.8257E-01  -3.4963E-01  -1.4617E+00   8.0404E-02  -2.8610E-02   2.3922E-01
   1960.08   1.7893E+01   2.2818E+01   2.8549E+01   1.4848E+00  -5.2838E-01  -2.2072E+00   1.2150E-01  -4.3238E-02   3.6124E-01
   1960.17   1.8018E+01   2.2861E+01   2.8650E+01   1.9506E+00  -6.9417E-01  -2.8987E+00   1.5962E-01  -5.6804E-02   4.7440E-01
   1960.25   1.8133E+01   2.2900E+01   2.8726E+01   2.3800E+00  -8.4700E-01  -3.5361E+00   1.9476E-01  -6.9311E-02   5.7873E-01
   1960.33   1.8240E+01   2.2933E+01   2.8775E+01   2.7730E+00  -9.8688E-01  -4.1195E+00   2.2691E-01  -8.0756E-02   6.7420E-01
   1960.42   1.8337E+01   2.2961E+01   2.8798E+01   3.1295E+00  -1.1138E+00  -4.6489E+00   2.5609E-01  -9.1142E-02   7.6084E-01
   1960.50   1.8425E+01   2.2984E+01   2.8796E+01   3.4497E+00  -1.2277E+00  -5.1241E+00   2.8229E-01  -1.0047E-01   8.3862E-01
   1960.58   1.8503E+01   2.3002E+01   2.8767E+01   3.7334E+00  -1.3287E+00  -5.5454E+00   3.0550E-01  -1.0873E-01   9.0756E-01
   1960.67   1.8573E+01   2.3014E+01   2.8711E+01   3.9807E+00  -1.4168E+00  -5.9125E+00   3.2574E-01  -1.1593E-01   9.6765E-01
   1960.75   1.8633E+01   2.3022E+01   2.8630E+01   4.1916E+00  -1.4918E+00  -6.2256E+00   3.4300E-01  -1.2208E-01   1.0189E+00
   1960.83   1.8684E+01   2.3024E+01   2.8523E+01   4.3660E+00  -1.5539E+00  -6.4847E+00   3.5727E-01  -1.2716E-01   1.0613E+00
   1960.92   1.8726E+01   2.3021E+01   2.8389E+01   4.5041E+00  -1.6031E+00  -6.6897E+00   3.6857E-01  -1.3118E-01   1.0948E+00
   1961.00   1.8759E+01   2.3013E+01   2.8230E+01   4.6057E+00  -1.6393E+00  -6.8407E+00   3.7689E-01  -1.3414E-01   1.1196E+00
   1961.08   1.8782E+01   2.3000E+01   2.8044E+01   4.6709E+00  -1.6625E+00  -6.9376E+00   3.8222E-01  -1.3604E-01   1.1354E+00
   1961.17   1.8796E+01   2.2982E+01   2.7832E+01   4.6997E+00  -1.6728E+00  -6.9804E+00   3.8458E-01  -1.3688E-01   1.1424E+00
   1961.25   1.8801E+01   2.2958E+01   2.7594E+01   4.6921E+00  -1.6701E+00  -6.9692E+00   3.8395E-01  -1.3666E-01   1.1406E+00
   1961.33   1.8797E+01   2.2930E+01   2.7330E+01   4.6480E+00  -1.6544E+00  -6.9040E+00   3.8035E-01  -1.3538E-01   1.1299E+00
   1961.42   1.8783E+01   2.2896E+01   2.7039E+01   4.5675E+00  -1.6258E+00  -6.7847E+00   3.7376E-01  -1.3304E-01   1.1104E+00
   1961.50   1.8761E+01   2.2857E+01   2.6723E+01   4.4507E+00  -1.5842E+00  -6.6113E+00   3.6420E-01  -1.2964E-01   1.0820E+00
   1961.58   1.8729E+01   2.2813E+01   2.6380E+01   4.2974E+00  -1.5297E+00  -6.3839E+00   3.5165E-01  -1.2518E-01   1.0448E+00
   1961.67   1.8688E+01   2.2764E+01   2.6012E+01   4.1076E+00  -1.4622E+00  -6.1024E+00   3.3613E-01  -1.1965E-01   9.9873E-01
   1961.75   1.8637E+01   2.2709E+01   2.5617E+01   3.8815E+00  -1.3817E+00  -5.7669E+00   3.1762E-01  -1.1307E-01   9.4382E-01
   1961.83   1.8578E+01   2.2650E+01   2.5196E+01   3.6189E+00  -1.2883E+00  -5.3774E+00   2.9614E-01  -1.0542E-01   8.8006E-01
   1961.92   1.8509E+01   2.2585E+01   2.4749E+01   3.3199E+00  -1.1820E+00  -4.9337E+00   2.7167E-01  -9.6720E-02   8.0746E-01
   1962.00   1.8431E+01   2.2515E+01   2.4276E+01   2.9845E+00  -1.0626E+00  -4.4361E+00   2.4423E-01  -8.6955E-02   7.2601E-01
   1962.08   1.8352E+01   2.2439E+01   2.3798E+01   2.6420E+00  -9.4073E-01  -3.9277E+00   2.1619E-01  -7.6980E-02   6.4281E-01
   1962.17   1.8280E+01   2.2356E+01   2.3337E+01   2.3214E+00  -8.2668E-01  -3.4521E+00   1.8996E-01  -6.7647E-02   5.6497E-01
   1962.25   1.8216E+01   2.2265E+01   2.2893E+01   2.0229E+00  -7.2047E-01  -3.0091E+00   1.6554E-01  -5.8957E-02   4.9247E-01
   1962.33   1.8158E+01   2.2167E+01   2.2465E+01   1.7465E+00  -6.2212E-01  -2.5988E+00   1.4292E-01  -5.0908E-02   4.2533E-01
   1962.42   1.8108E+01   2.2062E+01   2.2055E+01   1.4921E+00  -5.3160E-01  -2.2213E+00   1.2210E-01  -4.3501E-02   3.6354E-01
   1962.50   1.8065E+01   2.1950E+01   2.1661E+01   1.2597E+00  -4.4894E-01  -1.8764E+00   1.0308E-01  -3.6737E-02   3.0709E-01
   1962.58   1.8030E+01   2.1831E+01   2.1284E+01   1.0494E+00  -3.7411E-01  -1.5642E+00   8.5875E-02  -3.0614E-02   2.5601E-01
   1962.67   1.8001E+01   2.1704E+01   2.0924E+01   8.6117E-01  -3.0714E-01  -1.2848E+00   7.0470E-02  -2.5133E-02   2.1027E-01
   1962.75   1.7980E+01   2.1570E+01   2.0580E+01   6.9496E-01  -2.4801E-01  -1.0380E+00   5.6869E-02  -2.0294E-02   1.6988E-01
   1962.83   1.7966E+01   2.1429E+01   2.0253E+01   5.5079E-01  -1.9672E-01  -8.2393E-01   4.5072E-02  -1.6098E-02   1.3485E-01
   1962.92   1.7959E+01   2.1280E+01   1.9943E+01   4.2868E-01  -1.5328E-01  -6.4256E-01   3.5079E-02  -1.2543E-02   1.0516E-01
   1963.00   1.7959E+01   2.1124E+01   1.9650E+01   3.2861E-01  -1.1768E-01  -4.9388E-01   2.6890E-02  -9.6302E-03   8.0829E-02
   1963.08   1.7967E+01   2.0961E+01   1.9374E+01   2.5058E-01  -8.9935E-02  -3.7791E-01   2.0505E-02  -7.3594E-03   6.1848E-02
   1963.17   1.7982E+01   2.0791E+01   1.9115E+01   1.9460E-01  -7.0031E-02  -2.9463E-01   1.5924E-02  -5.7306E-03   4.8219E-02
   1963.25   1.8004E+01   2.0614E+01   1.8872E+01   1.6067E-01  -5.7971E-02  -2.4404E-01   1.3148E-02  -4.7438E-03   3.9940E-02
   1963.33   1.8033E+01   2.0429E+01   1.8646E+01   1.4879E-01  -5.3758E-02  -2.2616E-01   1.2175E-02  -4.3990E-03   3.7013E-02
   1963.42   1.8070E+01   2.0237E+01   1.8437E+01   1.5895E-01  -5.7389E-02  -2.4097E-01   1.3007E-02  -4.6962E-03   3.9438E-02
   1963.50   1.8113E+01   2.0038E+01   1.8245E+01   1.9116E-01  -6.8866E-02  -2.8848E-01   1.5642E-02  -5.6354E-03   4.7214E-02
   1963.58   1.8164E+01   1.9831E+01   1.8069E+01   2.4541E-01  -8.8189E-02  -3.6869E-01   2.0082E-02  -7.2165E-03   6.0341E-02
   1963.67   1.8222E+01   1.9618E+01   1.7910E+01   3.2171E-01  -1.1536E-01  -4.8160E-01   2.6326E-02  -9.4396E-03   7.8819E-02
   1963.75   1.8288E+01   1.9397E+01   1.7768E+01   4.2006E-01  -1.5037E-01  -6.2721E-01   3.4374E-02  -1.2305E-02   1.0265E-01
   1963.83   1.8360E+01   1.9168E+01   1.7643E+01   5.4046E-01  -1.9323E-01  -8.0551E-01   4.4226E-02  -1.5812E-02   1.3183E-01
   1963.92   1.8440E+01   1.8933E+01   1.7535E+01   6.8290E-01  -2.4393E-01  -1.0165E+00   5.5882E-02  -1.9961E-02   1.6636E-01
   1964.00   1.8527E+01   1.8690E+01   1.7443E+01   8.4739E-01  -3.0248E-01  -1.2602E+00   6.9342E-02  -2.4752E-02   2.0625E-01
   1964.08   1.8614E+01   1.8447E+01   1.7365E+01   1.0103E+00  -3.6046E-01  -1.5015E+00   8.2669E-02  -2.9497E-02   2.4574E-01
   1964.17   1.8694E+01   1.8211E+01   1.7297E+01   1.1478E+00  -4.0946E-01  -1.7054E+00   9.3926E-02  -3.3506E-02   2.7911E-01
   1964.25   1.8767E+01   1.7982E+01   1.7238E+01   1.2601E+00  -4.4947E-01  -1.8718E+00   1.0311E-01  -3.6780E-02   3.0634E-01
   1964.33   1.8832E+01   1.7760E+01   1.7190E+01   1.3470E+00  -4.8049E-01  -2.0008E+00   1.1023E-01  -3.9319E-02   3.2745E-01
   1964.42   1.8890E+01   1.7544E+01   1.7151E+01   1.4087E+00  -5.0253E-01  -2.0923E+00   1.1527E-01  -4.1123E-02   3.4243E-01
   1964.50   1.8941E+01   1.7335E+01   1.7122E+01   1.4450E+00  -5.1559E-01  -2.1464E+00   1.1825E-01  -4.2191E-02   3.5128E-01
   1964.58   1.8985E+01   1.7133E+01   1.7103E+01   1.4561E+00  -5.1967E-01  -2.1630E+00   1.1915E-01  -4.2524E-02   3.5399E-01
   1964.67   1.9022E+01   1.6938E+01   1.7094E+01   1.4419E+00  -5.1475E-01  -2.1421E+00   1.1799E-01  -4.2123E-02   3.5058E-01
   1964.75   1.9052E+01   1.6750E+01   1.7095E+01   1.4023E+00  -5.0086E-01  -2.0838E+00   1.1475E-01  -4.0985E-02   3.4104E-01
   1964.83   1.9074E+01   1.6569E+01   1.7106E+01   1.3375E+00  -4.7798E-01  -1.9881E+00   1.0944E-01  -3.9113E-02   3.2537E-01
   1964.92   1.9089E+01   1.6394E+01   1.7126E+01   1.2473E+00  -4.4612E-01  -1.8549E+00   1.0207E-01  -3.6506E-02   3.0358E-01
   1965.00   1.9097E+01   1.6227E+01   1.7157E+01   1.1319E+00  -4.0527E-01  -1.6843E+00   9.2620E-02  -3.3163E-02   2.7565E-01
   1965.08   1.9098E+01   1.6066E+01   1.7197E+01   9.9111E-01  -3.5543E-01  -1.4762E+00   8.1103E-02  -2.9085E-02   2.4159E-01
   1965.17   1.9092E+01   1.5912E+01   1.7248E+01   8.2505E-01  -2.9662E-01  -1.2306E+00   6.7515E-02  -2.4272E-02   2.0140E-01
   1965.25   1.9078E+01   1.5765E+01   1.7308E+01   6.3370E-01  -2.2881E-01  -9.4760E-01   5.1856E-02  -1.8724E-02   1.5509E-01
   1965.33   1.9058E+01   1.5624E+01   1.7378E+01   4.1705E-01  -1.5203E-01  -6.2715E-01   3.4127E-02  -1.2441E-02   1.0264E-01
   1965.42   1.9030E+01   1.5491E+01   1.7458E+01   1.7509E-01  -6.6258E-02  -2.6924E-01   1.4328E-02  -5.4219E-03   4.4064E-02
   1965.50   1.8995E+01   1.5364E+01   1.7547E+01  -9.2166E-02   2.8497E-02   1.2612E-01  -7.5420E-03   2.3319E-03  -2.0641E-02
   1965.58   1.8953E+01   1.5244E+01   1.7647E+01  -3.8472E-01   1.3224E-01   5.5893E-01  -3.1482E-02   1.0821E-02  -9.1475E-02
   1965.67   1.8903E+01   1.5131E+01   1.7757E+01  -7.0258E-01   2.4496E-01   1.0292E+00  -5.7493E-02   2.0045E-02  -1.6844E-01
   1965.75   1.8847E+01   1.5025E+01   1.7876E+01  -1.0457E+00   3.6667E-01   1.5369E+00  -8.5574E-02   3.0005E-02  -2.5153E-01
   1965.83   1.8783E+01   1.4926E+01   1.8005E+01  -1.4142E+00   4.9736E-01   2.0821E+00  -1.1572E-01   4.0699E-02  -3.4075E-01
   1965.92   1.8712E+01   1.4833E+01   1.8145E+01  -1.8080E+00   6.3704E-01   2.6647E+00  -1.4795E-01   5.2129E-02  -4.3611E-01
   1966.00   1.8634E+01   1.4748E+01   1.8294E+01  -2.2270E+00   7.8570E-01   3.2848E+00  -1.8224E-01   6.4294E-02  -5.3759E-01
   1966.08   1.8561E+01   1.4662E+01   1.8454E+01  -2.6407E+00   9.3244E-01   3.8968E+00  -2.1609E-01   7.6302E-02  -6.3776E-01
   1966.17   1.8505E+01   1.4569E+01   1.8627E+01  -3.0181E+00   1.0663E+00   4.4554E+00  -2.4698E-01   8.7260E-02  -7.2917E-01
   1966.25   1.8467E+01   1.4470E+01   1.8813E+01  -3.3595E+00   1.1874E+00   4.9604E+00  -2.7491E-01   9.7168E-02  -8.1183E-01
   1966.33   1.8446E+01   1.4363E+01   1.9012E+01  -3.6646E+00   1.2957E+00   5.4120E+00  -2.9988E-01   1.0603E-01  -8.8573E-01
   1966.42   1.8442E+01   1.4249E+01   1.9223E+01  -3.9336E+00   1.3911E+00   5.8100E+00  -3.2189E-01   1.1383E-01  -9.5088E-01
   1966.50   1.8455E+01   1.4128E+01   1.9447E+01  -4.1665E+00   1.4737E+00   6.1546E+00  -3.4094E-01   1.2059E-01  -1.0073E+00
   1966.58   1.8486E+01   1.4001E+01   1.9684E+01  -4.3631E+00   1.5435E+00   6.4457E+00  -3.5704E-01   1.2630E-01  -1.0549E+00
   1966.67   1.8534E+01   1.3866E+01   1.9933E+01  -4.5237E+00   1.6004E+00   6.6833E+00  -3.7017E-01   1.3096E-01  -1.0938E+00
   1966.75   1.8599E+01   1.3724E+01   2.0196E+01  -4.6480E+00   1.6445E+00   6.8673E+00  -3.8035E-01   1.3457E-01  -1.1239E+00
   1966.83   1.8682E+01   1.3576E+01   2.0471E+01  -4.7363E+00   1.6758E+00   6.9979E+00  -3.8757E-01   1.3713E-01  -1.1453E+00
   1966.92   1.8782E+01   1.3420E+01   2.0758E+01  -4.7883E+00   1.6943E+00   7.0750E+00  -3.9183E-01   1.3864E-01  -1.1579E+00
   1967.00   1.8899E+01   1.3257E+01   2.1059E+01  -4.8042E+00   1.6999E+00   7.0986E+00  -3.9313E-01   1.3910E-01  -1.1618E+00
   1967.08   1.9033E+01   1.3088E+01   2.1372E+01  -4.7839E+00   1.6927E+00   7.0687E+00  -3.9147E-01   1.3851E-01  -1.1569E+00
   1967.17   1.9185E+01   1.2911E+01   2.1698E+01  -4.7275E+00   1.6726E+00   6.9853E+00  -3.8685E-01   1.3687E-01  -1.1432E+00
   1967.25   1.9354E+01   1.2728E+01   2.2037E+01  -4.6349E+00   1.6398E+00   6.8484E+00  -3.7928E-01   1.3418E-01  -1.1208E+00
   1967.33   1.9541E+01   1.2537E+01   2.2388E+01  -4.5062E+00   1.5941E+00   6.6580E+00  -3.6874E-01   1.3045E-01  -1.0897E+00
   1967.42   1.9744E+01   1.2339E+01   2.2753E+01  -4.3413E+00   1.5356E+00   6.4141E+00  -3.5525E-01   1.2566E-01  -1.0497E+00
   1967.50   1.9965E+01   1.2135E+01   2.3130E+01  -4.1402E+00   1.4642E+00   6.1167E+00  -3.3880E-01   1.1982E-01  -1.0011E+00
   1967.58   2.0204E+01   1.1923E+01   2.3519E+01  -3.9030E+00   1.3800E+00   5.7658E+00  -3.1938E-01   1.1293E-01  -9.4364E-01
   1967.67   2.0459E+01   1.1704E+01   2.3922E+01  -3.6296E+00   1.2830E+00   5.3615E+00  -2.9701E-01   1.0499E-01  -8.7746E-01
   1967.75   2.0732E+01   1.1479E+01   2.4337E+01  -3.3201E+00   1.1732E+00   4.9036E+00  -2.7168E-01   9.6004E-02  -8.0252E-01
   1967.83   2.1022E+01   1.1246E+01   2.4765E+01  -2.9744E+00   1.0506E+00   4.3922E+00  -2.4340E-01   8.5967E-02  -7.1883E-01
   1967.92   2.1330E+01   1.1007E+01   2.5205E+01  -2.5926E+00   9.1506E-01   3.8273E+00  -2.1215E-01   7.4880E-02  -6.2639E-01
   1968.00   2.1654E+01   1.0760E+01   2.5659E+01  -2.1745E+00   7.6674E-01   3.2090E+00  -1.7794E-01   6.2743E-02  -5.2518E-01
   1968.08   2.1982E+01   1.0519E+01   2.6109E+01  -1.7483E+00   6.1549E-01   2.5784E+00  -1.4306E-01   5.0366E-02  -4.2198E-01
   1968.17   2.2298E+01   1.0297E+01   2.6542E+01  -1.3416E+00   4.7121E-01   1.9768E+00  -1.0979E-01   3.8560E-02  -3.2353E-01
   1968.25   2.2602E+01   1.0092E+01   2.6956E+01  -9.5460E-01   3.3391E-01   1.4043E+00  -7.8116E-02   2.7324E-02  -2.2984E-01
   1968.33   2.2895E+01   9.9066E+00   2.7351E+01  -5.8721E-01   2.0356E-01   8.6088E-01  -4.8052E-02   1.6658E-02  -1.4089E-01
   1968.42   2.3176E+01   9.7391E+00   2.7729E+01  -2.3944E-01   8.0194E-02   3.4647E-01  -1.9594E-02   6.5623E-03  -5.6704E-02
   1968.50   2.3445E+01   9.5899E+00   2.8088E+01   8.8701E-02  -3.6208E-02  -1.3890E-01   7.2584E-03  -2.9629E-03   2.2732E-02
   1968.58   2.3703E+01   9.4591E+00   2.8428E+01   3.9722E-01  -1.4564E-01  -5.9522E-01   3.2504E-02  -1.1918E-02   9.7415E-02
   1968.67   2.3949E+01   9.3466E+00   2.8751E+01   6.8610E-01  -2.4810E-01  -1.0225E+00   5.6144E-02  -2.0302E-02   1.6734E-01
   1968.75   2.4183E+01   9.2524E+00   2.9055E+01   9.5537E-01  -3.4360E-01  -1.4207E+00   7.8178E-02  -2.8117E-02   2.3252E-01
   1968.83   2.4406E+01   9.1767E+00   2.9341E+01   1.2050E+00  -4.3212E-01  -1.7899E+00   9.8606E-02  -3.5361E-02   2.9294E-01
   1968.92   2.4617E+01   9.1192E+00   2.9608E+01   1.4350E+00  -5.1368E-01  -2.1301E+00   1.1743E-01  -4.2035E-02   3.4861E-01
   1969.00   2.4816E+01   9.0801E+00   2.9857E+01   1.6454E+00  -5.8826E-01  -2.4412E+00   1.3464E-01  -4.8138E-02   3.9953E-01
   1969.08   2.5004E+01   9.0594E+00   3.0088E+01   1.8361E+00  -6.5588E-01  -2.7233E+00   1.5025E-01  -5.3671E-02   4.4569E-01
   1969.17   2.5180E+01   9.0570E+00   3.0301E+01   2.0073E+00  -7.1653E-01  -2.9763E+00   1.6426E-01  -5.8634E-02   4.8710E-01
   1969.25   2.5345E+01   9.0729E+00   3.0495E+01   2.1588E+00  -7.7021E-01  -3.2002E+00   1.7665E-01  -6.3026E-02   5.2375E-01
   1969.33   2.5498E+01   9.1072E+00   3.0671E+01   2.2907E+00  -8.1692E-01  -3.3952E+00   1.8744E-01  -6.6849E-02   5.5566E-01
   1969.42   2.5639E+01   9.1598E+00   3.0828E+01   2.4029E+00  -8.5666E-01  -3.5611E+00   1.9663E-01  -7.0101E-02   5.8280E-01
   1969.50   2.5768E+01   9.2308E+00   3.0968E+01   2.4955E+00  -8.8943E-01  -3.6979E+00   2.0421E-01  -7.2782E-02   6.0520E-01
   1969.58   2.5886E+01   9.3201E+00   3.1089E+01   2.5685E+00  -9.1523E-01  -3.8057E+00   2.1018E-01  -7.4894E-02   6.2284E-01
   1969.67   2.5992E+01   9.4278E+00   3.1191E+01   2.6219E+00  -9.3406E-01  -3.8844E+00   2.1455E-01  -7.6435E-02   6.3573E-01
   1969.75   2.6087E+01   9.5538E+00   3.1276E+01   2.6556E+00  -9.4592E-01  -3.9342E+00   2.1731E-01  -7.7405E-02   6.4387E-01
   1969.83   2.6170E+01   9.6981E+00   3.1342E+01   2.6697E+00  -9.5082E-01  -3.9548E+00   2.1847E-01  -7.7806E-02   6.4725E-01
   1969.92   2.6241E+01   9.8608E+00   3.1389E+01   2.6642E+00  -9.4874E-01  -3.9464E+00   2.1802E-01  -7.7636E-02   6.4588E-01
   1970.00   2.6301E+01   1.0042E+01   3.1419E+01   2.6391E+00  -9.3970E-01  -3.9090E+00   2.1596E-01  -7.6896E-02   6.3975E-01
   1970.08   2.6351E+01   1.0236E+01   3.1438E+01   2.5977E+00  -9.2490E-01  -3.8475E+00   2.1257E-01  -7.5685E-02   6.2969E-01
   1970.17   2.6393E+01   1.0439E+01   3.1454E+01   2.5433E+00  -9.0557E-01  -3.7670E+00   2.0812E-01  -7.4103E-02   6.1651E-01
   1970.25   2.6426E+01   1.0650E+01   3.1467E+01   2.4761E+00  -8.8171E-01  -3.6675E+00   2.0262E-01  -7.2151E-02   6.0022E-01
   1970.33   2.6452E+01   1.0870E+01   3.1478E+01   2.3958E+00  -8.5332E-01  -3.5488E+00   1.9605E-01  -6.9828E-02   5.8081E-01
   1970.42   2.6470E+01   1.1098E+01   3.1486E+01   2.3027E+00  -8.2040E-01  -3.4112E+00   1.8843E-01  -6.7133E-02   5.5828E-01
   1970.50   2.6479E+01   1.1334E+01   3.1492E+01   2.1966E+00  -7.8294E-01  -3.2545E+00   1.7975E-01  -6.4068E-02   5.3263E-01
   1970.58   2.6481E+01   1.1579E+01   3.1494E+01   2.0776E+00  -7.4096E-01  -3.0787E+00   1.7001E-01  -6.0633E-02   5.0386E-01
   1970.67   2.6475E+01   1.1833E+01   3.1494E+01   1.9457E+00  -6.9444E-01  -2.8839E+00   1.5922E-01  -5.6826E-02   4.7198E-01
   1970.75   2.6460E+01   1.2094E+01   3.1492E+01   1.8008E+00  -6.4338E-01  -2.6700E+00   1.4736E-01  -5.2648E-02   4.3698E-01
   1970.83   2.6438E+01   1.2364E+01   3.1486E+01   1.6430E+00  -5.8780E-01  -2.4371E+00   1.3445E-01  -4.8100E-02   3.9886E-01
   1970.92   2.6407E+01   1.2643E+01   3.1478E+01   1.4723E+00  -5.2769E-01  -2.1852E+00   1.2048E-01  -4.3181E-02   3.5763E-01
   1971.00   2.6369E+01   1.2930E+01   3.1467E+01   1.2887E+00  -4.6304E-01  -1.9142E+00   1.0545E-01  -3.7891E-02   3.1328E-01
   1971.08   2.6322E+01   1.3225E+01   3.1454E+01   1.0921E+00  -3.9386E-01  -1.6241E+00   8.9364E-02  -3.2230E-02   2.6581E-01
   1971.17   2.6268E+01   1.3528E+01   3.1438E+01   8.8255E-01  -3.2015E-01  -1.3150E+00   7.2219E-02  -2.6198E-02   2.1522E-01
   1971.25   2.6205E+01   1.3841E+01   3.1419E+01   6.6010E-01  -2.4191E-01  -9.8688E-01   5.4016E-02  -1.9795E-02   1.6151E-01
   1971.33   2.6134E+01   1.4161E+01   3.1397E+01   4.2472E-01  -1.5913E-01  -6.3968E-01   3.4755E-02  -1.3022E-02   1.0469E-01
   1971.42   2.6056E+01   1.4490E+01   3.1373E+01   1.7641E-01  -7.1826E-02  -2.7344E-01   1.4436E-02  -5.8776E-03   4.4751E-02
   1971.50   2.5969E+01   1.4827E+01   3.1346E+01  -8.4833E-02   2.0012E-02   1.1186E-01  -6.9419E-03   1.6376E-03  -1.8306E-02
   1971.58   2.5874E+01   1.5173E+01   3.1316E+01  -3.5901E-01   1.1638E-01   5.1620E-01  -2.9378E-02   9.5237E-03  -8.4481E-02
   1971.67   2.5771E+01   1.5527E+01   3.1284E+01  -6.4611E-01   2.1729E-01   9.3959E-01  -5.2871E-02   1.7781E-02  -1.5377E-01
   1971.75   2.5661E+01   1.5889E+01   3.1249E+01  -9.4614E-01   3.2272E-01   1.3820E+00  -7.7423E-02   2.6408E-02  -2.2618E-01
   1971.83   2.5542E+01   1.6260E+01   3.1211E+01  -1.2591E+00   4.3269E-01   1.8435E+00  -1.0303E-01   3.5407E-02  -3.0171E-01
   1971.92   2.5415E+01   1.6640E+01   3.1170E+01  -1.5850E+00   5.4718E-01   2.3240E+00  -1.2970E-01   4.4776E-02  -3.8036E-01
   1972.00   2.5280E+01   1.7027E+01   3.1127E+01  -1.9238E+00   6.6621E-01   2.8236E+00  -1.5743E-01   5.4517E-02  -4.6212E-01
   1972.08   2.5144E+01   1.7418E+01   3.1088E+01  -2.2504E+00   7.8096E-01   3.3052E+00  -1.8415E-01   6.3906E-02  -5.4093E-01
   1972.17   2.5013E+01   1.7807E+01   3.1062E+01  -2.5397E+00   8.8259E-01   3.7317E+00  -2.0782E-01   7.2222E-02  -6.1073E-01
   1972.25   2.4888E+01   1.8193E+01   3.1047E+01  -2.7915E+00   9.7111E-01   4.1031E+00  -2.2843E-01   7.9466E-02  -6.7151E-01
   1972.33   2.4769E+01   1.8577E+01   3.1043E+01  -3.0060E+00   1.0465E+00   4.4194E+00  -2.4598E-01   8.5637E-02  -7.2328E-01
   1972.42   2.4655E+01   1.8960E+01   3.1052E+01  -3.1831E+00   1.1088E+00   4.6806E+00  -2.6047E-01   9.0735E-02  -7.6604E-01
   1972.50   2.4547E+01   1.9339E+01   3.1073E+01  -3.3228E+00   1.1580E+00   4.8868E+00  -2.7190E-01   9.4760E-02  -7.9978E-01
   1972.58   2.4444E+01   1.9717E+01   3.1105E+01  -3.4251E+00   1.1941E+00   5.0379E+00  -2.8028E-01   9.7713E-02  -8.2450E-01
   1972.67   2.4347E+01   2.0093E+01   3.1149E+01  -3.4900E+00   1.2171E+00   5.1339E+00  -2.8559E-01   9.9592E-02  -8.4021E-01
   1972.75   2.4256E+01   2.0466E+01   3.1205E+01  -3.5176E+00   1.2269E+00   5.1748E+00  -2.8785E-01   1.0040E-01  -8.4691E-01
   1972.83   2.4170E+01   2.0837E+01   3.1273E+01  -3.5078E+00   1.2237E+00   5.1606E+00  -2.8704E-01   1.0013E-01  -8.4459E-01
   1972.92   2.4090E+01   2.1206E+01   3.1353E+01  -3.4606E+00   1.2073E+00   5.0914E+00  -2.8318E-01   9.8794E-02  -8.3325E-01
   1973.00   2.4015E+01   2.1573E+01   3.1444E+01  -3.3760E+00   1.1778E+00   4.9670E+00  -2.7626E-01   9.6383E-02  -8.1291E-01
   1973.08   2.3946E+01   2.1938E+01   3.1547E+01  -3.2541E+00   1.1353E+00   4.7876E+00  -2.6628E-01   9.2898E-02  -7.8354E-01
   1973.17   2.3882E+01   2.2300E+01   3.1663E+01  -3.0947E+00   1.0796E+00   4.5531E+00  -2.5324E-01   8.8341E-02  -7.4516E-01
   1973.25   2.3824E+01   2.2660E+01   3.1790E+01  -2.8980E+00   1.0108E+00   4.2635E+00  -2.3715E-01   8.2711E-02  -6.9777E-01
   1973.33   2.3772E+01   2.3019E+01   3.1928E+01  -2.6639E+00   9.2885E-01   3.9188E+00  -2.1799E-01   7.6008E-02  -6.4136E-01
   1973.42   2.3725E+01   2.3374E+01   3.2079E+01  -2.3925E+00   8.3383E-01   3.5191E+00  -1.9578E-01   6.8232E-02  -5.7594E-01
   1973.50   2.3684E+01   2.3728E+01   3.2242E+01  -2.0836E+00   7.2570E-01   3.0643E+00  -1.7050E-01   5.9384E-02  -5.0150E-01
   1973.58   2.3648E+01   2.4080E+01   3.2416E+01  -1.7374E+00   6.0445E-01   2.5544E+00  -1.4217E-01   4.9463E-02  -4.1805E-01
   1973.67   2.3618E+01   2.4429E+01   3.2602E+01  -1.3538E+00   4.7010E-01   1.9894E+00  -1.1078E-01   3.8469E-02  -3.2558E-01
   1973.75   2.3594E+01   2.4776E+01   3.2800E+01  -9.3278E-01   3.2264E-01   1.3693E+00  -7.6330E-02   2.6402E-02  -2.2410E-01
   1973.83   2.3575E+01   2.5121E+01   3.3010E+01  -4.7441E-01   1.6207E-01   6.9413E-01  -3.8821E-02   1.3262E-02  -1.1360E-01
   1973.92   2.3562E+01   2.5464E+01   3.3232E+01   2.1336E-02  -1.1618E-02  -3.6107E-02   1.7459E-03  -9.5067E-04   5.9092E-03
   1974.00   2.3554E+01   2.5805E+01   3.3465E+01   5.5446E-01  -1.9841E-01  -8.2143E-01   4.5372E-02  -1.6236E-02   1.3444E-01
   1974.08   2.3543E+01   2.6144E+01   3.3692E+01   1.0830E+00  -3.8360E-01  -1.5999E+00   8.8619E-02  -3.1390E-02   2.6185E-01
   1974.17   2.3521E+01   2.6481E+01   3.3894E+01   1.5648E+00  -5.5248E-01  -2.3098E+00   1.2805E-01  -4.5209E-02   3.7802E-01
   1974.25   2.3488E+01   2.6818E+01   3.4070E+01   2.0000E+00  -7.0504E-01  -2.9509E+00   1.6366E-01  -5.7693E-02   4.8295E-01
   1974.33   2.3443E+01   2.7152E+01   3.4222E+01   2.3885E+00  -8.4128E-01  -3.5234E+00   1.9545E-01  -6.8842E-02   5.7664E-01
   1974.42   2.3387E+01   2.7486E+01   3.4348E+01   2.7304E+00  -9.6121E-01  -4.0272E+00   2.2343E-01  -7.8656E-02   6.5909E-01
   1974.50   2.3319E+01   2.7818E+01   3.4449E+01   3.0257E+00  -1.0648E+00  -4.4623E+00   2.4759E-01  -8.7135E-02   7.3030E-01
   1974.58   2.3240E+01   2.8149E+01   3.4525E+01   3.2742E+00  -1.1521E+00  -4.8287E+00   2.6793E-01  -9.4279E-02   7.9027E-01
   1974.67   2.3150E+01   2.8479E+01   3.4576E+01   3.4762E+00  -1.2231E+00  -5.1264E+00   2.8446E-01  -1.0009E-01   8.3899E-01
   1974.75   2.3048E+01   2.8807E+01   3.4602E+01   3.6315E+00  -1.2778E+00  -5.3555E+00   2.9716E-01  -1.0456E-01   8.7648E-01
   1974.83   2.2935E+01   2.9134E+01   3.4602E+01   3.7401E+00  -1.3161E+00  -5.5158E+00   3.0605E-01  -1.0770E-01   9.0272E-01
   1974.92   2.2811E+01   2.9460E+01   3.4578E+01   3.8021E+00  -1.3382E+00  -5.6075E+00   3.1113E-01  -1.0950E-01   9.1772E-01
   1975.00   2.2675E+01   2.9784E+01   3.4528E+01   3.8174E+00  -1.3439E+00  -5.6305E+00   3.1238E-01  -1.0997E-01   9.2149E-01
   1975.08   2.2527E+01   3.0107E+01   3.4453E+01   3.7861E+00  -1.3333E+00  -5.5848E+00   3.0982E-01  -1.0911E-01   9.1401E-01
   1975.17   2.2369E+01   3.0429E+01   3.4353E+01   3.7082E+00  -1.3064E+00  -5.4704E+00   3.0344E-01  -1.0690E-01   8.9529E-01
   1975.25   2.2199E+01   3.0750E+01   3.4228E+01   3.5835E+00  -1.2632E+00  -5.2873E+00   2.9324E-01  -1.0337E-01   8.6533E-01
   1975.33   2.2017E+01   3.1069E+01   3.4078E+01   3.4123E+00  -1.2036E+00  -5.0356E+00   2.7923E-01  -9.8495E-02   8.2412E-01
   1975.42   2.1825E+01   3.1386E+01   3.3903E+01   3.1944E+00  -1.1278E+00  -4.7151E+00   2.6140E-01  -9.2288E-02   7.7168E-01
   1975.50   2.1620E+01   3.1703E+01   3.3703E+01   2.9298E+00  -1.0356E+00  -4.3260E+00   2.3975E-01  -8.4746E-02   7.0800E-01
   1975.58   2.1405E+01   3.2018E+01   3.3477E+01   2.6186E+00  -9.2714E-01  -3.8682E+00   2.1428E-01  -7.5869E-02   6.3307E-01
   1975.67   2.1178E+01   3.2332E+01   3.3226E+01   2.2607E+00  -8.0235E-01  -3.3417E+00   1.8499E-01  -6.5656E-02   5.4690E-01
   1975.75   2.0940E+01   3.2644E+01   3.2950E+01   1.8562E+00  -6.6124E-01  -2.7465E+00   1.5189E-01  -5.4109E-02   4.4950E-01
   1975.83   2.0690E+01   3.2955E+01   3.2649E+01   1.4050E+00  -5.0381E-01  -2.0826E+00   1.1497E-01  -4.1227E-02   3.4085E-01
   1975.92   2.0429E+01   3.3265E+01   3.2323E+01   9.0719E-01  -3.3007E-01  -1.3501E+00   7.4236E-02  -2.7009E-02   2.2096E-01
   1976.00   2.0156E+01   3.3574E+01   3.1972E+01   3.6272E-01  -1.4001E-01  -5.4886E-01   2.9681E-02  -1.1457E-02   8.9826E-02
   1976.08   1.9878E+01   3.3880E+01   3.1612E+01  -1.8306E-01   5.0533E-02   2.5433E-01  -1.4980E-02   4.1351E-03  -4.1625E-02
   1976.17   1.9598E+01   3.4184E+01   3.1260E+01  -6.8480E-01   2.2573E-01   9.9275E-01  -5.6038E-02   1.8471E-02  -1.6247E-01
   1976.25   1.9317E+01   3.4486E+01   3.0915E+01  -1.1425E+00   3.8558E-01   1.6664E+00  -9.3492E-02   3.1552E-02  -2.7272E-01
   1976.33   1.9035E+01   3.4785E+01   3.0578E+01  -1.5562E+00   5.3008E-01   2.2753E+00  -1.2734E-01   4.3376E-02  -3.7237E-01
   1976.42   1.8752E+01   3.5081E+01   3.0249E+01  -1.9258E+00   6.5923E-01   2.8194E+00  -1.5759E-01   5.3945E-02  -4.6142E-01
   1976.50   1.8468E+01   3.5375E+01   2.9928E+01  -2.2514E+00   7.7304E-01   3.2987E+00  -1.8423E-01   6.3258E-02  -5.3987E-01
   1976.58   1.8183E+01   3.5666E+01   2.9614E+01  -2.5330E+00   8.7150E-01   3.7132E+00  -2.0727E-01   7.1315E-02  -6.0771E-01
   1976.67   1.7897E+01   3.5955E+01   2.9308E+01  -2.7705E+00   9.5462E-01   4.0630E+00  -2.2671E-01   7.8117E-02  -6.6496E-01
   1976.75   1.7610E+01   3.6241E+01   2.9010E+01  -2.9640E+00   1.0224E+00   4.3480E+00  -2.4254E-01   8.3662E-02  -7.1160E-01
   1976.83   1.7322E+01   3.6525E+01   2.8719E+01  -3.1134E+00   1.0748E+00   4.5683E+00  -2.5477E-01   8.7952E-02  -7.4765E-01
   1976.92   1.7032E+01   3.6806E+01   2.8436E+01  -3.2188E+00   1.1119E+00   4.7237E+00  -2.6340E-01   9.0986E-02  -7.7309E-01
   1977.00   1.6742E+01   3.7085E+01   2.8161E+01  -3.2802E+00   1.1336E+00   4.8144E+00  -2.6842E-01   9.2764E-02  -7.8793E-01
   1977.08   1.6450E+01   3.7361E+01   2.7893E+01  -3.2976E+00   1.1400E+00   4.8403E+00  -2.6984E-01   9.3286E-02  -7.9217E-01
   1977.17   1.6158E+01   3.7634E+01   2.7634E+01  -3.2709E+00   1.1310E+00   4.8015E+00  -2.6766E-01   9.2553E-02  -7.8581E-01
   1977.25   1.5864E+01   3.7905E+01   2.7382E+01  -3.2001E+00   1.1067E+00   4.6978E+00  -2.6187E-01   9.0563E-02  -7.6885E-01
   1977.33   1.5569E+01   3.8174E+01   2.7137E+01  -3.0854E+00   1.0671E+00   4.5294E+00  -2.5248E-01   8.7318E-02  -7.4129E-01
   1977.42   1.5274E+01   3.8439E+01   2.6900E+01  -2.9266E+00   1.0121E+00   4.2962E+00  -2.3948E-01   8.2817E-02  -7.0313E-01
   1977.50   1.4977E+01   3.8703E+01   2.6671E+01  -2.7237E+00   9.4171E-01   3.9983E+00  -2.2288E-01   7.7060E-02  -6.5436E-01
   1977.58   1.4679E+01   3.8964E+01   2.6450E+01  -2.4768E+00   8.5601E-01   3.6356E+00  -2.0268E-01   7.0048E-02  -5.9500E-01
   1977.67   1.4380E+01   3.9222E+01   2.6237E+01  -2.1859E+00   7.5497E-01   3.2081E+00  -1.7887E-01   6.1779E-02  -5.2503E-01
   1977.75   1.4080E+01   3.9478E+01   2.6031E+01  -1.8510E+00   6.3858E-01   2.7158E+00  -1.5147E-01   5.2255E-02  -4.4447E-01
   1977.83   1.3779E+01   3.9731E+01   2.5833E+01  -1.4720E+00   5.0684E-01   2.1587E+00  -1.2045E-01   4.1475E-02  -3.5330E-01
   1977.92   1.3477E+01   3.9981E+01   2.5642E+01  -1.0490E+00   3.5975E-01   1.5369E+00  -8.5836E-02   2.9439E-02  -2.5154E-01
   1978.00   1.3174E+01   4.0230E+01   2.5459E+01  -5.8189E-01   1.9732E-01   8.5034E-01  -4.7616E-02   1.6147E-02  -1.3917E-01
   1978.08   1.2868E+01   4.0466E+01   2.5278E+01  -1.1369E-01   3.4453E-02   1.6203E-01  -9.3029E-03   2.8193E-03  -2.6518E-02
   1978.17   1.2558E+01   4.0681E+01   2.5091E+01   3.1277E-01  -1.1395E-01  -4.6494E-01   2.5594E-02  -9.3245E-03   7.6093E-02
   1978.25   1.2243E+01   4.0875E+01   2.4899E+01   6.9747E-01  -2.4788E-01  -1.0306E+00   5.7074E-02  -2.0284E-02   1.6866E-01
   1978.33   1.1924E+01   4.1048E+01   2.4701E+01   1.0404E+00  -3.6735E-01  -1.5349E+00   8.5138E-02  -3.0060E-02   2.5120E-01
   1978.42   1.1600E+01   4.1200E+01   2.4498E+01   1.3416E+00  -4.7235E-01  -1.9778E+00   1.0978E-01  -3.8652E-02   3.2369E-01
   1978.50   1.1272E+01   4.1331E+01   2.4290E+01   1.6011E+00  -5.6288E-01  -2.3594E+00   1.3102E-01  -4.6060E-02   3.8615E-01
   1978.58   1.0939E+01   4.1441E+01   2.4076E+01   1.8188E+00  -6.3894E-01  -2.6797E+00   1.4883E-01  -5.2285E-02   4.3857E-01
   1978.67   1.0602E+01   4.1530E+01   2.3857E+01   1.9947E+00  -7.0053E-01  -2.9387E+00   1.6323E-01  -5.7325E-02   4.8094E-01
   1978.75   1.0261E+01   4.1598E+01   2.3632E+01   2.1289E+00  -7.4766E-01  -3.1363E+00   1.7421E-01  -6.1181E-02   5.1328E-01
   1978.83   9.9152E+00   4.1644E+01   2.3403E+01   2.2213E+00  -7.8032E-01  -3.2725E+00   1.8177E-01  -6.3854E-02   5.3558E-01
   1978.92   9.5650E+00   4.1670E+01   2.3168E+01   2.2720E+00  -7.9851E-01  -3.3475E+00   1.8592E-01  -6.5342E-02   5.4785E-01
   1979.00   9.2103E+00   4.1675E+01   2.2927E+01   2.2809E+00  -8.0223E-01  -3.3610E+00   1.8665E-01  -6.5647E-02   5.5007E-01
   1979.08   8.8512E+00   4.1658E+01   2.2681E+01   2.2481E+00  -7.9148E-01  -3.3133E+00   1.8397E-01  -6.4767E-02   5.4226E-01
   1979.17   8.4877E+00   4.1621E+01   2.2430E+01   2.1736E+00  -7.6627E-01  -3.2042E+00   1.7786E-01  -6.2704E-02   5.2440E-01
   1979.25   8.1197E+00   4.1562E+01   2.2174E+01   2.0572E+00  -7.2659E-01  -3.0338E+00   1.6834E-01  -5.9457E-02   4.9651E-01
   1979.33   7.7473E+00   4.1482E+01   2.1912E+01   1.8992E+00  -6.7244E-01  -2.8020E+00   1.5541E-01  -5.5026E-02   4.5858E-01
   1979.42   7.3705E+00   4.1381E+01   2.1645E+01   1.6993E+00  -6.0382E-01  -2.5089E+00   1.3906E-01  -4.9411E-02   4.1061E-01
   1979.50   6.9893E+00   4.1260E+01   2.1372E+01   1.4578E+00  -5.2074E-01  -2.1545E+00   1.1929E-01  -4.2612E-02   3.5260E-01
   1979.58   6.6036E+00   4.1117E+01   2.1094E+01   1.1744E+00  -4.2318E-01  -1.7387E+00   9.6105E-02  -3.4629E-02   2.8455E-01
   1979.67   6.2135E+00   4.0953E+01   2.0811E+01   8.4937E-01  -3.1116E-01  -1.2616E+00   6.9504E-02  -2.5462E-02   2.0647E-01
   1979.75   5.8190E+00   4.0768E+01   2.0523E+01   4.8254E-01  -1.8467E-01  -7.2309E-01   3.9486E-02  -1.5112E-02   1.1834E-01
   1979.83   5.4200E+00   4.0561E+01   2.0229E+01   7.3955E-02  -4.3713E-02  -1.2330E-01   6.0517E-03  -3.5771E-03   2.0179E-02
   1979.92   5.0166E+00   4.0334E+01   1.9929E+01  -3.7638E-01   1.1171E-01   5.3784E-01  -3.0799E-02   9.1415E-03  -8.8023E-02
   1980.00   4.6088E+00   4.0086E+01   1.9625E+01  -8.6846E-01   2.8161E-01   1.2603E+00  -7.1067E-02   2.3044E-02  -2.0626E-01
   1980.08   4.2061E+00   3.9835E+01   1.9327E+01  -1.3623E+00   4.5214E-01   1.9854E+00  -1.1148E-01   3.6999E-02  -3.2494E-01
   1980.17   3.8181E+00   3.9598E+01   1.9047E+01  -1.8180E+00   6.0949E-01   2.6545E+00  -1.4877E-01   4.9875E-02  -4.3443E-01
   1980.25   3.4449E+00   3.9376E+01   1.8786E+01  -2.2355E+00   7.5365E-01   3.2675E+00  -1.8293E-01   6.1671E-02  -5.3476E-01
   1980.33   3.0864E+00   3.9168E+01   1.8542E+01  -2.6148E+00   8.8462E-01   3.8244E+00  -2.1397E-01   7.2389E-02  -6.2591E-01
   1980.42   2.7427E+00   3.8975E+01   1.8318E+01  -2.9559E+00   1.0024E+00   4.3253E+00  -2.4188E-01   8.2027E-02  -7.0788E-01
   1980.50   2.4137E+00   3.8797E+01   1.8111E+01  -3.2588E+00   1.1070E+00   4.7701E+00  -2.6667E-01   9.0587E-02  -7.8068E-01
   1980.58   2.0994E+00   3.8634E+01   1.7923E+01  -3.5235E+00   1.1984E+00   5.1589E+00  -2.8833E-01   9.8067E-02  -8.4431E-01
   1980.67   1.7998E+00   3.8485E+01   1.7754E+01  -3.7500E+00   1.2766E+00   5.4916E+00  -3.0687E-01   1.0447E-01  -8.9876E-01
   1980.75   1.5150E+00   3.8351E+01   1.7602E+01  -3.9384E+00   1.3417E+00   5.7683E+00  -3.2228E-01   1.0979E-01  -9.4404E-01
   1980.83   1.2449E+00   3.8232E+01   1.7469E+01  -4.0885E+00   1.3935E+00   5.9889E+00  -3.3457E-01   1.1403E-01  -9.8014E-01
   1980.92   9.8956E-01   3.8127E+01   1.7355E+01  -4.2005E+00   1.4322E+00   6.1534E+00  -3.4373E-01   1.1720E-01  -1.0071E+00
   1981.00   7.4893E-01   3.8037E+01   1.7259E+01  -4.2743E+00   1.4577E+00   6.2619E+00  -3.4976E-01   1.1928E-01  -1.0248E+00
   1981.08   5.2304E-01   3.7962E+01   1.7181E+01  -4.3098E+00   1.4700E+00   6.3143E+00  -3.5268E-01   1.2029E-01  -1.0334E+00
   1981.17   3.1187E-01   3.7901E+01   1.7121E+01  -4.3072E+00   1.4691E+00   6.3107E+00  -3.5246E-01   1.2021E-01  -1.0328E+00
   1981.25   1.1544E-01   3.7855E+01   1.7080E+01  -4.2664E+00   1.4550E+00   6.2510E+00  -3.4912E-01   1.1906E-01  -1.0230E+00
   1981.33  -6.6257E-02   3.7824E+01   1.7057E+01  -4.1874E+00   1.4277E+00   6.1353E+00  -3.4266E-01   1.1683E-01  -1.0041E+00
   1981.42  -2.3323E-01   3.7807E+01   1.7052E+01  -4.0702E+00   1.3873E+00   5.9635E+00  -3.3307E-01   1.1352E-01  -9.7599E-01
   1981.50  -3.8546E-01   3.7805E+01   1.7066E+01  -3.9148E+00   1.3336E+00   5.7356E+00  -3.2035E-01   1.0913E-01  -9.3869E-01
   1981.58  -5.2296E-01   3.7818E+01   1.7099E+01  -3.7213E+00   1.2668E+00   5.4517E+00  -3.0451E-01   1.0366E-01  -8.9223E-01
   1981.67  -6.4574E-01   3.7846E+01   1.7149E+01  -3.4895E+00   1.1868E+00   5.1117E+00  -2.8555E-01   9.7114E-02  -8.3659E-01
   1981.75  -7.5378E-01   3.7888E+01   1.7218E+01  -3.2196E+00   1.0936E+00   4.7157E+00  -2.6346E-01   8.9487E-02  -7.7177E-01
   1981.83  -8.4709E-01   3.7944E+01   1.7305E+01  -2.9114E+00   9.8718E-01   4.2636E+00  -2.3824E-01   8.0781E-02  -6.9778E-01
   1981.92  -9.2566E-01   3.8016E+01   1.7411E+01  -2.5651E+00   8.6760E-01   3.7554E+00  -2.0990E-01   7.0996E-02  -6.1462E-01
   1982.00  -9.8951E-01   3.8102E+01   1.7535E+01  -2.1806E+00   7.3483E-01   3.1912E+00  -1.7844E-01   6.0132E-02  -5.2228E-01
   1982.08  -1.0511E+00   3.8191E+01   1.7667E+01  -1.7848E+00   5.9821E-01   2.6106E+00  -1.4605E-01   4.8952E-02  -4.2725E-01
   1982.17  -1.1230E+00   3.8270E+01   1.7798E+01  -1.4048E+00   4.6706E-01   2.0530E+00  -1.1496E-01   3.8219E-02  -3.3600E-01
   1982.25  -1.2052E+00   3.8339E+01   1.7928E+01  -1.0405E+00   3.4137E-01   1.5185E+00  -8.5147E-02   2.7935E-02  -2.4852E-01
   1982.33  -1.2977E+00   3.8399E+01   1.8056E+01  -6.9200E-01   2.2116E-01   1.0072E+00  -5.6626E-02   1.8098E-02  -1.6484E-01
   1982.42  -1.4005E+00   3.8449E+01   1.8183E+01  -3.5920E-01   1.0642E-01   5.1893E-01  -2.9393E-02   8.7086E-03  -8.4928E-02
   1982.50  -1.5136E+00   3.8490E+01   1.8309E+01  -4.2137E-02  -2.8482E-03   5.3786E-02  -3.4481E-03  -2.3307E-04  -8.8026E-03
   1982.58  -1.6370E+00   3.8521E+01   1.8433E+01   2.5919E-01  -1.0665E-01  -3.8825E-01   2.1209E-02  -8.7270E-03   6.3541E-02
   1982.67  -1.7706E+00   3.8542E+01   1.8556E+01   5.4477E-01  -2.0498E-01  -8.0718E-01   4.4579E-02  -1.6773E-02   1.3210E-01
   1982.75  -1.9146E+00   3.8554E+01   1.8678E+01   8.1462E-01  -2.9783E-01  -1.2030E+00   6.6661E-02  -2.4372E-02   1.9688E-01
   1982.83  -2.0688E+00   3.8556E+01   1.8798E+01   1.0687E+00  -3.8522E-01  -1.5757E+00   8.7455E-02  -3.1523E-02   2.5788E-01
   1982.92  -2.2334E+00   3.8549E+01   1.8917E+01   1.3071E+00  -4.6714E-01  -1.9253E+00   1.0696E-01  -3.8226E-02   3.1510E-01
   1983.00  -2.4082E+00   3.8532E+01   1.9034E+01   1.5297E+00  -5.4359E-01  -2.2518E+00   1.2518E-01  -4.4482E-02   3.6853E-01
   1983.08  -2.5933E+00   3.8505E+01   1.9151E+01   1.7366E+00  -6.1456E-01  -2.5552E+00   1.4211E-01  -5.0290E-02   4.1819E-01
   1983.17  -2.7887E+00   3.8469E+01   1.9265E+01   1.9278E+00  -6.8007E-01  -2.8355E+00   1.5775E-01  -5.5650E-02   4.6406E-01
   1983.25  -2.9944E+00   3.8424E+01   1.9379E+01   2.1032E+00  -7.4010E-01  -3.0927E+00   1.7211E-01  -6.0563E-02   5.0615E-01
   1983.33  -3.2104E+00   3.8368E+01   1.9491E+01   2.2629E+00  -7.9467E-01  -3.3267E+00   1.8518E-01  -6.5028E-02   5.4446E-01
   1983.42  -3.4367E+00   3.8303E+01   1.9602E+01   2.4069E+00  -8.4376E-01  -3.5377E+00   1.9695E-01  -6.9045E-02   5.7899E-01
   1983.50  -3.6732E+00   3.8229E+01   1.9711E+01   2.5351E+00  -8.8738E-01  -3.7256E+00   2.0745E-01  -7.2615E-02   6.0973E-01
   1983.58  -3.9201E+00   3.8144E+01   1.9819E+01   2.6475E+00  -9.2553E-01  -3.8903E+00   2.1665E-01  -7.5737E-02   6.3669E-01
   1983.67  -4.1772E+00   3.8051E+01   1.9926E+01   2.7443E+00  -9.5821E-01  -4.0320E+00   2.2457E-01  -7.8411E-02   6.5987E-01
   1983.75  -4.4447E+00   3.7947E+01   2.0031E+01   2.8253E+00  -9.8542E-01  -4.1505E+00   2.3119E-01  -8.0638E-02   6.7927E-01
   1983.83  -4.7224E+00   3.7834E+01   2.0135E+01   2.8905E+00  -1.0072E+00  -4.2459E+00   2.3653E-01  -8.2417E-02   6.9489E-01
   1983.92  -5.0104E+00   3.7712E+01   2.0237E+01   2.9401E+00  -1.0234E+00  -4.3183E+00   2.4059E-01  -8.3748E-02   7.0673E-01
   1984.00  -5.3087E+00   3.7579E+01   2.0339E+01   2.9738E+00  -1.0342E+00  -4.3675E+00   2.4335E-01  -8.4632E-02   7.1478E-01
   1984.08  -5.6034E+00   3.7442E+01   2.0441E+01   2.9992E+00  -1.0421E+00  -4.4043E+00   2.4543E-01  -8.5276E-02   7.2081E-01
   1984.17  -5.8807E+00   3.7305E+01   2.0547E+01   3.0234E+00  -1.0496E+00  -4.4394E+00   2.4741E-01  -8.5888E-02   7.2656E-01
   1984.25  -6.1404E+00   3.7167E+01   2.0657E+01   3.0464E+00  -1.0567E+00  -4.4729E+00   2.4929E-01  -8.6470E-02   7.3204E-01
   1984.33  -6.3826E+00   3.7029E+01   2.0771E+01   3.0683E+00  -1.0634E+00  -4.5047E+00   2.5108E-01  -8.7019E-02   7.3724E-01
   1984.42  -6.6073E+00   3.6891E+01   2.0889E+01   3.0891E+00  -1.0697E+00  -4.5348E+00   2.5278E-01  -8.7537E-02   7.4217E-01
   1984.50  -6.8145E+00   3.6752E+01   2.1010E+01   3.1087E+00  -1.0757E+00  -4.5633E+00   2.5439E-01  -8.8024E-02   7.4683E-01
   1984.58  -7.0042E+00   3.6613E+01   2.1136E+01   3.1272E+00  -1.0813E+00  -4.5900E+00   2.5590E-01  -8.8479E-02   7.5121E-01
   1984.67  -7.1764E+00   3.6474E+01   2.1265E+01   3.1445E+00  -1.0864E+00  -4.6151E+00   2.5732E-01  -8.8903E-02   7.5531E-01
   1984.75  -7.3311E+00   3.6334E+01   2.1398E+01   3.1607E+00  -1.0912E+00  -4.6385E+00   2.5864E-01  -8.9296E-02   7.5914E-01
   1984.83  -7.4683E+00   3.6194E+01   2.1534E+01   3.1757E+00  -1.0956E+00  -4.6603E+00   2.5987E-01  -8.9656E-02   7.6270E-01
   1984.92  -7.5880E+00   3.6054E+01   2.1675E+01   3.1896E+00  -1.0997E+00  -4.6803E+00   2.6101E-01  -8.9986E-02   7.6598E-01
   1985.00  -7.6902E+00   3.5913E+01   2.1819E+01   3.2023E+00  -1.1033E+00  -4.6987E+00   2.6205E-01  -9.0284E-02   7.6899E-01
   1985.08  -7.7749E+00   3.5772E+01   2.1968E+01   3.2139E+00  -1.1066E+00  -4.7154E+00   2.6300E-01  -9.0550E-02   7.7173E-01
   1985.17  -7.8421E+00   3.5631E+01   2.2120E+01   3.2244E+00  -1.1094E+00  -4.7304E+00   2.6385E-01  -9.0785E-02   7.7418E-01
   1985.25  -7.8918E+00   3.5490E+01   2.2275E+01   3.2337E+00  -1.1119E+00  -4.7438E+00   2.6461E-01  -9.0989E-02   7.7637E-01
   1985.33  -7.9240E+00   3.5348E+01   2.2435E+01   3.2418E+00  -1.1140E+00  -4.7555E+00   2.6528E-01  -9.1161E-02   7.7828E-01
   1985.42  -7.9387E+00   3.5206E+01   2.2598E+01   3.2489E+00  -1.1157E+00  -4.7654E+00   2.6586E-01  -9.1301E-02   7.7992E-01
   1985.50  -7.9359E+00   3.5063E+01   2.2766E+01   3.2547E+00  -1.1171E+00  -4.7738E+00   2.6634E-01  -9.1410E-02   7.8128E-01
   1985.58  -7.9156E+00   3.4921E+01   2.2937E+01   3.2594E+00  -1.1180E+00  -4.7804E+00   2.6672E-01  -9.1488E-02   7.8237E-01
   1985.67  -7.8778E+00   3.4778E+01   2.3111E+01   3.2630E+00  -1.1186E+00  -4.7854E+00   2.6701E-01  -9.1534E-02   7.8318E-01
   1985.75  -7.8225E+00   3.4634E+01   2.3290E+01   3.2654E+00  -1.1188E+00  -4.7887E+00   2.6721E-01  -9.1549E-02   7.8372E-01
   1985.83  -7.7497E+00   3.4491E+01   2.3473E+01   3.2667E+00  -1.1186E+00  -4.7903E+00   2.6732E-01  -9.1532E-02   7.8398E-01
   1985.92  -7.6594E+00   3.4347E+01   2.3659E+01   3.2669E+00  -1.1180E+00  -4.7902E+00   2.6733E-01  -9.1484E-02   7.8397E-01
   1986.00  -7.5516E+00   3.4202E+01   2.3849E+01   3.2659E+00  -1.1170E+00  -4.7885E+00   2.6725E-01  -9.1404E-02   7.8369E-01
   1986.08  -7.4368E+00   3.4059E+01   2.4036E+01   3.2535E+00  -1.1122E+00  -4.7702E+00   2.6624E-01  -9.1014E-02   7.8069E-01
   1986.17  -7.3254E+00   3.3917E+01   2.4213E+01   3.2196E+00  -1.1003E+00  -4.7204E+00   2.6346E-01  -9.0034E-02   7.7254E-01
   1986.25  -7.2174E+00   3.3777E+01   2.4381E+01   3.1642E+00  -1.0811E+00  -4.6391E+00   2.5893E-01  -8.8465E-02   7.5924E-01
   1986.33  -7.1128E+00   3.3639E+01   2.4538E+01   3.0873E+00  -1.0547E+00  -4.5264E+00   2.5263E-01  -8.6307E-02   7.4080E-01
   1986.42  -7.0116E+00   3.3503E+01   2.4686E+01   2.9888E+00  -1.0211E+00  -4.3822E+00   2.4457E-01  -8.3559E-02   7.1720E-01
   1986.50  -6.9139E+00   3.3368E+01   2.4823E+01   2.8688E+00  -9.8035E-01  -4.2065E+00   2.3475E-01  -8.0223E-02   6.8845E-01
   1986.58  -6.8196E+00   3.3235E+01   2.4951E+01   2.7272E+00  -9.3237E-01  -3.9994E+00   2.2317E-01  -7.6296E-02   6.5455E-01
   1986.67  -6.7287E+00   3.3104E+01   2.5069E+01   2.5642E+00  -8.7719E-01  -3.7608E+00   2.0983E-01  -7.1781E-02   6.1550E-01
   1986.75  -6.6412E+00   3.2974E+01   2.5177E+01   2.3796E+00  -8.1480E-01  -3.4907E+00   1.9472E-01  -6.6676E-02   5.7129E-01
   1986.83  -6.5572E+00   3.2847E+01   2.5275E+01   2.1735E+00  -7.4522E-01  -3.1892E+00   1.7785E-01  -6.0981E-02   5.2194E-01
   1986.92  -6.4766E+00   3.2721E+01   2.5364E+01   1.9458E+00  -6.6843E-01  -2.8562E+00   1.5922E-01  -5.4698E-02   4.6744E-01
   1987.00  -6.3993E+00   3.2597E+01   2.5442E+01   1.6966E+00  -5.8444E-01  -2.4917E+00   1.3883E-01  -4.7825E-02   4.0779E-01
   1987.08  -6.3256E+00   3.2475E+01   2.5511E+01   1.4259E+00  -4.9325E-01  -2.0957E+00   1.1668E-01  -4.0362E-02   3.4298E-01
   1987.17  -6.2552E+00   3.2354E+01   2.5569E+01   1.1336E+00  -3.9485E-01  -1.6683E+00   9.2764E-02  -3.2311E-02   2.7303E-01
   1987.25  -6.1882E+00   3.2235E+01   2.5618E+01   8.1983E-01  -2.8925E-01  -1.2094E+00   6.7087E-02  -2.3670E-02   1.9792E-01
   1987.33  -6.1247E+00   3.2118E+01   2.5657E+01   4.8451E-01  -1.7645E-01  -7.1898E-01   3.9647E-02  -1.4439E-02   1.1767E-01
   1987.42  -6.0646E+00   3.2003E+01   2.5686E+01   1.2766E-01  -5.6454E-02  -1.9714E-01   1.0446E-02  -4.6196E-03   3.2264E-02
   1987.50  -6.0079E+00   3.1890E+01   2.5706E+01  -2.5072E-01   7.0750E-02   3.5618E-01  -2.0517E-02   5.7895E-03  -5.8293E-02
   1987.58  -5.9547E+00   3.1778E+01   2.5715E+01  -6.5064E-01   2.0515E-01   9.4097E-01  -5.3242E-02   1.6788E-02  -1.5400E-01
   1987.67  -5.9048E+00   3.1668E+01   2.5714E+01  -1.0721E+00   3.4676E-01   1.5572E+00  -8.7729E-02   2.8376E-02  -2.5486E-01
   1987.75  -5.8584E+00   3.1560E+01   2.5704E+01  -1.5151E+00   4.9557E-01   2.2050E+00  -1.2398E-01   4.0553E-02  -3.6087E-01
   1987.83  -5.8154E+00   3.1453E+01   2.5684E+01  -1.9796E+00   6.5158E-01   2.8842E+00  -1.6199E-01   5.3319E-02  -4.7202E-01
   1987.92  -5.7758E+00   3.1349E+01   2.5653E+01  -2.4656E+00   8.1480E-01   3.5948E+00  -2.0176E-01   6.6675E-02  -5.8833E-01
   1988.00  -5.7397E+00   3.1246E+01   2.5613E+01  -2.9732E+00   9.8521E-01   4.3370E+00  -2.4330E-01   8.0620E-02  -7.0979E-01
   1988.08  -5.7038E+00   3.1142E+01   2.5566E+01  -3.4697E+00   1.1519E+00   5.0629E+00  -2.8392E-01   9.4260E-02  -8.2860E-01
   1988.17  -5.6651E+00   3.1032E+01   2.5512E+01  -3.9224E+00   1.3039E+00   5.7249E+00  -3.2097E-01   1.0670E-01  -9.3694E-01
   1988.25  -5.6235E+00   3.0918E+01   2.5453E+01  -4.3315E+00   1.4412E+00   6.3230E+00  -3.5445E-01   1.1794E-01  -1.0348E+00
   1988.33  -5.5790E+00   3.0799E+01   2.5387E+01  -4.6969E+00   1.5639E+00   6.8572E+00  -3.8435E-01   1.2797E-01  -1.1223E+00
   1988.42  -5.5316E+00   3.0675E+01   2.5316E+01  -5.0185E+00   1.6719E+00   7.3275E+00  -4.1067E-01   1.3681E-01  -1.1992E+00
   1988.50  -5.4814E+00   3.0546E+01   2.5240E+01  -5.2964E+00   1.7652E+00   7.7339E+00  -4.3341E-01   1.4445E-01  -1.2657E+00
   1988.58  -5.4284E+00   3.0413E+01   2.5157E+01  -5.5307E+00   1.8439E+00   8.0764E+00  -4.5258E-01   1.5088E-01  -1.3218E+00
   1988.67  -5.3724E+00   3.0274E+01   2.5069E+01  -5.7212E+00   1.9078E+00   8.3549E+00  -4.6817E-01   1.5612E-01  -1.3674E+00
   1988.75  -5.3136E+00   3.0131E+01   2.4975E+01  -5.8680E+00   1.9571E+00   8.5696E+00  -4.8018E-01   1.6015E-01  -1.4025E+00
   1988.83  -5.2519E+00   2.9982E+01   2.4875E+01  -5.9711E+00   1.9918E+00   8.7204E+00  -4.8862E-01   1.6299E-01  -1.4272E+00
   1988.92  -5.1874E+00   2.9829E+01   2.4770E+01  -6.0305E+00   2.0117E+00   8.8072E+00  -4.9348E-01   1.6462E-01  -1.4414E+00
   1989.00  -5.1200E+00   2.9671E+01   2.4659E+01  -6.0462E+00   2.0170E+00   8.8301E+00  -4.9476E-01   1.6505E-01  -1.4451E+00
   1989.08  -5.0497E+00   2.9508E+01   2.4541E+01  -6.0182E+00   2.0076E+00   8.7892E+00  -4.9247E-01   1.6429E-01  -1.4384E+00
   1989.17  -4.9766E+00   2.9340E+01   2.4419E+01  -5.9465E+00   1.9836E+00   8.6843E+00  -4.8660E-01   1.6232E-01  -1.4213E+00
   1989.25  -4.9006E+00   2.9168E+01   2.4290E+01  -5.8311E+00   1.9448E+00   8.5155E+00  -4.7716E-01   1.5915E-01  -1.3937E+00
   1989.33  -4.8217E+00   2.8990E+01   2.4156E+01  -5.6719E+00   1.8914E+00   8.2828E+00  -4.6414E-01   1.5478E-01  -1.3556E+00
   1989.42  -4.7400E+00   2.8808E+01   2.4016E+01  -5.4691E+00   1.8234E+00   7.9862E+00  -4.4754E-01   1.4921E-01  -1.3070E+00
   1989.50  -4.6554E+00   2.8620E+01   2.3870E+01  -5.2225E+00   1.7406E+00   7.6257E+00  -4.2736E-01   1.4244E-01  -1.2480E+00
   1989.58  -4.5680E+00   2.8428E+01   2.3718E+01  -4.9323E+00   1.6432E+00   7.2012E+00  -4.0361E-01   1.3446E-01  -1.1786E+00
   1989.67  -4.4776E+00   2.8231E+01   2.3561E+01  -4.5983E+00   1.5311E+00   6.7129E+00  -3.7628E-01   1.2529E-01  -1.0986E+00
   1989.75  -4.3844E+00   2.8029E+01   2.3397E+01  -4.2206E+00   1.4044E+00   6.1607E+00  -3.4537E-01   1.1492E-01  -1.0083E+00
   1989.83  -4.2884E+00   2.7822E+01   2.3228E+01  -3.7992E+00   1.2629E+00   5.5445E+00  -3.1089E-01   1.0335E-01  -9.0742E-01
   1989.92  -4.1894E+00   2.7611E+01   2.3054E+01  -3.3341E+00   1.1068E+00   4.8645E+00  -2.7283E-01   9.0571E-02  -7.9612E-01
   1990.00  -4.0877E+00   2.7394E+01   2.2873E+01  -2.8253E+00   9.3604E-01   4.1205E+00  -2.3120E-01   7.6596E-02  -6.7437E-01
   1990.08  -3.9820E+00   2.7188E+01   2.2694E+01  -2.3087E+00   7.6262E-01   3.3651E+00  -1.8892E-01   6.2406E-02  -5.5073E-01
   1990.17  -3.8717E+00   2.7008E+01   2.2522E+01  -1.8201E+00   5.9861E-01   2.6507E+00  -1.4894E-01   4.8984E-02  -4.3381E-01
   1990.25  -3.7565E+00   2.6853E+01   2.2359E+01  -1.3595E+00   4.4399E-01   1.9772E+00  -1.1125E-01   3.6332E-02  -3.2359E-01
   1990.33  -3.6366E+00   2.6724E+01   2.2203E+01  -9.2697E-01   2.9877E-01   1.3447E+00  -7.5855E-02   2.4448E-02  -2.2008E-01
   1990.42  -3.5119E+00   2.6621E+01   2.2055E+01  -5.2247E-01   1.6295E-01   7.5326E-01  -4.2754E-02   1.3334E-02  -1.2328E-01
   1990.50  -3.3825E+00   2.6544E+01   2.1914E+01  -1.4600E-01   3.6528E-02   2.0277E-01  -1.1947E-02   2.9891E-03  -3.3185E-02
   1990.58  -3.2482E+00   2.6492E+01   2.1782E+01   2.0243E-01  -8.0496E-02  -3.0674E-01   1.6565E-02  -6.5870E-03   5.0201E-02
   1990.67  -3.1092E+00   2.6466E+01   2.1657E+01   5.2284E-01  -1.8812E-01  -7.7526E-01   4.2784E-02  -1.5394E-02   1.2688E-01
   1990.75  -2.9655E+00   2.6466E+01   2.1541E+01   8.1520E-01  -2.8635E-01  -1.2028E+00   6.6709E-02  -2.3432E-02   1.9685E-01
   1990.83  -2.8169E+00   2.6492E+01   2.1432E+01   1.0795E+00  -3.7517E-01  -1.5893E+00   8.8339E-02  -3.0701E-02   2.6011E-01
   1990.92  -2.6636E+00   2.6543E+01   2.1331E+01   1.3158E+00  -4.5460E-01  -1.9349E+00   1.0768E-01  -3.7200E-02   3.1667E-01
   1991.00  -2.5055E+00   2.6621E+01   2.1238E+01   1.5241E+00  -5.2463E-01  -2.2395E+00   1.2472E-01  -4.2931E-02   3.6651E-01
   1991.08  -2.3427E+00   2.6724E+01   2.1153E+01   1.7043E+00  -5.8526E-01  -2.5031E+00   1.3947E-01  -4.7892E-02   4.0965E-01
   1991.17  -2.1751E+00   2.6852E+01   2.1075E+01   1.8565E+00  -6.3650E-01  -2.7257E+00   1.5192E-01  -5.2085E-02   4.4609E-01
   1991.25  -2.0027E+00   2.7007E+01   2.1006E+01   1.9807E+00  -6.7833E-01  -2.9073E+00   1.6208E-01  -5.5508E-02   4.7581E-01
   1991.33  -1.8255E+00   2.7187E+01   2.0944E+01   2.0768E+00  -7.1077E-01  -3.0479E+00   1.6995E-01  -5.8162E-02   4.9883E-01
   1991.42  -1.6436E+00   2.7393E+01   2.0890E+01   2.1449E+00  -7.3380E-01  -3.1476E+00   1.7552E-01  -6.0047E-02   5.1513E-01
   1991.50  -1.4569E+00   2.7625E+01   2.0844E+01   2.1850E+00  -7.4744E-01  -3.2062E+00   1.7880E-01  -6.1163E-02   5.2473E-01
   1991.58  -1.2654E+00   2.7882E+01   2.0806E+01   2.1970E+00  -7.5168E-01  -3.2239E+00   1.7978E-01  -6.1510E-02   5.2763E-01
   1991.67  -1.0692E+00   2.8166E+01   2.0775E+01   2.1810E+00  -7.4652E-01  -3.2006E+00   1.7847E-01  -6.1088E-02   5.2381E-01
   1991.75  -8.6820E-01   2.8475E+01   2.0753E+01   2.1370E+00  -7.3196E-01  -3.1363E+00   1.7487E-01  -5.9897E-02   5.1329E-01
   1991.83  -6.6243E-01   2.8810E+01   2.0738E+01   2.0649E+00  -7.0801E-01  -3.0310E+00   1.6897E-01  -5.7937E-02   4.9606E-01
   1991.92  -4.5188E-01   2.9170E+01   2.0731E+01   1.9648E+00  -6.7465E-01  -2.8847E+00   1.6078E-01  -5.5207E-02   4.7212E-01
   1992.00  -2.3657E-01   2.9557E+01   2.0732E+01   1.8367E+00  -6.3190E-01  -2.6975E+00   1.5029E-01  -5.1709E-02   4.4147E-01
   1992.08  -2.1277E-02   2.9951E+01   2.0742E+01   1.7014E+00  -5.8674E-01  -2.4998E+00   1.3923E-01  -4.8013E-02   4.0913E-01
   1992.17   1.8920E-01   3.0336E+01   2.0760E+01   1.5801E+00  -5.4616E-01  -2.3225E+00   1.2930E-01  -4.4692E-02   3.8010E-01
   1992.25   3.9486E-01   3.0711E+01   2.0787E+01   1.4727E+00  -5.1016E-01  -2.1654E+00   1.2051E-01  -4.1747E-02   3.5438E-01
   1992.33   5.9570E-01   3.1076E+01   2.0822E+01   1.3792E+00  -4.7874E-01  -2.0285E+00   1.1286E-01  -3.9176E-02   3.3198E-01
   1992.42   7.9173E-01   3.1431E+01   2.0867E+01   1.2995E+00  -4.5191E-01  -1.9119E+00   1.0634E-01  -3.6980E-02   3.1290E-01
   1992.50   9.8294E-01   3.1777E+01   2.0920E+01   1.2338E+00  -4.2966E-01  -1.8155E+00   1.0096E-01  -3.5159E-02   2.9713E-01
   1992.58   1.1693E+00   3.2113E+01   2.0982E+01   1.1819E+00  -4.1199E-01  -1.7394E+00   9.6715E-02  -3.3713E-02   2.8467E-01
   1992.67   1.3509E+00   3.2440E+01   2.1053E+01   1.1439E+00  -3.9890E-01  -1.6835E+00   9.3608E-02  -3.2642E-02   2.7552E-01
   1992.75   1.5277E+00   3.2756E+01   2.1133E+01   1.1198E+00  -3.9040E-01  -1.6479E+00   9.1637E-02  -3.1946E-02   2.6970E-01
   1992.83   1.6996E+00   3.3063E+01   2.1222E+01   1.1097E+00  -3.8647E-01  -1.6325E+00   9.0804E-02  -3.1625E-02   2.6718E-01
   1992.92   1.8667E+00   3.3360E+01   2.1319E+01   1.1134E+00  -3.8713E-01  -1.6374E+00   9.1107E-02  -3.1679E-02   2.6798E-01
   1993.00   2.0290E+00   3.3648E+01   2.1425E+01   1.1310E+00  -3.9237E-01  -1.6626E+00   9.2546E-02  -3.2108E-02   2.7210E-01
   1993.08   2.1865E+00   3.3925E+01   2.1540E+01   1.1624E+00  -4.0220E-01  -1.7080E+00   9.5123E-02  -3.2912E-02   2.7953E-01
   1993.17   2.3392E+00   3.4194E+01   2.1664E+01   1.2078E+00  -4.1660E-01  -1.7736E+00   9.8836E-02  -3.4091E-02   2.9027E-01
   1993.25   2.4871E+00   3.4452E+01   2.1797E+01   1.2671E+00  -4.3559E-01  -1.8595E+00   1.0369E-01  -3.5644E-02   3.0433E-01
   1993.33   2.6301E+00   3.4700E+01   2.1938E+01   1.3402E+00  -4.5916E-01  -1.9656E+00   1.0967E-01  -3.7573E-02   3.2170E-01
   1993.42   2.7684E+00   3.4939E+01   2.2088E+01   1.4273E+00  -4.8731E-01  -2.0920E+00   1.1680E-01  -3.9877E-02   3.4238E-01
   1993.50   2.9018E+00   3.5168E+01   2.2247E+01   1.5282E+00  -5.2004E-01  -2.2387E+00   1.2506E-01  -4.2555E-02   3.6638E-01
   1993.58   3.0304E+00   3.5388E+01   2.2415E+01   1.6431E+00  -5.5736E-01  -2.4056E+00   1.3445E-01  -4.5609E-02   3.9370E-01
   1993.67   3.1541E+00   3.5598E+01   2.2592E+01   1.7718E+00  -5.9925E-01  -2.5927E+00   1.4499E-01  -4.9037E-02   4.2433E-01
   1993.75   3.2731E+00   3.5798E+01   2.2777E+01   1.9144E+00  -6.4573E-01  -2.8001E+00   1.5666E-01  -5.2841E-02   4.5827E-01
   1993.83   3.3873E+00   3.5988E+01   2.2971E+01   2.0709E+00  -6.9680E-01  -3.0278E+00   1.6946E-01  -5.7019E-02   4.9553E-01
   1993.92   3.4966E+00   3.6168E+01   2.3175E+01   2.2413E+00  -7.5244E-01  -3.2757E+00   1.8341E-01  -6.1572E-02   5.3610E-01
   1994.00   3.6011E+00   3.6339E+01   2.3386E+01   2.4256E+00  -8.1267E-01  -3.5439E+00   1.9849E-01  -6.6501E-02   5.7999E-01
   1994.08   3.7000E+00   3.6506E+01   2.3601E+01   2.6084E+00  -8.7242E-01  -3.8099E+00   2.1345E-01  -7.1390E-02   6.2353E-01
   1994.17   3.7924E+00   3.6675E+01   2.3813E+01   2.7744E+00  -9.2665E-01  -4.0514E+00   2.2703E-01  -7.5828E-02   6.6305E-01
   1994.25   3.8784E+00   3.6847E+01   2.4021E+01   2.9235E+00  -9.7535E-01  -4.2683E+00   2.3923E-01  -7.9813E-02   6.9855E-01
   1994.33   3.9579E+00   3.7021E+01   2.4226E+01   3.0558E+00  -1.0185E+00  -4.4607E+00   2.5006E-01  -8.3346E-02   7.3005E-01
   1994.42   4.0310E+00   3.7196E+01   2.4428E+01   3.1712E+00  -1.0562E+00  -4.6286E+00   2.5950E-01  -8.6426E-02   7.5752E-01
   1994.50   4.0976E+00   3.7374E+01   2.4627E+01   3.2698E+00  -1.0883E+00  -4.7720E+00   2.6757E-01  -8.9055E-02   7.8098E-01
   1994.58   4.1578E+00   3.7555E+01   2.4823E+01   3.3515E+00  -1.1149E+00  -4.8908E+00   2.7426E-01  -9.1231E-02   8.0043E-01
   1994.67   4.2116E+00   3.7737E+01   2.5015E+01   3.4164E+00  -1.1359E+00  -4.9851E+00   2.7957E-01  -9.2954E-02   8.1586E-01
   1994.75   4.2589E+00   3.7922E+01   2.5205E+01   3.4645E+00  -1.1515E+00  -5.0548E+00   2.8350E-01  -9.4226E-02   8.2728E-01
   1994.83   4.2997E+00   3.8109E+01   2.5391E+01   3.4957E+00  -1.1615E+00  -5.1000E+00   2.8605E-01  -9.5045E-02   8.3468E-01
   1994.92   4.3341E+00   3.8298E+01   2.5574E+01   3.5100E+00  -1.1660E+00  -5.1207E+00   2.8723E-01  -9.5412E-02   8.3806E-01
   1995.00   4.3620E+00   3.8489E+01   2.5754E+01   3.5075E+00  -1.1649E+00  -5.1169E+00   2.8702E-01  -9.5326E-02   8.3743E-01
   1995.08   4.3835E+00   3.8682E+01   2.5930E+01   3.4882E+00  -1.1584E+00  -5.0885E+00   2.8544E-01  -9.4789E-02   8.3279E-01
   1995.17   4.3986E+00   3.8878E+01   2.6104E+01   3.4520E+00  -1.1463E+00  -5.0356E+00   2.8248E-01  -9.3799E-02   8.2413E-01
   1995.25   4.4072E+00   3.9076E+01   2.6274E+01   3.3990E+00  -1.1286E+00  -4.9582E+00   2.7814E-01  -9.2357E-02   8.1146E-01
   1995.33   4.4093E+00   3.9276E+01   2.6442E+01   3.3291E+00  -1.1055E+00  -4.8562E+00   2.7242E-01  -9.0462E-02   7.9477E-01
   1995.42   4.4050E+00   3.9478E+01   2.6606E+01   3.2424E+00  -1.0768E+00  -4.7297E+00   2.6533E-01  -8.8116E-02   7.7406E-01
   1995.50   4.3943E+00   3.9682E+01   2.6767E+01   3.1388E+00  -1.0426E+00  -4.5786E+00   2.5685E-01  -8.5317E-02   7.4934E-01
   1995.58   4.3770E+00   3.9889E+01   2.6924E+01   3.0184E+00  -1.0029E+00  -4.4031E+00   2.4700E-01  -8.2065E-02   7.2061E-01
   1995.67   4.3534E+00   4.0097E+01   2.7079E+01   2.8811E+00  -9.5761E-01  -4.2030E+00   2.3576E-01  -7.8362E-02   6.8786E-01
   1995.75   4.3233E+00   4.0308E+01   2.7230E+01   2.7270E+00  -9.0683E-01  -3.9783E+00   2.2315E-01  -7.4206E-02   6.5109E-01
   1995.83   4.2867E+00   4.0521E+01   2.7379E+01   2.5561E+00  -8.5051E-01  -3.7291E+00   2.0917E-01  -6.9598E-02   6.1031E-01
   1995.92   4.2438E+00   4.0737E+01   2.7524E+01   2.3683E+00  -7.8867E-01  -3.4554E+00   1.9380E-01  -6.4538E-02   5.6552E-01
   1996.00   4.1943E+00   4.0954E+01   2.7666E+01   2.1636E+00  -7.2131E-01  -3.1572E+00   1.7705E-01  -5.9025E-02   5.1671E-01
   1996.08   4.1420E+00   4.1164E+01   2.7806E+01   1.9500E+00  -6.5102E-01  -2.8458E+00   1.5957E-01  -5.3273E-02   4.6575E-01
   1996.17   4.0906E+00   4.1355E+01   2.7947E+01   1.7351E+00  -5.8042E-01  -2.5328E+00   1.4198E-01  -4.7496E-02   4.1451E-01
   1996.25   4.0400E+00   4.1527E+01   2.8089E+01   1.5190E+00  -5.0950E-01  -2.2179E+00   1.2430E-01  -4.1692E-02   3.6299E-01
   1996.33   3.9903E+00   4.1681E+01   2.8231E+01   1.3017E+00  -4.3826E-01  -1.9014E+00   1.0651E-01  -3.5863E-02   3.1119E-01
   1996.42   3.9413E+00   4.1817E+01   2.8374E+01   1.0831E+00  -3.6672E-01  -1.5832E+00   8.8632E-02  -3.0008E-02   2.5910E-01
   1996.50   3.8932E+00   4.1934E+01   2.8517E+01   8.6338E-01  -2.9485E-01  -1.2632E+00   7.0650E-02  -2.4128E-02   2.0674E-01
   1996.58   3.8459E+00   4.2033E+01   2.8660E+01   6.4242E-01  -2.2267E-01  -9.4150E-01   5.2569E-02  -1.8221E-02   1.5409E-01
   1996.67   3.7995E+00   4.2113E+01   2.8804E+01   4.2025E-01  -1.5018E-01  -6.1808E-01   3.4389E-02  -1.2289E-02   1.0116E-01
   1996.75   3.7539E+00   4.2175E+01   2.8949E+01   1.9686E-01  -7.7365E-02  -2.9295E-01   1.6109E-02  -6.3308E-03   4.7944E-02
   1996.83   3.7091E+00   4.2218E+01   2.9094E+01  -2.7734E-02  -4.2391E-03   3.3910E-02  -2.2695E-03  -3.4688E-04  -5.5497E-03
   1996.92   3.6651E+00   4.2243E+01   2.9240E+01  -2.5355E-01   6.9202E-02   3.6249E-01  -2.0748E-02   5.6629E-03  -5.9325E-02
   1997.00   3.6220E+00   4.2249E+01   2.9386E+01  -4.8057E-01   1.4296E-01   6.9279E-01  -3.9325E-02   1.1698E-02  -1.1338E-01
   1997.08   3.5797E+00   4.2237E+01   2.9533E+01  -7.0881E-01   2.1703E-01   1.0248E+00  -5.8002E-02   1.7760E-02  -1.6772E-01
   1997.17   3.5383E+00   4.2207E+01   2.9680E+01  -9.3826E-01   2.9142E-01   1.3586E+00  -7.6778E-02   2.3847E-02  -2.2234E-01
   1997.25   3.4976E+00   4.2158E+01   2.9827E+01  -1.1689E+00   3.6612E-01   1.6940E+00  -9.5654E-02   2.9960E-02  -2.7724E-01
   1997.33   3.4578E+00   4.2090E+01   2.9975E+01  -1.4008E+00   4.4114E-01   2.0312E+00  -1.1463E-01   3.6099E-02  -3.3243E-01
   1997.42   3.4188E+00   4.2004E+01   3.0124E+01  -1.6339E+00   5.1647E-01   2.3701E+00  -1.3370E-01   4.2263E-02  -3.8790E-01
   1997.50   3.3807E+00   4.1900E+01   3.0273E+01  -1.8682E+00   5.9212E-01   2.7107E+00  -1.5288E-01   4.8454E-02  -4.4364E-01
   1997.58   3.3434E+00   4.1777E+01   3.0423E+01  -2.1037E+00   6.6809E-01   3.0531E+00  -1.7215E-01   5.4670E-02  -4.9967E-01
   1997.67   3.3069E+00   4.1636E+01   3.0573E+01  -2.3405E+00   7.4437E-01   3.3972E+00  -1.9152E-01   6.0912E-02  -5.5598E-01
   1997.75   3.2712E+00   4.1476E+01   3.0724E+01  -2.5784E+00   8.2096E-01   3.7430E+00  -2.1099E-01   6.7180E-02  -6.1258E-01
   1997.83   3.2364E+00   4.1298E+01   3.0875E+01  -2.8176E+00   8.9787E-01   4.0905E+00  -2.3056E-01   7.3473E-02  -6.6945E-01
   1997.92   3.2024E+00   4.1101E+01   3.1026E+01  -3.0580E+00   9.7510E-01   4.4397E+00  -2.5023E-01   7.9793E-02  -7.2661E-01
   1998.00   3.1693E+00   4.0886E+01   3.1178E+01  -3.2995E+00   1.0526E+00   4.7907E+00  -2.7000E-01   8.6138E-02  -7.8405E-01
   1998.08   3.1407E+00   4.0666E+01   3.1330E+01  -3.5274E+00   1.1257E+00   5.1217E+00  -2.8865E-01   9.2120E-02  -8.3822E-01
   1998.17   3.1205E+00   4.0454E+01   3.1479E+01  -3.7267E+00   1.1897E+00   5.4112E+00  -3.0496E-01   9.7350E-02  -8.8559E-01
   1998.25   3.1088E+00   4.0251E+01   3.1627E+01  -3.8974E+00   1.2444E+00   5.6590E+00  -3.1892E-01   1.0183E-01  -9.2616E-01
   1998.33   3.1054E+00   4.0057E+01   3.1773E+01  -4.0394E+00   1.2899E+00   5.8653E+00  -3.3055E-01   1.0555E-01  -9.5992E-01
   1998.42   3.1104E+00   3.9871E+01   3.1917E+01  -4.1528E+00   1.3262E+00   6.0300E+00  -3.3983E-01   1.0853E-01  -9.8688E-01
   1998.50   3.1238E+00   3.9693E+01   3.2059E+01  -4.2376E+00   1.3534E+00   6.1532E+00  -3.4677E-01   1.1075E-01  -1.0070E+00
   1998.58   3.1455E+00   3.9524E+01   3.2200E+01  -4.2938E+00   1.3713E+00   6.2347E+00  -3.5137E-01   1.1222E-01  -1.0204E+00
   1998.67   3.1757E+00   3.9363E+01   3.2338E+01  -4.3214E+00   1.3801E+00   6.2747E+00  -3.5362E-01   1.1293E-01  -1.0269E+00
   1998.75   3.2143E+00   3.9211E+01   3.2475E+01  -4.3204E+00   1.3797E+00   6.2731E+00  -3.5354E-01   1.1290E-01  -1.0267E+00
   1998.83   3.2612E+00   3.9068E+01   3.2609E+01  -4.2907E+00   1.3700E+00   6.2299E+00  -3.5111E-01   1.1211E-01  -1.0196E+00
   1998.92   3.3165E+00   3.8933E+01   3.2742E+01  -4.2324E+00   1.3512E+00   6.1451E+00  -3.4634E-01   1.1057E-01  -1.0057E+00
   1999.00   3.3803E+00   3.8806E+01   3.2873E+01  -4.1456E+00   1.3232E+00   6.0188E+00  -3.3923E-01   1.0828E-01  -9.8504E-01
   1999.08   3.4524E+00   3.8688E+01   3.3002E+01  -4.0301E+00   1.2860E+00   5.8509E+00  -3.2978E-01   1.0524E-01  -9.5756E-01
   1999.17   3.5329E+00   3.8578E+01   3.3130E+01  -3.8859E+00   1.2396E+00   5.6414E+00  -3.1799E-01   1.0144E-01  -9.2327E-01
   1999.25   3.6217E+00   3.8477E+01   3.3255E+01  -3.7132E+00   1.1841E+00   5.3903E+00  -3.0385E-01   9.6892E-02  -8.8218E-01
   1999.33   3.7190E+00   3.8385E+01   3.3378E+01  -3.5119E+00   1.1193E+00   5.0976E+00  -2.8738E-01   9.1591E-02  -8.3428E-01
   1999.42   3.8247E+00   3.8301E+01   3.3500E+01  -3.2819E+00   1.0453E+00   4.7634E+00  -2.6856E-01   8.5539E-02  -7.7958E-01
   1999.50   3.9387E+00   3.8225E+01   3.3620E+01  -3.0233E+00   9.6216E-01   4.3876E+00  -2.4740E-01   7.8734E-02  -7.1807E-01
   1999.58   4.0612E+00   3.8158E+01   3.3738E+01  -2.7361E+00   8.6982E-01   3.9702E+00  -2.2390E-01   7.1178E-02  -6.4976E-01
   1999.67   4.1920E+00   3.8099E+01   3.3854E+01  -2.4203E+00   7.6828E-01   3.5112E+00  -1.9806E-01   6.2869E-02  -5.7464E-01
   1999.75   4.3312E+00   3.8049E+01   3.3968E+01  -2.0759E+00   6.5755E-01   3.0106E+00  -1.6987E-01   5.3807E-02  -4.9272E-01
   1999.83   4.4788E+00   3.8008E+01   3.4081E+01  -1.7029E+00   5.3763E-01   2.4685E+00  -1.3935E-01   4.3994E-02  -4.0400E-01
   1999.92   4.6348E+00   3.7975E+01   3.4191E+01  -1.3012E+00   4.0851E-01   1.8848E+00  -1.0648E-01   3.3429E-02  -3.0847E-01
   2000.00   4.7992E+00   3.7950E+01   3.4300E+01  -8.7092E-01   2.7021E-01   1.2595E+00  -7.1268E-02   2.2111E-02  -2.0613E-01
   2000.08   4.9640E+00   3.7933E+01   3.4410E+01  -4.4439E-01   1.3308E-01   6.3962E-01  -3.6365E-02   1.0890E-02  -1.0468E-01
   2000.17   5.1213E+00   3.7923E+01   3.4523E+01  -5.3964E-02   7.4910E-03   7.2177E-02  -4.4159E-03   6.1299E-04  -1.1812E-02
   2000.25   5.2711E+00   3.7921E+01   3.4641E+01   3.0037E-01  -1.0655E-01  -4.4284E-01   2.4579E-02  -8.7190E-03   7.2475E-02
   2000.33   5.4134E+00   3.7925E+01   3.4762E+01   6.1860E-01  -2.0905E-01  -9.0542E-01   5.0620E-02  -1.7106E-02   1.4818E-01
   2000.42   5.5482E+00   3.7936E+01   3.4888E+01   9.0073E-01  -3.0000E-01  -1.3156E+00   7.3707E-02  -2.4549E-02   2.1531E-01
   2000.50   5.6755E+00   3.7954E+01   3.5017E+01   1.1468E+00  -3.7941E-01  -1.6733E+00   9.3840E-02  -3.1047E-02   2.7385E-01
   2000.58   5.7953E+00   3.7979E+01   3.5151E+01   1.3567E+00  -4.4727E-01  -1.9786E+00   1.1102E-01  -3.6601E-02   3.2382E-01
   2000.67   5.9076E+00   3.8011E+01   3.5288E+01   1.5305E+00  -5.0359E-01  -2.2315E+00   1.2524E-01  -4.1209E-02   3.6520E-01
   2000.75   6.0123E+00   3.8050E+01   3.5429E+01   1.6682E+00  -5.4837E-01  -2.4319E+00   1.3651E-01  -4.4873E-02   3.9801E-01
   2000.83   6.1096E+00   3.8096E+01   3.5574E+01   1.7699E+00  -5.8160E-01  -2.5799E+00   1.4483E-01  -4.7593E-02   4.2223E-01
   2000.92   6.1993E+00   3.8149E+01   3.5724E+01   1.8354E+00  -6.0329E-01  -2.6755E+00   1.5019E-01  -4.9368E-02   4.3787E-01
   2001.00   6.2816E+00   3.8209E+01   3.5877E+01   1.8648E+00  -6.1344E-01  -2.7187E+00   1.5260E-01  -5.0198E-02   4.4494E-01
   2001.08   6.3563E+00   3.8276E+01   3.6034E+01   1.8582E+00  -6.1204E-01  -2.7094E+00   1.5205E-01  -5.0083E-02   4.4342E-01
   2001.17   6.4235E+00   3.8350E+01   3.6195E+01   1.8154E+00  -5.9909E-01  -2.6477E+00   1.4855E-01  -4.9024E-02   4.3332E-01
   2001.25   6.4832E+00   3.8431E+01   3.6360E+01   1.7365E+00  -5.7460E-01  -2.5335E+00   1.4210E-01  -4.7020E-02   4.1464E-01
   2001.33   6.5355E+00   3.8519E+01   3.6529E+01   1.6216E+00  -5.3857E-01  -2.3670E+00   1.3269E-01  -4.4071E-02   3.8738E-01
   2001.42   6.5802E+00   3.8614E+01   3.6701E+01   1.4705E+00  -4.9099E-01  -2.1480E+00   1.2033E-01  -4.0178E-02   3.5154E-01
   2001.50   6.6173E+00   3.8716E+01   3.6878E+01   1.2833E+00  -4.3187E-01  -1.8766E+00   1.0501E-01  -3.5340E-02   3.0712E-01
   2001.58   6.6470E+00   3.8825E+01   3.7059E+01   1.0600E+00  -3.6121E-01  -1.5527E+00   8.6744E-02  -2.9558E-02   2.5412E-01
   2001.67   6.6692E+00   3.8941E+01   3.7243E+01   8.0067E-01  -2.7900E-01  -1.1764E+00   6.5519E-02  -2.2831E-02   1.9254E-01
   2001.75   6.6839E+00   3.9064E+01   3.7432E+01   5.0520E-01  -1.8525E-01  -7.4773E-01   4.1341E-02  -1.5159E-02   1.2237E-01
   2001.83   6.6910E+00   3.9193E+01   3.7625E+01   1.7363E-01  -7.9948E-02  -2.6659E-01   1.4208E-02  -6.5422E-03   4.3630E-02
   2001.92   6.6907E+00   3.9330E+01   3.7821E+01  -1.9404E-01   3.6893E-02   2.6698E-01  -1.5879E-02   3.0190E-03  -4.3694E-02
   2002.00   6.6828E+00   3.9474E+01   3.8022E+01  -5.9781E-01   1.6528E-01   8.5297E-01  -4.8919E-02   1.3525E-02  -1.3960E-01
   2002.08   6.6688E+00   3.9613E+01   3.8212E+01  -1.0010E+00   2.9352E-01   1.4381E+00  -8.1910E-02   2.4019E-02  -2.3536E-01
   2002.17   6.6498E+00   3.9736E+01   3.8378E+01  -1.3668E+00   4.0994E-01   1.9691E+00  -1.1185E-01   3.3545E-02  -3.2226E-01
   2002.25   6.6259E+00   3.9843E+01   3.8521E+01  -1.6953E+00   5.1452E-01   2.4459E+00  -1.3873E-01   4.2103E-02  -4.0030E-01
   2002.33   6.5970E+00   3.9934E+01   3.8639E+01  -1.9865E+00   6.0728E-01   2.8686E+00  -1.6255E-01   4.9694E-02  -4.6947E-01
   2002.42   6.5633E+00   4.0009E+01   3.8734E+01  -2.2403E+00   6.8820E-01   3.2371E+00  -1.8332E-01   5.6316E-02  -5.2978E-01
   2002.50   6.5246E+00   4.0067E+01   3.8804E+01  -2.4568E+00   7.5730E-01   3.5514E+00  -2.0104E-01   6.1970E-02  -5.8123E-01
   2002.58   6.4810E+00   4.0109E+01   3.8851E+01  -2.6360E+00   8.1457E-01   3.8116E+00  -2.1570E-01   6.6657E-02  -6.2382E-01
   2002.67   6.4325E+00   4.0135E+01   3.8874E+01  -2.7778E+00   8.6001E-01   4.0177E+00  -2.2731E-01   7.0375E-02  -6.5754E-01
   2002.75   6.3790E+00   4.0145E+01   3.8872E+01  -2.8823E+00   8.9362E-01   4.1696E+00  -2.3586E-01   7.3125E-02  -6.8240E-01
   2002.83   6.3207E+00   4.0139E+01   3.8847E+01  -2.9495E+00   9.1540E-01   4.2673E+00  -2.4136E-01   7.4908E-02  -6.9839E-01
   2002.92   6.2574E+00   4.0116E+01   3.8798E+01  -2.9794E+00   9.2535E-01   4.3109E+00  -2.4380E-01   7.5722E-02  -7.0552E-01
   2003.00   6.1892E+00   4.0078E+01   3.8724E+01  -2.9719E+00   9.2348E-01   4.3003E+00  -2.4319E-01   7.5569E-02  -7.0379E-01
   2003.08   6.1160E+00   4.0023E+01   3.8627E+01  -2.9271E+00   9.0977E-01   4.2356E+00  -2.3952E-01   7.4447E-02  -6.9320E-01
   2003.17   6.0380E+00   3.9952E+01   3.8506E+01  -2.8449E+00   8.8424E-01   4.1167E+00  -2.3280E-01   7.2357E-02  -6.7374E-01
   2003.25   5.9550E+00   3.9864E+01   3.8361E+01  -2.7255E+00   8.4687E-01   3.9437E+00  -2.2303E-01   6.9300E-02  -6.4543E-01
   2003.33   5.8671E+00   3.9761E+01   3.8192E+01  -2.5687E+00   7.9768E-01   3.7165E+00  -2.1019E-01   6.5274E-02  -6.0824E-01
   2003.42   5.7743E+00   3.9642E+01   3.7998E+01  -2.3745E+00   7.3666E-01   3.4351E+00  -1.9431E-01   6.0281E-02  -5.6220E-01
   2003.50   5.6765E+00   3.9506E+01   3.7781E+01  -2.1431E+00   6.6381E-01   3.0996E+00  -1.7537E-01   5.4320E-02  -5.0729E-01
   2003.58   5.5739E+00   3.9354E+01   3.7540E+01  -1.8743E+00   5.7913E-01   2.7100E+00  -1.5337E-01   4.7390E-02  -4.4352E-01
   2003.67   5.4663E+00   3.9186E+01   3.7275E+01  -1.5682E+00   4.8262E-01   2.2662E+00  -1.2832E-01   3.9493E-02  -3.7088E-01
   2003.75   5.3538E+00   3.9002E+01   3.6986E+01  -1.2247E+00   3.7428E-01   1.7682E+00  -1.0022E-01   3.0627E-02  -2.8939E-01
   2003.83   5.2364E+00   3.8801E+01   3.6673E+01  -8.4392E-01   2.5411E-01   1.2161E+00  -6.9058E-02   2.0794E-02  -1.9903E-01
   2003.92   5.1140E+00   3.8585E+01   3.6336E+01  -4.2580E-01   1.2212E-01   6.0981E-01  -3.4844E-02   9.9928E-03  -9.9802E-02
   2004.00   4.9867E+00   3.8352E+01   3.5975E+01   2.9639E-02  -2.1710E-02  -5.0623E-02   2.4254E-03  -1.7765E-03   8.2851E-03
   2004.08   4.8673E+00   3.8119E+01   3.5607E+01   4.8851E-01  -1.6664E-01  -7.1605E-01   3.9975E-02  -1.3636E-02   1.1719E-01
   2004.17   4.7686E+00   3.7902E+01   3.5248E+01   9.1692E-01  -3.0196E-01  -1.3373E+00   7.5032E-02  -2.4710E-02   2.1886E-01
   2004.25   4.6906E+00   3.7701E+01   3.4899E+01   1.3149E+00  -4.2767E-01  -1.9144E+00   1.0760E-01  -3.4996E-02   3.1331E-01
   2004.33   4.6332E+00   3.7515E+01   3.4559E+01   1.6823E+00  -5.4376E-01  -2.4473E+00   1.3767E-01  -4.4496E-02   4.0053E-01
   2004.42   4.5965E+00   3.7346E+01   3.4229E+01   2.0193E+00  -6.5024E-01  -2.9360E+00   1.6524E-01  -5.3209E-02   4.8052E-01
   2004.50   4.5805E+00   3.7192E+01   3.3907E+01   2.3259E+00  -7.4710E-01  -3.3806E+00   1.9033E-01  -6.1135E-02   5.5327E-01
   2004.58   4.5852E+00   3.7054E+01   3.3596E+01   2.6019E+00  -8.3435E-01  -3.7810E+00   2.1292E-01  -6.8275E-02   6.1881E-01
   2004.67   4.6106E+00   3.6932E+01   3.3293E+01   2.8475E+00  -9.1198E-01  -4.1373E+00   2.3301E-01  -7.4628E-02   6.7711E-01
   2004.75   4.6566E+00   3.6826E+01   3.3000E+01   3.0626E+00  -9.8001E-01  -4.4493E+00   2.5062E-01  -8.0194E-02   7.2818E-01
   2004.83   4.7233E+00   3.6736E+01   3.2717E+01   3.2473E+00  -1.0384E+00  -4.7172E+00   2.6573E-01  -8.4974E-02   7.7202E-01
   2004.92   4.8107E+00   3.6661E+01   3.2443E+01   3.4015E+00  -1.0872E+00  -4.9410E+00   2.7835E-01  -8.8967E-02   8.0864E-01
   2005.00   4.9188E+00   3.6603E+01   3.2178E+01   3.5252E+00  -1.1264E+00  -5.1205E+00   2.8847E-01  -9.2173E-02   8.3803E-01
   2005.08   5.0476E+00   3.6560E+01   3.1923E+01   3.6185E+00  -1.1560E+00  -5.2559E+00   2.9610E-01  -9.4592E-02   8.6018E-01
   2005.17   5.1970E+00   3.6533E+01   3.1677E+01   3.6813E+00  -1.1759E+00  -5.3471E+00   3.0124E-01  -9.6225E-02   8.7511E-01
   2005.25   5.3671E+00   3.6522E+01   3.1441E+01   3.7136E+00  -1.1862E+00  -5.3942E+00   3.0388E-01  -9.7071E-02   8.8281E-01
   2005.33   5.5579E+00   3.6526E+01   3.1214E+01   3.7154E+00  -1.1870E+00  -5.3970E+00   3.0403E-01  -9.7130E-02   8.8328E-01
   2005.42   5.7694E+00   3.6547E+01   3.0996E+01   3.6868E+00  -1.1781E+00  -5.3558E+00   3.0169E-01  -9.6403E-02   8.7653E-01
   2005.50   6.0015E+00   3.6583E+01   3.0788E+01   3.6277E+00  -1.1596E+00  -5.2703E+00   2.9686E-01  -9.4888E-02   8.6254E-01
   2005.58   6.2543E+00   3.6635E+01   3.0589E+01   3.5382E+00  -1.1315E+00  -5.1407E+00   2.8953E-01  -9.2587E-02   8.4133E-01
   2005.67   6.5278E+00   3.6703E+01   3.0400E+01   3.4181E+00  -1.0937E+00  -4.9669E+00   2.7971E-01  -8.9500E-02   8.1288E-01
   2005.75   6.8220E+00   3.6787E+01   3.0220E+01   3.2676E+00  -1.0464E+00  -4.7489E+00   2.6739E-01  -8.5626E-02   7.7721E-01
   2005.83   7.1369E+00   3.6887E+01   3.0049E+01   3.0867E+00  -9.8942E-01  -4.4868E+00   2.5258E-01  -8.0965E-02   7.3431E-01
   2005.92   7.4724E+00   3.7003E+01   2.9888E+01   2.8752E+00  -9.2285E-01  -4.1805E+00   2.3528E-01  -7.5517E-02   6.8418E-01
   2006.00   7.8287E+00   3.7134E+01   2.9736E+01   2.6333E+00  -8.4666E-01  -3.8300E+00   2.1549E-01  -6.9282E-02   6.2682E-01
   2006.08   8.1828E+00   3.7278E+01   2.9591E+01   2.3853E+00  -7.6848E-01  -3.4705E+00   1.9519E-01  -6.2885E-02   5.6798E-01
   2006.17   8.5119E+00   3.7431E+01   2.9450E+01   2.1553E+00  -6.9595E-01  -3.1372E+00   1.7637E-01  -5.6950E-02   5.1343E-01
   2006.25   8.8160E+00   3.7593E+01   2.9314E+01   1.9433E+00  -6.2905E-01  -2.8300E+00   1.5903E-01  -5.1475E-02   4.6316E-01
   2006.33   9.0952E+00   3.7764E+01   2.9181E+01   1.7495E+00  -5.6779E-01  -2.5490E+00   1.4317E-01  -4.6463E-02   4.1718E-01
   2006.42   9.3495E+00   3.7944E+01   2.9052E+01   1.5738E+00  -5.1217E-01  -2.2942E+00   1.2879E-01  -4.1911E-02   3.7547E-01
   2006.50   9.5788E+00   3.8133E+01   2.8927E+01   1.4162E+00  -4.6219E-01  -2.0656E+00   1.1589E-01  -3.7821E-02   3.3805E-01
   2006.58   9.7831E+00   3.8332E+01   2.8807E+01   1.2766E+00  -4.1785E-01  -1.8631E+00   1.0447E-01  -3.4193E-02   3.0491E-01
   2006.67   9.9624E+00   3.8539E+01   2.8690E+01   1.1552E+00  -3.7915E-01  -1.6867E+00   9.4530E-02  -3.1026E-02   2.7605E-01
   2006.75   1.0117E+01   3.8755E+01   2.8577E+01   1.0518E+00  -3.4609E-01  -1.5366E+00   8.6072E-02  -2.8320E-02   2.5148E-01
   2006.83   1.0246E+01   3.8981E+01   2.8469E+01   9.6657E-01  -3.1866E-01  -1.4126E+00   7.9095E-02  -2.6076E-02   2.3119E-01
   2006.92   1.0351E+01   3.9215E+01   2.8365E+01   8.9939E-01  -2.9688E-01  -1.3148E+00   7.3598E-02  -2.4293E-02   2.1517E-01
   2007.00   1.0430E+01   3.9459E+01   2.8264E+01   8.5031E-01  -2.8073E-01  -1.2431E+00   6.9581E-02  -2.2972E-02   2.0345E-01
   2007.08   1.0485E+01   3.9711E+01   2.8168E+01   8.1932E-01  -2.7022E-01  -1.1976E+00   6.7045E-02  -2.2112E-02   1.9600E-01
   2007.17   1.0514E+01   3.9973E+01   2.8076E+01   8.0641E-01  -2.6535E-01  -1.1783E+00   6.5989E-02  -2.1714E-02   1.9283E-01
   2007.25   1.0519E+01   4.0244E+01   2.7987E+01   8.1160E-01  -2.6612E-01  -1.1851E+00   6.6414E-02  -2.1777E-02   1.9395E-01
   2007.33   1.0499E+01   4.0524E+01   2.7903E+01   8.3489E-01  -2.7253E-01  -1.2181E+00   6.8319E-02  -2.2301E-02   1.9935E-01
   2007.42   1.0453E+01   4.0813E+01   2.7823E+01   8.7626E-01  -2.8458E-01  -1.2772E+00   7.1705E-02  -2.3287E-02   2.0903E-01
   2007.50   1.0383E+01   4.1111E+01   2.7747E+01   9.3572E-01  -3.0227E-01  -1.3626E+00   7.6571E-02  -2.4735E-02   2.2300E-01
   2007.58   1.0288E+01   4.1418E+01   2.7675E+01   1.0133E+00  -3.2559E-01  -1.4740E+00   8.2917E-02  -2.6643E-02   2.4124E-01
   2007.67   1.0168E+01   4.1734E+01   2.7607E+01   1.1089E+00  -3.5456E-01  -1.6117E+00   9.0744E-02  -2.9014E-02   2.6377E-01
   2007.75   1.0023E+01   4.2059E+01   2.7543E+01   1.2227E+00  -3.8916E-01  -1.7755E+00   1.0005E-01  -3.1845E-02   2.9058E-01
   2007.83   9.8525E+00   4.2393E+01   2.7484E+01   1.3545E+00  -4.2940E-01  -1.9655E+00   1.1084E-01  -3.5138E-02   3.2167E-01
   2007.92   9.6574E+00   4.2737E+01   2.7428E+01   1.5044E+00  -4.7529E-01  -2.1816E+00   1.2311E-01  -3.8893E-02   3.5705E-01
   2008.00   9.4374E+00   4.3089E+01   2.7376E+01   1.6724E+00  -5.2681E-01  -2.4239E+00   1.3686E-01  -4.3109E-02   3.9670E-01
   2008.08   9.2051E+00   4.3442E+01   2.7330E+01   1.8372E+00  -5.7739E-01  -2.6616E+00   1.5034E-01  -4.7248E-02   4.3560E-01
   2008.17   8.9734E+00   4.3787E+01   2.7290E+01   1.9773E+00  -6.2046E-01  -2.8637E+00   1.6180E-01  -5.0773E-02   4.6868E-01
   2008.25   8.7422E+00   4.4124E+01   2.7257E+01   2.0928E+00  -6.5602E-01  -3.0303E+00   1.7125E-01  -5.3682E-02   4.9594E-01
   2008.33   8.5115E+00   4.4452E+01   2.7231E+01   2.1837E+00  -6.8407E-01  -3.1614E+00   1.7869E-01  -5.5977E-02   5.1740E-01
   2008.42   8.2813E+00   4.4773E+01   2.7212E+01   2.2499E+00  -7.0460E-01  -3.2570E+00   1.8411E-01  -5.7658E-02   5.3304E-01
   2008.50   8.0516E+00   4.5086E+01   2.7199E+01   2.2916E+00  -7.1762E-01  -3.3170E+00   1.8752E-01  -5.8723E-02   5.4287E-01
   2008.58   7.8224E+00   4.5390E+01   2.7193E+01   2.3086E+00  -7.2313E-01  -3.3416E+00   1.8891E-01  -5.9174E-02   5.4688E-01
   2008.67   7.5938E+00   4.5687E+01   2.7194E+01   2.3010E+00  -7.2112E-01  -3.3306E+00   1.8829E-01  -5.9010E-02   5.4509E-01
   2008.75   7.3657E+00   4.5975E+01   2.7201E+01   2.2687E+00  -7.1160E-01  -3.2841E+00   1.8565E-01  -5.8231E-02   5.3748E-01
   2008.83   7.1380E+00   4.6256E+01   2.7216E+01   2.2119E+00  -6.9457E-01  -3.2021E+00   1.8100E-01  -5.6837E-02   5.2406E-01
   2008.92   6.9109E+00   4.6528E+01   2.7237E+01   2.1304E+00  -6.7003E-01  -3.0846E+00   1.7433E-01  -5.4829E-02   5.0482E-01
   2009.00   6.6843E+00   4.6793E+01   2.7264E+01   2.0243E+00  -6.3797E-01  -2.9315E+00   1.6565E-01  -5.2206E-02   4.7978E-01
   2009.08   6.4583E+00   4.7049E+01   2.7299E+01   1.8936E+00  -5.9840E-01  -2.7430E+00   1.5495E-01  -4.8968E-02   4.4892E-01
   2009.17   6.2327E+00   4.7297E+01   2.7340E+01   1.7382E+00  -5.5132E-01  -2.5189E+00   1.4224E-01  -4.5115E-02   4.1225E-01
   2009.25   6.0077E+00   4.7538E+01   2.7388E+01   1.5582E+00  -4.9673E-01  -2.2593E+00   1.2751E-01  -4.0647E-02   3.6977E-01
   2009.33   5.7831E+00   4.7770E+01   2.7442E+01   1.3537E+00  -4.3462E-01  -1.9642E+00   1.1077E-01  -3.5565E-02   3.2147E-01
   2009.42   5.5591E+00   4.7994E+01   2.7503E+01   1.1244E+00  -3.6500E-01  -1.6336E+00   9.2013E-02  -2.9868E-02   2.6736E-01
   2009.50   5.3356E+00   4.8210E+01   2.7571E+01   8.7060E-01  -2.8787E-01  -1.2675E+00   7.1241E-02  -2.3556E-02   2.0744E-01
   2009.58   5.1126E+00   4.8418E+01   2.7646E+01   5.9214E-01  -2.0322E-01  -8.6585E-01   4.8455E-02  -1.6630E-02   1.4171E-01
   2009.67   4.8901E+00   4.8618E+01   2.7727E+01   2.8905E-01  -1.1106E-01  -4.2869E-01   2.3653E-02  -9.0885E-03   7.0160E-02
   2009.75   4.6682E+00   4.8810E+01   2.7816E+01  -3.8652E-02  -1.1394E-02   4.3983E-02  -3.1629E-03  -9.3239E-04  -7.1983E-03
   2009.83   4.4467E+00   4.8994E+01   2.7910E+01  -3.9098E-01   9.5789E-02   5.5218E-01  -3.1994E-02   7.8385E-03  -9.0369E-02
   2009.92   4.2258E+00   4.9170E+01   2.8012E+01  -7.6793E-01   2.1049E-01   1.0959E+00  -6.2840E-02   1.7224E-02  -1.7935E-01
   2010.00   4.0054E+00   4.9338E+01   2.8120E+01  -1.1695E+00   3.3269E-01   1.6751E+00  -9.5701E-02   2.7225E-02  -2.7415E-01
   2010.08   3.7944E+00   4.9500E+01   2.8228E+01  -1.5663E+00   4.5346E-01   2.2474E+00  -1.2817E-01   3.7107E-02  -3.6781E-01
   2010.17   3.6019E+00   4.9658E+01   2.8326E+01  -1.9288E+00   5.6384E-01   2.7703E+00  -1.5783E-01   4.6139E-02  -4.5338E-01
   2010.25   3.4278E+00   4.9814E+01   2.8415E+01  -2.2570E+00   6.6383E-01   3.2437E+00  -1.8469E-01   5.4321E-02  -5.3087E-01
   2010.33   3.2721E+00   4.9966E+01   2.8496E+01  -2.5509E+00   7.5342E-01   3.6678E+00  -2.0874E-01   6.1653E-02  -6.0027E-01
   2010.42   3.1349E+00   5.0114E+01   2.8567E+01  -2.8106E+00   8.3262E-01   4.0424E+00  -2.3000E-01   6.8134E-02  -6.6159E-01
   2010.50   3.0160E+00   5.0259E+01   2.8630E+01  -3.0361E+00   9.0143E-01   4.3677E+00  -2.4844E-01   7.3764E-02  -7.1481E-01
   2010.58   2.9156E+00   5.0400E+01   2.8683E+01  -3.2273E+00   9.5984E-01   4.6435E+00  -2.6409E-01   7.8544E-02  -7.5996E-01
   2010.67   2.8336E+00   5.0538E+01   2.8728E+01  -3.3842E+00   1.0079E+00   4.8699E+00  -2.7693E-01   8.2474E-02  -7.9701E-01
   2010.75   2.7701E+00   5.0673E+01   2.8764E+01  -3.5068E+00   1.0455E+00   5.0469E+00  -2.8697E-01   8.5554E-02  -8.2598E-01
   2010.83   2.7249E+00   5.0804E+01   2.8790E+01  -3.5952E+00   1.0727E+00   5.1745E+00  -2.9420E-01   8.7783E-02  -8.4687E-01
   2010.92   2.6982E+00   5.0932E+01   2.8808E+01  -3.6493E+00   1.0896E+00   5.2527E+00  -2.9863E-01   8.9161E-02  -8.5967E-01
   2011.00   2.6899E+00   5.1056E+01   2.8817E+01  -3.6692E+00   1.0960E+00   5.2815E+00  -3.0025E-01   8.9690E-02  -8.6438E-01
   2011.08   2.7000E+00   5.1177E+01   2.8817E+01  -3.6548E+00   1.0921E+00   5.2609E+00  -2.9907E-01   8.9368E-02  -8.6101E-01
   2011.17   2.7286E+00   5.1295E+01   2.8808E+01  -3.6061E+00   1.0778E+00   5.1909E+00  -2.9509E-01   8.8195E-02  -8.4955E-01
   2011.25   2.7755E+00   5.1409E+01   2.8790E+01  -3.5232E+00   1.0531E+00   5.0715E+00  -2.8831E-01   8.6172E-02  -8.3000E-01
   2011.33   2.8409E+00   5.1519E+01   2.8764E+01  -3.4060E+00   1.0179E+00   4.9026E+00  -2.7872E-01   8.3299E-02  -8.0237E-01
   2011.42   2.9247E+00   5.1627E+01   2.8728E+01  -3.2546E+00   9.7244E-01   4.6844E+00  -2.6632E-01   7.9575E-02  -7.6665E-01
   2011.50   3.0270E+00   5.1730E+01   2.8683E+01  -3.0689E+00   9.1655E-01   4.4167E+00  -2.5113E-01   7.5001E-02  -7.2285E-01
   2011.58   3.1476E+00   5.1831E+01   2.8630E+01  -2.8489E+00   8.5026E-01   4.0997E+00  -2.3313E-01   6.9577E-02  -6.7096E-01
   2011.67   3.2867E+00   5.1927E+01   2.8567E+01  -2.5946E+00   7.7358E-01   3.7332E+00  -2.1232E-01   6.3302E-02  -6.1098E-01
   2011.75   3.4442E+00   5.2021E+01   2.8496E+01  -2.3061E+00   6.8650E-01   3.3173E+00  -1.8871E-01   5.6177E-02  -5.4292E-01
   2011.83   3.6202E+00   5.2111E+01   2.8415E+01  -1.9834E+00   5.8904E-01   2.8521E+00  -1.6230E-01   4.8201E-02  -4.6677E-01
   2011.92   3.8145E+00   5.2197E+01   2.8326E+01  -1.6264E+00   4.8118E-01   2.3374E+00  -1.3309E-01   3.9375E-02  -3.8254E-01
   2012.00   4.0273E+00   5.2281E+01   2.8228E+01  -1.2351E+00   3.6293E-01   1.7733E+00  -1.0107E-01   2.9699E-02  -2.9022E-01
