   1960.00   3.0237E+01   5.6795E+00   3.4274E+00   5.9001E-01   2.5336E-01  -1.6769E+00   4.8281E-02   2.0733E-02   2.7444E-01
   1960.08   3.0452E+01   5.5897E+00   3.8694E+00   8.9051E-01   3.8211E-01  -2.5331E+00   7.2871E-02   3.1268E-02   4.1457E-01
   1960.17   3.0640E+01   5.4954E+00   4.2700E+00   1.1692E+00   5.0153E-01  -3.3273E+00   9.5678E-02   4.1040E-02   5.4454E-01
   1960.25   3.0803E+01   5.3966E+00   4.6291E+00   1.4262E+00   6.1162E-01  -4.0593E+00   1.1670E-01   5.0049E-02   6.6435E-01
   1960.33   3.0940E+01   5.2933E+00   4.9467E+00   1.6613E+00   7.1238E-01  -4.7293E+00   1.3594E-01   5.8294E-02   7.7400E-01
   1960.42   3.1051E+01   5.1855E+00   5.2228E+00   1.8747E+00   8.0380E-01  -5.3372E+00   1.5340E-01   6.5775E-02   8.7349E-01
   1960.50   3.1137E+01   5.0732E+00   5.4575E+00   2.0662E+00   8.8590E-01  -5.8830E+00   1.6908E-01   7.2493E-02   9.6282E-01
   1960.58   3.1197E+01   4.9564E+00   5.6507E+00   2.2360E+00   9.5866E-01  -6.3668E+00   1.8297E-01   7.8448E-02   1.0420E+00
   1960.67   3.1231E+01   4.8350E+00   5.8024E+00   2.3840E+00   1.0221E+00  -6.7884E+00   1.9508E-01   8.3639E-02   1.1110E+00
   1960.75   3.1240E+01   4.7092E+00   5.9127E+00   2.5102E+00   1.0762E+00  -7.1480E+00   2.0541E-01   8.8066E-02   1.1698E+00
   1960.83   3.1222E+01   4.5789E+00   5.9815E+00   2.6147E+00   1.1210E+00  -7.4455E+00   2.1396E-01   9.1730E-02   1.2185E+00
   1960.92   3.1179E+01   4.4440E+00   6.0088E+00   2.6973E+00   1.1564E+00  -7.6809E+00   2.2072E-01   9.4630E-02   1.2571E+00
   1961.00   3.1110E+01   4.3047E+00   5.9947E+00   2.7582E+00   1.1825E+00  -7.8542E+00   2.2570E-01   9.6767E-02   1.2854E+00
   1961.08   3.1016E+01   4.1609E+00   5.9391E+00   2.7972E+00   1.1993E+00  -7.9655E+00   2.2890E-01   9.8140E-02   1.3036E+00
   1961.17   3.0896E+01   4.0125E+00   5.8420E+00   2.8145E+00   1.2068E+00  -8.0146E+00   2.3031E-01   9.8750E-02   1.3117E+00
   1961.25   3.0750E+01   3.8596E+00   5.7034E+00   2.8100E+00   1.2049E+00  -8.0017E+00   2.2995E-01   9.8596E-02   1.3096E+00
   1961.33   3.0578E+01   3.7023E+00   5.5234E+00   2.7837E+00   1.1937E+00  -7.9267E+00   2.2779E-01   9.7678E-02   1.2973E+00
   1961.42   3.0381E+01   3.5404E+00   5.3019E+00   2.7357E+00   1.1731E+00  -7.7896E+00   2.2386E-01   9.5997E-02   1.2748E+00
   1961.50   3.0157E+01   3.3741E+00   5.0390E+00   2.6658E+00   1.1433E+00  -7.5904E+00   2.1814E-01   9.3553E-02   1.2423E+00
   1961.58   2.9908E+01   3.2032E+00   4.7345E+00   2.5742E+00   1.1041E+00  -7.3291E+00   2.1065E-01   9.0345E-02   1.1995E+00
   1961.67   2.9634E+01   3.0278E+00   4.3886E+00   2.4608E+00   1.0555E+00  -7.0058E+00   2.0136E-01   8.6373E-02   1.1466E+00
   1961.75   2.9333E+01   2.8479E+00   4.0013E+00   2.3255E+00   9.9765E-01  -6.6204E+00   1.9030E-01   8.1638E-02   1.0835E+00
   1961.83   2.9007E+01   2.6635E+00   3.5724E+00   2.1685E+00   9.3046E-01  -6.1728E+00   1.7745E-01   7.6140E-02   1.0103E+00
   1961.92   2.8655E+01   2.4746E+00   3.1021E+00   1.9898E+00   8.5393E-01  -5.6633E+00   1.6282E-01   6.9878E-02   9.2685E-01
   1962.00   2.8278E+01   2.2812E+00   2.5903E+00   1.7892E+00   7.6808E-01  -5.0916E+00   1.4641E-01   6.2852E-02   8.3329E-01
   1962.08   2.7898E+01   2.0954E+00   2.0749E+00   1.5843E+00   6.8037E-01  -4.5076E+00   1.2965E-01   5.5675E-02   7.3772E-01
   1962.17   2.7541E+01   1.9290E+00   1.5936E+00   1.3926E+00   5.9831E-01  -3.9613E+00   1.1396E-01   4.8960E-02   6.4831E-01
   1962.25   2.7205E+01   1.7821E+00   1.1465E+00   1.2141E+00   5.2188E-01  -3.4525E+00   9.9350E-02   4.2705E-02   5.6504E-01
   1962.33   2.6892E+01   1.6547E+00   7.3360E-01   1.0487E+00   4.5108E-01  -2.9813E+00   8.5818E-02   3.6912E-02   4.8791E-01
   1962.42   2.6600E+01   1.5469E+00   3.5484E-01   8.9655E-01   3.8592E-01  -2.5476E+00   7.3365E-02   3.1580E-02   4.1694E-01
   1962.50   2.6330E+01   1.4585E+00   1.0248E-02   7.5754E-01   3.2640E-01  -2.1515E+00   6.1990E-02   2.6710E-02   3.5212E-01
   1962.58   2.6082E+01   1.3897E+00  -3.0018E-01   6.3170E-01   2.7252E-01  -1.7930E+00   5.1693E-02   2.2300E-02   2.9344E-01
   1962.67   2.5856E+01   1.3403E+00  -5.7643E-01   5.1904E-01   2.2427E-01  -1.4720E+00   4.2473E-02   1.8352E-02   2.4092E-01
   1962.75   2.5653E+01   1.3105E+00  -8.1852E-01   4.1955E-01   1.8166E-01  -1.1887E+00   3.4332E-02   1.4865E-02   1.9454E-01
   1962.83   2.5471E+01   1.3002E+00  -1.0264E+00   3.3323E-01   1.4468E-01  -9.4285E-01   2.7268E-02   1.1839E-02   1.5431E-01
   1962.92   2.5311E+01   1.3094E+00  -1.2002E+00   2.6008E-01   1.1334E-01  -7.3461E-01   2.1282E-02   9.2749E-03   1.2023E-01
   1963.00   2.5172E+01   1.3381E+00  -1.3398E+00   2.0011E-01   8.7640E-02  -5.6394E-01   1.6375E-02   7.1716E-03   9.2295E-02
   1963.08   2.5056E+01   1.3863E+00  -1.4452E+00   1.5330E-01   6.7574E-02  -4.3084E-01   1.2545E-02   5.5296E-03   7.0512E-02
   1963.17   2.4962E+01   1.4540E+00  -1.5164E+00   1.1968E-01   5.3144E-02  -3.3531E-01   9.7931E-03   4.3488E-03   5.4877E-02
   1963.25   2.4890E+01   1.5413E+00  -1.5535E+00   9.9220E-02   4.4351E-02  -2.7735E-01   8.1192E-03   3.6292E-03   4.5391E-02
   1963.33   2.4840E+01   1.6480E+00  -1.5564E+00   9.1937E-02   4.1194E-02  -2.5696E-01   7.5232E-03   3.3709E-03   4.2053E-02
   1963.42   2.4811E+01   1.7743E+00  -1.5252E+00   9.7826E-02   4.3673E-02  -2.7413E-01   8.0051E-03   3.5738E-03   4.4865E-02
   1963.50   2.4805E+01   1.9200E+00  -1.4597E+00   1.1689E-01   5.1789E-02  -3.2888E-01   9.5650E-03   4.2379E-03   5.3825E-02
   1963.58   2.4820E+01   2.0853E+00  -1.3601E+00   1.4912E-01   6.5542E-02  -4.2120E-01   1.2203E-02   5.3633E-03   6.8933E-02
   1963.67   2.4858E+01   2.2701E+00  -1.2264E+00   1.9453E-01   8.4931E-02  -5.5108E-01   1.5919E-02   6.9499E-03   9.0191E-02
   1963.75   2.4917E+01   2.4743E+00  -1.0585E+00   2.5311E-01   1.0996E-01  -7.1854E-01   2.0712E-02   8.9977E-03   1.1760E-01
   1963.83   2.4999E+01   2.6981E+00  -8.5636E-01   3.2486E-01   1.4062E-01  -9.2356E-01   2.6584E-02   1.1507E-02   1.5115E-01
   1963.92   2.5102E+01   2.9414E+00  -6.2009E-01   4.0979E-01   1.7692E-01  -1.1662E+00   3.3533E-02   1.4477E-02   1.9085E-01
   1964.00   2.5227E+01   3.2043E+00  -3.4966E-01   5.0789E-01   2.1885E-01  -1.4463E+00   4.1561E-02   1.7909E-02   2.3671E-01
   1964.08   2.5358E+01   3.4738E+00  -7.0641E-02   6.0503E-01   2.6039E-01  -1.7237E+00   4.9510E-02   2.1308E-02   2.8211E-01
   1964.17   2.5477E+01   3.7372E+00   1.9138E-01   6.8709E-01   2.9551E-01  -1.9581E+00   5.6225E-02   2.4182E-02   3.2046E-01
   1964.25   2.5585E+01   3.9945E+00   4.3640E-01   7.5407E-01   3.2421E-01  -2.1494E+00   6.1706E-02   2.6530E-02   3.5177E-01
   1964.33   2.5682E+01   4.2457E+00   6.6443E-01   8.0596E-01   3.4648E-01  -2.2976E+00   6.5952E-02   2.8353E-02   3.7602E-01
   1964.42   2.5768E+01   4.4908E+00   8.7546E-01   8.4278E-01   3.6234E-01  -2.4027E+00   6.8965E-02   2.9650E-02   3.9323E-01
   1964.50   2.5842E+01   4.7298E+00   1.0695E+00   8.6450E-01   3.7177E-01  -2.4648E+00   7.0743E-02   3.0422E-02   4.0339E-01
   1964.58   2.5905E+01   4.9627E+00   1.2465E+00   8.7115E-01   3.7478E-01  -2.4838E+00   7.1286E-02   3.0668E-02   4.0650E-01
   1964.67   2.5957E+01   5.1895E+00   1.4066E+00   8.6271E-01   3.7137E-01  -2.4598E+00   7.0596E-02   3.0389E-02   4.0257E-01
   1964.75   2.5997E+01   5.4102E+00   1.5496E+00   8.3919E-01   3.6153E-01  -2.3927E+00   6.8671E-02   2.9584E-02   3.9158E-01
   1964.83   2.6026E+01   5.6248E+00   1.6756E+00   8.0058E-01   3.4527E-01  -2.2825E+00   6.5512E-02   2.8254E-02   3.7355E-01
   1964.92   2.6044E+01   5.8333E+00   1.7847E+00   7.4690E-01   3.2260E-01  -2.1292E+00   6.1119E-02   2.6398E-02   3.4847E-01
   1965.00   2.6051E+01   6.0357E+00   1.8767E+00   6.7813E-01   2.9349E-01  -1.9329E+00   5.5491E-02   2.4017E-02   3.1634E-01
   1965.08   2.6046E+01   6.2320E+00   1.9518E+00   5.9427E-01   2.5797E-01  -1.6935E+00   4.8630E-02   2.1110E-02   2.7716E-01
   1965.17   2.6030E+01   6.4222E+00   2.0098E+00   4.9534E-01   2.1603E-01  -1.4110E+00   4.0534E-02   1.7677E-02   2.3093E-01
   1965.25   2.6003E+01   6.6063E+00   2.0509E+00   3.8132E-01   1.6766E-01  -1.0855E+00   3.1203E-02   1.3720E-02   1.7766E-01
   1965.33   2.5964E+01   6.7843E+00   2.0749E+00   2.5221E-01   1.1287E-01  -7.1694E-01   2.0639E-02   9.2362E-03   1.1733E-01
   1965.42   2.5915E+01   6.9562E+00   2.0820E+00   1.0803E-01   5.1658E-02  -3.0528E-01   8.8398E-03   4.2272E-03   4.9963E-02
   1965.50   2.5853E+01   7.1220E+00   2.0720E+00  -5.1243E-02  -1.5975E-02   1.4944E-01  -4.1932E-03  -1.3072E-03  -2.4457E-02
   1965.58   2.5781E+01   7.2816E+00   2.0451E+00  -2.2560E-01  -9.0030E-02   6.4723E-01  -1.8461E-02  -7.3672E-03  -1.0593E-01
   1965.67   2.5698E+01   7.4352E+00   2.0011E+00  -4.1503E-01  -1.7051E-01   1.1881E+00  -3.3962E-02  -1.3953E-02  -1.9444E-01
   1965.75   2.5603E+01   7.5827E+00   1.9402E+00  -6.1955E-01  -2.5741E-01   1.7720E+00  -5.0698E-02  -2.1064E-02  -2.9001E-01
   1965.83   2.5496E+01   7.7241E+00   1.8623E+00  -8.3915E-01  -3.5073E-01   2.3990E+00  -6.8668E-02  -2.8700E-02  -3.9262E-01
   1965.92   2.5379E+01   7.8594E+00   1.7673E+00  -1.0738E+00  -4.5047E-01   3.0691E+00  -8.7872E-02  -3.6862E-02  -5.0228E-01
   1966.00   2.5250E+01   7.9885E+00   1.6554E+00  -1.3236E+00  -5.5664E-01   3.7822E+00  -1.0831E-01  -4.5550E-02  -6.1899E-01
   1966.08   2.5123E+01   8.1135E+00   1.5591E+00  -1.5701E+00  -6.6144E-01   4.4861E+00  -1.2849E-01  -5.4126E-02  -7.3419E-01
   1966.17   2.5011E+01   8.2364E+00   1.5112E+00  -1.7951E+00  -7.5708E-01   5.1284E+00  -1.4690E-01  -6.1952E-02  -8.3932E-01
   1966.25   2.4914E+01   8.3570E+00   1.5115E+00  -1.9986E+00  -8.4356E-01   5.7093E+00  -1.6354E-01  -6.9029E-02  -9.3438E-01
   1966.33   2.4831E+01   8.4754E+00   1.5602E+00  -2.1805E+00  -9.2088E-01   6.2286E+00  -1.7843E-01  -7.5356E-02  -1.0194E+00
   1966.42   2.4763E+01   8.5916E+00   1.6571E+00  -2.3408E+00  -9.8904E-01   6.6864E+00  -1.9155E-01  -8.0934E-02  -1.0943E+00
   1966.50   2.4710E+01   8.7056E+00   1.8024E+00  -2.4796E+00  -1.0480E+00   7.0826E+00  -2.0291E-01  -8.5762E-02  -1.1591E+00
   1966.58   2.4671E+01   8.8174E+00   1.9960E+00  -2.5969E+00  -1.0979E+00   7.4173E+00  -2.1250E-01  -8.9841E-02  -1.2139E+00
   1966.67   2.4648E+01   8.9270E+00   2.2378E+00  -2.6926E+00  -1.1386E+00   7.6905E+00  -2.2034E-01  -9.3171E-02  -1.2586E+00
   1966.75   2.4639E+01   9.0343E+00   2.5280E+00  -2.7668E+00  -1.1701E+00   7.9022E+00  -2.2641E-01  -9.5751E-02  -1.2933E+00
   1966.83   2.4644E+01   9.1395E+00   2.8665E+00  -2.8194E+00  -1.1925E+00   8.0523E+00  -2.3071E-01  -9.7582E-02  -1.3179E+00
   1966.92   2.4665E+01   9.2425E+00   3.2534E+00  -2.8505E+00  -1.2057E+00   8.1410E+00  -2.3326E-01  -9.8663E-02  -1.3324E+00
   1967.00   2.4700E+01   9.3433E+00   3.6885E+00  -2.8600E+00  -1.2098E+00   8.1680E+00  -2.3404E-01  -9.8995E-02  -1.3368E+00
   1967.08   2.4750E+01   9.4418E+00   4.1719E+00  -2.8480E+00  -1.2047E+00   8.1336E+00  -2.3305E-01  -9.8577E-02  -1.3311E+00
   1967.17   2.4815E+01   9.5382E+00   4.7037E+00  -2.8144E+00  -1.1904E+00   8.0376E+00  -2.3031E-01  -9.7411E-02  -1.3154E+00
   1967.25   2.4894E+01   9.6323E+00   5.2837E+00  -2.7593E+00  -1.1670E+00   7.8801E+00  -2.2580E-01  -9.5494E-02  -1.2897E+00
   1967.33   2.4989E+01   9.7243E+00   5.9121E+00  -2.6827E+00  -1.1344E+00   7.6611E+00  -2.1952E-01  -9.2828E-02  -1.2538E+00
   1967.42   2.5098E+01   9.8140E+00   6.5887E+00  -2.5845E+00  -1.0927E+00   7.3805E+00  -2.1149E-01  -8.9413E-02  -1.2079E+00
   1967.50   2.5221E+01   9.9016E+00   7.3137E+00  -2.4647E+00  -1.0418E+00   7.0384E+00  -2.0169E-01  -8.5248E-02  -1.1519E+00
   1967.58   2.5360E+01   9.9869E+00   8.0870E+00  -2.3234E+00  -9.8172E-01   6.6348E+00  -1.9013E-01  -8.0334E-02  -1.0859E+00
   1967.67   2.5513E+01   1.0070E+01   8.9086E+00  -2.1606E+00  -9.1251E-01   6.1697E+00  -1.7680E-01  -7.4671E-02  -1.0097E+00
   1967.75   2.5681E+01   1.0151E+01   9.7785E+00  -1.9762E+00  -8.3414E-01   5.6430E+00  -1.6172E-01  -6.8258E-02  -9.2354E-01
   1967.83   2.5864E+01   1.0230E+01   1.0697E+01  -1.7703E+00  -7.4661E-01   5.0548E+00  -1.4486E-01  -6.1095E-02  -8.2727E-01
   1967.92   2.6061E+01   1.0306E+01   1.1663E+01  -1.5428E+00  -6.4992E-01   4.4051E+00  -1.2625E-01  -5.3183E-02  -7.2093E-01
   1968.00   2.6274E+01   1.0381E+01   1.2678E+01  -1.2938E+00  -5.4408E-01   3.6938E+00  -1.0587E-01  -4.4522E-02  -6.0453E-01
   1968.08   2.6490E+01   1.0453E+01   1.3694E+01  -1.0399E+00  -4.3614E-01   2.9685E+00  -8.5093E-02  -3.5690E-02  -4.8582E-01
   1968.17   2.6699E+01   1.0522E+01   1.4665E+01  -7.9762E-01  -3.3319E-01   2.2766E+00  -6.5269E-02  -2.7265E-02  -3.7258E-01
   1968.25   2.6902E+01   1.0590E+01   1.5589E+01  -5.6706E-01  -2.3521E-01   1.6180E+00  -4.6403E-02  -1.9247E-02  -2.6481E-01
   1968.33   2.7098E+01   1.0655E+01   1.6468E+01  -3.4820E-01  -1.4221E-01   9.9293E-01  -2.8494E-02  -1.1637E-02  -1.6250E-01
   1968.42   2.7287E+01   1.0717E+01   1.7301E+01  -1.4104E-01  -5.4182E-02   4.0122E-01  -1.1541E-02  -4.4338E-03  -6.5664E-02
   1968.50   2.7469E+01   1.0778E+01   1.8089E+01   5.4431E-02   2.8864E-02  -1.5709E-01   4.4541E-03   2.3619E-03   2.5709E-02
   1968.58   2.7645E+01   1.0836E+01   1.8831E+01   2.3821E-01   1.0693E-01  -6.8199E-01   1.9492E-02   8.7503E-03   1.1161E-01
   1968.67   2.7814E+01   1.0892E+01   1.9527E+01   4.1029E-01   1.8002E-01  -1.1735E+00   3.3574E-02   1.4731E-02   1.9205E-01
   1968.75   2.7976E+01   1.0945E+01   2.0177E+01   5.7067E-01   2.4814E-01  -1.6316E+00   4.6698E-02   2.0305E-02   2.6703E-01
   1968.83   2.8131E+01   1.0996E+01   2.0782E+01   7.1936E-01   3.1127E-01  -2.0563E+00   5.8866E-02   2.5472E-02   3.3653E-01
   1968.92   2.8279E+01   1.1045E+01   2.1341E+01   8.5636E-01   3.6943E-01  -2.4476E+00   7.0076E-02   3.0231E-02   4.0057E-01
   1969.00   2.8421E+01   1.1092E+01   2.1854E+01   9.8166E-01   4.2261E-01  -2.8054E+00   8.0329E-02   3.4582E-02   4.5914E-01
   1969.08   2.8556E+01   1.1136E+01   2.2322E+01   1.0953E+00   4.7081E-01  -3.1299E+00   8.9626E-02   3.8527E-02   5.1225E-01
   1969.17   2.8684E+01   1.1177E+01   2.2743E+01   1.1972E+00   5.1404E-01  -3.4210E+00   9.7965E-02   4.2064E-02   5.5988E-01
   1969.25   2.8805E+01   1.1217E+01   2.3119E+01   1.2874E+00   5.5229E-01  -3.6787E+00   1.0535E-01   4.5194E-02   6.0206E-01
   1969.33   2.8919E+01   1.1254E+01   2.3450E+01   1.3659E+00   5.8556E-01  -3.9030E+00   1.1177E-01   4.7916E-02   6.3876E-01
   1969.42   2.9027E+01   1.1289E+01   2.3734E+01   1.4327E+00   6.1385E-01  -4.0938E+00   1.1724E-01   5.0231E-02   6.7000E-01
   1969.50   2.9128E+01   1.1321E+01   2.3973E+01   1.4879E+00   6.3716E-01  -4.2513E+00   1.2175E-01   5.2139E-02   6.9577E-01
   1969.58   2.9222E+01   1.1352E+01   2.4166E+01   1.5313E+00   6.5550E-01  -4.3753E+00   1.2531E-01   5.3640E-02   7.1607E-01
   1969.67   2.9310E+01   1.1379E+01   2.4314E+01   1.5630E+00   6.6886E-01  -4.4660E+00   1.2790E-01   5.4733E-02   7.3091E-01
   1969.75   2.9390E+01   1.1405E+01   2.4416E+01   1.5831E+00   6.7724E-01  -4.5233E+00   1.2954E-01   5.5419E-02   7.4028E-01
   1969.83   2.9464E+01   1.1428E+01   2.4472E+01   1.5914E+00   6.8064E-01  -4.5471E+00   1.3023E-01   5.5697E-02   7.4418E-01
   1969.92   2.9531E+01   1.1449E+01   2.4482E+01   1.5881E+00   6.7907E-01  -4.5376E+00   1.2995E-01   5.5569E-02   7.4262E-01
   1970.00   2.9591E+01   1.1467E+01   2.4447E+01   1.5730E+00   6.7252E-01  -4.4946E+00   1.2872E-01   5.5032E-02   7.3559E-01
   1970.08   2.9649E+01   1.1471E+01   2.4380E+01   1.5483E+00   6.6188E-01  -4.4240E+00   1.2670E-01   5.4162E-02   7.2403E-01
   1970.17   2.9708E+01   1.1446E+01   2.4296E+01   1.5159E+00   6.4803E-01  -4.3314E+00   1.2405E-01   5.3029E-02   7.0888E-01
   1970.25   2.9770E+01   1.1394E+01   2.4195E+01   1.4758E+00   6.3098E-01  -4.2169E+00   1.2076E-01   5.1633E-02   6.9015E-01
   1970.33   2.9833E+01   1.1314E+01   2.4076E+01   1.4280E+00   6.1073E-01  -4.0805E+00   1.1685E-01   4.9976E-02   6.6782E-01
   1970.42   2.9898E+01   1.1206E+01   2.3941E+01   1.3725E+00   5.8727E-01  -3.9221E+00   1.1231E-01   4.8057E-02   6.4190E-01
   1970.50   2.9965E+01   1.1070E+01   2.3789E+01   1.3093E+00   5.6061E-01  -3.7418E+00   1.0714E-01   4.5875E-02   6.1239E-01
   1970.58   3.0034E+01   1.0906E+01   2.3619E+01   1.2384E+00   5.3075E-01  -3.5396E+00   1.0134E-01   4.3431E-02   5.7929E-01
   1970.67   3.0104E+01   1.0714E+01   2.3432E+01   1.1598E+00   4.9768E-01  -3.3154E+00   9.4909E-02   4.0725E-02   5.4260E-01
   1970.75   3.0177E+01   1.0494E+01   2.3228E+01   1.0736E+00   4.6141E-01  -3.0693E+00   8.7850E-02   3.7757E-02   5.0232E-01
   1970.83   3.0251E+01   1.0247E+01   2.3007E+01   9.7960E-01   4.2194E-01  -2.8013E+00   8.0161E-02   3.4527E-02   4.5846E-01
   1970.92   3.0327E+01   9.9711E+00   2.2769E+01   8.7795E-01   3.7926E-01  -2.5113E+00   7.1843E-02   3.1035E-02   4.1100E-01
   1971.00   3.0405E+01   9.6677E+00   2.2514E+01   7.6861E-01   3.3338E-01  -2.1994E+00   6.2896E-02   2.7280E-02   3.5995E-01
   1971.08   3.0485E+01   9.3364E+00   2.2242E+01   6.5158E-01   2.8429E-01  -1.8655E+00   5.3319E-02   2.3264E-02   3.0531E-01
   1971.17   3.0566E+01   8.9772E+00   2.1952E+01   5.2685E-01   2.3201E-01  -1.5097E+00   4.3113E-02   1.8985E-02   2.4708E-01
   1971.25   3.0650E+01   8.5902E+00   2.1645E+01   3.9444E-01   1.7651E-01  -1.1320E+00   3.2277E-02   1.4444E-02   1.8527E-01
   1971.33   3.0735E+01   8.1752E+00   2.1322E+01   2.5433E-01   1.1782E-01  -7.3235E-01   2.0812E-02   9.6411E-03   1.1986E-01
   1971.42   3.0822E+01   7.7324E+00   2.0981E+01   1.0653E-01   5.5920E-02  -3.1076E-01   8.7176E-03   4.5759E-03   5.0859E-02
   1971.50   3.0911E+01   7.2616E+00   2.0623E+01  -4.8958E-02  -9.1827E-03   1.3277E-01  -4.0062E-03  -7.5143E-04  -2.1729E-02
   1971.58   3.1001E+01   6.7630E+00   2.0247E+01  -2.1214E-01  -7.7489E-02   5.9823E-01  -1.7359E-02  -6.3409E-03  -9.7907E-02
   1971.67   3.1094E+01   6.2365E+00   1.9855E+01  -3.8301E-01  -1.4900E-01   1.0856E+00  -3.1342E-02  -1.2193E-02  -1.7768E-01
   1971.75   3.1188E+01   5.6821E+00   1.9446E+01  -5.6158E-01  -2.2371E-01   1.5950E+00  -4.5954E-02  -1.8306E-02  -2.6103E-01
   1971.83   3.1285E+01   5.0998E+00   1.9019E+01  -7.4784E-01  -3.0163E-01   2.1262E+00  -6.1196E-02  -2.4682E-02  -3.4798E-01
   1971.92   3.1383E+01   4.4896E+00   1.8576E+01  -9.4178E-01  -3.8275E-01   2.6794E+00  -7.7067E-02  -3.1320E-02  -4.3852E-01
   1972.00   3.1482E+01   3.8515E+00   1.8115E+01  -1.1434E+00  -4.6707E-01   3.2546E+00  -9.3567E-02  -3.8221E-02  -5.3265E-01
   1972.08   3.1584E+01   3.2012E+00   1.7658E+01  -1.3378E+00  -5.4836E-01   3.8090E+00  -1.0947E-01  -4.4872E-02  -6.2338E-01
   1972.17   3.1687E+01   2.5543E+00   1.7226E+01  -1.5099E+00  -6.2037E-01   4.3000E+00  -1.2356E-01  -5.0765E-02  -7.0373E-01
   1972.25   3.1791E+01   1.9109E+00   1.6818E+01  -1.6598E+00  -6.8311E-01   4.7275E+00  -1.3582E-01  -5.5899E-02  -7.7371E-01
   1972.33   3.1896E+01   1.2709E+00   1.6436E+01  -1.7875E+00  -7.3657E-01   5.0916E+00  -1.4627E-01  -6.0274E-02  -8.3330E-01
   1972.42   3.2003E+01   6.3439E-01   1.6079E+01  -1.8929E+00  -7.8076E-01   5.3923E+00  -1.5489E-01  -6.3890E-02  -8.8251E-01
   1972.50   3.2110E+01   1.3066E-03   1.5746E+01  -1.9760E+00  -8.1567E-01   5.6296E+00  -1.6170E-01  -6.6747E-02  -9.2135E-01
   1972.58   3.2220E+01  -6.2833E-01   1.5438E+01  -2.0370E+00  -8.4131E-01   5.8035E+00  -1.6669E-01  -6.8845E-02  -9.4980E-01
   1972.67   3.2330E+01  -1.2545E+00   1.5155E+01  -2.0756E+00  -8.5768E-01   5.9139E+00  -1.6985E-01  -7.0184E-02  -9.6787E-01
   1972.75   3.2442E+01  -1.8773E+00   1.4897E+01  -2.0921E+00  -8.6476E-01   5.9609E+00  -1.7120E-01  -7.0764E-02  -9.7557E-01
   1972.83   3.2555E+01  -2.4966E+00   1.4664E+01  -2.0863E+00  -8.6258E-01   5.9445E+00  -1.7072E-01  -7.0585E-02  -9.7288E-01
   1972.92   3.2669E+01  -3.1124E+00   1.4456E+01  -2.0583E+00  -8.5111E-01   5.8647E+00  -1.6843E-01  -6.9647E-02  -9.5981E-01
   1973.00   3.2785E+01  -3.7248E+00   1.4272E+01  -2.0080E+00  -8.3038E-01   5.7214E+00  -1.6432E-01  -6.7950E-02  -9.3637E-01
   1973.08   3.2902E+01  -4.3338E+00   1.4113E+01  -1.9355E+00  -8.0037E-01   5.5147E+00  -1.5838E-01  -6.5494E-02  -9.0254E-01
   1973.17   3.3020E+01  -4.9393E+00   1.3980E+01  -1.8408E+00  -7.6108E-01   5.2446E+00  -1.5063E-01  -6.2279E-02  -8.5834E-01
   1973.25   3.3140E+01  -5.5413E+00   1.3871E+01  -1.7238E+00  -7.1252E-01   4.9111E+00  -1.4106E-01  -5.8305E-02  -8.0375E-01
   1973.33   3.3260E+01  -6.1400E+00   1.3787E+01  -1.5846E+00  -6.5468E-01   4.5141E+00  -1.2966E-01  -5.3573E-02  -7.3878E-01
   1973.42   3.3382E+01  -6.7351E+00   1.3728E+01  -1.4231E+00  -5.8757E-01   4.0537E+00  -1.1645E-01  -4.8081E-02  -6.6344E-01
   1973.50   3.3506E+01  -7.3269E+00   1.3693E+01  -1.2394E+00  -5.1118E-01   3.5299E+00  -1.0142E-01  -4.1830E-02  -5.7771E-01
   1973.58   3.3630E+01  -7.9151E+00   1.3684E+01  -1.0334E+00  -4.2552E-01   2.9427E+00  -8.4567E-02  -3.4820E-02  -4.8161E-01
   1973.67   3.3756E+01  -8.5000E+00   1.3699E+01  -8.0526E-01  -3.3058E-01   2.2921E+00  -6.5894E-02  -2.7052E-02  -3.7512E-01
   1973.75   3.3884E+01  -9.0814E+00   1.3739E+01  -5.5483E-01  -2.2637E-01   1.5780E+00  -4.5402E-02  -1.8524E-02  -2.5826E-01
   1973.83   3.4012E+01  -9.6593E+00   1.3804E+01  -2.8217E-01  -1.1288E-01   8.0049E-01  -2.3090E-02  -9.2372E-03  -1.3101E-01
   1973.92   3.4142E+01  -1.0234E+01   1.3894E+01   1.2730E-02   9.8793E-03  -4.0425E-02   1.0417E-03   8.0842E-04   6.6161E-03
   1974.00   3.4273E+01  -1.0805E+01   1.4009E+01   3.2987E-01   1.4192E-01  -9.4477E-01   2.6993E-02   1.1613E-02   1.5462E-01
   1974.08   3.4399E+01  -1.1373E+01   1.4109E+01   6.4426E-01   2.7283E-01  -1.8413E+00   5.2720E-02   2.2326E-02   3.0134E-01
   1974.17   3.4512E+01  -1.1940E+01   1.4154E+01   9.3089E-01   3.9222E-01  -2.6587E+00   7.6175E-02   3.2096E-02   4.3512E-01
   1974.25   3.4613E+01  -1.2505E+01   1.4145E+01   1.1898E+00   5.0010E-01  -3.3970E+00   9.7360E-02   4.0923E-02   5.5595E-01
   1974.33   3.4701E+01  -1.3069E+01   1.4080E+01   1.4209E+00   5.9645E-01  -4.0562E+00   1.1627E-01   4.8808E-02   6.6384E-01
   1974.42   3.4778E+01  -1.3631E+01   1.3961E+01   1.6243E+00   6.8128E-01  -4.6363E+00   1.3292E-01   5.5749E-02   7.5877E-01
   1974.50   3.4841E+01  -1.4191E+01   1.3788E+01   1.7999E+00   7.5459E-01  -5.1372E+00   1.4729E-01   6.1748E-02   8.4077E-01
   1974.58   3.4893E+01  -1.4749E+01   1.3559E+01   1.9478E+00   8.1638E-01  -5.5591E+00   1.5939E-01   6.6805E-02   9.0981E-01
   1974.67   3.4932E+01  -1.5306E+01   1.3276E+01   2.0679E+00   8.6665E-01  -5.9019E+00   1.6922E-01   7.0918E-02   9.6591E-01
   1974.75   3.4959E+01  -1.5861E+01   1.2938E+01   2.1603E+00   9.0540E-01  -6.1656E+00   1.7678E-01   7.4089E-02   1.0091E+00
   1974.83   3.4973E+01  -1.6415E+01   1.2545E+01   2.2249E+00   9.3263E-01  -6.3502E+00   1.8207E-01   7.6317E-02   1.0393E+00
   1974.92   3.4975E+01  -1.6967E+01   1.2098E+01   2.2618E+00   9.4833E-01  -6.4556E+00   1.8508E-01   7.7603E-02   1.0565E+00
   1975.00   3.4965E+01  -1.7517E+01   1.1596E+01   2.2709E+00   9.5252E-01  -6.4820E+00   1.8583E-01   7.7945E-02   1.0609E+00
   1975.08   3.4942E+01  -1.8066E+01   1.1039E+01   2.2523E+00   9.4519E-01  -6.4293E+00   1.8431E-01   7.7345E-02   1.0522E+00
   1975.17   3.4907E+01  -1.8613E+01   1.0428E+01   2.2059E+00   9.2633E-01  -6.2975E+00   1.8051E-01   7.5802E-02   1.0306E+00
   1975.25   3.4859E+01  -1.9158E+01   9.7615E+00   2.1318E+00   8.9596E-01  -6.0865E+00   1.7445E-01   7.3317E-02   9.9612E-01
   1975.33   3.4800E+01  -1.9701E+01   9.0405E+00   2.0299E+00   8.5406E-01  -5.7965E+00   1.6611E-01   6.9888E-02   9.4866E-01
   1975.42   3.4727E+01  -2.0243E+01   8.2648E+00   1.9003E+00   8.0065E-01  -5.4273E+00   1.5550E-01   6.5517E-02   8.8824E-01
   1975.50   3.4643E+01  -2.0783E+01   7.4344E+00   1.7429E+00   7.3571E-01  -4.9791E+00   1.4262E-01   6.0203E-02   8.1488E-01
   1975.58   3.4546E+01  -2.1322E+01   6.5493E+00   1.5578E+00   6.5925E-01  -4.4517E+00   1.2747E-01   5.3947E-02   7.2858E-01
   1975.67   3.4437E+01  -2.1859E+01   5.6094E+00   1.3449E+00   5.7127E-01  -3.8453E+00   1.1005E-01   4.6747E-02   6.2932E-01
   1975.75   3.4315E+01  -2.2394E+01   4.6148E+00   1.1043E+00   4.7177E-01  -3.1597E+00   9.0363E-02   3.8605E-02   5.1713E-01
   1975.83   3.4181E+01  -2.2928E+01   3.5655E+00   8.3588E-01   3.6075E-01  -2.3951E+00   6.8401E-02   2.9520E-02   3.9198E-01
   1975.92   3.4035E+01  -2.3460E+01   2.4615E+00   5.3975E-01   2.3821E-01  -1.5513E+00   4.4168E-02   1.9493E-02   2.5389E-01
   1976.00   3.3876E+01  -2.3990E+01   1.3028E+00   2.1586E-01   1.0415E-01  -6.2846E-01   1.7664E-02   8.5227E-03   1.0285E-01
   1976.08   3.3706E+01  -2.4513E+01   1.4194E-01  -1.0880E-01  -3.0264E-02   2.9664E-01  -8.9033E-03  -2.4765E-03  -4.8549E-02
   1976.17   3.3525E+01  -2.5025E+01  -9.6827E-01  -4.0727E-01  -1.5386E-01   1.1471E+00  -3.3327E-02  -1.2591E-02  -1.8774E-01
   1976.25   3.3332E+01  -2.5524E+01  -2.0279E+00  -6.7955E-01  -2.6665E-01   1.9230E+00  -5.5608E-02  -2.1820E-02  -3.1472E-01
   1976.33   3.3129E+01  -2.6011E+01  -3.0369E+00  -9.2563E-01  -3.6862E-01   2.6243E+00  -7.5745E-02  -3.0165E-02  -4.2949E-01
   1976.42   3.2915E+01  -2.6486E+01  -3.9952E+00  -1.1455E+00  -4.5978E-01   3.2509E+00  -9.3738E-02  -3.7624E-02  -5.3205E-01
   1976.50   3.2690E+01  -2.6949E+01  -4.9030E+00  -1.3392E+00  -5.4013E-01   3.8030E+00  -1.0959E-01  -4.4199E-02  -6.2240E-01
   1976.58   3.2454E+01  -2.7400E+01  -5.7602E+00  -1.5067E+00  -6.0966E-01   4.2804E+00  -1.2329E-01  -4.9889E-02  -7.0053E-01
   1976.67   3.2206E+01  -2.7838E+01  -6.5668E+00  -1.6480E+00  -6.6837E-01   4.6832E+00  -1.3486E-01  -5.4693E-02  -7.6646E-01
   1976.75   3.1948E+01  -2.8265E+01  -7.3227E+00  -1.7631E+00  -7.1628E-01   5.0114E+00  -1.4428E-01  -5.8613E-02  -8.2017E-01
   1976.83   3.1679E+01  -2.8680E+01  -8.0281E+00  -1.8520E+00  -7.5336E-01   5.2650E+00  -1.5155E-01  -6.1648E-02  -8.6167E-01
   1976.92   3.1399E+01  -2.9082E+01  -8.6828E+00  -1.9148E+00  -7.7964E-01   5.4440E+00  -1.5669E-01  -6.3798E-02  -8.9096E-01
   1977.00   3.1108E+01  -2.9472E+01  -9.2870E+00  -1.9513E+00  -7.9510E-01   5.5483E+00  -1.5967E-01  -6.5063E-02  -9.0804E-01
   1977.08   3.0806E+01  -2.9851E+01  -9.8405E+00  -1.9616E+00  -7.9975E-01   5.5780E+00  -1.6052E-01  -6.5444E-02  -9.1291E-01
   1977.17   3.0493E+01  -3.0217E+01  -1.0343E+01  -1.9458E+00  -7.9358E-01   5.5332E+00  -1.5922E-01  -6.4939E-02  -9.0556E-01
   1977.25   3.0169E+01  -3.0571E+01  -1.0796E+01  -1.9037E+00  -7.7660E-01   5.4137E+00  -1.5578E-01  -6.3549E-02  -8.8601E-01
   1977.33   2.9835E+01  -3.0913E+01  -1.1197E+01  -1.8355E+00  -7.4880E-01   5.2196E+00  -1.5020E-01  -6.1275E-02  -8.5424E-01
   1977.42   2.9489E+01  -3.1243E+01  -1.1549E+01  -1.7410E+00  -7.1019E-01   4.9509E+00  -1.4247E-01  -5.8115E-02  -8.1026E-01
   1977.50   2.9132E+01  -3.1560E+01  -1.1849E+01  -1.6204E+00  -6.6077E-01   4.6075E+00  -1.3260E-01  -5.4071E-02  -7.5407E-01
   1977.58   2.8764E+01  -3.1866E+01  -1.2099E+01  -1.4735E+00  -6.0053E-01   4.1896E+00  -1.2058E-01  -4.9142E-02  -6.8567E-01
   1977.67   2.8385E+01  -3.2160E+01  -1.2298E+01  -1.3005E+00  -5.2948E-01   3.6970E+00  -1.0642E-01  -4.3328E-02  -6.0506E-01
   1977.75   2.7996E+01  -3.2441E+01  -1.2447E+01  -1.1013E+00  -4.4761E-01   3.1299E+00  -9.0120E-02  -3.6628E-02  -5.1224E-01
   1977.83   2.7595E+01  -3.2710E+01  -1.2545E+01  -8.7589E-01  -3.5493E-01   2.4881E+00  -7.1674E-02  -2.9044E-02  -4.0720E-01
   1977.92   2.7183E+01  -3.2968E+01  -1.2592E+01  -6.2428E-01  -2.5144E-01   1.7717E+00  -5.1085E-02  -2.0575E-02  -2.8996E-01
   1978.00   2.6761E+01  -3.3213E+01  -1.2589E+01  -3.4648E-01  -1.3713E-01   9.8069E-01  -2.8352E-02  -1.1222E-02  -1.6050E-01
   1978.08   2.6337E+01  -3.3444E+01  -1.2575E+01  -6.8003E-02  -2.2504E-02   1.8771E-01  -5.5647E-03  -1.8415E-03  -3.0720E-02
   1978.17   2.5923E+01  -3.3660E+01  -1.2591E+01   1.8563E-01   8.1955E-02  -5.3461E-01   1.5190E-02   6.7064E-03   8.7494E-02
   1978.25   2.5519E+01  -3.3859E+01  -1.2635E+01   4.1441E-01   1.7624E-01  -1.1863E+00   3.3911E-02   1.4422E-02   1.9414E-01
   1978.33   2.5124E+01  -3.4043E+01  -1.2709E+01   6.1834E-01   2.6036E-01  -1.7672E+00   5.0599E-02   2.1305E-02   2.8923E-01
   1978.42   2.4739E+01  -3.4210E+01  -1.2812E+01   7.9743E-01   3.3430E-01  -2.2775E+00   6.5254E-02   2.7356E-02   3.7274E-01
   1978.50   2.4363E+01  -3.4362E+01  -1.2944E+01   9.5167E-01   3.9808E-01  -2.7172E+00   7.7876E-02   3.2575E-02   4.4469E-01
   1978.58   2.3997E+01  -3.4498E+01  -1.3106E+01   1.0811E+00   4.5168E-01  -3.0861E+00   8.8464E-02   3.6961E-02   5.0508E-01
   1978.67   2.3640E+01  -3.4619E+01  -1.3296E+01   1.1856E+00   4.9512E-01  -3.3844E+00   9.7019E-02   4.0515E-02   5.5390E-01
   1978.75   2.3293E+01  -3.4723E+01  -1.3516E+01   1.2653E+00   5.2838E-01  -3.6121E+00   1.0354E-01   4.3237E-02   5.9115E-01
   1978.83   2.2955E+01  -3.4811E+01  -1.3765E+01   1.3202E+00   5.5147E-01  -3.7690E+00   1.0803E-01   4.5127E-02   6.1684E-01
   1978.92   2.2627E+01  -3.4884E+01  -1.4044E+01   1.3502E+00   5.6439E-01  -3.8553E+00   1.1049E-01   4.6184E-02   6.3097E-01
   1979.00   2.2308E+01  -3.4941E+01  -1.4351E+01   1.3553E+00   5.6714E-01  -3.8710E+00   1.1091E-01   4.6409E-02   6.3352E-01
   1979.08   2.1999E+01  -3.4981E+01  -1.4688E+01   1.3356E+00   5.5972E-01  -3.8159E+00   1.0930E-01   4.5802E-02   6.2451E-01
   1979.17   2.1699E+01  -3.5006E+01  -1.5054E+01   1.2911E+00   5.4212E-01  -3.6902E+00   1.0565E-01   4.4362E-02   6.0394E-01
   1979.25   2.1409E+01  -3.5016E+01  -1.5449E+01   1.2217E+00   5.1436E-01  -3.4938E+00   9.9975E-02   4.2090E-02   5.7180E-01
   1979.33   2.1128E+01  -3.5009E+01  -1.5873E+01   1.1275E+00   4.7643E-01  -3.2268E+00   9.2264E-02   3.8986E-02   5.2809E-01
   1979.42   2.0857E+01  -3.4986E+01  -1.6327E+01   1.0084E+00   4.2832E-01  -2.8890E+00   8.2520E-02   3.5050E-02   4.7282E-01
   1979.50   2.0595E+01  -3.4948E+01  -1.6810E+01   8.6451E-01   3.7005E-01  -2.4807E+00   7.0743E-02   3.0281E-02   4.0599E-01
   1979.58   2.0343E+01  -3.4893E+01  -1.7322E+01   6.9574E-01   3.0160E-01  -2.0016E+00   5.6932E-02   2.4680E-02   3.2758E-01
   1979.67   2.0101E+01  -3.4823E+01  -1.7863E+01   5.0212E-01   2.2298E-01  -1.4519E+00   4.1089E-02   1.8247E-02   2.3761E-01
   1979.75   1.9867E+01  -3.4737E+01  -1.8433E+01   2.8366E-01   1.3419E-01  -8.3147E-01   2.3212E-02   1.0981E-02   1.3608E-01
   1979.83   1.9644E+01  -3.4635E+01  -1.9033E+01   4.0349E-02   3.5232E-02  -1.4040E-01   3.3018E-03   2.8831E-03   2.2978E-02
   1979.92   1.9430E+01  -3.4518E+01  -1.9662E+01  -2.2781E-01  -7.3898E-02   6.2133E-01  -1.8642E-02  -6.0471E-03  -1.0169E-01
   1980.00   1.9225E+01  -3.4384E+01  -2.0320E+01  -5.2081E-01  -1.9320E-01   1.4537E+00  -4.2618E-02  -1.5810E-02  -2.3792E-01
   1980.08   1.9028E+01  -3.4245E+01  -2.0980E+01  -8.1487E-01  -3.1296E-01   2.2892E+00  -6.6681E-02  -2.5610E-02  -3.7465E-01
   1980.17   1.8837E+01  -3.4110E+01  -2.1615E+01  -1.0862E+00  -4.2347E-01   3.0600E+00  -8.8885E-02  -3.4653E-02  -5.0081E-01
   1980.25   1.8652E+01  -3.3980E+01  -2.2225E+01  -1.3348E+00  -5.2472E-01   3.7663E+00  -1.0923E-01  -4.2938E-02  -6.1639E-01
   1980.33   1.8473E+01  -3.3855E+01  -2.2811E+01  -1.5607E+00  -6.1672E-01   4.4079E+00  -1.2771E-01  -5.0467E-02  -7.2140E-01
   1980.42   1.8300E+01  -3.3735E+01  -2.3371E+01  -1.7638E+00  -6.9947E-01   4.9850E+00  -1.4433E-01  -5.7238E-02  -8.1585E-01
   1980.50   1.8132E+01  -3.3620E+01  -2.3907E+01  -1.9442E+00  -7.7297E-01   5.4974E+00  -1.5910E-01  -6.3252E-02  -8.9972E-01
   1980.58   1.7971E+01  -3.3509E+01  -2.4417E+01  -2.1019E+00  -8.3721E-01   5.9453E+00  -1.7200E-01  -6.8509E-02  -9.7301E-01
   1980.67   1.7815E+01  -3.3403E+01  -2.4903E+01  -2.2369E+00  -8.9220E-01   6.3286E+00  -1.8304E-01  -7.3009E-02  -1.0357E+00
   1980.75   1.7665E+01  -3.3302E+01  -2.5364E+01  -2.3491E+00  -9.3794E-01   6.6473E+00  -1.9223E-01  -7.6752E-02  -1.0879E+00
   1980.83   1.7522E+01  -3.3205E+01  -2.5799E+01  -2.4386E+00  -9.7442E-01   6.9013E+00  -1.9955E-01  -7.9738E-02  -1.1295E+00
   1980.92   1.7384E+01  -3.3114E+01  -2.6210E+01  -2.5054E+00  -1.0017E+00   7.0908E+00  -2.0501E-01  -8.1966E-02  -1.1605E+00
   1981.00   1.7252E+01  -3.3026E+01  -2.6596E+01  -2.5494E+00  -1.0196E+00   7.2157E+00  -2.0862E-01  -8.3437E-02  -1.1809E+00
   1981.08   1.7125E+01  -3.2944E+01  -2.6957E+01  -2.5707E+00  -1.0284E+00   7.2760E+00  -2.1036E-01  -8.4151E-02  -1.1908E+00
   1981.17   1.7005E+01  -3.2867E+01  -2.7293E+01  -2.5693E+00  -1.0278E+00   7.2717E+00  -2.1025E-01  -8.4108E-02  -1.1901E+00
   1981.25   1.6891E+01  -3.2794E+01  -2.7604E+01  -2.5451E+00  -1.0181E+00   7.2028E+00  -2.0827E-01  -8.3308E-02  -1.1788E+00
   1981.33   1.6782E+01  -3.2726E+01  -2.7890E+01  -2.4982E+00  -9.9902E-01   7.0693E+00  -2.0443E-01  -8.1750E-02  -1.1570E+00
   1981.42   1.6679E+01  -3.2663E+01  -2.8152E+01  -2.4286E+00  -9.7073E-01   6.8712E+00  -1.9874E-01  -7.9436E-02  -1.1245E+00
   1981.50   1.6583E+01  -3.2604E+01  -2.8388E+01  -2.3363E+00  -9.3320E-01   6.6085E+00  -1.9118E-01  -7.6364E-02  -1.0816E+00
   1981.58   1.6492E+01  -3.2550E+01  -2.8599E+01  -2.2212E+00  -8.8640E-01   6.2812E+00  -1.8176E-01  -7.2535E-02  -1.0280E+00
   1981.67   1.6407E+01  -3.2501E+01  -2.8786E+01  -2.0834E+00  -8.3036E-01   5.8894E+00  -1.7049E-01  -6.7949E-02  -9.6386E-01
   1981.75   1.6328E+01  -3.2457E+01  -2.8947E+01  -1.9229E+00  -7.6506E-01   5.4329E+00  -1.5735E-01  -6.2605E-02  -8.8915E-01
   1981.83   1.6255E+01  -3.2417E+01  -2.9084E+01  -1.7396E+00  -6.9051E-01   4.9118E+00  -1.4235E-01  -5.6505E-02  -8.0387E-01
   1981.92   1.6187E+01  -3.2382E+01  -2.9196E+01  -1.5336E+00  -6.0671E-01   4.3262E+00  -1.2550E-01  -4.9647E-02  -7.0802E-01
   1982.00   1.6126E+01  -3.2352E+01  -2.9282E+01  -1.3049E+00  -5.1365E-01   3.6759E+00  -1.0678E-01  -4.2032E-02  -6.0160E-01
   1982.08   1.6071E+01  -3.2324E+01  -2.9364E+01  -1.0695E+00  -4.1789E-01   3.0067E+00  -8.7518E-02  -3.4196E-02  -4.9207E-01
   1982.17   1.6025E+01  -3.2295E+01  -2.9461E+01  -8.4343E-01  -3.2596E-01   2.3641E+00  -6.9018E-02  -2.6674E-02  -3.8690E-01
   1982.25   1.5986E+01  -3.2266E+01  -2.9573E+01  -6.2671E-01  -2.3787E-01   1.7481E+00  -5.1284E-02  -1.9465E-02  -2.8610E-01
   1982.33   1.5955E+01  -3.2235E+01  -2.9700E+01  -4.1932E-01  -1.5362E-01   1.1588E+00  -3.4313E-02  -1.2571E-02  -1.8965E-01
   1982.42   1.5932E+01  -3.2204E+01  -2.9843E+01  -2.2129E-01  -7.3199E-02   5.9608E-01  -1.8108E-02  -5.9899E-03  -9.7555E-02
   1982.50   1.5917E+01  -3.2172E+01  -3.0001E+01  -3.2594E-02   3.3818E-03   6.0023E-02  -2.6672E-03   2.7674E-04  -9.8234E-03
   1982.58   1.5910E+01  -3.2139E+01  -3.0173E+01   1.4675E-01   7.6126E-02  -4.4940E-01   1.2009E-02   6.2294E-03   7.3549E-02
   1982.67   1.5911E+01  -3.2105E+01  -3.0361E+01   3.1676E-01   1.4503E-01  -9.3218E-01   2.5921E-02   1.1868E-02   1.5256E-01
   1982.75   1.5920E+01  -3.2071E+01  -3.0564E+01   4.7742E-01   2.1010E-01  -1.3883E+00   3.9067E-02   1.7193E-02   2.2721E-01
   1982.83   1.5936E+01  -3.2035E+01  -3.0783E+01   6.2874E-01   2.7134E-01  -1.8178E+00   5.1450E-02   2.2204E-02   2.9751E-01
   1982.92   1.5961E+01  -3.1999E+01  -3.1016E+01   7.7071E-01   3.2874E-01  -2.2207E+00   6.3067E-02   2.6901E-02   3.6344E-01
   1983.00   1.5993E+01  -3.1962E+01  -3.1265E+01   9.0334E-01   3.8230E-01  -2.5969E+00   7.3920E-02   3.1284E-02   4.2502E-01
   1983.08   1.6033E+01  -3.1925E+01  -3.1528E+01   1.0266E+00   4.3202E-01  -2.9465E+00   8.4009E-02   3.5352E-02   4.8223E-01
   1983.17   1.6082E+01  -3.1886E+01  -3.1807E+01   1.1406E+00   4.7791E-01  -3.2695E+00   9.3333E-02   3.9107E-02   5.3509E-01
   1983.25   1.6138E+01  -3.1847E+01  -3.2101E+01   1.2452E+00   5.1996E-01  -3.5658E+00   1.0189E-01   4.2549E-02   5.8359E-01
   1983.33   1.6202E+01  -3.1807E+01  -3.2410E+01   1.3404E+00   5.5817E-01  -3.8355E+00   1.0969E-01   4.5676E-02   6.2773E-01
   1983.42   1.6274E+01  -3.1766E+01  -3.2735E+01   1.4263E+00   5.9255E-01  -4.0786E+00   1.1672E-01   4.8489E-02   6.6750E-01
   1983.50   1.6353E+01  -3.1724E+01  -3.3074E+01   1.5029E+00   6.2309E-01  -4.2950E+00   1.2298E-01   5.0988E-02   7.0292E-01
   1983.58   1.6441E+01  -3.1682E+01  -3.3429E+01   1.5701E+00   6.4980E-01  -4.4848E+00   1.2848E-01   5.3173E-02   7.3398E-01
   1983.67   1.6537E+01  -3.1639E+01  -3.3799E+01   1.6280E+00   6.7267E-01  -4.6479E+00   1.3322E-01   5.5044E-02   7.6068E-01
   1983.75   1.6640E+01  -3.1595E+01  -3.4184E+01   1.6765E+00   6.9170E-01  -4.7844E+00   1.3719E-01   5.6602E-02   7.8302E-01
   1983.83   1.6752E+01  -3.1550E+01  -3.4584E+01   1.7157E+00   7.0689E-01  -4.8943E+00   1.4040E-01   5.7845E-02   8.0101E-01
   1983.92   1.6871E+01  -3.1504E+01  -3.4999E+01   1.7455E+00   7.1825E-01  -4.9775E+00   1.4284E-01   5.8775E-02   8.1463E-01
   1984.00   1.6998E+01  -3.1458E+01  -3.5430E+01   1.7660E+00   7.2577E-01  -5.0341E+00   1.4452E-01   5.9390E-02   8.2389E-01
   1984.08   1.7131E+01  -3.1414E+01  -3.5863E+01   1.7815E+00   7.3124E-01  -5.0765E+00   1.4578E-01   5.9837E-02   8.3082E-01
   1984.17   1.7267E+01  -3.1378E+01  -3.6288E+01   1.7963E+00   7.3644E-01  -5.1168E+00   1.4699E-01   6.0263E-02   8.3743E-01
   1984.25   1.7407E+01  -3.1348E+01  -3.6703E+01   1.8104E+00   7.4137E-01  -5.1553E+00   1.4815E-01   6.0666E-02   8.4372E-01
   1984.33   1.7549E+01  -3.1326E+01  -3.7110E+01   1.8239E+00   7.4603E-01  -5.1918E+00   1.4925E-01   6.1048E-02   8.4970E-01
   1984.42   1.7695E+01  -3.1310E+01  -3.7507E+01   1.8366E+00   7.5042E-01  -5.2264E+00   1.5029E-01   6.1407E-02   8.5536E-01
   1984.50   1.7845E+01  -3.1301E+01  -3.7896E+01   1.8486E+00   7.5455E-01  -5.2591E+00   1.5128E-01   6.1745E-02   8.6070E-01
   1984.58   1.7997E+01  -3.1299E+01  -3.8275E+01   1.8600E+00   7.5840E-01  -5.2898E+00   1.5221E-01   6.2060E-02   8.6573E-01
   1984.67   1.8153E+01  -3.1305E+01  -3.8645E+01   1.8707E+00   7.6199E-01  -5.3186E+00   1.5308E-01   6.2354E-02   8.7045E-01
   1984.75   1.8312E+01  -3.1317E+01  -3.9006E+01   1.8807E+00   7.6530E-01  -5.3455E+00   1.5390E-01   6.2625E-02   8.7484E-01
   1984.83   1.8475E+01  -3.1335E+01  -3.9358E+01   1.8900E+00   7.6835E-01  -5.3704E+00   1.5466E-01   6.2874E-02   8.7892E-01
   1984.92   1.8641E+01  -3.1361E+01  -3.9701E+01   1.8986E+00   7.7113E-01  -5.3934E+00   1.5536E-01   6.3102E-02   8.8269E-01
   1985.00   1.8810E+01  -3.1394E+01  -4.0035E+01   1.9065E+00   7.7364E-01  -5.4145E+00   1.5601E-01   6.3307E-02   8.8614E-01
   1985.08   1.8982E+01  -3.1434E+01  -4.0360E+01   1.9138E+00   7.7588E-01  -5.4336E+00   1.5661E-01   6.3491E-02   8.8927E-01
   1985.17   1.9158E+01  -3.1480E+01  -4.0676E+01   1.9203E+00   7.7785E-01  -5.4508E+00   1.5714E-01   6.3652E-02   8.9209E-01
   1985.25   1.9337E+01  -3.1534E+01  -4.0983E+01   1.9262E+00   7.7956E-01  -5.4661E+00   1.5762E-01   6.3792E-02   8.9459E-01
   1985.33   1.9519E+01  -3.1594E+01  -4.1281E+01   1.9314E+00   7.8099E-01  -5.4795E+00   1.5805E-01   6.3909E-02   8.9678E-01
   1985.42   1.9705E+01  -3.1662E+01  -4.1570E+01   1.9359E+00   7.8216E-01  -5.4909E+00   1.5841E-01   6.4004E-02   8.9865E-01
   1985.50   1.9893E+01  -3.1736E+01  -4.1849E+01   1.9397E+00   7.8306E-01  -5.5004E+00   1.5873E-01   6.4078E-02   9.0020E-01
   1985.58   2.0086E+01  -3.1817E+01  -4.2120E+01   1.9428E+00   7.8368E-01  -5.5080E+00   1.5898E-01   6.4129E-02   9.0144E-01
   1985.67   2.0281E+01  -3.1905E+01  -4.2382E+01   1.9453E+00   7.8404E-01  -5.5136E+00   1.5918E-01   6.4158E-02   9.0236E-01
   1985.75   2.0480E+01  -3.2000E+01  -4.2634E+01   1.9470E+00   7.8413E-01  -5.5173E+00   1.5933E-01   6.4166E-02   9.0296E-01
   1985.83   2.0682E+01  -3.2102E+01  -4.2878E+01   1.9481E+00   7.8395E-01  -5.5190E+00   1.5941E-01   6.4151E-02   9.0325E-01
   1985.92   2.0887E+01  -3.2211E+01  -4.3112E+01   1.9485E+00   7.8351E-01  -5.5189E+00   1.5944E-01   6.4115E-02   9.0322E-01
   1986.00   2.1096E+01  -3.2327E+01  -4.3338E+01   1.9482E+00   7.8279E-01  -5.5168E+00   1.5942E-01   6.4056E-02   9.0288E-01
   1986.08   2.1303E+01  -3.2446E+01  -4.3557E+01   1.9411E+00   7.7943E-01  -5.4956E+00   1.5884E-01   6.3781E-02   8.9941E-01
   1986.17   2.1505E+01  -3.2563E+01  -4.3774E+01   1.9211E+00   7.7104E-01  -5.4382E+00   1.5720E-01   6.3095E-02   8.9001E-01
   1986.25   2.1701E+01  -3.2678E+01  -4.3988E+01   1.8882E+00   7.5764E-01  -5.3445E+00   1.5451E-01   6.1998E-02   8.7468E-01
   1986.33   2.1891E+01  -3.2792E+01  -4.4199E+01   1.8424E+00   7.3921E-01  -5.2145E+00   1.5076E-01   6.0489E-02   8.5341E-01
   1986.42   2.2076E+01  -3.2905E+01  -4.4408E+01   1.7837E+00   7.1575E-01  -5.0483E+00   1.4596E-01   5.8570E-02   8.2621E-01
   1986.50   2.2255E+01  -3.3016E+01  -4.4614E+01   1.7121E+00   6.8728E-01  -4.8459E+00   1.4010E-01   5.6240E-02   7.9308E-01
   1986.58   2.2428E+01  -3.3126E+01  -4.4817E+01   1.6276E+00   6.5378E-01  -4.6072E+00   1.3319E-01   5.3499E-02   7.5401E-01
   1986.67   2.2595E+01  -3.3234E+01  -4.5017E+01   1.5302E+00   6.1526E-01  -4.3322E+00   1.2522E-01   5.0347E-02   7.0901E-01
   1986.75   2.2757E+01  -3.3340E+01  -4.5215E+01   1.4199E+00   5.7172E-01  -4.0210E+00   1.1619E-01   4.6784E-02   6.5808E-01
   1986.83   2.2913E+01  -3.3446E+01  -4.5409E+01   1.2967E+00   5.2316E-01  -3.6735E+00   1.0611E-01   4.2810E-02   6.0121E-01
   1986.92   2.3063E+01  -3.3549E+01  -4.5601E+01   1.1607E+00   4.6957E-01  -3.2898E+00   9.4977E-02   3.8425E-02   5.3841E-01
   1987.00   2.3208E+01  -3.3651E+01  -4.5791E+01   1.0117E+00   4.1096E-01  -2.8698E+00   8.2785E-02   3.3629E-02   4.6968E-01
   1987.08   2.3346E+01  -3.3752E+01  -4.5977E+01   8.4979E-01   3.4733E-01  -2.4136E+00   6.9539E-02   2.8422E-02   3.9501E-01
   1987.17   2.3480E+01  -3.3851E+01  -4.6161E+01   6.7502E-01   2.7868E-01  -1.9211E+00   5.5237E-02   2.2804E-02   3.1442E-01
   1987.25   2.3607E+01  -3.3949E+01  -4.6342E+01   4.8734E-01   2.0500E-01  -1.3924E+00   3.9879E-02   1.6775E-02   2.2788E-01
   1987.33   2.3728E+01  -3.4045E+01  -4.6520E+01   2.8677E-01   1.2630E-01  -8.2743E-01   2.3466E-02   1.0335E-02   1.3542E-01
   1987.42   2.3844E+01  -3.4140E+01  -4.6696E+01   7.3296E-02   4.2579E-02  -2.2619E-01   5.9978E-03   3.4842E-03   3.7018E-02
   1987.50   2.3955E+01  -3.4234E+01  -4.6868E+01  -1.5307E-01  -4.6165E-02   4.1130E-01  -1.2526E-02  -3.7777E-03  -6.7314E-02
   1987.58   2.4059E+01  -3.4325E+01  -4.7038E+01  -3.9234E-01  -1.3993E-01   1.0850E+00  -3.2105E-02  -1.1451E-02  -1.7758E-01
   1987.67   2.4158E+01  -3.4416E+01  -4.7206E+01  -6.4451E-01  -2.3872E-01   1.7950E+00  -5.2740E-02  -1.9535E-02  -2.9378E-01
   1987.75   2.4251E+01  -3.4505E+01  -4.7370E+01  -9.0957E-01  -3.4253E-01   2.5413E+00  -7.4431E-02  -2.8029E-02  -4.1591E-01
   1987.83   2.4338E+01  -3.4592E+01  -4.7532E+01  -1.1875E+00  -4.5136E-01   3.3238E+00  -9.7176E-02  -3.6935E-02  -5.4398E-01
   1987.92   2.4419E+01  -3.4678E+01  -4.7691E+01  -1.4784E+00  -5.6522E-01   4.1426E+00  -1.2098E-01  -4.6252E-02  -6.7797E-01
   1988.00   2.4495E+01  -3.4762E+01  -4.7847E+01  -1.7822E+00  -6.8410E-01   4.9976E+00  -1.4583E-01  -5.5980E-02  -8.1791E-01
   1988.08   2.4568E+01  -3.4843E+01  -4.8000E+01  -2.0793E+00  -8.0037E-01   5.8339E+00  -1.7015E-01  -6.5495E-02  -9.5478E-01
   1988.17   2.4641E+01  -3.4920E+01  -4.8149E+01  -2.3502E+00  -9.0641E-01   6.5966E+00  -1.9232E-01  -7.4172E-02  -1.0796E+00
   1988.25   2.4713E+01  -3.4991E+01  -4.8293E+01  -2.5951E+00  -1.0022E+00   7.2857E+00  -2.1235E-01  -8.2011E-02  -1.1924E+00
   1988.33   2.4785E+01  -3.5058E+01  -4.8434E+01  -2.8137E+00  -1.0878E+00   7.9011E+00  -2.3025E-01  -8.9013E-02  -1.2931E+00
   1988.42   2.4857E+01  -3.5119E+01  -4.8570E+01  -3.0062E+00  -1.1631E+00   8.4429E+00  -2.4600E-01  -9.5177E-02  -1.3818E+00
   1988.50   2.4928E+01  -3.5176E+01  -4.8703E+01  -3.1725E+00  -1.2282E+00   8.9111E+00  -2.5961E-01  -1.0050E-01  -1.4584E+00
   1988.58   2.5000E+01  -3.5228E+01  -4.8831E+01  -3.3127E+00  -1.2831E+00   9.3057E+00  -2.7108E-01  -1.0499E-01  -1.5230E+00
   1988.67   2.5071E+01  -3.5274E+01  -4.8956E+01  -3.4267E+00  -1.3277E+00   9.6266E+00  -2.8041E-01  -1.0864E-01  -1.5755E+00
   1988.75   2.5141E+01  -3.5316E+01  -4.9076E+01  -3.5146E+00  -1.3621E+00   9.8739E+00  -2.8760E-01  -1.1146E-01  -1.6160E+00
   1988.83   2.5212E+01  -3.5353E+01  -4.9192E+01  -3.5762E+00  -1.3862E+00   1.0048E+01  -2.9265E-01  -1.1343E-01  -1.6444E+00
   1988.92   2.5282E+01  -3.5386E+01  -4.9304E+01  -3.6118E+00  -1.4001E+00   1.0148E+01  -2.9555E-01  -1.1457E-01  -1.6608E+00
   1989.00   2.5352E+01  -3.5413E+01  -4.9412E+01  -3.6211E+00  -1.4038E+00   1.0174E+01  -2.9632E-01  -1.1487E-01  -1.6651E+00
   1989.08   2.5422E+01  -3.5435E+01  -4.9516E+01  -3.6044E+00  -1.3973E+00   1.0127E+01  -2.9495E-01  -1.1434E-01  -1.6574E+00
   1989.17   2.5491E+01  -3.5452E+01  -4.9616E+01  -3.5614E+00  -1.3805E+00   1.0006E+01  -2.9143E-01  -1.1296E-01  -1.6376E+00
   1989.25   2.5560E+01  -3.5465E+01  -4.9712E+01  -3.4923E+00  -1.3534E+00   9.8117E+00  -2.8578E-01  -1.1075E-01  -1.6058E+00
   1989.33   2.5629E+01  -3.5473E+01  -4.9804E+01  -3.3970E+00  -1.3162E+00   9.5436E+00  -2.7798E-01  -1.0770E-01  -1.5619E+00
   1989.42   2.5698E+01  -3.5475E+01  -4.9892E+01  -3.2756E+00  -1.2687E+00   9.2019E+00  -2.6804E-01  -1.0382E-01  -1.5060E+00
   1989.50   2.5766E+01  -3.5473E+01  -4.9975E+01  -3.1280E+00  -1.2109E+00   8.7866E+00  -2.5597E-01  -9.9092E-02  -1.4380E+00
   1989.58   2.5835E+01  -3.5466E+01  -5.0055E+01  -2.9543E+00  -1.1430E+00   8.2977E+00  -2.4175E-01  -9.3530E-02  -1.3580E+00
   1989.67   2.5902E+01  -3.5454E+01  -5.0130E+01  -2.7544E+00  -1.0648E+00   7.7351E+00  -2.2539E-01  -8.7130E-02  -1.2659E+00
   1989.75   2.5970E+01  -3.5437E+01  -5.0202E+01  -2.5283E+00  -9.7632E-01   7.0989E+00  -2.0689E-01  -7.9893E-02  -1.1618E+00
   1989.83   2.6037E+01  -3.5415E+01  -5.0269E+01  -2.2761E+00  -8.7765E-01   6.3891E+00  -1.8625E-01  -7.1818E-02  -1.0456E+00
   1989.92   2.6104E+01  -3.5388E+01  -5.0332E+01  -1.9977E+00  -7.6874E-01   5.6056E+00  -1.6347E-01  -6.2906E-02  -9.1742E-01
   1990.00   2.6171E+01  -3.5357E+01  -5.0392E+01  -1.6931E+00  -6.4959E-01   4.7485E+00  -1.3855E-01  -5.3156E-02  -7.7715E-01
   1990.08   2.6241E+01  -3.5325E+01  -5.0447E+01  -1.3839E+00  -5.2860E-01   3.8783E+00  -1.1325E-01  -4.3256E-02  -6.3472E-01
   1990.17   2.6318E+01  -3.5299E+01  -5.0498E+01  -1.0915E+00  -4.1417E-01   3.0552E+00  -8.9315E-02  -3.3892E-02  -5.0001E-01
   1990.25   2.6402E+01  -3.5278E+01  -5.0545E+01  -8.1580E-01  -3.0630E-01   2.2793E+00  -6.6757E-02  -2.5064E-02  -3.7304E-01
   1990.33   2.6492E+01  -3.5263E+01  -5.0589E+01  -5.5692E-01  -2.0498E-01   1.5507E+00  -4.5573E-02  -1.6774E-02  -2.5379E-01
   1990.42   2.6589E+01  -3.5252E+01  -5.0628E+01  -3.1482E-01  -1.1022E-01   8.6929E-01  -2.5762E-02  -9.0192E-03  -1.4227E-01
   1990.50   2.6693E+01  -3.5247E+01  -5.0664E+01  -8.9516E-02  -2.2014E-02   2.3509E-01  -7.3251E-03  -1.8014E-03  -3.8475E-02
   1990.58   2.6803E+01  -3.5248E+01  -5.0695E+01   1.1901E-01   5.9634E-02  -3.5189E-01   9.7385E-03   4.8799E-03   5.7591E-02
   1990.67   2.6921E+01  -3.5253E+01  -5.0722E+01   3.1075E-01   1.3473E-01  -8.9166E-01   2.5429E-02   1.1025E-02   1.4593E-01
   1990.75   2.7044E+01  -3.5264E+01  -5.0746E+01   4.8570E-01   2.0326E-01  -1.3842E+00   3.9745E-02   1.6633E-02   2.2654E-01
   1990.83   2.7175E+01  -3.5280E+01  -5.0766E+01   6.4387E-01   2.6524E-01  -1.8295E+00   5.2688E-02   2.1705E-02   2.9942E-01
   1990.92   2.7313E+01  -3.5302E+01  -5.0781E+01   7.8526E-01   3.2066E-01  -2.2277E+00   6.4258E-02   2.6240E-02   3.6458E-01
   1991.00   2.7457E+01  -3.5329E+01  -5.0793E+01   9.0986E-01   3.6953E-01  -2.5786E+00   7.4454E-02   3.0239E-02   4.2201E-01
   1991.08   2.7608E+01  -3.5361E+01  -5.0800E+01   1.0177E+00   4.1184E-01  -2.8823E+00   8.3277E-02   3.3701E-02   4.7171E-01
   1991.17   2.7766E+01  -3.5398E+01  -5.0804E+01   1.1087E+00   4.4759E-01  -3.1387E+00   9.0726E-02   3.6626E-02   5.1369E-01
   1991.25   2.7930E+01  -3.5441E+01  -5.0804E+01   1.1829E+00   4.7678E-01  -3.3480E+00   9.6801E-02   3.9015E-02   5.4793E-01
   1991.33   2.8101E+01  -3.5489E+01  -5.0800E+01   1.2404E+00   4.9942E-01  -3.5100E+00   1.0150E-01   4.0868E-02   5.7445E-01
   1991.42   2.8279E+01  -3.5542E+01  -5.0792E+01   1.2811E+00   5.1551E-01  -3.6248E+00   1.0483E-01   4.2184E-02   5.9324E-01
   1991.50   2.8464E+01  -3.5601E+01  -5.0779E+01   1.3050E+00   5.2503E-01  -3.6924E+00   1.0679E-01   4.2964E-02   6.0431E-01
   1991.58   2.8655E+01  -3.5665E+01  -5.0763E+01   1.3121E+00   5.2800E-01  -3.7128E+00   1.0737E-01   4.3207E-02   6.0764E-01
   1991.67   2.8853E+01  -3.5734E+01  -5.0743E+01   1.3024E+00   5.2442E-01  -3.6860E+00   1.0658E-01   4.2913E-02   6.0325E-01
   1991.75   2.9058E+01  -3.5808E+01  -5.0719E+01   1.2759E+00   5.1428E-01  -3.6120E+00   1.0441E-01   4.2083E-02   5.9114E-01
   1991.83   2.9270E+01  -3.5888E+01  -5.0691E+01   1.2327E+00   4.9758E-01  -3.4907E+00   1.0087E-01   4.0717E-02   5.7129E-01
   1991.92   2.9488E+01  -3.5973E+01  -5.0659E+01   1.1727E+00   4.7432E-01  -3.3222E+00   9.5959E-02   3.8814E-02   5.4372E-01
   1992.00   2.9713E+01  -3.6063E+01  -5.0624E+01   1.0958E+00   4.4451E-01  -3.1065E+00   8.9673E-02   3.6374E-02   5.0842E-01
   1992.08   2.9949E+01  -3.6155E+01  -5.0593E+01   1.0148E+00   4.1301E-01  -2.8789E+00   8.3042E-02   3.3796E-02   4.7116E-01
   1992.17   3.0198E+01  -3.6243E+01  -5.0578E+01   9.4210E-01   3.8468E-01  -2.6746E+00   7.7092E-02   3.1479E-02   4.3773E-01
   1992.25   3.0462E+01  -3.6328E+01  -5.0578E+01   8.7772E-01   3.5954E-01  -2.4936E+00   7.1824E-02   2.9421E-02   4.0811E-01
   1992.33   3.0741E+01  -3.6409E+01  -5.0593E+01   8.2168E-01   3.3757E-01  -2.3360E+00   6.7238E-02   2.7624E-02   3.8231E-01
   1992.42   3.1033E+01  -3.6488E+01  -5.0623E+01   7.7398E-01   3.1879E-01  -2.2017E+00   6.3335E-02   2.6087E-02   3.6033E-01
   1992.50   3.1340E+01  -3.6563E+01  -5.0668E+01   7.3460E-01   3.0318E-01  -2.0907E+00   6.0113E-02   2.4809E-02   3.4217E-01
   1992.58   3.1661E+01  -3.6635E+01  -5.0728E+01   7.0357E-01   2.9075E-01  -2.0031E+00   5.7573E-02   2.3792E-02   3.2783E-01
   1992.67   3.1996E+01  -3.6704E+01  -5.0804E+01   6.8086E-01   2.8150E-01  -1.9388E+00   5.5715E-02   2.3035E-02   3.1731E-01
   1992.75   3.2346E+01  -3.6769E+01  -5.0894E+01   6.6650E-01   2.7543E-01  -1.8979E+00   5.4540E-02   2.2538E-02   3.1061E-01
   1992.83   3.2709E+01  -3.6831E+01  -5.1000E+01   6.6046E-01   2.7253E-01  -1.8803E+00   5.4046E-02   2.2302E-02   3.0773E-01
   1992.92   3.3087E+01  -3.6890E+01  -5.1121E+01   6.6276E-01   2.7282E-01  -1.8860E+00   5.4234E-02   2.2325E-02   3.0866E-01
   1993.00   3.3479E+01  -3.6946E+01  -5.1257E+01   6.7340E-01   2.7628E-01  -1.9150E+00   5.5104E-02   2.2608E-02   3.1342E-01
   1993.08   3.3886E+01  -3.6999E+01  -5.1407E+01   6.9236E-01   2.8293E-01  -1.9674E+00   5.6656E-02   2.3152E-02   3.2199E-01
   1993.17   3.4306E+01  -3.7048E+01  -5.1573E+01   7.1967E-01   2.9275E-01  -2.0431E+00   5.8891E-02   2.3956E-02   3.3438E-01
   1993.25   3.4741E+01  -3.7094E+01  -5.1755E+01   7.5530E-01   3.0575E-01  -2.1422E+00   6.1807E-02   2.5020E-02   3.5059E-01
   1993.33   3.5190E+01  -3.7137E+01  -5.1951E+01   7.9928E-01   3.2193E-01  -2.2646E+00   6.5405E-02   2.6343E-02   3.7062E-01
   1993.42   3.5654E+01  -3.7177E+01  -5.2162E+01   8.5158E-01   3.4128E-01  -2.4103E+00   6.9685E-02   2.7927E-02   3.9447E-01
   1993.50   3.6131E+01  -3.7213E+01  -5.2389E+01   9.1222E-01   3.6382E-01  -2.5794E+00   7.4647E-02   2.9772E-02   4.2214E-01
   1993.58   3.6623E+01  -3.7246E+01  -5.2630E+01   9.8119E-01   3.8954E-01  -2.7718E+00   8.0292E-02   3.1876E-02   4.5363E-01
   1993.67   3.7129E+01  -3.7276E+01  -5.2887E+01   1.0585E+00   4.1843E-01  -2.9875E+00   8.6618E-02   3.4240E-02   4.8894E-01
   1993.75   3.7649E+01  -3.7303E+01  -5.3159E+01   1.1441E+00   4.5050E-01  -3.2266E+00   9.3626E-02   3.6865E-02   5.2806E-01
   1993.83   3.8184E+01  -3.7326E+01  -5.3445E+01   1.2381E+00   4.8575E-01  -3.4890E+00   1.0132E-01   3.9749E-02   5.7101E-01
   1993.92   3.8733E+01  -3.7346E+01  -5.3747E+01   1.3404E+00   5.2418E-01  -3.7747E+00   1.0969E-01   4.2894E-02   6.1777E-01
   1994.00   3.9296E+01  -3.7363E+01  -5.4065E+01   1.4511E+00   5.6579E-01  -4.0838E+00   1.1874E-01   4.6299E-02   6.6835E-01
   1994.08   3.9862E+01  -3.7386E+01  -5.4383E+01   1.5608E+00   6.0707E-01  -4.3904E+00   1.2772E-01   4.9677E-02   7.1853E-01
   1994.17   4.0420E+01  -3.7423E+01  -5.4688E+01   1.6605E+00   6.4453E-01  -4.6687E+00   1.3588E-01   5.2742E-02   7.6408E-01
   1994.25   4.0970E+01  -3.7473E+01  -5.4981E+01   1.7500E+00   6.7817E-01  -4.9188E+00   1.4320E-01   5.5495E-02   8.0501E-01
   1994.33   4.1512E+01  -3.7538E+01  -5.5262E+01   1.8294E+00   7.0797E-01  -5.1405E+00   1.4970E-01   5.7934E-02   8.4131E-01
   1994.42   4.2046E+01  -3.7617E+01  -5.5530E+01   1.8987E+00   7.3396E-01  -5.3341E+00   1.5537E-01   6.0060E-02   8.7298E-01
   1994.50   4.2572E+01  -3.7710E+01  -5.5785E+01   1.9579E+00   7.5611E-01  -5.4993E+00   1.6022E-01   6.1873E-02   9.0002E-01
   1994.58   4.3090E+01  -3.7818E+01  -5.6027E+01   2.0070E+00   7.7445E-01  -5.6363E+00   1.6424E-01   6.3373E-02   9.2244E-01
   1994.67   4.3601E+01  -3.7939E+01  -5.6257E+01   2.0460E+00   7.8895E-01  -5.7450E+00   1.6743E-01   6.4560E-02   9.4023E-01
   1994.75   4.4103E+01  -3.8075E+01  -5.6474E+01   2.0749E+00   7.9963E-01  -5.8254E+00   1.6979E-01   6.5434E-02   9.5339E-01
   1994.83   4.4597E+01  -3.8224E+01  -5.6678E+01   2.0936E+00   8.0649E-01  -5.8776E+00   1.7132E-01   6.5995E-02   9.6192E-01
   1994.92   4.5083E+01  -3.8388E+01  -5.6870E+01   2.1023E+00   8.0952E-01  -5.9014E+00   1.7203E-01   6.6243E-02   9.6583E-01
   1995.00   4.5561E+01  -3.8566E+01  -5.7049E+01   2.1008E+00   8.0872E-01  -5.8970E+00   1.7191E-01   6.6178E-02   9.6511E-01
   1995.08   4.6031E+01  -3.8758E+01  -5.7216E+01   2.0892E+00   8.0410E-01  -5.8644E+00   1.7096E-01   6.5800E-02   9.5977E-01
   1995.17   4.6493E+01  -3.8965E+01  -5.7370E+01   2.0675E+00   7.9565E-01  -5.8034E+00   1.6919E-01   6.5109E-02   9.4980E-01
   1995.25   4.6948E+01  -3.9185E+01  -5.7511E+01   2.0357E+00   7.8338E-01  -5.7142E+00   1.6658E-01   6.4104E-02   9.3520E-01
   1995.33   4.7394E+01  -3.9420E+01  -5.7639E+01   1.9938E+00   7.6728E-01  -5.5968E+00   1.6315E-01   6.2787E-02   9.1597E-01
   1995.42   4.7832E+01  -3.9668E+01  -5.7755E+01   1.9418E+00   7.4736E-01  -5.4510E+00   1.5889E-01   6.1157E-02   8.9212E-01
   1995.50   4.8262E+01  -3.9931E+01  -5.7858E+01   1.8796E+00   7.2361E-01  -5.2770E+00   1.5381E-01   5.9213E-02   8.6363E-01
   1995.58   4.8684E+01  -4.0208E+01  -5.7949E+01   1.8074E+00   6.9603E-01  -5.0747E+00   1.4790E-01   5.6957E-02   8.3053E-01
   1995.67   4.9098E+01  -4.0499E+01  -5.8027E+01   1.7250E+00   6.6463E-01  -4.8441E+00   1.4116E-01   5.4387E-02   7.9279E-01
   1995.75   4.9504E+01  -4.0804E+01  -5.8092E+01   1.6325E+00   6.2941E-01  -4.5853E+00   1.3359E-01   5.1505E-02   7.5043E-01
   1995.83   4.9903E+01  -4.1124E+01  -5.8145E+01   1.5299E+00   5.9036E-01  -4.2982E+00   1.2519E-01   4.8309E-02   7.0344E-01
   1995.92   5.0293E+01  -4.1457E+01  -5.8185E+01   1.4172E+00   5.4748E-01  -3.9828E+00   1.1597E-01   4.4801E-02   6.5182E-01
   1996.00   5.0675E+01  -4.1805E+01  -5.8212E+01   1.2944E+00   5.0078E-01  -3.6391E+00   1.0592E-01   4.0979E-02   5.9558E-01
   1996.08   5.1047E+01  -4.2158E+01  -5.8227E+01   1.1662E+00   4.5206E-01  -3.2803E+00   9.5428E-02   3.6992E-02   5.3686E-01
   1996.17   5.1409E+01  -4.2508E+01  -5.8230E+01   1.0372E+00   4.0313E-01  -2.9196E+00   8.4872E-02   3.2989E-02   4.7782E-01
   1996.25   5.1759E+01  -4.2855E+01  -5.8221E+01   9.0740E-01   3.5400E-01  -2.5568E+00   7.4253E-02   2.8968E-02   4.1845E-01
   1996.33   5.2097E+01  -4.3199E+01  -5.8200E+01   7.7688E-01   3.0466E-01  -2.1921E+00   6.3572E-02   2.4931E-02   3.5876E-01
   1996.42   5.2425E+01  -4.3539E+01  -5.8167E+01   6.4559E-01   2.5511E-01  -1.8254E+00   5.2829E-02   2.0876E-02   2.9875E-01
   1996.50   5.2741E+01  -4.3876E+01  -5.8122E+01   5.1355E-01   2.0536E-01  -1.4567E+00   4.2024E-02   1.6805E-02   2.3841E-01
   1996.58   5.3046E+01  -4.4211E+01  -5.8065E+01   3.8075E-01   1.5540E-01  -1.0861E+00   3.1157E-02   1.2716E-02   1.7775E-01
   1996.67   5.3339E+01  -4.4541E+01  -5.7995E+01   2.4719E-01   1.0523E-01  -7.1345E-01   2.0227E-02   8.6108E-03   1.1676E-01
   1996.75   5.3621E+01  -4.4869E+01  -5.7914E+01   1.1287E-01   5.4851E-02  -3.3884E-01   9.2360E-03   4.4885E-03   5.5455E-02
   1996.83   5.3892E+01  -4.5194E+01  -5.7821E+01  -2.2213E-02   4.2679E-03   3.7755E-02  -1.8177E-03   3.4924E-04  -6.1790E-03
   1996.92   5.4152E+01  -4.5515E+01  -5.7715E+01  -1.5805E-01  -4.6523E-02   4.1633E-01  -1.2933E-02  -3.8070E-03  -6.8136E-02
   1997.00   5.4401E+01  -4.5834E+01  -5.7598E+01  -2.9465E-01  -9.7521E-02   7.9688E-01  -2.4111E-02  -7.9802E-03  -1.3042E-01
   1997.08   5.4638E+01  -4.6149E+01  -5.7468E+01  -4.3201E-01  -1.4873E-01   1.1794E+00  -3.5351E-02  -1.2170E-02  -1.9302E-01
   1997.17   5.4863E+01  -4.6461E+01  -5.7327E+01  -5.7013E-01  -2.0014E-01   1.5639E+00  -4.6654E-02  -1.6377E-02  -2.5595E-01
   1997.25   5.5078E+01  -4.6769E+01  -5.7173E+01  -7.0900E-01  -2.5176E-01   1.9504E+00  -5.8018E-02  -2.0601E-02  -3.1921E-01
   1997.33   5.5281E+01  -4.7075E+01  -5.7008E+01  -8.4864E-01  -3.0358E-01   2.3389E+00  -6.9444E-02  -2.4842E-02  -3.8278E-01
   1997.42   5.5473E+01  -4.7377E+01  -5.6830E+01  -9.8903E-01  -3.5562E-01   2.7293E+00  -8.0933E-02  -2.9100E-02  -4.4668E-01
   1997.50   5.5654E+01  -4.7677E+01  -5.6641E+01  -1.1302E+00  -4.0786E-01   3.1217E+00  -9.2484E-02  -3.3375E-02  -5.1091E-01
   1997.58   5.5823E+01  -4.7973E+01  -5.6439E+01  -1.2721E+00  -4.6031E-01   3.5161E+00  -1.0410E-01  -3.7667E-02  -5.7546E-01
   1997.67   5.5981E+01  -4.8265E+01  -5.6225E+01  -1.4148E+00  -5.1296E-01   3.9125E+00  -1.1577E-01  -4.1976E-02  -6.4033E-01
   1997.75   5.6128E+01  -4.8555E+01  -5.5999E+01  -1.5582E+00  -5.6583E-01   4.3109E+00  -1.2751E-01  -4.6302E-02  -7.0552E-01
   1997.83   5.6264E+01  -4.8842E+01  -5.5762E+01  -1.7024E+00  -6.1890E-01   4.7112E+00  -1.3931E-01  -5.0645E-02  -7.7104E-01
   1997.92   5.6388E+01  -4.9125E+01  -5.5512E+01  -1.8473E+00  -6.7217E-01   5.1136E+00  -1.5117E-01  -5.5004E-02  -8.3689E-01
   1998.00   5.6501E+01  -4.9405E+01  -5.5250E+01  -1.9931E+00  -7.2566E-01   5.5179E+00  -1.6309E-01  -5.9381E-02  -9.0306E-01
   1998.08   5.6612E+01  -4.9679E+01  -5.4995E+01  -2.1305E+00  -7.7608E-01   5.8992E+00  -1.7434E-01  -6.3507E-02  -9.6547E-01
   1998.17   5.6728E+01  -4.9943E+01  -5.4766E+01  -2.2507E+00  -8.2015E-01   6.2326E+00  -1.8418E-01  -6.7113E-02  -1.0200E+00
   1998.25   5.6851E+01  -5.0198E+01  -5.4562E+01  -2.3537E+00  -8.5788E-01   6.5182E+00  -1.9260E-01  -7.0200E-02  -1.0668E+00
   1998.33   5.6980E+01  -5.0442E+01  -5.4384E+01  -2.4393E+00  -8.8926E-01   6.7558E+00  -1.9961E-01  -7.2769E-02  -1.1057E+00
   1998.42   5.7116E+01  -5.0678E+01  -5.4231E+01  -2.5078E+00  -9.1431E-01   6.9456E+00  -2.0521E-01  -7.4818E-02  -1.1367E+00
   1998.50   5.7257E+01  -5.0903E+01  -5.4104E+01  -2.5589E+00  -9.3300E-01   7.0875E+00  -2.0940E-01  -7.6348E-02  -1.1599E+00
   1998.58   5.7405E+01  -5.1119E+01  -5.4003E+01  -2.5928E+00  -9.4536E-01   7.1814E+00  -2.1217E-01  -7.7359E-02  -1.1753E+00
   1998.67   5.7559E+01  -5.1325E+01  -5.3928E+01  -2.6095E+00  -9.5137E-01   7.2275E+00  -2.1353E-01  -7.7851E-02  -1.1829E+00
   1998.75   5.7720E+01  -5.1522E+01  -5.3878E+01  -2.6088E+00  -9.5104E-01   7.2257E+00  -2.1348E-01  -7.7824E-02  -1.1826E+00
   1998.83   5.7886E+01  -5.1709E+01  -5.3854E+01  -2.5910E+00  -9.4436E-01   7.1759E+00  -2.1202E-01  -7.7278E-02  -1.1744E+00
   1998.92   5.8059E+01  -5.1886E+01  -5.3855E+01  -2.5558E+00  -9.3135E-01   7.0783E+00  -2.0914E-01  -7.6212E-02  -1.1584E+00
   1999.00   5.8238E+01  -5.2053E+01  -5.3883E+01  -2.5034E+00  -9.1198E-01   6.9328E+00  -2.0486E-01  -7.4628E-02  -1.1346E+00
   1999.08   5.8423E+01  -5.2211E+01  -5.3935E+01  -2.4338E+00  -8.8628E-01   6.7394E+00  -1.9916E-01  -7.2524E-02  -1.1030E+00
   1999.17   5.8615E+01  -5.2360E+01  -5.4014E+01  -2.3469E+00  -8.5423E-01   6.4981E+00  -1.9204E-01  -6.9902E-02  -1.0635E+00
   1999.25   5.8813E+01  -5.2498E+01  -5.4118E+01  -2.2427E+00  -8.1583E-01   6.2089E+00  -1.8352E-01  -6.6760E-02  -1.0161E+00
   1999.33   5.9017E+01  -5.2627E+01  -5.4248E+01  -2.1212E+00  -7.7110E-01   5.8718E+00  -1.7358E-01  -6.3099E-02  -9.6098E-01
   1999.42   5.9227E+01  -5.2747E+01  -5.4403E+01  -1.9825E+00  -7.2002E-01   5.4868E+00  -1.6223E-01  -5.8919E-02  -8.9797E-01
   1999.50   5.9443E+01  -5.2856E+01  -5.4585E+01  -1.8266E+00  -6.6259E-01   5.0539E+00  -1.4947E-01  -5.4220E-02  -8.2712E-01
   1999.58   5.9666E+01  -5.2956E+01  -5.4791E+01  -1.6534E+00  -5.9883E-01   4.5731E+00  -1.3530E-01  -4.9002E-02  -7.4843E-01
   1999.67   5.9895E+01  -5.3047E+01  -5.5024E+01  -1.4629E+00  -5.2872E-01   4.0444E+00  -1.1971E-01  -4.3265E-02  -6.6191E-01
   1999.75   6.0130E+01  -5.3127E+01  -5.5282E+01  -1.2552E+00  -4.5226E-01   3.4678E+00  -1.0271E-01  -3.7009E-02  -5.6754E-01
   1999.83   6.0372E+01  -5.3198E+01  -5.5566E+01  -1.0302E+00  -3.6947E-01   2.8433E+00  -8.4299E-02  -3.0233E-02  -4.6534E-01
   1999.92   6.0619E+01  -5.3260E+01  -5.5875E+01  -7.8791E-01  -2.8032E-01   2.1710E+00  -6.4475E-02  -2.2939E-02  -3.5530E-01
   2000.00   6.0873E+01  -5.3311E+01  -5.6210E+01  -5.2839E-01  -1.8484E-01   1.4507E+00  -4.3239E-02  -1.5125E-02  -2.3742E-01
   2000.08   6.1124E+01  -5.3359E+01  -5.6548E+01  -2.7115E-01  -9.0164E-02   7.3665E-01  -2.2188E-02  -7.3781E-03  -1.2056E-01
   2000.17   6.1363E+01  -5.3407E+01  -5.6867E+01  -3.5693E-02  -3.4497E-03   8.3017E-02  -2.9208E-03  -2.8229E-04  -1.3587E-02
   2000.25   6.1590E+01  -5.3455E+01  -5.7167E+01   1.7796E-01   7.5303E-02  -5.1023E-01   1.4563E-02   6.1621E-03   8.3505E-02
   2000.33   6.1805E+01  -5.3504E+01  -5.7447E+01   3.6982E-01   1.4609E-01  -1.0431E+00   3.0263E-02   1.1955E-02   1.7071E-01
   2000.42   6.2007E+01  -5.3554E+01  -5.7708E+01   5.3989E-01   2.0892E-01  -1.5156E+00   4.4179E-02   1.7096E-02   2.4804E-01
   2000.50   6.2198E+01  -5.3604E+01  -5.7950E+01   6.8816E-01   2.6379E-01  -1.9276E+00   5.6313E-02   2.1586E-02   3.1548E-01
   2000.58   6.2376E+01  -5.3655E+01  -5.8172E+01   8.1464E-01   3.1070E-01  -2.2793E+00   6.6662E-02   2.5424E-02   3.7304E-01
   2000.67   6.2543E+01  -5.3706E+01  -5.8375E+01   9.1932E-01   3.4964E-01  -2.5706E+00   7.5228E-02   2.8611E-02   4.2071E-01
   2000.75   6.2697E+01  -5.3759E+01  -5.8559E+01   1.0022E+00   3.8062E-01  -2.8015E+00   8.2011E-02   3.1147E-02   4.5850E-01
   2000.83   6.2840E+01  -5.3811E+01  -5.8723E+01   1.0633E+00   4.0365E-01  -2.9721E+00   8.7010E-02   3.3031E-02   4.8641E-01
   2000.92   6.2970E+01  -5.3865E+01  -5.8868E+01   1.1026E+00   4.1871E-01  -3.0822E+00   9.0225E-02   3.4263E-02   5.0444E-01
   2001.00   6.3088E+01  -5.3919E+01  -5.8994E+01   1.1201E+00   4.2580E-01  -3.1319E+00   9.1657E-02   3.4844E-02   5.1258E-01
   2001.08   6.3194E+01  -5.3973E+01  -5.9100E+01   1.1158E+00   4.2494E-01  -3.1213E+00   9.1305E-02   3.4773E-02   5.1083E-01
   2001.17   6.3288E+01  -5.4029E+01  -5.9187E+01   1.0897E+00   4.1612E-01  -3.0503E+00   8.9170E-02   3.4051E-02   4.9921E-01
   2001.25   6.3370E+01  -5.4085E+01  -5.9255E+01   1.0418E+00   3.9933E-01  -2.9188E+00   8.5252E-02   3.2677E-02   4.7770E-01
   2001.33   6.3440E+01  -5.4141E+01  -5.9304E+01   9.7213E-01   3.7458E-01  -2.7270E+00   7.9549E-02   3.0652E-02   4.4631E-01
   2001.42   6.3498E+01  -5.4198E+01  -5.9333E+01   8.8065E-01   3.4187E-01  -2.4748E+00   7.2064E-02   2.7976E-02   4.0503E-01
   2001.50   6.3543E+01  -5.4256E+01  -5.9342E+01   7.6738E-01   3.0120E-01  -2.1622E+00   6.2795E-02   2.4647E-02   3.5387E-01
   2001.58   6.3577E+01  -5.4314E+01  -5.9333E+01   6.3231E-01   2.5257E-01  -1.7893E+00   5.1742E-02   2.0668E-02   2.9283E-01
   2001.67   6.3598E+01  -5.4373E+01  -5.9304E+01   4.7544E-01   1.9598E-01  -1.3559E+00   3.8906E-02   1.6037E-02   2.2191E-01
   2001.75   6.3608E+01  -5.4433E+01  -5.9256E+01   2.9679E-01   1.3142E-01  -8.6214E-01   2.4286E-02   1.0754E-02   1.4110E-01
   2001.83   6.3605E+01  -5.4493E+01  -5.9188E+01   9.6332E-02   5.8902E-02  -3.0799E-01   7.8828E-03   4.8200E-03   5.0406E-02
   2001.92   6.3591E+01  -5.4554E+01  -5.9102E+01  -1.2592E-01  -2.1577E-02   3.0654E-01  -1.0304E-02  -1.7657E-03  -5.0169E-02
   2002.00   6.3564E+01  -5.4615E+01  -5.8996E+01  -3.6996E-01  -1.1002E-01   9.8147E-01  -3.0274E-02  -9.0028E-03  -1.6063E-01
   2002.08   6.3531E+01  -5.4673E+01  -5.8891E+01  -6.1362E-01  -1.9837E-01   1.6554E+00  -5.0212E-02  -1.6232E-02  -2.7092E-01
   2002.17   6.3500E+01  -5.4723E+01  -5.8809E+01  -8.3469E-01  -2.7857E-01   2.2670E+00  -6.8303E-02  -2.2796E-02  -3.7101E-01
   2002.25   6.3468E+01  -5.4766E+01  -5.8748E+01  -1.0332E+00  -3.5064E-01   2.8162E+00  -8.4546E-02  -2.8693E-02  -4.6089E-01
   2002.33   6.3437E+01  -5.4801E+01  -5.8711E+01  -1.2091E+00  -4.1456E-01   3.3030E+00  -9.8942E-02  -3.3924E-02  -5.4057E-01
   2002.42   6.3407E+01  -5.4828E+01  -5.8695E+01  -1.3624E+00  -4.7034E-01   3.7274E+00  -1.1149E-01  -3.8488E-02  -6.1003E-01
   2002.50   6.3378E+01  -5.4848E+01  -5.8702E+01  -1.4932E+00  -5.1797E-01   4.0895E+00  -1.2219E-01  -4.2386E-02  -6.6929E-01
   2002.58   6.3349E+01  -5.4860E+01  -5.8731E+01  -1.6014E+00  -5.5747E-01   4.3892E+00  -1.3104E-01  -4.5618E-02  -7.1834E-01
   2002.67   6.3320E+01  -5.4864E+01  -5.8783E+01  -1.6870E+00  -5.8881E-01   4.6265E+00  -1.3805E-01  -4.8183E-02  -7.5718E-01
   2002.75   6.3292E+01  -5.4861E+01  -5.8856E+01  -1.7500E+00  -6.1202E-01   4.8015E+00  -1.4321E-01  -5.0082E-02  -7.8582E-01
   2002.83   6.3265E+01  -5.4850E+01  -5.8952E+01  -1.7905E+00  -6.2708E-01   4.9141E+00  -1.4652E-01  -5.1315E-02  -8.0425E-01
   2002.92   6.3238E+01  -5.4832E+01  -5.9071E+01  -1.8084E+00  -6.3401E-01   4.9643E+00  -1.4798E-01  -5.1881E-02  -8.1247E-01
   2003.00   6.3212E+01  -5.4805E+01  -5.9211E+01  -1.8037E+00  -6.3278E-01   4.9522E+00  -1.4759E-01  -5.1781E-02  -8.1048E-01
   2003.08   6.3186E+01  -5.4771E+01  -5.9374E+01  -1.7764E+00  -6.2342E-01   4.8777E+00  -1.4536E-01  -5.1014E-02  -7.9828E-01
   2003.17   6.3161E+01  -5.4730E+01  -5.9559E+01  -1.7265E+00  -6.0591E-01   4.7408E+00  -1.4128E-01  -4.9582E-02  -7.7588E-01
   2003.25   6.3137E+01  -5.4681E+01  -5.9767E+01  -1.6541E+00  -5.8026E-01   4.5415E+00  -1.3535E-01  -4.7483E-02  -7.4327E-01
   2003.33   6.3113E+01  -5.4624E+01  -5.9997E+01  -1.5591E+00  -5.4646E-01   4.2799E+00  -1.2758E-01  -4.4717E-02  -7.0045E-01
   2003.42   6.3090E+01  -5.4559E+01  -6.0249E+01  -1.4415E+00  -5.0453E-01   3.9559E+00  -1.1796E-01  -4.1286E-02  -6.4742E-01
   2003.50   6.3067E+01  -5.4487E+01  -6.0523E+01  -1.3013E+00  -4.5445E-01   3.5695E+00  -1.0649E-01  -3.7188E-02  -5.8419E-01
   2003.58   6.3045E+01  -5.4408E+01  -6.0820E+01  -1.1385E+00  -3.9622E-01   3.1207E+00  -9.3168E-02  -3.2423E-02  -5.1074E-01
   2003.67   6.3023E+01  -5.4320E+01  -6.1139E+01  -9.5322E-01  -3.2986E-01   2.6096E+00  -7.8002E-02  -2.6993E-02  -4.2709E-01
   2003.75   6.3002E+01  -5.4225E+01  -6.1480E+01  -7.4531E-01  -2.5535E-01   2.0361E+00  -6.0989E-02  -2.0895E-02  -3.3323E-01
   2003.83   6.2982E+01  -5.4122E+01  -6.1843E+01  -5.1483E-01  -1.7270E-01   1.4003E+00  -4.2129E-02  -1.4132E-02  -2.2917E-01
   2003.92   6.2962E+01  -5.4012E+01  -6.2229E+01  -2.6177E-01  -8.1905E-02   7.0204E-01  -2.1420E-02  -6.7023E-03  -1.1490E-01
   2004.00   6.2943E+01  -5.3894E+01  -6.2637E+01   1.3874E-02   1.7033E-02  -5.8565E-02   1.1353E-03   1.3938E-03   9.5849E-03
   2004.08   6.2920E+01  -5.3777E+01  -6.3053E+01   2.9158E-01   1.1674E-01  -8.2492E-01   2.3860E-02   9.5527E-03   1.3501E-01
   2004.17   6.2889E+01  -5.3669E+01  -6.3461E+01   5.5086E-01   2.0983E-01  -1.5404E+00   4.5077E-02   1.7171E-02   2.5210E-01
   2004.25   6.2851E+01  -5.3571E+01  -6.3861E+01   7.9169E-01   2.9632E-01  -2.2050E+00   6.4784E-02   2.4248E-02   3.6087E-01
   2004.33   6.2806E+01  -5.3482E+01  -6.4255E+01   1.0141E+00   3.7620E-01  -2.8187E+00   8.2983E-02   3.0785E-02   4.6132E-01
   2004.42   6.2752E+01  -5.3403E+01  -6.4640E+01   1.2180E+00   4.4947E-01  -3.3816E+00   9.9673E-02   3.6780E-02   5.5343E-01
   2004.50   6.2691E+01  -5.3333E+01  -6.5018E+01   1.4036E+00   5.1613E-01  -3.8936E+00   1.1485E-01   4.2235E-02   6.3723E-01
   2004.58   6.2623E+01  -5.3272E+01  -6.5389E+01   1.5707E+00   5.7619E-01  -4.3547E+00   1.2853E-01   4.7150E-02   7.1269E-01
   2004.67   6.2547E+01  -5.3221E+01  -6.5753E+01   1.7193E+00   6.2963E-01  -4.7649E+00   1.4069E-01   5.1523E-02   7.7983E-01
   2004.75   6.2463E+01  -5.3179E+01  -6.6108E+01   1.8495E+00   6.7647E-01  -5.1243E+00   1.5135E-01   5.5356E-02   8.3865E-01
   2004.83   6.2372E+01  -5.3147E+01  -6.6457E+01   1.9613E+00   7.1670E-01  -5.4328E+00   1.6049E-01   5.8648E-02   8.8913E-01
   2004.92   6.2273E+01  -5.3124E+01  -6.6798E+01   2.0546E+00   7.5032E-01  -5.6904E+00   1.6813E-01   6.1399E-02   9.3130E-01
   2005.00   6.2166E+01  -5.3110E+01  -6.7131E+01   2.1295E+00   7.7733E-01  -5.8972E+00   1.7426E-01   6.3609E-02   9.6513E-01
   2005.08   6.2052E+01  -5.3106E+01  -6.7457E+01   2.1860E+00   7.9773E-01  -6.0530E+00   1.7888E-01   6.5279E-02   9.9064E-01
   2005.17   6.1930E+01  -5.3112E+01  -6.7776E+01   2.2240E+00   8.1153E-01  -6.1580E+00   1.8199E-01   6.6407E-02   1.0078E+00
   2005.25   6.1801E+01  -5.3126E+01  -6.8087E+01   2.2436E+00   8.1871E-01  -6.2122E+00   1.8359E-01   6.6995E-02   1.0167E+00
   2005.33   6.1664E+01  -5.3150E+01  -6.8390E+01   2.2447E+00   8.1929E-01  -6.2154E+00   1.8369E-01   6.7043E-02   1.0172E+00
   2005.42   6.1519E+01  -5.3184E+01  -6.8686E+01   2.2274E+00   8.1326E-01  -6.1678E+00   1.8227E-01   6.6549E-02   1.0094E+00
   2005.50   6.1367E+01  -5.3227E+01  -6.8975E+01   2.1917E+00   8.0062E-01  -6.0693E+00   1.7935E-01   6.5515E-02   9.9331E-01
   2005.58   6.1207E+01  -5.3280E+01  -6.9256E+01   2.1375E+00   7.8137E-01  -5.9199E+00   1.7492E-01   6.3940E-02   9.6886E-01
   2005.67   6.1039E+01  -5.3341E+01  -6.9530E+01   2.0649E+00   7.5551E-01  -5.7197E+00   1.6897E-01   6.1824E-02   9.3609E-01
   2005.75   6.0864E+01  -5.3413E+01  -6.9797E+01   1.9739E+00   7.2305E-01  -5.4686E+00   1.6152E-01   5.9167E-02   8.9499E-01
   2005.83   6.0681E+01  -5.3493E+01  -7.0055E+01   1.8644E+00   6.8398E-01  -5.1666E+00   1.5257E-01   5.5970E-02   8.4557E-01
   2005.92   6.0491E+01  -5.3584E+01  -7.0307E+01   1.7365E+00   6.3829E-01  -4.8137E+00   1.4210E-01   5.2232E-02   7.8782E-01
   2006.00   6.0293E+01  -5.3683E+01  -7.0551E+01   1.5902E+00   5.8600E-01  -4.4100E+00   1.3012E-01   4.7953E-02   7.2174E-01
   2006.08   6.0095E+01  -5.3785E+01  -7.0787E+01   1.4401E+00   5.3234E-01  -3.9959E+00   1.1784E-01   4.3561E-02   6.5397E-01
   2006.17   5.9905E+01  -5.3883E+01  -7.1015E+01   1.3009E+00   4.8252E-01  -3.6119E+00   1.0645E-01   3.9485E-02   5.9113E-01
   2006.25   5.9722E+01  -5.3976E+01  -7.1236E+01   1.1727E+00   4.3657E-01  -3.2581E+00   9.5966E-02   3.5724E-02   5.3323E-01
   2006.33   5.9547E+01  -5.4064E+01  -7.1448E+01   1.0555E+00   3.9446E-01  -2.9345E+00   8.6374E-02   3.2279E-02   4.8026E-01
   2006.42   5.9380E+01  -5.4148E+01  -7.1652E+01   9.4927E-01   3.5622E-01  -2.6410E+00   7.7679E-02   2.9149E-02   4.3222E-01
   2006.50   5.9220E+01  -5.4228E+01  -7.1849E+01   8.5396E-01   3.2183E-01  -2.3776E+00   6.9880E-02   2.6335E-02   3.8912E-01
   2006.58   5.9068E+01  -5.4303E+01  -7.2037E+01   7.6962E-01   2.9129E-01  -2.1444E+00   6.2978E-02   2.3836E-02   3.5095E-01
   2006.67   5.8924E+01  -5.4374E+01  -7.2218E+01   6.9623E-01   2.6461E-01  -1.9413E+00   5.6973E-02   2.1653E-02   3.1771E-01
   2006.75   5.8788E+01  -5.4440E+01  -7.2391E+01   6.3380E-01   2.4178E-01  -1.7683E+00   5.1864E-02   1.9785E-02   2.8941E-01
   2006.83   5.8659E+01  -5.4501E+01  -7.2555E+01   5.8233E-01   2.2281E-01  -1.6256E+00   4.7653E-02   1.8232E-02   2.6604E-01
   2006.92   5.8537E+01  -5.4558E+01  -7.2712E+01   5.4182E-01   2.0769E-01  -1.5129E+00   4.4337E-02   1.6995E-02   2.4761E-01
   2007.00   5.8424E+01  -5.4611E+01  -7.2861E+01   5.1227E-01   1.9643E-01  -1.4304E+00   4.1919E-02   1.6074E-02   2.3410E-01
   2007.08   5.8318E+01  -5.4659E+01  -7.3002E+01   4.9367E-01   1.8902E-01  -1.3781E+00   4.0397E-02   1.5468E-02   2.2554E-01
   2007.17   5.8219E+01  -5.4703E+01  -7.3135E+01   4.8603E-01   1.8547E-01  -1.3559E+00   3.9772E-02   1.5177E-02   2.2190E-01
   2007.25   5.8129E+01  -5.4742E+01  -7.3260E+01   4.8935E-01   1.8577E-01  -1.3638E+00   4.0044E-02   1.5202E-02   2.2320E-01
   2007.33   5.8046E+01  -5.4777E+01  -7.3377E+01   5.0363E-01   1.8993E-01  -1.4019E+00   4.1212E-02   1.5542E-02   2.2943E-01
   2007.42   5.7971E+01  -5.4807E+01  -7.3486E+01   5.2887E-01   1.9794E-01  -1.4701E+00   4.3278E-02   1.6198E-02   2.4060E-01
   2007.50   5.7903E+01  -5.4833E+01  -7.3587E+01   5.6506E-01   2.0981E-01  -1.5685E+00   4.6239E-02   1.7169E-02   2.5670E-01
   2007.58   5.7843E+01  -5.4854E+01  -7.3680E+01   6.1222E-01   2.2553E-01  -1.6970E+00   5.0098E-02   1.8456E-02   2.7773E-01
   2007.67   5.7791E+01  -5.4871E+01  -7.3766E+01   6.7033E-01   2.4511E-01  -1.8557E+00   5.4853E-02   2.0058E-02   3.0370E-01
   2007.75   5.7746E+01  -5.4883E+01  -7.3843E+01   7.3940E-01   2.6854E-01  -2.0445E+00   6.0505E-02   2.1975E-02   3.3460E-01
   2007.83   5.7709E+01  -5.4891E+01  -7.3912E+01   8.1943E-01   2.9583E-01  -2.2635E+00   6.7054E-02   2.4208E-02   3.7044E-01
   2007.92   5.7680E+01  -5.4894E+01  -7.3974E+01   9.1041E-01   3.2698E-01  -2.5126E+00   7.4499E-02   2.6757E-02   4.1121E-01
   2008.00   5.7658E+01  -5.4893E+01  -7.4027E+01   1.0124E+00   3.6197E-01  -2.7918E+00   8.2841E-02   2.9620E-02   4.5691E-01
   2008.08   5.7646E+01  -5.4885E+01  -7.4095E+01   1.1123E+00   3.9634E-01  -3.0657E+00   9.1019E-02   3.2433E-02   5.0173E-01
   2008.17   5.7646E+01  -5.4868E+01  -7.4197E+01   1.1973E+00   4.2560E-01  -3.2986E+00   9.7972E-02   3.4827E-02   5.3985E-01
   2008.25   5.7657E+01  -5.4841E+01  -7.4336E+01   1.2673E+00   4.4975E-01  -3.4907E+00   1.0370E-01   3.6804E-02   5.7128E-01
   2008.33   5.7680E+01  -5.4805E+01  -7.4510E+01   1.3223E+00   4.6879E-01  -3.6418E+00   1.0820E-01   3.8362E-02   5.9602E-01
   2008.42   5.7715E+01  -5.4759E+01  -7.4719E+01   1.3623E+00   4.8272E-01  -3.7520E+00   1.1148E-01   3.9501E-02   6.1406E-01
   2008.50   5.7761E+01  -5.4704E+01  -7.4964E+01   1.3874E+00   4.9154E-01  -3.8213E+00   1.1353E-01   4.0223E-02   6.2540E-01
   2008.58   5.7819E+01  -5.4640E+01  -7.5244E+01   1.3975E+00   4.9525E-01  -3.8497E+00   1.1436E-01   4.0527E-02   6.3004E-01
   2008.67   5.7888E+01  -5.4567E+01  -7.5560E+01   1.3927E+00   4.9385E-01  -3.8372E+00   1.1396E-01   4.0412E-02   6.2799E-01
   2008.75   5.7969E+01  -5.4484E+01  -7.5912E+01   1.3728E+00   4.8734E-01  -3.7837E+00   1.1234E-01   3.9879E-02   6.1925E-01
   2008.83   5.8062E+01  -5.4392E+01  -7.6299E+01   1.3380E+00   4.7572E-01  -3.6894E+00   1.0949E-01   3.8928E-02   6.0381E-01
   2008.92   5.8167E+01  -5.4291E+01  -7.6721E+01   1.2883E+00   4.5898E-01  -3.5541E+00   1.0542E-01   3.7559E-02   5.8167E-01
   2009.00   5.8283E+01  -5.4180E+01  -7.7179E+01   1.2235E+00   4.3714E-01  -3.3780E+00   1.0012E-01   3.5771E-02   5.5284E-01
   2009.08   5.8411E+01  -5.4060E+01  -7.7673E+01   1.1438E+00   4.1019E-01  -3.1609E+00   9.3599E-02   3.3566E-02   5.1731E-01
   2009.17   5.8550E+01  -5.3930E+01  -7.8202E+01   1.0491E+00   3.7812E-01  -2.9029E+00   8.5851E-02   3.0942E-02   4.7509E-01
   2009.25   5.8701E+01  -5.3791E+01  -7.8766E+01   9.3947E-01   3.4095E-01  -2.6040E+00   7.6878E-02   2.7900E-02   4.2617E-01
   2009.33   5.8864E+01  -5.3643E+01  -7.9366E+01   8.1485E-01   2.9867E-01  -2.2641E+00   6.6679E-02   2.4440E-02   3.7055E-01
   2009.42   5.9038E+01  -5.3486E+01  -8.0002E+01   6.7525E-01   2.5127E-01  -1.8834E+00   5.5256E-02   2.0562E-02   3.0824E-01
   2009.50   5.9224E+01  -5.3319E+01  -8.0673E+01   5.2069E-01   1.9877E-01  -1.4618E+00   4.2608E-02   1.6265E-02   2.3923E-01
   2009.58   5.9422E+01  -5.3143E+01  -8.1380E+01   3.5115E-01   1.4115E-01  -9.9920E-01   2.8734E-02   1.1551E-02   1.6353E-01
   2009.67   5.9631E+01  -5.2957E+01  -8.2122E+01   1.6664E-01   7.8430E-02  -4.9573E-01   1.3636E-02   6.4179E-03   8.1131E-02
   2009.75   5.9852E+01  -5.2762E+01  -8.2900E+01  -3.2842E-02   1.0595E-02   4.8657E-02  -2.6875E-03   8.6697E-04  -7.9632E-03
   2009.83   6.0085E+01  -5.2558E+01  -8.3713E+01  -2.4729E-01  -6.2351E-02   6.3395E-01  -2.0236E-02  -5.1022E-03  -1.0375E-01
   2009.92   6.0329E+01  -5.2345E+01  -8.4562E+01  -4.7671E-01  -1.4041E-01   1.2602E+00  -3.9010E-02  -1.1489E-02  -2.0624E-01
   2010.00   6.0585E+01  -5.2122E+01  -8.5446E+01  -7.2111E-01  -2.2357E-01   1.9273E+00  -5.9008E-02  -1.8295E-02  -3.1542E-01
   2010.08   6.0838E+01  -5.1899E+01  -8.6339E+01  -9.6255E-01  -3.0576E-01   2.5864E+00  -7.8766E-02  -2.5020E-02  -4.2329E-01
   2010.17   6.1072E+01  -5.1687E+01  -8.7214E+01  -1.1831E+00  -3.8087E-01   3.1886E+00  -9.6815E-02  -3.1167E-02  -5.2186E-01
   2010.25   6.1287E+01  -5.1486E+01  -8.8070E+01  -1.3828E+00  -4.4892E-01   3.7340E+00  -1.1316E-01  -3.6735E-02  -6.1111E-01
   2010.33   6.1485E+01  -5.1294E+01  -8.8909E+01  -1.5617E+00  -5.0989E-01   4.2224E+00  -1.2779E-01  -4.1725E-02  -6.9104E-01
   2010.42   6.1664E+01  -5.1113E+01  -8.9729E+01  -1.7196E+00  -5.6380E-01   4.6539E+00  -1.4072E-01  -4.6136E-02  -7.6167E-01
   2010.50   6.1824E+01  -5.0942E+01  -9.0531E+01  -1.8567E+00  -6.1063E-01   5.0286E+00  -1.5194E-01  -4.9968E-02  -8.2298E-01
   2010.58   6.1967E+01  -5.0781E+01  -9.1315E+01  -1.9730E+00  -6.5040E-01   5.3463E+00  -1.6145E-01  -5.3222E-02  -8.7498E-01
   2010.67   6.2091E+01  -5.0631E+01  -9.2080E+01  -2.0683E+00  -6.8309E-01   5.6071E+00  -1.6925E-01  -5.5897E-02  -9.1767E-01
   2010.75   6.2196E+01  -5.0491E+01  -9.2828E+01  -2.1428E+00  -7.0871E-01   5.8111E+00  -1.7535E-01  -5.7994E-02  -9.5105E-01
   2010.83   6.2283E+01  -5.0361E+01  -9.3557E+01  -2.1964E+00  -7.2726E-01   5.9581E+00  -1.7973E-01  -5.9512E-02  -9.7511E-01
   2010.92   6.2352E+01  -5.0241E+01  -9.4268E+01  -2.2292E+00  -7.3875E-01   6.0482E+00  -1.8241E-01  -6.0452E-02  -9.8986E-01
   2011.00   6.2402E+01  -5.0132E+01  -9.4961E+01  -2.2410E+00  -7.4316E-01   6.0815E+00  -1.8339E-01  -6.0813E-02  -9.9530E-01
   2011.08   6.2434E+01  -5.0033E+01  -9.5636E+01  -2.2321E+00  -7.4050E-01   6.0578E+00  -1.8265E-01  -6.0595E-02  -9.9143E-01
   2011.17   6.2447E+01  -4.9945E+01  -9.6292E+01  -2.2022E+00  -7.3077E-01   5.9773E+00  -1.8021E-01  -5.9799E-02  -9.7824E-01
   2011.25   6.2443E+01  -4.9866E+01  -9.6930E+01  -2.1515E+00  -7.1397E-01   5.8398E+00  -1.7606E-01  -5.8425E-02  -9.5575E-01
   2011.33   6.2419E+01  -4.9798E+01  -9.7550E+01  -2.0799E+00  -6.9010E-01   5.6454E+00  -1.7020E-01  -5.6471E-02  -9.2394E-01
   2011.42   6.2378E+01  -4.9740E+01  -9.8152E+01  -1.9874E+00  -6.5916E-01   5.3942E+00  -1.6263E-01  -5.3940E-02  -8.8282E-01
   2011.50   6.2318E+01  -4.9693E+01  -9.8736E+01  -1.8741E+00  -6.2115E-01   5.0860E+00  -1.5336E-01  -5.0829E-02  -8.3238E-01
   2011.58   6.2239E+01  -4.9655E+01  -9.9302E+01  -1.7399E+00  -5.7607E-01   4.7210E+00  -1.4237E-01  -4.7140E-02  -7.7264E-01
   2011.67   6.2142E+01  -4.9629E+01  -9.9849E+01  -1.5848E+00  -5.2392E-01   4.2990E+00  -1.2968E-01  -4.2873E-02  -7.0358E-01
   2011.75   6.2027E+01  -4.9612E+01  -1.0038E+02  -1.4088E+00  -4.6470E-01   3.8202E+00  -1.1529E-01  -3.8027E-02  -6.2521E-01
   2011.83   6.1894E+01  -4.9605E+01  -1.0089E+02  -1.2120E+00  -3.9841E-01   3.2844E+00  -9.9181E-02  -3.2602E-02  -5.3753E-01
   2011.92   6.1742E+01  -4.9609E+01  -1.0138E+02  -9.9434E-01  -3.2505E-01   2.6917E+00  -8.1368E-02  -2.6599E-02  -4.4053E-01
   2012.00   6.1571E+01  -4.9624E+01  -1.0186E+02  -7.5579E-01  -2.4461E-01   2.0422E+00  -6.1847E-02  -2.0017E-02  -3.3423E-01
