 1  1 X   11  486
 1  2 X   11  486
 1  3 X   11  484
 1  4 X   11  476
 1  5 X   11  478
 1  6 X   11  469
 1  7 X   11  495
 1  8 X   11  474
 1  9 X   11  487
 1 10 X   11  486
 1 11 X   11  484
 1 12 X   11  488
 1 13 X   11  484
 1 14 X   11  489
 1 15 X   11  486
 1 16 X   11  474
 1 17 X   11  474
 1 18 X   11  496
 1 19 X   11  488
 1 20 X   11  460
 1 21 X   11  495
 1 22 X   11  483
 1 23 X   11  489
 1 24 X   11  485
 1 25 X   11  481
 1 26 X   11  485
 1 27 X   11  487
 1 28 X   11  488
 1 29 X   11  485
 1 30 X   11  483
 1 31 X   11  474
 1  1 Y  -32 -305
 1  2 Y  -32 -305
 1  3 Y  -32 -301
 1  4 Y  -32 -306
 1  5 Y  -32 -303
 1  6 Y  -32 -308
 1  7 Y  -32 -305
 1  8 Y  -32 -297
 1  9 Y  -32 -287
 1 10 Y  -32 -296
 1 11 Y  -32 -301
 1 12 Y  -32 -305
 1 13 Y  -32 -299
 1 14 Y  -32 -307
 1 15 Y  -32 -303
 1 16 Y  -32 -305
 1 17 Y  -32 -306
 1 18 Y  -32 -298
 1 19 Y  -32 -307
 1 20 Y  -32 -304
 1 21 Y  -32 -309
 1 22 Y  -32 -308
 1 23 Y  -32 -304
 1 24 Y  -32 -308
 1 25 Y  -32 -305
 1 26 Y  -32 -304
 1 27 Y  -32 -301
 1 28 Y  -32 -310
 1 29 Y  -32 -310
 1 30 Y  -32 -286
 1 31 Y  -32 -296
 1  1 Z  558  500
 1  2 Z  558  500
 1  3 Z  558  500
 1  4 Z  558  494
 1  5 Z  558  496
 1  6 Z  558  506
 1  7 Z  558  528
 1  8 Z  558  509
 1  9 Z  558  508
 1 10 Z  558  507
 1 11 Z  558  503
 1 12 Z  558  504
 1 13 Z  558  502
 1 14 Z  558  502
 1 15 Z  558  496
 1 16 Z  558  499
 1 17 Z  558  499
 1 18 Z  558  508
 1 19 Z  558  494
 1 20 Z  558  501
 1 21 Z  558  502
 1 22 Z  558  495
 1 23 Z  558  494
 1 24 Z  558  499
 1 25 Z  558  501
 1 26 Z  558  495
 1 27 Z  558  499
 1 28 Z  558  494
 1 29 Z  558  496
 1 30 Z  558  526
 1 31 Z  558  513
 2  1 X   11  494
 2  2 X   11  491
 2  3 X   11  469
 2  4 X   11  487
 2  5 X   11  489
 2  6 X   11  488
 2  7 X   11  486
 2  8 X   11  475
 2  9 X   11  483
 2 10 X   11  486
 2 11 X   11  465
 2 12 X   11  484
 2 13 X   11  490
 2 14 X   11  489
 2 15 X   11  495
 2 16 X   11  491
 2 17 X   11  443
 2 18 X   11  495
 2 19 X   11  474
 2 20 X   11  484
 2 21 X   11  483
 2 22 X   11  498
 2 23 X   11  488
 2 24 X   11  495
 2 25 X   11  495
 2 26 X   11  494
 2 27 X   11  488
 2 28 X   11  488
 2  1 Y  -32 -302
 2  2 Y  -32 -306
 2  3 Y  -32 -312
 2  4 Y  -32 -297
 2  5 Y  -32 -306
 2  6 Y  -32 -307
 2  7 Y  -32 -306
 2  8 Y  -32 -313
 2  9 Y  -32 -302
 2 10 Y  -32 -307
 2 11 Y  -32 -297
 2 12 Y  -32 -301
 2 13 Y  -32 -296
 2 14 Y  -32 -302
 2 15 Y  -32 -311
 2 16 Y  -32 -304
 2 17 Y  -32 -311
 2 18 Y  -32 -295
 2 19 Y  -32 -296
 2 20 Y  -32 -306
 2 21 Y  -32 -305
 2 22 Y  -32 -300
 2 23 Y  -32 -302
 2 24 Y  -32 -301
 2 25 Y  -32 -299
 2 26 Y  -32 -306
 2 27 Y  -32 -304
 2 28 Y  -32 -287
 2  1 Z  558  505
 2  2 Z  558  502
 2  3 Z  558  496
 2  4 Z  558  509
 2  5 Z  558  497
 2  6 Z  558  492
 2  7 Z  558  491
 2  8 Z  558  496
 2  9 Z  558  502
 2 10 Z  558  507
 2 11 Z  558  508
 2 12 Z  558  508
 2 13 Z  558  507
 2 14 Z  558  504
 2 15 Z  558  508
 2 16 Z  558  500
 2 17 Z  558  492
 2 18 Z  558  548
 2 19 Z  558  519
 2 20 Z  558  510
 2 21 Z  558  506
 2 22 Z  558  504
 2 23 Z  558  497
 2 24 Z  558  494
 2 25 Z  558  503
 2 26 Z  558  494
 2 27 Z  558  505
 2 28 Z  558  518
 3  1 X   11  475
 3  2 X   11  487
 3  3 X   11  487
 3  4 X   11  485
 3  5 X   11  504
 3  6 X   11  497
 3  7 X   11  503
 3  8 X   11  497
 3  9 X   11  497
 3 10 X   11  459
 3 11 X   11  501
 3 12 X   11  490
 3 13 X   11  493
 3 14 X   11  482
 3 15 X   11  518
 3 16 X   11  495
 3 17 X   11  498
 3 18 X   11  488
 3 19 X   11  492
 3 20 X   11  490
 3 21 X   11  483
 3 22 X   11  499
 3 23 X   11  497
 3 24 X   11  486
 3 25 X   11  499
 3 26 X   11  494
 3 27 X   11  500
 3 28 X   11  512
 3 29 X   11  470
 3 30 X   11  498
 3 31 X   11  503
 3  1 Y  -32 -296
 3  2 Y  -32 -290
 3  3 Y  -32 -302
 3  4 Y  -32 -300
 3  5 Y  -32 -308
 3  6 Y  -32 -300
 3  7 Y  -32 -311
 3  8 Y  -32 -307
 3  9 Y  -32 -298
 3 10 Y  -32 -286
 3 11 Y  -32 -291
 3 12 Y  -32 -305
 3 13 Y  -32 -294
 3 14 Y  -32 -300
 3 15 Y  -32 -309
 3 16 Y  -32 -296
 3 17 Y  -32 -312
 3 18 Y  -32 -294
 3 19 Y  -32 -303
 3 20 Y  -32 -282
 3 21 Y  -32 -276
 3 22 Y  -32 -295
 3 23 Y  -32 -313
 3 24 Y  -32 -292
 3 25 Y  -32 -285
 3 26 Y  -32 -278
 3 27 Y  -32 -300
 3 28 Y  -32 -298
 3 29 Y  -32 -298
 3 30 Y  -32 -282
 3 31 Y  -32 -313
 3  1 Z  558  506
 3  2 Z  558  526
 3  3 Z  558  521
 3  4 Z  558  497
 3  5 Z  558  497
 3  6 Z  558  504
 3  7 Z  558  506
 3  8 Z  558  493
 3  9 Z  558  481
 3 10 Z  558  520
 3 11 Z  558  537
 3 12 Z  558  529
 3 13 Z  558  527
 3 14 Z  558  513
 3 15 Z  558  522
 3 16 Z  558  519
 3 17 Z  558  517
 3 18 Z  558  525
 3 19 Z  558  508
 3 20 Z  558  518
 3 21 Z  558  492
 3 22 Z  558  501
 3 23 Z  558  496
 3 24 Z  558  497
 3 25 Z  558  499
 3 26 Z  558  510
 3 27 Z  558  522
 3 28 Z  558  526
 3 29 Z  558  521
 3 30 Z  558  514
 3 31 Z  558  509
 4  1 X   11  504
 4  2 X   11  497
 4  3 X   11  502
 4  4 X   11  516
 4  5 X   11  509
 4  6 X   11  502
 4  7 X   11  484
 4  8 X   11  474
 4  9 X   11  493
 4 10 X   11  478
 4 11 X   11  479
 4 12 X   11  502
 4 13 X   11  486
 4 14 X   11  528
 4 15 X   11  504
 4 16 X   11  531
 4 17 X   11  509
 4 18 X   11  523
 4 19 X   11  486
 4 20 X   11  497
 4 21 X   11  521
 4 22 X   11  536
 4 23 X   11  512
 4 24 X   11  538
 4 25 X   11  492
 4 26 X   11  505
 4 27 X   11  514
 4 28 X   11  500
 4 29 X   11  502
 4 30 X   11  496
 4  1 Y  -32 -301
 4  2 Y  -32 -296
 4  3 Y  -32 -298
 4  4 Y  -32 -303
 4  5 Y  -32 -300
 4  6 Y  -32 -304
 4  7 Y  -32 -304
 4  8 Y  -32 -315
 4  9 Y  -32 -278
 4 10 Y  -32 -295
 4 11 Y  -32 -296
 4 12 Y  -32 -304
 4 13 Y  -32 -307
 4 14 Y  -32 -297
 4 15 Y  -32 -296
 4 16 Y  -32 -320
 4 17 Y  -32 -282
 4 18 Y  -32 -293
 4 19 Y  -32 -297
 4 20 Y  -32 -281
 4 21 Y  -32 -327
 4 22 Y  -32 -308
 4 23 Y  -32 -315
 4 24 Y  -32 -302
 4 25 Y  -32 -298
 4 26 Y  -32 -266
 4 27 Y  -32 -303
 4 28 Y  -32 -300
 4 29 Y  -32 -299
 4 30 Y  -32 -298
 4  1 Z  558  521
 4  2 Z  558  502
 4  3 Z  558  484
 4  4 Z  558  514
 4  5 Z  558  491
 4  6 Z  558  450
 4  7 Z  558  465
 4  8 Z  558  488
 4  9 Z  558  523
 4 10 Z  558  493
 4 11 Z  558  521
 4 12 Z  558  563
 4 13 Z  558  495
 4 14 Z  558  507
 4 15 Z  558  467
 4 16 Z  558  428
 4 17 Z  558  454
 4 18 Z  558  461
 4 19 Z  558  462
 4 20 Z  558  538
 4 21 Z  558  438
 4 22 Z  558  414
 4 23 Z  558  459
 4 24 Z  558  528
 4 25 Z  558  520
 4 26 Z  558  507
 4 27 Z  558  521
 4 28 Z  558  522
 4 29 Z  558  512
 4 30 Z  558  483
 5  1 X   11  535
 5  2 X   11  529
 5  3 X   11  521
 5  4 X   11  556
 5  5 X   11  529
 5  6 X   11  503
 5  7 X   11  505
 5  8 X   11  507
 5  9 X   11  497
 5 10 X   11  504
 5 11 X   11  503
 5 12 X   11  519
 5 13 X   11  497
 5 14 X   11  505
 5 15 X   11  509
 5 16 X   11  520
 5 17 X   11  530
 5 18 X   11  515
 5 19 X   11  557
 5 20 X   11  489
 5 21 X   11  510
 5 22 X   11  521
 5 23 X   11  509
 5 24 X   11  517
 5 25 X   11  496
 5 26 X   11  469
 5 27 X   11  522
 5 28 X   11  514
 5 29 X   11  540
 5 30 X   11  541
 5 31 X   11  544
 5  1 Y  -32 -309
 5  2 Y  -32 -259
 5  3 Y  -32 -303
 5  4 Y  -32 -338
 5  5 Y  -32 -273
 5  6 Y  -32 -270
 5  7 Y  -32 -316
 5  8 Y  -32 -288
 5  9 Y  -32 -267
 5 10 Y  -32 -292
 5 11 Y  -32 -306
 5 12 Y  -32 -292
 5 13 Y  -32 -292
 5 14 Y  -32 -294
 5 15 Y  -32 -297
 5 16 Y  -32 -317
 5 17 Y  -32 -324
 5 18 Y  -32 -271
 5 19 Y  -32 -313
 5 20 Y  -32 -257
 5 21 Y  -32 -290
 5 22 Y  -32 -309
 5 23 Y  -32 -303
 5 24 Y  -32 -292
 5 25 Y  -32 -269
 5 26 Y  -32 -288
 5 27 Y  -32 -293
 5 28 Y  -32 -299
 5 29 Y  -32 -284
 5 30 Y  -32 -323
 5 31 Y  -32 -308
 5  1 Z  558  469
 5  2 Z  558  457
 5  3 Z  558  511
 5  4 Z  558  455
 5  5 Z  558  525
 5  6 Z  558  503
 5  7 Z  558  589
 5  8 Z  558  509
 5  9 Z  558  519
 5 10 Z  558  531
 5 11 Z  558  487
 5 12 Z  558  508
 5 13 Z  558  518
 5 14 Z  558  522
 5 15 Z  558  499
 5 16 Z  558  435
 5 17 Z  558  434
 5 18 Z  558  455
 5 19 Z  558  419
 5 20 Z  558  500
 5 21 Z  558  500
 5 22 Z  558  550
 5 23 Z  558  513
 5 24 Z  558  517
 5 25 Z  558  523
 5 26 Z  558  531
 5 27 Z  558  483
 5 28 Z  558  471
 5 29 Z  558  404
 5 30 Z  558  429
 5 31 Z  558  444
 6  1 X   11  524
 6  2 X   11  576
 6  3 X   11  489
 6  4 X   11  513
 6  5 X   11  510
 6  6 X   11  475
 6  7 X   11  480
 6  8 X   11  519
 6  9 X   11  525
 6 10 X   11  558
 6 11 X   11  549
 6 12 X   11  544
 6 13 X   11  581
 6 14 X   11  558
 6 15 X   11  604
 6 16 X   11  528
 6 17 X   11  550
 6 18 X   11  510
 6 19 X   11  522
 6 20 X   11  480
 6 21 X   11  514
 6 22 X   11  481
 6 23 X   11  468
 6 24 X   11  547
 6 25 X   11  491
 6 26 X   11  579
 6 27 X   11  585
 6 28 X   11  560
 6 29 X   11  540
 6 30 X   11  537
 6  1 Y  -32 -319
 6  2 Y  -32 -336
 6  3 Y  -32 -277
 6  4 Y  -32 -298
 6  5 Y  -32 -283
 6  6 Y  -32 -240
 6  7 Y  -32 -301
 6  8 Y  -32 -257
 6  9 Y  -32 -303
 6 10 Y  -32 -304
 6 11 Y  -32 -313
 6 12 Y  -32 -317
 6 13 Y  -32 -326
 6 14 Y  -32 -287
 6 15 Y  -32 -303
 6 16 Y  -32 -283
 6 17 Y  -32 -324
 6 18 Y  -32 -268
 6 19 Y  -32 -315
 6 20 Y  -32 -269
 6 21 Y  -32 -288
 6 22 Y  -32 -273
 6 23 Y  -32 -297
 6 24 Y  -32 -305
 6 25 Y  -32 -290
 6 26 Y  -32 -326
 6 27 Y  -32 -317
 6 28 Y  -32 -311
 6 29 Y  -32 -305
 6 30 Y  -32 -302
 6  1 Z  558  449
 6  2 Z  558  441
 6  3 Z  558  521
 6  4 Z  558  530
 6  5 Z  558  533
 6  6 Z  558  534
 6  7 Z  558  567
 6  8 Z  558  534
 6  9 Z  558  552
 6 10 Z  558  518
 6 11 Z  558  452
 6 12 Z  558  460
 6 13 Z  558  385
 6 14 Z  558  537
 6 15 Z  558  367
 6 16 Z  558  435
 6 17 Z  558  431
 6 18 Z  558  497
 6 19 Z  558  535
 6 20 Z  558  572
 6 21 Z  558  532
 6 22 Z  558  544
 6 23 Z  558  547
 6 24 Z  558  383
 6 25 Z  558  491
 6 26 Z  558  343
 6 27 Z  558  370
 6 28 Z  558  394
 6 29 Z  558  449
 6 30 Z  558  429
 7  1 X   11  514
 7  2 X   11  513
 7  3 X   11  533
 7  4 X   11  523
 7  5 X   11  489
 7  6 X   11  569
 7  7 X   11  503
 7  8 X   11  501
 7  9 X   11  505
 7 10 X   11  559
 7 11 X   11  526
 7 12 X   11  642
 7 13 X   11  537
 7 14 X   11  538
 7 15 X   11  544
 7 16 X   11  513
 7 17 X   11  548
 7 18 X   11  511
 7 19 X   11  499
 7 20 X   11  491
 7 21 X   11  553
 7 22 X   11  556
 7 23 X   11  550
 7 24 X   11  540
 7 25 X   11  556
 7 26 X   11  546
 7 27 X   11  543
 7 28 X   11  534
 7 29 X   11  501
 7 30 X   11  507
 7 31 X   11  567
 7  1 Y  -32 -282
 7  2 Y  -32 -287
 7  3 Y  -32 -342
 7  4 Y  -32 -275
 7  5 Y  -32 -297
 7  6 Y  -32 -281
 7  7 Y  -32 -287
 7  8 Y  -32 -299
 7  9 Y  -32 -283
 7 10 Y  -32 -316
 7 11 Y  -32 -283
 7 12 Y  -32 -352
 7 13 Y  -32 -287
 7 14 Y  -32 -310
 7 15 Y  -32 -303
 7 16 Y  -32 -278
 7 17 Y  -32 -282
 7 18 Y  -32 -299
 7 19 Y  -32 -279
 7 20 Y  -32 -300
 7 21 Y  -32 -301
 7 22 Y  -32 -317
 7 23 Y  -32 -269
 7 24 Y  -32 -274
 7 25 Y  -32 -296
 7 26 Y  -32 -303
 7 27 Y  -32 -300
 7 28 Y  -32 -306
 7 29 Y  -32 -297
 7 30 Y  -32 -280
 7 31 Y  -32 -291
 7  1 Z  558  467
 7  2 Z  558  541
 7  3 Z  558  461
 7  4 Z  558  502
 7  5 Z  558  531
 7  6 Z  558  463
 7  7 Z  558  585
 7  8 Z  558  502
 7  9 Z  558  464
 7 10 Z  558  431
 7 11 Z  558  413
 7 12 Z  558  369
 7 13 Z  558  415
 7 14 Z  558  439
 7 15 Z  558  422
 7 16 Z  558  514
 7 17 Z  558  457
 7 18 Z  558  481
 7 19 Z  558  526
 7 20 Z  558  507
 7 21 Z  558  445
 7 22 Z  558  403
 7 23 Z  558  419
 7 24 Z  558  448
 7 25 Z  558  448
 7 26 Z  558  461
 7 27 Z  558  457
 7 28 Z  558  404
 7 29 Z  558  511
 7 30 Z  558  503
 7 31 Z  558  452
 8  1 X   11  478
 8  2 X   11  552
 8  3 X   11  539
 8  4 X   11  551
 8  5 X   11  571
 8  6 X   11  579
 8  7 X   11  586
 8  8 X   11  573
 8  9 X   11  551
 8 10 X   11  520
 8 11 X   11  530
 8 12 X   11  545
 8 13 X   11  558
 8 14 X   11  530
 8 15 X   11  531
 8 16 X   11  592
 8 17 X   11  588
 8 18 X   11  548
 8 19 X   11  518
 8 20 X   11  522
 8 21 X   11  503
 8 22 X   11  552
 8 23 X   11  550
 8 24 X   11  541
 8 25 X   11  529
 8 26 X   11  559
 8 27 X   11  539
 8 28 X   11  557
 8 29 X   11  540
 8 30 X   11  537
 8 31 X   11  559
 8  1 Y  -32 -245
 8  2 Y  -32 -306
 8  3 Y  -32 -293
 8  4 Y  -32 -307
 8  5 Y  -32 -303
 8  6 Y  -32 -311
 8  7 Y  -32 -303
 8  8 Y  -32 -299
 8  9 Y  -32 -302
 8 10 Y  -32 -306
 8 11 Y  -32 -282
 8 12 Y  -32 -305
 8 13 Y  -32 -285
 8 14 Y  -32 -253
 8 15 Y  -32 -289
 8 16 Y  -32 -320
 8 17 Y  -32 -336
 8 18 Y  -32 -306
 8 19 Y  -32 -296
 8 20 Y  -32 -227
 8 21 Y  -32 -307
 8 22 Y  -32 -267
 8 23 Y  -32 -288
 8 24 Y  -32 -303
 8 25 Y  -32 -320
 8 26 Y  -32 -277
 8 27 Y  -32 -274
 8 28 Y  -32 -296
 8 29 Y  -32 -290
 8 30 Y  -32 -289
 8 31 Y  -32 -276
 8  1 Z  558  523
 8  2 Z  558  436
 8  3 Z  558  468
 8  4 Z  558  372
 8  5 Z  558  383
 8  6 Z  558  416
 8  7 Z  558  382
 8  8 Z  558  435
 8  9 Z  558  406
 8 10 Z  558  483
 8 11 Z  558  488
 8 12 Z  558  459
 8 13 Z  558  478
 8 14 Z  558  520
 8 15 Z  558  453
 8 16 Z  558  403
 8 17 Z  558  403
 8 18 Z  558  425
 8 19 Z  558  457
 8 20 Z  558  488
 8 21 Z  558  509
 8 22 Z  558  463
 8 23 Z  558  447
 8 24 Z  558  446
 8 25 Z  558  446
 8 26 Z  558  422
 8 27 Z  558  525
 8 28 Z  558  489
 8 29 Z  558  468
 8 30 Z  558  475
 8 31 Z  558  459
 9  1 X   11  538
 9  2 X   11  521
 9  3 X   11  551
 9  4 X   11  538
 9  5 X   11  505
 9  6 X   11  527
 9  7 X   11  512
 9  8 X   11  498
 9  9 X   11  520
 9 10 X   11  526
 9 11 X   11  518
 9 12 X   11  544
 9 13 X   11  545
 9 14 X   11  543
 9 15 X   11  544
 9 16 X   11  549
 9 17 X   11  527
 9 18 X   11  506
 9 19 X   11  529
 9 20 X   11  536
 9 21 X   11  547
 9 22 X   11  530
 9 23 X   11  547
 9 24 X   11  533
 9 25 X   11  558
 9 26 X   11  510
 9 27 X   11  537
 9 28 X   11  520
 9 29 X   11  532
 9 30 X   11  510
 9  1 Y  -32 -258
 9  2 Y  -32 -310
 9  3 Y  -32 -291
 9  4 Y  -32 -296
 9  5 Y  -32 -285
 9  6 Y  -32 -286
 9  7 Y  -32 -263
 9  8 Y  -32 -279
 9  9 Y  -32 -282
 9 10 Y  -32 -301
 9 11 Y  -32 -289
 9 12 Y  -32 -277
 9 13 Y  -32 -294
 9 14 Y  -32 -302
 9 15 Y  -32 -289
 9 16 Y  -32 -296
 9 17 Y  -32 -299
 9 18 Y  -32 -290
 9 19 Y  -32 -288
 9 20 Y  -32 -297
 9 21 Y  -32 -289
 9 22 Y  -32 -300
 9 23 Y  -32 -271
 9 24 Y  -32 -321
 9 25 Y  -32 -302
 9 26 Y  -32 -255
 9 27 Y  -32 -287
 9 28 Y  -32 -293
 9 29 Y  -32 -289
 9 30 Y  -32 -308
 9  1 Z  558  525
 9  2 Z  558  472
 9  3 Z  558  476
 9  4 Z  558  493
 9  5 Z  558  515
 9  6 Z  558  523
 9  7 Z  558  533
 9  8 Z  558  549
 9  9 Z  558  534
 9 10 Z  558  527
 9 11 Z  558  473
 9 12 Z  558  477
 9 13 Z  558  466
 9 14 Z  558  464
 9 15 Z  558  468
 9 16 Z  558  456
 9 17 Z  558  492
 9 18 Z  558  475
 9 19 Z  558  503
 9 20 Z  558  491
 9 21 Z  558  487
 9 22 Z  558  486
 9 23 Z  558  492
 9 24 Z  558  486
 9 25 Z  558  555
 9 26 Z  558  551
 9 27 Z  558  521
 9 28 Z  558  529
 9 29 Z  558  504
 9 30 Z  558  484
10  1 X   11  530
10  2 X   11  477
10  3 X   11  551
10  4 X   11  534
10  5 X   11  527
10  6 X   11  530
10  7 X   11  499
10  8 X   11  530
10  9 X   11  553
10 10 X   11  540
10 11 X   11  534
10 12 X   11  528
10 13 X   11  538
10 14 X   11  538
10 15 X   11  532
10 16 X   11  527
10 17 X   11  536
10 18 X   11  534
10 19 X   11  531
10 20 X   11  526
10 21 X   11  543
10 22 X   11  510
10 23 X   11  516
10 24 X   11  536
10 25 X   11  542
10 26 X   11  540
10 27 X   11  533
10 28 X   11  534
10 29 X   11  527
10 30 X   11  541
10 31 X   11  530
10  1 Y  -32 -291
10  2 Y  -32 -302
10  3 Y  -32 -296
10  4 Y  -32 -294
10  5 Y  -32 -294
10  6 Y  -32 -293
10  7 Y  -32 -284
10  8 Y  -32 -285
10  9 Y  -32 -285
10 10 Y  -32 -301
10 11 Y  -32 -301
10 12 Y  -32 -296
10 13 Y  -32 -292
10 14 Y  -32 -298
10 15 Y  -32 -282
10 16 Y  -32 -292
10 17 Y  -32 -282
10 18 Y  -32 -283
10 19 Y  -32 -281
10 20 Y  -32 -297
10 21 Y  -32 -283
10 22 Y  -32 -270
10 23 Y  -32 -302
10 24 Y  -32 -294
10 25 Y  -32 -282
10 26 Y  -32 -297
10 27 Y  -32 -287
10 28 Y  -32 -276
10 29 Y  -32 -289
10 30 Y  -32 -293
10 31 Y  -32 -291
10  1 Z  558  552
10  2 Z  558  538
10  3 Z  558  537
10  4 Z  558  530
10  5 Z  558  522
10  6 Z  558  518
10  7 Z  558  492
10  8 Z  558  508
10  9 Z  558  524
10 10 Z  558  512
10 11 Z  558  496
10 12 Z  558  496
10 13 Z  558  497
10 14 Z  558  511
10 15 Z  558  518
10 16 Z  558  514
10 17 Z  558  504
10 18 Z  558  501
10 19 Z  558  541
10 20 Z  558  521
10 21 Z  558  545
10 22 Z  558  521
10 23 Z  558  512
10 24 Z  558  518
10 25 Z  558  527
10 26 Z  558  513
10 27 Z  558  520
10 28 Z  558  539
10 29 Z  558  523
10 30 Z  558  521
10 31 Z  558  520
11  1 X   11  534
11  2 X   11  531
11  3 X   11  531
11  4 X   11  525
11  5 X   11  525
11  6 X   11  530
11  7 X   11  516
11  8 X   11  576
11  9 X   11  519
11 10 X   11  537
11 11 X   11  536
11 12 X   11  538
11 13 X   11  500
11 14 X   11  553
11 15 X   11  524
11 16 X   11  539
11 17 X   11  542
11 18 X   11  544
11 19 X   11  538
11 20 X   11  538
11 21 X   11  541
11 22 X   11  538
11 23 X   11  541
11 24 X   11  525
11 25 X   11  533
11 26 X   11  544
11 27 X   11  543
11 28 X   11  534
11 29 X   11  534
11 30 X   11  535
11  1 Y  -32 -295
11  2 Y  -32 -297
11  3 Y  -32 -295
11  4 Y  -32 -297
11  5 Y  -32 -286
11  6 Y  -32 -270
11  7 Y  -32 -277
11  8 Y  -32 -284
11  9 Y  -32 -238
11 10 Y  -32 -293
11 11 Y  -32 -297
11 12 Y  -32 -296
11 13 Y  -32 -261
11 14 Y  -32 -271
11 15 Y  -32 -293
11 16 Y  -32 -295
11 17 Y  -32 -295
11 18 Y  -32 -295
11 19 Y  -32 -285
11 20 Y  -32 -290
11 21 Y  -32 -287
11 22 Y  -32 -289
11 23 Y  -32 -290
11 24 Y  -32 -282
11 25 Y  -32 -293
11 26 Y  -32 -280
11 27 Y  -32 -294
11 28 Y  -32 -291
11 29 Y  -32 -299
11 30 Y  -32 -290
11  1 Z  558  511
11  2 Z  558  508
11  3 Z  558  502
11  4 Z  558  506
11  5 Z  558  509
11  6 Z  558  511
11  7 Z  558  512
11  8 Z  558  567
11  9 Z  558  587
11 10 Z  558  542
11 11 Z  558  528
11 12 Z  558  524
11 13 Z  558  561
11 14 Z  558  584
11 15 Z  558  534
11 16 Z  558  527
11 17 Z  558  526
11 18 Z  558  520
11 19 Z  558  514
11 20 Z  558  516
11 21 Z  558  518
11 22 Z  558  510
11 23 Z  558  521
11 24 Z  558  521
11 25 Z  558  519
11 26 Z  558  523
11 27 Z  558  522
11 28 Z  558  519
11 29 Z  558  517
11 30 Z  558  525
12  1 X   11  535
12  2 X   11  543
12  3 X   11  535
12  4 X   11  537
12  5 X   11  542
12  6 X   11  535
12  7 X   11  540
12  8 X   11  543
12  9 X   11  541
12 10 X   11  527
12 11 X   11  556
12 12 X   11  543
12 13 X   11  541
12 14 X   11  537
12 15 X   11  537
12 16 X   11  538
12 17 X   11  546
12 18 X   11  548
12 19 X   11  529
12 20 X   11  535
12 21 X   11  546
12 22 X   11  544
12 23 X   11  533
12 24 X   11  543
12 25 X   11  543
12 26 X   11  544
12 27 X   11  549
12 28 X   11  526
12 29 X   11  524
12 30 X   11  545
12 31 X   11  548
12  1 Y  -32 -284
12  2 Y  -32 -295
12  3 Y  -32 -283
12  4 Y  -32 -279
12  5 Y  -32 -276
12  6 Y  -32 -282
12  7 Y  -32 -287
12  8 Y  -32 -288
12  9 Y  -32 -285
12 10 Y  -32 -290
12 11 Y  -32 -270
12 12 Y  -32 -294
12 13 Y  -32 -291
12 14 Y  -32 -286
12 15 Y  -32 -295
12 16 Y  -32 -280
12 17 Y  -32 -292
12 18 Y  -32 -285
12 19 Y  -32 -283
12 20 Y  -32 -276
12 21 Y  -32 -288
12 22 Y  -32 -292
12 23 Y  -32 -281
12 24 Y  -32 -293
12 25 Y  -32 -296
12 26 Y  -32 -290
12 27 Y  -32 -291
12 28 Y  -32 -290
12 29 Y  -32 -273
12 30 Y  -32 -294
12 31 Y  -32 -288
12  1 Z  558  516
12  2 Z  558  508
12  3 Z  558  513
12  4 Z  558  515
12  5 Z  558  531
12  6 Z  558  517
12  7 Z  558  516
12  8 Z  558  509
12  9 Z  558  514
12 10 Z  558  509
12 11 Z  558  546
12 12 Z  558  529
12 13 Z  558  514
12 14 Z  558  511
12 15 Z  558  511
12 16 Z  558  521
12 17 Z  558  512
12 18 Z  558  507
12 19 Z  558  508
12 20 Z  558  511
12 21 Z  558  504
12 22 Z  558  501
12 23 Z  558  510
12 24 Z  558  503
12 25 Z  558  495
12 26 Z  558  514
12 27 Z  558  510
12 28 Z  558  499
12 29 Z  558  529
12 30 Z  558  522
12 31 Z  558  505
