 1  1 X    0 1050
 1  2 X    0 1043
 1  3 X    0 1056
 1  4 X    0 1055
 1  5 X    0 1048
 1  6 X    0 1046
 1  7 X    0 1055
 1  8 X    0 1047
 1  9 X    0 1056
 1 10 X    0 1049
 1 11 X    0 1047
 1 12 X    0 1058
 1 13 X    0 1056
 1 14 X    0 1061
 1 15 X    0 1054
 1 16 X    0 1064
 1 17 X    0 1043
 1 18 X    0 1059
 1 19 X    0 1054
 1 20 X    0 1053
 1 21 X    0 1056
 1 22 X    0 1041
 1 23 X    0 1048
 1 24 X    0 1048
 1 25 X    0 1046
 1 26 X    0 1058
 1 27 X    0 1057
 1 28 X    0 1051
 1 29 X    0 1061
 1 30 X    0 1048
 1 31 X    0 1056
 1  1 Y  -50 1223
 1  2 Y  -50 1222
 1  3 Y  -50 1213
 1  4 Y  -50 1209
 1  5 Y  -50 1222
 1  6 Y  -50 1223
 1  7 Y  -50 1215
 1  8 Y  -50 1221
 1  9 Y  -50 1216
 1 10 Y  -50 1209
 1 11 Y  -50 1225
 1 12 Y  -50 1211
 1 13 Y  -50 1224
 1 14 Y  -50 1220
 1 15 Y  -50 1218
 1 16 Y  -50 1220
 1 17 Y  -50 1224
 1 18 Y  -50 1214
 1 19 Y  -50 1221
 1 20 Y  -50 1217
 1 21 Y  -50 1214
 1 22 Y  -50 1218
 1 23 Y  -50 1230
 1 24 Y  -50 1228
 1 25 Y  -50 1219
 1 26 Y  -50 1227
 1 27 Y  -50 1224
 1 28 Y  -50 1220
 1 29 Y  -50 1229
 1 30 Y  -50 1222
 1 31 Y  -50 1218
 1  1 Z  550 1669
 1  2 Z  550 1662
 1  3 Z  550 1667
 1  4 Z  550 1673
 1  5 Z  550 1664
 1  6 Z  550 1664
 1  7 Z  550 1662
 1  8 Z  550 1660
 1  9 Z  550 1659
 1 10 Z  550 1649
 1 11 Z  550 1673
 1 12 Z  550 1663
 1 13 Z  550 1664
 1 14 Z  550 1665
 1 15 Z  550 1660
 1 16 Z  550 1662
 1 17 Z  550 1652
 1 18 Z  550 1658
 1 19 Z  550 1650
 1 20 Z  550 1652
 1 21 Z  550 1650
 1 22 Z  550 1643
 1 23 Z  550 1655
 1 24 Z  550 1653
 1 25 Z  550 1650
 1 26 Z  550 1657
 1 27 Z  550 1664
 1 28 Z  550 1663
 1 29 Z  550 1668
 1 30 Z  550 1657
 1 31 Z  550 1672
 2  1 X    0 1050
 2  2 X    0 1043
 2  3 X    0 1053
 2  4 X    0 1037
 2  5 X    0 1049
 2  6 X    0  986
 2  7 X    0 1062
 2  8 X    0 1028
 2  9 X    0 1073
 2 10 X    0 1055
 2 11 X    0 1039
 2 12 X    0 1060
 2 13 X    0 1060
 2 14 X    0 1055
 2 15 X    0 1029
 2 16 X    0 1062
 2 17 X    0 1049
 2 18 X    0 1057
 2 19 X    0 1066
 2 20 X    0 1052
 2 21 X    0 1068
 2 22 X    0 1047
 2 23 X    0 1063
 2 24 X    0 1026
 2 25 X    0 1059
 2 26 X    0 1045
 2 27 X    0 1064
 2 28 X    0 1040
 2  1 Y  -50 1225
 2  2 Y  -50 1234
 2  3 Y  -50 1234
 2  4 Y  -50 1208
 2  5 Y  -50 1251
 2  6 Y  -50 1232
 2  7 Y  -50 1210
 2  8 Y  -50 1197
 2  9 Y  -50 1211
 2 10 Y  -50 1221
 2 11 Y  -50 1220
 2 12 Y  -50 1220
 2 13 Y  -50 1222
 2 14 Y  -50 1215
 2 15 Y  -50 1217
 2 16 Y  -50 1219
 2 17 Y  -50 1214
 2 18 Y  -50 1208
 2 19 Y  -50 1210
 2 20 Y  -50 1235
 2 21 Y  -50 1210
 2 22 Y  -50 1204
 2 23 Y  -50 1225
 2 24 Y  -50 1223
 2 25 Y  -50 1238
 2 26 Y  -50 1223
 2 27 Y  -50 1232
 2 28 Y  -50 1226
 2  1 Z  550 1673
 2  2 Z  550 1674
 2  3 Z  550 1672
 2  4 Z  550 1659
 2  5 Z  550 1675
 2  6 Z  550 1682
 2  7 Z  550 1708
 2  8 Z  550 1637
 2  9 Z  550 1675
 2 10 Z  550 1671
 2 11 Z  550 1652
 2 12 Z  550 1662
 2 13 Z  550 1654
 2 14 Z  550 1654
 2 15 Z  550 1649
 2 16 Z  550 1655
 2 17 Z  550 1639
 2 18 Z  550 1632
 2 19 Z  550 1644
 2 20 Z  550 1640
 2 21 Z  550 1649
 2 22 Z  550 1645
 2 23 Z  550 1668
 2 24 Z  550 1647
 2 25 Z  550 1674
 2 26 Z  550 1675
 2 27 Z  550 1680
 2 28 Z  550 1676
 3  1 X    0 1065
 3  2 X    0 1067
 3  3 X    0 1038
 3  4 X    0 1080
 3  5 X    0 1044
 3  6 X    0 1049
 3  7 X    0 1041
 3  8 X    0 1069
 3  9 X    0 1060
 3 10 X    0 1053
 3 11 X    0 1063
 3 12 X    0 1064
 3 13 X    0 1038
 3 14 X    0 1058
 3 15 X    0 1054
 3 16 X    0 1056
 3 17 X    0 1054
 3 18 X    0 1073
 3 19 X    0 1053
 3 20 X    0 1081
 3 21 X    0 1047
 3 22 X    0 1056
 3 23 X    0 1073
 3 24 X    0 1059
 3 25 X    0 1064
 3 26 X    0 1054
 3 27 X    0 1054
 3 28 X    0 1055
 3 29 X    0 1081
 3 30 X    0 1052
 3 31 X    0 1048
 3  1 Y  -50 1246
 3  2 Y  -50 1239
 3  3 Y  -50 1209
 3  4 Y  -50 1206
 3  5 Y  -50 1274
 3  6 Y  -50 1210
 3  7 Y  -50 1265
 3  8 Y  -50 1217
 3  9 Y  -50 1204
 3 10 Y  -50 1223
 3 11 Y  -50 1222
 3 12 Y  -50 1227
 3 13 Y  -50 1233
 3 14 Y  -50 1243
 3 15 Y  -50 1219
 3 16 Y  -50 1197
 3 17 Y  -50 1218
 3 18 Y  -50 1233
 3 19 Y  -50 1234
 3 20 Y  -50 1229
 3 21 Y  -50 1213
 3 22 Y  -50 1206
 3 23 Y  -50 1220
 3 24 Y  -50 1212
 3 25 Y  -50 1223
 3 26 Y  -50 1225
 3 27 Y  -50 1226
 3 28 Y  -50 1232
 3 29 Y  -50 1245
 3 30 Y  -50 1228
 3 31 Y  -50 1234
 3  1 Z  550 1687
 3  2 Z  550 1667
 3  3 Z  550 1656
 3  4 Z  550 1650
 3  5 Z  550 1679
 3  6 Z  550 1707
 3  7 Z  550 1664
 3  8 Z  550 1654
 3  9 Z  550 1635
 3 10 Z  550 1633
 3 11 Z  550 1639
 3 12 Z  550 1649
 3 13 Z  550 1635
 3 14 Z  550 1659
 3 15 Z  550 1644
 3 16 Z  550 1646
 3 17 Z  550 1651
 3 18 Z  550 1634
 3 19 Z  550 1623
 3 20 Z  550 1640
 3 21 Z  550 1623
 3 22 Z  550 1615
 3 23 Z  550 1651
 3 24 Z  550 1614
 3 25 Z  550 1659
 3 26 Z  550 1659
 3 27 Z  550 1646
 3 28 Z  550 1663
 3 29 Z  550 1654
 3 30 Z  550 1665
 3 31 Z  550 1658
 4  1 X    0 1063
 4  2 X    0 1062
 4  3 X    0 1043
 4  4 X    0 1072
 4  5 X    0 1067
 4  6 X    0 1078
 4  7 X    0 1083
 4  8 X    0 1059
 4  9 X    0 1055
 4 10 X    0 1069
 4 11 X    0 1088
 4 12 X    0 1086
 4 13 X    0 1107
 4 14 X    0 1090
 4 15 X    0 1057
 4 16 X    0 1066
 4 17 X    0 1095
 4 18 X    0 1083
 4 19 X    0 1085
 4 20 X    0 1068
 4 21 X    0 1077
 4 22 X    0 1075
 4 23 X    0 1098
 4 24 X    0 1079
 4 25 X    0 1058
 4 26 X    0 1072
 4 27 X    0 1117
 4 28 X    0 1034
 4 29 X    0 1087
 4 30 X    0 1089
 4  1 Y  -50 1235
 4  2 Y  -50 1236
 4  3 Y  -50 1237
 4  4 Y  -50 1218
 4  5 Y  -50 1210
 4  6 Y  -50 1221
 4  7 Y  -50 1210
 4  8 Y  -50 1221
 4  9 Y  -50 1192
 4 10 Y  -50 1228
 4 11 Y  -50 1197
 4 12 Y  -50 1227
 4 13 Y  -50 1174
 4 14 Y  -50 1219
 4 15 Y  -50 1221
 4 16 Y  -50 1207
 4 17 Y  -50 1224
 4 18 Y  -50 1232
 4 19 Y  -50 1264
 4 20 Y  -50 1254
 4 21 Y  -50 1240
 4 22 Y  -50 1236
 4 23 Y  -50 1212
 4 24 Y  -50 1268
 4 25 Y  -50 1232
 4 26 Y  -50 1219
 4 27 Y  -50 1239
 4 28 Y  -50 1230
 4 29 Y  -50 1247
 4 30 Y  -50 1186
 4  1 Z  550 1667
 4  2 Z  550 1684
 4  3 Z  550 1659
 4  4 Z  550 1616
 4  5 Z  550 1612
 4  6 Z  550 1625
 4  7 Z  550 1642
 4  8 Z  550 1588
 4  9 Z  550 1594
 4 10 Z  550 1620
 4 11 Z  550 1572
 4 12 Z  550 1611
 4 13 Z  550 1656
 4 14 Z  550 1616
 4 15 Z  550 1669
 4 16 Z  550 1631
 4 17 Z  550 1584
 4 18 Z  550 1567
 4 19 Z  550 1642
 4 20 Z  550 1654
 4 21 Z  550 1668
 4 22 Z  550 1678
 4 23 Z  550 1649
 4 24 Z  550 1654
 4 25 Z  550 1647
 4 26 Z  550 1632
 4 27 Z  550 1662
 4 28 Z  550 1696
 4 29 Z  550 1671
 4 30 Z  550 1590
 5  1 X    0 1069
 5  2 X    0 1087
 5  3 X    0 1093
 5  4 X    0 1088
 5  5 X    0 1098
 5  6 X    0 1100
 5  7 X    0 1106
 5  8 X    0 1107
 5  9 X    0 1123
 5 10 X    0 1023
 5 11 X    0 1119
 5 12 X    0 1015
 5 13 X    0 1084
 5 14 X    0 1122
 5 15 X    0 1117
 5 16 X    0 1102
 5 17 X    0 1032
 5 18 X    0 1096
 5 19 X    0 1090
 5 20 X    0 1073
 5 21 X    0 1071
 5 22 X    0 1074
 5 23 X    0 1099
 5 24 X    0 1093
 5 25 X    0 1074
 5 26 X    0 1049
 5 27 X    0 1057
 5 28 X    0 1108
 5 29 X    0 1117
 5 30 X    0 1107
 5 31 X    0 1126
 5  1 Y  -50 1247
 5  2 Y  -50 1204
 5  3 Y  -50 1195
 5  4 Y  -50 1215
 5  5 Y  -50 1213
 5  6 Y  -50 1220
 5  7 Y  -50 1194
 5  8 Y  -50 1200
 5  9 Y  -50 1201
 5 10 Y  -50 1219
 5 11 Y  -50 1174
 5 12 Y  -50 1243
 5 13 Y  -50 1204
 5 14 Y  -50 1222
 5 15 Y  -50 1271
 5 16 Y  -50 1248
 5 17 Y  -50 1247
 5 18 Y  -50 1214
 5 19 Y  -50 1246
 5 20 Y  -50 1239
 5 21 Y  -50 1207
 5 22 Y  -50 1242
 5 23 Y  -50 1271
 5 24 Y  -50 1233
 5 25 Y  -50 1224
 5 26 Y  -50 1241
 5 27 Y  -50 1212
 5 28 Y  -50 1190
 5 29 Y  -50 1208
 5 30 Y  -50 1217
 5 31 Y  -50 1194
 5  1 Z  550 1600
 5  2 Z  550 1589
 5  3 Z  550 1553
 5  4 Z  550 1557
 5  5 Z  550 1551
 5  6 Z  550 1567
 5  7 Z  550 1540
 5  8 Z  550 1528
 5  9 Z  550 1559
 5 10 Z  550 1583
 5 11 Z  550 1511
 5 12 Z  550 1559
 5 13 Z  550 1624
 5 14 Z  550 1565
 5 15 Z  550 1642
 5 16 Z  550 1654
 5 17 Z  550 1682
 5 18 Z  550 1625
 5 19 Z  550 1641
 5 20 Z  550 1641
 5 21 Z  550 1628
 5 22 Z  550 1676
 5 23 Z  550 1631
 5 24 Z  550 1700
 5 25 Z  550 1630
 5 26 Z  550 1735
 5 27 Z  550 1637
 5 28 Z  550 1550
 5 29 Z  550 1510
 5 30 Z  550 1548
 5 31 Z  550 1489
 6  1 X    0 1123
 6  2 X    0 1153
 6  3 X    0 1078
 6  4 X    0 1091
 6  5 X    0 1091
 6  6 X    0 1053
 6  7 X    0 1090
 6  8 X    0 1058
 6  9 X    0 1089
 6 10 X    0 1105
 6 11 X    0 1101
 6 12 X    0 1119
 6 13 X    0 1111
 6 14 X    0 1089
 6 15 X    0 1080
 6 16 X    0 1064
 6 17 X    0 1024
 6 18 X    0 1037
 6 19 X    0 1080
 6 20 X    0 1067
 6 21 X    0 1065
 6 22 X    0 1049
 6 23 X    0 1137
 6 24 X    0 1096
 6 25 X    0 1136
 6 26 X    0 1177
 6 27 X    0 1093
 6 28 X    0 1101
 6 29 X    0 1179
 6 30 X    0 1038
 6  1 Y  -50 1202
 6  2 Y  -50 1219
 6  3 Y  -50 1244
 6  4 Y  -50 1206
 6  5 Y  -50 1207
 6  6 Y  -50 1256
 6  7 Y  -50 1220
 6  8 Y  -50 1222
 6  9 Y  -50 1221
 6 10 Y  -50 1216
 6 11 Y  -50 1221
 6 12 Y  -50 1204
 6 13 Y  -50 1216
 6 14 Y  -50 1230
 6 15 Y  -50 1212
 6 16 Y  -50 1227
 6 17 Y  -50 1189
 6 18 Y  -50 1236
 6 19 Y  -50 1239
 6 20 Y  -50 1239
 6 21 Y  -50 1223
 6 22 Y  -50 1223
 6 23 Y  -50 1184
 6 24 Y  -50 1215
 6 25 Y  -50 1235
 6 26 Y  -50 1210
 6 27 Y  -50 1194
 6 28 Y  -50 1209
 6 29 Y  -50 1238
 6 30 Y  -50 1215
 6  1 Z  550 1442
 6  2 Z  550 1468
 6  3 Z  550 1551
 6  4 Z  550 1548
 6  5 Z  550 1570
 6  6 Z  550 1653
 6  7 Z  550 1586
 6  8 Z  550 1647
 6  9 Z  550 1599
 6 10 Z  550 1516
 6 11 Z  550 1532
 6 12 Z  550 1480
 6 13 Z  550 1565
 6 14 Z  550 1533
 6 15 Z  550 1634
 6 16 Z  550 1622
 6 17 Z  550 1722
 6 18 Z  550 1705
 6 19 Z  550 1604
 6 20 Z  550 1658
 6 21 Z  550 1692
 6 22 Z  550 1616
 6 23 Z  550 1534
 6 24 Z  550 1528
 6 25 Z  550 1517
 6 26 Z  550 1428
 6 27 Z  550 1503
 6 28 Z  550 1523
 6 29 Z  550 1490
 6 30 Z  550 1488
 7  1 X    0 1103
 7  2 X    0 1110
 7  3 X    0 1049
 7  4 X    0 1036
 7  5 X    0 1114
 7  6 X    0 1093
 7  7 X    0 1122
 7  8 X    0 1139
 7  9 X    0 1106
 7 10 X    0 1115
 7 11 X    0 1072
 7 12 X    0 1067
 7 13 X    0 1054
 7 14 X    0 1078
 7 15 X    0 1055
 7 16 X    0 1050
 7 17 X    0 1038
 7 18 X    0 1034
 7 19 X    0 1063
 7 20 X    0 1076
 7 21 X    0 1093
 7 22 X    0 1113
 7 23 X    0 1094
 7 24 X    0 1108
 7 25 X    0 1096
 7 26 X    0 1078
 7 27 X    0 1135
 7 28 X    0 1106
 7 29 X    0 1074
 7 30 X    0 1055
 7 31 X    0 1066
 7  1 Y  -50 1223
 7  2 Y  -50 1198
 7  3 Y  -50 1223
 7  4 Y  -50 1226
 7  5 Y  -50 1208
 7  6 Y  -50 1218
 7  7 Y  -50 1216
 7  8 Y  -50 1185
 7  9 Y  -50 1208
 7 10 Y  -50 1199
 7 11 Y  -50 1266
 7 12 Y  -50 1244
 7 13 Y  -50 1240
 7 14 Y  -50 1242
 7 15 Y  -50 1233
 7 16 Y  -50 1220
 7 17 Y  -50 1255
 7 18 Y  -50 1240
 7 19 Y  -50 1277
 7 20 Y  -50 1226
 7 21 Y  -50 1204
 7 22 Y  -50 1218
 7 23 Y  -50 1274
 7 24 Y  -50 1173
 7 25 Y  -50 1316
 7 26 Y  -50 1243
 7 27 Y  -50 1202
 7 28 Y  -50 1229
 7 29 Y  -50 1211
 7 30 Y  -50 1265
 7 31 Y  -50 1213
 7  1 Z  550 1477
 7  2 Z  550 1602
 7  3 Z  550 1625
 7  4 Z  550 1666
 7  5 Z  550 1468
 7  6 Z  550 1538
 7  7 Z  550 1536
 7  8 Z  550 1525
 7  9 Z  550 1505
 7 10 Z  550 1536
 7 11 Z  550 1687
 7 12 Z  550 1684
 7 13 Z  550 1660
 7 14 Z  550 1640
 7 15 Z  550 1660
 7 16 Z  550 1671
 7 17 Z  550 1696
 7 18 Z  550 1759
 7 19 Z  550 1728
 7 20 Z  550 1606
 7 21 Z  550 1585
 7 22 Z  550 1513
 7 23 Z  550 1537
 7 24 Z  550 1477
 7 25 Z  550 1577
 7 26 Z  550 1753
 7 27 Z  550 1616
 7 28 Z  550 1635
 7 29 Z  550 1637
 7 30 Z  550 1692
 7 31 Z  550 1529
 8  1 X    0 1118
 8  2 X    0 1096
 8  3 X    0 1126
 8  4 X    0 1107
 8  5 X    0 1056
 8  6 X    0 1115
 8  7 X    0 1078
 8  8 X    0 1046
 8  9 X    0 1053
 8 10 X    0 1062
 8 11 X    0 1054
 8 12 X    0 1044
 8 13 X    0 1059
 8 14 X    0 1085
 8 15 X    0 1054
 8 16 X    0 1083
 8 17 X    0 1099
 8 18 X    0 1095
 8 19 X    0 1081
 8 20 X    0 1088
 8 21 X    0 1093
 8 22 X    0 1088
 8 23 X    0 1093
 8 24 X    0 1051
 8 25 X    0 1056
 8 26 X    0 1077
 8 27 X    0 1090
 8 28 X    0 1097
 8 29 X    0 1118
 8 30 X    0 1118
 8 31 X    0 1079
 8  1 Y  -50 1191
 8  2 Y  -50 1209
 8  3 Y  -50 1231
 8  4 Y  -50 1211
 8  5 Y  -50 1251
 8  6 Y  -50 1219
 8  7 Y  -50 1251
 8  8 Y  -50 1212
 8  9 Y  -50 1217
 8 10 Y  -50 1275
 8 11 Y  -50 1297
 8 12 Y  -50 1246
 8 13 Y  -50 1226
 8 14 Y  -50 1222
 8 15 Y  -50 1252
 8 16 Y  -50 1219
 8 17 Y  -50 1217
 8 18 Y  -50 1252
 8 19 Y  -50 1221
 8 20 Y  -50 1229
 8 21 Y  -50 1243
 8 22 Y  -50 1205
 8 23 Y  -50 1271
 8 24 Y  -50 1269
 8 25 Y  -50 1248
 8 26 Y  -50 1241
 8 27 Y  -50 1242
 8 28 Y  -50 1233
 8 29 Y  -50 1244
 8 30 Y  -50 1230
 8 31 Y  -50 1218
 8  1 Z  550 1527
 8  2 Z  550 1482
 8  3 Z  550 1513
 8  4 Z  550 1594
 8  5 Z  550 1632
 8  6 Z  550 1598
 8  7 Z  550 1581
 8  8 Z  550 1691
 8  9 Z  550 1651
 8 10 Z  550 1710
 8 11 Z  550 1684
 8 12 Z  550 1710
 8 13 Z  550 1701
 8 14 Z  550 1638
 8 15 Z  550 1690
 8 16 Z  550 1612
 8 17 Z  550 1597
 8 18 Z  550 1568
 8 19 Z  550 1573
 8 20 Z  550 1556
 8 21 Z  550 1569
 8 22 Z  550 1563
 8 23 Z  550 1606
 8 24 Z  550 1667
 8 25 Z  550 1632
 8 26 Z  550 1642
 8 27 Z  550 1555
 8 28 Z  550 1551
 8 29 Z  550 1560
 8 30 Z  550 1556
 8 31 Z  550 1582
 9  1 X    0 1084
 9  2 X    0 1102
 9  3 X    0 1047
 9  4 X    0 1066
 9  5 X    0 1069
 9  6 X    0 1072
 9  7 X    0 1050
 9  8 X    0 1062
 9  9 X    0 1057
 9 10 X    0 1052
 9 11 X    0 1097
 9 12 X    0 1085
 9 13 X    0 1101
 9 14 X    0 1073
 9 15 X    0 1071
 9 16 X    0 1080
 9 17 X    0 1079
 9 18 X    0 1052
 9 19 X    0 1107
 9 20 X    0 1059
 9 21 X    0 1045
 9 22 X    0 1078
 9 23 X    0 1066
 9 24 X    0 1069
 9 25 X    0 1081
 9 26 X    0 1059
 9 27 X    0 1092
 9 28 X    0 1076
 9 29 X    0 1078
 9 30 X    0 1068
 9  1 Y  -50 1212
 9  2 Y  -50 1241
 9  3 Y  -50 1245
 9  4 Y  -50 1218
 9  5 Y  -50 1224
 9  6 Y  -50 1229
 9  7 Y  -50 1236
 9  8 Y  -50 1210
 9  9 Y  -50 1200
 9 10 Y  -50 1250
 9 11 Y  -50 1226
 9 12 Y  -50 1241
 9 13 Y  -50 1244
 9 14 Y  -50 1220
 9 15 Y  -50 1225
 9 16 Y  -50 1224
 9 17 Y  -50 1217
 9 18 Y  -50 1203
 9 19 Y  -50 1243
 9 20 Y  -50 1220
 9 21 Y  -50 1221
 9 22 Y  -50 1214
 9 23 Y  -50 1231
 9 24 Y  -50 1229
 9 25 Y  -50 1243
 9 26 Y  -50 1261
 9 27 Y  -50 1233
 9 28 Y  -50 1209
 9 29 Y  -50 1246
 9 30 Y  -50 1224
 9  1 Z  550 1574
 9  2 Z  550 1606
 9  3 Z  550 1687
 9  4 Z  550 1604
 9  5 Z  550 1664
 9  6 Z  550 1666
 9  7 Z  550 1637
 9  8 Z  550 1677
 9  9 Z  550 1642
 9 10 Z  550 1618
 9 11 Z  550 1619
 9 12 Z  550 1593
 9 13 Z  550 1607
 9 14 Z  550 1586
 9 15 Z  550 1590
 9 16 Z  550 1612
 9 17 Z  550 1602
 9 18 Z  550 1601
 9 19 Z  550 1717
 9 20 Z  550 1660
 9 21 Z  550 1649
 9 22 Z  550 1647
 9 23 Z  550 1680
 9 24 Z  550 1576
 9 25 Z  550 1613
 9 26 Z  550 1615
 9 27 Z  550 1632
 9 28 Z  550 1634
 9 29 Z  550 1656
 9 30 Z  550 1660
10  1 X    0 1070
10  2 X    0 1051
10  3 X    0 1071
10  4 X    0 1064
10  5 X    0 1082
10  6 X    0 1062
10  7 X    0 1050
10  8 X    0 1070
10  9 X    0 1076
10 10 X    0 1063
10 11 X    0 1101
10 12 X    0 1091
10 13 X    0 1022
10 14 X    0  991
10 15 X    0 1081
10 16 X    0 1057
10 17 X    0 1070
10 18 X    0 1079
10 19 X    0 1076
10 20 X    0 1045
10 21 X    0 1060
10 22 X    0 1023
10 23 X    0 1078
10 24 X    0 1040
10 25 X    0 1081
10 26 X    0 1068
10 27 X    0 1059
10 28 X    0 1061
10 29 X    0 1080
10 30 X    0 1068
10 31 X    0 1077
10  1 Y  -50 1238
10  2 Y  -50 1249
10  3 Y  -50 1236
10  4 Y  -50 1219
10  5 Y  -50 1222
10  6 Y  -50 1223
10  7 Y  -50 1232
10  8 Y  -50 1217
10  9 Y  -50 1232
10 10 Y  -50 1235
10 11 Y  -50 1249
10 12 Y  -50 1192
10 13 Y  -50 1221
10 14 Y  -50 1189
10 15 Y  -50 1267
10 16 Y  -50 1241
10 17 Y  -50 1205
10 18 Y  -50 1214
10 19 Y  -50 1215
10 20 Y  -50 1276
10 21 Y  -50 1212
10 22 Y  -50 1284
10 23 Y  -50 1233
10 24 Y  -50 1239
10 25 Y  -50 1230
10 26 Y  -50 1228
10 27 Y  -50 1222
10 28 Y  -50 1231
10 29 Y  -50 1222
10 30 Y  -50 1233
10 31 Y  -50 1217
10  1 Z  550 1662
10  2 Z  550 1681
10  3 Z  550 1657
10  4 Z  550 1646
10  5 Z  550 1647
10  6 Z  550 1627
10  7 Z  550 1640
10  8 Z  550 1629
10  9 Z  550 1651
10 10 Z  550 1649
10 11 Z  550 1626
10 12 Z  550 1689
10 13 Z  550 1626
10 14 Z  550 1782
10 15 Z  550 1680
10 16 Z  550 1682
10 17 Z  550 1684
10 18 Z  550 1664
10 19 Z  550 1650
10 20 Z  550 1683
10 21 Z  550 1677
10 22 Z  550 1679
10 23 Z  550 1692
10 24 Z  550 1661
10 25 Z  550 1661
10 26 Z  550 1669
10 27 Z  550 1657
10 28 Z  550 1655
10 29 Z  550 1663
10 30 Z  550 1654
10 31 Z  550 1651
11  1 X    0 1063
11  2 X    0 1063
11  3 X    0 1064
11  4 X    0 1057
11  5 X    0 1074
11  6 X    0 1068
11  7 X    0 1073
11  8 X    0 1086
11  9 X    0 1067
11 10 X    0 1067
11 11 X    0 1057
11 12 X    0 1101
11 13 X    0 1068
11 14 X    0 1027
11 15 X    0 1074
11 16 X    0 1071
11 17 X    0 1036
11 18 X    0 1059
11 19 X    0 1071
11 20 X    0 1072
11 21 X    0 1047
11 22 X    0 1088
11 23 X    0 1050
11 24 X    0 1076
11 25 X    0 1076
11 26 X    0 1067
11 27 X    0 1084
11 28 X    0 1066
11 29 X    0 1073
11 30 X    0 1078
11  1 Y  -50 1234
11  2 Y  -50 1219
11  3 Y  -50 1220
11  4 Y  -50 1223
11  5 Y  -50 1233
11  6 Y  -50 1210
11  7 Y  -50 1232
11  8 Y  -50 1231
11  9 Y  -50 1228
11 10 Y  -50 1233
11 11 Y  -50 1265
11 12 Y  -50 1226
11 13 Y  -50 1220
11 14 Y  -50 1244
11 15 Y  -50 1228
11 16 Y  -50 1214
11 17 Y  -50 1248
11 18 Y  -50 1241
11 19 Y  -50 1232
11 20 Y  -50 1233
11 21 Y  -50 1227
11 22 Y  -50 1228
11 23 Y  -50 1250
11 24 Y  -50 1236
11 25 Y  -50 1214
11 26 Y  -50 1225
11 27 Y  -50 1225
11 28 Y  -50 1220
11 29 Y  -50 1225
11 30 Y  -50 1224
11  1 Z  550 1649
11  2 Z  550 1644
11  3 Z  550 1643
11  4 Z  550 1644
11  5 Z  550 1649
11  6 Z  550 1641
11  7 Z  550 1653
11  8 Z  550 1665
11  9 Z  550 1657
11 10 Z  550 1662
11 11 Z  550 1682
11 12 Z  550 1702
11 13 Z  550 1661
11 14 Z  550 1650
11 15 Z  550 1657
11 16 Z  550 1645
11 17 Z  550 1663
11 18 Z  550 1670
11 19 Z  550 1665
11 20 Z  550 1658
11 21 Z  550 1656
11 22 Z  550 1661
11 23 Z  550 1662
11 24 Z  550 1657
11 25 Z  550 1661
11 26 Z  550 1659
11 27 Z  550 1648
11 28 Z  550 1650
11 29 Z  550 1647
11 30 Z  550 1644
12  1 X    0 1066
12  2 X    0 1078
12  3 X    0 1063
12  4 X    0 1074
12  5 X    0 1067
12  6 X    0 1079
12  7 X    0 1081
12  8 X    0 1068
12  9 X    0 1073
12 10 X    0 1083
12 11 X    0 1064
12 12 X    0 1043
12 13 X    0 1084
12 14 X    0 1078
12 15 X    0 1074
12 16 X    0 1080
12 17 X    0 1061
12 18 X    0 1070
12 19 X    0 1076
12 20 X    0 1073
12 21 X    0 1070
12 22 X    0 1075
12 23 X    0 1079
12 24 X    0 1072
12 25 X    0 1065
12 26 X    0 1079
12 27 X    0 1069
12 28 X    0 1073
12 29 X    0 1100
12 30 X    0 1084
12 31 X    0 1068
12  1 Y  -50 1226
12  2 Y  -50 1221
12  3 Y  -50 1219
12  4 Y  -50 1222
12  5 Y  -50 1222
12  6 Y  -50 1224
12  7 Y  -50 1226
12  8 Y  -50 1214
12  9 Y  -50 1232
12 10 Y  -50 1235
12 11 Y  -50 1230
12 12 Y  -50 1240
12 13 Y  -50 1228
12 14 Y  -50 1228
12 15 Y  -50 1222
12 16 Y  -50 1228
12 17 Y  -50 1211
12 18 Y  -50 1238
12 19 Y  -50 1230
12 20 Y  -50 1222
12 21 Y  -50 1231
12 22 Y  -50 1231
12 23 Y  -50 1220
12 24 Y  -50 1219
12 25 Y  -50 1229
12 26 Y  -50 1226
12 27 Y  -50 1226
12 28 Y  -50 1232
12 29 Y  -50 1264
12 30 Y  -50 1248
12 31 Y  -50 1234
12  1 Z  550 1638
12  2 Z  550 1643
12  3 Z  550 1636
12  4 Z  550 1648
12  5 Z  550 1644
12  6 Z  550 1636
12  7 Z  550 1626
12  8 Z  550 1630
12  9 Z  550 1644
12 10 Z  550 1669
12 11 Z  550 1659
12 12 Z  550 1649
12 13 Z  550 1663
12 14 Z  550 1653
12 15 Z  550 1644
12 16 Z  550 1643
12 17 Z  550 1636
12 18 Z  550 1646
12 19 Z  550 1642
12 20 Z  550 1637
12 21 Z  550 1632
12 22 Z  550 1628
12 23 Z  550 1638
12 24 Z  550 1643
12 25 Z  550 1638
12 26 Z  550 1631
12 27 Z  550 1630
12 28 Z  550 1635
12 29 Z  550 1652
12 30 Z  550 1689
12 31 Z  550 1658
