 1  1 X    0 1099
 1  2 X    0 1096
 1  3 X    0 1107
 1  4 X    0 1091
 1  5 X    0 1101
 1  6 X    0 1094
 1  7 X    0 1099
 1  8 X    0 1090
 1  9 X    0 1082
 1 10 X    0 1138
 1 11 X    0 1101
 1 12 X    0 1094
 1 13 X    0 1086
 1 14 X    0 1097
 1 15 X    0 1082
 1 16 X    0 1098
 1 17 X    0 1082
 1 18 X    0 1091
 1 19 X    0 1101
 1 20 X    0 1093
 1 21 X    0 1096
 1 22 X    0 1102
 1 23 X    0 1101
 1 24 X    0 1086
 1 25 X    0 1093
 1 26 X    0 1103
 1 27 X    0 1098
 1 28 X    0 1082
 1 29 X    0 1085
 1 30 X    0 1095
 1 31 X    0 1082
 1  1 Y  -50 1226
 1  2 Y  -50 1240
 1  3 Y  -50 1253
 1  4 Y  -50 1250
 1  5 Y  -50 1246
 1  6 Y  -50 1242
 1  7 Y  -50 1240
 1  8 Y  -50 1242
 1  9 Y  -50 1268
 1 10 Y  -50 1225
 1 11 Y  -50 1233
 1 12 Y  -50 1239
 1 13 Y  -50 1234
 1 14 Y  -50 1239
 1 15 Y  -50 1238
 1 16 Y  -50 1259
 1 17 Y  -50 1248
 1 18 Y  -50 1252
 1 19 Y  -50 1246
 1 20 Y  -50 1239
 1 21 Y  -50 1236
 1 22 Y  -50 1241
 1 23 Y  -50 1232
 1 24 Y  -50 1234
 1 25 Y  -50 1257
 1 26 Y  -50 1258
 1 27 Y  -50 1237
 1 28 Y  -50 1244
 1 29 Y  -50 1243
 1 30 Y  -50 1247
 1 31 Y  -50 1237
 1  1 Z  550 1630
 1  2 Z  550 1618
 1  3 Z  550 1634
 1  4 Z  550 1624
 1  5 Z  550 1625
 1  6 Z  550 1614
 1  7 Z  550 1619
 1  8 Z  550 1624
 1  9 Z  550 1644
 1 10 Z  550 1715
 1 11 Z  550 1636
 1 12 Z  550 1630
 1 13 Z  550 1621
 1 14 Z  550 1626
 1 15 Z  550 1632
 1 16 Z  550 1648
 1 17 Z  550 1643
 1 18 Z  550 1658
 1 19 Z  550 1637
 1 20 Z  550 1641
 1 21 Z  550 1631
 1 22 Z  550 1623
 1 23 Z  550 1624
 1 24 Z  550 1630
 1 25 Z  550 1642
 1 26 Z  550 1639
 1 27 Z  550 1631
 1 28 Z  550 1627
 1 29 Z  550 1621
 1 30 Z  550 1623
 1 31 Z  550 1623
 2  1 X    0 1096
 2  2 X    0 1095
 2  3 X    0 1093
 2  4 X    0 1052
 2  5 X    0 1068
 2  6 X    0 1103
 2  7 X    0 1110
 2  8 X    0 1111
 2  9 X    0 1069
 2 10 X    0 1112
 2 11 X    0 1084
 2 12 X    0 1090
 2 13 X    0 1100
 2 14 X    0 1100
 2 15 X    0 1089
 2 16 X    0 1086
 2 17 X    0 1094
 2 18 X    0 1100
 2 19 X    0 1102
 2 20 X    0 1081
 2 21 X    0 1088
 2 22 X    0 1096
 2 23 X    0 1084
 2 24 X    0 1093
 2 25 X    0 1102
 2 26 X    0 1094
 2 27 X    0 1102
 2 28 X    0 1091
 2  1 Y  -50 1248
 2  2 Y  -50 1231
 2  3 Y  -50 1243
 2  4 Y  -50 1318
 2  5 Y  -50 1247
 2  6 Y  -50 1259
 2  7 Y  -50 1268
 2  8 Y  -50 1217
 2  9 Y  -50 1245
 2 10 Y  -50 1232
 2 11 Y  -50 1237
 2 12 Y  -50 1263
 2 13 Y  -50 1253
 2 14 Y  -50 1240
 2 15 Y  -50 1249
 2 16 Y  -50 1250
 2 17 Y  -50 1237
 2 18 Y  -50 1238
 2 19 Y  -50 1253
 2 20 Y  -50 1248
 2 21 Y  -50 1247
 2 22 Y  -50 1238
 2 23 Y  -50 1232
 2 24 Y  -50 1259
 2 25 Y  -50 1255
 2 26 Y  -50 1242
 2 27 Y  -50 1234
 2 28 Y  -50 1228
 2  1 Z  550 1614
 2  2 Z  550 1610
 2  3 Z  550 1623
 2  4 Z  550 1666
 2  5 Z  550 1764
 2  6 Z  550 1688
 2  7 Z  550 1681
 2  8 Z  550 1676
 2  9 Z  550 1646
 2 10 Z  550 1647
 2 11 Z  550 1620
 2 12 Z  550 1635
 2 13 Z  550 1643
 2 14 Z  550 1644
 2 15 Z  550 1639
 2 16 Z  550 1647
 2 17 Z  550 1631
 2 18 Z  550 1629
 2 19 Z  550 1627
 2 20 Z  550 1642
 2 21 Z  550 1659
 2 22 Z  550 1640
 2 23 Z  550 1639
 2 24 Z  550 1640
 2 25 Z  550 1633
 2 26 Z  550 1625
 2 27 Z  550 1607
 2 28 Z  550 1593
 3  1 X    0 1074
 3  2 X    0 1096
 3  3 X    0 1099
 3  4 X    0 1086
 3  5 X    0 1093
 3  6 X    0 1098
 3  7 X    0 1112
 3  8 X    0 1088
 3  9 X    0 1100
 3 10 X    0 1098
 3 11 X    0 1074
 3 12 X    0 1065
 3 13 X    0 1110
 3 14 X    0 1111
 3 15 X    0 1094
 3 16 X    0 1104
 3 17 X    0 1111
 3 18 X    0 1077
 3 19 X    0 1109
 3 20 X    0 1085
 3 21 X    0 1093
 3 22 X    0 1096
 3 23 X    0 1120
 3 24 X    0 1096
 3 25 X    0 1137
 3 26 X    0 1102
 3 27 X    0 1102
 3 28 X    0 1089
 3 29 X    0 1098
 3 30 X    0 1098
 3 31 X    0 1121
 3  1 Y  -50 1270
 3  2 Y  -50 1262
 3  3 Y  -50 1252
 3  4 Y  -50 1246
 3  5 Y  -50 1239
 3  6 Y  -50 1228
 3  7 Y  -50 1242
 3  8 Y  -50 1250
 3  9 Y  -50 1219
 3 10 Y  -50 1222
 3 11 Y  -50 1225
 3 12 Y  -50 1242
 3 13 Y  -50 1249
 3 14 Y  -50 1248
 3 15 Y  -50 1250
 3 16 Y  -50 1246
 3 17 Y  -50 1216
 3 18 Y  -50 1248
 3 19 Y  -50 1250
 3 20 Y  -50 1240
 3 21 Y  -50 1246
 3 22 Y  -50 1240
 3 23 Y  -50 1251
 3 24 Y  -50 1234
 3 25 Y  -50 1327
 3 26 Y  -50 1229
 3 27 Y  -50 1226
 3 28 Y  -50 1271
 3 29 Y  -50 1246
 3 30 Y  -50 1242
 3 31 Y  -50 1248
 3  1 Z  550 1641
 3  2 Z  550 1656
 3  3 Z  550 1654
 3  4 Z  550 1638
 3  5 Z  550 1625
 3  6 Z  550 1626
 3  7 Z  550 1627
 3  8 Z  550 1615
 3  9 Z  550 1607
 3 10 Z  550 1591
 3 11 Z  550 1599
 3 12 Z  550 1618
 3 13 Z  550 1619
 3 14 Z  550 1625
 3 15 Z  550 1612
 3 16 Z  550 1614
 3 17 Z  550 1606
 3 18 Z  550 1611
 3 19 Z  550 1635
 3 20 Z  550 1644
 3 21 Z  550 1634
 3 22 Z  550 1626
 3 23 Z  550 1624
 3 24 Z  550 1617
 3 25 Z  550 1667
 3 26 Z  550 1620
 3 27 Z  550 1599
 3 28 Z  550 1623
 3 29 Z  550 1645
 3 30 Z  550 1649
 3 31 Z  550 1654
 4  1 X    0 1125
 4  2 X    0 1084
 4  3 X    0 1108
 4  4 X    0 1114
 4  5 X    0 1107
 4  6 X    0 1104
 4  7 X    0 1102
 4  8 X    0 1115
 4  9 X    0 1093
 4 10 X    0 1111
 4 11 X    0 1110
 4 12 X    0 1110
 4 13 X    0 1087
 4 14 X    0 1099
 4 15 X    0 1122
 4 16 X    0 1104
 4 17 X    0 1088
 4 18 X    0 1095
 4 19 X    0 1123
 4 20 X    0 1108
 4 21 X    0 1096
 4 22 X    0 1138
 4 23 X    0 1121
 4 24 X    0 1100
 4 25 X    0 1081
 4 26 X    0 1119
 4 27 X    0 1115
 4 28 X    0 1113
 4 29 X    0 1097
 4 30 X    0 1122
 4  1 Y  -50 1258
 4  2 Y  -50 1216
 4  3 Y  -50 1226
 4  4 Y  -50 1251
 4  5 Y  -50 1220
 4  6 Y  -50 1263
 4  7 Y  -50 1238
 4  8 Y  -50 1254
 4  9 Y  -50 1256
 4 10 Y  -50 1237
 4 11 Y  -50 1237
 4 12 Y  -50 1230
 4 13 Y  -50 1263
 4 14 Y  -50 1249
 4 15 Y  -50 1262
 4 16 Y  -50 1242
 4 17 Y  -50 1243
 4 18 Y  -50 1255
 4 19 Y  -50 1257
 4 20 Y  -50 1254
 4 21 Y  -50 1234
 4 22 Y  -50 1212
 4 23 Y  -50 1233
 4 24 Y  -50 1265
 4 25 Y  -50 1253
 4 26 Y  -50 1242
 4 27 Y  -50 1246
 4 28 Y  -50 1234
 4 29 Y  -50 1266
 4 30 Y  -50 1256
 4  1 Z  550 1646
 4  2 Z  550 1608
 4  3 Z  550 1636
 4  4 Z  550 1616
 4  5 Z  550 1559
 4  6 Z  550 1582
 4  7 Z  550 1608
 4  8 Z  550 1581
 4  9 Z  550 1584
 4 10 Z  550 1588
 4 11 Z  550 1603
 4 12 Z  550 1544
 4 13 Z  550 1638
 4 14 Z  550 1641
 4 15 Z  550 1644
 4 16 Z  550 1645
 4 17 Z  550 1618
 4 18 Z  550 1620
 4 19 Z  550 1608
 4 20 Z  550 1621
 4 21 Z  550 1621
 4 22 Z  550 1569
 4 23 Z  550 1585
 4 24 Z  550 1611
 4 25 Z  550 1607
 4 26 Z  550 1627
 4 27 Z  550 1630
 4 28 Z  550 1621
 4 29 Z  550 1607
 4 30 Z  550 1619
 5  1 X    0 1109
 5  2 X    0 1119
 5  3 X    0 1113
 5  4 X    0 1153
 5  5 X    0 1133
 5  6 X    0 1130
 5  7 X    0 1114
 5  8 X    0 1124
 5  9 X    0 1109
 5 10 X    0 1130
 5 11 X    0 1139
 5 12 X    0 1083
 5 13 X    0 1106
 5 14 X    0 1122
 5 15 X    0 1121
 5 16 X    0 1110
 5 17 X    0 1071
 5 18 X    0 1143
 5 19 X    0 1142
 5 20 X    0 1130
 5 21 X    0 1107
 5 22 X    0 1119
 5 23 X    0 1090
 5 24 X    0 1065
 5 25 X    0 1149
 5 26 X    0 1150
 5 27 X    0 1126
 5 28 X    0 1122
 5 29 X    0 1123
 5 30 X    0 1114
 5 31 X    0 1145
 5  1 Y  -50 1243
 5  2 Y  -50 1239
 5  3 Y  -50 1170
 5  4 Y  -50 1269
 5  5 Y  -50 1264
 5  6 Y  -50 1241
 5  7 Y  -50 1226
 5  8 Y  -50 1222
 5  9 Y  -50 1228
 5 10 Y  -50 1267
 5 11 Y  -50 1291
 5 12 Y  -50 1235
 5 13 Y  -50 1274
 5 14 Y  -50 1247
 5 15 Y  -50 1235
 5 16 Y  -50 1261
 5 17 Y  -50 1301
 5 18 Y  -50 1266
 5 19 Y  -50 1221
 5 20 Y  -50 1225
 5 21 Y  -50 1322
 5 22 Y  -50 1263
 5 23 Y  -50 1268
 5 24 Y  -50 1252
 5 25 Y  -50 1228
 5 26 Y  -50 1242
 5 27 Y  -50 1252
 5 28 Y  -50 1249
 5 29 Y  -50 1216
 5 30 Y  -50 1239
 5 31 Y  -50 1212
 5  1 Z  550 1647
 5  2 Z  550 1522
 5  3 Z  550 1525
 5  4 Z  550 1541
 5  5 Z  550 1535
 5  6 Z  550 1551
 5  7 Z  550 1532
 5  8 Z  550 1498
 5  9 Z  550 1558
 5 10 Z  550 1557
 5 11 Z  550 1543
 5 12 Z  550 1599
 5 13 Z  550 1632
 5 14 Z  550 1621
 5 15 Z  550 1590
 5 16 Z  550 1633
 5 17 Z  550 1681
 5 18 Z  550 1568
 5 19 Z  550 1543
 5 20 Z  550 1473
 5 21 Z  550 1712
 5 22 Z  550 1534
 5 23 Z  550 1607
 5 24 Z  550 1569
 5 25 Z  550 1518
 5 26 Z  550 1505
 5 27 Z  550 1601
 5 28 Z  550 1590
 5 29 Z  550 1597
 5 30 Z  550 1513
 5 31 Z  550 1460
 6  1 X    0 1169
 6  2 X    0 1147
 6  3 X    0 1121
 6  4 X    0 1162
 6  5 X    0 1161
 6  6 X    0 1125
 6  7 X    0 1124
 6  8 X    0 1112
 6  9 X    0 1083
 6 10 X    0 1139
 6 11 X    0 1099
 6 12 X    0 1106
 6 13 X    0 1145
 6 14 X    0 1160
 6 15 X    0 1129
 6 16 X    0 1132
 6 17 X    0 1111
 6 18 X    0 1115
 6 19 X    0 1126
 6 20 X    0 1144
 6 21 X    0 1083
 6 22 X    0 1085
 6 23 X    0 1139
 6 24 X    0 1154
 6 25 X    0 1099
 6 26 X    0 1145
 6 27 X    0 1109
 6 28 X    0 1116
 6 29 X    0 1183
 6 30 X    0 1151
 6  1 Y  -50 1224
 6  2 Y  -50 1243
 6  3 Y  -50 1227
 6  4 Y  -50 1209
 6  5 Y  -50 1239
 6  6 Y  -50 1232
 6  7 Y  -50 1243
 6  8 Y  -50 1254
 6  9 Y  -50 1254
 6 10 Y  -50 1252
 6 11 Y  -50 1253
 6 12 Y  -50 1233
 6 13 Y  -50 1253
 6 14 Y  -50 1250
 6 15 Y  -50 1229
 6 16 Y  -50 1250
 6 17 Y  -50 1268
 6 18 Y  -50 1263
 6 19 Y  -50 1277
 6 20 Y  -50 1250
 6 21 Y  -50 1259
 6 22 Y  -50 1285
 6 23 Y  -50 1243
 6 24 Y  -50 1237
 6 25 Y  -50 1257
 6 26 Y  -50 1239
 6 27 Y  -50 1265
 6 28 Y  -50 1245
 6 29 Y  -50 1231
 6 30 Y  -50 1223
 6  1 Z  550 1456
 6  2 Z  550 1495
 6  3 Z  550 1525
 6  4 Z  550 1482
 6  5 Z  550 1409
 6  6 Z  550 1454
 6  7 Z  550 1516
 6  8 Z  550 1523
 6  9 Z  550 1553
 6 10 Z  550 1616
 6 11 Z  550 1637
 6 12 Z  550 1649
 6 13 Z  550 1484
 6 14 Z  550 1493
 6 15 Z  550 1568
 6 16 Z  550 1569
 6 17 Z  550 1603
 6 18 Z  550 1654
 6 19 Z  550 1661
 6 20 Z  550 1633
 6 21 Z  550 1662
 6 22 Z  550 1634
 6 23 Z  550 1548
 6 24 Z  550 1519
 6 25 Z  550 1584
 6 26 Z  550 1485
 6 27 Z  550 1534
 6 28 Z  550 1422
 6 29 Z  550 1468
 6 30 Z  550 1452
 7  1 X    0 1145
 7  2 X    0 1148
 7  3 X    0 1141
 7  4 X    0 1130
 7  5 X    0 1141
 7  6 X    0 1114
 7  7 X    0 1116
 7  8 X    0 1096
 7  9 X    0 1106
 7 10 X    0 1109
 7 11 X    0 1124
 7 12 X    0 1099
 7 13 X    0 1165
 7 14 X    0 1175
 7 15 X    0 1128
 7 16 X    0 1072
 7 17 X    0 1086
 7 18 X    0 1113
 7 19 X    0 1117
 7 20 X    0 1111
 7 21 X    0 1109
 7 22 X    0 1101
 7 23 X    0 1027
 7 24 X    0 1169
 7 25 X    0 1142
 7 26 X    0 1135
 7 27 X    0 1130
 7 28 X    0 1141
 7 29 X    0 1156
 7 30 X    0 1139
 7 31 X    0 1142
 7  1 Y  -50 1225
 7  2 Y  -50 1236
 7  3 Y  -50 1236
 7  4 Y  -50 1250
 7  5 Y  -50 1243
 7  6 Y  -50 1299
 7  7 Y  -50 1273
 7  8 Y  -50 1261
 7  9 Y  -50 1236
 7 10 Y  -50 1254
 7 11 Y  -50 1239
 7 12 Y  -50 1273
 7 13 Y  -50 1229
 7 14 Y  -50 1248
 7 15 Y  -50 1239
 7 16 Y  -50 1255
 7 17 Y  -50 1278
 7 18 Y  -50 1255
 7 19 Y  -50 1261
 7 20 Y  -50 1246
 7 21 Y  -50 1264
 7 22 Y  -50 1244
 7 23 Y  -50 1344
 7 24 Y  -50 1233
 7 25 Y  -50 1228
 7 26 Y  -50 1251
 7 27 Y  -50 1236
 7 28 Y  -50 1229
 7 29 Y  -50 1228
 7 30 Y  -50 1210
 7 31 Y  -50 1242
 7  1 Z  550 1457
 7  2 Z  550 1438
 7  3 Z  550 1479
 7  4 Z  550 1475
 7  5 Z  550 1486
 7  6 Z  550 1603
 7  7 Z  550 1579
 7  8 Z  550 1640
 7  9 Z  550 1588
 7 10 Z  550 1621
 7 11 Z  550 1544
 7 12 Z  550 1484
 7 13 Z  550 1468
 7 14 Z  550 1476
 7 15 Z  550 1486
 7 16 Z  550 1592
 7 17 Z  550 1649
 7 18 Z  550 1637
 7 19 Z  550 1606
 7 20 Z  550 1606
 7 21 Z  550 1605
 7 22 Z  550 1602
 7 23 Z  550 1612
 7 24 Z  550 1455
 7 25 Z  550 1511
 7 26 Z  550 1517
 7 27 Z  550 1529
 7 28 Z  550 1469
 7 29 Z  550 1469
 7 30 Z  550 1493
 7 31 Z  550 1491
 8  1 X    0 1133
 8  2 X    0 1108
 8  3 X    0 1079
 8  4 X    0 1097
 8  5 X    0 1110
 8  6 X    0 1088
 8  7 X    0 1053
 8  8 X    0 1164
 8  9 X    0 1126
 8 10 X    0 1159
 8 11 X    0 1132
 8 12 X    0 1129
 8 13 X    0 1116
 8 14 X    0 1096
 8 15 X    0 1101
 8 16 X    0 1096
 8 17 X    0 1109
 8 18 X    0 1104
 8 19 X    0 1118
 8 20 X    0 1090
 8 21 X    0 1137
 8 22 X    0 1110
 8 23 X    0 1141
 8 24 X    0 1132
 8 25 X    0 1137
 8 26 X    0 1138
 8 27 X    0 1112
 8 28 X    0 1131
 8 29 X    0 1107
 8 30 X    0 1107
 8 31 X    0 1110
 8  1 Y  -50 1238
 8  2 Y  -50 1270
 8  3 Y  -50 1272
 8  4 Y  -50 1266
 8  5 Y  -50 1242
 8  6 Y  -50 1285
 8  7 Y  -50 1237
 8  8 Y  -50 1184
 8  9 Y  -50 1229
 8 10 Y  -50 1237
 8 11 Y  -50 1233
 8 12 Y  -50 1274
 8 13 Y  -50 1237
 8 14 Y  -50 1255
 8 15 Y  -50 1266
 8 16 Y  -50 1266
 8 17 Y  -50 1238
 8 18 Y  -50 1255
 8 19 Y  -50 1250
 8 20 Y  -50 1274
 8 21 Y  -50 1253
 8 22 Y  -50 1250
 8 23 Y  -50 1244
 8 24 Y  -50 1240
 8 25 Y  -50 1258
 8 26 Y  -50 1262
 8 27 Y  -50 1245
 8 28 Y  -50 1252
 8 29 Y  -50 1239
 8 30 Y  -50 1259
 8 31 Y  -50 1263
 8  1 Z  550 1497
 8  2 Z  550 1637
 8  3 Z  550 1619
 8  4 Z  550 1650
 8  5 Z  550 1603
 8  6 Z  550 1590
 8  7 Z  550 1562
 8  8 Z  550 1650
 8  9 Z  550 1509
 8 10 Z  550 1484
 8 11 Z  550 1486
 8 12 Z  550 1498
 8 13 Z  550 1591
 8 14 Z  550 1590
 8 15 Z  550 1608
 8 16 Z  550 1588
 8 17 Z  550 1614
 8 18 Z  550 1627
 8 19 Z  550 1538
 8 20 Z  550 1605
 8 21 Z  550 1583
 8 22 Z  550 1508
 8 23 Z  550 1531
 8 24 Z  550 1541
 8 25 Z  550 1554
 8 26 Z  550 1559
 8 27 Z  550 1539
 8 28 Z  550 1559
 8 29 Z  550 1532
 8 30 Z  550 1615
 8 31 Z  550 1615
 9  1 X    0 1115
 9  2 X    0 1100
 9  3 X    0 1115
 9  4 X    0 1103
 9  5 X    0 1107
 9  6 X    0 1126
 9  7 X    0 1106
 9  8 X    0 1118
 9  9 X    0 1086
 9 10 X    0 1103
 9 11 X    0 1103
 9 12 X    0 1132
 9 13 X    0 1116
 9 14 X    0 1102
 9 15 X    0 1093
 9 16 X    0 1122
 9 17 X    0 1132
 9 18 X    0 1113
 9 19 X    0 1091
 9 20 X    0 1124
 9 21 X    0 1126
 9 22 X    0 1124
 9 23 X    0 1112
 9 24 X    0 1110
 9 25 X    0 1095
 9 26 X    0 1124
 9 27 X    0 1109
 9 28 X    0 1111
 9 29 X    0 1116
 9 30 X    0 1111
 9  1 Y  -50 1251
 9  2 Y  -50 1256
 9  3 Y  -50 1259
 9  4 Y  -50 1260
 9  5 Y  -50 1248
 9  6 Y  -50 1244
 9  7 Y  -50 1268
 9  8 Y  -50 1288
 9  9 Y  -50 1252
 9 10 Y  -50 1264
 9 11 Y  -50 1258
 9 12 Y  -50 1276
 9 13 Y  -50 1254
 9 14 Y  -50 1254
 9 15 Y  -50 1243
 9 16 Y  -50 1274
 9 17 Y  -50 1240
 9 18 Y  -50 1245
 9 19 Y  -50 1228
 9 20 Y  -50 1246
 9 21 Y  -50 1252
 9 22 Y  -50 1253
 9 23 Y  -50 1259
 9 24 Y  -50 1268
 9 25 Y  -50 1243
 9 26 Y  -50 1247
 9 27 Y  -50 1246
 9 28 Y  -50 1244
 9 29 Y  -50 1238
 9 30 Y  -50 1246
 9  1 Z  550 1613
 9  2 Z  550 1605
 9  3 Z  550 1599
 9  4 Z  550 1603
 9  5 Z  550 1588
 9  6 Z  550 1532
 9  7 Z  550 1537
 9  8 Z  550 1617
 9  9 Z  550 1599
 9 10 Z  550 1596
 9 11 Z  550 1594
 9 12 Z  550 1603
 9 13 Z  550 1602
 9 14 Z  550 1584
 9 15 Z  550 1579
 9 16 Z  550 1548
 9 17 Z  550 1577
 9 18 Z  550 1554
 9 19 Z  550 1574
 9 20 Z  550 1584
 9 21 Z  550 1567
 9 22 Z  550 1619
 9 23 Z  550 1597
 9 24 Z  550 1573
 9 25 Z  550 1606
 9 26 Z  550 1620
 9 27 Z  550 1600
 9 28 Z  550 1612
 9 29 Z  550 1604
 9 30 Z  550 1593
10  1 X    0 1097
10  2 X    0 1128
10  3 X    0 1112
10  4 X    0 1121
10  5 X    0 1117
10  6 X    0 1106
10  7 X    0 1114
10  8 X    0 1099
10  9 X    0 1113
10 10 X    0 1103
10 11 X    0  NaN
10 12 X    0 1104
10 13 X    0 1118
10 14 X    0 1103
10 15 X    0 1105
10 16 X    0 1112
10 17 X    0 1081
10 18 X    0 1107
10 19 X    0 1125
10 20 X    0 1116
10 21 X    0 1108
10 22 X    0 1116
10 23 X    0 1090
10 24 X    0 1111
10 25 X    0 1122
10 26 X    0 1123
10 27 X    0 1118
10 28 X    0 1112
10 29 X    0 1115
10 30 X    0 1115
10 31 X    0 1119
10  1 Y  -50 1228
10  2 Y  -50 1234
10  3 Y  -50 1263
10  4 Y  -50 1285
10  5 Y  -50 1247
10  6 Y  -50 1260
10  7 Y  -50 1251
10  8 Y  -50 1250
10  9 Y  -50 1241
10 10 Y  -50 1251
10 11 Y  -50  NaN
10 12 Y  -50 1260
10 13 Y  -50 1258
10 14 Y  -50 1258
10 15 Y  -50 1257
10 16 Y  -50 1246
10 17 Y  -50 1263
10 18 Y  -50 1263
10 19 Y  -50 1245
10 20 Y  -50 1243
10 21 Y  -50 1246
10 22 Y  -50 1249
10 23 Y  -50 1244
10 24 Y  -50 1246
10 25 Y  -50 1247
10 26 Y  -50 1248
10 27 Y  -50 1244
10 28 Y  -50 1234
10 29 Y  -50 1266
10 30 Y  -50 1268
10 31 Y  -50 1250
10  1 Z  550 1579
10  2 Z  550 1588
10  3 Z  550 1578
10  4 Z  550 1584
10  5 Z  550 1609
10  6 Z  550 1611
10  7 Z  550 1614
10  8 Z  550 1602
10  9 Z  550 1595
10 10 Z  550 1584
10 11 Z  550  NaN
10 12 Z  550 1595
10 13 Z  550 1599
10 14 Z  550 1583
10 15 Z  550 1590
10 16 Z  550 1580
10 17 Z  550 1590
10 18 Z  550 1618
10 19 Z  550 1595
10 20 Z  550 1593
10 21 Z  550 1594
10 22 Z  550 1603
10 23 Z  550 1593
10 24 Z  550 1604
10 25 Z  550 1603
10 26 Z  550 1594
10 27 Z  550 1592
10 28 Z  550 1591
10 29 Z  550 1614
10 30 Z  550 1615
10 31 Z  550 1594
11  1 X    0 1111
11  2 X    0 1119
11  3 X    0 1093
11  4 X    0 1115
11  5 X    0 1121
11  6 X    0 1118
11  7 X    0 1091
11  8 X    0 1110
11  9 X    0 1097
11 10 X    0 1096
11 11 X    0 1099
11 12 X    0 1107
11 13 X    0 1101
11 14 X    0 1089
11 15 X    0 1091
11 16 X    0 1099
11 17 X    0 1110
11 18 X    0 1103
11 19 X    0 1108
11 20 X    0 1110
11 21 X    0 1110
11 22 X    0 1124
11 23 X    0 1121
11 24 X    0 1115
11 25 X    0 1116
11 26 X    0 1121
11 27 X    0 1118
11 28 X    0 1095
11 29 X    0 1115
11 30 X    0 1103
11  1 Y  -50 1248
11  2 Y  -50 1250
11  3 Y  -50 1250
11  4 Y  -50 1249
11  5 Y  -50 1248
11  6 Y  -50 1248
11  7 Y  -50 1252
11  8 Y  -50 1246
11  9 Y  -50 1246
11 10 Y  -50 1259
11 11 Y  -50 1233
11 12 Y  -50 1269
11 13 Y  -50 1264
11 14 Y  -50 1280
11 15 Y  -50 1250
11 16 Y  -50 1243
11 17 Y  -50 1253
11 18 Y  -50 1257
11 19 Y  -50 1242
11 20 Y  -50 1262
11 21 Y  -50 1249
11 22 Y  -50 1242
11 23 Y  -50 1246
11 24 Y  -50 1252
11 25 Y  -50 1238
11 26 Y  -50 1248
11 27 Y  -50 1262
11 28 Y  -50 1252
11 29 Y  -50 1249
11 30 Y  -50 1251
11  1 Z  550 1610
11  2 Z  550 1622
11  3 Z  550 1606
11  4 Z  550 1601
11  5 Z  550 1596
11  6 Z  550 1591
11  7 Z  550 1588
11  8 Z  550 1600
11  9 Z  550 1615
11 10 Z  550 1617
11 11 Z  550 1604
11 12 Z  550 1630
11 13 Z  550 1613
11 14 Z  550 1614
11 15 Z  550 1612
11 16 Z  550 1620
11 17 Z  550 1633
11 18 Z  550 1633
11 19 Z  550 1620
11 20 Z  550 1619
11 21 Z  550 1608
11 22 Z  550 1603
11 23 Z  550 1592
11 24 Z  550 1587
11 25 Z  550 1592
11 26 Z  550 1611
11 27 Z  550 1592
11 28 Z  550 1590
11 29 Z  550 1606
11 30 Z  550 1607
12  1 X    0 1118
12  2 X    0 1118
12  3 X    0 1119
12  4 X    0 1118
12  5 X    0 1106
12  6 X    0 1118
12  7 X    0 1099
12  8 X    0 1125
12  9 X    0 1120
12 10 X    0 1094
12 11 X    0 1092
12 12 X    0 1103
12 13 X    0 1103
12 14 X    0 1094
12 15 X    0 1117
12 16 X    0 1116
12 17 X    0 1116
12 18 X    0 1104
12 19 X    0 1116
12 20 X    0 1117
12 21 X    0 1113
12 22 X    0 1106
12 23 X    0 1109
12 24 X    0 1093
12 25 X    0 1117
12 26 X    0 1107
12 27 X    0 1104
12 28 X    0 1116
12 29 X    0 1125
12 30 X    0 1084
12 31 X    0 1107
12  1 Y  -50 1242
12  2 Y  -50 1253
12  3 Y  -50 1246
12  4 Y  -50 1251
12  5 Y  -50 1254
12  6 Y  -50 1264
12  7 Y  -50 1265
12  8 Y  -50 1250
12  9 Y  -50 1245
12 10 Y  -50 1282
12 11 Y  -50 1260
12 12 Y  -50 1250
12 13 Y  -50 1243
12 14 Y  -50 1248
12 15 Y  -50 1249
12 16 Y  -50 1240
12 17 Y  -50 1243
12 18 Y  -50 1254
12 19 Y  -50 1244
12 20 Y  -50 1242
12 21 Y  -50 1248
12 22 Y  -50 1262
12 23 Y  -50 1249
12 24 Y  -50 1249
12 25 Y  -50 1249
12 26 Y  -50 1236
12 27 Y  -50 1245
12 28 Y  -50 1251
12 29 Y  -50 1254
12 30 Y  -50 1277
12 31 Y  -50 1253
12  1 Z  550 1601
12  2 Z  550 1593
12  3 Z  550 1588
12  4 Z  550 1586
12  5 Z  550 1590
12  6 Z  550 1612
12  7 Z  550 1624
12  8 Z  550 1603
12  9 Z  550 1588
12 10 Z  550 1592
12 11 Z  550 1608
12 12 Z  550 1617
12 13 Z  550 1616
12 14 Z  550 1619
12 15 Z  550 1613
12 16 Z  550 1601
12 17 Z  550 1590
12 18 Z  550 1591
12 19 Z  550 1596
12 20 Z  550 1590
12 21 Z  550 1585
12 22 Z  550 1585
12 23 Z  550 1587
12 24 Z  550 1581
12 25 Z  550 1592
12 26 Z  550 1590
12 27 Z  550 1598
12 28 Z  550 1592
12 29 Z  550 1596
12 30 Z  550 1610
12 31 Z  550 1621
