 1  1 X    0  799
 1  2 X    0  788
 1  3 X    0  808
 1  4 X    0  800
 1  5 X    0  805
 1  6 X    0  807
 1  7 X    0  800
 1  8 X    0  791
 1  9 X    0  802
 1 10 X    0  801
 1 11 X    0  808
 1 12 X    0  797
 1 13 X    0  804
 1 14 X    0  806
 1 15 X    0  806
 1 16 X    0  804
 1 17 X    0  795
 1 18 X    0  809
 1 19 X    0  806
 1 20 X    0  799
 1 21 X    0  798
 1 22 X    0  813
 1 23 X    0  806
 1 24 X    0  804
 1 25 X    0  807
 1 26 X    0  806
 1 27 X    0  804
 1 28 X    0  799
 1 29 X    0  805
 1 30 X    0  807
 1 31 X    0  800
 1  1 Y  -50 1079
 1  2 Y  -50 1082
 1  3 Y  -50 1077
 1  4 Y  -50 1082
 1  5 Y  -50 1077
 1  6 Y  -50 1078
 1  7 Y  -50 1081
 1  8 Y  -50 1082
 1  9 Y  -50 1074
 1 10 Y  -50 1079
 1 11 Y  -50 1076
 1 12 Y  -50 1084
 1 13 Y  -50 1073
 1 14 Y  -50 1084
 1 15 Y  -50 1082
 1 16 Y  -50 1076
 1 17 Y  -50 1086
 1 18 Y  -50 1076
 1 19 Y  -50 1072
 1 20 Y  -50 1069
 1 21 Y  -50 1064
 1 22 Y  -50 1092
 1 23 Y  -50 1083
 1 24 Y  -50 1077
 1 25 Y  -50 1076
 1 26 Y  -50 1077
 1 27 Y  -50 1076
 1 28 Y  -50 1080
 1 29 Y  -50 1077
 1 30 Y  -50 1079
 1 31 Y  -50 1074
 1  1 Z  550 1160
 1  2 Z  550 1162
 1  3 Z  550 1166
 1  4 Z  550 1159
 1  5 Z  550 1159
 1  6 Z  550 1159
 1  7 Z  550 1159
 1  8 Z  550 1172
 1  9 Z  550 1171
 1 10 Z  550 1166
 1 11 Z  550 1166
 1 12 Z  550 1163
 1 13 Z  550 1174
 1 14 Z  550 1167
 1 15 Z  550 1165
 1 16 Z  550 1164
 1 17 Z  550 1165
 1 18 Z  550 1166
 1 19 Z  550 1164
 1 20 Z  550 1166
 1 21 Z  550 1168
 1 22 Z  550 1183
 1 23 Z  550 1168
 1 24 Z  550 1167
 1 25 Z  550 1162
 1 26 Z  550 1163
 1 27 Z  550 1164
 1 28 Z  550 1163
 1 29 Z  550 1167
 1 30 Z  550 1166
 1 31 Z  550 1160
 2  1 X    0  812
 2  2 X    0  803
 2  3 X    0  800
 2  4 X    0  807
 2  5 X    0  804
 2  6 X    0  788
 2  7 X    0  798
 2  8 X    0  790
 2  9 X    0  802
 2 10 X    0  807
 2 11 X    0  811
 2 12 X    0  809
 2 13 X    0  795
 2 14 X    0  813
 2 15 X    0  794
 2 16 X    0  810
 2 17 X    0  807
 2 18 X    0  799
 2 19 X    0  805
 2 20 X    0  808
 2 21 X    0  803
 2 22 X    0  809
 2 23 X    0  782
 2 24 X    0  810
 2 25 X    0  809
 2 26 X    0  808
 2 27 X    0  805
 2 28 X    0  807
 2  1 Y  -50 1077
 2  2 Y  -50 1075
 2  3 Y  -50 1075
 2  4 Y  -50 1082
 2  5 Y  -50 1074
 2  6 Y  -50 1086
 2  7 Y  -50 1102
 2  8 Y  -50 1067
 2  9 Y  -50 1080
 2 10 Y  -50 1085
 2 11 Y  -50 1077
 2 12 Y  -50 1079
 2 13 Y  -50 1075
 2 14 Y  -50 1084
 2 15 Y  -50 1085
 2 16 Y  -50 1080
 2 17 Y  -50 1080
 2 18 Y  -50 1084
 2 19 Y  -50 1087
 2 20 Y  -50 1075
 2 21 Y  -50 1091
 2 22 Y  -50 1077
 2 23 Y  -50 1085
 2 24 Y  -50 1073
 2 25 Y  -50 1068
 2 26 Y  -50 1081
 2 27 Y  -50 1083
 2 28 Y  -50 1077
 2  1 Z  550 1166
 2  2 Z  550 1163
 2  3 Z  550 1165
 2  4 Z  550 1171
 2  5 Z  550 1168
 2  6 Z  550 1173
 2  7 Z  550 1206
 2  8 Z  550 1179
 2  9 Z  550 1177
 2 10 Z  550 1178
 2 11 Z  550 1177
 2 12 Z  550 1170
 2 13 Z  550 1160
 2 14 Z  550 1176
 2 15 Z  550 1175
 2 16 Z  550 1174
 2 17 Z  550 1169
 2 18 Z  550 1173
 2 19 Z  550 1173
 2 20 Z  550 1169
 2 21 Z  550 1173
 2 22 Z  550 1169
 2 23 Z  550 1164
 2 24 Z  550 1172
 2 25 Z  550 1179
 2 26 Z  550 1166
 2 27 Z  550 1175
 2 28 Z  550 1173
 3  1 X    0  800
 3  2 X    0  802
 3  3 X    0  797
 3  4 X    0  822
 3  5 X    0  806
 3  6 X    0  798
 3  7 X    0  812
 3  8 X    0  809
 3  9 X    0  806
 3 10 X    0  809
 3 11 X    0  815
 3 12 X    0  796
 3 13 X    0  810
 3 14 X    0  800
 3 15 X    0  813
 3 16 X    0  808
 3 17 X    0  800
 3 18 X    0  810
 3 19 X    0  812
 3 20 X    0  806
 3 21 X    0  802
 3 22 X    0  794
 3 23 X    0  808
 3 24 X    0  813
 3 25 X    0  814
 3 26 X    0  816
 3 27 X    0  814
 3 28 X    0  811
 3 29 X    0  802
 3 30 X    0  807
 3 31 X    0  814
 3  1 Y  -50 1087
 3  2 Y  -50 1083
 3  3 Y  -50 1087
 3  4 Y  -50 1073
 3  5 Y  -50 1084
 3  6 Y  -50 1085
 3  7 Y  -50 1093
 3  8 Y  -50 1078
 3  9 Y  -50 1083
 3 10 Y  -50 1071
 3 11 Y  -50 1081
 3 12 Y  -50 1079
 3 13 Y  -50 1086
 3 14 Y  -50 1082
 3 15 Y  -50 1078
 3 16 Y  -50 1071
 3 17 Y  -50 1083
 3 18 Y  -50 1076
 3 19 Y  -50 1080
 3 20 Y  -50 1072
 3 21 Y  -50 1090
 3 22 Y  -50 1076
 3 23 Y  -50 1092
 3 24 Y  -50 1092
 3 25 Y  -50 1089
 3 26 Y  -50 1081
 3 27 Y  -50 1082
 3 28 Y  -50 1079
 3 29 Y  -50 1078
 3 30 Y  -50 1076
 3 31 Y  -50 1079
 3  1 Z  550 1168
 3  2 Z  550 1174
 3  3 Z  550 1184
 3  4 Z  550 1186
 3  5 Z  550 1172
 3  6 Z  550 1174
 3  7 Z  550 1171
 3  8 Z  550 1168
 3  9 Z  550 1160
 3 10 Z  550 1169
 3 11 Z  550 1175
 3 12 Z  550 1165
 3 13 Z  550 1165
 3 14 Z  550 1170
 3 15 Z  550 1176
 3 16 Z  550 1160
 3 17 Z  550 1163
 3 18 Z  550 1166
 3 19 Z  550 1164
 3 20 Z  550 1158
 3 21 Z  550 1159
 3 22 Z  550 1158
 3 23 Z  550 1175
 3 24 Z  550 1170
 3 25 Z  550 1175
 3 26 Z  550 1178
 3 27 Z  550 1165
 3 28 Z  550 1163
 3 29 Z  550 1159
 3 30 Z  550 1164
 3 31 Z  550 1166
 4  1 X    0  813
 4  2 X    0  812
 4  3 X    0  809
 4  4 X    0  819
 4  5 X    0  812
 4  6 X    0  806
 4  7 X    0  815
 4  8 X    0  810
 4  9 X    0  817
 4 10 X    0  813
 4 11 X    0  791
 4 12 X    0  809
 4 13 X    0  818
 4 14 X    0  814
 4 15 X    0  816
 4 16 X    0  815
 4 17 X    0  806
 4 18 X    0  839
 4 19 X    0  798
 4 20 X    0  813
 4 21 X    0  805
 4 22 X    0  809
 4 23 X    0  820
 4 24 X    0  813
 4 25 X    0  809
 4 26 X    0  817
 4 27 X    0  812
 4 28 X    0  812
 4 29 X    0  807
 4 30 X    0  818
 4  1 Y  -50 1075
 4  2 Y  -50 1075
 4  3 Y  -50 1079
 4  4 Y  -50 1086
 4  5 Y  -50 1076
 4  6 Y  -50 1085
 4  7 Y  -50 1086
 4  8 Y  -50 1080
 4  9 Y  -50 1070
 4 10 Y  -50 1081
 4 11 Y  -50 1088
 4 12 Y  -50 1078
 4 13 Y  -50 1077
 4 14 Y  -50 1078
 4 15 Y  -50 1090
 4 16 Y  -50 1081
 4 17 Y  -50 1095
 4 18 Y  -50 1114
 4 19 Y  -50 1091
 4 20 Y  -50 1083
 4 21 Y  -50 1077
 4 22 Y  -50 1081
 4 23 Y  -50 1074
 4 24 Y  -50 1084
 4 25 Y  -50 1079
 4 26 Y  -50 1082
 4 27 Y  -50 1097
 4 28 Y  -50 1081
 4 29 Y  -50 1087
 4 30 Y  -50 1079
 4  1 Z  550 1169
 4  2 Z  550 1161
 4  3 Z  550 1163
 4  4 Z  550 1158
 4  5 Z  550 1162
 4  6 Z  550 1157
 4  7 Z  550 1177
 4  8 Z  550 1156
 4  9 Z  550 1169
 4 10 Z  550 1166
 4 11 Z  550 1159
 4 12 Z  550 1174
 4 13 Z  550 1168
 4 14 Z  550 1158
 4 15 Z  550 1174
 4 16 Z  550 1158
 4 17 Z  550 1181
 4 18 Z  550 1145
 4 19 Z  550 1154
 4 20 Z  550 1173
 4 21 Z  550 1167
 4 22 Z  550 1169
 4 23 Z  550 1131
 4 24 Z  550 1162
 4 25 Z  550 1157
 4 26 Z  550 1152
 4 27 Z  550 1160
 4 28 Z  550 1162
 4 29 Z  550 1182
 4 30 Z  550 1153
 5  1 X    0  819
 5  2 X    0  806
 5  3 X    0  821
 5  4 X    0  811
 5  5 X    0  813
 5  6 X    0  805
 5  7 X    0  814
 5  8 X    0  801
 5  9 X    0  811
 5 10 X    0  824
 5 11 X    0  805
 5 12 X    0  818
 5 13 X    0  802
 5 14 X    0  802
 5 15 X    0  813
 5 16 X    0  848
 5 17 X    0  824
 5 18 X    0  818
 5 19 X    0  820
 5 20 X    0  810
 5 21 X    0  765
 5 22 X    0  805
 5 23 X    0  819
 5 24 X    0  810
 5 25 X    0  802
 5 26 X    0  784
 5 27 X    0  826
 5 28 X    0  827
 5 29 X    0  847
 5 30 X    0  841
 5 31 X    0  824
 5  1 Y  -50 1079
 5  2 Y  -50 1082
 5  3 Y  -50 1061
 5  4 Y  -50 1074
 5  5 Y  -50 1073
 5  6 Y  -50 1091
 5  7 Y  -50 1088
 5  8 Y  -50 1083
 5  9 Y  -50 1069
 5 10 Y  -50 1091
 5 11 Y  -50 1090
 5 12 Y  -50 1072
 5 13 Y  -50 1085
 5 14 Y  -50 1084
 5 15 Y  -50 1081
 5 16 Y  -50 1104
 5 17 Y  -50 1075
 5 18 Y  -50 1072
 5 19 Y  -50 1074
 5 20 Y  -50 1070
 5 21 Y  -50 1113
 5 22 Y  -50 1073
 5 23 Y  -50 1075
 5 24 Y  -50 1071
 5 25 Y  -50 1093
 5 26 Y  -50 1106
 5 27 Y  -50 1059
 5 28 Y  -50 1089
 5 29 Y  -50 1069
 5 30 Y  -50 1072
 5 31 Y  -50 1086
 5  1 Z  550 1151
 5  2 Z  550 1155
 5  3 Z  550 1138
 5  4 Z  550 1128
 5  5 Z  550 1187
 5  6 Z  550 1172
 5  7 Z  550 1187
 5  8 Z  550 1199
 5  9 Z  550 1199
 5 10 Z  550 1184
 5 11 Z  550 1176
 5 12 Z  550 1161
 5 13 Z  550 1172
 5 14 Z  550 1186
 5 15 Z  550 1154
 5 16 Z  550 1123
 5 17 Z  550 1120
 5 18 Z  550 1129
 5 19 Z  550 1125
 5 20 Z  550 1135
 5 21 Z  550 1241
 5 22 Z  550 1214
 5 23 Z  550 1170
 5 24 Z  550 1179
 5 25 Z  550 1172
 5 26 Z  550 1224
 5 27 Z  550 1110
 5 28 Z  550 1125
 5 29 Z  550 1077
 5 30 Z  550 1080
 5 31 Z  550 1135
 6  1 X    0  794
 6  2 X    0  795
 6  3 X    0  802
 6  4 X    0  801
 6  5 X    0  813
 6  6 X    0  798
 6  7 X    0  810
 6  8 X    0  782
 6  9 X    0  828
 6 10 X    0  823
 6 11 X    0  817
 6 12 X    0  822
 6 13 X    0  821
 6 14 X    0  797
 6 15 X    0  780
 6 16 X    0  809
 6 17 X    0  861
 6 18 X    0  815
 6 19 X    0  816
 6 20 X    0  802
 6 21 X    0  812
 6 22 X    0  831
 6 23 X    0  798
 6 24 X    0  807
 6 25 X    0  802
 6 26 X    0  831
 6 27 X    0  839
 6 28 X    0  814
 6 29 X    0  808
 6 30 X    0  809
 6  1 Y  -50 1099
 6  2 Y  -50 1103
 6  3 Y  -50 1096
 6  4 Y  -50 1121
 6  5 Y  -50 1053
 6  6 Y  -50 1102
 6  7 Y  -50 1092
 6  8 Y  -50 1100
 6  9 Y  -50 1101
 6 10 Y  -50 1087
 6 11 Y  -50 1059
 6 12 Y  -50 1070
 6 13 Y  -50 1072
 6 14 Y  -50 1093
 6 15 Y  -50 1153
 6 16 Y  -50 1103
 6 17 Y  -50 1078
 6 18 Y  -50 1062
 6 19 Y  -50 1073
 6 20 Y  -50 1087
 6 21 Y  -50 1077
 6 22 Y  -50 1105
 6 23 Y  -50 1093
 6 24 Y  -50 1091
 6 25 Y  -50 1087
 6 26 Y  -50 1077
 6 27 Y  -50 1076
 6 28 Y  -50 1080
 6 29 Y  -50 1096
 6 30 Y  -50 1099
 6  1 Z  550 1172
 6  2 Z  550 1179
 6  3 Z  550 1182
 6  4 Z  550 1206
 6  5 Z  550 1138
 6  6 Z  550 1198
 6  7 Z  550 1203
 6  8 Z  550 1224
 6  9 Z  550 1186
 6 10 Z  550 1156
 6 11 Z  550 1102
 6 12 Z  550 1074
 6 13 Z  550 1126
 6 14 Z  550 1167
 6 15 Z  550 1227
 6 16 Z  550 1220
 6 17 Z  550 1116
 6 18 Z  550 1125
 6 19 Z  550 1166
 6 20 Z  550 1144
 6 21 Z  550 1149
 6 22 Z  550 1167
 6 23 Z  550 1214
 6 24 Z  550 1185
 6 25 Z  550 1101
 6 26 Z  550 1084
 6 27 Z  550 1143
 6 28 Z  550 1168
 6 29 Z  550 1152
 6 30 Z  550 1221
 7  1 X    0  805
 7  2 X    0  813
 7  3 X    0  798
 7  4 X    0  807
 7  5 X    0  796
 7  6 X    0  819
 7  7 X    0  815
 7  8 X    0  749
 7  9 X    0  825
 7 10 X    0  830
 7 11 X    0  804
 7 12 X    0  816
 7 13 X    0  777
 7 14 X    0  770
 7 15 X    0  812
 7 16 X    0  807
 7 17 X    0  819
 7 18 X    0  797
 7 19 X    0  837
 7 20 X    0  777
 7 21 X    0  816
 7 22 X    0  815
 7 23 X    0  820
 7 24 X    0  828
 7 25 X    0  823
 7 26 X    0  832
 7 27 X    0  801
 7 28 X    0  814
 7 29 X    0  802
 7 30 X    0  796
 7 31 X    0  771
 7  1 Y  -50 1098
 7  2 Y  -50 1095
 7  3 Y  -50 1069
 7  4 Y  -50 1077
 7  5 Y  -50 1093
 7  6 Y  -50 1091
 7  7 Y  -50 1063
 7  8 Y  -50 1095
 7  9 Y  -50 1091
 7 10 Y  -50 1077
 7 11 Y  -50 1083
 7 12 Y  -50 1085
 7 13 Y  -50 1108
 7 14 Y  -50 1096
 7 15 Y  -50 1091
 7 16 Y  -50 1093
 7 17 Y  -50 1079
 7 18 Y  -50 1070
 7 19 Y  -50 1115
 7 20 Y  -50 1095
 7 21 Y  -50 1075
 7 22 Y  -50 1082
 7 23 Y  -50 1081
 7 24 Y  -50 1091
 7 25 Y  -50 1070
 7 26 Y  -50 1080
 7 27 Y  -50 1105
 7 28 Y  -50 1077
 7 29 Y  -50 1103
 7 30 Y  -50 1077
 7 31 Y  -50 1094
 7  1 Z  550 1223
 7  2 Z  550 1179
 7  3 Z  550 1187
 7  4 Z  550 1180
 7  5 Z  550 1196
 7  6 Z  550 1100
 7  7 Z  550 1096
 7  8 Z  550 1196
 7  9 Z  550 1154
 7 10 Z  550 1169
 7 11 Z  550 1171
 7 12 Z  550 1177
 7 13 Z  550 1271
 7 14 Z  550 1246
 7 15 Z  550 1158
 7 16 Z  550 1193
 7 17 Z  550 1155
 7 18 Z  550 1130
 7 19 Z  550 1177
 7 20 Z  550 1189
 7 21 Z  550 1172
 7 22 Z  550 1185
 7 23 Z  550 1112
 7 24 Z  550 1143
 7 25 Z  550 1137
 7 26 Z  550 1139
 7 27 Z  550 1190
 7 28 Z  550 1196
 7 29 Z  550 1175
 7 30 Z  550 1227
 7 31 Z  550 1243
 8  1 X    0  796
 8  2 X    0  821
 8  3 X    0  802
 8  4 X    0  806
 8  5 X    0  804
 8  6 X    0  803
 8  7 X    0  805
 8  8 X    0  796
 8  9 X    0  807
 8 10 X    0  823
 8 11 X    0  800
 8 12 X    0  810
 8 13 X    0  800
 8 14 X    0  815
 8 15 X    0  814
 8 16 X    0  794
 8 17 X    0  821
 8 18 X    0  783
 8 19 X    0  805
 8 20 X    0  806
 8 21 X    0  835
 8 22 X    0  800
 8 23 X    0  791
 8 24 X    0  823
 8 25 X    0  808
 8 26 X    0  816
 8 27 X    0  809
 8 28 X    0  811
 8 29 X    0  809
 8 30 X    0  818
 8 31 X    0  825
 8  1 Y  -50 1084
 8  2 Y  -50 1128
 8  3 Y  -50 1100
 8  4 Y  -50 1090
 8  5 Y  -50 1102
 8  6 Y  -50 1092
 8  7 Y  -50 1093
 8  8 Y  -50 1093
 8  9 Y  -50 1100
 8 10 Y  -50 1084
 8 11 Y  -50 1069
 8 12 Y  -50 1097
 8 13 Y  -50 1090
 8 14 Y  -50 1089
 8 15 Y  -50 1100
 8 16 Y  -50 1088
 8 17 Y  -50 1101
 8 18 Y  -50 1091
 8 19 Y  -50 1085
 8 20 Y  -50 1089
 8 21 Y  -50 1093
 8 22 Y  -50 1084
 8 23 Y  -50 1077
 8 24 Y  -50 1069
 8 25 Y  -50 1090
 8 26 Y  -50 1094
 8 27 Y  -50 1086
 8 28 Y  -50 1082
 8 29 Y  -50 1084
 8 30 Y  -50 1085
 8 31 Y  -50 1086
 8  1 Z  550 1207
 8  2 Z  550 1161
 8  3 Z  550 1224
 8  4 Z  550 1182
 8  5 Z  550 1189
 8  6 Z  550 1180
 8  7 Z  550 1201
 8  8 Z  550 1185
 8  9 Z  550 1185
 8 10 Z  550 1156
 8 11 Z  550 1196
 8 12 Z  550 1190
 8 13 Z  550 1207
 8 14 Z  550 1203
 8 15 Z  550 1194
 8 16 Z  550 1205
 8 17 Z  550 1225
 8 18 Z  550 1201
 8 19 Z  550 1160
 8 20 Z  550 1127
 8 21 Z  550 1169
 8 22 Z  550 1135
 8 23 Z  550 1165
 8 24 Z  550 1204
 8 25 Z  550 1201
 8 26 Z  550 1205
 8 27 Z  550 1201
 8 28 Z  550 1198
 8 29 Z  550 1187
 8 30 Z  550 1178
 8 31 Z  550 1204
 9  1 X    0  811
 9  2 X    0  812
 9  3 X    0  792
 9  4 X    0  810
 9  5 X    0  805
 9  6 X    0  804
 9  7 X    0  804
 9  8 X    0  809
 9  9 X    0  807
 9 10 X    0  813
 9 11 X    0  806
 9 12 X    0  813
 9 13 X    0  817
 9 14 X    0  807
 9 15 X    0  803
 9 16 X    0  812
 9 17 X    0  805
 9 18 X    0  791
 9 19 X    0  817
 9 20 X    0  807
 9 21 X    0  811
 9 22 X    0  821
 9 23 X    0  804
 9 24 X    0  816
 9 25 X    0  814
 9 26 X    0  820
 9 27 X    0  768
 9 28 X    0  835
 9 29 X    0  805
 9 30 X    0  816
 9  1 Y  -50 1075
 9  2 Y  -50 1091
 9  3 Y  -50 1091
 9  4 Y  -50 1096
 9  5 Y  -50 1093
 9  6 Y  -50 1087
 9  7 Y  -50 1093
 9  8 Y  -50 1086
 9  9 Y  -50 1083
 9 10 Y  -50 1083
 9 11 Y  -50 1090
 9 12 Y  -50 1070
 9 13 Y  -50 1072
 9 14 Y  -50 1083
 9 15 Y  -50 1091
 9 16 Y  -50 1083
 9 17 Y  -50 1099
 9 18 Y  -50 1080
 9 19 Y  -50 1095
 9 20 Y  -50 1090
 9 21 Y  -50 1073
 9 22 Y  -50 1083
 9 23 Y  -50 1100
 9 24 Y  -50 1088
 9 25 Y  -50 1081
 9 26 Y  -50 1101
 9 27 Y  -50 1048
 9 28 Y  -50 1096
 9 29 Y  -50 1094
 9 30 Y  -50 1084
 9  1 Z  550 1194
 9  2 Z  550 1199
 9  3 Z  550 1194
 9  4 Z  550 1193
 9  5 Z  550 1208
 9  6 Z  550 1185
 9  7 Z  550 1195
 9  8 Z  550 1193
 9  9 Z  550 1194
 9 10 Z  550 1182
 9 11 Z  550 1198
 9 12 Z  550 1195
 9 13 Z  550 1178
 9 14 Z  550 1172
 9 15 Z  550 1185
 9 16 Z  550 1188
 9 17 Z  550 1182
 9 18 Z  550 1177
 9 19 Z  550 1184
 9 20 Z  550 1183
 9 21 Z  550 1187
 9 22 Z  550 1195
 9 23 Z  550 1201
 9 24 Z  550 1193
 9 25 Z  550 1206
 9 26 Z  550 1204
 9 27 Z  550 1184
 9 28 Z  550 1216
 9 29 Z  550 1205
 9 30 Z  550 1207
10  1 X    0  812
10  2 X    0  808
10  3 X    0  813
10  4 X    0  812
10  5 X    0  811
10  6 X    0  810
10  7 X    0  808
10  8 X    0  805
10  9 X    0  815
10 10 X    0  810
10 11 X    0  807
10 12 X    0  805
10 13 X    0  813
10 14 X    0  812
10 15 X    0  809
10 16 X    0  809
10 17 X    0  810
10 18 X    0  817
10 19 X    0  807
10 20 X    0  809
10 21 X    0  817
10 22 X    0  791
10 23 X    0  798
10 24 X    0  807
10 25 X    0  810
10 26 X    0  816
10 27 X    0  809
10 28 X    0  810
10 29 X    0  805
10 30 X    0  812
10 31 X    0  797
10  1 Y  -50 1084
10  2 Y  -50 1092
10  3 Y  -50 1088
10  4 Y  -50 1081
10  5 Y  -50 1090
10  6 Y  -50 1084
10  7 Y  -50 1096
10  8 Y  -50 1076
10  9 Y  -50 1084
10 10 Y  -50 1083
10 11 Y  -50 1084
10 12 Y  -50 1080
10 13 Y  -50 1093
10 14 Y  -50 1084
10 15 Y  -50 1084
10 16 Y  -50 1083
10 17 Y  -50 1081
10 18 Y  -50 1090
10 19 Y  -50 1086
10 20 Y  -50 1082
10 21 Y  -50 1084
10 22 Y  -50 1093
10 23 Y  -50 1079
10 24 Y  -50 1076
10 25 Y  -50 1090
10 26 Y  -50 1078
10 27 Y  -50 1085
10 28 Y  -50 1088
10 29 Y  -50 1079
10 30 Y  -50 1084
10 31 Y  -50 1081
10  1 Z  550 1189
10  2 Z  550 1207
10  3 Z  550 1204
10  4 Z  550 1198
10  5 Z  550 1196
10  6 Z  550 1200
10  7 Z  550 1214
10  8 Z  550 1204
10  9 Z  550 1202
10 10 Z  550 1195
10 11 Z  550 1192
10 12 Z  550 1187
10 13 Z  550 1195
10 14 Z  550 1192
10 15 Z  550 1196
10 16 Z  550 1192
10 17 Z  550 1192
10 18 Z  550 1191
10 19 Z  550 1191
10 20 Z  550 1190
10 21 Z  550 1196
10 22 Z  550 1206
10 23 Z  550 1203
10 24 Z  550 1203
10 25 Z  550 1206
10 26 Z  550 1204
10 27 Z  550 1201
10 28 Z  550 1211
10 29 Z  550 1203
10 30 Z  550 1206
10 31 Z  550 1202
11  1 X    0  808
11  2 X    0  801
11  3 X    0  812
11  4 X    0  810
11  5 X    0  790
11  6 X    0  818
11  7 X    0  809
11  8 X    0  802
11  9 X    0  812
11 10 X    0  811
11 11 X    0  804
11 12 X    0  812
11 13 X    0  803
11 14 X    0  809
11 15 X    0  806
11 16 X    0  812
11 17 X    0  814
11 18 X    0  808
11 19 X    0  801
11 20 X    0  803
11 21 X    0  818
11 22 X    0  811
11 23 X    0  808
11 24 X    0  810
11 25 X    0  804
11 26 X    0  807
11 27 X    0  803
11 28 X    0  809
11 29 X    0  804
11 30 X    0  787
11  1 Y  -50 1086
11  2 Y  -50 1084
11  3 Y  -50 1083
11  4 Y  -50 1083
11  5 Y  -50 1086
11  6 Y  -50 1067
11  7 Y  -50 1089
11  8 Y  -50 1083
11  9 Y  -50 1086
11 10 Y  -50 1083
11 11 Y  -50 1084
11 12 Y  -50 1082
11 13 Y  -50 1079
11 14 Y  -50 1085
11 15 Y  -50 1082
11 16 Y  -50 1083
11 17 Y  -50 1087
11 18 Y  -50 1085
11 19 Y  -50 1098
11 20 Y  -50 1090
11 21 Y  -50 1081
11 22 Y  -50 1084
11 23 Y  -50 1085
11 24 Y  -50 1084
11 25 Y  -50 1082
11 26 Y  -50 1089
11 27 Y  -50 1081
11 28 Y  -50 1085
11 29 Y  -50 1084
11 30 Y  -50 1093
11  1 Z  550 1206
11  2 Z  550 1197
11  3 Z  550 1201
11  4 Z  550 1204
11  5 Z  550 1213
11  6 Z  550 1213
11  7 Z  550 1212
11  8 Z  550 1198
11  9 Z  550 1204
11 10 Z  550 1201
11 11 Z  550 1198
11 12 Z  550 1197
11 13 Z  550 1203
11 14 Z  550 1202
11 15 Z  550 1200
11 16 Z  550 1202
11 17 Z  550 1198
11 18 Z  550 1198
11 19 Z  550 1200
11 20 Z  550 1222
11 21 Z  550 1213
11 22 Z  550 1204
11 23 Z  550 1199
11 24 Z  550 1204
11 25 Z  550 1199
11 26 Z  550 1202
11 27 Z  550 1201
11 28 Z  550 1200
11 29 Z  550 1199
11 30 Z  550 1202
12  1 X    0  788
12  2 X    0  813
12  3 X    0  810
12  4 X    0  800
12  5 X    0  812
12  6 X    0  809
12  7 X    0  816
12  8 X    0  814
12  9 X    0  806
12 10 X    0  795
12 11 X    0  804
12 12 X    0  800
12 13 X    0  818
12 14 X    0  806
12 15 X    0  811
12 16 X    0  811
12 17 X    0  811
12 18 X    0  795
12 19 X    0  808
12 20 X    0  799
12 21 X    0  810
12 22 X    0  805
12 23 X    0  809
12 24 X    0  801
12 25 X    0  819
12 26 X    0  799
12 27 X    0  803
12 28 X    0  803
12 29 X    0  797
12 30 X    0  810
12 31 X    0  812
12  1 Y  -50 1094
12  2 Y  -50 1089
12  3 Y  -50 1084
12  4 Y  -50 1088
12  5 Y  -50 1083
12  6 Y  -50 1083
12  7 Y  -50 1087
12  8 Y  -50 1085
12  9 Y  -50 1091
12 10 Y  -50 1084
12 11 Y  -50 1084
12 12 Y  -50 1088
12 13 Y  -50 1086
12 14 Y  -50 1087
12 15 Y  -50 1085
12 16 Y  -50 1084
12 17 Y  -50 1086
12 18 Y  -50 1096
12 19 Y  -50 1080
12 20 Y  -50 1076
12 21 Y  -50 1085
12 22 Y  -50 1089
12 23 Y  -50 1084
12 24 Y  -50 1076
12 25 Y  -50 1091
12 26 Y  -50 1109
12 27 Y  -50 1091
12 28 Y  -50 1101
12 29 Y  -50 1090
12 30 Y  -50 1093
12 31 Y  -50 1086
12  1 Z  550 1217
12  2 Z  550 1212
12  3 Z  550 1204
12  4 Z  550 1207
12  5 Z  550 1204
12  6 Z  550 1201
12  7 Z  550 1204
12  8 Z  550 1202
12  9 Z  550 1204
12 10 Z  550 1206
12 11 Z  550 1212
12 12 Z  550 1213
12 13 Z  550 1207
12 14 Z  550 1203
12 15 Z  550 1202
12 16 Z  550 1199
12 17 Z  550 1198
12 18 Z  550 1203
12 19 Z  550 1214
12 20 Z  550 1209
12 21 Z  550 1203
12 22 Z  550 1201
12 23 Z  550 1208
12 24 Z  550 1203
12 25 Z  550 1215
12 26 Z  550 1218
12 27 Z  550 1211
12 28 Z  550 1223
12 29 Z  550 1214
12 30 Z  550 1212
12 31 Z  550 1207
