 1  1 X    0  719
 1  2 X    0  727
 1  3 X    0  724
 1  4 X    0  733
 1  5 X    0  725
 1  6 X    0  727
 1  7 X    0  720
 1  8 X    0  726
 1  9 X    0  711
 1 10 X    0  727
 1 11 X    0  712
 1 12 X    0  722
 1 13 X    0  711
 1 14 X    0  719
 1 15 X    0  725
 1 16 X    0  718
 1 17 X    0  711
 1 18 X    0  730
 1 19 X    0  713
 1 20 X    0  717
 1 21 X    0  739
 1 22 X    0  718
 1 23 X    0  716
 1 24 X    0  731
 1 25 X    0  724
 1 26 X    0  724
 1 27 X    0  723
 1 28 X    0  730
 1 29 X    0  734
 1 30 X    0  717
 1 31 X    0  727
 1  1 Y  -50  992
 1  2 Y  -50 1000
 1  3 Y  -50  996
 1  4 Y  -50  993
 1  5 Y  -50  992
 1  6 Y  -50 1000
 1  7 Y  -50  996
 1  8 Y  -50  998
 1  9 Y  -50 1005
 1 10 Y  -50  994
 1 11 Y  -50  994
 1 12 Y  -50  996
 1 13 Y  -50  986
 1 14 Y  -50 1006
 1 15 Y  -50 1002
 1 16 Y  -50 1002
 1 17 Y  -50 1003
 1 18 Y  -50 1018
 1 19 Y  -50 1009
 1 20 Y  -50 1002
 1 21 Y  -50  987
 1 22 Y  -50 1015
 1 23 Y  -50 1006
 1 24 Y  -50 1010
 1 25 Y  -50 1011
 1 26 Y  -50  985
 1 27 Y  -50  990
 1 28 Y  -50  999
 1 29 Y  -50  987
 1 30 Y  -50  986
 1 31 Y  -50  995
 1  1 Z  550  991
 1  2 Z  550  970
 1  3 Z  550  955
 1  4 Z  550  953
 1  5 Z  550  948
 1  6 Z  550  950
 1  7 Z  550  941
 1  8 Z  550  941
 1  9 Z  550  944
 1 10 Z  550  952
 1 11 Z  550  948
 1 12 Z  550  948
 1 13 Z  550  951
 1 14 Z  550  954
 1 15 Z  550  955
 1 16 Z  550  953
 1 17 Z  550  962
 1 18 Z  550  981
 1 19 Z  550  959
 1 20 Z  550  962
 1 21 Z  550  982
 1 22 Z  550  972
 1 23 Z  550  978
 1 24 Z  550  964
 1 25 Z  550  962
 1 26 Z  550  973
 1 27 Z  550  959
 1 28 Z  550  949
 1 29 Z  550  955
 1 30 Z  550  932
 1 31 Z  550  939
 2  1 X    0  719
 2  2 X    0  734
 2  3 X    0  728
 2  4 X    0  699
 2  5 X    0  711
 2  6 X    0  724
 2  7 X    0  723
 2  8 X    0  720
 2  9 X    0  699
 2 10 X    0  672
 2 11 X    0  349
 2 12 X    0  699
 2 13 X    0  711
 2 14 X    0  741
 2 15 X    0  728
 2 16 X    0  721
 2 17 X    0  720
 2 18 X    0  720
 2 19 X    0  736
 2 20 X    0  710
 2 21 X    0  724
 2 22 X    0  727
 2 23 X    0  726
 2 24 X    0  732
 2 25 X    0  736
 2 26 X    0  730
 2 27 X    0  711
 2 28 X    0  733
 2  1 Y  -50 1000
 2  2 Y  -50  998
 2  3 Y  -50  992
 2  4 Y  -50 1000
 2  5 Y  -50 1003
 2  6 Y  -50 1004
 2  7 Y  -50  992
 2  8 Y  -50 1004
 2  9 Y  -50  988
 2 10 Y  -50 1009
 2 11 Y  -50 1048
 2 12 Y  -50 1013
 2 13 Y  -50 1018
 2 14 Y  -50 1008
 2 15 Y  -50  994
 2 16 Y  -50 1023
 2 17 Y  -50 1029
 2 18 Y  -50 1003
 2 19 Y  -50 1001
 2 20 Y  -50 1008
 2 21 Y  -50 1008
 2 22 Y  -50 1005
 2 23 Y  -50 1003
 2 24 Y  -50 1009
 2 25 Y  -50  984
 2 26 Y  -50  979
 2 27 Y  -50 1000
 2 28 Y  -50 1012
 2  1 Z  550  938
 2  2 Z  550  941
 2  3 Z  550  937
 2  4 Z  550  941
 2  5 Z  550  961
 2  6 Z  550  966
 2  7 Z  550  966
 2  8 Z  550  968
 2  9 Z  550  959
 2 10 Z  550  954
 2 11 Z  550 1070
 2 12 Z  550  996
 2 13 Z  550  981
 2 14 Z  550  983
 2 15 Z  550  966
 2 16 Z  550  954
 2 17 Z  550  977
 2 18 Z  550  981
 2 19 Z  550  982
 2 20 Z  550  978
 2 21 Z  550  976
 2 22 Z  550  979
 2 23 Z  550  965
 2 24 Z  550  966
 2 25 Z  550  945
 2 26 Z  550  943
 2 27 Z  550  932
 2 28 Z  550  945
 3  1 X    0  724
 3  2 X    0  740
 3  3 X    0  698
 3  4 X    0  736
 3  5 X    0  749
 3  6 X    0  721
 3  7 X    0  730
 3  8 X    0  739
 3  9 X    0  742
 3 10 X    0  725
 3 11 X    0  698
 3 12 X    0  735
 3 13 X    0  761
 3 14 X    0  717
 3 15 X    0  774
 3 16 X    0  714
 3 17 X    0  745
 3 18 X    0  723
 3 19 X    0  729
 3 20 X    0  728
 3 21 X    0  719
 3 22 X    0  732
 3 23 X    0  751
 3 24 X    0  737
 3 25 X    0  777
 3 26 X    0  798
 3 27 X    0  722
 3 28 X    0  734
 3 29 X    0  731
 3 30 X    0  719
 3 31 X    0  740
 3  1 Y  -50  994
 3  2 Y  -50  992
 3  3 Y  -50 1000
 3  4 Y  -50 1005
 3  5 Y  -50  991
 3  6 Y  -50 1010
 3  7 Y  -50 1023
 3  8 Y  -50  997
 3  9 Y  -50 1002
 3 10 Y  -50 1016
 3 11 Y  -50 1018
 3 12 Y  -50  976
 3 13 Y  -50 1059
 3 14 Y  -50 1006
 3 15 Y  -50 1052
 3 16 Y  -50  983
 3 17 Y  -50 1034
 3 18 Y  -50 1030
 3 19 Y  -50 1021
 3 20 Y  -50 1001
 3 21 Y  -50 1016
 3 22 Y  -50  987
 3 23 Y  -50 1016
 3 24 Y  -50 1011
 3 25 Y  -50  993
 3 26 Y  -50 1066
 3 27 Y  -50  978
 3 28 Y  -50  988
 3 29 Y  -50  971
 3 30 Y  -50 1044
 3 31 Y  -50 1009
 3  1 Z  550  958
 3  2 Z  550  942
 3  3 Z  550  928
 3  4 Z  550  975
 3  5 Z  550  999
 3  6 Z  550  971
 3  7 Z  550  974
 3  8 Z  550  970
 3  9 Z  550  968
 3 10 Z  550  961
 3 11 Z  550  942
 3 12 Z  550  952
 3 13 Z  550  962
 3 14 Z  550  963
 3 15 Z  550  964
 3 16 Z  550  995
 3 17 Z  550  973
 3 18 Z  550  971
 3 19 Z  550  974
 3 20 Z  550  987
 3 21 Z  550  988
 3 22 Z  550  984
 3 23 Z  550  966
 3 24 Z  550  956
 3 25 Z  550  937
 3 26 Z  550  880
 3 27 Z  550  929
 3 28 Z  550  890
 3 29 Z  550  901
 3 30 Z  550  910
 3 31 Z  550  988
 4  1 X    0  727
 4  2 X    0  749
 4  3 X    0  729
 4  4 X    0  735
 4  5 X    0  738
 4  6 X    0  727
 4  7 X    0  743
 4  8 X    0  727
 4  9 X    0  714
 4 10 X    0  725
 4 11 X    0  759
 4 12 X    0  746
 4 13 X    0  725
 4 14 X    0  723
 4 15 X    0  749
 4 16 X    0  759
 4 17 X    0  720
 4 18 X    0  738
 4 19 X    0  733
 4 20 X    0  744
 4 21 X    0  738
 4 22 X    0  748
 4 23 X    0  721
 4 24 X    0  766
 4 25 X    0  764
 4 26 X    0  719
 4 27 X    0  721
 4 28 X    0  752
 4 29 X    0  740
 4 30 X    0  745
 4  1 Y  -50 1016
 4  2 Y  -50  962
 4  3 Y  -50  983
 4  4 Y  -50 1045
 4  5 Y  -50  998
 4  6 Y  -50 1010
 4  7 Y  -50 1015
 4  8 Y  -50 1009
 4  9 Y  -50 1005
 4 10 Y  -50  984
 4 11 Y  -50  981
 4 12 Y  -50  995
 4 13 Y  -50  991
 4 14 Y  -50 1028
 4 15 Y  -50 1015
 4 16 Y  -50 1028
 4 17 Y  -50 1022
 4 18 Y  -50 1024
 4 19 Y  -50 1025
 4 20 Y  -50 1025
 4 21 Y  -50 1012
 4 22 Y  -50 1008
 4 23 Y  -50 1047
 4 24 Y  -50 1023
 4 25 Y  -50  966
 4 26 Y  -50 1001
 4 27 Y  -50 1040
 4 28 Y  -50 1021
 4 29 Y  -50 1022
 4 30 Y  -50 1023
 4  1 Z  550  957
 4  2 Z  550  961
 4  3 Z  550  932
 4  4 Z  550  943
 4  5 Z  550  907
 4  6 Z  550  967
 4  7 Z  550  944
 4  8 Z  550  966
 4  9 Z  550  963
 4 10 Z  550  918
 4 11 Z  550  909
 4 12 Z  550  831
 4 13 Z  550  869
 4 14 Z  550  913
 4 15 Z  550  945
 4 16 Z  550  957
 4 17 Z  550  952
 4 18 Z  550  947
 4 19 Z  550  960
 4 20 Z  550  939
 4 21 Z  550  958
 4 22 Z  550  936
 4 23 Z  550  951
 4 24 Z  550  964
 4 25 Z  550  939
 4 26 Z  550  859
 4 27 Z  550  880
 4 28 Z  550  936
 4 29 Z  550  942
 4 30 Z  550  936
 5  1 X    0  726
 5  2 X    0  728
 5  3 X    0  728
 5  4 X    0  745
 5  5 X    0  695
 5  6 X    0  716
 5  7 X    0  735
 5  8 X    0  735
 5  9 X    0  725
 5 10 X    0  771
 5 11 X    0  758
 5 12 X    0  720
 5 13 X    0  729
 5 14 X    0  748
 5 15 X    0  729
 5 16 X    0  760
 5 17 X    0  749
 5 18 X    0  744
 5 19 X    0  733
 5 20 X    0  717
 5 21 X    0  753
 5 22 X    0  747
 5 23 X    0  746
 5 24 X    0  776
 5 25 X    0  713
 5 26 X    0  734
 5 27 X    0  717
 5 28 X    0  742
 5 29 X    0  802
 5 30 X    0  738
 5 31 X    0  718
 5  1 Y  -50 1006
 5  2 Y  -50  994
 5  3 Y  -50 1002
 5  4 Y  -50  987
 5  5 Y  -50 1002
 5  6 Y  -50 1015
 5  7 Y  -50  946
 5  8 Y  -50  991
 5  9 Y  -50  967
 5 10 Y  -50 1008
 5 11 Y  -50 1013
 5 12 Y  -50 1035
 5 13 Y  -50 1040
 5 14 Y  -50 1037
 5 15 Y  -50 1008
 5 16 Y  -50 1010
 5 17 Y  -50 1032
 5 18 Y  -50 1021
 5 19 Y  -50 1023
 5 20 Y  -50 1010
 5 21 Y  -50  974
 5 22 Y  -50  994
 5 23 Y  -50  977
 5 24 Y  -50  983
 5 25 Y  -50 1006
 5 26 Y  -50 1086
 5 27 Y  -50 1026
 5 28 Y  -50 1031
 5 29 Y  -50 1016
 5 30 Y  -50 1005
 5 31 Y  -50  991
 5  1 Z  550  946
 5  2 Z  550  980
 5  3 Z  550  983
 5  4 Z  550  968
 5  5 Z  550  946
 5  6 Z  550  966
 5  7 Z  550  901
 5  8 Z  550  866
 5  9 Z  550  901
 5 10 Z  550  842
 5 11 Z  550  842
 5 12 Z  550  875
 5 13 Z  550  931
 5 14 Z  550  951
 5 15 Z  550  944
 5 16 Z  550  944
 5 17 Z  550  933
 5 18 Z  550  961
 5 19 Z  550  951
 5 20 Z  550  962
 5 21 Z  550  865
 5 22 Z  550  884
 5 23 Z  550  865
 5 24 Z  550  847
 5 25 Z  550  880
 5 26 Z  550  961
 5 27 Z  550  987
 5 28 Z  550  963
 5 29 Z  550  909
 5 30 Z  550  994
 5 31 Z  550  944
 6  1 X    0  716
 6  2 X    0  799
 6  3 X    0  802
 6  4 X    0  787
 6  5 X    0  787
 6  6 X    0  738
 6  7 X    0  775
 6  8 X    0  768
 6  9 X    0  724
 6 10 X    0  740
 6 11 X    0  745
 6 12 X    0  758
 6 13 X    0  721
 6 14 X    0  700
 6 15 X    0  740
 6 16 X    0  780
 6 17 X    0  714
 6 18 X    0  723
 6 19 X    0  730
 6 20 X    0  706
 6 21 X    0  724
 6 22 X    0  763
 6 23 X    0  746
 6 24 X    0  746
 6 25 X    0  745
 6 26 X    0  724
 6 27 X    0  725
 6 28 X    0  675
 6 29 X    0  798
 6 30 X    0  808
 6  1 Y  -50 1020
 6  2 Y  -50 1009
 6  3 Y  -50  981
 6  4 Y  -50  981
 6  5 Y  -50  990
 6  6 Y  -50  981
 6  7 Y  -50  982
 6  8 Y  -50 1004
 6  9 Y  -50  991
 6 10 Y  -50 1030
 6 11 Y  -50 1015
 6 12 Y  -50 1017
 6 13 Y  -50 1003
 6 14 Y  -50  990
 6 15 Y  -50 1007
 6 16 Y  -50 1039
 6 17 Y  -50 1011
 6 18 Y  -50 1036
 6 19 Y  -50 1035
 6 20 Y  -50 1003
 6 21 Y  -50 1018
 6 22 Y  -50  989
 6 23 Y  -50 1010
 6 24 Y  -50 1023
 6 25 Y  -50 1000
 6 26 Y  -50  993
 6 27 Y  -50 1004
 6 28 Y  -50 1027
 6 29 Y  -50 1015
 6 30 Y  -50  935
 6  1 Z  550  893
 6  2 Z  550  951
 6  3 Z  550  788
 6  4 Z  550  811
 6  5 Z  550  791
 6  6 Z  550  808
 6  7 Z  550  802
 6  8 Z  550  789
 6  9 Z  550  940
 6 10 Z  550  967
 6 11 Z  550  979
 6 12 Z  550  959
 6 13 Z  550  967
 6 14 Z  550  997
 6 15 Z  550  959
 6 16 Z  550  964
 6 17 Z  550 1010
 6 18 Z  550  957
 6 19 Z  550 1014
 6 20 Z  550 1004
 6 21 Z  550 1020
 6 22 Z  550  974
 6 23 Z  550  959
 6 24 Z  550  985
 6 25 Z  550  924
 6 26 Z  550  967
 6 27 Z  550  992
 6 28 Z  550 1016
 6 29 Z  550  826
 6 30 Z  550  738
 7  1 X    0  800
 7  2 X    0  762
 7  3 X    0  774
 7  4 X    0  768
 7  5 X    0  769
 7  6 X    0  769
 7  7 X    0  761
 7  8 X    0  607
 7  9 X    0  833
 7 10 X    0  715
 7 11 X    0  734
 7 12 X    0  757
 7 13 X    0  793
 7 14 X    0  770
 7 15 X    0  755
 7 16 X    0  740
 7 17 X    0  760
 7 18 X    0  722
 7 19 X    0  706
 7 20 X    0  764
 7 21 X    0  717
 7 22 X    0  816
 7 23 X    0  732
 7 24 X    0  707
 7 25 X    0  739
 7 26 X    0  741
 7 27 X    0  755
 7 28 X    0  682
 7 29 X    0  714
 7 30 X    0  783
 7 31 X    0  779
 7  1 Y  -50  990
 7  2 Y  -50  999
 7  3 Y  -50 1029
 7  4 Y  -50 1038
 7  5 Y  -50  995
 7  6 Y  -50  993
 7  7 Y  -50 1029
 7  8 Y  -50 1063
 7  9 Y  -50  970
 7 10 Y  -50  992
 7 11 Y  -50 1018
 7 12 Y  -50 1015
 7 13 Y  -50 1005
 7 14 Y  -50 1001
 7 15 Y  -50 1013
 7 16 Y  -50 1028
 7 17 Y  -50 1044
 7 18 Y  -50 1011
 7 19 Y  -50  989
 7 20 Y  -50 1014
 7 21 Y  -50  993
 7 22 Y  -50 1019
 7 23 Y  -50 1018
 7 24 Y  -50 1033
 7 25 Y  -50 1063
 7 26 Y  -50 1010
 7 27 Y  -50 1072
 7 28 Y  -50  976
 7 29 Y  -50  985
 7 30 Y  -50 1014
 7 31 Y  -50 1032
 7  1 Z  550  784
 7  2 Z  550  793
 7  3 Z  550  792
 7  4 Z  550  813
 7  5 Z  550  785
 7  6 Z  550  826
 7  7 Z  550  905
 7  8 Z  550 1047
 7  9 Z  550  820
 7 10 Z  550  973
 7 11 Z  550  998
 7 12 Z  550  862
 7 13 Z  550  864
 7 14 Z  550  869
 7 15 Z  550  848
 7 16 Z  550  928
 7 17 Z  550 1007
 7 18 Z  550  992
 7 19 Z  550 1029
 7 20 Z  550  959
 7 21 Z  550  946
 7 22 Z  550  878
 7 23 Z  550  986
 7 24 Z  550 1020
 7 25 Z  550  954
 7 26 Z  550  942
 7 27 Z  550  941
 7 28 Z  550 1087
 7 29 Z  550  922
 7 30 Z  550  813
 7 31 Z  550  867
 8  1 X    0  773
 8  2 X    0  789
 8  3 X    0  791
 8  4 X    0  757
 8  5 X    0  766
 8  6 X    0  712
 8  7 X    0  744
 8  8 X    0  717
 8  9 X    0  717
 8 10 X    0  735
 8 11 X    0  759
 8 12 X    0  763
 8 13 X    0  696
 8 14 X    0  703
 8 15 X    0  718
 8 16 X    0  715
 8 17 X    0  605
 8 18 X    0  694
 8 19 X    0  736
 8 20 X    0  744
 8 21 X    0  732
 8 22 X    0  779
 8 23 X    0  730
 8 24 X    0  800
 8 25 X    0  816
 8 26 X    0  802
 8 27 X    0  811
 8 28 X    0  744
 8 29 X    0  763
 8 30 X    0  751
 8 31 X    0  775
 8  1 Y  -50  986
 8  2 Y  -50 1026
 8  3 Y  -50 1013
 8  4 Y  -50  996
 8  5 Y  -50 1016
 8  6 Y  -50 1015
 8  7 Y  -50 1019
 8  8 Y  -50 1005
 8  9 Y  -50 1023
 8 10 Y  -50 1009
 8 11 Y  -50 1017
 8 12 Y  -50  979
 8 13 Y  -50 1014
 8 14 Y  -50 1004
 8 15 Y  -50 1024
 8 16 Y  -50 1040
 8 17 Y  -50 1008
 8 18 Y  -50 1026
 8 19 Y  -50 1015
 8 20 Y  -50 1006
 8 21 Y  -50 1027
 8 22 Y  -50  986
 8 23 Y  -50  995
 8 24 Y  -50 1005
 8 25 Y  -50  999
 8 26 Y  -50  999
 8 27 Y  -50  992
 8 28 Y  -50 1051
 8 29 Y  -50 1007
 8 30 Y  -50  998
 8 31 Y  -50 1020
 8  1 Z  550  889
 8  2 Z  550  795
 8  3 Z  550  851
 8  4 Z  550  818
 8  5 Z  550  829
 8  6 Z  550 1001
 8  7 Z  550  959
 8  8 Z  550  916
 8  9 Z  550  993
 8 10 Z  550  876
 8 11 Z  550  839
 8 12 Z  550  933
 8 13 Z  550 1054
 8 14 Z  550  944
 8 15 Z  550 1026
 8 16 Z  550  922
 8 17 Z  550  969
 8 18 Z  550 1086
 8 19 Z  550  971
 8 20 Z  550  975
 8 21 Z  550  989
 8 22 Z  550 1016
 8 23 Z  550  935
 8 24 Z  550  877
 8 25 Z  550  788
 8 26 Z  550  869
 8 27 Z  550  884
 8 28 Z  550  900
 8 29 Z  550  890
 8 30 Z  550  893
 8 31 Z  550  917
 9  1 X    0  749
 9  2 X    0  752
 9  3 X    0  723
 9  4 X    0  640
 9  5 X    0  785
 9  6 X    0  748
 9  7 X    0  724
 9  8 X    0  745
 9  9 X    0  733
 9 10 X    0  743
 9 11 X    0  743
 9 12 X    0  737
 9 13 X    0  740
 9 14 X    0  737
 9 15 X    0  730
 9 16 X    0  698
 9 17 X    0  744
 9 18 X    0  723
 9 19 X    0  740
 9 20 X    0  724
 9 21 X    0  730
 9 22 X    0  733
 9 23 X    0  749
 9 24 X    0  740
 9 25 X    0  742
 9 26 X    0  752
 9 27 X    0  720
 9 28 X    0  762
 9 29 X    0  743
 9 30 X    0  711
 9  1 Y  -50 1011
 9  2 Y  -50 1001
 9  3 Y  -50 1046
 9  4 Y  -50 1036
 9  5 Y  -50 1006
 9  6 Y  -50 1009
 9  7 Y  -50 1033
 9  8 Y  -50  991
 9  9 Y  -50 1016
 9 10 Y  -50 1028
 9 11 Y  -50 1029
 9 12 Y  -50 1023
 9 13 Y  -50  998
 9 14 Y  -50 1038
 9 15 Y  -50 1010
 9 16 Y  -50 1023
 9 17 Y  -50  993
 9 18 Y  -50 1013
 9 19 Y  -50 1006
 9 20 Y  -50 1003
 9 21 Y  -50 1014
 9 22 Y  -50 1005
 9 23 Y  -50 1003
 9 24 Y  -50 1025
 9 25 Y  -50 1030
 9 26 Y  -50 1012
 9 27 Y  -50 1019
 9 28 Y  -50 1005
 9 29 Y  -50  994
 9 30 Y  -50 1027
 9  1 Z  550  897
 9  2 Z  550  915
 9  3 Z  550  927
 9  4 Z  550  920
 9  5 Z  550  937
 9  6 Z  550  929
 9  7 Z  550  919
 9  8 Z  550  986
 9  9 Z  550  988
 9 10 Z  550  983
 9 11 Z  550 1016
 9 12 Z  550 1011
 9 13 Z  550  978
 9 14 Z  550  993
 9 15 Z  550  995
 9 16 Z  550 1004
 9 17 Z  550  937
 9 18 Z  550  963
 9 19 Z  550  977
 9 20 Z  550  989
 9 21 Z  550  995
 9 22 Z  550  976
 9 23 Z  550  935
 9 24 Z  550  924
 9 25 Z  550  953
 9 26 Z  550  926
 9 27 Z  550  922
 9 28 Z  550  944
 9 29 Z  550  931
 9 30 Z  550  926
10  1 X    0  733
10  2 X    0  750
10  3 X    0  740
10  4 X    0  739
10  5 X    0  720
10  6 X    0  735
10  7 X    0  739
10  8 X    0  750
10  9 X    0  738
10 10 X    0  737
10 11 X    0  733
10 12 X    0  735
10 13 X    0  744
10 14 X    0  735
10 15 X    0  739
10 16 X    0  749
10 17 X    0  733
10 18 X    0  738
10 19 X    0  723
10 20 X    0  734
10 21 X    0  741
10 22 X    0  722
10 23 X    0  735
10 24 X    0  715
10 25 X    0  741
10 26 X    0  718
10 27 X    0  706
10 28 X    0  712
10 29 X    0  723
10 30 X    0  724
10 31 X    0  747
10  1 Y  -50  999
10  2 Y  -50  991
10  3 Y  -50 1013
10  4 Y  -50  997
10  5 Y  -50 1014
10  6 Y  -50 1017
10  7 Y  -50 1011
10  8 Y  -50  999
10  9 Y  -50 1014
10 10 Y  -50 1009
10 11 Y  -50 1000
10 12 Y  -50 1000
10 13 Y  -50 1016
10 14 Y  -50 1001
10 15 Y  -50 1013
10 16 Y  -50 1008
10 17 Y  -50  997
10 18 Y  -50 1008
10 19 Y  -50 1015
10 20 Y  -50 1001
10 21 Y  -50 1008
10 22 Y  -50 1020
10 23 Y  -50 1026
10 24 Y  -50 1023
10 25 Y  -50  994
10 26 Y  -50 1014
10 27 Y  -50  993
10 28 Y  -50 1005
10 29 Y  -50 1009
10 30 Y  -50 1023
10 31 Y  -50 1012
10  1 Z  550  967
10  2 Z  550  989
10  3 Z  550  961
10  4 Z  550  946
10  5 Z  550  993
10  6 Z  550  988
10  7 Z  550  974
10  8 Z  550  986
10  9 Z  550  981
10 10 Z  550  976
10 11 Z  550  959
10 12 Z  550  970
10 13 Z  550  951
10 14 Z  550  970
10 15 Z  550  974
10 16 Z  550  967
10 17 Z  550  960
10 18 Z  550  957
10 19 Z  550  948
10 20 Z  550  958
10 21 Z  550  942
10 22 Z  550  968
10 23 Z  550  978
10 24 Z  550  994
10 25 Z  550 1008
10 26 Z  550  970
10 27 Z  550  974
10 28 Z  550  975
10 29 Z  550  988
10 30 Z  550  984
10 31 Z  550  991
11  1 X    0  728
11  2 X    0  720
11  3 X    0  729
11  4 X    0  741
11  5 X    0  735
11  6 X    0  731
11  7 X    0  733
11  8 X    0  735
11  9 X    0  747
11 10 X    0  735
11 11 X    0  744
11 12 X    0  716
11 13 X    0  744
11 14 X    0  736
11 15 X    0  749
11 16 X    0  736
11 17 X    0  742
11 18 X    0  729
11 19 X    0  741
11 20 X    0  739
11 21 X    0  734
11 22 X    0  739
11 23 X    0  738
11 24 X    0  730
11 25 X    0  705
11 26 X    0  733
11 27 X    0  728
11 28 X    0  730
11 29 X    0  745
11 30 X    0  736
11  1 Y  -50 1007
11  2 Y  -50 1034
11  3 Y  -50 1019
11  4 Y  -50 1007
11  5 Y  -50 1005
11  6 Y  -50 1010
11  7 Y  -50 1010
11  8 Y  -50 1005
11  9 Y  -50  998
11 10 Y  -50 1021
11 11 Y  -50 1007
11 12 Y  -50 1010
11 13 Y  -50  997
11 14 Y  -50  999
11 15 Y  -50 1005
11 16 Y  -50 1018
11 17 Y  -50 1009
11 18 Y  -50 1011
11 19 Y  -50 1010
11 20 Y  -50 1010
11 21 Y  -50 1012
11 22 Y  -50 1005
11 23 Y  -50 1010
11 24 Y  -50 1019
11 25 Y  -50 1002
11 26 Y  -50 1011
11 27 Y  -50 1013
11 28 Y  -50 1003
11 29 Y  -50 1015
11 30 Y  -50 1003
11  1 Z  550  982
11  2 Z  550  976
11  3 Z  550  991
11  4 Z  550  990
11  5 Z  550  982
11  6 Z  550  978
11  7 Z  550  965
11  8 Z  550  968
11  9 Z  550  974
11 10 Z  550  977
11 11 Z  550  987
11 12 Z  550  980
11 13 Z  550  977
11 14 Z  550  974
11 15 Z  550  977
11 16 Z  550  962
11 17 Z  550  976
11 18 Z  550  971
11 19 Z  550  968
11 20 Z  550  968
11 21 Z  550  961
11 22 Z  550  968
11 23 Z  550  963
11 24 Z  550  968
11 25 Z  550  960
11 26 Z  550  972
11 27 Z  550  972
11 28 Z  550  977
11 29 Z  550  982
11 30 Z  550  978
12  1 X    0  738
12  2 X    0  712
12  3 X    0  739
12  4 X    0  677
12  5 X    0  740
12  6 X    0  720
12  7 X    0  746
12  8 X    0  722
12  9 X    0  745
12 10 X    0  740
12 11 X    0  736
12 12 X    0  734
12 13 X    0  703
12 14 X    0  703
12 15 X    0  737
12 16 X    0  751
12 17 X    0  710
12 18 X    0  746
12 19 X    0  739
12 20 X    0  739
12 21 X    0  730
12 22 X    0  732
12 23 X    0  721
12 24 X    0  742
12 25 X    0  735
12 26 X    0  727
12 27 X    0  746
12 28 X    0  730
12 29 X    0  723
12 30 X    0  735
12 31 X    0  742
12  1 Y  -50 1008
12  2 Y  -50 1029
12  3 Y  -50 1003
12  4 Y  -50 1032
12  5 Y  -50  990
12  6 Y  -50 1022
12  7 Y  -50 1006
12  8 Y  -50 1017
12  9 Y  -50 1006
12 10 Y  -50 1000
12 11 Y  -50 1003
12 12 Y  -50  997
12 13 Y  -50 1024
12 14 Y  -50 1014
12 15 Y  -50 1009
12 16 Y  -50 1008
12 17 Y  -50 1008
12 18 Y  -50  997
12 19 Y  -50 1013
12 20 Y  -50 1012
12 21 Y  -50 1012
12 22 Y  -50 1005
12 23 Y  -50 1021
12 24 Y  -50 1007
12 25 Y  -50 1013
12 26 Y  -50 1012
12 27 Y  -50 1015
12 28 Y  -50 1007
12 29 Y  -50 1008
12 30 Y  -50 1014
12 31 Y  -50 1005
12  1 Z  550  973
12  2 Z  550  978
12  3 Z  550  985
12  4 Z  550  996
12  5 Z  550 1025
12  6 Z  550  994
12  7 Z  550  992
12  8 Z  550  985
12  9 Z  550  992
12 10 Z  550  980
12 11 Z  550  980
12 12 Z  550  972
12 13 Z  550  999
12 14 Z  550  992
12 15 Z  550  985
12 16 Z  550  992
12 17 Z  550  975
12 18 Z  550 1014
12 19 Z  550 1003
12 20 Z  550  995
12 21 Z  550  986
12 22 Z  550  983
12 23 Z  550  984
12 24 Z  550  980
12 25 Z  550  970
12 26 Z  550  980
12 27 Z  550  984
12 28 Z  550  985
12 29 Z  550  983
12 30 Z  550  980
12 31 Z  550  977
