 1  1 H   -6 4474
 1  2 H   -7 4544
 1  3 H   -6 4472
 1  4 H   -7 4563
 1  5 H   -6 4488
 1  6 H   -7 4555
 1  7 H   -6 4489
 1  8 H   -6 4471
 1  9 H   -6 4482
 1 10 H   -6 4474
 1 11 H   -6 4487
 1 12 H   -7 4543
 1 13 H   -6 4471
 1 14 H   -7 4549
 1 15 H   -6 4478
 1 16 H   -6 4472
 1 17 H   -6 4466
 1 18 H   -6 4468
 1 19 H   -6 4471
 1 20 H   -6 4468
 1 21 H   -6 4478
 1 22 H   -7 4569
 1 23 H   -6 4476
 1 24 H   -6 4467
 1 25 H   -6 4469
 1 26 H   -6 4463
 1 27 H   -6 4469
 1 28 H   -6 4475
 1 29 H   -6 4470
 1 30 H   -6 4473
 1 31 H   -6 4469
 1  1 D  281 4216
 1  2 D  279 5093
 1  3 D  280 4785
 1  4 D  279 5211
 1  5 D  281 4307
 1  6 D  280 4592
 1  7 D  280 4673
 1  8 D  280 4811
 1  9 D  281 4243
 1 10 D  280 4769
 1 11 D  281 4264
 1 12 D  281 4191
 1 13 D  281 4233
 1 14 D  279 4973
 1 15 D  281 4348
 1 16 D  281 4253
 1 17 D  280 4706
 1 18 D  280 4728
 1 19 D  281 4264
 1 20 D  281 4231
 1 21 D  281 4229
 1 22 D  280 4821
 1 23 D  281 4249
 1 24 D  280 4798
 1 25 D  280 4776
 1 26 D  280 4785
 1 27 D  281 4268
 1 28 D  281 4276
 1 29 D  280 4817
 1 30 D  280 4797
 1 31 D  281 4235
 1  1 Z  520 4456
 1  2 Z  520 4479
 1  3 Z  520 4476
 1  4 Z  520 4468
 1  5 Z  520 4479
 1  6 Z  520 4484
 1  7 Z  520 4489
 1  8 Z  520 4489
 1  9 Z  520 4479
 1 10 Z  520 4467
 1 11 Z  520 4472
 1 12 Z  520 4471
 1 13 Z  520 4462
 1 14 Z  520 4518
 1 15 Z  521 4439
 1 16 Z  520 4486
 1 17 Z  520 4478
 1 18 Z  520 4476
 1 19 Z  520 4473
 1 20 Z  520 4479
 1 21 Z  520 4474
 1 22 Z  520 4466
 1 23 Z  520 4466
 1 24 Z  520 4461
 1 25 Z  520 4465
 1 26 Z  520 4465
 1 27 Z  520 4464
 1 28 Z  520 4465
 1 29 Z  520 4462
 1 30 Z  520 4460
 1 31 Z  520 4459
 1  1 F  521 4489
 1  2 F  521 4510
 1  3 F  521 4508
 1  4 F  521 4500
 1  5 F  521 4513
 1  6 F  521 4516
 1  7 F  521 4523
 1  8 F  521 4521
 1  9 F  521 4512
 1 10 F  521 4499
 1 11 F  521 4505
 1 12 F  521 4501
 1 13 F  521 4495
 1 14 F  522 4449
 1 15 F  522 4472
 1 16 F  521 4518
 1 17 F  521 4510
 1 18 F  521 4509
 1 19 F  521 4505
 1 20 F  521 4511
 1 21 F  521 4507
 1 22 F  521 4499
 1 23 F  521 4499
 1 24 F  521 4494
 1 25 F  521 4497
 1 26 F  521 4497
 1 27 F  521 4496
 1 28 F  521 4497
 1 29 F  521 4495
 1 30 F  521 4493
 1 31 F  521 4491
 2  1 H   -6 4477
 2  2 H   -6 4475
 2  3 H   -6 4477
 2  4 H   -6 4471
 2  5 H   -6 4470
 2  6 H   -6 4475
 2  7 H   -6 4477
 2  8 H   -6 4471
 2  9 H   -7 4557
 2 10 H   -7 4566
 2 11 H   -7 4562
 2 12 H   -6 4481
 2 13 H   -7 4557
 2 14 H   -6 4484
 2 15 H   -7 4558
 2 16 H   -7 4546
 2 17 H   -6 4479
 2 18 H   -6 4478
 2 19 H   -6 4470
 2 20 H   -6 4477
 2 21 H   -6 4499
 2 22 H   -7 4510
 2 23 H   -6 4486
 2 24 H   -6 4466
 2 25 H   -6 4471
 2 26 H   -6 4468
 2 27 H   -6 4478
 2 28 H   -6 4473
 2 29 H   -6 4474
 2  1 D  281 4254
 2  2 D  280 4802
 2  3 D  281 4274
 2  4 D  280 4791
 2  5 D  280 4904
 2  6 D  280 4813
 2  7 D  281 4232
 2  8 D  280 4757
 2  9 D  280 4747
 2 10 D  281 4360
 2 11 D  281 4219
 2 12 D  281 4316
 2 13 D  281 4341
 2 14 D  280 4761
 2 15 D  281 4343
 2 16 D  280 4651
 2 17 D  280 4746
 2 18 D  280 4780
 2 19 D  280 4842
 2 20 D  280 4760
 2 21 D  280 4501
 2 22 D  281 4208
 2 23 D  280 4855
 2 24 D  280 4898
 2 25 D  280 4802
 2 26 D  280 4689
 2 27 D  281 4263
 2 28 D  281 4293
 2 29 D  281 4235
 2  1 Z  520 4457
 2  2 Z  519 4551
 2  3 Z  520 4458
 2  4 Z  520 4455
 2  5 Z  520 4480
 2  6 Z  520 4468
 2  7 Z  520 4471
 2  8 Z  520 4461
 2  9 Z  520 4460
 2 10 Z  520 4468
 2 11 Z  520 4458
 2 12 Z  520 4465
 2 13 Z  520 4465
 2 14 Z  519 4544
 2 15 Z  520 4466
 2 16 Z  520 4461
 2 17 Z  520 4465
 2 18 Z  520 4468
 2 19 Z  520 4458
 2 20 Z  520 4454
 2 21 Z  519 4532
 2 22 Z  521 4450
 2 23 Z  520 4519
 2 24 Z  520 4492
 2 25 Z  520 4488
 2 26 Z  520 4474
 2 27 Z  520 4480
 2 28 Z  520 4468
 2 29 Z  520 4459
 2  1 F  521 4490
 2  2 F  521 4484
 2  3 F  521 4490
 2  4 F  521 4488
 2  5 F  521 4513
 2  6 F  521 4501
 2  7 F  521 4504
 2  8 F  521 4494
 2  9 F  521 4492
 2 10 F  521 4501
 2 11 F  521 4490
 2 12 F  521 4498
 2 13 F  521 4497
 2 14 F  521 4477
 2 15 F  521 4498
 2 16 F  521 4492
 2 17 F  521 4498
 2 18 F  521 4501
 2 19 F  521 4491
 2 20 F  521 4487
 2 21 F  520 4567
 2 22 F  522 4479
 2 23 F  522 4453
 2 24 F  521 4525
 2 25 F  521 4520
 2 26 F  521 4507
 2 27 F  521 4513
 2 28 F  521 4501
 2 29 F  521 4491
 3  1 H   -6 4481
 3  2 H   -6 4478
 3  3 H   -6 4480
 3  4 H   -6 4457
 3  5 H   -6 4480
 3  6 H   -6 4469
 3  7 H   -6 4481
 3  8 H   -7 4567
 3  9 H   -7 4577
 3 10 H   -6 4469
 3 11 H   -7 4568
 3 12 H   -6 4471
 3 13 H   -6 4474
 3 14 H   -6 4478
 3 15 H   -6 4481
 3 16 H   -6 4477
 3 17 H   -6 4476
 3 18 H   -6 4475
 3 19 H   -6 4477
 3 20 H   -7 4576
 3 21 H   -6 4481
 3 22 H   -6 4481
 3 23 H   -7 4554
 3 24 H   -6 4489
 3 25 H   -7 4543
 3 26 H   -7 4548
 3 27 H   -6 4474
 3 28 H   -6 4458
 3 29 H   -7 4549
 3 30 H   -6 4491
 3 31 H   -6 4467
 3  1 D  281 4252
 3  2 D  281 4280
 3  3 D  281 4291
 3  4 D  281 4331
 3  5 D  281 4248
 3  6 D  281 4376
 3  7 D  280 4781
 3  8 D  281 4305
 3  9 D  281 4292
 3 10 D  280 4715
 3 11 D  281 4306
 3 12 D  280 4805
 3 13 D  281 4279
 3 14 D  281 4168
 3 15 D  280 4722
 3 16 D  281 4392
 3 17 D  281 4257
 3 18 D  281 4288
 3 19 D  281 4310
 3 20 D  281 4334
 3 21 D  281 4262
 3 22 D  281 4263
 3 23 D  280 4858
 3 24 D  280 4816
 3 25 D  280 4887
 3 26 D  280 4712
 3 27 D  280 4693
 3 28 D  280 4760
 3 29 D  280 4954
 3 30 D  281 4425
 3 31 D  281 4260
 3  1 Z  519 4547
 3  2 Z  519 4551
 3  3 Z  520 4462
 3  4 Z  520 4473
 3  5 Z  520 4470
 3  6 Z  520 4480
 3  7 Z  520 4467
 3  8 Z  520 4450
 3  9 Z  519 4551
 3 10 Z  520 4456
 3 11 Z  520 4457
 3 12 Z  519 4548
 3 13 Z  519 4551
 3 14 Z  519 4537
 3 15 Z  519 4546
 3 16 Z  520 4470
 3 17 Z  519 4547
 3 18 Z  519 4546
 3 19 Z  519 4547
 3 20 Z  519 4545
 3 21 Z  519 4537
 3 22 Z  519 4537
 3 23 Z  519 4546
 3 24 Z  519 4524
 3 25 Z  519 4541
 3 26 Z  520 4483
 3 27 Z  520 4458
 3 28 Z  520 4473
 3 29 Z  520 4502
 3 30 Z  520 4489
 3 31 Z  520 4477
 3  1 F  521 4481
 3  2 F  521 4484
 3  3 F  521 4496
 3  4 F  521 4505
 3  5 F  521 4503
 3  6 F  521 4513
 3  7 F  521 4500
 3  8 F  521 4483
 3  9 F  521 4484
 3 10 F  521 4488
 3 11 F  521 4489
 3 12 F  521 4481
 3 13 F  521 4484
 3 14 F  520 4570
 3 15 F  521 4479
 3 16 F  521 4503
 3 17 F  521 4480
 3 18 F  521 4479
 3 19 F  521 4480
 3 20 F  521 4478
 3 21 F  521 4470
 3 22 F  521 4470
 3 23 F  521 4478
 3 24 F  520 4557
 3 25 F  521 4471
 3 26 F  522 4414
 3 27 F  521 4491
 3 28 F  521 4505
 3 29 F  522 4433
 3 30 F  521 4523
 3 31 F  521 4509
 4  1 H   -6 4466
 4  2 H   -7 4547
 4  3 H   -7 4554
 4  4 H   -7 4506
 4  5 H   -6 4486
 4  6 H   -6 4485
 4  7 H   -6 4472
 4  8 H   -6 4469
 4  9 H   -6 4485
 4 10 H   -6 4473
 4 11 H   -7 4565
 4 12 H   -6 4473
 4 13 H   -6 4478
 4 14 H   -6 4490
 4 15 H   -6 4490
 4 16 H   -7 4571
 4 17 H   -6 4495
 4 18 H   -6 4513
 4 19 H   -6 4467
 4 20 H   -6 4457
 4 21 H   -6 4489
 4 22 H   -6 4467
 4 23 H   -5 4384
 4 24 H   -7 4554
 4 25 H   -7 4560
 4 26 H   -6 4475
 4 27 H   -7 4554
 4 28 H   -6 4490
 4 29 H   -6 4488
 4 30 H   -6 4497
 4  1 D  280 4758
 4  2 D  281 4436
 4  3 D  278 5966
 4  4 D  280 5102
 4  5 D  280 4771
 4  6 D  281 4476
 4  7 D  280 4938
 4  8 D  281 4317
 4  9 D  281 4392
 4 10 D  281 4437
 4 11 D  281 4419
 4 12 D  281 4357
 4 13 D  280 4865
 4 14 D  281 4319
 4 15 D  280 4874
 4 16 D  281 4528
 4 17 D  280 4867
 4 18 D  281 4357
 4 19 D  281 4314
 4 20 D  280 4856
 4 21 D  280 4896
 4 22 D  280 4774
 4 23 D  281 4278
 4 24 D  280 4790
 4 25 D  281 4307
 4 26 D  281 4347
 4 27 D  280 4858
 4 28 D  280 4820
 4 29 D  281 4381
 4 30 D  281 4385
 4  1 Z  520 4471
 4  2 Z  520 4479
 4  3 Z  521 4408
 4  4 Z  520 4503
 4  5 Z  519 4555
 4  6 Z  519 4559
 4  7 Z  519 4549
 4  8 Z  519 4550
 4  9 Z  519 4513
 4 10 Z  519 4546
 4 11 Z  519 4526
 4 12 Z  519 4536
 4 13 Z  519 4540
 4 14 Z  519 4530
 4 15 Z  519 4508
 4 16 Z  519 4517
 4 17 Z  519 4523
 4 18 Z  519 4514
 4 19 Z  519 4522
 4 20 Z  519 4543
 4 21 Z  520 4465
 4 22 Z  519 4557
 4 23 Z  520 4472
 4 24 Z  520 4476
 4 25 Z  520 4478
 4 26 Z  520 4452
 4 27 Z  519 4554
 4 28 Z  519 4535
 4 29 Z  519 4540
 4 30 Z  519 4491
 4  1 F  521 4503
 4  2 F  521 4510
 4  3 F  522 4439
 4  4 F  521 4531
 4  5 F  521 4489
 4  6 F  521 4493
 4  7 F  521 4482
 4  8 F  521 4483
 4  9 F  520 4546
 4 10 F  521 4479
 4 11 F  520 4558
 4 12 F  521 4469
 4 13 F  521 4473
 4 14 F  520 4564
 4 15 F  520 4542
 4 16 F  520 4550
 4 17 F  521 4457
 4 18 F  520 4549
 4 19 F  520 4554
 4 20 F  521 4475
 4 21 F  521 4498
 4 22 F  520 4589
 4 23 F  521 4505
 4 24 F  521 4507
 4 25 F  521 4510
 4 26 F  521 4485
 4 27 F  521 4485
 4 28 F  521 4469
 4 29 F  521 4473
 4 30 F  520 4525
 5  1 H   -6 4479
 5  2 H   -7 4554
 5  3 H   -6 4467
 5  4 H   -6 4502
 5  5 H   -5 4418
 5  6 H   -7 4530
 5  7 H   -6 4488
 5  8 H   -7 4558
 5  9 H   -6 4489
 5 10 H   -6 4496
 5 11 H   -6 4482
 5 12 H   -6 4488
 5 13 H   -6 4485
 5 14 H   -6 4486
 5 15 H   -6 4496
 5 16 H   -6 4498
 5 17 H   -7 4557
 5 18 H   -6 4505
 5 19 H   -6 4471
 5 20 H   -6 4480
 5 21 H   -6 4493
 5 22 H   -6 4476
 5 23 H   -6 4458
 5 24 H   -6 4482
 5 25 H   -6 4474
 5 26 H   -6 4488
 5 27 H   -6 4478
 5 28 H   -6 4474
 5 29 H   -6 4497
 5 30 H   -6 4494
 5 31 H   -6 4510
 5  1 D  281 4480
 5  2 D  281 4318
 5  3 D  280 4854
 5  4 D  281 4446
 5  5 D  280 4900
 5  6 D  281 4779
 5  7 D  280 4759
 5  8 D  281 4342
 5  9 D  281 4553
 5 10 D  281 4556
 5 11 D  281 4522
 5 12 D  281 4447
 5 13 D  281 4570
 5 14 D  281 4474
 5 15 D  281 4445
 5 16 D  281 4450
 5 17 D  281 4478
 5 18 D  281 4551
 5 19 D  281 4532
 5 20 D  281 4326
 5 21 D  281 4514
 5 22 D  281 4571
 5 23 D  280 4613
 5 24 D  281 4477
 5 25 D  280 4984
 5 26 D  281 4627
 5 27 D  281 4369
 5 28 D  281 4452
 5 29 D  281 4576
 5 30 D  281 4282
 5 31 D  282 4226
 5  1 Z  519 4497
 5  2 Z  520 4480
 5  3 Z  520 4455
 5  4 Z  519 4536
 5  5 Z  519 4487
 5  6 Z  519 4514
 5  7 Z  519 4497
 5  8 Z  519 4498
 5  9 Z  518 4604
 5 10 Z  519 4493
 5 11 Z  519 4530
 5 12 Z  518 4586
 5 13 Z  519 4503
 5 14 Z  518 4585
 5 15 Z  519 4503
 5 16 Z  520 4469
 5 17 Z  520 4455
 5 18 Z  520 4495
 5 19 Z  520 4468
 5 20 Z  519 4525
 5 21 Z  518 4562
 5 22 Z  519 4502
 5 23 Z  520 4492
 5 24 Z  519 4529
 5 25 Z  519 4526
 5 26 Z  518 4580
 5 27 Z  519 4528
 5 28 Z  519 4514
 5 29 Z  519 4471
 5 30 Z  519 4532
 5 31 Z  518 4539
 5  1 F  520 4530
 5  2 F  522 4412
 5  3 F  521 4487
 5  4 F  521 4471
 5  5 F  520 4523
 5  6 F  520 4544
 5  7 F  520 4531
 5  8 F  520 4530
 5  9 F  520 4538
 5 10 F  520 4527
 5 11 F  521 4464
 5 12 F  520 4520
 5 13 F  520 4536
 5 14 F  520 4519
 5 15 F  520 4538
 5 16 F  521 4503
 5 17 F  521 4487
 5 18 F  521 4530
 5 19 F  521 4501
 5 20 F  520 4558
 5 21 F  520 4497
 5 22 F  520 4535
 5 23 F  521 4524
 5 24 F  521 4463
 5 25 F  521 4459
 5 26 F  520 4514
 5 27 F  521 4461
 5 28 F  520 4547
 5 29 F  520 4506
 5 30 F  521 4466
 5 31 F  519 4575
 6  1 H   -6 4478
 6  2 H   -6 4478
 6  3 H   -6 4487
 6  4 H   -7 4555
 6  5 H   -6 4468
 6  6 H   -6 4480
 6  7 H   -7 4530
 6  8 H   -6 4474
 6  9 H   -7 4546
 6 10 H   -6 4493
 6 11 H   -6 4503
 6 12 H   -5 4424
 6 13 H   -6 4509
 6 14 H   -7 4533
 6 15 H   -6 4452
 6 16 H   -7 4540
 6 17 H   -6 4472
 6 18 H   -7 4562
 6 19 H   -6 4453
 6 20 H   -5 4429
 6 21 H   -6 4495
 6 22 H   -6 4464
 6 23 H   -7 4553
 6 24 H   -6 4439
 6 25 H   -7 4573
 6 26 H   -6 4506
 6 27 H   -6 4506
 6 28 H   -6 4498
 6 29 H   -8 4568
 6 30 H   -7 4562
 6  1 D  282 4134
 6  2 D  281 4437
 6  3 D  281 4420
 6  4 D  281 4294
 6  5 D  280 4756
 6  6 D  281 4311
 6  7 D  281 4130
 6  8 D  281 4426
 6  9 D  280 5086
 6 10 D  281 4686
 6 11 D  281 4827
 6 12 D  281 4705
 6 13 D  281 4733
 6 14 D  281 4155
 6 15 D  280 4802
 6 16 D  281 4153
 6 17 D  281 4367
 6 18 D  281 4445
 6 19 D  282 4112
 6 20 D  282 4298
 6 21 D  282 4084
 6 22 D  281 4595
 6 23 D  281 4440
 6 24 D  281 4540
 6 25 D  281 4473
 6 26 D  281 4851
 6 27 D  281 4692
 6 28 D  282 4337
 6 29 D  281 4425
 6 30 D  282 4143
 6  1 Z  518 4567
 6  2 Z  519 4511
 6  3 Z  519 4488
 6  4 Z  519 4545
 6  5 Z  520 4446
 6  6 Z  520 4473
 6  7 Z  520 4489
 6  8 Z  520 4466
 6  9 Z  520 4434
 6 10 Z  518 4545
 6 11 Z  518 4537
 6 12 Z  518 4568
 6 13 Z  518 4500
 6 14 Z  520 4506
 6 15 Z  520 4476
 6 16 Z  520 4502
 6 17 Z  520 4468
 6 18 Z  520 4477
 6 19 Z  518 4572
 6 20 Z  518 4569
 6 21 Z  518 4575
 6 22 Z  519 4489
 6 23 Z  519 4510
 6 24 Z  518 4579
 6 25 Z  521 4449
 6 26 Z  517 4575
 6 27 Z  518 4500
 6 28 Z  518 4544
 6 29 Z  521 4418
 6 30 Z  519 4550
 6  1 F  520 4500
 6  2 F  520 4545
 6  3 F  520 4522
 6  4 F  520 4577
 6  5 F  521 4479
 6  6 F  521 4507
 6  7 F  521 4519
 6  8 F  521 4499
 6  9 F  521 4465
 6 10 F  519 4579
 6 11 F  519 4572
 6 12 F  520 4505
 6 13 F  519 4535
 6 14 F  522 4436
 6 15 F  521 4507
 6 16 F  522 4432
 6 17 F  521 4501
 6 18 F  521 4509
 6 19 F  519 4603
 6 20 F  520 4506
 6 21 F  520 4510
 6 22 F  520 4521
 6 23 F  520 4542
 6 24 F  519 4610
 6 25 F  522 4481
 6 26 F  518 4611
 6 27 F  519 4535
 6 28 F  520 4479
 6 29 F  522 4444
 6 30 F  520 4582
 7  1 H   -7 4577
 7  2 H   -6 4464
 7  3 H   -7 4548
 7  4 H   -6 4494
 7  5 H   -6 4506
 7  6 H   -6 4475
 7  7 H   -7 4550
 7  8 H   -7 4541
 7  9 H   -7 4540
 7 10 H   -6 4492
 7 11 H   -7 4555
 7 12 H   -7 4515
 7 13 H   -6 4446
 7 14 H   -6 4473
 7 15 H   -6 4477
 7 16 H   -6 4500
 7 17 H   -6 4487
 7 18 H   -6 4496
 7 19 H   -6 4509
 7 20 H   -6 4498
 7 21 H   -7 4566
 7 22 H   -7 4570
 7 23 H   -6 4524
 7 24 H   -6 4488
 7 25 H   -7 4537
 7 26 H   -8 4614
 7 27 H   -6 4445
 7 28 H   -7 4546
 7 29 H   -7 4567
 7 30 H   -6 4476
 7 31 H   -7 4558
 7  1 D  280 4805
 7  2 D  281 4377
 7  3 D  281 4253
 7  4 D  281 4434
 7  5 D  281 4455
 7  6 D  281 4543
 7  7 D  281 4289
 7  8 D  281 4259
 7  9 D  280 4698
 7 10 D  281 4601
 7 11 D  281 4544
 7 12 D  281 4078
 7 13 D  280 4685
 7 14 D  280 4610
 7 15 D  280 5076
 7 16 D  282 4238
 7 17 D  281 4660
 7 18 D  282 4162
 7 19 D  281 4744
 7 20 D  281 4611
 7 21 D  282 4206
 7 22 D  281 4350
 7 23 D  281 4630
 7 24 D  281 4364
 7 25 D  281 4407
 7 26 D  280 5004
 7 27 D  281 4298
 7 28 D  280 4806
 7 29 D  280 4716
 7 30 D  281 4371
 7 31 D  281 4334
 7  1 Z  518 4548
 7  2 Z  519 4538
 7  3 Z  519 4530
 7  4 Z  519 4528
 7  5 Z  518 4601
 7  6 Z  518 4589
 7  7 Z  520 4466
 7  8 Z  520 4495
 7  9 Z  520 4496
 7 10 Z  518 4541
 7 11 Z  520 4499
 7 12 Z  520 4503
 7 13 Z  520 4511
 7 14 Z  519 4553
 7 15 Z  520 4432
 7 16 Z  518 4532
 7 17 Z  518 4572
 7 18 Z  518 4532
 7 19 Z  518 4568
 7 20 Z  518 4528
 7 21 Z  519 4505
 7 22 Z  520 4488
 7 23 Z  518 4585
 7 24 Z  519 4470
 7 25 Z  520 4452
 7 26 Z  521 4409
 7 27 Z  520 4524
 7 28 Z  519 4557
 7 29 Z  520 4468
 7 30 Z  520 4447
 7 31 Z  520 4488
 7  1 F  519 4582
 7  2 F  521 4470
 7  3 F  520 4561
 7  4 F  521 4462
 7  5 F  520 4536
 7  6 F  520 4522
 7  7 F  521 4497
 7  8 F  521 4526
 7  9 F  521 4527
 7 10 F  519 4575
 7 11 F  521 4530
 7 12 F  522 4432
 7 13 F  522 4441
 7 14 F  521 4486
 7 15 F  521 4465
 7 16 F  519 4567
 7 17 F  520 4505
 7 18 F  519 4566
 7 19 F  519 4603
 7 20 F  519 4562
 7 21 F  520 4537
 7 22 F  521 4521
 7 23 F  520 4522
 7 24 F  520 4504
 7 25 F  521 4482
 7 26 F  522 4438
 7 27 F  522 4454
 7 28 F  521 4488
 7 29 F  521 4500
 7 30 F  521 4479
 7 31 F  521 4519
 8  1 H   -6 4464
 8  2 H   -7 4524
 8  3 H   -7 4546
 8  4 H   -6 4467
 8  5 H   -7 4527
 8  6 H   -6 4460
 8  7 H   -6 4453
 8  8 H   -7 4537
 8  9 H   -7 4513
 8 10 H   -7 4566
 8 11 H   -7 4564
 8 12 H   -7 4568
 8 13 H   -6 4492
 8 14 H   -6 4467
 8 15 H   -7 4564
 8 16 H   -6 4487
 8 17 H   -6 4501
 8 18 H   -6 4471
 8 19 H   -6 4468
 8 20 H   -7 4537
 8 21 H   -6 4455
 8 22 H   -6 4484
 8 23 H   -6 4456
 8 24 H   -7 4555
 8 25 H   -8 4577
 8 26 H   -6 4488
 8 27 H   -6 4482
 8 28 H   -6 4472
 8 29 H   -6 4460
 8 30 H   -6 4481
 8 31 H   -7 4527
 8  1 D  281 4185
 8  2 D  280 4737
 8  3 D  281 4011
 8  4 D  281 4277
 8  5 D  281 4512
 8  6 D  280 4806
 8  7 D  280 4636
 8  8 D  280 4757
 8  9 D  280 4719
 8 10 D  280 4738
 8 11 D  282 4180
 8 12 D  281 4722
 8 13 D  281 4741
 8 14 D  282 4098
 8 15 D  281 4680
 8 16 D  281 4663
 8 17 D  281 4568
 8 18 D  281 4756
 8 19 D  281 4534
 8 20 D  280 5066
 8 21 D  280 4956
 8 22 D  281 4357
 8 23 D  281 4349
 8 24 D  281 4352
 8 25 D  281 4487
 8 26 D  281 4407
 8 27 D  280 5045
 8 28 D  280 4844
 8 29 D  281 4451
 8 30 D  281 4387
 8 31 D  281 4308
 8  1 Z  520 4452
 8  2 Z  520 4489
 8  3 Z  520 4538
 8  4 Z  520 4461
 8  5 Z  520 4493
 8  6 Z  520 4506
 8  7 Z  520 4505
 8  8 Z  520 4509
 8  9 Z  520 4488
 8 10 Z  520 4464
 8 11 Z  520 4501
 8 12 Z  518 4552
 8 13 Z  518 4536
 8 14 Z  518 4543
 8 15 Z  518 4568
 8 16 Z  519 4472
 8 17 Z  519 4463
 8 18 Z  519 4499
 8 19 Z  519 4508
 8 20 Z  520 4480
 8 21 Z  520 4471
 8 22 Z  520 4453
 8 23 Z  520 4470
 8 24 Z  520 4460
 8 25 Z  521 4467
 8 26 Z  518 4527
 8 27 Z  518 4578
 8 28 Z  520 4443
 8 29 Z  520 4465
 8 30 Z  520 4456
 8 31 Z  520 4450
 8  1 F  521 4484
 8  2 F  521 4518
 8  3 F  522 4469
 8  4 F  521 4493
 8  5 F  521 4523
 8  6 F  522 4438
 8  7 F  522 4436
 8  8 F  522 4439
 8  9 F  522 4417
 8 10 F  521 4496
 8 11 F  521 4533
 8 12 F  519 4585
 8 13 F  519 4570
 8 14 F  519 4575
 8 15 F  520 4500
 8 16 F  520 4506
 8 17 F  520 4498
 8 18 F  520 4531
 8 19 F  520 4540
 8 20 F  521 4511
 8 21 F  521 4503
 8 22 F  521 4486
 8 23 F  521 4501
 8 24 F  521 4491
 8 25 F  523 4393
 8 26 F  519 4561
 8 27 F  520 4512
 8 28 F  521 4475
 8 29 F  521 4497
 8 30 F  521 4489
 8 31 F  521 4479
 9  1 H   -6 4462
 9  2 H   -7 4555
 9  3 H   -6 4470
 9  4 H   -6 4463
 9  5 H   -7 4555
 9  6 H   -7 4546
 9  7 H   -6 4472
 9  8 H   -6 4475
 9  9 H   -7 4553
 9 10 H   -6 4489
 9 11 H   -6 4463
 9 12 H   -6 4477
 9 13 H   -6 4475
 9 14 H   -6 4475
 9 15 H   -6 4454
 9 16 H   -6 4483
 9 17 H   -6 4485
 9 18 H   -6 4480
 9 19 H   -6 4462
 9 20 H   -7 4560
 9 21 H   -6 4456
 9 22 H   -7 4563
 9 23 H   -6 4467
 9 24 H   -6 4462
 9 25 H   -6 4458
 9 26 H   -6 4472
 9 27 H   -6 4468
 9 28 H   -7 4562
 9 29 H   -7 4553
 9 30 H   -7 4534
 9  1 D  281 4447
 9  2 D  281 4474
 9  3 D  280 4917
 9  4 D  281 4462
 9  5 D  281 4433
 9  6 D  280 4938
 9  7 D  281 4486
 9  8 D  280 4888
 9  9 D  280 4962
 9 10 D  280 4770
 9 11 D  281 4356
 9 12 D  281 4467
 9 13 D  281 4469
 9 14 D  281 4530
 9 15 D  281 4580
 9 16 D  281 4487
 9 17 D  281 4548
 9 18 D  280 4962
 9 19 D  281 4488
 9 20 D  280 4963
 9 21 D  280 4933
 9 22 D  282 4026
 9 23 D  281 4397
 9 24 D  281 4372
 9 25 D  280 4938
 9 26 D  281 4387
 9 27 D  281 4341
 9 28 D  281 4390
 9 29 D  281 4443
 9 30 D  280 4939
 9  1 Z  520 4462
 9  2 Z  519 4545
 9  3 Z  519 4548
 9  4 Z  520 4464
 9  5 Z  520 4469
 9  6 Z  520 4467
 9  7 Z  520 4463
 9  8 Z  519 4518
 9  9 Z  520 4467
 9 10 Z  519 4519
 9 11 Z  519 4522
 9 12 Z  519 4539
 9 13 Z  519 4521
 9 14 Z  519 4527
 9 15 Z  519 4536
 9 16 Z  519 4534
 9 17 Z  519 4491
 9 18 Z  520 4472
 9 19 Z  520 4473
 9 20 Z  520 4481
 9 21 Z  520 4476
 9 22 Z  520 4486
 9 23 Z  520 4484
 9 24 Z  520 4467
 9 25 Z  520 4459
 9 26 Z  520 4459
 9 27 Z  520 4457
 9 28 Z  520 4472
 9 29 Z  520 4471
 9 30 Z  520 4468
 9  1 F  521 4494
 9  2 F  521 4476
 9  3 F  521 4480
 9  4 F  521 4496
 9  5 F  521 4501
 9  6 F  521 4498
 9  7 F  521 4496
 9  8 F  520 4551
 9  9 F  521 4498
 9 10 F  520 4553
 9 11 F  520 4554
 9 12 F  521 4472
 9 13 F  521 4454
 9 14 F  520 4560
 9 15 F  520 4567
 9 16 F  520 4567
 9 17 F  520 4525
 9 18 F  521 4505
 9 19 F  521 4505
 9 20 F  521 4513
 9 21 F  521 4508
 9 22 F  521 4518
 9 23 F  521 4516
 9 24 F  521 4499
 9 25 F  521 4490
 9 26 F  521 4492
 9 27 F  521 4490
 9 28 F  521 4504
 9 29 F  521 4502
 9 30 F  521 4498
10  1 H   -6 4455
10  2 H   -7 4563
10  3 H   -6 4466
10  4 H   -6 4474
10  5 H   -6 4473
10  6 H   -7 4536
10  7 H   -6 4473
10  8 H   -7 4558
10  9 H   -7 4566
10 10 H   -8 4628
10 11 H   -6 4476
10 12 H   -6 4468
10 13 H   -6 4477
10 14 H   -6 4467
10 15 H   -7 4560
10 16 H   -7 4546
10 17 H   -6 4474
10 18 H   -7 4531
10 19 H   -6 4457
10 20 H   -6 4481
10 21 H   -6 4476
10 22 H   -6 4471
10 23 H   -6 4462
10 24 H   -6 4473
10 25 H   -6 4472
10 26 H   -6 4464
10 27 H   -7 4554
10 28 H   -6 4467
10 29 H   -6 4473
10 30 H   -6 4467
10 31 H   -6 4463
10  1 D  280 4970
10  2 D  281 4408
10  3 D  281 4389
10  4 D  280 4889
10  5 D  281 4377
10  6 D  280 4976
10  7 D  281 4357
10  8 D  281 4332
10  9 D  280 4942
10 10 D  281 4398
10 11 D  281 4470
10 12 D  281 4578
10 13 D  281 4533
10 14 D  281 4417
10 15 D  281 4451
10 16 D  281 4448
10 17 D  280 4894
10 18 D  281 4378
10 19 D  280 4987
10 20 D  280 4794
10 21 D  281 4428
10 22 D  281 4429
10 23 D  281 4457
10 24 D  281 4420
10 25 D  281 4439
10 26 D  281 4400
10 27 D  280 4954
10 28 D  281 4456
10 29 D  281 4441
10 30 D  281 4404
10 31 D  281 4469
10  1 Z  520 4458
10  2 Z  520 4464
10  3 Z  520 4451
10  4 Z  519 4542
10  5 Z  519 4519
10  6 Z  520 4479
10  7 Z  519 4548
10  8 Z  519 4538
10  9 Z  519 4530
10 10 Z  520 4473
10 11 Z  519 4551
10 12 Z  519 4540
10 13 Z  519 4527
10 14 Z  520 4456
10 15 Z  519 4549
10 16 Z  520 4474
10 17 Z  520 4472
10 18 Z  520 4470
10 19 Z  520 4470
10 20 Z  520 4455
10 21 Z  520 4462
10 22 Z  520 4458
10 23 Z  520 4456
10 24 Z  520 4457
10 25 Z  520 4453
10 26 Z  520 4452
10 27 Z  520 4448
10 28 Z  520 4452
10 29 Z  520 4448
10 30 Z  520 4446
10 31 Z  520 4456
10  1 F  521 4490
10  2 F  521 4496
10  3 F  521 4483
10  4 F  521 4475
10  5 F  520 4552
10  6 F  522 4409
10  7 F  521 4481
10  8 F  521 4470
10  9 F  521 4463
10 10 F  521 4503
10 11 F  521 4484
10 12 F  521 4472
10 13 F  520 4560
10 14 F  521 4488
10 15 F  521 4481
10 16 F  521 4505
10 17 F  521 4504
10 18 F  521 4500
10 19 F  521 4502
10 20 F  521 4488
10 21 F  521 4494
10 22 F  521 4491
10 23 F  521 4488
10 24 F  521 4489
10 25 F  521 4486
10 26 F  521 4484
10 27 F  521 4480
10 28 F  521 4484
10 29 F  521 4480
10 30 F  521 4478
10 31 F  521 4488
11  1 H   -7 4563
11  2 H   -6 4450
11  3 H   -7 4554
11  4 H   -7 4557
11  5 H   -7 4561
11  6 H   -6 4467
11  7 H   -7 4563
11  8 H   -7 4556
11  9 H   -7 4551
11 10 H   -7 4562
11 11 H   -7 4547
11 12 H   -6 4470
11 13 H   -6 4467
11 14 H   -6 4463
11 15 H   -6 4472
11 16 H   -6 4452
11 17 H   -6 4471
11 18 H   -7 4548
11 19 H   -6 4469
11 20 H   -6 4471
11 21 H   -6 4475
11 22 H   -6 4472
11 23 H   -6 4473
11 24 H   -6 4472
11 25 H   -6 4469
11 26 H   -7 4555
11 27 H   -6 4465
11 28 H   -6 4470
11 29 H   -6 4468
11 30 H   -7 4539
11  1 D  280 4893
11  2 D  280 4858
11  3 D  280 5031
11  4 D  280 4983
11  5 D  281 4500
11  6 D  281 4415
11  7 D  280 4892
11  8 D  280 4861
11  9 D  281 4467
11 10 D  281 4590
11 11 D  280 4734
11 12 D  281 4374
11 13 D  281 4395
11 14 D  281 4427
11 15 D  281 4437
11 16 D  281 4409
11 17 D  281 4504
11 18 D  281 4416
11 19 D  281 4459
11 20 D  281 4438
11 21 D  281 4466
11 22 D  281 4504
11 23 D  281 4464
11 24 D  281 4476
11 25 D  281 4374
11 26 D  281 4452
11 27 D  281 4430
11 28 D  281 4387
11 29 D  281 4484
11 30 D  281 4532
11  1 Z  519 4538
11  2 Z  520 4458
11  3 Z  520 4470
11  4 Z  520 4454
11  5 Z  520 4455
11  6 Z  520 4448
11  7 Z  520 4451
11  8 Z  520 4458
11  9 Z  519 4554
11 10 Z  520 4461
11 11 Z  520 4477
11 12 Z  519 4550
11 13 Z  520 4454
11 14 Z  520 4454
11 15 Z  520 4457
11 16 Z  520 4473
11 17 Z  520 4466
11 18 Z  520 4464
11 19 Z  520 4455
11 20 Z  520 4447
11 21 Z  520 4451
11 22 Z  519 4549
11 23 Z  519 4546
11 24 Z  519 4547
11 25 Z  520 4450
11 26 Z  520 4456
11 27 Z  520 4454
11 28 Z  519 4545
11 29 Z  519 4545
11 30 Z  520 4465
11  1 F  521 4470
11  2 F  521 4489
11  3 F  521 4502
11  4 F  521 4486
11  5 F  521 4486
11  6 F  521 4481
11  7 F  521 4483
11  8 F  521 4490
11  9 F  521 4485
11 10 F  521 4493
11 11 F  521 4508
11 12 F  521 4483
11 13 F  521 4486
11 14 F  521 4486
11 15 F  521 4490
11 16 F  521 4505
11 17 F  521 4498
11 18 F  521 4495
11 19 F  521 4487
11 20 F  521 4480
11 21 F  521 4484
11 22 F  521 4481
11 23 F  521 4479
11 24 F  521 4480
11 25 F  521 4482
11 26 F  521 4488
11 27 F  521 4486
11 28 F  521 4477
11 29 F  521 4477
11 30 F  521 4496
12  1 H   -7 4561
12  2 H   -7 4551
12  3 H   -6 4462
12  4 H   -6 4471
12  5 H   -6 4472
12  6 H   -6 4475
12  7 H   -6 4470
12  8 H   -6 4472
12  9 H   -6 4473
12 10 H   -7 4551
12 11 H   -7 4557
12 12 H   -6 4479
12 13 H   -7 4563
12 14 H   -6 4456
12 15 H   -6 4478
12 16 H   -7 4533
12 17 H   -7 4553
12 18 H   -6 4438
12 19 H   -6 4472
12 20 H   -6 4474
12 21 H   -6 4469
12 22 H   -6 4480
12 23 H   -6 4479
12 24 H   -6 4470
12 25 H   -7 4545
12 26 H   -7 4546
12 27 H   -7 4560
12 28 H   -7 4555
12 29 H   -6 4466
12 30 H   -7 4558
12 31 H   -7 4552
12  1 D  281 4541
12  2 D  281 4397
12  3 D  280 5029
12  4 D  281 4528
12  5 D  281 4422
12  6 D  281 4458
12  7 D  281 4451
12  8 D  281 4420
12  9 D  281 4384
12 10 D  281 4467
12 11 D  281 4367
12 12 D  281 4447
12 13 D  280 4880
12 14 D  280 4903
12 15 D  281 4527
12 16 D  280 4846
12 17 D  280 5028
12 18 D  280 4962
12 19 D  281 4379
12 20 D  281 4452
12 21 D  282 4004
12 22 D  280 4978
12 23 D  281 4542
12 24 D  281 4483
12 25 D  281 4505
12 26 D  281 4487
12 27 D  282 3961
12 28 D  280 5013
12 29 D  281 4484
12 30 D  281 4420
12 31 D  281 4448
12  1 Z  520 4468
12  2 Z  520 4462
12  3 Z  520 4464
12  4 Z  520 4463
12  5 Z  519 4544
12  6 Z  519 4547
12  7 Z  519 4543
12  8 Z  519 4543
12  9 Z  519 4539
12 10 Z  519 4547
12 11 Z  519 4545
12 12 Z  520 4459
12 13 Z  520 4456
12 14 Z  520 4467
12 15 Z  520 4464
12 16 Z  520 4469
12 17 Z  520 4480
12 18 Z  520 4488
12 19 Z  520 4478
12 20 Z  520 4461
12 21 Z  520 4465
12 22 Z  520 4459
12 23 Z  520 4452
12 24 Z  519 4542
12 25 Z  520 4460
12 26 Z  520 4467
12 27 Z  520 4475
12 28 Z  520 4464
12 29 Z  520 4480
12 30 Z  520 4461
12 31 Z  520 4468
12  1 F  521 4499
12  2 F  521 4493
12  3 F  521 4495
12  4 F  521 4496
12  5 F  521 4477
12  6 F  521 4480
12  7 F  521 4476
12  8 F  521 4476
12  9 F  521 4472
12 10 F  521 4478
12 11 F  521 4477
12 12 F  521 4492
12 13 F  521 4488
12 14 F  521 4498
12 15 F  521 4497
12 16 F  521 4499
12 17 F  521 4511
12 18 F  521 4518
12 19 F  521 4511
12 20 F  521 4493
12 21 F  521 4497
12 22 F  521 4492
12 23 F  521 4485
12 24 F  521 4475
12 25 F  521 4491
12 26 F  521 4498
12 27 F  521 4507
12 28 F  521 4496
12 29 F  521 4512
12 30 F  521 4493
12 31 F  521 4499
