 1  1 X    0  844
 1  2 X    0  841
 1  3 X    0  844
 1  4 X    0  834
 1  5 X    0  847
 1  6 X    0  853
 1  7 X    0  848
 1  8 X    0  830
 1  9 X    0  851
 1 10 X    0  836
 1 11 X    0  855
 1 12 X    0  844
 1 13 X    0  843
 1 14 X    0  843
 1 15 X    0  845
 1 16 X    0  848
 1 17 X    0  840
 1 18 X    0  844
 1 19 X    0  846
 1 20 X    0  849
 1 21 X    0  852
 1 22 X    0  847
 1 23 X    0  853
 1 24 X    0  843
 1 25 X    0  826
 1 26 X    0  834
 1 27 X    0  840
 1 28 X    0  841
 1 29 X    0  839
 1 30 X    0  839
 1 31 X    0  850
 1  1 Y  -50 1164
 1  2 Y  -50 1168
 1  3 Y  -50 1170
 1  4 Y  -50 1161
 1  5 Y  -50 1152
 1  6 Y  -50 1160
 1  7 Y  -50 1160
 1  8 Y  -50 1170
 1  9 Y  -50 1159
 1 10 Y  -50 1172
 1 11 Y  -50 1160
 1 12 Y  -50 1170
 1 13 Y  -50 1161
 1 14 Y  -50 1161
 1 15 Y  -50 1171
 1 16 Y  -50 1168
 1 17 Y  -50 1156
 1 18 Y  -50 1180
 1 19 Y  -50 1157
 1 20 Y  -50 1164
 1 21 Y  -50 1176
 1 22 Y  -50 1158
 1 23 Y  -50 1161
 1 24 Y  -50 1155
 1 25 Y  -50 1177
 1 26 Y  -50 1160
 1 27 Y  -50 1153
 1 28 Y  -50 1146
 1 29 Y  -50 1176
 1 30 Y  -50 1159
 1 31 Y  -50 1167
 1  1 Z  550 1613
 1  2 Z  550 1596
 1  3 Z  550 1592
 1  4 Z  550 1594
 1  5 Z  550 1602
 1  6 Z  550 1601
 1  7 Z  550 1588
 1  8 Z  550 1589
 1  9 Z  550 1587
 1 10 Z  550 1592
 1 11 Z  550 1593
 1 12 Z  550 1591
 1 13 Z  550 1587
 1 14 Z  550 1581
 1 15 Z  550 1588
 1 16 Z  550 1597
 1 17 Z  550 1592
 1 18 Z  550 1605
 1 19 Z  550 1597
 1 20 Z  550 1599
 1 21 Z  550 1611
 1 22 Z  550 1590
 1 23 Z  550 1590
 1 24 Z  550 1584
 1 25 Z  550 1623
 1 26 Z  550 1643
 1 27 Z  550 1656
 1 28 Z  550 1621
 1 29 Z  550 1620
 1 30 Z  550 1615
 1 31 Z  550 1616
 2  1 X    0  840
 2  2 X    0  846
 2  3 X    0  858
 2  4 X    0  854
 2  5 X    0  842
 2  6 X    0  843
 2  7 X    0  853
 2  8 X    0  846
 2  9 X    0  852
 2 10 X    0  837
 2 11 X    0  826
 2 12 X    0  856
 2 13 X    0  840
 2 14 X    0  853
 2 15 X    0  854
 2 16 X    0  839
 2 17 X    0  861
 2 18 X    0  853
 2 19 X    0  852
 2 20 X    0  837
 2 21 X    0  859
 2 22 X    0  845
 2 23 X    0  830
 2 24 X    0  841
 2 25 X    0  846
 2 26 X    0  842
 2 27 X    0  851
 2 28 X    0  848
 2  1 Y  -50 1161
 2  2 Y  -50 1163
 2  3 Y  -50 1163
 2  4 Y  -50 1159
 2  5 Y  -50 1163
 2  6 Y  -50 1160
 2  7 Y  -50 1163
 2  8 Y  -50 1174
 2  9 Y  -50 1155
 2 10 Y  -50 1156
 2 11 Y  -50 1161
 2 12 Y  -50 1180
 2 13 Y  -50 1175
 2 14 Y  -50 1165
 2 15 Y  -50 1161
 2 16 Y  -50 1159
 2 17 Y  -50 1175
 2 18 Y  -50 1161
 2 19 Y  -50 1167
 2 20 Y  -50 1170
 2 21 Y  -50 1183
 2 22 Y  -50 1165
 2 23 Y  -50 1158
 2 24 Y  -50 1160
 2 25 Y  -50 1170
 2 26 Y  -50 1169
 2 27 Y  -50 1156
 2 28 Y  -50 1171
 2  1 Z  550 1613
 2  2 Z  550 1608
 2  3 Z  550 1603
 2  4 Z  550 1602
 2  5 Z  550 1600
 2  6 Z  550 1602
 2  7 Z  550 1605
 2  8 Z  550 1601
 2  9 Z  550 1595
 2 10 Z  550 1596
 2 11 Z  550 1608
 2 12 Z  550 1626
 2 13 Z  550 1610
 2 14 Z  550 1608
 2 15 Z  550 1594
 2 16 Z  550 1590
 2 17 Z  550 1605
 2 18 Z  550 1592
 2 19 Z  550 1586
 2 20 Z  550 1589
 2 21 Z  550 1618
 2 22 Z  550 1622
 2 23 Z  550 1642
 2 24 Z  550 1627
 2 25 Z  550 1637
 2 26 Z  550 1632
 2 27 Z  550 1639
 2 28 Z  550 1628
 3  1 X    0  854
 3  2 X    0  857
 3  3 X    0  860
 3  4 X    0  866
 3  5 X    0  838
 3  6 X    0  851
 3  7 X    0  842
 3  8 X    0  848
 3  9 X    0  836
 3 10 X    0  852
 3 11 X    0  848
 3 12 X    0  860
 3 13 X    0  869
 3 14 X    0  843
 3 15 X    0  855
 3 16 X    0  829
 3 17 X    0  868
 3 18 X    0  857
 3 19 X    0  854
 3 20 X    0  824
 3 21 X    0  840
 3 22 X    0  871
 3 23 X    0  859
 3 24 X    0  855
 3 25 X    0  846
 3 26 X    0  859
 3 27 X    0  874
 3 28 X    0  854
 3 29 X    0  844
 3 30 X    0  848
 3 31 X    0  860
 3  1 Y  -50 1151
 3  2 Y  -50 1162
 3  3 Y  -50 1173
 3  4 Y  -50 1163
 3  5 Y  -50 1157
 3  6 Y  -50 1172
 3  7 Y  -50 1170
 3  8 Y  -50 1178
 3  9 Y  -50 1153
 3 10 Y  -50 1176
 3 11 Y  -50 1174
 3 12 Y  -50 1163
 3 13 Y  -50 1167
 3 14 Y  -50 1178
 3 15 Y  -50 1161
 3 16 Y  -50 1187
 3 17 Y  -50 1154
 3 18 Y  -50 1153
 3 19 Y  -50 1156
 3 20 Y  -50 1166
 3 21 Y  -50 1160
 3 22 Y  -50 1178
 3 23 Y  -50 1171
 3 24 Y  -50 1159
 3 25 Y  -50 1157
 3 26 Y  -50 1170
 3 27 Y  -50 1180
 3 28 Y  -50 1180
 3 29 Y  -50 1175
 3 30 Y  -50 1168
 3 31 Y  -50 1168
 3  1 Z  550 1623
 3  2 Z  550 1635
 3  3 Z  550 1623
 3  4 Z  550 1618
 3  5 Z  550 1607
 3  6 Z  550 1616
 3  7 Z  550 1600
 3  8 Z  550 1609
 3  9 Z  550 1600
 3 10 Z  550 1598
 3 11 Z  550 1600
 3 12 Z  550 1593
 3 13 Z  550 1600
 3 14 Z  550 1581
 3 15 Z  550 1599
 3 16 Z  550 1602
 3 17 Z  550 1613
 3 18 Z  550 1591
 3 19 Z  550 1589
 3 20 Z  550 1597
 3 21 Z  550 1652
 3 22 Z  550 1661
 3 23 Z  550 1656
 3 24 Z  550 1644
 3 25 Z  550 1645
 3 26 Z  550 1640
 3 27 Z  550 1638
 3 28 Z  550 1638
 3 29 Z  550 1637
 3 30 Z  550 1632
 3 31 Z  550 1642
 4  1 X    0  877
 4  2 X    0  844
 4  3 X    0  837
 4  4 X    0  882
 4  5 X    0  865
 4  6 X    0  858
 4  7 X    0  871
 4  8 X    0  850
 4  9 X    0  838
 4 10 X    0  865
 4 11 X    0  874
 4 12 X    0  864
 4 13 X    0  864
 4 14 X    0  862
 4 15 X    0  855
 4 16 X    0  850
 4 17 X    0  857
 4 18 X    0  881
 4 19 X    0  853
 4 20 X    0  848
 4 21 X    0  866
 4 22 X    0  865
 4 23 X    0  859
 4 24 X    0  842
 4 25 X    0  861
 4 26 X    0  847
 4 27 X    0  872
 4 28 X    0  856
 4 29 X    0  856
 4 30 X    0  882
 4  1 Y  -50 1181
 4  2 Y  -50 1154
 4  3 Y  -50 1174
 4  4 Y  -50 1175
 4  5 Y  -50 1178
 4  6 Y  -50 1157
 4  7 Y  -50 1160
 4  8 Y  -50 1171
 4  9 Y  -50 1169
 4 10 Y  -50 1168
 4 11 Y  -50 1154
 4 12 Y  -50 1147
 4 13 Y  -50 1168
 4 14 Y  -50 1157
 4 15 Y  -50 1153
 4 16 Y  -50 1165
 4 17 Y  -50 1167
 4 18 Y  -50 1158
 4 19 Y  -50 1190
 4 20 Y  -50 1173
 4 21 Y  -50 1174
 4 22 Y  -50 1187
 4 23 Y  -50 1174
 4 24 Y  -50 1156
 4 25 Y  -50 1169
 4 26 Y  -50 1156
 4 27 Y  -50 1160
 4 28 Y  -50 1180
 4 29 Y  -50 1172
 4 30 Y  -50 1174
 4  1 Z  550 1630
 4  2 Z  550 1611
 4  3 Z  550 1630
 4  4 Z  550 1609
 4  5 Z  550 1582
 4  6 Z  550 1608
 4  7 Z  550 1585
 4  8 Z  550 1575
 4  9 Z  550 1577
 4 10 Z  550 1582
 4 11 Z  550 1603
 4 12 Z  550 1545
 4 13 Z  550 1577
 4 14 Z  550 1581
 4 15 Z  550 1562
 4 16 Z  550 1598
 4 17 Z  550 1594
 4 18 Z  550 1620
 4 19 Z  550 1650
 4 20 Z  550 1640
 4 21 Z  550 1639
 4 22 Z  550 1636
 4 23 Z  550 1646
 4 24 Z  550 1633
 4 25 Z  550 1637
 4 26 Z  550 1612
 4 27 Z  550 1607
 4 28 Z  550 1618
 4 29 Z  550 1601
 4 30 Z  550 1614
 5  1 X    0  843
 5  2 X    0  874
 5  3 X    0  921
 5  4 X    0  867
 5  5 X    0  881
 5  6 X    0  894
 5  7 X    0  901
 5  8 X    0  868
 5  9 X    0  896
 5 10 X    0  887
 5 11 X    0  882
 5 12 X    0  880
 5 13 X    0  855
 5 14 X    0  830
 5 15 X    0  871
 5 16 X    0  868
 5 17 X    0  879
 5 18 X    0  866
 5 19 X    0  870
 5 20 X    0  854
 5 21 X    0  863
 5 22 X    0  862
 5 23 X    0  839
 5 24 X    0  851
 5 25 X    0  870
 5 26 X    0  870
 5 27 X    0  856
 5 28 X    0  867
 5 29 X    0  862
 5 30 X    0  868
 5 31 X    0  852
 5  1 Y  -50 1166
 5  2 Y  -50 1190
 5  3 Y  -50 1151
 5  4 Y  -50 1166
 5  5 Y  -50 1190
 5  6 Y  -50 1153
 5  7 Y  -50 1218
 5  8 Y  -50 1149
 5  9 Y  -50 1134
 5 10 Y  -50 1163
 5 11 Y  -50 1142
 5 12 Y  -50 1146
 5 13 Y  -50 1170
 5 14 Y  -50 1176
 5 15 Y  -50 1198
 5 16 Y  -50 1174
 5 17 Y  -50 1172
 5 18 Y  -50 1173
 5 19 Y  -50 1194
 5 20 Y  -50 1182
 5 21 Y  -50 1170
 5 22 Y  -50 1168
 5 23 Y  -50 1191
 5 24 Y  -50 1183
 5 25 Y  -50 1168
 5 26 Y  -50 1187
 5 27 Y  -50 1160
 5 28 Y  -50 1174
 5 29 Y  -50 1173
 5 30 Y  -50 1170
 5 31 Y  -50 1165
 5  1 Z  550 1612
 5  2 Z  550 1621
 5  3 Z  550 1506
 5  4 Z  550 1526
 5  5 Z  550 1626
 5  6 Z  550 1541
 5  7 Z  550 1606
 5  8 Z  550 1567
 5  9 Z  550 1563
 5 10 Z  550 1515
 5 11 Z  550 1547
 5 12 Z  550 1523
 5 13 Z  550 1594
 5 14 Z  550 1644
 5 15 Z  550 1623
 5 16 Z  550 1653
 5 17 Z  550 1651
 5 18 Z  550 1634
 5 19 Z  550 1651
 5 20 Z  550 1636
 5 21 Z  550 1633
 5 22 Z  550 1640
 5 23 Z  550 1620
 5 24 Z  550 1655
 5 25 Z  550 1633
 5 26 Z  550 1651
 5 27 Z  550 1603
 5 28 Z  550 1646
 5 29 Z  550 1645
 5 30 Z  550 1519
 5 31 Z  550 1524
 6  1 X    0  889
 6  2 X    0  894
 6  3 X    0  913
 6  4 X    0  879
 6  5 X    0  899
 6  6 X    0  903
 6  7 X    0  883
 6  8 X    0  893
 6  9 X    0  845
 6 10 X    0  868
 6 11 X    0  836
 6 12 X    0  870
 6 13 X    0  862
 6 14 X    0  860
 6 15 X    0  878
 6 16 X    0  867
 6 17 X    0  877
 6 18 X    0  876
 6 19 X    0  862
 6 20 X    0  860
 6 21 X    0  862
 6 22 X    0  869
 6 23 X    0  867
 6 24 X    0  869
 6 25 X    0  851
 6 26 X    0  910
 6 27 X    0  895
 6 28 X    0  887
 6 29 X    0  888
 6 30 X    0  907
 6  1 Y  -50 1167
 6  2 Y  -50 1171
 6  3 Y  -50 1151
 6  4 Y  -50 1146
 6  5 Y  -50 1151
 6  6 Y  -50 1136
 6  7 Y  -50 1151
 6  8 Y  -50 1178
 6  9 Y  -50 1203
 6 10 Y  -50 1174
 6 11 Y  -50 1187
 6 12 Y  -50 1177
 6 13 Y  -50 1154
 6 14 Y  -50 1178
 6 15 Y  -50 1171
 6 16 Y  -50 1164
 6 17 Y  -50 1187
 6 18 Y  -50 1169
 6 19 Y  -50 1209
 6 20 Y  -50 1166
 6 21 Y  -50 1168
 6 22 Y  -50 1183
 6 23 Y  -50 1178
 6 24 Y  -50 1174
 6 25 Y  -50 1166
 6 26 Y  -50 1189
 6 27 Y  -50 1152
 6 28 Y  -50 1164
 6 29 Y  -50 1186
 6 30 Y  -50 1172
 6  1 Z  550 1524
 6  2 Z  550 1557
 6  3 Z  550 1552
 6  4 Z  550 1512
 6  5 Z  550 1540
 6  6 Z  550 1562
 6  7 Z  550 1515
 6  8 Z  550 1542
 6  9 Z  550 1641
 6 10 Z  550 1680
 6 11 Z  550 1620
 6 12 Z  550 1690
 6 13 Z  550 1634
 6 14 Z  550 1639
 6 15 Z  550 1659
 6 16 Z  550 1644
 6 17 Z  550 1650
 6 18 Z  550 1617
 6 19 Z  550 1647
 6 20 Z  550 1630
 6 21 Z  550 1610
 6 22 Z  550 1637
 6 23 Z  550 1599
 6 24 Z  550 1621
 6 25 Z  550 1610
 6 26 Z  550 1461
 6 27 Z  550 1558
 6 28 Z  550 1551
 6 29 Z  550 1542
 6 30 Z  550 1528
 7  1 X    0  885
 7  2 X    0  907
 7  3 X    0  902
 7  4 X    0  872
 7  5 X    0  870
 7  6 X    0  924
 7  7 X    0  924
 7  8 X    0  859
 7  9 X    0  850
 7 10 X    0  861
 7 11 X    0  863
 7 12 X    0  856
 7 13 X    0  868
 7 14 X    0  868
 7 15 X    0  873
 7 16 X    0  863
 7 17 X    0  878
 7 18 X    0  868
 7 19 X    0  858
 7 20 X    0  846
 7 21 X    0  855
 7 22 X    0  864
 7 23 X    0  893
 7 24 X    0  882
 7 25 X    0  887
 7 26 X    0  863
 7 27 X    0  887
 7 28 X    0  901
 7 29 X    0  892
 7 30 X    0  895
 7 31 X    0  886
 7  1 Y  -50 1148
 7  2 Y  -50 1161
 7  3 Y  -50 1161
 7  4 Y  -50 1129
 7  5 Y  -50 1168
 7  6 Y  -50 1173
 7  7 Y  -50 1114
 7  8 Y  -50 1209
 7  9 Y  -50 1169
 7 10 Y  -50 1184
 7 11 Y  -50 1198
 7 12 Y  -50 1196
 7 13 Y  -50 1193
 7 14 Y  -50 1149
 7 15 Y  -50 1169
 7 16 Y  -50 1172
 7 17 Y  -50 1174
 7 18 Y  -50 1184
 7 19 Y  -50 1185
 7 20 Y  -50 1185
 7 21 Y  -50 1194
 7 22 Y  -50 1182
 7 23 Y  -50 1189
 7 24 Y  -50 1171
 7 25 Y  -50 1169
 7 26 Y  -50 1144
 7 27 Y  -50 1166
 7 28 Y  -50 1163
 7 29 Y  -50 1172
 7 30 Y  -50 1177
 7 31 Y  -50 1168
 7  1 Z  550 1512
 7  2 Z  550 1489
 7  3 Z  550 1492
 7  4 Z  550 1402
 7  5 Z  550 1546
 7  6 Z  550 1601
 7  7 Z  550 1685
 7  8 Z  550 1701
 7  9 Z  550 1672
 7 10 Z  550 1668
 7 11 Z  550 1678
 7 12 Z  550 1647
 7 13 Z  550 1648
 7 14 Z  550 1639
 7 15 Z  550 1637
 7 16 Z  550 1666
 7 17 Z  550 1594
 7 18 Z  550 1607
 7 19 Z  550 1628
 7 20 Z  550 1670
 7 21 Z  550 1676
 7 22 Z  550 1638
 7 23 Z  550 1529
 7 24 Z  550 1548
 7 25 Z  550 1551
 7 26 Z  550 1577
 7 27 Z  550 1578
 7 28 Z  550 1558
 7 29 Z  550 1562
 7 30 Z  550 1544
 7 31 Z  550 1554
 8  1 X    0  895
 8  2 X    0  855
 8  3 X    0  834
 8  4 X    0  856
 8  5 X    0  885
 8  6 X    0  847
 8  7 X    0  851
 8  8 X    0  866
 8  9 X    0  852
 8 10 X    0  863
 8 11 X    0  874
 8 12 X    0  863
 8 13 X    0  864
 8 14 X    0  863
 8 15 X    0  863
 8 16 X    0  878
 8 17 X    0  864
 8 18 X    0  884
 8 19 X    0  855
 8 20 X    0  884
 8 21 X    0  858
 8 22 X    0  869
 8 23 X    0  884
 8 24 X    0  877
 8 25 X    0  876
 8 26 X    0  869
 8 27 X    0  897
 8 28 X    0  872
 8 29 X    0  883
 8 30 X    0  853
 8 31 X    0  853
 8  1 Y  -50 1170
 8  2 Y  -50 1213
 8  3 Y  -50 1214
 8  4 Y  -50 1172
 8  5 Y  -50 1170
 8  6 Y  -50 1187
 8  7 Y  -50 1174
 8  8 Y  -50 1174
 8  9 Y  -50 1172
 8 10 Y  -50 1171
 8 11 Y  -50 1166
 8 12 Y  -50 1182
 8 13 Y  -50 1173
 8 14 Y  -50 1173
 8 15 Y  -50 1171
 8 16 Y  -50 1180
 8 17 Y  -50 1194
 8 18 Y  -50 1166
 8 19 Y  -50 1192
 8 20 Y  -50 1175
 8 21 Y  -50 1174
 8 22 Y  -50 1164
 8 23 Y  -50 1194
 8 24 Y  -50 1183
 8 25 Y  -50 1168
 8 26 Y  -50 1172
 8 27 Y  -50 1178
 8 28 Y  -50 1171
 8 29 Y  -50 1203
 8 30 Y  -50 1173
 8 31 Y  -50 1174
 8  1 Z  550 1560
 8  2 Z  550 1573
 8  3 Z  550 1683
 8  4 Z  550 1679
 8  5 Z  550 1662
 8  6 Z  550 1643
 8  7 Z  550 1638
 8  8 Z  550 1637
 8  9 Z  550 1662
 8 10 Z  550 1639
 8 11 Z  550 1641
 8 12 Z  550 1666
 8 13 Z  550 1637
 8 14 Z  550 1641
 8 15 Z  550 1645
 8 16 Z  550 1616
 8 17 Z  550 1643
 8 18 Z  550 1648
 8 19 Z  550 1553
 8 20 Z  550 1586
 8 21 Z  550 1596
 8 22 Z  550 1607
 8 23 Z  550 1603
 8 24 Z  550 1599
 8 25 Z  550 1574
 8 26 Z  550 1582
 8 27 Z  550 1599
 8 28 Z  550 1612
 8 29 Z  550 1636
 8 30 Z  550 1672
 8 31 Z  550 1657
 9  1 X    0  884
 9  2 X    0  852
 9  3 X    0  871
 9  4 X    0  866
 9  5 X    0  877
 9  6 X    0  859
 9  7 X    0  863
 9  8 X    0  873
 9  9 X    0  863
 9 10 X    0  866
 9 11 X    0  865
 9 12 X    0  852
 9 13 X    0  876
 9 14 X    0  845
 9 15 X    0  808
 9 16 X    0  931
 9 17 X    0  891
 9 18 X    0  872
 9 19 X    0  847
 9 20 X    0  870
 9 21 X    0  823
 9 22 X    0  881
 9 23 X    0  873
 9 24 X    0  875
 9 25 X    0  826
 9 26 X    0  891
 9 27 X    0  868
 9 28 X    0  862
 9 29 X    0  866
 9 30 X    0  858
 9  1 Y  -50 1171
 9  2 Y  -50 1165
 9  3 Y  -50 1188
 9  4 Y  -50 1168
 9  5 Y  -50 1177
 9  6 Y  -50 1174
 9  7 Y  -50 1174
 9  8 Y  -50 1177
 9  9 Y  -50 1168
 9 10 Y  -50 1175
 9 11 Y  -50 1171
 9 12 Y  -50 1168
 9 13 Y  -50 1149
 9 14 Y  -50 1176
 9 15 Y  -50 1211
 9 16 Y  -50 1161
 9 17 Y  -50 1170
 9 18 Y  -50 1165
 9 19 Y  -50 1175
 9 20 Y  -50 1196
 9 21 Y  -50 1190
 9 22 Y  -50 1169
 9 23 Y  -50 1164
 9 24 Y  -50 1186
 9 25 Y  -50 1147
 9 26 Y  -50 1201
 9 27 Y  -50 1213
 9 28 Y  -50 1180
 9 29 Y  -50 1176
 9 30 Y  -50 1165
 9  1 Z  550 1643
 9  2 Z  550 1651
 9  3 Z  550 1660
 9  4 Z  550 1642
 9  5 Z  550 1645
 9  6 Z  550 1654
 9  7 Z  550 1614
 9  8 Z  550 1629
 9  9 Z  550 1623
 9 10 Z  550 1631
 9 11 Z  550 1616
 9 12 Z  550 1606
 9 13 Z  550 1552
 9 14 Z  550 1608
 9 15 Z  550 1615
 9 16 Z  550 1693
 9 17 Z  550 1586
 9 18 Z  550 1512
 9 19 Z  550 1613
 9 20 Z  550 1604
 9 21 Z  550 1591
 9 22 Z  550 1633
 9 23 Z  550 1615
 9 24 Z  550 1637
 9 25 Z  550 1639
 9 26 Z  550 1674
 9 27 Z  550 1663
 9 28 Z  550 1665
 9 29 Z  550 1654
 9 30 Z  550 1661
10  1 X    0  856
10  2 X    0  844
10  3 X    0  867
10  4 X    0  865
10  5 X    0  866
10  6 X    0  871
10  7 X    0  869
10  8 X    0  850
10  9 X    0  872
10 10 X    0  872
10 11 X    0  867
10 12 X    0  859
10 13 X    0  870
10 14 X    0  826
10 15 X    0  889
10 16 X    0  854
10 17 X    0  856
10 18 X    0  861
10 19 X    0  855
10 20 X    0  864
10 21 X    0  866
10 22 X    0  867
10 23 X    0  869
10 24 X    0  896
10 25 X    0  868
10 26 X    0  863
10 27 X    0  850
10 28 X    0  858
10 29 X    0  877
10 30 X    0  866
10 31 X    0  864
10  1 Y  -50 1182
10  2 Y  -50 1178
10  3 Y  -50 1166
10  4 Y  -50 1172
10  5 Y  -50 1169
10  6 Y  -50 1167
10  7 Y  -50 1176
10  8 Y  -50 1165
10  9 Y  -50 1183
10 10 Y  -50 1159
10 11 Y  -50 1165
10 12 Y  -50 1165
10 13 Y  -50 1179
10 14 Y  -50 1160
10 15 Y  -50 1182
10 16 Y  -50 1182
10 17 Y  -50 1196
10 18 Y  -50 1171
10 19 Y  -50 1176
10 20 Y  -50 1196
10 21 Y  -50 1162
10 22 Y  -50 1186
10 23 Y  -50 1165
10 24 Y  -50 1191
10 25 Y  -50 1172
10 26 Y  -50 1178
10 27 Y  -50 1174
10 28 Y  -50 1161
10 29 Y  -50 1179
10 30 Y  -50 1174
10 31 Y  -50 1159
10  1 Z  550 1662
10  2 Z  550 1653
10  3 Z  550 1648
10  4 Z  550 1648
10  5 Z  550 1643
10  6 Z  550 1635
10  7 Z  550 1633
10  8 Z  550 1629
10  9 Z  550 1657
10 10 Z  550 1656
10 11 Z  550 1646
10 12 Z  550 1651
10 13 Z  550 1688
10 14 Z  550 1633
10 15 Z  550 1681
10 16 Z  550 1662
10 17 Z  550 1667
10 18 Z  550 1687
10 19 Z  550 1666
10 20 Z  550 1680
10 21 Z  550 1649
10 22 Z  550 1650
10 23 Z  550 1653
10 24 Z  550 1699
10 25 Z  550 1665
10 26 Z  550 1671
10 27 Z  550 1660
10 28 Z  550 1669
10 29 Z  550 1664
10 30 Z  550 1652
10 31 Z  550 1653
11  1 X    0  872
11  2 X    0  873
11  3 X    0  872
11  4 X    0  865
11  5 X    0  865
11  6 X    0  871
11  7 X    0  867
11  8 X    0  848
11  9 X    0  874
11 10 X    0  862
11 11 X    0  824
11 12 X    0  858
11 13 X    0  842
11 14 X    0  885
11 15 X    0  866
11 16 X    0  866
11 17 X    0  853
11 18 X    0  863
11 19 X    0  871
11 20 X    0  863
11 21 X    0  867
11 22 X    0  868
11 23 X    0  862
11 24 X    0  849
11 25 X    0  858
11 26 X    0  861
11 27 X    0  873
11 28 X    0  878
11 29 X    0  877
11 30 X    0  872
11  1 Y  -50 1164
11  2 Y  -50 1171
11  3 Y  -50 1169
11  4 Y  -50 1170
11  5 Y  -50 1163
11  6 Y  -50 1171
11  7 Y  -50 1176
11  8 Y  -50 1161
11  9 Y  -50 1187
11 10 Y  -50 1166
11 11 Y  -50 1173
11 12 Y  -50 1181
11 13 Y  -50 1181
11 14 Y  -50 1196
11 15 Y  -50 1169
11 16 Y  -50 1187
11 17 Y  -50 1167
11 18 Y  -50 1177
11 19 Y  -50 1165
11 20 Y  -50 1173
11 21 Y  -50 1179
11 22 Y  -50 1173
11 23 Y  -50 1172
11 24 Y  -50 1168
11 25 Y  -50 1157
11 26 Y  -50 1180
11 27 Y  -50 1165
11 28 Y  -50 1170
11 29 Y  -50 1171
11 30 Y  -50 1169
11  1 Z  550 1648
11  2 Z  550 1641
11  3 Z  550 1638
11  4 Z  550 1634
11  5 Z  550 1629
11  6 Z  550 1639
11  7 Z  550 1640
11  8 Z  550 1644
11  9 Z  550 1673
11 10 Z  550 1650
11 11 Z  550 1660
11 12 Z  550 1705
11 13 Z  550 1696
11 14 Z  550 1702
11 15 Z  550 1654
11 16 Z  550 1664
11 17 Z  550 1664
11 18 Z  550 1650
11 19 Z  550 1653
11 20 Z  550 1655
11 21 Z  550 1667
11 22 Z  550 1675
11 23 Z  550 1654
11 24 Z  550 1669
11 25 Z  550 1665
11 26 Z  550 1656
11 27 Z  550 1655
11 28 Z  550 1647
11 29 Z  550 1642
11 30 Z  550 1637
12  1 X    0  851
12  2 X    0  895
12  3 X    0  865
12  4 X    0  880
12  5 X    0  859
12  6 X    0  878
12  7 X    0  869
12  8 X    0  865
12  9 X    0  848
12 10 X    0  865
12 11 X    0  870
12 12 X    0  880
12 13 X    0  850
12 14 X    0  876
12 15 X    0  868
12 16 X    0  867
12 17 X    0  855
12 18 X    0  865
12 19 X    0  866
12 20 X    0  870
12 21 X    0  858
12 22 X    0  874
12 23 X    0  855
12 24 X    0  863
12 25 X    0  853
12 26 X    0  867
12 27 X    0  877
12 28 X    0  875
12 29 X    0  865
12 30 X    0  869
12 31 X    0  881
12  1 Y  -50 1158
12  2 Y  -50 1185
12  3 Y  -50 1170
12  4 Y  -50 1170
12  5 Y  -50 1171
12  6 Y  -50 1168
12  7 Y  -50 1175
12  8 Y  -50 1173
12  9 Y  -50 1189
12 10 Y  -50 1174
12 11 Y  -50 1181
12 12 Y  -50 1183
12 13 Y  -50 1166
12 14 Y  -50 1161
12 15 Y  -50 1179
12 16 Y  -50 1178
12 17 Y  -50 1162
12 18 Y  -50 1185
12 19 Y  -50 1169
12 20 Y  -50 1178
12 21 Y  -50 1170
12 22 Y  -50 1169
12 23 Y  -50 1175
12 24 Y  -50 1180
12 25 Y  -50 1172
12 26 Y  -50 1171
12 27 Y  -50 1182
12 28 Y  -50 1183
12 29 Y  -50 1179
12 30 Y  -50 1164
12 31 Y  -50 1162
12  1 Z  550 1628
12  2 Z  550 1653
12  3 Z  550 1649
12  4 Z  550 1645
12  5 Z  550 1637
12  6 Z  550 1639
12  7 Z  550 1632
12  8 Z  550 1637
12  9 Z  550 1664
12 10 Z  550 1673
12 11 Z  550 1667
12 12 Z  550 1662
12 13 Z  550 1658
12 14 Z  550 1656
12 15 Z  550 1655
12 16 Z  550 1647
12 17 Z  550 1653
12 18 Z  550 1663
12 19 Z  550 1673
12 20 Z  550 1669
12 21 Z  550 1664
12 22 Z  550 1665
12 23 Z  550 1653
12 24 Z  550 1650
12 25 Z  550 1650
12 26 Z  550 1648
12 27 Z  550 1655
12 28 Z  550 1647
12 29 Z  550 1638
12 30 Z  550 1637
12 31 Z  550 1648
