 1  1 X    0  795
 1  2 X    0  788
 1  3 X    0  787
 1  4 X    0  790
 1  5 X    0  792
 1  6 X    0  798
 1  7 X    0  792
 1  8 X    0  787
 1  9 X    0  784
 1 10 X    0  800
 1 11 X    0  794
 1 12 X    0  786
 1 13 X    0  798
 1 14 X    0  796
 1 15 X    0  794
 1 16 X    0  782
 1 17 X    0  806
 1 18 X    0  798
 1 19 X    0  789
 1 20 X    0  798
 1 21 X    0  801
 1 22 X    0  796
 1 23 X    0  792
 1 24 X    0  783
 1 25 X    0  786
 1 26 X    0  793
 1 27 X    0  796
 1 28 X    0  796
 1 29 X    0  799
 1 30 X    0  800
 1 31 X    0  774
 1  1 Y  -50 1069
 1  2 Y  -50 1094
 1  3 Y  -50 1077
 1  4 Y  -50 1068
 1  5 Y  -50 1072
 1  6 Y  -50 1071
 1  7 Y  -50 1084
 1  8 Y  -50 1074
 1  9 Y  -50 1065
 1 10 Y  -50 1068
 1 11 Y  -50 1066
 1 12 Y  -50 1060
 1 13 Y  -50 1067
 1 14 Y  -50 1070
 1 15 Y  -50 1070
 1 16 Y  -50 1087
 1 17 Y  -50 1076
 1 18 Y  -50 1069
 1 19 Y  -50 1073
 1 20 Y  -50 1072
 1 21 Y  -50 1066
 1 22 Y  -50 1069
 1 23 Y  -50 1071
 1 24 Y  -50 1079
 1 25 Y  -50 1064
 1 26 Y  -50 1075
 1 27 Y  -50 1065
 1 28 Y  -50 1066
 1 29 Y  -50 1083
 1 30 Y  -50 1073
 1 31 Y  -50 1088
 1  1 Z  550 1137
 1  2 Z  550 1170
 1  3 Z  550 1173
 1  4 Z  550 1163
 1  5 Z  550 1152
 1  6 Z  550 1150
 1  7 Z  550 1149
 1  8 Z  550 1146
 1  9 Z  550 1155
 1 10 Z  550 1170
 1 11 Z  550 1155
 1 12 Z  550 1152
 1 13 Z  550 1147
 1 14 Z  550 1146
 1 15 Z  550 1141
 1 16 Z  550 1147
 1 17 Z  550 1156
 1 18 Z  550 1148
 1 19 Z  550 1143
 1 20 Z  550 1143
 1 21 Z  550 1140
 1 22 Z  550 1139
 1 23 Z  550 1139
 1 24 Z  550 1145
 1 25 Z  550 1152
 1 26 Z  550 1149
 1 27 Z  550 1143
 1 28 Z  550 1141
 1 29 Z  550 1156
 1 30 Z  550 1148
 1 31 Z  550 1154
 2  1 X    0  792
 2  2 X    0  798
 2  3 X    0  797
 2  4 X    0  795
 2  5 X    0  790
 2  6 X    0  804
 2  7 X    0  794
 2  8 X    0  779
 2  9 X    0  792
 2 10 X    0  795
 2 11 X    0  804
 2 12 X    0  795
 2 13 X    0  794
 2 14 X    0  794
 2 15 X    0  796
 2 16 X    0  795
 2 17 X    0  790
 2 18 X    0  791
 2 19 X    0  801
 2 20 X    0  769
 2 21 X    0  796
 2 22 X    0  791
 2 23 X    0  791
 2 24 X    0  791
 2 25 X    0  782
 2 26 X    0  806
 2 27 X    0  783
 2 28 X    0  797
 2 29 X    0  803
 2  1 Y  -50 1065
 2  2 Y  -50 1078
 2  3 Y  -50 1070
 2  4 Y  -50 1083
 2  5 Y  -50 1058
 2  6 Y  -50 1087
 2  7 Y  -50 1077
 2  8 Y  -50 1062
 2  9 Y  -50 1073
 2 10 Y  -50 1072
 2 11 Y  -50 1067
 2 12 Y  -50 1071
 2 13 Y  -50 1088
 2 14 Y  -50 1071
 2 15 Y  -50 1075
 2 16 Y  -50 1070
 2 17 Y  -50 1075
 2 18 Y  -50 1075
 2 19 Y  -50 1068
 2 20 Y  -50 1071
 2 21 Y  -50 1079
 2 22 Y  -50 1080
 2 23 Y  -50 1076
 2 24 Y  -50 1069
 2 25 Y  -50 1075
 2 26 Y  -50 1082
 2 27 Y  -50 1071
 2 28 Y  -50 1079
 2 29 Y  -50 1074
 2  1 Z  550 1151
 2  2 Z  550 1150
 2  3 Z  550 1142
 2  4 Z  550 1149
 2  5 Z  550 1146
 2  6 Z  550 1167
 2  7 Z  550 1163
 2  8 Z  550 1155
 2  9 Z  550 1162
 2 10 Z  550 1155
 2 11 Z  550 1150
 2 12 Z  550 1145
 2 13 Z  550 1163
 2 14 Z  550 1152
 2 15 Z  550 1145
 2 16 Z  550 1139
 2 17 Z  550 1139
 2 18 Z  550 1138
 2 19 Z  550 1144
 2 20 Z  550 1139
 2 21 Z  550 1152
 2 22 Z  550 1146
 2 23 Z  550 1143
 2 24 Z  550 1131
 2 25 Z  550 1139
 2 26 Z  550 1153
 2 27 Z  550 1145
 2 28 Z  550 1150
 2 29 Z  550 1147
 3  1 X    0  800
 3  2 X    0  801
 3  3 X    0  793
 3  4 X    0  775
 3  5 X    0  788
 3  6 X    0  805
 3  7 X    0  788
 3  8 X    0  806
 3  9 X    0  810
 3 10 X    0  786
 3 11 X    0  805
 3 12 X    0  812
 3 13 X    0  802
 3 14 X    0  785
 3 15 X    0  796
 3 16 X    0  806
 3 17 X    0  816
 3 18 X    0  803
 3 19 X    0  800
 3 20 X    0  792
 3 21 X    0  815
 3 22 X    0  775
 3 23 X    0  801
 3 24 X    0  803
 3 25 X    0  787
 3 26 X    0  807
 3 27 X    0  801
 3 28 X    0  802
 3 29 X    0  797
 3 30 X    0  807
 3 31 X    0  794
 3  1 Y  -50 1073
 3  2 Y  -50 1067
 3  3 Y  -50 1058
 3  4 Y  -50 1079
 3  5 Y  -50 1067
 3  6 Y  -50 1088
 3  7 Y  -50 1077
 3  8 Y  -50 1076
 3  9 Y  -50 1069
 3 10 Y  -50 1080
 3 11 Y  -50 1073
 3 12 Y  -50 1062
 3 13 Y  -50 1066
 3 14 Y  -50 1079
 3 15 Y  -50 1068
 3 16 Y  -50 1069
 3 17 Y  -50 1085
 3 18 Y  -50 1069
 3 19 Y  -50 1069
 3 20 Y  -50 1083
 3 21 Y  -50 1057
 3 22 Y  -50 1072
 3 23 Y  -50 1085
 3 24 Y  -50 1101
 3 25 Y  -50 1066
 3 26 Y  -50 1059
 3 27 Y  -50 1067
 3 28 Y  -50 1065
 3 29 Y  -50 1053
 3 30 Y  -50 1101
 3 31 Y  -50 1078
 3  1 Z  550 1140
 3  2 Z  550 1142
 3  3 Z  550 1134
 3  4 Z  550 1173
 3  5 Z  550 1189
 3  6 Z  550 1170
 3  7 Z  550 1170
 3  8 Z  550 1175
 3  9 Z  550 1169
 3 10 Z  550 1153
 3 11 Z  550 1140
 3 12 Z  550 1145
 3 13 Z  550 1138
 3 14 Z  550 1128
 3 15 Z  550 1134
 3 16 Z  550 1143
 3 17 Z  550 1137
 3 18 Z  550 1136
 3 19 Z  550 1134
 3 20 Z  550 1144
 3 21 Z  550 1162
 3 22 Z  550 1131
 3 23 Z  550 1151
 3 24 Z  550 1149
 3 25 Z  550 1146
 3 26 Z  550 1149
 3 27 Z  550 1144
 3 28 Z  550 1140
 3 29 Z  550 1103
 3 30 Z  550 1156
 3 31 Z  550 1159
 4  1 X    0  746
 4  2 X    0  791
 4  3 X    0  801
 4  4 X    0  806
 4  5 X    0  803
 4  6 X    0  802
 4  7 X    0  815
 4  8 X    0  807
 4  9 X    0  814
 4 10 X    0  811
 4 11 X    0  799
 4 12 X    0  798
 4 13 X    0  798
 4 14 X    0  808
 4 15 X    0  784
 4 16 X    0  805
 4 17 X    0  805
 4 18 X    0  785
 4 19 X    0  802
 4 20 X    0  799
 4 21 X    0  800
 4 22 X    0  798
 4 23 X    0  804
 4 24 X    0  801
 4 25 X    0  793
 4 26 X    0  804
 4 27 X    0  782
 4 28 X    0  831
 4 29 X    0  809
 4 30 X    0  770
 4  1 Y  -50 1084
 4  2 Y  -50 1090
 4  3 Y  -50 1074
 4  4 Y  -50 1084
 4  5 Y  -50 1078
 4  6 Y  -50 1079
 4  7 Y  -50 1081
 4  8 Y  -50 1074
 4  9 Y  -50 1077
 4 10 Y  -50 1072
 4 11 Y  -50 1098
 4 12 Y  -50 1066
 4 13 Y  -50 1070
 4 14 Y  -50 1074
 4 15 Y  -50 1096
 4 16 Y  -50 1076
 4 17 Y  -50 1070
 4 18 Y  -50 1083
 4 19 Y  -50 1076
 4 20 Y  -50 1067
 4 21 Y  -50 1065
 4 22 Y  -50 1062
 4 23 Y  -50 1073
 4 24 Y  -50 1080
 4 25 Y  -50 1079
 4 26 Y  -50 1063
 4 27 Y  -50 1080
 4 28 Y  -50 1067
 4 29 Y  -50 1072
 4 30 Y  -50 1061
 4  1 Z  550 1145
 4  2 Z  550 1180
 4  3 Z  550 1166
 4  4 Z  550 1188
 4  5 Z  550 1191
 4  6 Z  550 1168
 4  7 Z  550 1174
 4  8 Z  550 1139
 4  9 Z  550 1144
 4 10 Z  550 1131
 4 11 Z  550 1136
 4 12 Z  550 1124
 4 13 Z  550 1129
 4 14 Z  550 1132
 4 15 Z  550 1142
 4 16 Z  550 1149
 4 17 Z  550 1124
 4 18 Z  550 1106
 4 19 Z  550 1137
 4 20 Z  550 1132
 4 21 Z  550 1130
 4 22 Z  550 1117
 4 23 Z  550 1152
 4 24 Z  550 1163
 4 25 Z  550 1161
 4 26 Z  550 1152
 4 27 Z  550 1162
 4 28 Z  550 1189
 4 29 Z  550 1178
 4 30 Z  550 1118
 5  1 X    0  815
 5  2 X    0  821
 5  3 X    0  800
 5  4 X    0  805
 5  5 X    0  819
 5  6 X    0  803
 5  7 X    0  819
 5  8 X    0  808
 5  9 X    0  807
 5 10 X    0  764
 5 11 X    0  833
 5 12 X    0  817
 5 13 X    0  801
 5 14 X    0  825
 5 15 X    0  815
 5 16 X    0  810
 5 17 X    0  825
 5 18 X    0  814
 5 19 X    0  805
 5 20 X    0  819
 5 21 X    0  804
 5 22 X    0  805
 5 23 X    0  806
 5 24 X    0  810
 5 25 X    0  806
 5 26 X    0  817
 5 27 X    0  810
 5 28 X    0  796
 5 29 X    0  801
 5 30 X    0  804
 5 31 X    0  818
 5  1 Y  -50 1091
 5  2 Y  -50 1084
 5  3 Y  -50 1066
 5  4 Y  -50 1079
 5  5 Y  -50 1082
 5  6 Y  -50 1076
 5  7 Y  -50 1064
 5  8 Y  -50 1067
 5  9 Y  -50 1079
 5 10 Y  -50 1091
 5 11 Y  -50 1048
 5 12 Y  -50 1075
 5 13 Y  -50 1088
 5 14 Y  -50 1084
 5 15 Y  -50 1073
 5 16 Y  -50 1076
 5 17 Y  -50 1072
 5 18 Y  -50 1069
 5 19 Y  -50 1072
 5 20 Y  -50 1075
 5 21 Y  -50 1063
 5 22 Y  -50 1075
 5 23 Y  -50 1070
 5 24 Y  -50 1088
 5 25 Y  -50 1113
 5 26 Y  -50 1067
 5 27 Y  -50 1084
 5 28 Y  -50 1095
 5 29 Y  -50 1083
 5 30 Y  -50 1073
 5 31 Y  -50 1069
 5  1 Z  550 1169
 5  2 Z  550 1186
 5  3 Z  550 1151
 5  4 Z  550 1156
 5  5 Z  550 1121
 5  6 Z  550 1134
 5  7 Z  550 1131
 5  8 Z  550 1110
 5  9 Z  550 1097
 5 10 Z  550 1083
 5 11 Z  550 1108
 5 12 Z  550 1125
 5 13 Z  550 1126
 5 14 Z  550 1112
 5 15 Z  550 1125
 5 16 Z  550 1096
 5 17 Z  550 1114
 5 18 Z  550 1119
 5 19 Z  550 1100
 5 20 Z  550 1098
 5 21 Z  550 1095
 5 22 Z  550 1138
 5 23 Z  550 1132
 5 24 Z  550 1176
 5 25 Z  550 1182
 5 26 Z  550 1147
 5 27 Z  550 1183
 5 28 Z  550 1179
 5 29 Z  550 1166
 5 30 Z  550 1174
 5 31 Z  550 1129
 6  1 X    0  809
 6  2 X    0  800
 6  3 X    0  823
 6  4 X    0  821
 6  5 X    0  813
 6  6 X    0  820
 6  7 X    0  788
 6  8 X    0  807
 6  9 X    0  829
 6 10 X    0  838
 6 11 X    0  817
 6 12 X    0  828
 6 13 X    0  821
 6 14 X    0  825
 6 15 X    0  819
 6 16 X    0  823
 6 17 X    0  812
 6 18 X    0  798
 6 19 X    0  760
 6 20 X    0  810
 6 21 X    0  797
 6 22 X    0  809
 6 23 X    0  799
 6 24 X    0  761
 6 25 X    0  818
 6 26 X    0  816
 6 27 X    0  798
 6 28 X    0  809
 6 29 X    0  832
 6 30 X    0  805
 6  1 Y  -50 1073
 6  2 Y  -50 1071
 6  3 Y  -50 1062
 6  4 Y  -50 1078
 6  5 Y  -50 1070
 6  6 Y  -50 1083
 6  7 Y  -50 1074
 6  8 Y  -50 1086
 6  9 Y  -50 1077
 6 10 Y  -50 1057
 6 11 Y  -50 1073
 6 12 Y  -50 1075
 6 13 Y  -50 1080
 6 14 Y  -50 1065
 6 15 Y  -50 1060
 6 16 Y  -50 1059
 6 17 Y  -50 1062
 6 18 Y  -50 1107
 6 19 Y  -50 1115
 6 20 Y  -50 1085
 6 21 Y  -50 1079
 6 22 Y  -50 1096
 6 23 Y  -50 1069
 6 24 Y  -50 1088
 6 25 Y  -50 1069
 6 26 Y  -50 1096
 6 27 Y  -50 1054
 6 28 Y  -50 1101
 6 29 Y  -50 1079
 6 30 Y  -50 1074
 6  1 Z  550 1136
 6  2 Z  550 1128
 6  3 Z  550 1112
 6  4 Z  550 1092
 6  5 Z  550 1094
 6  6 Z  550 1135
 6  7 Z  550 1146
 6  8 Z  550 1189
 6  9 Z  550 1168
 6 10 Z  550 1049
 6 11 Z  550 1103
 6 12 Z  550 1083
 6 13 Z  550 1122
 6 14 Z  550 1117
 6 15 Z  550 1092
 6 16 Z  550 1074
 6 17 Z  550 1102
 6 18 Z  550 1141
 6 19 Z  550 1184
 6 20 Z  550 1174
 6 21 Z  550 1188
 6 22 Z  550 1085
 6 23 Z  550 1137
 6 24 Z  550 1197
 6 25 Z  550 1200
 6 26 Z  550 1151
 6 27 Z  550 1109
 6 28 Z  550 1118
 6 29 Z  550 1087
 6 30 Z  550 1131
 7  1 X    0  804
 7  2 X    0  808
 7  3 X    0  777
 7  4 X    0  824
 7  5 X    0  802
 7  6 X    0  804
 7  7 X    0  829
 7  8 X    0  804
 7  9 X    0  800
 7 10 X    0  839
 7 11 X    0  809
 7 12 X    0  820
 7 13 X    0  832
 7 14 X    0  818
 7 15 X    0  812
 7 16 X    0  795
 7 17 X    0  802
 7 18 X    0  823
 7 19 X    0  797
 7 20 X    0  803
 7 21 X    0  782
 7 22 X    0  805
 7 23 X    0  795
 7 24 X    0  817
 7 25 X    0  805
 7 26 X    0  807
 7 27 X    0  806
 7 28 X    0  804
 7 29 X    0  797
 7 30 X    0  805
 7 31 X    0  808
 7  1 Y  -50 1063
 7  2 Y  -50 1076
 7  3 Y  -50 1086
 7  4 Y  -50 1073
 7  5 Y  -50 1068
 7  6 Y  -50 1070
 7  7 Y  -50 1072
 7  8 Y  -50 1071
 7  9 Y  -50 1075
 7 10 Y  -50 1081
 7 11 Y  -50 1069
 7 12 Y  -50 1074
 7 13 Y  -50 1078
 7 14 Y  -50 1081
 7 15 Y  -50 1065
 7 16 Y  -50 1066
 7 17 Y  -50 1095
 7 18 Y  -50 1075
 7 19 Y  -50 1072
 7 20 Y  -50 1083
 7 21 Y  -50 1085
 7 22 Y  -50 1082
 7 23 Y  -50 1083
 7 24 Y  -50 1091
 7 25 Y  -50 1075
 7 26 Y  -50 1084
 7 27 Y  -50 1070
 7 28 Y  -50 1071
 7 29 Y  -50 1094
 7 30 Y  -50 1076
 7 31 Y  -50 1085
 7  1 Z  550 1115
 7  2 Z  550 1132
 7  3 Z  550 1181
 7  4 Z  550 1167
 7  5 Z  550 1126
 7  6 Z  550 1174
 7  7 Z  550 1067
 7  8 Z  550 1104
 7  9 Z  550 1126
 7 10 Z  550 1119
 7 11 Z  550 1097
 7 12 Z  550 1113
 7 13 Z  550 1098
 7 14 Z  550 1103
 7 15 Z  550 1108
 7 16 Z  550 1137
 7 17 Z  550 1180
 7 18 Z  550 1158
 7 19 Z  550 1186
 7 20 Z  550 1169
 7 21 Z  550 1164
 7 22 Z  550 1172
 7 23 Z  550 1174
 7 24 Z  550 1156
 7 25 Z  550 1139
 7 26 Z  550 1114
 7 27 Z  550 1110
 7 28 Z  550 1116
 7 29 Z  550 1148
 7 30 Z  550 1168
 7 31 Z  550 1162
 8  1 X    0  798
 8  2 X    0  786
 8  3 X    0  809
 8  4 X    0  845
 8  5 X    0  800
 8  6 X    0  814
 8  7 X    0  839
 8  8 X    0  814
 8  9 X    0  809
 8 10 X    0  818
 8 11 X    0  789
 8 12 X    0  794
 8 13 X    0  799
 8 14 X    0  792
 8 15 X    0  788
 8 16 X    0  797
 8 17 X    0  799
 8 18 X    0  804
 8 19 X    0  800
 8 20 X    0  796
 8 21 X    0  805
 8 22 X    0  822
 8 23 X    0  811
 8 24 X    0  804
 8 25 X    0  805
 8 26 X    0  790
 8 27 X    0  806
 8 28 X    0  795
 8 29 X    0  801
 8 30 X    0  804
 8 31 X    0  816
 8  1 Y  -50 1071
 8  2 Y  -50 1089
 8  3 Y  -50 1063
 8  4 Y  -50 1077
 8  5 Y  -50 1099
 8  6 Y  -50 1062
 8  7 Y  -50 1085
 8  8 Y  -50 1073
 8  9 Y  -50 1080
 8 10 Y  -50 1073
 8 11 Y  -50 1075
 8 12 Y  -50 1085
 8 13 Y  -50 1075
 8 14 Y  -50 1078
 8 15 Y  -50 1077
 8 16 Y  -50 1080
 8 17 Y  -50 1078
 8 18 Y  -50 1078
 8 19 Y  -50 1093
 8 20 Y  -50 1069
 8 21 Y  -50 1075
 8 22 Y  -50 1069
 8 23 Y  -50 1077
 8 24 Y  -50 1072
 8 25 Y  -50 1095
 8 26 Y  -50 1071
 8 27 Y  -50 1082
 8 28 Y  -50 1071
 8 29 Y  -50 1083
 8 30 Y  -50 1073
 8 31 Y  -50 1072
 8  1 Z  550 1151
 8  2 Z  550 1182
 8  3 Z  550 1114
 8  4 Z  550 1115
 8  5 Z  550 1103
 8  6 Z  550 1142
 8  7 Z  550 1102
 8  8 Z  550 1085
 8  9 Z  550 1070
 8 10 Z  550 1106
 8 11 Z  550 1152
 8 12 Z  550 1180
 8 13 Z  550 1159
 8 14 Z  550 1162
 8 15 Z  550 1168
 8 16 Z  550 1162
 8 17 Z  550 1149
 8 18 Z  550 1155
 8 19 Z  550 1134
 8 20 Z  550 1132
 8 21 Z  550 1123
 8 22 Z  550 1130
 8 23 Z  550 1129
 8 24 Z  550 1134
 8 25 Z  550 1168
 8 26 Z  550 1165
 8 27 Z  550 1159
 8 28 Z  550 1156
 8 29 Z  550 1144
 8 30 Z  550 1162
 8 31 Z  550 1126
 9  1 X    0  800
 9  2 X    0  808
 9  3 X    0  803
 9  4 X    0  808
 9  5 X    0  813
 9  6 X    0  801
 9  7 X    0  789
 9  8 X    0  797
 9  9 X    0  793
 9 10 X    0  805
 9 11 X    0  806
 9 12 X    0  805
 9 13 X    0  798
 9 14 X    0  790
 9 15 X    0  802
 9 16 X    0  795
 9 17 X    0  807
 9 18 X    0  805
 9 19 X    0  808
 9 20 X    0  798
 9 21 X    0  808
 9 22 X    0  809
 9 23 X    0  811
 9 24 X    0  797
 9 25 X    0  809
 9 26 X    0  808
 9 27 X    0  795
 9 28 X    0  798
 9 29 X    0  810
 9 30 X    0  805
 9  1 Y  -50 1065
 9  2 Y  -50 1062
 9  3 Y  -50 1065
 9  4 Y  -50 1081
 9  5 Y  -50 1075
 9  6 Y  -50 1071
 9  7 Y  -50 1092
 9  8 Y  -50 1080
 9  9 Y  -50 1070
 9 10 Y  -50 1068
 9 11 Y  -50 1069
 9 12 Y  -50 1075
 9 13 Y  -50 1072
 9 14 Y  -50 1063
 9 15 Y  -50 1074
 9 16 Y  -50 1095
 9 17 Y  -50 1070
 9 18 Y  -50 1071
 9 19 Y  -50 1081
 9 20 Y  -50 1070
 9 21 Y  -50 1060
 9 22 Y  -50 1073
 9 23 Y  -50 1080
 9 24 Y  -50 1082
 9 25 Y  -50 1066
 9 26 Y  -50 1079
 9 27 Y  -50 1068
 9 28 Y  -50 1090
 9 29 Y  -50 1075
 9 30 Y  -50 1082
 9  1 Z  550 1115
 9  2 Z  550 1143
 9  3 Z  550 1138
 9  4 Z  550 1126
 9  5 Z  550 1128
 9  6 Z  550 1121
 9  7 Z  550 1183
 9  8 Z  550 1172
 9  9 Z  550 1159
 9 10 Z  550 1176
 9 11 Z  550 1172
 9 12 Z  550 1163
 9 13 Z  550 1162
 9 14 Z  550 1136
 9 15 Z  550 1158
 9 16 Z  550 1167
 9 17 Z  550 1145
 9 18 Z  550 1150
 9 19 Z  550 1154
 9 20 Z  550 1149
 9 21 Z  550 1140
 9 22 Z  550 1189
 9 23 Z  550 1191
 9 24 Z  550 1172
 9 25 Z  550 1167
 9 26 Z  550 1162
 9 27 Z  550 1152
 9 28 Z  550 1166
 9 29 Z  550 1160
 9 30 Z  550 1168
10  1 X    0  810
10  2 X    0  806
10  3 X    0  798
10  4 X    0  786
10  5 X    0  798
10  6 X    0  793
10  7 X    0  815
10  8 X    0  792
10  9 X    0  815
10 10 X    0  804
10 11 X    0  795
10 12 X    0  798
10 13 X    0  799
10 14 X    0  813
10 15 X    0  802
10 16 X    0  807
10 17 X    0  808
10 18 X    0  796
10 19 X    0  789
10 20 X    0  807
10 21 X    0  788
10 22 X    0  810
10 23 X    0  800
10 24 X    0  802
10 25 X    0  807
10 26 X    0  812
10 27 X    0  808
10 28 X    0  797
10 29 X    0  803
10 30 X    0  803
10 31 X    0  804
10  1 Y  -50 1079
10  2 Y  -50 1073
10  3 Y  -50 1084
10  4 Y  -50 1066
10  5 Y  -50 1082
10  6 Y  -50 1073
10  7 Y  -50 1064
10  8 Y  -50 1081
10  9 Y  -50 1084
10 10 Y  -50 1080
10 11 Y  -50 1071
10 12 Y  -50 1100
10 13 Y  -50 1079
10 14 Y  -50 1070
10 15 Y  -50 1075
10 16 Y  -50 1068
10 17 Y  -50 1093
10 18 Y  -50 1076
10 19 Y  -50 1090
10 20 Y  -50 1080
10 21 Y  -50 1076
10 22 Y  -50 1078
10 23 Y  -50 1080
10 24 Y  -50 1067
10 25 Y  -50 1070
10 26 Y  -50 1088
10 27 Y  -50 1084
10 28 Y  -50 1070
10 29 Y  -50 1083
10 30 Y  -50 1076
10 31 Y  -50 1071
10  1 Z  550 1148
10  2 Z  550 1145
10  3 Z  550 1143
10  4 Z  550 1172
10  5 Z  550 1188
10  6 Z  550 1162
10  7 Z  550 1182
10  8 Z  550 1162
10  9 Z  550 1179
10 10 Z  550 1165
10 11 Z  550 1155
10 12 Z  550 1159
10 13 Z  550 1157
10 14 Z  550 1166
10 15 Z  550 1156
10 16 Z  550 1153
10 17 Z  550 1156
10 18 Z  550 1163
10 19 Z  550 1183
10 20 Z  550 1176
10 21 Z  550 1172
10 22 Z  550 1170
10 23 Z  550 1175
10 24 Z  550 1159
10 25 Z  550 1165
10 26 Z  550 1169
10 27 Z  550 1168
10 28 Z  550 1158
10 29 Z  550 1159
10 30 Z  550 1160
10 31 Z  550 1162
11  1 X    0  792
11  2 X    0  808
11  3 X    0  805
11  4 X    0  800
11  5 X    0  793
11  6 X    0  804
11  7 X    0  801
11  8 X    0  797
11  9 X    0  799
11 10 X    0  806
11 11 X    0  807
11 12 X    0  799
11 13 X    0  806
11 14 X    0  805
11 15 X    0  793
11 16 X    0  810
11 17 X    0  802
11 18 X    0  800
11 19 X    0  808
11 20 X    0  808
11 21 X    0  804
11 22 X    0  796
11 23 X    0  800
11 24 X    0  808
11 25 X    0  804
11 26 X    0  792
11 27 X    0  803
11 28 X    0  800
11 29 X    0  802
11 30 X    0  805
11  1 Y  -50 1075
11  2 Y  -50 1083
11  3 Y  -50 1076
11  4 Y  -50 1081
11  5 Y  -50 1077
11  6 Y  -50 1079
11  7 Y  -50 1078
11  8 Y  -50 1074
11  9 Y  -50 1077
11 10 Y  -50 1076
11 11 Y  -50 1080
11 12 Y  -50 1070
11 13 Y  -50 1085
11 14 Y  -50 1079
11 15 Y  -50 1084
11 16 Y  -50 1084
11 17 Y  -50 1081
11 18 Y  -50 1075
11 19 Y  -50 1075
11 20 Y  -50 1075
11 21 Y  -50 1079
11 22 Y  -50 1073
11 23 Y  -50 1103
11 24 Y  -50 1077
11 25 Y  -50 1074
11 26 Y  -50 1097
11 27 Y  -50 1071
11 28 Y  -50 1079
11 29 Y  -50 1077
11 30 Y  -50 1073
11  1 Z  550 1165
11  2 Z  550 1195
11  3 Z  550 1178
11  4 Z  550 1168
11  5 Z  550 1172
11  6 Z  550 1168
11  7 Z  550 1175
11  8 Z  550 1162
11  9 Z  550 1178
11 10 Z  550 1173
11 11 Z  550 1166
11 12 Z  550 1168
11 13 Z  550 1165
11 14 Z  550 1162
11 15 Z  550 1165
11 16 Z  550 1183
11 17 Z  550 1173
11 18 Z  550 1167
11 19 Z  550 1165
11 20 Z  550 1165
11 21 Z  550 1170
11 22 Z  550 1155
11 23 Z  550 1182
11 24 Z  550 1179
11 25 Z  550 1161
11 26 Z  550 1172
11 27 Z  550 1167
11 28 Z  550 1168
11 29 Z  550 1169
11 30 Z  550 1172
12  1 X    0  806
12  2 X    0  804
12  3 X    0  802
12  4 X    0  801
12  5 X    0  807
12  6 X    0  799
12  7 X    0  789
12  8 X    0  810
12  9 X    0  804
12 10 X    0  809
12 11 X    0  803
12 12 X    0  803
12 13 X    0  793
12 14 X    0  800
12 15 X    0  809
12 16 X    0  805
12 17 X    0  804
12 18 X    0  803
12 19 X    0  788
12 20 X    0  803
12 21 X    0  803
12 22 X    0  806
12 23 X    0  806
12 24 X    0  805
12 25 X    0  799
12 26 X    0  800
12 27 X    0  803
12 28 X    0  802
12 29 X    0  806
12 30 X    0  802
12 31 X    0  805
12  1 Y  -50 1085
12  2 Y  -50 1077
12  3 Y  -50 1081
12  4 Y  -50 1081
12  5 Y  -50 1079
12  6 Y  -50 1079
12  7 Y  -50 1079
12  8 Y  -50 1076
12  9 Y  -50 1078
12 10 Y  -50 1078
12 11 Y  -50 1078
12 12 Y  -50 1076
12 13 Y  -50 1077
12 14 Y  -50 1085
12 15 Y  -50 1075
12 16 Y  -50 1088
12 17 Y  -50 1074
12 18 Y  -50 1074
12 19 Y  -50 1080
12 20 Y  -50 1080
12 21 Y  -50 1079
12 22 Y  -50 1076
12 23 Y  -50 1080
12 24 Y  -50 1078
12 25 Y  -50 1075
12 26 Y  -50 1081
12 27 Y  -50 1080
12 28 Y  -50 1075
12 29 Y  -50 1083
12 30 Y  -50 1079
12 31 Y  -50 1078
12  1 Z  550 1173
12  2 Z  550 1170
12  3 Z  550 1166
12  4 Z  550 1164
12  5 Z  550 1174
12  6 Z  550 1159
12  7 Z  550 1162
12  8 Z  550 1167
12  9 Z  550 1161
12 10 Z  550 1163
12 11 Z  550 1160
12 12 Z  550 1160
12 13 Z  550 1160
12 14 Z  550 1165
12 15 Z  550 1168
12 16 Z  550 1171
12 17 Z  550 1176
12 18 Z  550 1171
12 19 Z  550 1168
12 20 Z  550 1164
12 21 Z  550 1166
12 22 Z  550 1165
12 23 Z  550 1164
12 24 Z  550 1163
12 25 Z  550 1160
12 26 Z  550 1165
12 27 Z  550 1172
12 28 Z  550 1162
12 29 Z  550 1167
12 30 Z  550 1174
12 31 Z  550 1162
