 1  1 X    0  977
 1  2 X    0  981
 1  3 X    0  993
 1  4 X    0  987
 1  5 X    0  980
 1  6 X    0  993
 1  7 X    0  993
 1  8 X    0  996
 1  9 X    0  993
 1 10 X    0  971
 1 11 X    0  978
 1 12 X    0 1002
 1 13 X    0  991
 1 14 X    0  983
 1 15 X    0  985
 1 16 X    0  973
 1 17 X    0  996
 1 18 X    0  983
 1 19 X    0  986
 1 20 X    0  992
 1 21 X    0  957
 1 22 X    0  972
 1 23 X    0  973
 1 24 X    0  991
 1 25 X    0  989
 1 26 X    0  967
 1 27 X    0  985
 1 28 X    0  973
 1 29 X    0  985
 1 30 X    0  969
 1 31 X    0 1000
 1  1 Y  -50  707
 1  2 Y  -50  702
 1  3 Y  -50  699
 1  4 Y  -50  702
 1  5 Y  -50  696
 1  6 Y  -50  704
 1  7 Y  -50  706
 1  8 Y  -50  720
 1  9 Y  -50  708
 1 10 Y  -50  703
 1 11 Y  -50  695
 1 12 Y  -50  711
 1 13 Y  -50  691
 1 14 Y  -50  707
 1 15 Y  -50  699
 1 16 Y  -50  712
 1 17 Y  -50  691
 1 18 Y  -50  699
 1 19 Y  -50  695
 1 20 Y  -50  699
 1 21 Y  -50  711
 1 22 Y  -50  710
 1 23 Y  -50  705
 1 24 Y  -50  705
 1 25 Y  -50  702
 1 26 Y  -50  715
 1 27 Y  -50  698
 1 28 Y  -50  705
 1 29 Y  -50  707
 1 30 Y  -50  703
 1 31 Y  -50  720
 1  1 Z  550  814
 1  2 Z  550  820
 1  3 Z  550  820
 1  4 Z  550  804
 1  5 Z  550  800
 1  6 Z  550  802
 1  7 Z  550  802
 1  8 Z  550  803
 1  9 Z  550  803
 1 10 Z  550  806
 1 11 Z  550  819
 1 12 Z  550  823
 1 13 Z  550  830
 1 14 Z  550  825
 1 15 Z  550  832
 1 16 Z  550  825
 1 17 Z  550  830
 1 18 Z  550  807
 1 19 Z  550  815
 1 20 Z  550  816
 1 21 Z  550  804
 1 22 Z  550  856
 1 23 Z  550  841
 1 24 Z  550  817
 1 25 Z  550  813
 1 26 Z  550  815
 1 27 Z  550  820
 1 28 Z  550  821
 1 29 Z  550  821
 1 30 Z  550  821
 1 31 Z  550  865
 2  1 X    0  991
 2  2 X    0  NaN
 2  3 X    0  990
 2  4 X    0  983
 2  5 X    0  971
 2  6 X    0 1007
 2  7 X    0  992
 2  8 X    0  960
 2  9 X    0  973
 2 10 X    0  989
 2 11 X    0  980
 2 12 X    0  988
 2 13 X    0  989
 2 14 X    0  986
 2 15 X    0  989
 2 16 X    0  992
 2 17 X    0  983
 2 18 X    0  992
 2 19 X    0  990
 2 20 X    0 1002
 2 21 X    0  989
 2 22 X    0  999
 2 23 X    0  973
 2 24 X    0  999
 2 25 X    0  983
 2 26 X    0  984
 2 27 X    0 1027
 2 28 X    0 1003
 2  1 Y  -50  692
 2  2 Y  -50  NaN
 2  3 Y  -50  698
 2  4 Y  -50  728
 2  5 Y  -50  701
 2  6 Y  -50  690
 2  7 Y  -50  688
 2  8 Y  -50  713
 2  9 Y  -50  703
 2 10 Y  -50  691
 2 11 Y  -50  702
 2 12 Y  -50  705
 2 13 Y  -50  704
 2 14 Y  -50  695
 2 15 Y  -50  710
 2 16 Y  -50  702
 2 17 Y  -50  708
 2 18 Y  -50  700
 2 19 Y  -50  701
 2 20 Y  -50  698
 2 21 Y  -50  711
 2 22 Y  -50  726
 2 23 Y  -50  704
 2 24 Y  -50  718
 2 25 Y  -50  694
 2 26 Y  -50  716
 2 27 Y  -50  709
 2 28 Y  -50  702
 2  1 Z  550  861
 2  2 Z  550  NaN
 2  3 Z  550  804
 2  4 Z  550  805
 2  5 Z  550  803
 2  6 Z  550  821
 2  7 Z  550  811
 2  8 Z  550  812
 2  9 Z  550  839
 2 10 Z  550  845
 2 11 Z  550  848
 2 12 Z  550  850
 2 13 Z  550  834
 2 14 Z  550  814
 2 15 Z  550  818
 2 16 Z  550  816
 2 17 Z  550  810
 2 18 Z  550  797
 2 19 Z  550  795
 2 20 Z  550  799
 2 21 Z  550  795
 2 22 Z  550  855
 2 23 Z  550  861
 2 24 Z  550  847
 2 25 Z  550  828
 2 26 Z  550  813
 2 27 Z  550  884
 2 28 Z  550  895
 3  1 X    0 1002
 3  2 X    0  992
 3  3 X    0 1008
 3  4 X    0  NaN
 3  5 X    0  NaN
 3  6 X    0 1015
 3  7 X    0  974
 3  8 X    0  971
 3  9 X    0  990
 3 10 X    0  990
 3 11 X    0  997
 3 12 X    0 1008
 3 13 X    0  962
 3 14 X    0  982
 3 15 X    0 1008
 3 16 X    0 1000
 3 17 X    0 1010
 3 18 X    0 1014
 3 19 X    0 1012
 3 20 X    0  999
 3 21 X    0  993
 3 22 X    0  978
 3 23 X    0  989
 3 24 X    0  983
 3 25 X    0 1008
 3 26 X    0  993
 3 27 X    0  997
 3 28 X    0 1007
 3 29 X    0  992
 3 30 X    0 1017
 3 31 X    0  999
 3  1 Y  -50  695
 3  2 Y  -50  704
 3  3 Y  -50  711
 3  4 Y  -50  NaN
 3  5 Y  -50  NaN
 3  6 Y  -50  714
 3  7 Y  -50  732
 3  8 Y  -50  731
 3  9 Y  -50  695
 3 10 Y  -50  696
 3 11 Y  -50  724
 3 12 Y  -50  738
 3 13 Y  -50  712
 3 14 Y  -50  727
 3 15 Y  -50  672
 3 16 Y  -50  689
 3 17 Y  -50  717
 3 18 Y  -50  705
 3 19 Y  -50  700
 3 20 Y  -50  710
 3 21 Y  -50  696
 3 22 Y  -50  710
 3 23 Y  -50  727
 3 24 Y  -50  723
 3 25 Y  -50  698
 3 26 Y  -50  718
 3 27 Y  -50  708
 3 28 Y  -50  710
 3 29 Y  -50  748
 3 30 Y  -50  688
 3 31 Y  -50  715
 3  1 Z  550  825
 3  2 Z  550  806
 3  3 Z  550  817
 3  4 Z  550  NaN
 3  5 Z  550  NaN
 3  6 Z  550  833
 3  7 Z  550  831
 3  8 Z  550  832
 3  9 Z  550  848
 3 10 Z  550  863
 3 11 Z  550  860
 3 12 Z  550  857
 3 13 Z  550  825
 3 14 Z  550  851
 3 15 Z  550  847
 3 16 Z  550  796
 3 17 Z  550  804
 3 18 Z  550  824
 3 19 Z  550  811
 3 20 Z  550  794
 3 21 Z  550  776
 3 22 Z  550  821
 3 23 Z  550  837
 3 24 Z  550  824
 3 25 Z  550  832
 3 26 Z  550  831
 3 27 Z  550  819
 3 28 Z  550  836
 3 29 Z  550  833
 3 30 Z  550  861
 3 31 Z  550  772
 4  1 X    0  992
 4  2 X    0  995
 4  3 X    0  980
 4  4 X    0 1010
 4  5 X    0 1002
 4  6 X    0  983
 4  7 X    0  988
 4  8 X    0  991
 4  9 X    0  998
 4 10 X    0 1016
 4 11 X    0 1008
 4 12 X    0  987
 4 13 X    0  996
 4 14 X    0 1007
 4 15 X    0  999
 4 16 X    0  999
 4 17 X    0 1021
 4 18 X    0  997
 4 19 X    0  977
 4 20 X    0  986
 4 21 X    0 1036
 4 22 X    0  996
 4 23 X    0 1011
 4 24 X    0 1013
 4 25 X    0 1004
 4 26 X    0 1005
 4 27 X    0 1012
 4 28 X    0 1014
 4 29 X    0 1011
 4 30 X    0 1014
 4  1 Y  -50  691
 4  2 Y  -50  748
 4  3 Y  -50  704
 4  4 Y  -50  737
 4  5 Y  -50  719
 4  6 Y  -50  725
 4  7 Y  -50  716
 4  8 Y  -50  704
 4  9 Y  -50  723
 4 10 Y  -50  708
 4 11 Y  -50  693
 4 12 Y  -50  700
 4 13 Y  -50  699
 4 14 Y  -50  707
 4 15 Y  -50  713
 4 16 Y  -50  698
 4 17 Y  -50  692
 4 18 Y  -50  803
 4 19 Y  -50  710
 4 20 Y  -50  726
 4 21 Y  -50  728
 4 22 Y  -50  729
 4 23 Y  -50  694
 4 24 Y  -50  744
 4 25 Y  -50  711
 4 26 Y  -50  705
 4 27 Y  -50  706
 4 28 Y  -50  700
 4 29 Y  -50  731
 4 30 Y  -50  690
 4  1 Z  550  785
 4  2 Z  550  829
 4  3 Z  550  838
 4  4 Z  550  846
 4  5 Z  550  864
 4  6 Z  550  852
 4  7 Z  550  857
 4  8 Z  550  847
 4  9 Z  550  850
 4 10 Z  550  858
 4 11 Z  550  842
 4 12 Z  550  816
 4 13 Z  550  755
 4 14 Z  550  788
 4 15 Z  550  779
 4 16 Z  550  770
 4 17 Z  550  801
 4 18 Z  550  860
 4 19 Z  550  841
 4 20 Z  550  819
 4 21 Z  550  851
 4 22 Z  550  834
 4 23 Z  550  858
 4 24 Z  550  812
 4 25 Z  550  847
 4 26 Z  550  883
 4 27 Z  550  724
 4 28 Z  550  738
 4 29 Z  550  777
 4 30 Z  550  779
 5  1 X    0  950
 5  2 X    0  983
 5  3 X    0  990
 5  4 X    0 1000
 5  5 X    0  998
 5  6 X    0  990
 5  7 X    0 1015
 5  8 X    0  990
 5  9 X    0  976
 5 10 X    0 1007
 5 11 X    0  998
 5 12 X    0  998
 5 13 X    0 1027
 5 14 X    0 1002
 5 15 X    0  956
 5 16 X    0 1003
 5 17 X    0 1002
 5 18 X    0  997
 5 19 X    0  992
 5 20 X    0  999
 5 21 X    0  994
 5 22 X    0  997
 5 23 X    0 1007
 5 24 X    0 1027
 5 25 X    0 1003
 5 26 X    0  964
 5 27 X    0  980
 5 28 X    0  971
 5 29 X    0 1025
 5 30 X    0 1028
 5 31 X    0 1032
 5  1 Y  -50  704
 5  2 Y  -50  751
 5  3 Y  -50  722
 5  4 Y  -50  715
 5  5 Y  -50  700
 5  6 Y  -50  701
 5  7 Y  -50  717
 5  8 Y  -50  718
 5  9 Y  -50  722
 5 10 Y  -50  731
 5 11 Y  -50  707
 5 12 Y  -50  716
 5 13 Y  -50  697
 5 14 Y  -50  716
 5 15 Y  -50  771
 5 16 Y  -50  720
 5 17 Y  -50  739
 5 18 Y  -50  704
 5 19 Y  -50  699
 5 20 Y  -50  722
 5 21 Y  -50  709
 5 22 Y  -50  714
 5 23 Y  -50  633
 5 24 Y  -50  706
 5 25 Y  -50  710
 5 26 Y  -50  737
 5 27 Y  -50  712
 5 28 Y  -50  686
 5 29 Y  -50  718
 5 30 Y  -50  683
 5 31 Y  -50  679
 5  1 Z  550  836
 5  2 Z  550  856
 5  3 Z  550  824
 5  4 Z  550  846
 5  5 Z  550  823
 5  6 Z  550  818
 5  7 Z  550  818
 5  8 Z  550  822
 5  9 Z  550  846
 5 10 Z  550  742
 5 11 Z  550  754
 5 12 Z  550  740
 5 13 Z  550  756
 5 14 Z  550  813
 5 15 Z  550  885
 5 16 Z  550  848
 5 17 Z  550  825
 5 18 Z  550  800
 5 19 Z  550  817
 5 20 Z  550  850
 5 21 Z  550  850
 5 22 Z  550  808
 5 23 Z  550  810
 5 24 Z  550  686
 5 25 Z  550  783
 5 26 Z  550  737
 5 27 Z  550  895
 5 28 Z  550  861
 5 29 Z  550  756
 5 30 Z  550  751
 5 31 Z  550  712
 6  1 X    0 1007
 6  2 X    0  988
 6  3 X    0  994
 6  4 X    0  993
 6  5 X    0 1010
 6  6 X    0 1053
 6  7 X    0 1050
 6  8 X    0  997
 6  9 X    0 1016
 6 10 X    0  978
 6 11 X    0  987
 6 12 X    0 1020
 6 13 X    0 1005
 6 14 X    0  948
 6 15 X    0 1003
 6 16 X    0 1029
 6 17 X    0 1008
 6 18 X    0 1112
 6 19 X    0 1092
 6 20 X    0  948
 6 21 X    0 1036
 6 22 X    0 1031
 6 23 X    0 1012
 6 24 X    0 1025
 6 25 X    0 1032
 6 26 X    0 1055
 6 27 X    0 1024
 6 28 X    0 1006
 6 29 X    0  991
 6 30 X    0  968
 6  1 Y  -50  744
 6  2 Y  -50  724
 6  3 Y  -50  711
 6  4 Y  -50  722
 6  5 Y  -50  700
 6  6 Y  -50  726
 6  7 Y  -50  694
 6  8 Y  -50  697
 6  9 Y  -50  717
 6 10 Y  -50  735
 6 11 Y  -50  733
 6 12 Y  -50  718
 6 13 Y  -50  712
 6 14 Y  -50  752
 6 15 Y  -50  766
 6 16 Y  -50  692
 6 17 Y  -50  652
 6 18 Y  -50  598
 6 19 Y  -50  716
 6 20 Y  -50  708
 6 21 Y  -50  706
 6 22 Y  -50  702
 6 23 Y  -50  680
 6 24 Y  -50  684
 6 25 Y  -50  734
 6 26 Y  -50  694
 6 27 Y  -50  710
 6 28 Y  -50  730
 6 29 Y  -50  719
 6 30 Y  -50  724
 6  1 Z  550  820
 6  2 Z  550  849
 6  3 Z  550  833
 6  4 Z  550  836
 6  5 Z  550  734
 6  6 Z  550  714
 6  7 Z  550  682
 6  8 Z  550  763
 6  9 Z  550  765
 6 10 Z  550  822
 6 11 Z  550  876
 6 12 Z  550  811
 6 13 Z  550  857
 6 14 Z  550  861
 6 15 Z  550  871
 6 16 Z  550  793
 6 17 Z  550  612
 6 18 Z  550  635
 6 19 Z  550  702
 6 20 Z  550  847
 6 21 Z  550  736
 6 22 Z  550  704
 6 23 Z  550  734
 6 24 Z  550  677
 6 25 Z  550  705
 6 26 Z  550  682
 6 27 Z  550  710
 6 28 Z  550  796
 6 29 Z  550  830
 6 30 Z  550  860
 7  1 X    0  972
 7  2 X    0 1110
 7  3 X    0 1012
 7  4 X    0  994
 7  5 X    0 1011
 7  6 X    0 1009
 7  7 X    0  950
 7  8 X    0  958
 7  9 X    0  962
 7 10 X    0  968
 7 11 X    0 1008
 7 12 X    0  969
 7 13 X    0  967
 7 14 X    0  988
 7 15 X    0  975
 7 16 X    0 1044
 7 17 X    0 1011
 7 18 X    0 1033
 7 19 X    0 1019
 7 20 X    0 1026
 7 21 X    0 1030
 7 22 X    0 1038
 7 23 X    0 1028
 7 24 X    0 1022
 7 25 X    0  995
 7 26 X    0 1015
 7 27 X    0 1031
 7 28 X    0 1001
 7 29 X    0 1010
 7 30 X    0 1006
 7 31 X    0 1001
 7  1 Y  -50  693
 7  2 Y  -50  688
 7  3 Y  -50  720
 7  4 Y  -50  699
 7  5 Y  -50  683
 7  6 Y  -50  716
 7  7 Y  -50  728
 7  8 Y  -50  722
 7  9 Y  -50  733
 7 10 Y  -50  716
 7 11 Y  -50  745
 7 12 Y  -50  728
 7 13 Y  -50  727
 7 14 Y  -50  728
 7 15 Y  -50  698
 7 16 Y  -50  686
 7 17 Y  -50  751
 7 18 Y  -50  726
 7 19 Y  -50  706
 7 20 Y  -50  699
 7 21 Y  -50  719
 7 22 Y  -50  694
 7 23 Y  -50  691
 7 24 Y  -50  709
 7 25 Y  -50  703
 7 26 Y  -50  735
 7 27 Y  -50  694
 7 28 Y  -50  722
 7 29 Y  -50  707
 7 30 Y  -50  709
 7 31 Y  -50  735
 7  1 Z  550  771
 7  2 Z  550  638
 7  3 Z  550  712
 7  4 Z  550  777
 7  5 Z  550  749
 7  6 Z  550  770
 7  7 Z  550  869
 7  8 Z  550  866
 7  9 Z  550  895
 7 10 Z  550  854
 7 11 Z  550  815
 7 12 Z  550  831
 7 13 Z  550  890
 7 14 Z  550  859
 7 15 Z  550  815
 7 16 Z  550  674
 7 17 Z  550  760
 7 18 Z  550  678
 7 19 Z  550  720
 7 20 Z  550  729
 7 21 Z  550  721
 7 22 Z  550  702
 7 23 Z  550  736
 7 24 Z  550  733
 7 25 Z  550  692
 7 26 Z  550  735
 7 27 Z  550  776
 7 28 Z  550  729
 7 29 Z  550  735
 7 30 Z  550  742
 7 31 Z  550  783
 8  1 X    0  964
 8  2 X    0  989
 8  3 X    0  986
 8  4 X    0  973
 8  5 X    0  990
 8  6 X    0  980
 8  7 X    0  974
 8  8 X    0  984
 8  9 X    0 1006
 8 10 X    0  976
 8 11 X    0 1011
 8 12 X    0 1011
 8 13 X    0 1013
 8 14 X    0  981
 8 15 X    0 1011
 8 16 X    0 1075
 8 17 X    0  951
 8 18 X    0 1007
 8 19 X    0 1021
 8 20 X    0 1023
 8 21 X    0  966
 8 22 X    0 1022
 8 23 X    0  959
 8 24 X    0 1022
 8 25 X    0 1014
 8 26 X    0 1014
 8 27 X    0  979
 8 28 X    0 1004
 8 29 X    0 1012
 8 30 X    0  989
 8 31 X    0  984
 8  1 Y  -50  698
 8  2 Y  -50  718
 8  3 Y  -50  724
 8  4 Y  -50  714
 8  5 Y  -50  720
 8  6 Y  -50  723
 8  7 Y  -50  676
 8  8 Y  -50  722
 8  9 Y  -50  729
 8 10 Y  -50  725
 8 11 Y  -50  701
 8 12 Y  -50  726
 8 13 Y  -50  743
 8 14 Y  -50  708
 8 15 Y  -50  699
 8 16 Y  -50  696
 8 17 Y  -50  716
 8 18 Y  -50  687
 8 19 Y  -50  728
 8 20 Y  -50  686
 8 21 Y  -50  710
 8 22 Y  -50  706
 8 23 Y  -50  712
 8 24 Y  -50  714
 8 25 Y  -50  706
 8 26 Y  -50  719
 8 27 Y  -50  715
 8 28 Y  -50  710
 8 29 Y  -50  715
 8 30 Y  -50  730
 8 31 Y  -50  738
 8  1 Z  550  868
 8  2 Z  550  879
 8  3 Z  550  878
 8  4 Z  550  853
 8  5 Z  550  842
 8  6 Z  550  812
 8  7 Z  550  790
 8  8 Z  550  818
 8  9 Z  550  789
 8 10 Z  550  833
 8 11 Z  550  675
 8 12 Z  550  679
 8 13 Z  550  728
 8 14 Z  550  743
 8 15 Z  550  732
 8 16 Z  550  767
 8 17 Z  550  776
 8 18 Z  550  821
 8 19 Z  550  749
 8 20 Z  550  739
 8 21 Z  550  758
 8 22 Z  550  779
 8 23 Z  550  746
 8 24 Z  550  767
 8 25 Z  550  762
 8 26 Z  550  777
 8 27 Z  550  768
 8 28 Z  550  774
 8 29 Z  550  775
 8 30 Z  550  837
 8 31 Z  550  809
 9  1 X    0  986
 9  2 X    0  991
 9  3 X    0 1002
 9  4 X    0  987
 9  5 X    0  985
 9  6 X    0  986
 9  7 X    0  976
 9  8 X    0 1003
 9  9 X    0 1016
 9 10 X    0 1033
 9 11 X    0  975
 9 12 X    0 1007
 9 13 X    0  989
 9 14 X    0 1006
 9 15 X    0 1018
 9 16 X    0 1011
 9 17 X    0 1013
 9 18 X    0 1003
 9 19 X    0  975
 9 20 X    0  990
 9 21 X    0 1005
 9 22 X    0 1006
 9 23 X    0 1015
 9 24 X    0  998
 9 25 X    0  959
 9 26 X    0  999
 9 27 X    0  992
 9 28 X    0 1000
 9 29 X    0  977
 9 30 X    0 1011
 9  1 Y  -50  701
 9  2 Y  -50  701
 9  3 Y  -50  706
 9  4 Y  -50  713
 9  5 Y  -50  711
 9  6 Y  -50  725
 9  7 Y  -50  697
 9  8 Y  -50  699
 9  9 Y  -50  716
 9 10 Y  -50  735
 9 11 Y  -50  715
 9 12 Y  -50  702
 9 13 Y  -50  704
 9 14 Y  -50  708
 9 15 Y  -50  748
 9 16 Y  -50  739
 9 17 Y  -50  728
 9 18 Y  -50  699
 9 19 Y  -50  738
 9 20 Y  -50  732
 9 21 Y  -50  715
 9 22 Y  -50  719
 9 23 Y  -50  673
 9 24 Y  -50  710
 9 25 Y  -50  738
 9 26 Y  -50  682
 9 27 Y  -50  727
 9 28 Y  -50  688
 9 29 Y  -50  701
 9 30 Y  -50  682
 9  1 Z  550  839
 9  2 Z  550  829
 9  3 Z  550  844
 9  4 Z  550  846
 9  5 Z  550  835
 9  6 Z  550  915
 9  7 Z  550  802
 9  8 Z  550  796
 9  9 Z  550  760
 9 10 Z  550  790
 9 11 Z  550  749
 9 12 Z  550  759
 9 13 Z  550  781
 9 14 Z  550  791
 9 15 Z  550  805
 9 16 Z  550  810
 9 17 Z  550  835
 9 18 Z  550  856
 9 19 Z  550  848
 9 20 Z  550  827
 9 21 Z  550  859
 9 22 Z  550  851
 9 23 Z  550  845
 9 24 Z  550  823
 9 25 Z  550  832
 9 26 Z  550  920
 9 27 Z  550  908
 9 28 Z  550  851
 9 29 Z  550  831
 9 30 Z  550  815
10  1 X    0  992
10  2 X    0  998
10  3 X    0  998
10  4 X    0  993
10  5 X    0  998
10  6 X    0  998
10  7 X    0  974
10  8 X    0 1019
10  9 X    0  998
10 10 X    0  993
10 11 X    0 1006
10 12 X    0 1014
10 13 X    0 1003
10 14 X    0  976
10 15 X    0 1002
10 16 X    0  993
10 17 X    0  983
10 18 X    0 1000
10 19 X    0  984
10 20 X    0 1010
10 21 X    0 1005
10 22 X    0  992
10 23 X    0  998
10 24 X    0 1000
10 25 X    0 1006
10 26 X    0  995
10 27 X    0 1018
10 28 X    0  932
10 29 X    0 1012
10 30 X    0 1008
10 31 X    0 1003
10  1 Y  -50  710
10  2 Y  -50  710
10  3 Y  -50  708
10  4 Y  -50  704
10  5 Y  -50  712
10  6 Y  -50  702
10  7 Y  -50  707
10  8 Y  -50  739
10  9 Y  -50  706
10 10 Y  -50  717
10 11 Y  -50  727
10 12 Y  -50  716
10 13 Y  -50  694
10 14 Y  -50  696
10 15 Y  -50  702
10 16 Y  -50  700
10 17 Y  -50  736
10 18 Y  -50  719
10 19 Y  -50  695
10 20 Y  -50  707
10 21 Y  -50  705
10 22 Y  -50  715
10 23 Y  -50  722
10 24 Y  -50  705
10 25 Y  -50  702
10 26 Y  -50  704
10 27 Y  -50  703
10 28 Y  -50  778
10 29 Y  -50  699
10 30 Y  -50  709
10 31 Y  -50  701
10  1 Z  550  841
10  2 Z  550  862
10  3 Z  550  828
10  4 Z  550  822
10  5 Z  550  824
10  6 Z  550  818
10  7 Z  550  787
10  8 Z  550  817
10  9 Z  550  805
10 10 Z  550  805
10 11 Z  550  814
10 12 Z  550  824
10 13 Z  550  753
10 14 Z  550  817
10 15 Z  550  801
10 16 Z  550  808
10 17 Z  550  857
10 18 Z  550  865
10 19 Z  550  861
10 20 Z  550  856
10 21 Z  550  839
10 22 Z  550  833
10 23 Z  550  839
10 24 Z  550  855
10 25 Z  550  832
10 26 Z  550  838
10 27 Z  550  851
10 28 Z  550  859
10 29 Z  550  858
10 30 Z  550  857
10 31 Z  550  845
11  1 X    0 1000
11  2 X    0  993
11  3 X    0 1001
11  4 X    0 1017
11  5 X    0 1008
11  6 X    0  985
11  7 X    0 1002
11  8 X    0  996
11  9 X    0 1004
11 10 X    0 1011
11 11 X    0  991
11 12 X    0  998
11 13 X    0  964
11 14 X    0  990
11 15 X    0 1005
11 16 X    0 1003
11 17 X    0  984
11 18 X    0 1009
11 19 X    0  999
11 20 X    0  987
11 21 X    0 1000
11 22 X    0  993
11 23 X    0  989
11 24 X    0  996
11 25 X    0  998
11 26 X    0  992
11 27 X    0 1007
11 28 X    0  985
11 29 X    0  993
11 30 X    0  996
11  1 Y  -50  707
11  2 Y  -50  699
11  3 Y  -50  694
11  4 Y  -50  712
11  5 Y  -50  706
11  6 Y  -50  727
11  7 Y  -50  718
11  8 Y  -50  706
11  9 Y  -50  738
11 10 Y  -50  704
11 11 Y  -50  701
11 12 Y  -50  734
11 13 Y  -50  707
11 14 Y  -50  694
11 15 Y  -50  719
11 16 Y  -50  722
11 17 Y  -50  699
11 18 Y  -50  708
11 19 Y  -50  707
11 20 Y  -50  710
11 21 Y  -50  699
11 22 Y  -50  710
11 23 Y  -50  712
11 24 Y  -50  715
11 25 Y  -50  710
11 26 Y  -50  724
11 27 Y  -50  711
11 28 Y  -50  700
11 29 Y  -50  721
11 30 Y  -50  715
11  1 Z  550  843
11  2 Z  550  831
11  3 Z  550  846
11  4 Z  550  858
11  5 Z  550  847
11  6 Z  550  850
11  7 Z  550  851
11  8 Z  550  845
11  9 Z  550  863
11 10 Z  550  836
11 11 Z  550  821
11 12 Z  550  853
11 13 Z  550  851
11 14 Z  550  866
11 15 Z  550  861
11 16 Z  550  853
11 17 Z  550  840
11 18 Z  550  839
11 19 Z  550  840
11 20 Z  550  848
11 21 Z  550  841
11 22 Z  550  850
11 23 Z  550  840
11 24 Z  550  844
11 25 Z  550  853
11 26 Z  550  844
11 27 Z  550  838
11 28 Z  550  831
11 29 Z  550  841
11 30 Z  550  841
12  1 X    0 1004
12  2 X    0 1008
12  3 X    0 1005
12  4 X    0  985
12  5 X    0  999
12  6 X    0 1005
12  7 X    0  999
12  8 X    0  990
12  9 X    0  988
12 10 X    0 1005
12 11 X    0 1005
12 12 X    0 1013
12 13 X    0 1015
12 14 X    0  995
12 15 X    0  992
12 16 X    0 1009
12 17 X    0  980
12 18 X    0  993
12 19 X    0  998
12 20 X    0 1012
12 21 X    0 1010
12 22 X    0  975
12 23 X    0 1015
12 24 X    0 1009
12 25 X    0 1010
12 26 X    0 1011
12 27 X    0 1014
12 28 X    0  998
12 29 X    0 1005
12 30 X    0 1007
12 31 X    0  983
12  1 Y  -50  710
12  2 Y  -50  719
12  3 Y  -50  715
12  4 Y  -50  727
12  5 Y  -50  715
12  6 Y  -50  707
12  7 Y  -50  714
12  8 Y  -50  724
12  9 Y  -50  738
12 10 Y  -50  723
12 11 Y  -50  722
12 12 Y  -50  716
12 13 Y  -50  715
12 14 Y  -50  692
12 15 Y  -50  720
12 16 Y  -50  707
12 17 Y  -50  722
12 18 Y  -50  712
12 19 Y  -50  720
12 20 Y  -50  712
12 21 Y  -50  708
12 22 Y  -50  721
12 23 Y  -50  711
12 24 Y  -50  709
12 25 Y  -50  712
12 26 Y  -50  715
12 27 Y  -50  692
12 28 Y  -50  748
12 29 Y  -50  717
12 30 Y  -50  715
12 31 Y  -50  724
12  1 Z  550  837
12  2 Z  550  859
12  3 Z  550  847
12  4 Z  550  865
12  5 Z  550  857
12  6 Z  550  844
12  7 Z  550  835
12  8 Z  550  869
12  9 Z  550  876
12 10 Z  550  867
12 11 Z  550  886
12 12 Z  550  868
12 13 Z  550  863
12 14 Z  550  851
12 15 Z  550  866
12 16 Z  550  862
12 17 Z  550  859
12 18 Z  550  862
12 19 Z  550  864
12 20 Z  550  868
12 21 Z  550  844
12 22 Z  550  870
12 23 Z  550  856
12 24 Z  550  854
12 25 Z  550  845
12 26 Z  550  836
12 27 Z  550  828
12 28 Z  550  890
12 29 Z  550  852
12 30 Z  550  845
12 31 Z  550  866
