 1  1 H   -6 4508
 1  2 H   -6 4512
 1  3 H   -6 4498
 1  4 H   -6 4526
 1  5 H   -6 4512
 1  6 H   -6 4503
 1  7 H   -6 4514
 1  8 H   -6 4516
 1  9 H   -6 4515
 1 10 H   -6 4509
 1 11 H   -6 4509
 1 12 H   -6 4512
 1 13 H   -6 4502
 1 14 H   -6 4514
 1 15 H   -6 4509
 1 16 H   -6 4508
 1 17 H   -6 4517
 1 18 H   -6 4511
 1 19 H   -6 4515
 1 20 H   -6 4511
 1 21 H   -6 4512
 1 22 H   -6 4509
 1 23 H   -6 4516
 1 24 H   -6 4520
 1 25 H   -6 4501
 1 26 H   -6 4508
 1 27 H   -6 4506
 1 28 H   -6 4506
 1 29 H   -6 4518
 1 30 H   -6 4497
 1 31 H   -6 4491
 1  1 D  279 4564
 1  2 D  279 4650
 1  3 D  279 4504
 1  4 D  279 4573
 1  5 D  279 4589
 1  6 D  279 4586
 1  7 D  279 4610
 1  8 D  279 4614
 1  9 D  279 4588
 1 10 D  278 5047
 1 11 D  279 4500
 1 12 D  279 4568
 1 13 D  279 4488
 1 14 D  279 4516
 1 15 D  279 4565
 1 16 D  279 4488
 1 17 D  279 4577
 1 18 D  279 4505
 1 19 D  279 4541
 1 20 D  279 4641
 1 21 D  279 4626
 1 22 D  279 4620
 1 23 D  279 4496
 1 24 D  279 4648
 1 25 D  279 4534
 1 26 D  280 4024
 1 27 D  279 4494
 1 28 D  279 4493
 1 29 D  279 4642
 1 30 D  279 4441
 1 31 D  278 5070
 1  1 Z  521 4526
 1  2 Z  521 4508
 1  3 Z  521 4508
 1  4 Z  521 4515
 1  5 Z  522 4422
 1  6 Z  521 4499
 1  7 Z  521 4492
 1  8 Z  521 4485
 1  9 Z  521 4480
 1 10 Z  521 4488
 1 11 Z  521 4497
 1 12 Z  521 4497
 1 13 Z  521 4490
 1 14 Z  521 4488
 1 15 Z  521 4484
 1 16 Z  521 4480
 1 17 Z  521 4483
 1 18 Z  521 4478
 1 19 Z  521 4481
 1 20 Z  521 4483
 1 21 Z  521 4492
 1 22 Z  521 4484
 1 23 Z  521 4475
 1 24 Z  521 4478
 1 25 Z  521 4480
 1 26 Z  521 4492
 1 27 Z  521 4486
 1 28 Z  521 4477
 1 29 Z  521 4495
 1 30 Z  521 4500
 1 31 Z  521 4494
 1  1 F  523 4460
 1  2 F  523 4443
 1  3 F  522 4542
 1  4 F  523 4451
 1  5 F  523 4457
 1  6 F  522 4534
 1  7 F  522 4527
 1  8 F  522 4520
 1  9 F  522 4516
 1 10 F  522 4523
 1 11 F  522 4532
 1 12 F  522 4532
 1 13 F  522 4524
 1 14 F  522 4523
 1 15 F  522 4519
 1 16 F  522 4514
 1 17 F  522 4518
 1 18 F  522 4513
 1 19 F  522 4516
 1 20 F  522 4518
 1 21 F  522 4527
 1 22 F  522 4519
 1 23 F  522 4510
 1 24 F  522 4513
 1 25 F  522 4514
 1 26 F  522 4527
 1 27 F  522 4520
 1 28 F  522 4512
 1 29 F  523 4431
 1 30 F  522 4534
 1 31 F  522 4528
 2  1 H   -6 4510
 2  2 H   -6 4510
 2  3 H   -6 4526
 2  4 H   -6 4493
 2  5 H   -6 4508
 2  6 H   -6 4506
 2  7 H   -6 4517
 2  8 H   -6 4504
 2  9 H   -6 4508
 2 10 H   -6 4485
 2 11 H   -6 4509
 2 12 H   -6 4498
 2 13 H   -6 4498
 2 14 H   -6 4509
 2 15 H   -5 4420
 2 16 H   -6 4515
 2 17 H   -6 4515
 2 18 H   -6 4500
 2 19 H   -6 4506
 2 20 H   -6 4514
 2 21 H   -6 4499
 2 22 H   -6 4498
 2 23 H   -6 4523
 2 24 H   -6 4517
 2 25 H   -6 4506
 2 26 H   -6 4496
 2 27 H   -6 4516
 2 28 H   -6 4507
 2 29 H   -6 4486
 2  1 D  279 4599
 2  2 D  278 4865
 2  3 D  278 4956
 2  4 D  279 4447
 2  5 D  279 4656
 2  6 D  278 5061
 2  7 D  279 4585
 2  8 D  279 4573
 2  9 D  279 4601
 2 10 D  278 4880
 2 11 D  279 4586
 2 12 D  278 5159
 2 13 D  278 5030
 2 14 D  279 4604
 2 15 D  279 4674
 2 16 D  279 4562
 2 17 D  279 4657
 2 18 D  279 4635
 2 19 D  279 4523
 2 20 D  278 5018
 2 21 D  279 4542
 2 22 D  279 4457
 2 23 D  279 4611
 2 24 D  279 4519
 2 25 D  279 4639
 2 26 D  279 4514
 2 27 D  279 4535
 2 28 D  279 4611
 2 29 D  279 4596
 2  1 Z  521 4493
 2  2 Z  521 4490
 2  3 Z  521 4491
 2  4 Z  521 4516
 2  5 Z  521 4510
 2  6 Z  521 4498
 2  7 Z  521 4492
 2  8 Z  521 4498
 2  9 Z  521 4492
 2 10 Z  521 4485
 2 11 Z  521 4505
 2 12 Z  521 4504
 2 13 Z  521 4513
 2 14 Z  521 4514
 2 15 Z  521 4499
 2 16 Z  520 4559
 2 17 Z  521 4471
 2 18 Z  521 4482
 2 19 Z  521 4468
 2 20 Z  521 4478
 2 21 Z  521 4495
 2 22 Z  521 4494
 2 23 Z  521 4466
 2 24 Z  521 4463
 2 25 Z  521 4476
 2 26 Z  521 4470
 2 27 Z  521 4475
 2 28 Z  520 4564
 2 29 Z  521 4482
 2  1 F  522 4528
 2  2 F  522 4524
 2  3 F  522 4527
 2  4 F  522 4550
 2  5 F  522 4545
 2  6 F  522 4532
 2  7 F  522 4528
 2  8 F  522 4533
 2  9 F  522 4527
 2 10 F  522 4518
 2 11 F  522 4540
 2 12 F  523 4438
 2 13 F  522 4547
 2 14 F  523 4449
 2 15 F  522 4535
 2 16 F  522 4494
 2 17 F  522 4507
 2 18 F  522 4516
 2 19 F  522 4503
 2 20 F  522 4513
 2 21 F  522 4530
 2 22 F  522 4528
 2 23 F  522 4502
 2 24 F  522 4499
 2 25 F  522 4511
 2 26 F  522 4504
 2 27 F  522 4510
 2 28 F  522 4499
 2 29 F  522 4516
 3  1 H   -6 4498
 3  2 H   -6 4490
 3  3 H   -6 4504
 3  4 H   -6 4514
 3  5 H   -6 4513
 3  6 H   -6 4493
 3  7 H   -6 4516
 3  8 H   -6 4493
 3  9 H   -6 4516
 3 10 H   -6 4501
 3 11 H   -6 4495
 3 12 H   -6 4498
 3 13 H   -6 4521
 3 14 H   -6 4525
 3 15 H   -6 4531
 3 16 H   -6 4507
 3 17 H   -6 4497
 3 18 H   -6 4497
 3 19 H   -6 4515
 3 20 H   -6 4516
 3 21 H   -6 4516
 3 22 H   -6 4528
 3 23 H   -6 4505
 3 24 H   -6 4518
 3 25 H   -6 4498
 3 26 H   -6 4518
 3 27 H   -6 4486
 3 28 H   -7 4589
 3 29 H   -6 4510
 3 30 H   -6 4515
 3 31 H   -6 4526
 3  1 D  279 4466
 3  2 D  279 4609
 3  3 D  279 4488
 3  4 D  279 4614
 3  5 D  279 4602
 3  6 D  278 5082
 3  7 D  279 4625
 3  8 D  279 4491
 3  9 D  279 4541
 3 10 D  279 4528
 3 11 D  279 4529
 3 12 D  279 4536
 3 13 D  279 4682
 3 14 D  279 4642
 3 15 D  279 4560
 3 16 D  280 4132
 3 17 D  279 4637
 3 18 D  279 4603
 3 19 D  280 4102
 3 20 D  279 4593
 3 21 D  279 4540
 3 22 D  280 4013
 3 23 D  279 4734
 3 24 D  279 4608
 3 25 D  279 4590
 3 26 D  279 4485
 3 27 D  278 5139
 3 28 D  278 5058
 3 29 D  279 4644
 3 30 D  279 4712
 3 31 D  279 4649
 3  1 Z  521 4495
 3  2 Z  521 4525
 3  3 Z  522 4420
 3  4 Z  521 4505
 3  5 Z  521 4495
 3  6 Z  521 4509
 3  7 Z  521 4518
 3  8 Z  521 4508
 3  9 Z  521 4493
 3 10 Z  521 4496
 3 11 Z  521 4497
 3 12 Z  521 4492
 3 13 Z  521 4481
 3 14 Z  520 4552
 3 15 Z  520 4549
 3 16 Z  521 4463
 3 17 Z  521 4461
 3 18 Z  521 4468
 3 19 Z  520 4564
 3 20 Z  521 4460
 3 21 Z  520 4532
 3 22 Z  521 4458
 3 23 Z  520 4545
 3 24 Z  520 4546
 3 25 Z  521 4470
 3 26 Z  520 4550
 3 27 Z  521 4484
 3 28 Z  521 4499
 3 29 Z  521 4520
 3 30 Z  521 4525
 3 31 Z  521 4494
 3  1 F  522 4529
 3  2 F  523 4459
 3  3 F  523 4454
 3  4 F  522 4540
 3  5 F  522 4530
 3  6 F  523 4442
 3  7 F  522 4554
 3  8 F  522 4542
 3  9 F  522 4528
 3 10 F  522 4531
 3 11 F  522 4531
 3 12 F  522 4526
 3 13 F  522 4517
 3 14 F  522 4488
 3 15 F  522 4485
 3 16 F  522 4498
 3 17 F  522 4495
 3 18 F  522 4502
 3 19 F  522 4500
 3 20 F  522 4496
 3 21 F  521 4568
 3 22 F  522 4495
 3 23 F  521 4580
 3 24 F  522 4481
 3 25 F  522 4504
 3 26 F  522 4486
 3 27 F  522 4518
 3 28 F  522 4533
 3 29 F  522 4555
 3 30 F  523 4460
 3 31 F  522 4530
 4  1 H   -6 4511
 4  2 H   -6 4504
 4  3 H   -6 4494
 4  4 H   -6 4517
 4  5 H   -6 4498
 4  6 H   -6 4491
 4  7 H   -6 4532
 4  8 H   -6 4489
 4  9 H   -5 4420
 4 10 H   -6 4520
 4 11 H   -6 4516
 4 12 H   -6 4505
 4 13 H   -6 4516
 4 14 H   -6 4507
 4 15 H   -6 4518
 4 16 H   -6 4521
 4 17 H   -6 4512
 4 18 H   -6 4517
 4 19 H   -6 4528
 4 20 H   -6 4509
 4 21 H   -6 4514
 4 22 H   -6 4520
 4 23 H   -6 4499
 4 24 H   -6 4496
 4 25 H   -6 4445
 4 26 H   -8 4601
 4 27 H   -5 4438
 4 28 H   -6 4506
 4 29 H   -6 4481
 4 30 H   -6 4482
 4  1 D  279 4658
 4  2 D  279 4596
 4  3 D  278 5072
 4  4 D  277 5315
 4  5 D  279 4646
 4  6 D  279 4704
 4  7 D  280 3922
 4  8 D  280 4457
 4  9 D  279 4677
 4 10 D  279 4558
 4 11 D  279 4658
 4 12 D  279 4637
 4 13 D  279 4678
 4 14 D  279 4500
 4 15 D  279 4711
 4 16 D  279 4579
 4 17 D  279 4684
 4 18 D  279 4736
 4 19 D  279 4610
 4 20 D  280 4203
 4 21 D  279 4693
 4 22 D  279 4708
 4 23 D  279 4545
 4 24 D  279 4636
 4 25 D  278 4922
 4 26 D  279 4758
 4 27 D  279 4528
 4 28 D  280 4351
 4 29 D  279 4740
 4 30 D  278 5007
 4  1 Z  521 4512
 4  2 Z  521 4508
 4  3 Z  521 4524
 4  4 Z  520 4591
 4  5 Z  521 4523
 4  6 Z  522 4460
 4  7 Z  521 4502
 4  8 Z  522 4442
 4  9 Z  521 4508
 4 10 Z  520 4531
 4 11 Z  520 4546
 4 12 Z  521 4471
 4 13 Z  520 4546
 4 14 Z  520 4540
 4 15 Z  521 4454
 4 16 Z  520 4525
 4 17 Z  521 4450
 4 18 Z  520 4535
 4 19 Z  519 4558
 4 20 Z  520 4513
 4 21 Z  520 4539
 4 22 Z  520 4556
 4 23 Z  521 4445
 4 24 Z  521 4503
 4 25 Z  520 4557
 4 26 Z  521 4507
 4 27 Z  521 4480
 4 28 Z  521 4484
 4 29 Z  521 4483
 4 30 Z  522 4436
 4  1 F  522 4547
 4  2 F  522 4542
 4  3 F  523 4458
 4  4 F  521 4627
 4  5 F  522 4558
 4  6 F  523 4493
 4  7 F  522 4539
 4  8 F  523 4476
 4  9 F  522 4544
 4 10 F  521 4566
 4 11 F  522 4481
 4 12 F  522 4506
 4 13 F  522 4482
 4 14 F  522 4475
 4 15 F  522 4489
 4 16 F  521 4561
 4 17 F  522 4485
 4 18 F  521 4571
 4 19 F  520 4595
 4 20 F  521 4548
 4 21 F  521 4574
 4 22 F  522 4492
 4 23 F  522 4479
 4 24 F  523 4437
 4 25 F  522 4488
 4 26 F  523 4435
 4 27 F  522 4517
 4 28 F  522 4519
 4 29 F  522 4516
 4 30 F  523 4469
 5  1 H   -6 4493
 5  2 H   -6 4527
 5  3 H   -6 4497
 5  4 H   -6 4516
 5  5 H   -6 4488
 5  6 H   -6 4541
 5  7 H   -6 4536
 5  8 H   -5 4430
 5  9 H   -6 4520
 5 10 H   -6 4523
 5 11 H   -6 4478
 5 12 H   -6 4523
 5 13 H   -5 4463
 5 14 H   -6 4448
 5 15 H   -6 4528
 5 16 H   -5 4475
 5 17 H   -6 4502
 5 18 H   -6 4496
 5 19 H   -6 4512
 5 20 H   -7 4601
 5 21 H   -6 4513
 5 22 H   -6 4489
 5 23 H   -6 4505
 5 24 H   -7 4574
 5 25 H   -7 4591
 5 26 H   -6 4513
 5 27 H   -6 4472
 5 28 H   -7 4579
 5 29 H   -6 4497
 5 30 H   -6 4515
 5 31 H   -6 4509
 5  1 D  280 4155
 5  2 D  280 4024
 5  3 D  279 4491
 5  4 D  279 4742
 5  5 D  279 4745
 5  6 D  279 4845
 5  7 D  280 4259
 5  8 D  279 4740
 5  9 D  279 4746
 5 10 D  280 4415
 5 11 D  279 4505
 5 12 D  280 4317
 5 13 D  280 4747
 5 14 D  279 4539
 5 15 D  280 4477
 5 16 D  280 4475
 5 17 D  280 4345
 5 18 D  279 4387
 5 19 D  280 4138
 5 20 D  279 4535
 5 21 D  279 4592
 5 22 D  280 4046
 5 23 D  279 4659
 5 24 D  280 4297
 5 25 D  279 4664
 5 26 D  280 4423
 5 27 D  280 4142
 5 28 D  279 4634
 5 29 D  279 4656
 5 30 D  280 4110
 5 31 D  279 4481
 5  1 Z  521 4489
 5  2 Z  523 4389
 5  3 Z  521 4476
 5  4 Z  520 4501
 5  5 Z  521 4454
 5  6 Z  520 4527
 5  7 Z  520 4496
 5  8 Z  520 4524
 5  9 Z  520 4501
 5 10 Z  520 4507
 5 11 Z  522 4448
 5 12 Z  520 4480
 5 13 Z  519 4568
 5 14 Z  521 4492
 5 15 Z  519 4559
 5 16 Z  520 4454
 5 17 Z  521 4500
 5 18 Z  521 4500
 5 19 Z  521 4478
 5 20 Z  521 4484
 5 21 Z  522 4401
 5 22 Z  521 4483
 5 23 Z  521 4470
 5 24 Z  522 4425
 5 25 Z  521 4496
 5 26 Z  521 4523
 5 27 Z  521 4500
 5 28 Z  521 4499
 5 29 Z  521 4522
 5 30 Z  522 4403
 5 31 Z  520 4611
 5  1 F  522 4523
 5  2 F  524 4425
 5  3 F  522 4510
 5  4 F  521 4537
 5  5 F  522 4488
 5  6 F  521 4564
 5  7 F  521 4533
 5  8 F  521 4560
 5  9 F  521 4537
 5 10 F  521 4543
 5 11 F  523 4480
 5 12 F  521 4516
 5 13 F  521 4506
 5 14 F  522 4523
 5 15 F  521 4496
 5 16 F  521 4494
 5 17 F  523 4434
 5 18 F  522 4534
 5 19 F  522 4514
 5 20 F  523 4418
 5 21 F  523 4437
 5 22 F  522 4516
 5 23 F  522 4504
 5 24 F  523 4457
 5 25 F  523 4430
 5 26 F  523 4458
 5 27 F  523 4432
 5 28 F  523 4432
 5 29 F  523 4457
 5 30 F  523 4438
 5 31 F  522 4546
 6  1 H   -6 4523
 6  2 H   -6 4529
 6  3 H   -7 4584
 6  4 H   -6 4545
 6  5 H   -6 4546
 6  6 H   -6 4542
 6  7 H   -6 4540
 6  8 H   -5 4460
 6  9 H   -6 4521
 6 10 H   -6 4523
 6 11 H   -6 4534
 6 12 H   -5 4447
 6 13 H   -6 4524
 6 14 H   -5 4451
 6 15 H   -7 4531
 6 16 H   -5 4428
 6 17 H   -6 4504
 6 18 H   -7 4555
 6 19 H   -7 4589
 6 20 H   -6 4515
 6 21 H   -7 4560
 6 22 H   -6 4493
 6 23 H   -5 4448
 6 24 H   -6 4510
 6 25 H   -6 4492
 6 26 H   -6 4512
 6 27 H   -5 4447
 6 28 H   -6 4522
 6 29 H   -6 4518
 6 30 H   -6 4514
 6  1 D  279 4708
 6  2 D  280 4387
 6  3 D  279 4862
 6  4 D  279 4988
 6  5 D  280 4589
 6  6 D  279 4888
 6  7 D  280 4489
 6  8 D  279 4960
 6  9 D  280 4388
 6 10 D  280 4345
 6 11 D  279 4993
 6 12 D  280 4518
 6 13 D  279 4800
 6 14 D  280 4491
 6 15 D  279 4556
 6 16 D  279 4725
 6 17 D  280 4150
 6 18 D  280 4310
 6 19 D  279 4558
 6 20 D  280 4246
 6 21 D  278 4741
 6 22 D  280 3975
 6 23 D  278 4756
 6 24 D  279 4774
 6 25 D  279 4586
 6 26 D  279 4422
 6 27 D  280 4297
 6 28 D  280 4170
 6 29 D  279 4816
 6 30 D  280 4414
 6  1 Z  521 4455
 6  2 Z  519 4554
 6  3 Z  519 4539
 6  4 Z  519 4518
 6  5 Z  519 4563
 6  6 Z  520 4486
 6  7 Z  519 4572
 6  8 Z  518 4601
 6  9 Z  519 4544
 6 10 Z  520 4497
 6 11 Z  519 4545
 6 12 Z  519 4579
 6 13 Z  520 4495
 6 14 Z  519 4529
 6 15 Z  521 4518
 6 16 Z  521 4489
 6 17 Z  520 4563
 6 18 Z  521 4515
 6 19 Z  521 4507
 6 20 Z  521 4494
 6 21 Z  521 4504
 6 22 Z  522 4424
 6 23 Z  521 4489
 6 24 Z  521 4507
 6 25 Z  522 4429
 6 26 Z  521 4492
 6 27 Z  521 4506
 6 28 Z  521 4505
 6 29 Z  519 4576
 6 30 Z  520 4522
 6  1 F  522 4491
 6  2 F  521 4491
 6  3 F  520 4572
 6  4 F  520 4556
 6  5 F  521 4501
 6  6 F  521 4524
 6  7 F  521 4509
 6  8 F  520 4540
 6  9 F  521 4480
 6 10 F  521 4533
 6 11 F  520 4582
 6 12 F  521 4517
 6 13 F  521 4531
 6 14 F  520 4567
 6 15 F  523 4447
 6 16 F  522 4526
 6 17 F  522 4498
 6 18 F  523 4446
 6 19 F  523 4440
 6 20 F  522 4530
 6 21 F  522 4535
 6 22 F  523 4457
 6 23 F  522 4527
 6 24 F  523 4442
 6 25 F  523 4462
 6 26 F  522 4527
 6 27 F  523 4444
 6 28 F  523 4441
 6 29 F  521 4511
 6 30 F  521 4558
 7  1 H   -6 4509
 7  2 H   -5 4432
 7  3 H   -6 4502
 7  4 H   -5 4436
 7  5 H   -5 4439
 7  6 H   -6 4541
 7  7 H   -6 4529
 7  8 H   -6 4530
 7  9 H   -6 4530
 7 10 H   -6 4495
 7 11 H   -6 4505
 7 12 H   -6 4494
 7 13 H   -7 4553
 7 14 H   -6 4507
 7 15 H   -6 4498
 7 16 H   -6 4511
 7 17 H   -6 4511
 7 18 H   -7 4584
 7 19 H   -6 4526
 7 20 H   -6 4507
 7 21 H   -5 4438
 7 22 H   -6 4512
 7 23 H   -6 4497
 7 24 H   -7 4565
 7 25 H   -6 4505
 7 26 H   -6 4506
 7 27 H   -6 4513
 7 28 H   -6 4508
 7 29 H   -6 4497
 7 30 H   -6 4518
 7 31 H   -6 4525
 7  1 D  279 4752
 7  2 D  279 4736
 7  3 D  279 4861
 7  4 D  279 4938
 7  5 D  280 4452
 7  6 D  280 4470
 7  7 D  279 4994
 7  8 D  280 4363
 7  9 D  280 4482
 7 10 D  280 4377
 7 11 D  279 4734
 7 12 D  279 4576
 7 13 D  280 4459
 7 14 D  279 4634
 7 15 D  279 4687
 7 16 D  279 4548
 7 17 D  280 4245
 7 18 D  279 4794
 7 19 D  279 4715
 7 20 D  279 4809
 7 21 D  280 4126
 7 22 D  279 4735
 7 23 D  279 4705
 7 24 D  279 4419
 7 25 D  279 4458
 7 26 D  279 4619
 7 27 D  279 4720
 7 28 D  280 4547
 7 29 D  279 4750
 7 30 D  279 4879
 7 31 D  279 4802
 7  1 Z  519 4576
 7  2 Z  519 4566
 7  3 Z  519 4574
 7  4 Z  519 4541
 7  5 Z  519 4582
 7  6 Z  519 4543
 7  7 Z  519 4526
 7  8 Z  520 4463
 7  9 Z  520 4507
 7 10 Z  520 4473
 7 11 Z  520 4475
 7 12 Z  521 4497
 7 13 Z  522 4440
 7 14 Z  521 4482
 7 15 Z  521 4495
 7 16 Z  521 4520
 7 17 Z  521 4524
 7 18 Z  522 4434
 7 19 Z  521 4493
 7 20 Z  520 4564
 7 21 Z  520 4554
 7 22 Z  521 4501
 7 23 Z  521 4481
 7 24 Z  522 4456
 7 25 Z  521 4505
 7 26 Z  521 4520
 7 27 Z  519 4595
 7 28 Z  520 4493
 7 29 Z  520 4490
 7 30 Z  520 4482
 7 31 Z  521 4434
 7  1 F  521 4511
 7  2 F  521 4503
 7  3 F  521 4509
 7  4 F  520 4578
 7  5 F  521 4520
 7  6 F  520 4581
 7  7 F  520 4563
 7  8 F  521 4500
 7  9 F  522 4443
 7 10 F  521 4507
 7 11 F  521 4510
 7 12 F  523 4431
 7 13 F  523 4472
 7 14 F  522 4517
 7 15 F  522 4529
 7 16 F  523 4455
 7 17 F  523 4459
 7 18 F  523 4467
 7 19 F  522 4529
 7 20 F  522 4498
 7 21 F  522 4491
 7 22 F  522 4536
 7 23 F  522 4515
 7 24 F  523 4487
 7 25 F  522 4539
 7 26 F  523 4454
 7 27 F  521 4530
 7 28 F  521 4528
 7 29 F  521 4524
 7 30 F  521 4518
 7 31 F  522 4470
 8  1 H   -6 4519
 8  2 H   -6 4515
 8  3 H   -6 4503
 8  4 H   -6 4514
 8  5 H   -6 4517
 8  6 H   -6 4516
 8  7 H   -6 4519
 8  8 H   -6 4489
 8  9 H   -7 4588
 8 10 H   -6 4494
 8 11 H   -6 4506
 8 12 H   -6 4504
 8 13 H   -6 4504
 8 14 H   -7 4568
 8 15 H   -6 4491
 8 16 H   -6 4476
 8 17 H   -6 4497
 8 18 H   -6 4496
 8 19 H   -6 4477
 8 20 H   -6 4489
 8 21 H   -6 4509
 8 22 H   -6 4510
 8 23 H   -6 4513
 8 24 H   -6 4494
 8 25 H   -6 4517
 8 26 H   -6 4518
 8 27 H   -6 4510
 8 28 H   -6 4494
 8 29 H   -6 4505
 8 30 H   -6 4501
 8 31 H   -6 4518
 8  1 D  279 4922
 8  2 D  279 4790
 8  3 D  280 4362
 8  4 D  280 4256
 8  5 D  280 4247
 8  6 D  279 4824
 8  7 D  280 4211
 8  8 D  279 4637
 8  9 D  279 4674
 8 10 D  279 4643
 8 11 D  280 4040
 8 12 D  280 4085
 8 13 D  280 4138
 8 14 D  279 4522
 8 15 D  279 4777
 8 16 D  279 4664
 8 17 D  279 4597
 8 18 D  279 4750
 8 19 D  278 5121
 8 20 D  280 4213
 8 21 D  280 4134
 8 22 D  279 4669
 8 23 D  279 4671
 8 24 D  280 4396
 8 25 D  280 4280
 8 26 D  280 4268
 8 27 D  278 5256
 8 28 D  279 4587
 8 29 D  279 4868
 8 30 D  279 4805
 8 31 D  279 4830
 8  1 Z  520 4512
 8  2 Z  520 4514
 8  3 Z  520 4493
 8  4 Z  520 4506
 8  5 Z  520 4520
 8  6 Z  520 4487
 8  7 Z  520 4519
 8  8 Z  521 4506
 8  9 Z  521 4494
 8 10 Z  521 4488
 8 11 Z  521 4486
 8 12 Z  521 4496
 8 13 Z  521 4494
 8 14 Z  522 4399
 8 15 Z  521 4491
 8 16 Z  521 4503
 8 17 Z  521 4502
 8 18 Z  521 4497
 8 19 Z  521 4462
 8 20 Z  521 4499
 8 21 Z  521 4454
 8 22 Z  521 4462
 8 23 Z  520 4485
 8 24 Z  520 4505
 8 25 Z  520 4527
 8 26 Z  520 4500
 8 27 Z  519 4579
 8 28 Z  520 4510
 8 29 Z  520 4527
 8 30 Z  520 4503
 8 31 Z  520 4537
 8  1 F  521 4548
 8  2 F  521 4550
 8  3 F  521 4528
 8  4 F  521 4541
 8  5 F  522 4456
 8  6 F  521 4523
 8  7 F  521 4555
 8  8 F  522 4540
 8  9 F  522 4528
 8 10 F  522 4522
 8 11 F  522 4520
 8 12 F  522 4531
 8 13 F  522 4529
 8 14 F  523 4431
 8 15 F  522 4525
 8 16 F  522 4536
 8 17 F  523 4436
 8 18 F  523 4431
 8 19 F  522 4495
 8 20 F  522 4533
 8 21 F  522 4488
 8 22 F  522 4497
 8 23 F  521 4521
 8 24 F  521 4539
 8 25 F  522 4462
 8 26 F  521 4536
 8 27 F  521 4514
 8 28 F  521 4544
 8 29 F  521 4561
 8 30 F  521 4538
 8 31 F  522 4473
 9  1 H   -6 4526
 9  2 H   -6 4509
 9  3 H   -6 4515
 9  4 H   -7 4552
 9  5 H   -6 4504
 9  6 H   -6 4492
 9  7 H   -6 4499
 9  8 H   -6 4477
 9  9 H   -6 4494
 9 10 H   -6 4480
 9 11 H   -6 4514
 9 12 H   -6 4482
 9 13 H   -6 4497
 9 14 H   -6 4511
 9 15 H   -6 4501
 9 16 H   -6 4494
 9 17 H   -6 4506
 9 18 H   -6 4509
 9 19 H   -7 4569
 9 20 H   -6 4502
 9 21 H   -6 4497
 9 22 H   -6 4503
 9 23 H   -7 4561
 9 24 H   -6 4504
 9 25 H   -6 4493
 9 26 H   -6 4492
 9 27 H   -6 4503
 9 28 H   -6 4501
 9 29 H   -6 4517
 9 30 H   -6 4523
 9  1 D  280 4086
 9  2 D  280 4302
 9  3 D  280 4195
 9  4 D  280 4412
 9  5 D  280 4304
 9  6 D  279 4769
 9  7 D  279 4776
 9  8 D  279 4589
 9  9 D  279 4672
 9 10 D  279 4607
 9 11 D  279 4679
 9 12 D  280 4108
 9 13 D  279 4697
 9 14 D  279 4587
 9 15 D  279 4673
 9 16 D  279 4683
 9 17 D  280 4131
 9 18 D  279 4690
 9 19 D  279 4562
 9 20 D  279 4697
 9 21 D  279 4710
 9 22 D  279 4605
 9 23 D  279 4805
 9 24 D  279 4679
 9 25 D  279 4677
 9 26 D  280 4260
 9 27 D  280 4187
 9 28 D  279 4608
 9 29 D  279 4690
 9 30 D  280 4201
 9  1 Z  520 4536
 9  2 Z  520 4514
 9  3 Z  521 4447
 9  4 Z  520 4530
 9  5 Z  521 4528
 9  6 Z  521 4474
 9  7 Z  521 4487
 9  8 Z  521 4504
 9  9 Z  521 4504
 9 10 Z  521 4491
 9 11 Z  521 4478
 9 12 Z  521 4460
 9 13 Z  521 4510
 9 14 Z  521 4471
 9 15 Z  521 4475
 9 16 Z  521 4477
 9 17 Z  521 4476
 9 18 Z  521 4466
 9 19 Z  520 4536
 9 20 Z  520 4543
 9 21 Z  520 4542
 9 22 Z  520 4531
 9 23 Z  521 4484
 9 24 Z  521 4485
 9 25 Z  521 4478
 9 26 Z  521 4490
 9 27 Z  521 4477
 9 28 Z  520 4556
 9 29 Z  520 4539
 9 30 Z  520 4532
 9  1 F  522 4472
 9  2 F  521 4549
 9  3 F  522 4482
 9  4 F  521 4561
 9  5 F  523 4463
 9  6 F  522 4508
 9  7 F  522 4521
 9  8 F  523 4437
 9  9 F  523 4437
 9 10 F  522 4524
 9 11 F  522 4513
 9 12 F  522 4493
 9 13 F  523 4444
 9 14 F  522 4506
 9 15 F  522 4509
 9 16 F  522 4511
 9 17 F  522 4511
 9 18 F  522 4501
 9 19 F  522 4469
 9 20 F  522 4478
 9 21 F  522 4476
 9 22 F  521 4565
 9 23 F  522 4516
 9 24 F  522 4520
 9 25 F  522 4512
 9 26 F  522 4524
 9 27 F  522 4512
 9 28 F  522 4490
 9 29 F  522 4474
 9 30 F  522 4468
10  1 H   -6 4515
10  2 H   -6 4502
10  3 H   -6 4520
10  4 H   -6 4497
10  5 H   -6 4507
10  6 H   -6 4499
10  7 H   -6 4499
10  8 H   -6 4510
10  9 H   -6 4501
10 10 H   -6 4492
10 11 H   -6 4505
10 12 H   -6 4506
10 13 H   -6 4485
10 14 H   -6 4518
10 15 H   -6 4519
10 16 H   -6 4489
10 17 H   -6 4511
10 18 H   -6 4478
10 19 H   -6 4501
10 20 H   -6 4492
10 21 H   -6 4496
10 22 H   -6 4497
10 23 H   -6 4509
10 24 H   -6 4500
10 25 H   -6 4514
10 26 H   -5 4409
10 27 H   -6 4499
10 28 H   -6 4504
10 29 H   -6 4506
10 30 H   -6 4509
10 31 H   -6 4513
10  1 D  279 4733
10  2 D  279 4663
10  3 D  280 4220
10  4 D  279 4689
10  5 D  280 4189
10  6 D  279 4577
10  7 D  279 4622
10  8 D  280 4102
10  9 D  279 4639
10 10 D  280 4212
10 11 D  279 4608
10 12 D  279 4594
10 13 D  280 4205
10 14 D  279 4666
10 15 D  278 5180
10 16 D  280 4191
10 17 D  279 4753
10 18 D  279 4381
10 19 D  279 4675
10 20 D  279 4691
10 21 D  279 4599
10 22 D  279 4596
10 23 D  280 4072
10 24 D  279 4705
10 25 D  279 4554
10 26 D  279 4710
10 27 D  279 4651
10 28 D  279 4684
10 29 D  279 4697
10 30 D  280 4157
10 31 D  279 4677
10  1 Z  520 4527
10  2 Z  520 4532
10  3 Z  521 4478
10  4 Z  521 4456
10  5 Z  520 4546
10  6 Z  521 4463
10  7 Z  521 4474
10  8 Z  521 4475
10  9 Z  521 4472
10 10 Z  521 4478
10 11 Z  521 4481
10 12 Z  521 4487
10 13 Z  521 4479
10 14 Z  521 4476
10 15 Z  521 4466
10 16 Z  521 4463
10 17 Z  521 4460
10 18 Z  521 4458
10 19 Z  521 4492
10 20 Z  521 4492
10 21 Z  521 4490
10 22 Z  521 4493
10 23 Z  521 4480
10 24 Z  521 4489
10 25 Z  521 4473
10 26 Z  521 4485
10 27 Z  521 4457
10 28 Z  521 4469
10 29 Z  521 4463
10 30 Z  521 4457
10 31 Z  520 4551
10  1 F  522 4462
10  2 F  522 4467
10  3 F  522 4513
10  4 F  522 4490
10  5 F  522 4481
10  6 F  522 4497
10  7 F  522 4508
10  8 F  522 4510
10  9 F  522 4506
10 10 F  522 4512
10 11 F  522 4515
10 12 F  523 4422
10 13 F  522 4513
10 14 F  522 4512
10 15 F  522 4502
10 16 F  522 4496
10 17 F  522 4495
10 18 F  522 4491
10 19 F  522 4526
10 20 F  522 4525
10 21 F  522 4524
10 22 F  522 4527
10 23 F  522 4515
10 24 F  522 4523
10 25 F  522 4509
10 26 F  522 4520
10 27 F  522 4491
10 28 F  522 4503
10 29 F  522 4498
10 30 F  522 4492
10 31 F  522 4486
11  1 H   -6 4496
11  2 H   -6 4499
11  3 H   -6 4500
11  4 H   -6 4505
11  5 H   -6 4503
11  6 H   -6 4498
11  7 H   -6 4502
11  8 H   -6 4503
11  9 H   -6 4501
11 10 H   -6 4502
11 11 H   -6 4500
11 12 H   -6 4512
11 13 H   -6 4501
11 14 H   -7 4602
11 15 H   -6 4506
11 16 H   -6 4494
11 17 H   -6 4497
11 18 H   -6 4511
11 19 H   -6 4521
11 20 H   -6 4500
11 21 H   -6 4502
11 22 H   -6 4496
11 23 H   -6 4507
11 24 H   -6 4500
11 25 H   -6 4517
11 26 H   -6 4510
11 27 H   -6 4497
11 28 H   -6 4507
11 29 H   -6 4501
11 30 H   -6 4502
11  1 D  280 4318
11  2 D  279 4554
11  3 D  279 4608
11  4 D  279 4624
11  5 D  280 4152
11  6 D  279 4711
11  7 D  279 4545
11  8 D  280 4161
11  9 D  279 4641
11 10 D  279 4595
11 11 D  279 4651
11 12 D  280 4227
11 13 D  279 4604
11 14 D  279 4715
11 15 D  279 4501
11 16 D  279 4675
11 17 D  279 4700
11 18 D  279 4733
11 19 D  279 4618
11 20 D  280 4065
11 21 D  279 4710
11 22 D  279 4741
11 23 D  279 4743
11 24 D  279 4651
11 25 D  279 4627
11 26 D  279 4734
11 27 D  279 4637
11 28 D  280 4214
11 29 D  280 4200
11 30 D  279 4786
11  1 Z  521 4476
11  2 Z  521 4476
11  3 Z  521 4469
11  4 Z  521 4472
11  5 Z  521 4477
11  6 Z  521 4466
11  7 Z  521 4474
11  8 Z  521 4483
11  9 Z  521 4467
11 10 Z  521 4472
11 11 Z  521 4476
11 12 Z  521 4472
11 13 Z  521 4461
11 14 Z  521 4460
11 15 Z  521 4469
11 16 Z  522 4456
11 17 Z  521 4512
11 18 Z  521 4495
11 19 Z  521 4496
11 20 Z  521 4483
11 21 Z  521 4485
11 22 Z  521 4474
11 23 Z  521 4469
11 24 Z  521 4469
11 25 Z  521 4464
11 26 Z  521 4467
11 27 Z  521 4458
11 28 Z  521 4462
11 29 Z  521 4465
11 30 Z  521 4491
11  1 F  522 4510
11  2 F  522 4510
11  3 F  522 4504
11  4 F  522 4507
11  5 F  522 4512
11  6 F  522 4500
11  7 F  522 4508
11  8 F  522 4517
11  9 F  522 4501
11 10 F  522 4506
11 11 F  522 4510
11 12 F  522 4507
11 13 F  522 4495
11 14 F  522 4494
11 15 F  522 4503
11 16 F  524 4390
11 17 F  523 4446
11 18 F  522 4530
11 19 F  523 4432
11 20 F  522 4517
11 21 F  522 4519
11 22 F  522 4508
11 23 F  522 4504
11 24 F  522 4503
11 25 F  522 4500
11 26 F  522 4502
11 27 F  522 4492
11 28 F  522 4497
11 29 F  522 4500
11 30 F  522 4525
12  1 H   -6 4507
12  2 H   -6 4512
12  3 H   -6 4493
12  4 H   -6 4493
12  5 H   -6 4499
12  6 H   -6 4501
12  7 H   -6 4501
12  8 H   -6 4513
12  9 H   -6 4504
12 10 H   -6 4501
12 11 H   -6 4497
12 12 H   -6 4506
12 13 H   -6 4498
12 14 H   -6 4483
12 15 H   -6 4510
12 16 H   -6 4500
12 17 H   -6 4494
12 18 H   -6 4502
12 19 H   -6 4500
12 20 H   -6 4509
12 21 H   -6 4496
12 22 H   -6 4500
12 23 H   -6 4504
12 24 H   -6 4506
12 25 H   -6 4511
12 26 H   -6 4496
12 27 H   -6 4497
12 28 H   -6 4504
12 29 H   -6 4502
12 30 H   -6 4502
12 31 H   -6 4494
12  1 D  280 4156
12  2 D  279 4594
12  3 D  279 4692
12  4 D  279 4646
12  5 D  279 4647
12  6 D  279 4719
12  7 D  279 4667
12  8 D  280 4167
12  9 D  279 4686
12 10 D  279 4737
12 11 D  279 4526
12 12 D  280 4206
12 13 D  279 4710
12 14 D  279 4696
12 15 D  279 4729
12 16 D  279 4635
12 17 D  279 4625
12 18 D  279 4758
12 19 D  280 4160
12 20 D  279 4726
12 21 D  279 4676
12 22 D  279 4620
12 23 D  279 4669
12 24 D  279 4735
12 25 D  280 4196
12 26 D  279 4744
12 27 D  279 4596
12 28 D  280 4104
12 29 D  279 4675
12 30 D  279 4660
12 31 D  279 4541
12  1 Z  521 4474
12  2 Z  521 4492
12  3 Z  521 4478
12  4 Z  521 4493
12  5 Z  521 4484
12  6 Z  521 4481
12  7 Z  521 4480
12  8 Z  521 4466
12  9 Z  521 4463
12 10 Z  521 4456
12 11 Z  521 4458
12 12 Z  521 4472
12 13 Z  521 4482
12 14 Z  521 4472
12 15 Z  521 4470
12 16 Z  521 4490
12 17 Z  521 4487
12 18 Z  521 4471
12 19 Z  521 4460
12 20 Z  521 4456
12 21 Z  521 4457
12 22 Z  521 4456
12 23 Z  521 4461
12 24 Z  521 4454
12 25 Z  521 4453
12 26 Z  521 4476
12 27 Z  521 4468
12 28 Z  521 4495
12 29 Z  521 4487
12 30 Z  521 4486
12 31 Z  521 4488
12  1 F  522 4509
12  2 F  522 4527
12  3 F  522 4512
12  4 F  523 4427
12  5 F  522 4518
12  6 F  522 4516
12  7 F  522 4515
12  8 F  522 4501
12  9 F  522 4497
12 10 F  522 4490
12 11 F  522 4492
12 12 F  522 4507
12 13 F  523 4416
12 14 F  522 4505
12 15 F  522 4505
12 16 F  522 4525
12 17 F  522 4521
12 18 F  522 4506
12 19 F  522 4494
12 20 F  522 4491
12 21 F  522 4491
12 22 F  522 4490
12 23 F  522 4496
12 24 F  522 4489
12 25 F  522 4488
12 26 F  522 4510
12 27 F  522 4502
12 28 F  522 4530
12 29 F  522 4521
12 30 F  523 4420
12 31 F  522 4522
