 1  1 X    0  800
 1  2 X    0  803
 1  3 X    0  813
 1  4 X    0  806
 1  5 X    0  809
 1  6 X    0  804
 1  7 X    0  800
 1  8 X    0  811
 1  9 X    0  811
 1 10 X    0  809
 1 11 X    0  807
 1 12 X    0  806
 1 13 X    0  802
 1 14 X    0  813
 1 15 X    0  802
 1 16 X    0  792
 1 17 X    0  816
 1 18 X    0  814
 1 19 X    0  797
 1 20 X    0  802
 1 21 X    0  807
 1 22 X    0  804
 1 23 X    0  816
 1 24 X    0  805
 1 25 X    0  810
 1 26 X    0  811
 1 27 X    0  799
 1 28 X    0  806
 1 29 X    0  820
 1 30 X    0  803
 1 31 X    0  812
 1  1 Y  -50 1128
 1  2 Y  -50 1143
 1  3 Y  -50 1129
 1  4 Y  -50 1127
 1  5 Y  -50 1126
 1  6 Y  -50 1126
 1  7 Y  -50 1126
 1  8 Y  -50 1131
 1  9 Y  -50 1120
 1 10 Y  -50 1124
 1 11 Y  -50 1124
 1 12 Y  -50 1121
 1 13 Y  -50 1129
 1 14 Y  -50 1126
 1 15 Y  -50 1121
 1 16 Y  -50 1138
 1 17 Y  -50 1114
 1 18 Y  -50 1127
 1 19 Y  -50 1122
 1 20 Y  -50 1127
 1 21 Y  -50 1130
 1 22 Y  -50 1122
 1 23 Y  -50 1122
 1 24 Y  -50 1136
 1 25 Y  -50 1124
 1 26 Y  -50 1122
 1 27 Y  -50 1131
 1 28 Y  -50 1118
 1 29 Y  -50 1120
 1 30 Y  -50 1136
 1 31 Y  -50 1119
 1  1 Z  550 1384
 1  2 Z  550 1414
 1  3 Z  550 1405
 1  4 Z  550 1394
 1  5 Z  550 1397
 1  6 Z  550 1393
 1  7 Z  550 1394
 1  8 Z  550 1399
 1  9 Z  550 1403
 1 10 Z  550 1398
 1 11 Z  550 1393
 1 12 Z  550 1396
 1 13 Z  550 1392
 1 14 Z  550 1396
 1 15 Z  550 1397
 1 16 Z  550 1414
 1 17 Z  550 1423
 1 18 Z  550 1407
 1 19 Z  550 1393
 1 20 Z  550 1393
 1 21 Z  550 1397
 1 22 Z  550 1391
 1 23 Z  550 1398
 1 24 Z  550 1403
 1 25 Z  550 1396
 1 26 Z  550 1394
 1 27 Z  550 1394
 1 28 Z  550 1391
 1 29 Z  550 1398
 1 30 Z  550 1400
 1 31 Z  550 1400
 2  1 X    0  807
 2  2 X    0  795
 2  3 X    0  813
 2  4 X    0  794
 2  5 X    0  809
 2  6 X    0  811
 2  7 X    0  810
 2  8 X    0  804
 2  9 X    0  809
 2 10 X    0  796
 2 11 X    0  810
 2 12 X    0  809
 2 13 X    0  809
 2 14 X    0  804
 2 15 X    0  809
 2 16 X    0  810
 2 17 X    0  787
 2 18 X    0  810
 2 19 X    0  809
 2 20 X    0  804
 2 21 X    0  812
 2 22 X    0  806
 2 23 X    0  811
 2 24 X    0  803
 2 25 X    0  812
 2 26 X    0  830
 2 27 X    0  808
 2 28 X    0  816
 2  1 Y  -50 1113
 2  2 Y  -50 1122
 2  3 Y  -50 1122
 2  4 Y  -50 1141
 2  5 Y  -50 1118
 2  6 Y  -50 1124
 2  7 Y  -50 1124
 2  8 Y  -50 1125
 2  9 Y  -50 1131
 2 10 Y  -50 1132
 2 11 Y  -50 1124
 2 12 Y  -50 1124
 2 13 Y  -50 1127
 2 14 Y  -50 1134
 2 15 Y  -50 1125
 2 16 Y  -50 1132
 2 17 Y  -50 1129
 2 18 Y  -50 1124
 2 19 Y  -50 1127
 2 20 Y  -50 1125
 2 21 Y  -50 1123
 2 22 Y  -50 1123
 2 23 Y  -50 1117
 2 24 Y  -50 1137
 2 25 Y  -50 1116
 2 26 Y  -50 1144
 2 27 Y  -50 1121
 2 28 Y  -50 1143
 2  1 Z  550 1392
 2  2 Z  550 1406
 2  3 Z  550 1406
 2  4 Z  550 1406
 2  5 Z  550 1410
 2  6 Z  550 1401
 2  7 Z  550 1399
 2  8 Z  550 1391
 2  9 Z  550 1395
 2 10 Z  550 1383
 2 11 Z  550 1390
 2 12 Z  550 1393
 2 13 Z  550 1392
 2 14 Z  550 1397
 2 15 Z  550 1396
 2 16 Z  550 1393
 2 17 Z  550 1392
 2 18 Z  550 1402
 2 19 Z  550 1400
 2 20 Z  550 1391
 2 21 Z  550 1397
 2 22 Z  550 1388
 2 23 Z  550 1395
 2 24 Z  550 1389
 2 25 Z  550 1386
 2 26 Z  550 1392
 2 27 Z  550 1386
 2 28 Z  550 1413
 3  1 X    0  822
 3  2 X    0  817
 3  3 X    0  789
 3  4 X    0  791
 3  5 X    0  788
 3  6 X    0  775
 3  7 X    0  805
 3  8 X    0  806
 3  9 X    0  803
 3 10 X    0  806
 3 11 X    0  809
 3 12 X    0  833
 3 13 X    0  810
 3 14 X    0  812
 3 15 X    0  815
 3 16 X    0  811
 3 17 X    0  800
 3 18 X    0  804
 3 19 X    0  808
 3 20 X    0  806
 3 21 X    0  814
 3 22 X    0  817
 3 23 X    0  812
 3 24 X    0  806
 3 25 X    0  822
 3 26 X    0  808
 3 27 X    0  787
 3 28 X    0  819
 3 29 X    0  804
 3 30 X    0  826
 3 31 X    0  853
 3  1 Y  -50 1148
 3  2 Y  -50 1120
 3  3 Y  -50 1132
 3  4 Y  -50 1151
 3  5 Y  -50 1141
 3  6 Y  -50 1116
 3  7 Y  -50 1147
 3  8 Y  -50 1187
 3  9 Y  -50 1135
 3 10 Y  -50 1119
 3 11 Y  -50 1120
 3 12 Y  -50 1133
 3 13 Y  -50 1135
 3 14 Y  -50 1127
 3 15 Y  -50 1128
 3 16 Y  -50 1121
 3 17 Y  -50 1121
 3 18 Y  -50 1125
 3 19 Y  -50 1122
 3 20 Y  -50 1126
 3 21 Y  -50 1123
 3 22 Y  -50 1122
 3 23 Y  -50 1128
 3 24 Y  -50 1118
 3 25 Y  -50 1117
 3 26 Y  -50 1130
 3 27 Y  -50 1110
 3 28 Y  -50 1140
 3 29 Y  -50 1132
 3 30 Y  -50 1147
 3 31 Y  -50 1121
 3  1 Z  550 1423
 3  2 Z  550 1423
 3  3 Z  550 1408
 3  4 Z  550 1412
 3  5 Z  550 1425
 3  6 Z  550 1391
 3  7 Z  550 1421
 3  8 Z  550 1433
 3  9 Z  550 1443
 3 10 Z  550 1424
 3 11 Z  550 1412
 3 12 Z  550 1434
 3 13 Z  550 1404
 3 14 Z  550 1426
 3 15 Z  550 1400
 3 16 Z  550 1393
 3 17 Z  550 1379
 3 18 Z  550 1395
 3 19 Z  550 1399
 3 20 Z  550 1400
 3 21 Z  550 1400
 3 22 Z  550 1410
 3 23 Z  550 1392
 3 24 Z  550 1402
 3 25 Z  550 1368
 3 26 Z  550 1387
 3 27 Z  550 1386
 3 28 Z  550 1386
 3 29 Z  550 1381
 3 30 Z  550 1425
 3 31 Z  550 1435
 4  1 X    0  821
 4  2 X    0  810
 4  3 X    0  824
 4  4 X    0  825
 4  5 X    0  815
 4  6 X    0  829
 4  7 X    0  825
 4  8 X    0  819
 4  9 X    0  844
 4 10 X    0  800
 4 11 X    0  827
 4 12 X    0  825
 4 13 X    0  814
 4 14 X    0  810
 4 15 X    0  793
 4 16 X    0  791
 4 17 X    0  811
 4 18 X    0  824
 4 19 X    0  835
 4 20 X    0  820
 4 21 X    0  806
 4 22 X    0  836
 4 23 X    0  806
 4 24 X    0  830
 4 25 X    0  828
 4 26 X    0  785
 4 27 X    0  828
 4 28 X    0  824
 4 29 X    0  818
 4 30 X    0  812
 4  1 Y  -50 1125
 4  2 Y  -50 1132
 4  3 Y  -50 1116
 4  4 Y  -50 1132
 4  5 Y  -50 1128
 4  6 Y  -50 1159
 4  7 Y  -50 1130
 4  8 Y  -50 1118
 4  9 Y  -50 1132
 4 10 Y  -50 1114
 4 11 Y  -50 1131
 4 12 Y  -50 1133
 4 13 Y  -50 1123
 4 14 Y  -50 1121
 4 15 Y  -50 1150
 4 16 Y  -50 1081
 4 17 Y  -50 1141
 4 18 Y  -50 1142
 4 19 Y  -50 1107
 4 20 Y  -50 1116
 4 21 Y  -50 1174
 4 22 Y  -50 1106
 4 23 Y  -50 1165
 4 24 Y  -50 1138
 4 25 Y  -50 1130
 4 26 Y  -50 1133
 4 27 Y  -50 1129
 4 28 Y  -50 1126
 4 29 Y  -50 1150
 4 30 Y  -50 1111
 4  1 Z  550 1371
 4  2 Z  550 1401
 4  3 Z  550 1391
 4  4 Z  550 1420
 4  5 Z  550 1378
 4  6 Z  550 1380
 4  7 Z  550 1418
 4  8 Z  550 1382
 4  9 Z  550 1374
 4 10 Z  550 1378
 4 11 Z  550 1350
 4 12 Z  550 1361
 4 13 Z  550 1391
 4 14 Z  550 1384
 4 15 Z  550 1377
 4 16 Z  550 1400
 4 17 Z  550 1413
 4 18 Z  550 1406
 4 19 Z  550 1349
 4 20 Z  550 1344
 4 21 Z  550 1394
 4 22 Z  550 1443
 4 23 Z  550 1448
 4 24 Z  550 1451
 4 25 Z  550 1451
 4 26 Z  550 1438
 4 27 Z  550 1429
 4 28 Z  550 1450
 4 29 Z  550 1429
 4 30 Z  550 1371
 5  1 X    0  819
 5  2 X    0  824
 5  3 X    0  814
 5  4 X    0  806
 5  5 X    0  831
 5  6 X    0  863
 5  7 X    0  820
 5  8 X    0  807
 5  9 X    0  826
 5 10 X    0  834
 5 11 X    0  815
 5 12 X    0  822
 5 13 X    0  805
 5 14 X    0  784
 5 15 X    0  830
 5 16 X    0  809
 5 17 X    0  847
 5 18 X    0  832
 5 19 X    0  848
 5 20 X    0  817
 5 21 X    0  826
 5 22 X    0  796
 5 23 X    0  797
 5 24 X    0  806
 5 25 X    0  822
 5 26 X    0  797
 5 27 X    0  788
 5 28 X    0  858
 5 29 X    0  863
 5 30 X    0  858
 5 31 X    0  857
 5  1 Y  -50 1123
 5  2 Y  -50 1132
 5  3 Y  -50 1131
 5  4 Y  -50 1139
 5  5 Y  -50 1136
 5  6 Y  -50 1132
 5  7 Y  -50 1132
 5  8 Y  -50 1128
 5  9 Y  -50 1114
 5 10 Y  -50 1122
 5 11 Y  -50 1120
 5 12 Y  -50 1161
 5 13 Y  -50 1112
 5 14 Y  -50 1147
 5 15 Y  -50 1123
 5 16 Y  -50 1155
 5 17 Y  -50 1102
 5 18 Y  -50 1119
 5 19 Y  -50 1100
 5 20 Y  -50 1159
 5 21 Y  -50 1155
 5 22 Y  -50 1161
 5 23 Y  -50 1147
 5 24 Y  -50 1145
 5 25 Y  -50 1146
 5 26 Y  -50 1144
 5 27 Y  -50 1158
 5 28 Y  -50 1152
 5 29 Y  -50 1100
 5 30 Y  -50 1130
 5 31 Y  -50 1158
 5  1 Z  550 1346
 5  2 Z  550 1369
 5  3 Z  550 1322
 5  4 Z  550 1346
 5  5 Z  550 1375
 5  6 Z  550 1307
 5  7 Z  550 1377
 5  8 Z  550 1334
 5  9 Z  550 1344
 5 10 Z  550 1387
 5 11 Z  550 1359
 5 12 Z  550 1429
 5 13 Z  550 1411
 5 14 Z  550 1386
 5 15 Z  550 1420
 5 16 Z  550 1429
 5 17 Z  550 1292
 5 18 Z  550 1288
 5 19 Z  550 1284
 5 20 Z  550 1419
 5 21 Z  550 1435
 5 22 Z  550 1436
 5 23 Z  550 1435
 5 24 Z  550 1440
 5 25 Z  550 1385
 5 26 Z  550 1410
 5 27 Z  550 1401
 5 28 Z  550 1305
 5 29 Z  550 1297
 5 30 Z  550 1325
 5 31 Z  550 1371
 6  1 X    0  815
 6  2 X    0  826
 6  3 X    0  857
 6  4 X    0  853
 6  5 X    0  846
 6  6 X    0  845
 6  7 X    0  798
 6  8 X    0  808
 6  9 X    0  750
 6 10 X    0  791
 6 11 X    0  782
 6 12 X    0  815
 6 13 X    0  810
 6 14 X    0  770
 6 15 X    0  822
 6 16 X    0  786
 6 17 X    0  773
 6 18 X    0  832
 6 19 X    0  768
 6 20 X    0  829
 6 21 X    0  863
 6 22 X    0  800
 6 23 X    0  846
 6 24 X    0  820
 6 25 X    0  866
 6 26 X    0  840
 6 27 X    0  891
 6 28 X    0  875
 6 29 X    0  808
 6 30 X    0  860
 6  1 Y  -50 1150
 6  2 Y  -50 1145
 6  3 Y  -50 1127
 6  4 Y  -50 1128
 6  5 Y  -50 1117
 6  6 Y  -50 1118
 6  7 Y  -50 1145
 6  8 Y  -50 1148
 6  9 Y  -50 1169
 6 10 Y  -50 1142
 6 11 Y  -50 1176
 6 12 Y  -50 1152
 6 13 Y  -50 1161
 6 14 Y  -50 1142
 6 15 Y  -50 1153
 6 16 Y  -50 1151
 6 17 Y  -50 1197
 6 18 Y  -50 1188
 6 19 Y  -50 1146
 6 20 Y  -50 1139
 6 21 Y  -50 1124
 6 22 Y  -50 1129
 6 23 Y  -50 1102
 6 24 Y  -50 1100
 6 25 Y  -50 1134
 6 26 Y  -50 1143
 6 27 Y  -50 1166
 6 28 Y  -50 1113
 6 29 Y  -50 1143
 6 30 Y  -50 1088
 6  1 Z  550 1315
 6  2 Z  550 1349
 6  3 Z  550 1282
 6  4 Z  550 1304
 6  5 Z  550 1379
 6  6 Z  550 1318
 6  7 Z  550 1302
 6  8 Z  550 1453
 6  9 Z  550 1502
 6 10 Z  550 1412
 6 11 Z  550 1474
 6 12 Z  550 1429
 6 13 Z  550 1433
 6 14 Z  550 1467
 6 15 Z  550 1421
 6 16 Z  550 1476
 6 17 Z  550 1470
 6 18 Z  550 1404
 6 19 Z  550 1459
 6 20 Z  550 1397
 6 21 Z  550 1381
 6 22 Z  550 1406
 6 23 Z  550 1404
 6 24 Z  550 1263
 6 25 Z  550 1255
 6 26 Z  550 1270
 6 27 Z  550 1429
 6 28 Z  550 1356
 6 29 Z  550 1336
 6 30 Z  550 1380
 7  1 X    0  876
 7  2 X    0  858
 7  3 X    0  839
 7  4 X    0  852
 7  5 X    0  813
 7  6 X    0  859
 7  7 X    0  785
 7  8 X    0  813
 7  9 X    0  828
 7 10 X    0  819
 7 11 X    0  808
 7 12 X    0  818
 7 13 X    0  793
 7 14 X    0  792
 7 15 X    0  808
 7 16 X    0  801
 7 17 X    0  780
 7 18 X    0  803
 7 19 X    0  812
 7 20 X    0  790
 7 21 X    0  804
 7 22 X    0  800
 7 23 X    0  865
 7 24 X    0  841
 7 25 X    0  898
 7 26 X    0  843
 7 27 X    0  808
 7 28 X    0  807
 7 29 X    0  881
 7 30 X    0  818
 7 31 X    0  824
 7  1 Y  -50 1115
 7  2 Y  -50 1131
 7  3 Y  -50 1058
 7  4 Y  -50 1108
 7  5 Y  -50 1138
 7  6 Y  -50 1125
 7  7 Y  -50 1125
 7  8 Y  -50 1130
 7  9 Y  -50 1129
 7 10 Y  -50 1158
 7 11 Y  -50 1159
 7 12 Y  -50 1145
 7 13 Y  -50 1155
 7 14 Y  -50 1140
 7 15 Y  -50 1118
 7 16 Y  -50 1147
 7 17 Y  -50 1183
 7 18 Y  -50 1128
 7 19 Y  -50 1130
 7 20 Y  -50 1129
 7 21 Y  -50 1158
 7 22 Y  -50 1144
 7 23 Y  -50 1122
 7 24 Y  -50 1137
 7 25 Y  -50 1031
 7 26 Y  -50 1105
 7 27 Y  -50 1177
 7 28 Y  -50 1116
 7 29 Y  -50 1167
 7 30 Y  -50 1111
 7 31 Y  -50 1144
 7  1 Z  550 1278
 7  2 Z  550 1312
 7  3 Z  550 1375
 7  4 Z  550 1368
 7  5 Z  550 1405
 7  6 Z  550 1448
 7  7 Z  550 1441
 7  8 Z  550 1388
 7  9 Z  550 1377
 7 10 Z  550 1347
 7 11 Z  550 1470
 7 12 Z  550 1434
 7 13 Z  550 1453
 7 14 Z  550 1452
 7 15 Z  550 1462
 7 16 Z  550 1453
 7 17 Z  550 1466
 7 18 Z  550 1427
 7 19 Z  550 1414
 7 20 Z  550 1412
 7 21 Z  550 1363
 7 22 Z  550 1423
 7 23 Z  550 1305
 7 24 Z  550 1294
 7 25 Z  550 1328
 7 26 Z  550 1424
 7 27 Z  550 1407
 7 28 Z  550 1434
 7 29 Z  550 1381
 7 30 Z  550 1344
 7 31 Z  550 1371
 8  1 X    0  812
 8  2 X    0  823
 8  3 X    0  798
 8  4 X    0  805
 8  5 X    0  826
 8  6 X    0  797
 8  7 X    0  776
 8  8 X    0  802
 8  9 X    0  816
 8 10 X    0  816
 8 11 X    0  811
 8 12 X    0  802
 8 13 X    0  807
 8 14 X    0  800
 8 15 X    0  794
 8 16 X    0  803
 8 17 X    0  868
 8 18 X    0  839
 8 19 X    0  840
 8 20 X    0  832
 8 21 X    0  829
 8 22 X    0  832
 8 23 X    0  838
 8 24 X    0  838
 8 25 X    0  833
 8 26 X    0  845
 8 27 X    0  820
 8 28 X    0  811
 8 29 X    0  841
 8 30 X    0  824
 8 31 X    0  817
 8  1 Y  -50 1123
 8  2 Y  -50 1117
 8  3 Y  -50 1152
 8  4 Y  -50 1153
 8  5 Y  -50 1121
 8  6 Y  -50 1123
 8  7 Y  -50 1152
 8  8 Y  -50 1158
 8  9 Y  -50 1125
 8 10 Y  -50 1139
 8 11 Y  -50 1141
 8 12 Y  -50 1113
 8 13 Y  -50 1146
 8 14 Y  -50 1140
 8 15 Y  -50 1139
 8 16 Y  -50 1127
 8 17 Y  -50 1151
 8 18 Y  -50 1152
 8 19 Y  -50 1133
 8 20 Y  -50 1121
 8 21 Y  -50 1127
 8 22 Y  -50 1154
 8 23 Y  -50 1139
 8 24 Y  -50 1146
 8 25 Y  -50 1115
 8 26 Y  -50 1157
 8 27 Y  -50 1137
 8 28 Y  -50 1146
 8 29 Y  -50 1145
 8 30 Y  -50 1125
 8 31 Y  -50 1152
 8  1 Z  550 1419
 8  2 Z  550 1451
 8  3 Z  550 1472
 8  4 Z  550 1462
 8  5 Z  550 1418
 8  6 Z  550 1380
 8  7 Z  550 1483
 8  8 Z  550 1517
 8  9 Z  550 1445
 8 10 Z  550 1439
 8 11 Z  550 1418
 8 12 Z  550 1425
 8 13 Z  550 1417
 8 14 Z  550 1443
 8 15 Z  550 1525
 8 16 Z  550 1347
 8 17 Z  550 1493
 8 18 Z  550 1423
 8 19 Z  550 1404
 8 20 Z  550 1435
 8 21 Z  550 1389
 8 22 Z  550 1398
 8 23 Z  550 1375
 8 24 Z  550 1328
 8 25 Z  550 1324
 8 26 Z  550 1380
 8 27 Z  550 1354
 8 28 Z  550 1393
 8 29 Z  550 1388
 8 30 Z  550 1356
 8 31 Z  550 1373
 9  1 X    0  803
 9  2 X    0  812
 9  3 X    0  821
 9  4 X    0  794
 9  5 X    0  794
 9  6 X    0  802
 9  7 X    0  808
 9  8 X    0  800
 9  9 X    0  786
 9 10 X    0  820
 9 11 X    0  803
 9 12 X    0  815
 9 13 X    0  812
 9 14 X    0  806
 9 15 X    0  820
 9 16 X    0  829
 9 17 X    0  810
 9 18 X    0  817
 9 19 X    0  818
 9 20 X    0  813
 9 21 X    0  814
 9 22 X    0  816
 9 23 X    0  824
 9 24 X    0  814
 9 25 X    0  821
 9 26 X    0  808
 9 27 X    0  798
 9 28 X    0  812
 9 29 X    0  808
 9 30 X    0  809
 9  1 Y  -50 1184
 9  2 Y  -50 1158
 9  3 Y  -50 1147
 9  4 Y  -50 1145
 9  5 Y  -50 1154
 9  6 Y  -50 1149
 9  7 Y  -50 1135
 9  8 Y  -50 1165
 9  9 Y  -50 1137
 9 10 Y  -50 1123
 9 11 Y  -50 1141
 9 12 Y  -50 1128
 9 13 Y  -50 1144
 9 14 Y  -50 1155
 9 15 Y  -50 1119
 9 16 Y  -50 1131
 9 17 Y  -50 1119
 9 18 Y  -50 1129
 9 19 Y  -50 1146
 9 20 Y  -50 1145
 9 21 Y  -50 1151
 9 22 Y  -50 1134
 9 23 Y  -50 1145
 9 24 Y  -50 1123
 9 25 Y  -50 1134
 9 26 Y  -50 1118
 9 27 Y  -50 1123
 9 28 Y  -50 1125
 9 29 Y  -50 1137
 9 30 Y  -50 1136
 9  1 Z  550 1433
 9  2 Z  550 1445
 9  3 Z  550 1456
 9  4 Z  550 1449
 9  5 Z  550 1452
 9  6 Z  550 1438
 9  7 Z  550 1429
 9  8 Z  550 1444
 9  9 Z  550 1449
 9 10 Z  550 1460
 9 11 Z  550 1457
 9 12 Z  550 1428
 9 13 Z  550 1401
 9 14 Z  550 1411
 9 15 Z  550 1410
 9 16 Z  550 1418
 9 17 Z  550 1401
 9 18 Z  550 1391
 9 19 Z  550 1413
 9 20 Z  550 1395
 9 21 Z  550 1424
 9 22 Z  550 1418
 9 23 Z  550 1414
 9 24 Z  550 1413
 9 25 Z  550 1409
 9 26 Z  550 1431
 9 27 Z  550 1421
 9 28 Z  550 1432
 9 29 Z  550 1437
 9 30 Z  550 1477
10  1 X    0  798
10  2 X    0  809
10  3 X    0  799
10  4 X    0  808
10  5 X    0  807
10  6 X    0  808
10  7 X    0  811
10  8 X    0  809
10  9 X    0  810
10 10 X    0  793
10 11 X    0  816
10 12 X    0  837
10 13 X    0  804
10 14 X    0  814
10 15 X    0  814
10 16 X    0  781
10 17 X    0  792
10 18 X    0  805
10 19 X    0  807
10 20 X    0  819
10 21 X    0  805
10 22 X    0  789
10 23 X    0  782
10 24 X    0  816
10 25 X    0  805
10 26 X    0  809
10 27 X    0  807
10 28 X    0  791
10 29 X    0  791
10 30 X    0  813
10 31 X    0  808
10  1 Y  -50 1135
10  2 Y  -50 1134
10  3 Y  -50 1137
10  4 Y  -50 1135
10  5 Y  -50 1137
10  6 Y  -50 1133
10  7 Y  -50 1130
10  8 Y  -50 1132
10  9 Y  -50 1134
10 10 Y  -50 1131
10 11 Y  -50 1144
10 12 Y  -50 1132
10 13 Y  -50 1139
10 14 Y  -50 1130
10 15 Y  -50 1123
10 16 Y  -50 1163
10 17 Y  -50 1148
10 18 Y  -50 1125
10 19 Y  -50 1146
10 20 Y  -50 1150
10 21 Y  -50 1131
10 22 Y  -50 1146
10 23 Y  -50 1143
10 24 Y  -50 1146
10 25 Y  -50 1142
10 26 Y  -50 1139
10 27 Y  -50 1129
10 28 Y  -50 1113
10 29 Y  -50 1131
10 30 Y  -50 1137
10 31 Y  -50 1144
10  1 Z  550 1442
10  2 Z  550 1448
10  3 Z  550 1442
10  4 Z  550 1450
10  5 Z  550 1453
10  6 Z  550 1447
10  7 Z  550 1438
10  8 Z  550 1442
10  9 Z  550 1437
10 10 Z  550 1436
10 11 Z  550 1436
10 12 Z  550 1452
10 13 Z  550 1423
10 14 Z  550 1433
10 15 Z  550 1425
10 16 Z  550 1420
10 17 Z  550 1455
10 18 Z  550 1457
10 19 Z  550 1445
10 20 Z  550 1453
10 21 Z  550 1451
10 22 Z  550 1451
10 23 Z  550 1447
10 24 Z  550 1450
10 25 Z  550 1440
10 26 Z  550 1436
10 27 Z  550 1446
10 28 Z  550 1442
10 29 Z  550 1452
10 30 Z  550 1462
10 31 Z  550 1454
11  1 X    0  812
11  2 X    0  813
11  3 X    0  793
11  4 X    0  807
11  5 X    0  802
11  6 X    0  814
11  7 X    0  840
11  8 X    0  809
11  9 X    0  810
11 10 X    0  805
11 11 X    0  803
11 12 X    0  818
11 13 X    0  795
11 14 X    0  804
11 15 X    0  804
11 16 X    0  801
11 17 X    0  819
11 18 X    0  795
11 19 X    0  817
11 20 X    0  812
11 21 X    0  804
11 22 X    0  786
11 23 X    0  804
11 24 X    0  803
11 25 X    0  798
11 26 X    0  803
11 27 X    0  806
11 28 X    0  811
11 29 X    0  811
11 30 X    0  811
11  1 Y  -50 1137
11  2 Y  -50 1146
11  3 Y  -50 1134
11  4 Y  -50 1137
11  5 Y  -50 1123
11  6 Y  -50 1147
11  7 Y  -50 1141
11  8 Y  -50 1126
11  9 Y  -50 1138
11 10 Y  -50 1144
11 11 Y  -50 1142
11 12 Y  -50 1151
11 13 Y  -50 1141
11 14 Y  -50 1132
11 15 Y  -50 1138
11 16 Y  -50 1135
11 17 Y  -50 1131
11 18 Y  -50 1149
11 19 Y  -50 1109
11 20 Y  -50 1126
11 21 Y  -50 1179
11 22 Y  -50 1141
11 23 Y  -50 1146
11 24 Y  -50 1141
11 25 Y  -50 1137
11 26 Y  -50 1134
11 27 Y  -50 1146
11 28 Y  -50 1141
11 29 Y  -50 1134
11 30 Y  -50 1133
11  1 Z  550 1447
11  2 Z  550 1443
11  3 Z  550 1447
11  4 Z  550 1458
11  5 Z  550 1442
11  6 Z  550 1436
11  7 Z  550 1492
11  8 Z  550 1459
11  9 Z  550 1457
11 10 Z  550 1463
11 11 Z  550 1471
11 12 Z  550 1458
11 13 Z  550 1451
11 14 Z  550 1451
11 15 Z  550 1446
11 16 Z  550 1439
11 17 Z  550 1443
11 18 Z  550 1449
11 19 Z  550 1468
11 20 Z  550 1441
11 21 Z  550 1438
11 22 Z  550 1461
11 23 Z  550 1477
11 24 Z  550 1463
11 25 Z  550 1458
11 26 Z  550 1452
11 27 Z  550 1458
11 28 Z  550 1457
11 29 Z  550 1452
11 30 Z  550 1446
12  1 X    0  813
12  2 X    0  804
12  3 X    0  812
12  4 X    0  805
12  5 X    0  819
12  6 X    0  799
12  7 X    0  795
12  8 X    0  810
12  9 X    0  809
12 10 X    0  802
12 11 X    0  811
12 12 X    0  807
12 13 X    0  801
12 14 X    0  814
12 15 X    0  816
12 16 X    0  803
12 17 X    0  810
12 18 X    0  808
12 19 X    0  811
12 20 X    0  812
12 21 X    0  814
12 22 X    0  809
12 23 X    0  807
12 24 X    0  808
12 25 X    0  799
12 26 X    0  809
12 27 X    0  791
12 28 X    0  786
12 29 X    0  803
12 30 X    0  811
12 31 X    0  810
12  1 Y  -50 1136
12  2 Y  -50 1134
12  3 Y  -50 1132
12  4 Y  -50 1130
12  5 Y  -50 1138
12  6 Y  -50 1148
12  7 Y  -50 1136
12  8 Y  -50 1144
12  9 Y  -50 1137
12 10 Y  -50 1140
12 11 Y  -50 1136
12 12 Y  -50 1141
12 13 Y  -50 1136
12 14 Y  -50 1124
12 15 Y  -50 1157
12 16 Y  -50 1136
12 17 Y  -50 1136
12 18 Y  -50 1134
12 19 Y  -50 1129
12 20 Y  -50 1145
12 21 Y  -50 1132
12 22 Y  -50 1138
12 23 Y  -50 1140
12 24 Y  -50 1122
12 25 Y  -50 1139
12 26 Y  -50 1136
12 27 Y  -50 1138
12 28 Y  -50 1134
12 29 Y  -50 1134
12 30 Y  -50 1133
12 31 Y  -50 1134
12  1 Z  550 1434
12  2 Z  550 1434
12  3 Z  550 1440
12  4 Z  550 1437
12  5 Z  550 1445
12  6 Z  550 1445
12  7 Z  550 1440
12  8 Z  550 1461
12  9 Z  550 1451
12 10 Z  550 1445
12 11 Z  550 1443
12 12 Z  550 1446
12 13 Z  550 1450
12 14 Z  550 1507
12 15 Z  550 1485
12 16 Z  550 1468
12 17 Z  550 1457
12 18 Z  550 1451
12 19 Z  550 1453
12 20 Z  550 1459
12 21 Z  550 1456
12 22 Z  550 1455
12 23 Z  550 1453
12 24 Z  550 1470
12 25 Z  550 1460
12 26 Z  550 1457
12 27 Z  550 1460
12 28 Z  550 1465
12 29 Z  550 1458
12 30 Z  550 1459
12 31 Z  550 1452
