 1  1 X    0  928
 1  2 X    0  928
 1  3 X    0  931
 1  4 X    0  920
 1  5 X    0  925
 1  6 X    0  939
 1  7 X    0  940
 1  8 X    0  937
 1  9 X    0  935
 1 10 X    0  937
 1 11 X    0  918
 1 12 X    0  940
 1 13 X    0  934
 1 14 X    0  928
 1 15 X    0  940
 1 16 X    0  930
 1 17 X    0  939
 1 18 X    0  949
 1 19 X    0  924
 1 20 X    0  945
 1 21 X    0  941
 1 22 X    0  933
 1 23 X    0  935
 1 24 X    0  941
 1 25 X    0  930
 1 26 X    0  936
 1 27 X    0  931
 1 28 X    0  920
 1 29 X    0  928
 1 30 X    0  922
 1 31 X    0  955
 1  1 Y  -50 1194
 1  2 Y  -50 1183
 1  3 Y  -50 1182
 1  4 Y  -50 1206
 1  5 Y  -50 1177
 1  6 Y  -50 1195
 1  7 Y  -50 1187
 1  8 Y  -50 1194
 1  9 Y  -50 1190
 1 10 Y  -50 1189
 1 11 Y  -50 1199
 1 12 Y  -50 1184
 1 13 Y  -50 1180
 1 14 Y  -50 1190
 1 15 Y  -50 1187
 1 16 Y  -50 1187
 1 17 Y  -50 1194
 1 18 Y  -50 1177
 1 19 Y  -50 1177
 1 20 Y  -50 1182
 1 21 Y  -50 1191
 1 22 Y  -50 1199
 1 23 Y  -50 1184
 1 24 Y  -50 1187
 1 25 Y  -50 1193
 1 26 Y  -50 1187
 1 27 Y  -50 1190
 1 28 Y  -50 1182
 1 29 Y  -50 1206
 1 30 Y  -50 1197
 1 31 Y  -50 1193
 1  1 Z  550 1693
 1  2 Z  550 1689
 1  3 Z  550 1682
 1  4 Z  550 1691
 1  5 Z  550 1683
 1  6 Z  550 1686
 1  7 Z  550 1678
 1  8 Z  550 1678
 1  9 Z  550 1674
 1 10 Z  550 1673
 1 11 Z  550 1684
 1 12 Z  550 1694
 1 13 Z  550 1684
 1 14 Z  550 1693
 1 15 Z  550 1694
 1 16 Z  550 1682
 1 17 Z  550 1680
 1 18 Z  550 1684
 1 19 Z  550 1681
 1 20 Z  550 1687
 1 21 Z  550 1677
 1 22 Z  550 1675
 1 23 Z  550 1669
 1 24 Z  550 1678
 1 25 Z  550 1678
 1 26 Z  550 1679
 1 27 Z  550 1672
 1 28 Z  550 1675
 1 29 Z  550 1698
 1 30 Z  550 1718
 1 31 Z  550 1705
 2  1 X    0  938
 2  2 X    0  944
 2  3 X    0  934
 2  4 X    0  941
 2  5 X    0  946
 2  6 X    0  917
 2  7 X    0  935
 2  8 X    0  923
 2  9 X    0  929
 2 10 X    0  942
 2 11 X    0  944
 2 12 X    0  944
 2 13 X    0  930
 2 14 X    0  921
 2 15 X    0  932
 2 16 X    0  945
 2 17 X    0  929
 2 18 X    0  942
 2 19 X    0  938
 2 20 X    0  941
 2 21 X    0  938
 2 22 X    0  928
 2 23 X    0  930
 2 24 X    0  927
 2 25 X    0  933
 2 26 X    0  936
 2 27 X    0  940
 2 28 X    0  945
 2  1 Y  -50 1179
 2  2 Y  -50 1186
 2  3 Y  -50 1183
 2  4 Y  -50 1188
 2  5 Y  -50 1192
 2  6 Y  -50 1203
 2  7 Y  -50 1190
 2  8 Y  -50 1197
 2  9 Y  -50 1203
 2 10 Y  -50 1197
 2 11 Y  -50 1203
 2 12 Y  -50 1188
 2 13 Y  -50 1188
 2 14 Y  -50 1198
 2 15 Y  -50 1187
 2 16 Y  -50 1188
 2 17 Y  -50 1195
 2 18 Y  -50 1184
 2 19 Y  -50 1192
 2 20 Y  -50 1187
 2 21 Y  -50 1197
 2 22 Y  -50 1191
 2 23 Y  -50 1203
 2 24 Y  -50 1202
 2 25 Y  -50 1186
 2 26 Y  -50 1186
 2 27 Y  -50 1186
 2 28 Y  -50 1176
 2  1 Z  550 1682
 2  2 Z  550 1693
 2  3 Z  550 1685
 2  4 Z  550 1679
 2  5 Z  550 1683
 2  6 Z  550 1680
 2  7 Z  550 1693
 2  8 Z  550 1698
 2  9 Z  550 1703
 2 10 Z  550 1710
 2 11 Z  550 1709
 2 12 Z  550 1689
 2 13 Z  550 1690
 2 14 Z  550 1685
 2 15 Z  550 1687
 2 16 Z  550 1691
 2 17 Z  550 1692
 2 18 Z  550 1684
 2 19 Z  550 1678
 2 20 Z  550 1673
 2 21 Z  550 1679
 2 22 Z  550 1676
 2 23 Z  550 1686
 2 24 Z  550 1685
 2 25 Z  550 1689
 2 26 Z  550 1678
 2 27 Z  550 1678
 2 28 Z  550 1678
 3  1 X    0  930
 3  2 X    0  939
 3  3 X    0  944
 3  4 X    0  942
 3  5 X    0  948
 3  6 X    0  935
 3  7 X    0  953
 3  8 X    0  930
 3  9 X    0  937
 3 10 X    0  946
 3 11 X    0  919
 3 12 X    0  928
 3 13 X    0  946
 3 14 X    0  958
 3 15 X    0  952
 3 16 X    0  940
 3 17 X    0  939
 3 18 X    0  951
 3 19 X    0  944
 3 20 X    0  931
 3 21 X    0  932
 3 22 X    0  958
 3 23 X    0  931
 3 24 X    0  944
 3 25 X    0  936
 3 26 X    0  959
 3 27 X    0  932
 3 28 X    0  934
 3 29 X    0  949
 3 30 X    0  942
 3 31 X    0  943
 3  1 Y  -50 1191
 3  2 Y  -50 1191
 3  3 Y  -50 1189
 3  4 Y  -50 1186
 3  5 Y  -50 1186
 3  6 Y  -50 1194
 3  7 Y  -50 1192
 3  8 Y  -50 1184
 3  9 Y  -50 1211
 3 10 Y  -50 1210
 3 11 Y  -50 1205
 3 12 Y  -50 1191
 3 13 Y  -50 1199
 3 14 Y  -50 1186
 3 15 Y  -50 1198
 3 16 Y  -50 1190
 3 17 Y  -50 1205
 3 18 Y  -50 1176
 3 19 Y  -50 1180
 3 20 Y  -50 1189
 3 21 Y  -50 1194
 3 22 Y  -50 1191
 3 23 Y  -50 1201
 3 24 Y  -50 1193
 3 25 Y  -50 1192
 3 26 Y  -50 1202
 3 27 Y  -50 1197
 3 28 Y  -50 1201
 3 29 Y  -50 1185
 3 30 Y  -50 1192
 3 31 Y  -50 1189
 3  1 Z  550 1678
 3  2 Z  550 1672
 3  3 Z  550 1673
 3  4 Z  550 1668
 3  5 Z  550 1668
 3  6 Z  550 1668
 3  7 Z  550 1674
 3  8 Z  550 1675
 3  9 Z  550 1712
 3 10 Z  550 1722
 3 11 Z  550 1693
 3 12 Z  550 1694
 3 13 Z  550 1704
 3 14 Z  550 1693
 3 15 Z  550 1686
 3 16 Z  550 1686
 3 17 Z  550 1688
 3 18 Z  550 1682
 3 19 Z  550 1659
 3 20 Z  550 1697
 3 21 Z  550 1689
 3 22 Z  550 1687
 3 23 Z  550 1668
 3 24 Z  550 1688
 3 25 Z  550 1684
 3 26 Z  550 1677
 3 27 Z  550 1695
 3 28 Z  550 1687
 3 29 Z  550 1667
 3 30 Z  550 1658
 3 31 Z  550 1663
 4  1 X    0  948
 4  2 X    0  948
 4  3 X    0  941
 4  4 X    0  950
 4  5 X    0  940
 4  6 X    0  905
 4  7 X    0  968
 4  8 X    0  942
 4  9 X    0  935
 4 10 X    0  939
 4 11 X    0  938
 4 12 X    0  935
 4 13 X    0  951
 4 14 X    0  949
 4 15 X    0  971
 4 16 X    0  932
 4 17 X    0  954
 4 18 X    0  958
 4 19 X    0  975
 4 20 X    0  942
 4 21 X    0  946
 4 22 X    0  949
 4 23 X    0  943
 4 24 X    0  950
 4 25 X    0  971
 4 26 X    0  947
 4 27 X    0  953
 4 28 X    0  957
 4 29 X    0  961
 4 30 X    0  944
 4  1 Y  -50 1202
 4  2 Y  -50 1189
 4  3 Y  -50 1183
 4  4 Y  -50 1180
 4  5 Y  -50 1194
 4  6 Y  -50 1168
 4  7 Y  -50 1172
 4  8 Y  -50 1205
 4  9 Y  -50 1216
 4 10 Y  -50 1200
 4 11 Y  -50 1194
 4 12 Y  -50 1199
 4 13 Y  -50 1197
 4 14 Y  -50 1187
 4 15 Y  -50 1174
 4 16 Y  -50 1217
 4 17 Y  -50 1192
 4 18 Y  -50 1202
 4 19 Y  -50 1220
 4 20 Y  -50 1195
 4 21 Y  -50 1187
 4 22 Y  -50 1205
 4 23 Y  -50 1201
 4 24 Y  -50 1197
 4 25 Y  -50 1191
 4 26 Y  -50 1193
 4 27 Y  -50 1181
 4 28 Y  -50 1187
 4 29 Y  -50 1203
 4 30 Y  -50 1193
 4  1 Z  550 1681
 4  2 Z  550 1649
 4  3 Z  550 1676
 4  4 Z  550 1704
 4  5 Z  550 1689
 4  6 Z  550 1687
 4  7 Z  550 1703
 4  8 Z  550 1720
 4  9 Z  550 1710
 4 10 Z  550 1699
 4 11 Z  550 1696
 4 12 Z  550 1688
 4 13 Z  550 1691
 4 14 Z  550 1685
 4 15 Z  550 1643
 4 16 Z  550 1679
 4 17 Z  550 1690
 4 18 Z  550 1694
 4 19 Z  550 1737
 4 20 Z  550 1706
 4 21 Z  550 1698
 4 22 Z  550 1695
 4 23 Z  550 1694
 4 24 Z  550 1685
 4 25 Z  550 1651
 4 26 Z  550 1661
 4 27 Z  550 1635
 4 28 Z  550 1643
 4 29 Z  550 1687
 4 30 Z  550 1678
 5  1 X    0  925
 5  2 X    0  936
 5  3 X    0 1016
 5  4 X    0  915
 5  5 X    0  944
 5  6 X    0  954
 5  7 X    0  938
 5  8 X    0  938
 5  9 X    0  953
 5 10 X    0  971
 5 11 X    0  949
 5 12 X    0  979
 5 13 X    0  948
 5 14 X    0  959
 5 15 X    0  949
 5 16 X    0  934
 5 17 X    0  957
 5 18 X    0  962
 5 19 X    0  945
 5 20 X    0  950
 5 21 X    0  969
 5 22 X    0 1000
 5 23 X    0  971
 5 24 X    0  954
 5 25 X    0 1008
 5 26 X    0  957
 5 27 X    0  976
 5 28 X    0  976
 5 29 X    0  953
 5 30 X    0  981
 5 31 X    0 1005
 5  1 Y  -50 1195
 5  2 Y  -50 1218
 5  3 Y  -50 1178
 5  4 Y  -50 1205
 5  5 Y  -50 1187
 5  6 Y  -50 1208
 5  7 Y  -50 1200
 5  8 Y  -50 1198
 5  9 Y  -50 1198
 5 10 Y  -50 1196
 5 11 Y  -50 1210
 5 12 Y  -50 1187
 5 13 Y  -50 1185
 5 14 Y  -50 1198
 5 15 Y  -50 1217
 5 16 Y  -50 1199
 5 17 Y  -50 1201
 5 18 Y  -50 1192
 5 19 Y  -50 1200
 5 20 Y  -50 1206
 5 21 Y  -50 1183
 5 22 Y  -50 1179
 5 23 Y  -50 1177
 5 24 Y  -50 1182
 5 25 Y  -50 1179
 5 26 Y  -50 1188
 5 27 Y  -50 1187
 5 28 Y  -50 1180
 5 29 Y  -50 1182
 5 30 Y  -50 1198
 5 31 Y  -50 1181
 5  1 Z  550 1679
 5  2 Z  550 1674
 5  3 Z  550 1590
 5  4 Z  550 1632
 5  5 Z  550 1673
 5  6 Z  550 1713
 5  7 Z  550 1698
 5  8 Z  550 1664
 5  9 Z  550 1643
 5 10 Z  550 1622
 5 11 Z  550 1614
 5 12 Z  550 1671
 5 13 Z  550 1663
 5 14 Z  550 1664
 5 15 Z  550 1694
 5 16 Z  550 1717
 5 17 Z  550 1696
 5 18 Z  550 1676
 5 19 Z  550 1668
 5 20 Z  550 1698
 5 21 Z  550 1629
 5 22 Z  550 1581
 5 23 Z  550 1594
 5 24 Z  550 1607
 5 25 Z  550 1549
 5 26 Z  550 1603
 5 27 Z  550 1625
 5 28 Z  550 1562
 5 29 Z  550 1625
 5 30 Z  550 1617
 5 31 Z  550 1561
 6  1 X    0  937
 6  2 X    0  951
 6  3 X    0  960
 6  4 X    0  975
 6  5 X    0  984
 6  6 X    0  974
 6  7 X    0  961
 6  8 X    0  962
 6  9 X    0  954
 6 10 X    0  960
 6 11 X    0  944
 6 12 X    0  904
 6 13 X    0  946
 6 14 X    0  949
 6 15 X    0  932
 6 16 X    0  977
 6 17 X    0  998
 6 18 X    0  960
 6 19 X    0 1019
 6 20 X    0  987
 6 21 X    0  975
 6 22 X    0  971
 6 23 X    0  958
 6 24 X    0  963
 6 25 X    0  979
 6 26 X    0  972
 6 27 X    0  971
 6 28 X    0  946
 6 29 X    0  929
 6 30 X    0  956
 6  1 Y  -50 1212
 6  2 Y  -50 1210
 6  3 Y  -50 1184
 6  4 Y  -50 1184
 6  5 Y  -50 1202
 6  6 Y  -50 1177
 6  7 Y  -50 1190
 6  8 Y  -50 1194
 6  9 Y  -50 1186
 6 10 Y  -50 1174
 6 11 Y  -50 1186
 6 12 Y  -50 1214
 6 13 Y  -50 1219
 6 14 Y  -50 1185
 6 15 Y  -50 1202
 6 16 Y  -50 1178
 6 17 Y  -50 1204
 6 18 Y  -50 1205
 6 19 Y  -50 1170
 6 20 Y  -50 1182
 6 21 Y  -50 1187
 6 22 Y  -50 1201
 6 23 Y  -50 1198
 6 24 Y  -50 1188
 6 25 Y  -50 1182
 6 26 Y  -50 1179
 6 27 Y  -50 1182
 6 28 Y  -50 1218
 6 29 Y  -50 1208
 6 30 Y  -50 1192
 6  1 Z  550 1663
 6  2 Z  550 1695
 6  3 Z  550 1675
 6  4 Z  550 1577
 6  5 Z  550 1617
 6  6 Z  550 1592
 6  7 Z  550 1614
 6  8 Z  550 1665
 6  9 Z  550 1634
 6 10 Z  550 1683
 6 11 Z  550 1694
 6 12 Z  550 1716
 6 13 Z  550 1743
 6 14 Z  550 1730
 6 15 Z  550 1713
 6 16 Z  550 1687
 6 17 Z  550 1584
 6 18 Z  550 1587
 6 19 Z  550 1582
 6 20 Z  550 1583
 6 21 Z  550 1612
 6 22 Z  550 1563
 6 23 Z  550 1580
 6 24 Z  550 1626
 6 25 Z  550 1592
 6 26 Z  550 1578
 6 27 Z  550 1611
 6 28 Z  550 1688
 6 29 Z  550 1759
 6 30 Z  550 1729
 7  1 X    0 1001
 7  2 X    0  958
 7  3 X    0  969
 7  4 X    0  993
 7  5 X    0  949
 7  6 X    0  945
 7  7 X    0  955
 7  8 X    0  948
 7  9 X    0  948
 7 10 X    0  943
 7 11 X    0  959
 7 12 X    0  952
 7 13 X    0  946
 7 14 X    0  998
 7 15 X    0  986
 7 16 X    0  979
 7 17 X    0  955
 7 18 X    0  988
 7 19 X    0  990
 7 20 X    0  973
 7 21 X    0  963
 7 22 X    0  988
 7 23 X    0  967
 7 24 X    0  965
 7 25 X    0  971
 7 26 X    0  978
 7 27 X    0  955
 7 28 X    0  950
 7 29 X    0 1066
 7 30 X    0  987
 7 31 X    0  977
 7  1 Y  -50 1172
 7  2 Y  -50 1195
 7  3 Y  -50 1201
 7  4 Y  -50 1185
 7  5 Y  -50 1216
 7  6 Y  -50 1211
 7  7 Y  -50 1187
 7  8 Y  -50 1198
 7  9 Y  -50 1194
 7 10 Y  -50 1208
 7 11 Y  -50 1199
 7 12 Y  -50 1187
 7 13 Y  -50 1203
 7 14 Y  -50 1172
 7 15 Y  -50 1190
 7 16 Y  -50 1205
 7 17 Y  -50 1182
 7 18 Y  -50 1194
 7 19 Y  -50 1171
 7 20 Y  -50 1193
 7 21 Y  -50 1180
 7 22 Y  -50 1203
 7 23 Y  -50 1191
 7 24 Y  -50 1199
 7 25 Y  -50 1202
 7 26 Y  -50 1197
 7 27 Y  -50 1198
 7 28 Y  -50 1212
 7 29 Y  -50 1190
 7 30 Y  -50 1194
 7 31 Y  -50 1177
 7  1 Z  550 1553
 7  2 Z  550 1609
 7  3 Z  550 1594
 7  4 Z  550 1557
 7  5 Z  550 1654
 7  6 Z  550 1662
 7  7 Z  550 1696
 7  8 Z  550 1705
 7  9 Z  550 1709
 7 10 Z  550 1677
 7 11 Z  550 1702
 7 12 Z  550 1680
 7 13 Z  550 1700
 7 14 Z  550 1591
 7 15 Z  550 1590
 7 16 Z  550 1595
 7 17 Z  550 1605
 7 18 Z  550 1618
 7 19 Z  550 1584
 7 20 Z  550 1633
 7 21 Z  550 1627
 7 22 Z  550 1621
 7 23 Z  550 1674
 7 24 Z  550 1623
 7 25 Z  550 1626
 7 26 Z  550 1628
 7 27 Z  550 1664
 7 28 Z  550 1694
 7 29 Z  550 1608
 7 30 Z  550 1624
 7 31 Z  550 1622
 8  1 X    0  979
 8  2 X    0  969
 8  3 X    0  950
 8  4 X    0  961
 8  5 X    0  963
 8  6 X    0  953
 8  7 X    0  979
 8  8 X    0  958
 8  9 X    0  954
 8 10 X    0  965
 8 11 X    0  982
 8 12 X    0  990
 8 13 X    0  992
 8 14 X    0  975
 8 15 X    0  986
 8 16 X    0  978
 8 17 X    0  985
 8 18 X    0  976
 8 19 X    0  965
 8 20 X    0  960
 8 21 X    0  973
 8 22 X    0  971
 8 23 X    0  946
 8 24 X    0  986
 8 25 X    0  947
 8 26 X    0  981
 8 27 X    0  977
 8 28 X    0  976
 8 29 X    0  976
 8 30 X    0  964
 8 31 X    0  953
 8  1 Y  -50 1206
 8  2 Y  -50 1195
 8  3 Y  -50 1179
 8  4 Y  -50 1212
 8  5 Y  -50 1210
 8  6 Y  -50 1186
 8  7 Y  -50 1217
 8  8 Y  -50 1198
 8  9 Y  -50 1205
 8 10 Y  -50 1225
 8 11 Y  -50 1174
 8 12 Y  -50 1195
 8 13 Y  -50 1191
 8 14 Y  -50 1213
 8 15 Y  -50 1188
 8 16 Y  -50 1210
 8 17 Y  -50 1224
 8 18 Y  -50 1204
 8 19 Y  -50 1182
 8 20 Y  -50 1193
 8 21 Y  -50 1192
 8 22 Y  -50 1187
 8 23 Y  -50 1193
 8 24 Y  -50 1216
 8 25 Y  -50 1218
 8 26 Y  -50 1210
 8 27 Y  -50 1204
 8 28 Y  -50 1201
 8 29 Y  -50 1209
 8 30 Y  -50 1196
 8 31 Y  -50 1205
 8  1 Z  550 1614
 8  2 Z  550 1642
 8  3 Z  550 1661
 8  4 Z  550 1700
 8  5 Z  550 1707
 8  6 Z  550 1700
 8  7 Z  550 1717
 8  8 Z  550 1704
 8  9 Z  550 1712
 8 10 Z  550 1746
 8 11 Z  550 1714
 8 12 Z  550 1630
 8 13 Z  550 1618
 8 14 Z  550 1641
 8 15 Z  550 1637
 8 16 Z  550 1624
 8 17 Z  550 1644
 8 18 Z  550 1689
 8 19 Z  550 1643
 8 20 Z  550 1657
 8 21 Z  550 1653
 8 22 Z  550 1640
 8 23 Z  550 1669
 8 24 Z  550 1649
 8 25 Z  550 1632
 8 26 Z  550 1637
 8 27 Z  550 1625
 8 28 Z  550 1651
 8 29 Z  550 1639
 8 30 Z  550 1632
 8 31 Z  550 1711
 9  1 X    0  957
 9  2 X    0  951
 9  3 X    0  961
 9  4 X    0  965
 9  5 X    0  958
 9  6 X    0  959
 9  7 X    0  956
 9  8 X    0  967
 9  9 X    0  970
 9 10 X    0  972
 9 11 X    0  965
 9 12 X    0  970
 9 13 X    0  962
 9 14 X    0  973
 9 15 X    0  989
 9 16 X    0  958
 9 17 X    0  991
 9 18 X    0  970
 9 19 X    0  913
 9 20 X    0  981
 9 21 X    0  994
 9 22 X    0  940
 9 23 X    0  933
 9 24 X    0  979
 9 25 X    0  977
 9 26 X    0  956
 9 27 X    0  973
 9 28 X    0  961
 9 29 X    0  964
 9 30 X    0  960
 9  1 Y  -50 1188
 9  2 Y  -50 1183
 9  3 Y  -50 1189
 9  4 Y  -50 1210
 9  5 Y  -50 1193
 9  6 Y  -50 1197
 9  7 Y  -50 1187
 9  8 Y  -50 1184
 9  9 Y  -50 1214
 9 10 Y  -50 1191
 9 11 Y  -50 1199
 9 12 Y  -50 1200
 9 13 Y  -50 1214
 9 14 Y  -50 1171
 9 15 Y  -50 1221
 9 16 Y  -50 1184
 9 17 Y  -50 1201
 9 18 Y  -50 1191
 9 19 Y  -50 1206
 9 20 Y  -50 1204
 9 21 Y  -50 1214
 9 22 Y  -50 1262
 9 23 Y  -50 1189
 9 24 Y  -50 1190
 9 25 Y  -50 1188
 9 26 Y  -50 1196
 9 27 Y  -50 1199
 9 28 Y  -50 1212
 9 29 Y  -50 1192
 9 30 Y  -50 1200
 9  1 Z  550 1697
 9  2 Z  550 1658
 9  3 Z  550 1708
 9  4 Z  550 1693
 9  5 Z  550 1694
 9  6 Z  550 1680
 9  7 Z  550 1679
 9  8 Z  550 1681
 9  9 Z  550 1639
 9 10 Z  550 1665
 9 11 Z  550 1649
 9 12 Z  550 1649
 9 13 Z  550 1660
 9 14 Z  550 1675
 9 15 Z  550 1696
 9 16 Z  550 1668
 9 17 Z  550 1661
 9 18 Z  550 1687
 9 19 Z  550 1663
 9 20 Z  550 1696
 9 21 Z  550 1735
 9 22 Z  550 1737
 9 23 Z  550 1681
 9 24 Z  550 1679
 9 25 Z  550 1677
 9 26 Z  550 1666
 9 27 Z  550 1780
 9 28 Z  550 1699
 9 29 Z  550 1702
 9 30 Z  550 1696
10  1 X    0  962
10  2 X    0  970
10  3 X    0  965
10  4 X    0  964
10  5 X    0  962
10  6 X    0  965
10  7 X    0  964
10  8 X    0  957
10  9 X    0  961
10 10 X    0  962
10 11 X    0  957
10 12 X    0  985
10 13 X    0  962
10 14 X    0  949
10 15 X    0  965
10 16 X    0  966
10 17 X    0  952
10 18 X    0  955
10 19 X    0  961
10 20 X    0  972
10 21 X    0  949
10 22 X    0  966
10 23 X    0  974
10 24 X    0  960
10 25 X    0  956
10 26 X    0  971
10 27 X    0  913
10 28 X    0  974
10 29 X    0  965
10 30 X    0  949
10 31 X    0  965
10  1 Y  -50 1196
10  2 Y  -50 1194
10  3 Y  -50 1208
10  4 Y  -50 1198
10  5 Y  -50 1192
10  6 Y  -50 1198
10  7 Y  -50 1196
10  8 Y  -50 1199
10  9 Y  -50 1201
10 10 Y  -50 1190
10 11 Y  -50 1178
10 12 Y  -50 1208
10 13 Y  -50 1199
10 14 Y  -50 1189
10 15 Y  -50 1187
10 16 Y  -50 1195
10 17 Y  -50 1190
10 18 Y  -50 1187
10 19 Y  -50 1210
10 20 Y  -50 1206
10 21 Y  -50 1200
10 22 Y  -50 1199
10 23 Y  -50 1183
10 24 Y  -50 1198
10 25 Y  -50 1191
10 26 Y  -50 1195
10 27 Y  -50 1214
10 28 Y  -50 1186
10 29 Y  -50 1206
10 30 Y  -50 1199
10 31 Y  -50 1196
10  1 Z  550 1694
10  2 Z  550 1693
10  3 Z  550 1698
10  4 Z  550 1695
10  5 Z  550 1676
10  6 Z  550 1679
10  7 Z  550 1680
10  8 Z  550 1688
10  9 Z  550 1691
10 10 Z  550 1679
10 11 Z  550 1662
10 12 Z  550 1695
10 13 Z  550 1682
10 14 Z  550 1699
10 15 Z  550 1701
10 16 Z  550 1692
10 17 Z  550 1682
10 18 Z  550 1683
10 19 Z  550 1693
10 20 Z  550 1696
10 21 Z  550 1684
10 22 Z  550 1708
10 23 Z  550 1690
10 24 Z  550 1680
10 25 Z  550 1696
10 26 Z  550 1698
10 27 Z  550 1710
10 28 Z  550 1738
10 29 Z  550 1710
10 30 Z  550 1697
10 31 Z  550 1693
11  1 X    0  964
11  2 X    0  962
11  3 X    0  967
11  4 X    0  946
11  5 X    0  972
11  6 X    0  963
11  7 X    0  973
11  8 X    0  966
11  9 X    0  972
11 10 X    0  964
11 11 X    0  965
11 12 X    0  959
11 13 X    0  962
11 14 X    0  943
11 15 X    0  951
11 16 X    0  959
11 17 X    0  975
11 18 X    0  962
11 19 X    0  968
11 20 X    0  970
11 21 X    0  966
11 22 X    0  971
11 23 X    0  966
11 24 X    0  970
11 25 X    0  935
11 26 X    0  978
11 27 X    0  964
11 28 X    0  971
11 29 X    0  963
11 30 X    0  968
11  1 Y  -50 1191
11  2 Y  -50 1197
11  3 Y  -50 1197
11  4 Y  -50 1195
11  5 Y  -50 1194
11  6 Y  -50 1205
11  7 Y  -50 1205
11  8 Y  -50 1205
11  9 Y  -50 1199
11 10 Y  -50 1203
11 11 Y  -50 1197
11 12 Y  -50 1199
11 13 Y  -50 1212
11 14 Y  -50 1209
11 15 Y  -50 1207
11 16 Y  -50 1208
11 17 Y  -50 1191
11 18 Y  -50 1200
11 19 Y  -50 1196
11 20 Y  -50 1191
11 21 Y  -50 1193
11 22 Y  -50 1197
11 23 Y  -50 1196
11 24 Y  -50 1199
11 25 Y  -50 1190
11 26 Y  -50 1202
11 27 Y  -50 1198
11 28 Y  -50 1197
11 29 Y  -50 1195
11 30 Y  -50 1204
11  1 Z  550 1689
11  2 Z  550 1693
11  3 Z  550 1692
11  4 Z  550 1688
11  5 Z  550 1692
11  6 Z  550 1687
11  7 Z  550 1692
11  8 Z  550 1688
11  9 Z  550 1688
11 10 Z  550 1685
11 11 Z  550 1692
11 12 Z  550 1689
11 13 Z  550 1708
11 14 Z  550 1717
11 15 Z  550 1719
11 16 Z  550 1710
11 17 Z  550 1707
11 18 Z  550 1702
11 19 Z  550 1696
11 20 Z  550 1695
11 21 Z  550 1691
11 22 Z  550 1689
11 23 Z  550 1686
11 24 Z  550 1688
11 25 Z  550 1688
11 26 Z  550 1700
11 27 Z  550 1696
11 28 Z  550 1689
11 29 Z  550 1694
11 30 Z  550 1690
12  1 X    0  946
12  2 X    0  937
12  3 X    0  968
12  4 X    0  941
12  5 X    0  986
12  6 X    0  969
12  7 X    0  964
12  8 X    0  968
12  9 X    0  970
12 10 X    0  963
12 11 X    0  961
12 12 X    0  973
12 13 X    0  957
12 14 X    0  972
12 15 X    0  970
12 16 X    0  952
12 17 X    0  973
12 18 X    0  968
12 19 X    0  970
12 20 X    0  962
12 21 X    0  964
12 22 X    0  972
12 23 X    0  966
12 24 X    0  969
12 25 X    0  965
12 26 X    0  970
12 27 X    0  964
12 28 X    0  959
12 29 X    0  975
12 30 X    0  966
12 31 X    0  962
12  1 Y  -50 1189
12  2 Y  -50 1198
12  3 Y  -50 1199
12  4 Y  -50 1195
12  5 Y  -50 1202
12  6 Y  -50 1192
12  7 Y  -50 1193
12  8 Y  -50 1195
12  9 Y  -50 1198
12 10 Y  -50 1198
12 11 Y  -50 1218
12 12 Y  -50 1180
12 13 Y  -50 1195
12 14 Y  -50 1195
12 15 Y  -50 1203
12 16 Y  -50 1194
12 17 Y  -50 1185
12 18 Y  -50 1198
12 19 Y  -50 1198
12 20 Y  -50 1203
12 21 Y  -50 1196
12 22 Y  -50 1195
12 23 Y  -50 1196
12 24 Y  -50 1202
12 25 Y  -50 1197
12 26 Y  -50 1192
12 27 Y  -50 1194
12 28 Y  -50 1191
12 29 Y  -50 1193
12 30 Y  -50 1194
12 31 Y  -50 1200
12  1 Z  550 1691
12  2 Z  550 1736
12  3 Z  550 1709
12  4 Z  550 1702
12  5 Z  550 1710
12  6 Z  550 1696
12  7 Z  550 1693
12  8 Z  550 1688
12  9 Z  550 1691
12 10 Z  550 1688
12 11 Z  550 1716
12 12 Z  550 1710
12 13 Z  550 1704
12 14 Z  550 1697
12 15 Z  550 1695
12 16 Z  550 1693
12 17 Z  550 1711
12 18 Z  550 1693
12 19 Z  550 1688
12 20 Z  550 1684
12 21 Z  550 1683
12 22 Z  550 1687
12 23 Z  550 1682
12 24 Z  550 1685
12 25 Z  550 1682
12 26 Z  550 1686
12 27 Z  550 1681
12 28 Z  550 1683
12 29 Z  550 1692
12 30 Z  550 1688
12 31 Z  550 1685
