 1  1 X    0  754
 1  2 X    0  747
 1  3 X    0  754
 1  4 X    0  756
 1  5 X    0  755
 1  6 X    0  743
 1  7 X    0  747
 1  8 X    0  744
 1  9 X    0  750
 1 10 X    0  704
 1 11 X    0  746
 1 12 X    0  733
 1 13 X    0  733
 1 14 X    0  720
 1 15 X    0  751
 1 16 X    0  745
 1 17 X    0  756
 1 18 X    0  746
 1 19 X    0  750
 1 20 X    0  742
 1 21 X    0  718
 1 22 X    0  755
 1 23 X    0  728
 1 24 X    0  750
 1 25 X    0  746
 1 26 X    0  750
 1 27 X    0  754
 1 28 X    0  747
 1 29 X    0  757
 1 30 X    0  752
 1 31 X    0  745
 1  1 Y  -50 1023
 1  2 Y  -50 1023
 1  3 Y  -50 1036
 1  4 Y  -50 1019
 1  5 Y  -50 1037
 1  6 Y  -50 1025
 1  7 Y  -50 1027
 1  8 Y  -50 1017
 1  9 Y  -50 1021
 1 10 Y  -50 1043
 1 11 Y  -50 1047
 1 12 Y  -50 1021
 1 13 Y  -50 1024
 1 14 Y  -50 1006
 1 15 Y  -50 1014
 1 16 Y  -50 1016
 1 17 Y  -50 1035
 1 18 Y  -50 1036
 1 19 Y  -50 1023
 1 20 Y  -50 1036
 1 21 Y  -50 1029
 1 22 Y  -50 1036
 1 23 Y  -50 1036
 1 24 Y  -50 1031
 1 25 Y  -50 1027
 1 26 Y  -50 1024
 1 27 Y  -50 1019
 1 28 Y  -50 1021
 1 29 Y  -50 1025
 1 30 Y  -50 1022
 1 31 Y  -50 1023
 1  1 Z  550 1019
 1  2 Z  550 1017
 1  3 Z  550 1023
 1  4 Z  550 1019
 1  5 Z  550 1034
 1  6 Z  550 1031
 1  7 Z  550 1024
 1  8 Z  550 1020
 1  9 Z  550 1014
 1 10 Z  550 1028
 1 11 Z  550 1038
 1 12 Z  550 1025
 1 13 Z  550 1011
 1 14 Z  550 1029
 1 15 Z  550 1022
 1 16 Z  550 1002
 1 17 Z  550 1015
 1 18 Z  550 1022
 1 19 Z  550 1025
 1 20 Z  550 1025
 1 21 Z  550 1040
 1 22 Z  550 1050
 1 23 Z  550 1033
 1 24 Z  550 1035
 1 25 Z  550 1024
 1 26 Z  550 1021
 1 27 Z  550 1020
 1 28 Z  550 1015
 1 29 Z  550 1026
 1 30 Z  550 1015
 1 31 Z  550 1006
 2  1 X    0  756
 2  2 X    0  729
 2  3 X    0  738
 2  4 X    0  743
 2  5 X    0  739
 2  6 X    0  764
 2  7 X    0  755
 2  8 X    0  747
 2  9 X    0  754
 2 10 X    0  750
 2 11 X    0  717
 2 12 X    0  758
 2 13 X    0  728
 2 14 X    0  732
 2 15 X    0  737
 2 16 X    0  749
 2 17 X    0  735
 2 18 X    0  741
 2 19 X    0  720
 2 20 X    0  754
 2 21 X    0  757
 2 22 X    0  745
 2 23 X    0  748
 2 24 X    0  756
 2 25 X    0  748
 2 26 X    0  746
 2 27 X    0  757
 2 28 X    0  758
 2 29 X    0  749
 2  1 Y  -50 1035
 2  2 Y  -50 1035
 2  3 Y  -50 1040
 2  4 Y  -50 1028
 2  5 Y  -50 1049
 2  6 Y  -50 1032
 2  7 Y  -50 1016
 2  8 Y  -50 1039
 2  9 Y  -50 1016
 2 10 Y  -50 1027
 2 11 Y  -50 1026
 2 12 Y  -50 1021
 2 13 Y  -50 1011
 2 14 Y  -50 1042
 2 15 Y  -50 1036
 2 16 Y  -50 1024
 2 17 Y  -50 1041
 2 18 Y  -50 1025
 2 19 Y  -50 1026
 2 20 Y  -50 1020
 2 21 Y  -50 1041
 2 22 Y  -50 1027
 2 23 Y  -50 1031
 2 24 Y  -50 1020
 2 25 Y  -50 1020
 2 26 Y  -50 1022
 2 27 Y  -50 1013
 2 28 Y  -50 1030
 2 29 Y  -50 1033
 2  1 Z  550 1015
 2  2 Z  550 1018
 2  3 Z  550 1025
 2  4 Z  550 1033
 2  5 Z  550 1031
 2  6 Z  550 1038
 2  7 Z  550 1017
 2  8 Z  550 1015
 2  9 Z  550 1022
 2 10 Z  550 1010
 2 11 Z  550 1003
 2 12 Z  550 1019
 2 13 Z  550 1007
 2 14 Z  550 1025
 2 15 Z  550 1018
 2 16 Z  550 1024
 2 17 Z  550 1025
 2 18 Z  550 1019
 2 19 Z  550 1020
 2 20 Z  550 1021
 2 21 Z  550 1028
 2 22 Z  550 1015
 2 23 Z  550 1009
 2 24 Z  550 1015
 2 25 Z  550 1004
 2 26 Z  550  995
 2 27 Z  550 1015
 2 28 Z  550 1022
 2 29 Z  550 1033
 3  1 X    0  740
 3  2 X    0  752
 3  3 X    0  753
 3  4 X    0  731
 3  5 X    0  758
 3  6 X    0  746
 3  7 X    0  750
 3  8 X    0  765
 3  9 X    0  754
 3 10 X    0  741
 3 11 X    0  748
 3 12 X    0  747
 3 13 X    0  745
 3 14 X    0  761
 3 15 X    0  726
 3 16 X    0  749
 3 17 X    0  747
 3 18 X    0  762
 3 19 X    0  757
 3 20 X    0  751
 3 21 X    0  770
 3 22 X    0  756
 3 23 X    0  754
 3 24 X    0  754
 3 25 X    0  756
 3 26 X    0  760
 3 27 X    0  767
 3 28 X    0  739
 3 29 X    0  762
 3 30 X    0  731
 3 31 X    0  726
 3  1 Y  -50 1039
 3  2 Y  -50 1042
 3  3 Y  -50 1045
 3  4 Y  -50 1046
 3  5 Y  -50 1022
 3  6 Y  -50 1027
 3  7 Y  -50 1025
 3  8 Y  -50 1034
 3  9 Y  -50 1020
 3 10 Y  -50 1037
 3 11 Y  -50 1046
 3 12 Y  -50 1033
 3 13 Y  -50 1021
 3 14 Y  -50 1030
 3 15 Y  -50 1051
 3 16 Y  -50  996
 3 17 Y  -50 1028
 3 18 Y  -50 1023
 3 19 Y  -50 1029
 3 20 Y  -50 1013
 3 21 Y  -50 1037
 3 22 Y  -50 1025
 3 23 Y  -50 1025
 3 24 Y  -50 1021
 3 25 Y  -50 1028
 3 26 Y  -50 1026
 3 27 Y  -50 1025
 3 28 Y  -50 1051
 3 29 Y  -50 1018
 3 30 Y  -50 1049
 3 31 Y  -50 1077
 3  1 Z  550 1025
 3  2 Z  550 1031
 3  3 Z  550 1029
 3  4 Z  550 1013
 3  5 Z  550 1034
 3  6 Z  550  997
 3  7 Z  550 1001
 3  8 Z  550  997
 3  9 Z  550  987
 3 10 Z  550  993
 3 11 Z  550 1003
 3 12 Z  550 1000
 3 13 Z  550 1008
 3 14 Z  550 1006
 3 15 Z  550 1024
 3 16 Z  550  996
 3 17 Z  550  985
 3 18 Z  550  994
 3 19 Z  550  982
 3 20 Z  550  964
 3 21 Z  550 1000
 3 22 Z  550  992
 3 23 Z  550  986
 3 24 Z  550  975
 3 25 Z  550  964
 3 26 Z  550  996
 3 27 Z  550 1010
 3 28 Z  550  996
 3 29 Z  550 1009
 3 30 Z  550 1022
 3 31 Z  550 1256
 4  1 X    0  683
 4  2 X    0  834
 4  3 X    0  819
 4  4 X    0  710
 4  5 X    0  765
 4  6 X    0  745
 4  7 X    0  723
 4  8 X    0  776
 4  9 X    0  775
 4 10 X    0  738
 4 11 X    0  739
 4 12 X    0  765
 4 13 X    0  778
 4 14 X    0  753
 4 15 X    0  766
 4 16 X    0  729
 4 17 X    0  739
 4 18 X    0  785
 4 19 X    0  762
 4 20 X    0  767
 4 21 X    0  762
 4 22 X    0  777
 4 23 X    0  718
 4 24 X    0  741
 4 25 X    0  765
 4 26 X    0  761
 4 27 X    0  725
 4 28 X    0  790
 4 29 X    0  777
 4 30 X    0  707
 4  1 Y  -50 1122
 4  2 Y  -50 1017
 4  3 Y  -50 1023
 4  4 Y  -50 1033
 4  5 Y  -50 1055
 4  6 Y  -50 1032
 4  7 Y  -50 1018
 4  8 Y  -50 1021
 4  9 Y  -50 1015
 4 10 Y  -50 1044
 4 11 Y  -50  996
 4 12 Y  -50 1015
 4 13 Y  -50 1021
 4 14 Y  -50 1032
 4 15 Y  -50 1039
 4 16 Y  -50 1066
 4 17 Y  -50 1036
 4 18 Y  -50 1027
 4 19 Y  -50 1023
 4 20 Y  -50 1031
 4 21 Y  -50 1032
 4 22 Y  -50 1026
 4 23 Y  -50 1010
 4 24 Y  -50 1023
 4 25 Y  -50 1049
 4 26 Y  -50 1059
 4 27 Y  -50 1060
 4 28 Y  -50 1035
 4 29 Y  -50 1025
 4 30 Y  -50 1061
 4  1 Z  550 1189
 4  2 Z  550 1053
 4  3 Z  550 1058
 4  4 Z  550  990
 4  5 Z  550 1007
 4  6 Z  550  995
 4  7 Z  550 1020
 4  8 Z  550 1009
 4  9 Z  550  981
 4 10 Z  550  981
 4 11 Z  550  991
 4 12 Z  550  995
 4 13 Z  550  984
 4 14 Z  550  971
 4 15 Z  550  937
 4 16 Z  550  955
 4 17 Z  550 1016
 4 18 Z  550  990
 4 19 Z  550 1009
 4 20 Z  550 1006
 4 21 Z  550  984
 4 22 Z  550  918
 4 23 Z  550  945
 4 24 Z  550 1038
 4 25 Z  550 1043
 4 26 Z  550 1038
 4 27 Z  550 1069
 4 28 Z  550 1037
 4 29 Z  550 1047
 4 30 Z  550 1068
 5  1 X    0  772
 5  2 X    0  781
 5  3 X    0  789
 5  4 X    0  774
 5  5 X    0  767
 5  6 X    0  738
 5  7 X    0  754
 5  8 X    0  793
 5  9 X    0  834
 5 10 X    0  788
 5 11 X    0  843
 5 12 X    0  788
 5 13 X    0  735
 5 14 X    0  814
 5 15 X    0  780
 5 16 X    0  757
 5 17 X    0  805
 5 18 X    0  763
 5 19 X    0  771
 5 20 X    0  807
 5 21 X    0  789
 5 22 X    0  755
 5 23 X    0  747
 5 24 X    0  797
 5 25 X    0  737
 5 26 X    0  748
 5 27 X    0  732
 5 28 X    0  734
 5 29 X    0  688
 5 30 X    0  827
 5 31 X    0  733
 5  1 Y  -50  988
 5  2 Y  -50 1033
 5  3 Y  -50 1019
 5  4 Y  -50 1013
 5  5 Y  -50 1027
 5  6 Y  -50 1087
 5  7 Y  -50 1061
 5  8 Y  -50 1098
 5  9 Y  -50 1069
 5 10 Y  -50 1051
 5 11 Y  -50 1030
 5 12 Y  -50 1071
 5 13 Y  -50 1060
 5 14 Y  -50 1023
 5 15 Y  -50 1047
 5 16 Y  -50 1026
 5 17 Y  -50 1022
 5 18 Y  -50 1017
 5 19 Y  -50  987
 5 20 Y  -50  997
 5 21 Y  -50 1028
 5 22 Y  -50 1012
 5 23 Y  -50 1062
 5 24 Y  -50 1036
 5 25 Y  -50 1063
 5 26 Y  -50 1031
 5 27 Y  -50 1056
 5 28 Y  -50 1040
 5 29 Y  -50 1052
 5 30 Y  -50 1069
 5 31 Y  -50 1043
 5  1 Z  550 1043
 5  2 Z  550 1019
 5  3 Z  550  973
 5  4 Z  550  905
 5  5 Z  550  968
 5  6 Z  550 1038
 5  7 Z  550  954
 5  8 Z  550 1060
 5  9 Z  550  879
 5 10 Z  550  863
 5 11 Z  550  903
 5 12 Z  550 1039
 5 13 Z  550  991
 5 14 Z  550  936
 5 15 Z  550  958
 5 16 Z  550  917
 5 17 Z  550  923
 5 18 Z  550  907
 5 19 Z  550  871
 5 20 Z  550  922
 5 21 Z  550  922
 5 22 Z  550  996
 5 23 Z  550  952
 5 24 Z  550  961
 5 25 Z  550 1032
 5 26 Z  550 1041
 5 27 Z  550 1100
 5 28 Z  550 1062
 5 29 Z  550  906
 5 30 Z  550  896
 5 31 Z  550 1059
 6  1 X    0  824
 6  2 X    0  794
 6  3 X    0  745
 6  4 X    0  800
 6  5 X    0  821
 6  6 X    0  808
 6  7 X    0  801
 6  8 X    0  740
 6  9 X    0  789
 6 10 X    0  771
 6 11 X    0  791
 6 12 X    0  770
 6 13 X    0  787
 6 14 X    0  800
 6 15 X    0  818
 6 16 X    0  797
 6 17 X    0  751
 6 18 X    0  831
 6 19 X    0  801
 6 20 X    0  785
 6 21 X    0  780
 6 22 X    0  745
 6 23 X    0  735
 6 24 X    0  739
 6 25 X    0  733
 6 26 X    0  765
 6 27 X    0  751
 6 28 X    0  732
 6 29 X    0  724
 6 30 X    0  782
 6  1 Y  -50  993
 6  2 Y  -50 1013
 6  3 Y  -50 1042
 6  4 Y  -50 1002
 6  5 Y  -50 1024
 6  6 Y  -50  994
 6  7 Y  -50 1029
 6  8 Y  -50  987
 6  9 Y  -50 1018
 6 10 Y  -50 1043
 6 11 Y  -50 1010
 6 12 Y  -50 1048
 6 13 Y  -50 1033
 6 14 Y  -50 1001
 6 15 Y  -50 1043
 6 16 Y  -50  996
 6 17 Y  -50 1027
 6 18 Y  -50 1016
 6 19 Y  -50 1061
 6 20 Y  -50 1010
 6 21 Y  -50 1055
 6 22 Y  -50 1005
 6 23 Y  -50 1032
 6 24 Y  -50 1042
 6 25 Y  -50 1079
 6 26 Y  -50  995
 6 27 Y  -50  981
 6 28 Y  -50 1081
 6 29 Y  -50  984
 6 30 Y  -50 1024
 6  1 Z  550  963
 6  2 Z  550  883
 6  3 Z  550  985
 6  4 Z  550  915
 6  5 Z  550  886
 6  6 Z  550  927
 6  7 Z  550  849
 6  8 Z  550  968
 6  9 Z  550  968
 6 10 Z  550  925
 6 11 Z  550  924
 6 12 Z  550  995
 6 13 Z  550  893
 6 14 Z  550  862
 6 15 Z  550  859
 6 16 Z  550  881
 6 17 Z  550  925
 6 18 Z  550  902
 6 19 Z  550  926
 6 20 Z  550  869
 6 21 Z  550 1024
 6 22 Z  550 1036
 6 23 Z  550 1020
 6 24 Z  550 1065
 6 25 Z  550 1033
 6 26 Z  550 1035
 6 27 Z  550 1041
 6 28 Z  550 1002
 6 29 Z  550  832
 6 30 Z  550 1042
 7  1 X    0  848
 7  2 X    0  813
 7  3 X    0  782
 7  4 X    0  813
 7  5 X    0  811
 7  6 X    0  804
 7  7 X    0  792
 7  8 X    0  782
 7  9 X    0  769
 7 10 X    0  795
 7 11 X    0  817
 7 12 X    0  826
 7 13 X    0  794
 7 14 X    0  825
 7 15 X    0  763
 7 16 X    0  782
 7 17 X    0  792
 7 18 X    0  748
 7 19 X    0  773
 7 20 X    0  734
 7 21 X    0  738
 7 22 X    0  754
 7 23 X    0  764
 7 24 X    0  768
 7 25 X    0  742
 7 26 X    0  762
 7 27 X    0  778
 7 28 X    0  762
 7 29 X    0  764
 7 30 X    0  822
 7 31 X    0  792
 7  1 Y  -50 1041
 7  2 Y  -50 1034
 7  3 Y  -50 1044
 7  4 Y  -50 1030
 7  5 Y  -50 1010
 7  6 Y  -50 1034
 7  7 Y  -50 1016
 7  8 Y  -50 1021
 7  9 Y  -50 1019
 7 10 Y  -50 1037
 7 11 Y  -50 1029
 7 12 Y  -50 1037
 7 13 Y  -50 1043
 7 14 Y  -50 1084
 7 15 Y  -50 1105
 7 16 Y  -50 1035
 7 17 Y  -50 1044
 7 18 Y  -50 1051
 7 19 Y  -50 1058
 7 20 Y  -50 1084
 7 21 Y  -50 1028
 7 22 Y  -50 1048
 7 23 Y  -50 1024
 7 24 Y  -50 1054
 7 25 Y  -50 1049
 7 26 Y  -50 1039
 7 27 Y  -50 1025
 7 28 Y  -50 1041
 7 29 Y  -50 1059
 7 30 Y  -50 1029
 7 31 Y  -50 1044
 7  1 Z  550  905
 7  2 Z  550  928
 7  3 Z  550  868
 7  4 Z  550  901
 7  5 Z  550  878
 7  6 Z  550  934
 7  7 Z  550  898
 7  8 Z  550  907
 7  9 Z  550  928
 7 10 Z  550  910
 7 11 Z  550  877
 7 12 Z  550  891
 7 13 Z  550  878
 7 14 Z  550  903
 7 15 Z  550  945
 7 16 Z  550  987
 7 17 Z  550 1005
 7 18 Z  550 1103
 7 19 Z  550 1067
 7 20 Z  550 1082
 7 21 Z  550 1066
 7 22 Z  550 1092
 7 23 Z  550 1044
 7 24 Z  550 1075
 7 25 Z  550 1084
 7 26 Z  550  945
 7 27 Z  550 1014
 7 28 Z  550 1017
 7 29 Z  550  897
 7 30 Z  550  865
 7 31 Z  550  935
 8  1 X    0  792
 8  2 X    0  789
 8  3 X    0  782
 8  4 X    0  794
 8  5 X    0  779
 8  6 X    0  796
 8  7 X    0  792
 8  8 X    0  767
 8  9 X    0  809
 8 10 X    0  783
 8 11 X    0  801
 8 12 X    0  814
 8 13 X    0  777
 8 14 X    0  765
 8 15 X    0  821
 8 16 X    0  737
 8 17 X    0  757
 8 18 X    0  810
 8 19 X    0  722
 8 20 X    0  775
 8 21 X    0  768
 8 22 X    0  753
 8 23 X    0  759
 8 24 X    0  766
 8 25 X    0  745
 8 26 X    0  744
 8 27 X    0  760
 8 28 X    0  770
 8 29 X    0  748
 8 30 X    0  807
 8 31 X    0  788
 8  1 Y  -50 1039
 8  2 Y  -50 1039
 8  3 Y  -50 1039
 8  4 Y  -50 1038
 8  5 Y  -50 1033
 8  6 Y  -50 1047
 8  7 Y  -50 1019
 8  8 Y  -50 1056
 8  9 Y  -50 1035
 8 10 Y  -50 1028
 8 11 Y  -50 1046
 8 12 Y  -50 1040
 8 13 Y  -50 1049
 8 14 Y  -50 1018
 8 15 Y  -50 1023
 8 16 Y  -50 1086
 8 17 Y  -50 1027
 8 18 Y  -50 1049
 8 19 Y  -50 1052
 8 20 Y  -50 1059
 8 21 Y  -50 1065
 8 22 Y  -50 1038
 8 23 Y  -50 1043
 8 24 Y  -50 1041
 8 25 Y  -50 1051
 8 26 Y  -50 1040
 8 27 Y  -50 1037
 8 28 Y  -50 1035
 8 29 Y  -50 1032
 8 30 Y  -50 1049
 8 31 Y  -50 1049
 8  1 Z  550  955
 8  2 Z  550  940
 8  3 Z  550  922
 8  4 Z  550  947
 8  5 Z  550  934
 8  6 Z  550  986
 8  7 Z  550  926
 8  8 Z  550  938
 8  9 Z  550  956
 8 10 Z  550  906
 8 11 Z  550  939
 8 12 Z  550  920
 8 13 Z  550  933
 8 14 Z  550  900
 8 15 Z  550  866
 8 16 Z  550  941
 8 17 Z  550  956
 8 18 Z  550  919
 8 19 Z  550  960
 8 20 Z  550 1096
 8 21 Z  550 1062
 8 22 Z  550 1039
 8 23 Z  550 1027
 8 24 Z  550 1049
 8 25 Z  550 1054
 8 26 Z  550 1023
 8 27 Z  550  995
 8 28 Z  550 1005
 8 29 Z  550  878
 8 30 Z  550  994
 8 31 Z  550  997
 9  1 X    0  757
 9  2 X    0  769
 9  3 X    0  793
 9  4 X    0  748
 9  5 X    0  789
 9  6 X    0  775
 9  7 X    0  756
 9  8 X    0  777
 9  9 X    0  777
 9 10 X    0  752
 9 11 X    0  758
 9 12 X    0  783
 9 13 X    0  782
 9 14 X    0  780
 9 15 X    0  759
 9 16 X    0  752
 9 17 X    0  742
 9 18 X    0  770
 9 19 X    0  753
 9 20 X    0  755
 9 21 X    0  750
 9 22 X    0  750
 9 23 X    0  773
 9 24 X    0  772
 9 25 X    0  751
 9 26 X    0  756
 9 27 X    0  774
 9 28 X    0  766
 9 29 X    0  750
 9 30 X    0  755
 9  1 Y  -50 1034
 9  2 Y  -50 1037
 9  3 Y  -50 1024
 9  4 Y  -50 1071
 9  5 Y  -50 1050
 9  6 Y  -50 1022
 9  7 Y  -50 1053
 9  8 Y  -50 1042
 9  9 Y  -50 1031
 9 10 Y  -50 1049
 9 11 Y  -50 1021
 9 12 Y  -50 1042
 9 13 Y  -50 1032
 9 14 Y  -50 1035
 9 15 Y  -50 1034
 9 16 Y  -50 1056
 9 17 Y  -50 1020
 9 18 Y  -50 1047
 9 19 Y  -50 1035
 9 20 Y  -50 1035
 9 21 Y  -50 1042
 9 22 Y  -50 1039
 9 23 Y  -50 1029
 9 24 Y  -50 1032
 9 25 Y  -50 1031
 9 26 Y  -50 1009
 9 27 Y  -50 1024
 9 28 Y  -50 1042
 9 29 Y  -50 1027
 9 30 Y  -50 1034
 9  1 Z  550 1005
 9  2 Z  550  988
 9  3 Z  550  954
 9  4 Z  550  979
 9  5 Z  550 1006
 9  6 Z  550 1023
 9  7 Z  550 1019
 9  8 Z  550  995
 9  9 Z  550  985
 9 10 Z  550  995
 9 11 Z  550 1015
 9 12 Z  550  997
 9 13 Z  550 1031
 9 14 Z  550  991
 9 15 Z  550 1027
 9 16 Z  550 1063
 9 17 Z  550 1044
 9 18 Z  550 1064
 9 19 Z  550 1059
 9 20 Z  550 1043
 9 21 Z  550 1007
 9 22 Z  550 1061
 9 23 Z  550 1048
 9 24 Z  550 1067
 9 25 Z  550 1053
 9 26 Z  550 1027
 9 27 Z  550 1037
 9 28 Z  550 1020
 9 29 Z  550 1023
 9 30 Z  550 1023
10  1 X    0  765
10  2 X    0  769
10  3 X    0  768
10  4 X    0  704
10  5 X    0  753
10  6 X    0  687
10  7 X    0  779
10  8 X    0  753
10  9 X    0  760
10 10 X    0  757
10 11 X    0  781
10 12 X    0  752
10 13 X    0  763
10 14 X    0  760
10 15 X    0  740
10 16 X    0  761
10 17 X    0  749
10 18 X    0  747
10 19 X    0  753
10 20 X    0  765
10 21 X    0  757
10 22 X    0  765
10 23 X    0  756
10 24 X    0  741
10 25 X    0  730
10 26 X    0  764
10 27 X    0  736
10 28 X    0  752
10 29 X    0  739
10 30 X    0  755
10 31 X    0  751
10  1 Y  -50 1043
10  2 Y  -50 1080
10  3 Y  -50 1044
10  4 Y  -50 1045
10  5 Y  -50 1012
10  6 Y  -50 1038
10  7 Y  -50 1040
10  8 Y  -50 1033
10  9 Y  -50 1032
10 10 Y  -50 1011
10 11 Y  -50 1046
10 12 Y  -50 1028
10 13 Y  -50 1040
10 14 Y  -50 1038
10 15 Y  -50 1051
10 16 Y  -50 1034
10 17 Y  -50 1030
10 18 Y  -50 1032
10 19 Y  -50 1026
10 20 Y  -50 1044
10 21 Y  -50 1031
10 22 Y  -50 1032
10 23 Y  -50 1033
10 24 Y  -50 1045
10 25 Y  -50 1069
10 26 Y  -50 1058
10 27 Y  -50 1035
10 28 Y  -50 1070
10 29 Y  -50 1043
10 30 Y  -50 1052
10 31 Y  -50 1037
10  1 Z  550 1040
10  2 Z  550 1073
10  3 Z  550 1040
10  4 Z  550 1018
10  5 Z  550 1039
10  6 Z  550 1092
10  7 Z  550 1146
10  8 Z  550 1086
10  9 Z  550 1082
10 10 Z  550 1069
10 11 Z  550 1075
10 12 Z  550 1070
10 13 Z  550 1096
10 14 Z  550 1085
10 15 Z  550 1061
10 16 Z  550 1067
10 17 Z  550 1051
10 18 Z  550 1059
10 19 Z  550 1045
10 20 Z  550 1050
10 21 Z  550 1049
10 22 Z  550 1050
10 23 Z  550 1053
10 24 Z  550 1045
10 25 Z  550 1097
10 26 Z  550 1106
10 27 Z  550 1092
10 28 Z  550 1108
10 29 Z  550 1095
10 30 Z  550 1095
10 31 Z  550 1076
11  1 X    0  767
11  2 X    0  773
11  3 X    0  760
11  4 X    0  757
11  5 X    0  772
11  6 X    0  764
11  7 X    0  778
11  8 X    0  756
11  9 X    0  766
11 10 X    0  757
11 11 X    0  760
11 12 X    0  712
11 13 X    0  781
11 14 X    0  715
11 15 X    0  640
11 16 X    0  764
11 17 X    0  728
11 18 X    0  766
11 19 X    0  765
11 20 X    0  760
11 21 X    0  753
11 22 X    0  767
11 23 X    0  767
11 24 X    0  755
11 25 X    0  747
11 26 X    0  772
11 27 X    0  731
11 28 X    0  781
11 29 X    0  760
11 30 X    0  746
11  1 Y  -50 1031
11  2 Y  -50 1041
11  3 Y  -50 1022
11  4 Y  -50 1045
11  5 Y  -50 1048
11  6 Y  -50 1035
11  7 Y  -50 1029
11  8 Y  -50 1028
11  9 Y  -50 1036
11 10 Y  -50 1045
11 11 Y  -50 1045
11 12 Y  -50 1039
11 13 Y  -50 1018
11 14 Y  -50 1062
11 15 Y  -50 1087
11 16 Y  -50  985
11 17 Y  -50 1054
11 18 Y  -50 1030
11 19 Y  -50 1024
11 20 Y  -50 1053
11 21 Y  -50 1084
11 22 Y  -50 1037
11 23 Y  -50 1036
11 24 Y  -50 1022
11 25 Y  -50 1051
11 26 Y  -50 1051
11 27 Y  -50 1038
11 28 Y  -50 1050
11 29 Y  -50 1040
11 30 Y  -50 1034
11  1 Z  550 1055
11  2 Z  550 1069
11  3 Z  550 1069
11  4 Z  550 1082
11  5 Z  550 1060
11  6 Z  550 1056
11  7 Z  550 1059
11  8 Z  550 1044
11  9 Z  550 1049
11 10 Z  550 1053
11 11 Z  550 1052
11 12 Z  550 1069
11 13 Z  550 1306
11 14 Z  550 1135
11 15 Z  550 1130
11 16 Z  550 1187
11 17 Z  550 1093
11 18 Z  550 1110
11 19 Z  550 1077
11 20 Z  550 1072
11 21 Z  550 1076
11 22 Z  550 1077
11 23 Z  550 1065
11 24 Z  550 1061
11 25 Z  550 1105
11 26 Z  550 1090
11 27 Z  550 1077
11 28 Z  550 1099
11 29 Z  550 1067
11 30 Z  550 1070
12  1 X    0  745
12  2 X    0  744
12  3 X    0  772
12  4 X    0  748
12  5 X    0  766
12  6 X    0  740
12  7 X    0  743
12  8 X    0  788
12  9 X    0  753
12 10 X    0  763
12 11 X    0  754
12 12 X    0  730
12 13 X    0  780
12 14 X    0  764
12 15 X    0  728
12 16 X    0  795
12 17 X    0  762
12 18 X    0  744
12 19 X    0  756
12 20 X    0  745
12 21 X    0  741
12 22 X    0  762
12 23 X    0  760
12 24 X    0  746
12 25 X    0  762
12 26 X    0  779
12 27 X    0  727
12 28 X    0  745
12 29 X    0  754
12 30 X    0  752
12 31 X    0  750
12  1 Y  -50 1062
12  2 Y  -50 1048
12  3 Y  -50 1041
12  4 Y  -50 1046
12  5 Y  -50 1048
12  6 Y  -50 1065
12  7 Y  -50 1039
12  8 Y  -50 1022
12  9 Y  -50 1049
12 10 Y  -50 1036
12 11 Y  -50 1044
12 12 Y  -50 1045
12 13 Y  -50 1040
12 14 Y  -50 1029
12 15 Y  -50 1067
12 16 Y  -50 1033
12 17 Y  -50 1040
12 18 Y  -50 1058
12 19 Y  -50 1040
12 20 Y  -50 1039
12 21 Y  -50 1033
12 22 Y  -50 1036
12 23 Y  -50 1051
12 24 Y  -50 1038
12 25 Y  -50 1031
12 26 Y  -50 1039
12 27 Y  -50 1057
12 28 Y  -50 1053
12 29 Y  -50 1049
12 30 Y  -50 1049
12 31 Y  -50 1056
12  1 Z  550 1114
12  2 Z  550 1101
12  3 Z  550 1079
12  4 Z  550 1067
12  5 Z  550 1068
12  6 Z  550 1072
12  7 Z  550 1071
12  8 Z  550 1086
12  9 Z  550 1073
12 10 Z  550 1068
12 11 Z  550 1060
12 12 Z  550 1071
12 13 Z  550 1079
12 14 Z  550 1065
12 15 Z  550 1099
12 16 Z  550 1120
12 17 Z  550 1079
12 18 Z  550 1086
12 19 Z  550 1081
12 20 Z  550 1083
12 21 Z  550 1088
12 22 Z  550 1088
12 23 Z  550 1081
12 24 Z  550 1069
12 25 Z  550 1064
12 26 Z  550 1079
12 27 Z  550 1096
12 28 Z  550 1090
12 29 Z  550 1087
12 30 Z  550 1077
12 31 Z  550 1082
