 1  1 X    0  959
 1  2 X    0  969
 1  3 X    0  942
 1  4 X    0  918
 1  5 X    0  984
 1  6 X    0  947
 1  7 X    0  959
 1  8 X    0  965
 1  9 X    0  950
 1 10 X    0  967
 1 11 X    0  972
 1 12 X    0  971
 1 13 X    0  969
 1 14 X    0  977
 1 15 X    0  973
 1 16 X    0  941
 1 17 X    0  968
 1 18 X    0  990
 1 19 X    0  965
 1 20 X    0  974
 1 21 X    0  971
 1 22 X    0  975
 1 23 X    0  967
 1 24 X    0  967
 1 25 X    0  965
 1 26 X    0  971
 1 27 X    0  969
 1 28 X    0  958
 1 29 X    0  979
 1 30 X    0  991
 1 31 X    0  953
 1  1 Y  -50 1194
 1  2 Y  -50 1192
 1  3 Y  -50 1208
 1  4 Y  -50 1204
 1  5 Y  -50 1188
 1  6 Y  -50 1175
 1  7 Y  -50 1198
 1  8 Y  -50 1193
 1  9 Y  -50 1182
 1 10 Y  -50 1188
 1 11 Y  -50 1205
 1 12 Y  -50 1188
 1 13 Y  -50 1203
 1 14 Y  -50 1194
 1 15 Y  -50 1198
 1 16 Y  -50 1202
 1 17 Y  -50 1183
 1 18 Y  -50 1199
 1 19 Y  -50 1197
 1 20 Y  -50 1195
 1 21 Y  -50 1193
 1 22 Y  -50 1197
 1 23 Y  -50 1197
 1 24 Y  -50 1204
 1 25 Y  -50 1205
 1 26 Y  -50 1196
 1 27 Y  -50 1192
 1 28 Y  -50 1204
 1 29 Y  -50 1222
 1 30 Y  -50 1206
 1 31 Y  -50 1212
 1  1 Z  550 1685
 1  2 Z  550 1689
 1  3 Z  550 1687
 1  4 Z  550 1777
 1  5 Z  550 1755
 1  6 Z  550 1743
 1  7 Z  550 1711
 1  8 Z  550 1707
 1  9 Z  550 1712
 1 10 Z  550 1734
 1 11 Z  550 1704
 1 12 Z  550 1693
 1 13 Z  550 1696
 1 14 Z  550 1694
 1 15 Z  550 1697
 1 16 Z  550 1693
 1 17 Z  550 1697
 1 18 Z  550 1708
 1 19 Z  550 1694
 1 20 Z  550 1693
 1 21 Z  550 1689
 1 22 Z  550 1688
 1 23 Z  550 1685
 1 24 Z  550 1689
 1 25 Z  550 1685
 1 26 Z  550 1701
 1 27 Z  550 1695
 1 28 Z  550 1692
 1 29 Z  550 1717
 1 30 Z  550 1729
 1 31 Z  550 1731
 2  1 X    0  969
 2  2 X    0  972
 2  3 X    0  972
 2  4 X    0  975
 2  5 X    0  960
 2  6 X    0  963
 2  7 X    0  964
 2  8 X    0  960
 2  9 X    0  957
 2 10 X    0  975
 2 11 X    0  977
 2 12 X    0  957
 2 13 X    0  957
 2 14 X    0  990
 2 15 X    0 1030
 2 16 X    0  945
 2 17 X    0  959
 2 18 X    0  969
 2 19 X    0  959
 2 20 X    0  975
 2 21 X    0  939
 2 22 X    0  964
 2 23 X    0  975
 2 24 X    0  971
 2 25 X    0  963
 2 26 X    0  953
 2 27 X    0  952
 2 28 X    0  968
 2  1 Y  -50 1187
 2  2 Y  -50 1178
 2  3 Y  -50 1203
 2  4 Y  -50 1189
 2  5 Y  -50 1196
 2  6 Y  -50 1209
 2  7 Y  -50 1206
 2  8 Y  -50 1201
 2  9 Y  -50 1219
 2 10 Y  -50 1192
 2 11 Y  -50 1197
 2 12 Y  -50 1201
 2 13 Y  -50 1188
 2 14 Y  -50 1201
 2 15 Y  -50 1210
 2 16 Y  -50 1226
 2 17 Y  -50 1195
 2 18 Y  -50 1198
 2 19 Y  -50 1203
 2 20 Y  -50 1204
 2 21 Y  -50 1190
 2 22 Y  -50 1193
 2 23 Y  -50 1192
 2 24 Y  -50 1207
 2 25 Y  -50 1191
 2 26 Y  -50 1204
 2 27 Y  -50 1216
 2 28 Y  -50 1208
 2  1 Z  550 1712
 2  2 Z  550 1711
 2  3 Z  550 1712
 2  4 Z  550 1704
 2  5 Z  550 1714
 2  6 Z  550 1709
 2  7 Z  550 1702
 2  8 Z  550 1693
 2  9 Z  550 1695
 2 10 Z  550 1688
 2 11 Z  550 1684
 2 12 Z  550 1686
 2 13 Z  550 1666
 2 14 Z  550 1653
 2 15 Z  550 1729
 2 16 Z  550 1728
 2 17 Z  550 1719
 2 18 Z  550 1698
 2 19 Z  550 1707
 2 20 Z  550 1706
 2 21 Z  550 1685
 2 22 Z  550 1684
 2 23 Z  550 1690
 2 24 Z  550 1682
 2 25 Z  550 1684
 2 26 Z  550 1705
 2 27 Z  550 1732
 2 28 Z  550 1733
 3  1 X    0  945
 3  2 X    0  978
 3  3 X    0  967
 3  4 X    0  979
 3  5 X    0  967
 3  6 X    0  975
 3  7 X    0  972
 3  8 X    0  945
 3  9 X    0  988
 3 10 X    0  985
 3 11 X    0  976
 3 12 X    0  980
 3 13 X    0  992
 3 14 X    0  975
 3 15 X    0  981
 3 16 X    0  971
 3 17 X    0  975
 3 18 X    0  983
 3 19 X    0  981
 3 20 X    0  985
 3 21 X    0  992
 3 22 X    0  960
 3 23 X    0  992
 3 24 X    0  962
 3 25 X    0  977
 3 26 X    0  941
 3 27 X    0  974
 3 28 X    0  989
 3 29 X    0  985
 3 30 X    0 1013
 3 31 X    0  964
 3  1 Y  -50 1226
 3  2 Y  -50 1204
 3  3 Y  -50 1200
 3  4 Y  -50 1193
 3  5 Y  -50 1207
 3  6 Y  -50 1199
 3  7 Y  -50 1211
 3  8 Y  -50 1185
 3  9 Y  -50 1202
 3 10 Y  -50 1217
 3 11 Y  -50 1200
 3 12 Y  -50 1193
 3 13 Y  -50 1210
 3 14 Y  -50 1195
 3 15 Y  -50 1192
 3 16 Y  -50 1195
 3 17 Y  -50 1211
 3 18 Y  -50 1224
 3 19 Y  -50 1222
 3 20 Y  -50 1191
 3 21 Y  -50 1204
 3 22 Y  -50 1202
 3 23 Y  -50 1204
 3 24 Y  -50 1179
 3 25 Y  -50 1194
 3 26 Y  -50 1217
 3 27 Y  -50 1203
 3 28 Y  -50 1212
 3 29 Y  -50 1212
 3 30 Y  -50 1205
 3 31 Y  -50 1216
 3  1 Z  550 1718
 3  2 Z  550 1726
 3  3 Z  550 1710
 3  4 Z  550 1699
 3  5 Z  550 1677
 3  6 Z  550 1676
 3  7 Z  550 1670
 3  8 Z  550 1679
 3  9 Z  550 1688
 3 10 Z  550 1680
 3 11 Z  550 1669
 3 12 Z  550 1674
 3 13 Z  550 1702
 3 14 Z  550 1668
 3 15 Z  550 1717
 3 16 Z  550 1703
 3 17 Z  550 1713
 3 18 Z  550 1718
 3 19 Z  550 1711
 3 20 Z  550 1697
 3 21 Z  550 1711
 3 22 Z  550 1694
 3 23 Z  550 1683
 3 24 Z  550 1671
 3 25 Z  550 1677
 3 26 Z  550 1712
 3 27 Z  550 1729
 3 28 Z  550 1727
 3 29 Z  550 1707
 3 30 Z  550 1724
 3 31 Z  550 1713
 4  1 X    0  988
 4  2 X    0  965
 4  3 X    0  965
 4  4 X    0  939
 4  5 X    0  985
 4  6 X    0  986
 4  7 X    0  973
 4  8 X    0  986
 4  9 X    0  985
 4 10 X    0  955
 4 11 X    0  964
 4 12 X    0  967
 4 13 X    0  949
 4 14 X    0  973
 4 15 X    0  987
 4 16 X    0  985
 4 17 X    0  996
 4 18 X    0 1012
 4 19 X    0  980
 4 20 X    0  974
 4 21 X    0  988
 4 22 X    0  973
 4 23 X    0  956
 4 24 X    0  998
 4 25 X    0  997
 4 26 X    0  983
 4 27 X    0  974
 4 28 X    0  968
 4 29 X    0  969
 4 30 X    0 1044
 4  1 Y  -50 1192
 4  2 Y  -50 1193
 4  3 Y  -50 1215
 4  4 Y  -50 1151
 4  5 Y  -50 1171
 4  6 Y  -50 1202
 4  7 Y  -50 1197
 4  8 Y  -50 1206
 4  9 Y  -50 1197
 4 10 Y  -50 1166
 4 11 Y  -50 1226
 4 12 Y  -50 1195
 4 13 Y  -50 1208
 4 14 Y  -50 1228
 4 15 Y  -50 1195
 4 16 Y  -50 1206
 4 17 Y  -50 1188
 4 18 Y  -50 1205
 4 19 Y  -50 1237
 4 20 Y  -50 1188
 4 21 Y  -50 1204
 4 22 Y  -50 1207
 4 23 Y  -50 1217
 4 24 Y  -50 1207
 4 25 Y  -50 1206
 4 26 Y  -50 1194
 4 27 Y  -50 1203
 4 28 Y  -50 1219
 4 29 Y  -50 1210
 4 30 Y  -50 1192
 4  1 Z  550 1718
 4  2 Z  550 1696
 4  3 Z  550 1670
 4  4 Z  550 1701
 4  5 Z  550 1675
 4  6 Z  550 1654
 4  7 Z  550 1666
 4  8 Z  550 1672
 4  9 Z  550 1635
 4 10 Z  550 1631
 4 11 Z  550 1650
 4 12 Z  550 1705
 4 13 Z  550 1708
 4 14 Z  550 1710
 4 15 Z  550 1723
 4 16 Z  550 1736
 4 17 Z  550 1703
 4 18 Z  550 1562
 4 19 Z  550 1655
 4 20 Z  550 1601
 4 21 Z  550 1668
 4 22 Z  550 1678
 4 23 Z  550 1704
 4 24 Z  550 1723
 4 25 Z  550 1738
 4 26 Z  550 1697
 4 27 Z  550 1689
 4 28 Z  550 1745
 4 29 Z  550 1723
 4 30 Z  550 1717
 5  1 X    0 1044
 5  2 X    0 1030
 5  3 X    0 1006
 5  4 X    0 1042
 5  5 X    0  954
 5  6 X    0  962
 5  7 X    0  984
 5  8 X    0 1015
 5  9 X    0 1010
 5 10 X    0  971
 5 11 X    0 1020
 5 12 X    0  986
 5 13 X    0  978
 5 14 X    0  952
 5 15 X    0 1005
 5 16 X    0 1018
 5 17 X    0  998
 5 18 X    0  985
 5 19 X    0 1024
 5 20 X    0  985
 5 21 X    0  969
 5 22 X    0  963
 5 23 X    0  989
 5 24 X    0  991
 5 25 X    0  983
 5 26 X    0  989
 5 27 X    0  983
 5 28 X    0  988
 5 29 X    0  972
 5 30 X    0 1000
 5 31 X    0 1047
 5  1 Y  -50 1163
 5  2 Y  -50 1194
 5  3 Y  -50 1207
 5  4 Y  -50 1224
 5  5 Y  -50 1194
 5  6 Y  -50 1182
 5  7 Y  -50 1206
 5  8 Y  -50 1216
 5  9 Y  -50 1255
 5 10 Y  -50 1195
 5 11 Y  -50 1188
 5 12 Y  -50 1219
 5 13 Y  -50 1197
 5 14 Y  -50 1221
 5 15 Y  -50 1199
 5 16 Y  -50 1199
 5 17 Y  -50 1201
 5 18 Y  -50 1216
 5 19 Y  -50 1198
 5 20 Y  -50 1195
 5 21 Y  -50 1181
 5 22 Y  -50 1223
 5 23 Y  -50 1214
 5 24 Y  -50 1218
 5 25 Y  -50 1195
 5 26 Y  -50 1226
 5 27 Y  -50 1208
 5 28 Y  -50 1228
 5 29 Y  -50 1194
 5 30 Y  -50 1178
 5 31 Y  -50 1165
 5  1 Z  550 1641
 5  2 Z  550 1705
 5  3 Z  550 1673
 5  4 Z  550 1705
 5  5 Z  550 1696
 5  6 Z  550 1717
 5  7 Z  550 1625
 5  8 Z  550 1623
 5  9 Z  550 1676
 5 10 Z  550 1675
 5 11 Z  550 1717
 5 12 Z  550 1698
 5 13 Z  550 1750
 5 14 Z  550 1764
 5 15 Z  550 1610
 5 16 Z  550 1569
 5 17 Z  550 1660
 5 18 Z  550 1714
 5 19 Z  550 1612
 5 20 Z  550 1595
 5 21 Z  550 1570
 5 22 Z  550 1675
 5 23 Z  550 1769
 5 24 Z  550 1738
 5 25 Z  550 1678
 5 26 Z  550 1713
 5 27 Z  550 1728
 5 28 Z  550 1715
 5 29 Z  550 1701
 5 30 Z  550 1785
 5 31 Z  550 1612
 6  1 X    0 1026
 6  2 X    0  963
 6  3 X    0  953
 6  4 X    0  959
 6  5 X    0 1027
 6  6 X    0  957
 6  7 X    0  956
 6  8 X    0  990
 6  9 X    0 1001
 6 10 X    0 1015
 6 11 X    0 1069
 6 12 X    0 1007
 6 13 X    0 1029
 6 14 X    0  996
 6 15 X    0 1039
 6 16 X    0 1017
 6 17 X    0 1018
 6 18 X    0 1027
 6 19 X    0  987
 6 20 X    0  958
 6 21 X    0  963
 6 22 X    0  990
 6 23 X    0  960
 6 24 X    0  990
 6 25 X    0  982
 6 26 X    0 1014
 6 27 X    0 1028
 6 28 X    0 1035
 6 29 X    0 1018
 6 30 X    0 1064
 6  1 Y  -50 1178
 6  2 Y  -50 1268
 6  3 Y  -50 1213
 6  4 Y  -50 1200
 6  5 Y  -50 1173
 6  6 Y  -50 1248
 6  7 Y  -50 1240
 6  8 Y  -50 1204
 6  9 Y  -50 1193
 6 10 Y  -50 1215
 6 11 Y  -50 1162
 6 12 Y  -50 1225
 6 13 Y  -50 1183
 6 14 Y  -50 1192
 6 15 Y  -50 1186
 6 16 Y  -50 1183
 6 17 Y  -50 1217
 6 18 Y  -50 1219
 6 19 Y  -50 1214
 6 20 Y  -50 1217
 6 21 Y  -50 1212
 6 22 Y  -50 1195
 6 23 Y  -50 1201
 6 24 Y  -50 1202
 6 25 Y  -50 1239
 6 26 Y  -50 1199
 6 27 Y  -50 1194
 6 28 Y  -50 1198
 6 29 Y  -50 1180
 6 30 Y  -50 1236
 6  1 Z  550 1651
 6  2 Z  550 1570
 6  3 Z  550 1747
 6  4 Z  550 1762
 6  5 Z  550 1728
 6  6 Z  550 1791
 6  7 Z  550 1762
 6  8 Z  550 1681
 6  9 Z  550 1701
 6 10 Z  550 1635
 6 11 Z  550 1570
 6 12 Z  550 1608
 6 13 Z  550 1561
 6 14 Z  550 1602
 6 15 Z  550 1576
 6 16 Z  550 1568
 6 17 Z  550 1554
 6 18 Z  550 1554
 6 19 Z  550 1696
 6 20 Z  550 1757
 6 21 Z  550 1725
 6 22 Z  550 1673
 6 23 Z  550 1700
 6 24 Z  550 1736
 6 25 Z  550 1719
 6 26 Z  550 1668
 6 27 Z  550 1613
 6 28 Z  550 1569
 6 29 Z  550 1550
 6 30 Z  550 1589
 7  1 X    0  992
 7  2 X    0  980
 7  3 X    0 1009
 7  4 X    0  985
 7  5 X    0 1048
 7  6 X    0 1017
 7  7 X    0 1005
 7  8 X    0 1011
 7  9 X    0 1019
 7 10 X    0 1030
 7 11 X    0 1027
 7 12 X    0 1030
 7 13 X    0 1026
 7 14 X    0 1035
 7 15 X    0  981
 7 16 X    0  986
 7 17 X    0 1026
 7 18 X    0  970
 7 19 X    0  940
 7 20 X    0  998
 7 21 X    0 1017
 7 22 X    0  960
 7 23 X    0  947
 7 24 X    0  961
 7 25 X    0  983
 7 26 X    0  979
 7 27 X    0  994
 7 28 X    0 1020
 7 29 X    0 1000
 7 30 X    0 1019
 7 31 X    0 1001
 7  1 Y  -50 1203
 7  2 Y  -50 1185
 7  3 Y  -50 1195
 7  4 Y  -50 1184
 7  5 Y  -50 1181
 7  6 Y  -50 1207
 7  7 Y  -50 1213
 7  8 Y  -50 1198
 7  9 Y  -50 1188
 7 10 Y  -50 1182
 7 11 Y  -50 1196
 7 12 Y  -50 1181
 7 13 Y  -50 1207
 7 14 Y  -50 1225
 7 15 Y  -50 1197
 7 16 Y  -50 1196
 7 17 Y  -50 1174
 7 18 Y  -50 1215
 7 19 Y  -50 1220
 7 20 Y  -50 1204
 7 21 Y  -50 1176
 7 22 Y  -50 1241
 7 23 Y  -50 1208
 7 24 Y  -50 1219
 7 25 Y  -50 1202
 7 26 Y  -50 1230
 7 27 Y  -50 1201
 7 28 Y  -50 1186
 7 29 Y  -50 1221
 7 30 Y  -50 1196
 7 31 Y  -50 1203
 7  1 Z  550 1640
 7  2 Z  550 1582
 7  3 Z  550 1627
 7  4 Z  550 1660
 7  5 Z  550 1586
 7  6 Z  550 1548
 7  7 Z  550 1564
 7  8 Z  550 1640
 7  9 Z  550 1578
 7 10 Z  550 1543
 7 11 Z  550 1573
 7 12 Z  550 1553
 7 13 Z  550 1579
 7 14 Z  550 1605
 7 15 Z  550 1684
 7 16 Z  550 1605
 7 17 Z  550 1601
 7 18 Z  550 1550
 7 19 Z  550 1759
 7 20 Z  550 1701
 7 21 Z  550 1619
 7 22 Z  550 1754
 7 23 Z  550 1734
 7 24 Z  550 1729
 7 25 Z  550 1738
 7 26 Z  550 1735
 7 27 Z  550 1676
 7 28 Z  550 1664
 7 29 Z  550 1664
 7 30 Z  550 1589
 7 31 Z  550 1625
 8  1 X    0 1007
 8  2 X    0  959
 8  3 X    0 1005
 8  4 X    0 1027
 8  5 X    0 1016
 8  6 X    0 1015
 8  7 X    0 1000
 8  8 X    0 1019
 8  9 X    0 1020
 8 10 X    0 1010
 8 11 X    0 1013
 8 12 X    0 1021
 8 13 X    0 1018
 8 14 X    0 1001
 8 15 X    0  983
 8 16 X    0  986
 8 17 X    0  991
 8 18 X    0  955
 8 19 X    0 1004
 8 20 X    0  980
 8 21 X    0  981
 8 22 X    0  991
 8 23 X    0  984
 8 24 X    0  990
 8 25 X    0  997
 8 26 X    0  998
 8 27 X    0  992
 8 28 X    0 1021
 8 29 X    0 1010
 8 30 X    0  978
 8 31 X    0 1007
 8  1 Y  -50 1202
 8  2 Y  -50 1225
 8  3 Y  -50 1207
 8  4 Y  -50 1188
 8  5 Y  -50 1217
 8  6 Y  -50 1218
 8  7 Y  -50 1202
 8  8 Y  -50 1201
 8  9 Y  -50 1188
 8 10 Y  -50 1218
 8 11 Y  -50 1219
 8 12 Y  -50 1193
 8 13 Y  -50 1228
 8 14 Y  -50 1197
 8 15 Y  -50 1214
 8 16 Y  -50 1214
 8 17 Y  -50 1226
 8 18 Y  -50 1220
 8 19 Y  -50 1218
 8 20 Y  -50 1220
 8 21 Y  -50 1206
 8 22 Y  -50 1194
 8 23 Y  -50 1210
 8 24 Y  -50 1201
 8 25 Y  -50 1204
 8 26 Y  -50 1201
 8 27 Y  -50 1222
 8 28 Y  -50 1233
 8 29 Y  -50 1196
 8 30 Y  -50 1219
 8 31 Y  -50 1242
 8  1 Z  550 1609
 8  2 Z  550 1730
 8  3 Z  550 1590
 8  4 Z  550 1577
 8  5 Z  550 1597
 8  6 Z  550 1625
 8  7 Z  550 1611
 8  8 Z  550 1608
 8  9 Z  550 1567
 8 10 Z  550 1631
 8 11 Z  550 1607
 8 12 Z  550 1589
 8 13 Z  550 1621
 8 14 Z  550 1673
 8 15 Z  550 1679
 8 16 Z  550 1685
 8 17 Z  550 1717
 8 18 Z  550 1727
 8 19 Z  550 1662
 8 20 Z  550 1700
 8 21 Z  550 1692
 8 22 Z  550 1693
 8 23 Z  550 1710
 8 24 Z  550 1668
 8 25 Z  550 1633
 8 26 Z  550 1645
 8 27 Z  550 1657
 8 28 Z  550 1705
 8 29 Z  550 1670
 8 30 Z  550 1643
 8 31 Z  550 1662
 9  1 X    0 1019
 9  2 X    0  991
 9  3 X    0 1005
 9  4 X    0 1007
 9  5 X    0 1002
 9  6 X    0 1026
 9  7 X    0  999
 9  8 X    0 1014
 9  9 X    0  987
 9 10 X    0  988
 9 11 X    0  981
 9 12 X    0  989
 9 13 X    0  994
 9 14 X    0  989
 9 15 X    0  989
 9 16 X    0  982
 9 17 X    0 1000
 9 18 X    0  982
 9 19 X    0  988
 9 20 X    0  981
 9 21 X    0 1002
 9 22 X    0  986
 9 23 X    0  994
 9 24 X    0  992
 9 25 X    0 1018
 9 26 X    0  980
 9 27 X    0  953
 9 28 X    0  993
 9 29 X    0  NaN
 9 30 X    0  994
 9  1 Y  -50 1214
 9  2 Y  -50 1219
 9  3 Y  -50 1204
 9  4 Y  -50 1213
 9  5 Y  -50 1203
 9  6 Y  -50 1204
 9  7 Y  -50 1201
 9  8 Y  -50 1209
 9  9 Y  -50 1239
 9 10 Y  -50 1221
 9 11 Y  -50 1218
 9 12 Y  -50 1228
 9 13 Y  -50 1213
 9 14 Y  -50 1192
 9 15 Y  -50 1203
 9 16 Y  -50 1206
 9 17 Y  -50 1207
 9 18 Y  -50 1209
 9 19 Y  -50 1201
 9 20 Y  -50 1195
 9 21 Y  -50 1197
 9 22 Y  -50 1214
 9 23 Y  -50 1212
 9 24 Y  -50 1206
 9 25 Y  -50 1230
 9 26 Y  -50 1251
 9 27 Y  -50 1202
 9 28 Y  -50 1218
 9 29 Y  -50  NaN
 9 30 Y  -50 1199
 9  1 Z  550 1651
 9  2 Z  550 1683
 9  3 Z  550 1666
 9  4 Z  550 1650
 9  5 Z  550 1633
 9  6 Z  550 1639
 9  7 Z  550 1675
 9  8 Z  550 1723
 9  9 Z  550 1672
 9 10 Z  550 1746
 9 11 Z  550 1649
 9 12 Z  550 1663
 9 13 Z  550 1706
 9 14 Z  550 1683
 9 15 Z  550 1667
 9 16 Z  550 1704
 9 17 Z  550 1700
 9 18 Z  550 1706
 9 19 Z  550 1686
 9 20 Z  550 1693
 9 21 Z  550 1685
 9 22 Z  550 1658
 9 23 Z  550 1652
 9 24 Z  550 1641
 9 25 Z  550 1698
 9 26 Z  550 1705
 9 27 Z  550 1669
 9 28 Z  550 1710
 9 29 Z  550  NaN
 9 30 Z  550 1726
10  1 X    0  989
10  2 X    0  993
10  3 X    0  999
10  4 X    0 1001
10  5 X    0 1006
10  6 X    0  986
10  7 X    0  999
10  8 X    0  993
10  9 X    0  993
10 10 X    0  991
10 11 X    0  990
10 12 X    0  982
10 13 X    0  979
10 14 X    0  987
10 15 X    0  989
10 16 X    0  989
10 17 X    0  985
10 18 X    0  983
10 19 X    0  994
10 20 X    0  987
10 21 X    0  980
10 22 X    0  999
10 23 X    0  995
10 24 X    0  NaN
10 25 X    0  980
10 26 X    0  966
10 27 X    0 1006
10 28 X    0 1004
10 29 X    0  977
10 30 X    0  975
10 31 X    0  991
10  1 Y  -50 1217
10  2 Y  -50 1217
10  3 Y  -50 1211
10  4 Y  -50 1214
10  5 Y  -50 1201
10  6 Y  -50 1202
10  7 Y  -50 1208
10  8 Y  -50 1201
10  9 Y  -50 1194
10 10 Y  -50 1200
10 11 Y  -50 1201
10 12 Y  -50 1213
10 13 Y  -50 1208
10 14 Y  -50 1218
10 15 Y  -50 1203
10 16 Y  -50 1209
10 17 Y  -50 1201
10 18 Y  -50 1199
10 19 Y  -50 1216
10 20 Y  -50 1210
10 21 Y  -50 1209
10 22 Y  -50 1209
10 23 Y  -50 1213
10 24 Y  -50  NaN
10 25 Y  -50 1213
10 26 Y  -50 1198
10 27 Y  -50 1216
10 28 Y  -50 1206
10 29 Y  -50 1221
10 30 Y  -50 1225
10 31 Y  -50 1215
10  1 Z  550 1701
10  2 Z  550 1682
10  3 Z  550 1687
10  4 Z  550 1669
10  5 Z  550 1695
10  6 Z  550 1697
10  7 Z  550 1710
10  8 Z  550 1690
10  9 Z  550 1699
10 10 Z  550 1716
10 11 Z  550 1703
10 12 Z  550 1695
10 13 Z  550 1707
10 14 Z  550 1706
10 15 Z  550 1689
10 16 Z  550 1698
10 17 Z  550 1694
10 18 Z  550 1688
10 19 Z  550 1706
10 20 Z  550 1696
10 21 Z  550 1685
10 22 Z  550 1692
10 23 Z  550 1688
10 24 Z  550  NaN
10 25 Z  550 1679
10 26 Z  550 1681
10 27 Z  550 1707
10 28 Z  550 1712
10 29 Z  550 1701
10 30 Z  550 1715
10 31 Z  550 1708
11  1 X    0 1007
11  2 X    0  988
11  3 X    0  984
11  4 X    0  996
11  5 X    0 1002
11  6 X    0  992
11  7 X    0  987
11  8 X    0  993
11  9 X    0 1007
11 10 X    0  963
11 11 X    0  991
11 12 X    0  986
11 13 X    0  999
11 14 X    0  994
11 15 X    0  997
11 16 X    0  989
11 17 X    0  992
11 18 X    0  995
11 19 X    0  998
11 20 X    0  974
11 21 X    0  991
11 22 X    0  992
11 23 X    0  978
11 24 X    0  977
11 25 X    0  979
11 26 X    0  994
11 27 X    0  989
11 28 X    0  997
11 29 X    0  995
11 30 X    0  994
11  1 Y  -50 1215
11  2 Y  -50 1223
11  3 Y  -50 1195
11  4 Y  -50 1210
11  5 Y  -50 1201
11  6 Y  -50 1205
11  7 Y  -50 1190
11  8 Y  -50 1196
11  9 Y  -50 1202
11 10 Y  -50 1199
11 11 Y  -50 1186
11 12 Y  -50 1209
11 13 Y  -50 1242
11 14 Y  -50 1243
11 15 Y  -50 1186
11 16 Y  -50 1214
11 17 Y  -50 1212
11 18 Y  -50 1197
11 19 Y  -50 1211
11 20 Y  -50 1208
11 21 Y  -50 1192
11 22 Y  -50 1229
11 23 Y  -50 1209
11 24 Y  -50 1212
11 25 Y  -50 1238
11 26 Y  -50 1215
11 27 Y  -50 1212
11 28 Y  -50 1203
11 29 Y  -50 1209
11 30 Y  -50 1203
11  1 Z  550 1707
11  2 Z  550 1705
11  3 Z  550 1703
11  4 Z  550 1700
11  5 Z  550 1697
11  6 Z  550 1688
11  7 Z  550 1695
11  8 Z  550 1714
11  9 Z  550 1707
11 10 Z  550 1697
11 11 Z  550 1702
11 12 Z  550 1753
11 13 Z  550 1731
11 14 Z  550 1704
11 15 Z  550 1700
11 16 Z  550 1693
11 17 Z  550 1692
11 18 Z  550 1692
11 19 Z  550 1695
11 20 Z  550 1697
11 21 Z  550 1707
11 22 Z  550 1718
11 23 Z  550 1706
11 24 Z  550 1709
11 25 Z  550 1746
11 26 Z  550 1745
11 27 Z  550 1727
11 28 Z  550 1712
11 29 Z  550 1707
11 30 Z  550 1699
12  1 X    0 1003
12  2 X    0 1004
12  3 X    0  991
12  4 X    0  985
12  5 X    0  994
12  6 X    0  994
12  7 X    0 1000
12  8 X    0  999
12  9 X    0 1000
12 10 X    0 1002
12 11 X    0 1001
12 12 X    0  993
12 13 X    0  996
12 14 X    0  997
12 15 X    0 1004
12 16 X    0  993
12 17 X    0 1004
12 18 X    0  963
12 19 X    0  986
12 20 X    0  985
12 21 X    0 1010
12 22 X    0 1002
12 23 X    0 1008
12 24 X    0 1003
12 25 X    0 1004
12 26 X    0 1000
12 27 X    0  997
12 28 X    0  985
12 29 X    0  973
12 30 X    0  988
12 31 X    0  996
12  1 Y  -50 1213
12  2 Y  -50 1204
12  3 Y  -50 1199
12  4 Y  -50 1213
12  5 Y  -50 1203
12  6 Y  -50 1208
12  7 Y  -50 1207
12  8 Y  -50 1207
12  9 Y  -50 1206
12 10 Y  -50 1203
12 11 Y  -50 1202
12 12 Y  -50 1207
12 13 Y  -50 1200
12 14 Y  -50 1217
12 15 Y  -50 1216
12 16 Y  -50 1213
12 17 Y  -50 1203
12 18 Y  -50 1233
12 19 Y  -50 1216
12 20 Y  -50 1224
12 21 Y  -50 1204
12 22 Y  -50 1217
12 23 Y  -50 1206
12 24 Y  -50 1202
12 25 Y  -50 1229
12 26 Y  -50 1205
12 27 Y  -50 1199
12 28 Y  -50 1208
12 29 Y  -50 1211
12 30 Y  -50 1195
12 31 Y  -50 1203
12  1 Z  550 1703
12  2 Z  550 1696
12  3 Z  550 1695
12  4 Z  550 1701
12  5 Z  550 1702
12  6 Z  550 1700
12  7 Z  550 1696
12  8 Z  550 1695
12  9 Z  550 1692
12 10 Z  550 1690
12 11 Z  550 1688
12 12 Z  550 1675
12 13 Z  550 1709
12 14 Z  550 1711
12 15 Z  550 1718
12 16 Z  550 1705
12 17 Z  550 1697
12 18 Z  550 1719
12 19 Z  550 1735
12 20 Z  550 1736
12 21 Z  550 1716
12 22 Z  550 1718
12 23 Z  550 1708
12 24 Z  550 1695
12 25 Z  550 1715
12 26 Z  550 1705
12 27 Z  550 1708
12 28 Z  550 1710
12 29 Z  550 1709
12 30 Z  550 1723
12 31 Z  550 1711
