 1  1 X    0  869
 1  2 X    0  865
 1  3 X    0  863
 1  4 X    0  851
 1  5 X    0  853
 1  6 X    0  831
 1  7 X    0  868
 1  8 X    0  846
 1  9 X    0  873
 1 10 X    0  881
 1 11 X    0  880
 1 12 X    0  873
 1 13 X    0  858
 1 14 X    0  837
 1 15 X    0  865
 1 16 X    0  847
 1 17 X    0  863
 1 18 X    0  872
 1 19 X    0  877
 1 20 X    0  861
 1 21 X    0  865
 1 22 X    0  862
 1 23 X    0  857
 1 24 X    0  875
 1 25 X    0  870
 1 26 X    0  874
 1 27 X    0  863
 1 28 X    0  876
 1 29 X    0  876
 1 30 X    0  870
 1 31 X    0  854
 1  1 Y  -50 1172
 1  2 Y  -50 1170
 1  3 Y  -50 1180
 1  4 Y  -50 1188
 1  5 Y  -50 1184
 1  6 Y  -50 1175
 1  7 Y  -50 1172
 1  8 Y  -50 1196
 1  9 Y  -50 1171
 1 10 Y  -50 1169
 1 11 Y  -50 1169
 1 12 Y  -50 1164
 1 13 Y  -50 1177
 1 14 Y  -50 1182
 1 15 Y  -50 1161
 1 16 Y  -50 1186
 1 17 Y  -50 1169
 1 18 Y  -50 1186
 1 19 Y  -50 1169
 1 20 Y  -50 1164
 1 21 Y  -50 1176
 1 22 Y  -50 1175
 1 23 Y  -50 1170
 1 24 Y  -50 1171
 1 25 Y  -50 1171
 1 26 Y  -50 1169
 1 27 Y  -50 1185
 1 28 Y  -50 1168
 1 29 Y  -50 1174
 1 30 Y  -50 1167
 1 31 Y  -50 1174
 1  1 Z  550 1640
 1  2 Z  550 1629
 1  3 Z  550 1624
 1  4 Z  550 1659
 1  5 Z  550 1658
 1  6 Z  550 1669
 1  7 Z  550 1705
 1  8 Z  550 1670
 1  9 Z  550 1642
 1 10 Z  550 1651
 1 11 Z  550 1641
 1 12 Z  550 1640
 1 13 Z  550 1662
 1 14 Z  550 1680
 1 15 Z  550 1673
 1 16 Z  550 1670
 1 17 Z  550 1679
 1 18 Z  550 1681
 1 19 Z  550 1662
 1 20 Z  550 1653
 1 21 Z  550 1647
 1 22 Z  550 1640
 1 23 Z  550 1633
 1 24 Z  550 1638
 1 25 Z  550 1635
 1 26 Z  550 1634
 1 27 Z  550 1640
 1 28 Z  550 1650
 1 29 Z  550 1638
 1 30 Z  550 1632
 1 31 Z  550 1631
 2  1 X    0  863
 2  2 X    0  866
 2  3 X    0  878
 2  4 X    0  870
 2  5 X    0  861
 2  6 X    0  875
 2  7 X    0  862
 2  8 X    0  883
 2  9 X    0  867
 2 10 X    0  861
 2 11 X    0  852
 2 12 X    0  859
 2 13 X    0  857
 2 14 X    0  862
 2 15 X    0  866
 2 16 X    0  861
 2 17 X    0  876
 2 18 X    0  867
 2 19 X    0  884
 2 20 X    0  874
 2 21 X    0  877
 2 22 X    0  869
 2 23 X    0  871
 2 24 X    0  864
 2 25 X    0  886
 2 26 X    0  876
 2 27 X    0  879
 2 28 X    0  874
 2  1 Y  -50 1189
 2  2 Y  -50 1176
 2  3 Y  -50 1169
 2  4 Y  -50 1174
 2  5 Y  -50 1177
 2  6 Y  -50 1175
 2  7 Y  -50 1176
 2  8 Y  -50 1182
 2  9 Y  -50 1164
 2 10 Y  -50 1169
 2 11 Y  -50 1170
 2 12 Y  -50 1185
 2 13 Y  -50 1173
 2 14 Y  -50 1180
 2 15 Y  -50 1173
 2 16 Y  -50 1181
 2 17 Y  -50 1177
 2 18 Y  -50 1168
 2 19 Y  -50 1175
 2 20 Y  -50 1168
 2 21 Y  -50 1175
 2 22 Y  -50 1177
 2 23 Y  -50 1193
 2 24 Y  -50 1173
 2 25 Y  -50 1186
 2 26 Y  -50 1173
 2 27 Y  -50 1171
 2 28 Y  -50 1169
 2  1 Z  550 1662
 2  2 Z  550 1657
 2  3 Z  550 1648
 2  4 Z  550 1638
 2  5 Z  550 1645
 2  6 Z  550 1638
 2  7 Z  550 1645
 2  8 Z  550 1645
 2  9 Z  550 1647
 2 10 Z  550 1664
 2 11 Z  550 1670
 2 12 Z  550 1680
 2 13 Z  550 1671
 2 14 Z  550 1661
 2 15 Z  550 1661
 2 16 Z  550 1661
 2 17 Z  550 1663
 2 18 Z  550 1663
 2 19 Z  550 1642
 2 20 Z  550 1642
 2 21 Z  550 1632
 2 22 Z  550 1629
 2 23 Z  550 1649
 2 24 Z  550 1646
 2 25 Z  550 1651
 2 26 Z  550 1635
 2 27 Z  550 1640
 2 28 Z  550 1634
 3  1 X    0  861
 3  2 X    0  879
 3  3 X    0  870
 3  4 X    0  876
 3  5 X    0  873
 3  6 X    0  863
 3  7 X    0  877
 3  8 X    0  873
 3  9 X    0  869
 3 10 X    0  856
 3 11 X    0  882
 3 12 X    0  862
 3 13 X    0  854
 3 14 X    0  865
 3 15 X    0  874
 3 16 X    0  901
 3 17 X    0  877
 3 18 X    0  863
 3 19 X    0  871
 3 20 X    0  871
 3 21 X    0  881
 3 22 X    0  874
 3 23 X    0  892
 3 24 X    0  865
 3 25 X    0  876
 3 26 X    0  873
 3 27 X    0  842
 3 28 X    0  876
 3 29 X    0  882
 3 30 X    0  879
 3 31 X    0  876
 3  1 Y  -50 1183
 3  2 Y  -50 1167
 3  3 Y  -50 1170
 3  4 Y  -50 1168
 3  5 Y  -50 1191
 3  6 Y  -50 1190
 3  7 Y  -50 1174
 3  8 Y  -50 1172
 3  9 Y  -50 1161
 3 10 Y  -50 1177
 3 11 Y  -50 1179
 3 12 Y  -50 1181
 3 13 Y  -50 1178
 3 14 Y  -50 1180
 3 15 Y  -50 1179
 3 16 Y  -50 1198
 3 17 Y  -50 1166
 3 18 Y  -50 1199
 3 19 Y  -50 1172
 3 20 Y  -50 1185
 3 21 Y  -50 1161
 3 22 Y  -50 1165
 3 23 Y  -50 1173
 3 24 Y  -50 1184
 3 25 Y  -50 1167
 3 26 Y  -50 1182
 3 27 Y  -50 1225
 3 28 Y  -50 1191
 3 29 Y  -50 1194
 3 30 Y  -50 1166
 3 31 Y  -50 1172
 3  1 Z  550 1644
 3  2 Z  550 1646
 3  3 Z  550 1633
 3  4 Z  550 1646
 3  5 Z  550 1657
 3  6 Z  550 1647
 3  7 Z  550 1644
 3  8 Z  550 1646
 3  9 Z  550 1639
 3 10 Z  550 1685
 3 11 Z  550 1708
 3 12 Z  550 1686
 3 13 Z  550 1667
 3 14 Z  550 1673
 3 15 Z  550 1666
 3 16 Z  550 1679
 3 17 Z  550 1655
 3 18 Z  550 1665
 3 19 Z  550 1655
 3 20 Z  550 1655
 3 21 Z  550 1626
 3 22 Z  550 1628
 3 23 Z  550 1629
 3 24 Z  550 1612
 3 25 Z  550 1627
 3 26 Z  550 1627
 3 27 Z  550 1640
 3 28 Z  550 1655
 3 29 Z  550 1648
 3 30 Z  550 1635
 3 31 Z  550 1648
 4  1 X    0  885
 4  2 X    0  877
 4  3 X    0  883
 4  4 X    0  876
 4  5 X    0  871
 4  6 X    0  885
 4  7 X    0  850
 4  8 X    0  873
 4  9 X    0  855
 4 10 X    0  885
 4 11 X    0  886
 4 12 X    0  872
 4 13 X    0  883
 4 14 X    0  890
 4 15 X    0  876
 4 16 X    0  883
 4 17 X    0  880
 4 18 X    0  876
 4 19 X    0  893
 4 20 X    0  830
 4 21 X    0  888
 4 22 X    0  879
 4 23 X    0  880
 4 24 X    0  889
 4 25 X    0  894
 4 26 X    0  874
 4 27 X    0  887
 4 28 X    0  885
 4 29 X    0  883
 4 30 X    0  880
 4  1 Y  -50 1174
 4  2 Y  -50 1165
 4  3 Y  -50 1174
 4  4 Y  -50 1178
 4  5 Y  -50 1174
 4  6 Y  -50 1184
 4  7 Y  -50 1176
 4  8 Y  -50 1206
 4  9 Y  -50 1181
 4 10 Y  -50 1175
 4 11 Y  -50 1194
 4 12 Y  -50 1175
 4 13 Y  -50 1161
 4 14 Y  -50 1162
 4 15 Y  -50 1182
 4 16 Y  -50 1175
 4 17 Y  -50 1171
 4 18 Y  -50 1178
 4 19 Y  -50 1171
 4 20 Y  -50 1174
 4 21 Y  -50 1179
 4 22 Y  -50 1173
 4 23 Y  -50 1186
 4 24 Y  -50 1175
 4 25 Y  -50 1174
 4 26 Y  -50 1166
 4 27 Y  -50 1174
 4 28 Y  -50 1172
 4 29 Y  -50 1178
 4 30 Y  -50 1178
 4  1 Z  550 1629
 4  2 Z  550 1631
 4  3 Z  550 1638
 4  4 Z  550 1648
 4  5 Z  550 1642
 4  6 Z  550 1647
 4  7 Z  550 1649
 4  8 Z  550 1664
 4  9 Z  550 1686
 4 10 Z  550 1700
 4 11 Z  550 1694
 4 12 Z  550 1676
 4 13 Z  550 1667
 4 14 Z  550 1683
 4 15 Z  550 1659
 4 16 Z  550 1646
 4 17 Z  550 1619
 4 18 Z  550 1635
 4 19 Z  550 1603
 4 20 Z  550 1600
 4 21 Z  550 1635
 4 22 Z  550 1628
 4 23 Z  550 1618
 4 24 Z  550 1612
 4 25 Z  550 1616
 4 26 Z  550 1624
 4 27 Z  550 1623
 4 28 Z  550 1621
 4 29 Z  550 1630
 4 30 Z  550 1622
 5  1 X    0  881
 5  2 X    0  876
 5  3 X    0  901
 5  4 X    0  876
 5  5 X    0  885
 5  6 X    0  892
 5  7 X    0  880
 5  8 X    0  876
 5  9 X    0  879
 5 10 X    0  902
 5 11 X    0  886
 5 12 X    0  879
 5 13 X    0  865
 5 14 X    0  899
 5 15 X    0  889
 5 16 X    0  892
 5 17 X    0  911
 5 18 X    0  899
 5 19 X    0  912
 5 20 X    0  934
 5 21 X    0  906
 5 22 X    0  906
 5 23 X    0  898
 5 24 X    0  896
 5 25 X    0  869
 5 26 X    0  944
 5 27 X    0  878
 5 28 X    0  883
 5 29 X    0  876
 5 30 X    0  894
 5 31 X    0  874
 5  1 Y  -50 1185
 5  2 Y  -50 1195
 5  3 Y  -50 1172
 5  4 Y  -50 1186
 5  5 Y  -50 1162
 5  6 Y  -50 1167
 5  7 Y  -50 1209
 5  8 Y  -50 1169
 5  9 Y  -50 1173
 5 10 Y  -50 1191
 5 11 Y  -50 1178
 5 12 Y  -50 1183
 5 13 Y  -50 1170
 5 14 Y  -50 1169
 5 15 Y  -50 1181
 5 16 Y  -50 1183
 5 17 Y  -50 1184
 5 18 Y  -50 1174
 5 19 Y  -50 1152
 5 20 Y  -50 1192
 5 21 Y  -50 1166
 5 22 Y  -50 1186
 5 23 Y  -50 1175
 5 24 Y  -50 1170
 5 25 Y  -50 1168
 5 26 Y  -50 1163
 5 27 Y  -50 1197
 5 28 Y  -50 1174
 5 29 Y  -50 1197
 5 30 Y  -50 1180
 5 31 Y  -50 1183
 5  1 Z  550 1617
 5  2 Z  550 1652
 5  3 Z  550 1667
 5  4 Z  550 1656
 5  5 Z  550 1667
 5  6 Z  550 1679
 5  7 Z  550 1665
 5  8 Z  550 1634
 5  9 Z  550 1665
 5 10 Z  550 1678
 5 11 Z  550 1640
 5 12 Z  550 1664
 5 13 Z  550 1629
 5 14 Z  550 1653
 5 15 Z  550 1645
 5 16 Z  550 1573
 5 17 Z  550 1608
 5 18 Z  550 1602
 5 19 Z  550 1602
 5 20 Z  550 1599
 5 21 Z  550 1604
 5 22 Z  550 1604
 5 23 Z  550 1591
 5 24 Z  550 1575
 5 25 Z  550 1563
 5 26 Z  550 1608
 5 27 Z  550 1624
 5 28 Z  550 1636
 5 29 Z  550 1649
 5 30 Z  550 1651
 5 31 Z  550 1631
 6  1 X    0  875
 6  2 X    0  896
 6  3 X    0  889
 6  4 X    0  887
 6  5 X    0  870
 6  6 X    0  889
 6  7 X    0  887
 6  8 X    0  888
 6  9 X    0  889
 6 10 X    0  886
 6 11 X    0  931
 6 12 X    0  895
 6 13 X    0  896
 6 14 X    0  904
 6 15 X    0  896
 6 16 X    0  911
 6 17 X    0  891
 6 18 X    0  896
 6 19 X    0  909
 6 20 X    0  908
 6 21 X    0  888
 6 22 X    0  906
 6 23 X    0  896
 6 24 X    0  911
 6 25 X    0  880
 6 26 X    0  901
 6 27 X    0  880
 6 28 X    0  890
 6 29 X    0  845
 6 30 X    0  892
 6  1 Y  -50 1199
 6  2 Y  -50 1166
 6  3 Y  -50 1191
 6  4 Y  -50 1184
 6  5 Y  -50 1177
 6  6 Y  -50 1184
 6  7 Y  -50 1166
 6  8 Y  -50 1180
 6  9 Y  -50 1178
 6 10 Y  -50 1177
 6 11 Y  -50 1140
 6 12 Y  -50 1195
 6 13 Y  -50 1185
 6 14 Y  -50 1200
 6 15 Y  -50 1197
 6 16 Y  -50 1193
 6 17 Y  -50 1174
 6 18 Y  -50 1170
 6 19 Y  -50 1180
 6 20 Y  -50 1155
 6 21 Y  -50 1168
 6 22 Y  -50 1155
 6 23 Y  -50 1174
 6 24 Y  -50 1169
 6 25 Y  -50 1180
 6 26 Y  -50 1168
 6 27 Y  -50 1177
 6 28 Y  -50 1177
 6 29 Y  -50 1199
 6 30 Y  -50 1178
 6  1 Z  550 1672
 6  2 Z  550 1673
 6  3 Z  550 1647
 6  4 Z  550 1678
 6  5 Z  550 1662
 6  6 Z  550 1641
 6  7 Z  550 1636
 6  8 Z  550 1657
 6  9 Z  550 1650
 6 10 Z  550 1603
 6 11 Z  550 1566
 6 12 Z  550 1547
 6 13 Z  550 1576
 6 14 Z  550 1578
 6 15 Z  550 1576
 6 16 Z  550 1581
 6 17 Z  550 1608
 6 18 Z  550 1596
 6 19 Z  550 1579
 6 20 Z  550 1549
 6 21 Z  550 1591
 6 22 Z  550 1617
 6 23 Z  550 1600
 6 24 Z  550 1581
 6 25 Z  550 1599
 6 26 Z  550 1598
 6 27 Z  550 1617
 6 28 Z  550 1630
 6 29 Z  550 1652
 6 30 Z  550 1659
 7  1 X    0  901
 7  2 X    0  880
 7  3 X    0  884
 7  4 X    0  868
 7  5 X    0  895
 7  6 X    0  888
 7  7 X    0  861
 7  8 X    0  940
 7  9 X    0  905
 7 10 X    0  896
 7 11 X    0  917
 7 12 X    0  894
 7 13 X    0  904
 7 14 X    0  903
 7 15 X    0  914
 7 16 X    0  911
 7 17 X    0  908
 7 18 X    0  910
 7 19 X    0  903
 7 20 X    0  916
 7 21 X    0  906
 7 22 X    0  897
 7 23 X    0  895
 7 24 X    0  917
 7 25 X    0  901
 7 26 X    0  881
 7 27 X    0  870
 7 28 X    0  886
 7 29 X    0  890
 7 30 X    0  896
 7 31 X    0  871
 7  1 Y  -50 1189
 7  2 Y  -50 1169
 7  3 Y  -50 1188
 7  4 Y  -50 1183
 7  5 Y  -50 1170
 7  6 Y  -50 1180
 7  7 Y  -50 1201
 7  8 Y  -50 1202
 7  9 Y  -50 1191
 7 10 Y  -50 1198
 7 11 Y  -50 1169
 7 12 Y  -50 1171
 7 13 Y  -50 1181
 7 14 Y  -50 1155
 7 15 Y  -50 1184
 7 16 Y  -50 1165
 7 17 Y  -50 1168
 7 18 Y  -50 1207
 7 19 Y  -50 1176
 7 20 Y  -50 1158
 7 21 Y  -50 1187
 7 22 Y  -50 1175
 7 23 Y  -50 1171
 7 24 Y  -50 1173
 7 25 Y  -50 1202
 7 26 Y  -50 1190
 7 27 Y  -50 1186
 7 28 Y  -50 1182
 7 29 Y  -50 1196
 7 30 Y  -50 1173
 7 31 Y  -50 1188
 7  1 Z  550 1660
 7  2 Z  550 1583
 7  3 Z  550 1659
 7  4 Z  550 1644
 7  5 Z  550 1631
 7  6 Z  550 1631
 7  7 Z  550 1687
 7  8 Z  550 1577
 7  9 Z  550 1564
 7 10 Z  550 1599
 7 11 Z  550 1595
 7 12 Z  550 1594
 7 13 Z  550 1551
 7 14 Z  550 1600
 7 15 Z  550 1591
 7 16 Z  550 1587
 7 17 Z  550 1548
 7 18 Z  550 1611
 7 19 Z  550 1560
 7 20 Z  550 1581
 7 21 Z  550 1570
 7 22 Z  550 1602
 7 23 Z  550 1600
 7 24 Z  550 1578
 7 25 Z  550 1670
 7 26 Z  550 1668
 7 27 Z  550 1640
 7 28 Z  550 1669
 7 29 Z  550 1666
 7 30 Z  550 1639
 7 31 Z  550 1673
 8  1 X    0  914
 8  2 X    0  887
 8  3 X    0  903
 8  4 X    0  906
 8  5 X    0  892
 8  6 X    0  904
 8  7 X    0  879
 8  8 X    0  886
 8  9 X    0  877
 8 10 X    0  942
 8 11 X    0  909
 8 12 X    0  900
 8 13 X    0  930
 8 14 X    0  930
 8 15 X    0  910
 8 16 X    0  912
 8 17 X    0  920
 8 18 X    0  901
 8 19 X    0  891
 8 20 X    0  879
 8 21 X    0  878
 8 22 X    0  897
 8 23 X    0  890
 8 24 X    0  875
 8 25 X    0  892
 8 26 X    0  886
 8 27 X    0  899
 8 28 X    0  875
 8 29 X    0  914
 8 30 X    0  915
 8 31 X    0  902
 8  1 Y  -50 1154
 8  2 Y  -50 1152
 8  3 Y  -50 1172
 8  4 Y  -50 1167
 8  5 Y  -50 1215
 8  6 Y  -50 1168
 8  7 Y  -50 1184
 8  8 Y  -50 1171
 8  9 Y  -50 1181
 8 10 Y  -50 1200
 8 11 Y  -50 1194
 8 12 Y  -50 1172
 8 13 Y  -50 1163
 8 14 Y  -50 1172
 8 15 Y  -50 1236
 8 16 Y  -50 1178
 8 17 Y  -50 1186
 8 18 Y  -50 1180
 8 19 Y  -50 1176
 8 20 Y  -50 1200
 8 21 Y  -50 1188
 8 22 Y  -50 1164
 8 23 Y  -50 1180
 8 24 Y  -50 1193
 8 25 Y  -50 1199
 8 26 Y  -50 1183
 8 27 Y  -50 1162
 8 28 Y  -50 1183
 8 29 Y  -50 1179
 8 30 Y  -50 1172
 8 31 Y  -50 1178
 8  1 Z  550 1591
 8  2 Z  550 1550
 8  3 Z  550 1567
 8  4 Z  550 1564
 8  5 Z  550 1554
 8  6 Z  550 1623
 8  7 Z  550 1586
 8  8 Z  550 1695
 8  9 Z  550 1637
 8 10 Z  550 1590
 8 11 Z  550 1577
 8 12 Z  550 1586
 8 13 Z  550 1589
 8 14 Z  550 1573
 8 15 Z  550 1592
 8 16 Z  550 1573
 8 17 Z  550 1606
 8 18 Z  550 1605
 8 19 Z  550 1609
 8 20 Z  550 1632
 8 21 Z  550 1683
 8 22 Z  550 1643
 8 23 Z  550 1670
 8 24 Z  550 1673
 8 25 Z  550 1669
 8 26 Z  550 1648
 8 27 Z  550 1645
 8 28 Z  550 1647
 8 29 Z  550 1615
 8 30 Z  550 1636
 8 31 Z  550 1614
 9  1 X    0  884
 9  2 X    0  878
 9  3 X    0  891
 9  4 X    0  900
 9  5 X    0  896
 9  6 X    0  906
 9  7 X    0  898
 9  8 X    0  896
 9  9 X    0  894
 9 10 X    0  907
 9 11 X    0  891
 9 12 X    0  910
 9 13 X    0  909
 9 14 X    0  919
 9 15 X    0  884
 9 16 X    0  905
 9 17 X    0  871
 9 18 X    0  874
 9 19 X    0  896
 9 20 X    0  885
 9 21 X    0  880
 9 22 X    0  888
 9 23 X    0  891
 9 24 X    0  892
 9 25 X    0  895
 9 26 X    0  884
 9 27 X    0  896
 9 28 X    0  893
 9 29 X    0  894
 9 30 X    0  891
 9  1 Y  -50 1180
 9  2 Y  -50 1156
 9  3 Y  -50 1172
 9  4 Y  -50 1179
 9  5 Y  -50 1177
 9  6 Y  -50 1185
 9  7 Y  -50 1180
 9  8 Y  -50 1175
 9  9 Y  -50 1210
 9 10 Y  -50 1180
 9 11 Y  -50 1178
 9 12 Y  -50 1178
 9 13 Y  -50 1166
 9 14 Y  -50 1174
 9 15 Y  -50 1165
 9 16 Y  -50 1170
 9 17 Y  -50 1190
 9 18 Y  -50 1183
 9 19 Y  -50 1189
 9 20 Y  -50 1171
 9 21 Y  -50 1179
 9 22 Y  -50 1180
 9 23 Y  -50 1180
 9 24 Y  -50 1176
 9 25 Y  -50 1172
 9 26 Y  -50 1178
 9 27 Y  -50 1200
 9 28 Y  -50 1181
 9 29 Y  -50 1176
 9 30 Y  -50 1175
 9  1 Z  550 1598
 9  2 Z  550 1617
 9  3 Z  550 1643
 9  4 Z  550 1638
 9  5 Z  550 1620
 9  6 Z  550 1617
 9  7 Z  550 1643
 9  8 Z  550 1608
 9  9 Z  550 1612
 9 10 Z  550 1636
 9 11 Z  550 1636
 9 12 Z  550 1645
 9 13 Z  550 1637
 9 14 Z  550 1650
 9 15 Z  550 1643
 9 16 Z  550 1632
 9 17 Z  550 1663
 9 18 Z  550 1664
 9 19 Z  550 1657
 9 20 Z  550 1645
 9 21 Z  550 1657
 9 22 Z  550 1656
 9 23 Z  550 1660
 9 24 Z  550 1652
 9 25 Z  550 1638
 9 26 Z  550 1628
 9 27 Z  550 1639
 9 28 Z  550 1640
 9 29 Z  550 1639
 9 30 Z  550 1638
10  1 X    0  896
10  2 X    0  894
10  3 X    0  883
10  4 X    0  907
10  5 X    0  901
10  6 X    0  885
10  7 X    0  886
10  8 X    0  875
10  9 X    0  892
10 10 X    0  889
10 11 X    0  879
10 12 X    0  887
10 13 X    0  895
10 14 X    0  890
10 15 X    0  900
10 16 X    0  886
10 17 X    0  890
10 18 X    0  900
10 19 X    0  892
10 20 X    0  896
10 21 X    0  903
10 22 X    0  893
10 23 X    0  901
10 24 X    0  896
10 25 X    0  895
10 26 X    0  886
10 27 X    0  899
10 28 X    0  878
10 29 X    0  908
10 30 X    0  891
10 31 X    0  901
10  1 Y  -50 1174
10  2 Y  -50 1173
10  3 Y  -50 1173
10  4 Y  -50 1171
10  5 Y  -50 1175
10  6 Y  -50 1189
10  7 Y  -50 1180
10  8 Y  -50 1183
10  9 Y  -50 1179
10 10 Y  -50 1172
10 11 Y  -50 1173
10 12 Y  -50 1183
10 13 Y  -50 1176
10 14 Y  -50 1196
10 15 Y  -50 1175
10 16 Y  -50 1180
10 17 Y  -50 1174
10 18 Y  -50 1190
10 19 Y  -50 1174
10 20 Y  -50 1170
10 21 Y  -50 1170
10 22 Y  -50 1177
10 23 Y  -50 1177
10 24 Y  -50 1177
10 25 Y  -50 1183
10 26 Y  -50 1184
10 27 Y  -50 1174
10 28 Y  -50 1162
10 29 Y  -50 1172
10 30 Y  -50 1178
10 31 Y  -50 1177
10  1 Z  550 1636
10  2 Z  550 1632
10  3 Z  550 1625
10  4 Z  550 1636
10  5 Z  550 1636
10  6 Z  550 1639
10  7 Z  550 1644
10  8 Z  550 1659
10  9 Z  550 1667
10 10 Z  550 1672
10 11 Z  550 1657
10 12 Z  550 1644
10 13 Z  550 1639
10 14 Z  550 1650
10 15 Z  550 1656
10 16 Z  550 1661
10 17 Z  550 1646
10 18 Z  550 1658
10 19 Z  550 1656
10 20 Z  550 1649
10 21 Z  550 1652
10 22 Z  550 1641
10 23 Z  550 1647
10 24 Z  550 1644
10 25 Z  550 1641
10 26 Z  550 1641
10 27 Z  550 1646
10 28 Z  550 1639
10 29 Z  550 1650
10 30 Z  550 1648
10 31 Z  550 1659
11  1 X    0  889
11  2 X    0  868
11  3 X    0  863
11  4 X    0  887
11  5 X    0  882
11  6 X    0  896
11  7 X    0  886
11  8 X    0  892
11  9 X    0  869
11 10 X    0  887
11 11 X    0  893
11 12 X    0  901
11 13 X    0  900
11 14 X    0  894
11 15 X    0  890
11 16 X    0  906
11 17 X    0  861
11 18 X    0  899
11 19 X    0  895
11 20 X    0  885
11 21 X    0  909
11 22 X    0  866
11 23 X    0  898
11 24 X    0  879
11 25 X    0  909
11 26 X    0  911
11 27 X    0  902
11 28 X    0  902
11 29 X    0  867
11 30 X    0  879
11  1 Y  -50 1177
11  2 Y  -50 1169
11  3 Y  -50 1202
11  4 Y  -50 1195
11  5 Y  -50 1182
11  6 Y  -50 1187
11  7 Y  -50 1180
11  8 Y  -50 1178
11  9 Y  -50 1206
11 10 Y  -50 1180
11 11 Y  -50 1175
11 12 Y  -50 1176
11 13 Y  -50 1174
11 14 Y  -50 1175
11 15 Y  -50 1177
11 16 Y  -50 1177
11 17 Y  -50 1185
11 18 Y  -50 1181
11 19 Y  -50 1178
11 20 Y  -50 1176
11 21 Y  -50 1171
11 22 Y  -50 1222
11 23 Y  -50 1174
11 24 Y  -50 1176
11 25 Y  -50 1186
11 26 Y  -50 1196
11 27 Y  -50 1182
11 28 Y  -50 1189
11 29 Y  -50 1188
11 30 Y  -50 1182
11  1 Z  550 1652
11  2 Z  550 1660
11  3 Z  550 1710
11  4 Z  550 1712
11  5 Z  550 1672
11  6 Z  550 1676
11  7 Z  550 1664
11  8 Z  550 1661
11  9 Z  550 1692
11 10 Z  550 1681
11 11 Z  550 1677
11 12 Z  550 1679
11 13 Z  550 1675
11 14 Z  550 1665
11 15 Z  550 1658
11 16 Z  550 1666
11 17 Z  550 1668
11 18 Z  550 1671
11 19 Z  550 1666
11 20 Z  550 1664
11 21 Z  550 1675
11 22 Z  550 1690
11 23 Z  550 1677
11 24 Z  550 1660
11 25 Z  550 1677
11 26 Z  550 1678
11 27 Z  550 1668
11 28 Z  550 1665
11 29 Z  550 1674
11 30 Z  550 1698
12  1 X    0  888
12  2 X    0  885
12  3 X    0  887
12  4 X    0  895
12  5 X    0  895
12  6 X    0  894
12  7 X    0  901
12  8 X    0  891
12  9 X    0  900
12 10 X    0  894
12 11 X    0  900
12 12 X    0  898
12 13 X    0  894
12 14 X    0  891
12 15 X    0  892
12 16 X    0  899
12 17 X    0  894
12 18 X    0  899
12 19 X    0  900
12 20 X    0  902
12 21 X    0  894
12 22 X    0  895
12 23 X    0  900
12 24 X    0  894
12 25 X    0  884
12 26 X    0  888
12 27 X    0  872
12 28 X    0  899
12 29 X    0  899
12 30 X    0  899
12 31 X    0  901
12  1 Y  -50 1196
12  2 Y  -50 1186
12  3 Y  -50 1184
12  4 Y  -50 1192
12  5 Y  -50 1179
12  6 Y  -50 1183
12  7 Y  -50 1173
12  8 Y  -50 1176
12  9 Y  -50 1188
12 10 Y  -50 1190
12 11 Y  -50 1180
12 12 Y  -50 1178
12 13 Y  -50 1175
12 14 Y  -50 1176
12 15 Y  -50 1179
12 16 Y  -50 1178
12 17 Y  -50 1171
12 18 Y  -50 1178
12 19 Y  -50 1178
12 20 Y  -50 1175
12 21 Y  -50 1190
12 22 Y  -50 1179
12 23 Y  -50 1182
12 24 Y  -50 1174
12 25 Y  -50 1181
12 26 Y  -50 1201
12 27 Y  -50 1178
12 28 Y  -50 1161
12 29 Y  -50 1188
12 30 Y  -50 1183
12 31 Y  -50 1178
12  1 Z  550 1714
12  2 Z  550 1697
12  3 Z  550 1673
12  4 Z  550 1676
12  5 Z  550 1673
12  6 Z  550 1667
12  7 Z  550 1663
12  8 Z  550 1680
12  9 Z  550 1681
12 10 Z  550 1668
12 11 Z  550 1667
12 12 Z  550 1659
12 13 Z  550 1657
12 14 Z  550 1658
12 15 Z  550 1663
12 16 Z  550 1664
12 17 Z  550 1668
12 18 Z  550 1660
12 19 Z  550 1659
12 20 Z  550 1657
12 21 Z  550 1658
12 22 Z  550 1663
12 23 Z  550 1656
12 24 Z  550 1648
12 25 Z  550 1658
12 26 Z  550 1701
12 27 Z  550 1690
12 28 Z  550 1687
12 29 Z  550 1682
12 30 Z  550 1674
12 31 Z  550 1664
