 1  1 X    0  916
 1  2 X    0  911
 1  3 X    0  893
 1  4 X    0  914
 1  5 X    0  893
 1  6 X    0  916
 1  7 X    0  927
 1  8 X    0  930
 1  9 X    0  926
 1 10 X    0  927
 1 11 X    0  921
 1 12 X    0  922
 1 13 X    0  919
 1 14 X    0  915
 1 15 X    0  914
 1 16 X    0  874
 1 17 X    0  913
 1 18 X    0  909
 1 19 X    0  921
 1 20 X    0  915
 1 21 X    0  925
 1 22 X    0  913
 1 23 X    0  920
 1 24 X    0  920
 1 25 X    0  908
 1 26 X    0  915
 1 27 X    0  897
 1 28 X    0  918
 1 29 X    0  930
 1 30 X    0  924
 1 31 X    0  929
 1  1 Y  -50  689
 1  2 Y  -50  671
 1  3 Y  -50  674
 1  4 Y  -50  674
 1  5 Y  -50  669
 1  6 Y  -50  660
 1  7 Y  -50  652
 1  8 Y  -50  658
 1  9 Y  -50  641
 1 10 Y  -50  637
 1 11 Y  -50  664
 1 12 Y  -50  662
 1 13 Y  -50  666
 1 14 Y  -50  668
 1 15 Y  -50  654
 1 16 Y  -50  650
 1 17 Y  -50  655
 1 18 Y  -50  661
 1 19 Y  -50  660
 1 20 Y  -50  646
 1 21 Y  -50  654
 1 22 Y  -50  663
 1 23 Y  -50  650
 1 24 Y  -50  660
 1 25 Y  -50  706
 1 26 Y  -50  673
 1 27 Y  -50  672
 1 28 Y  -50  659
 1 29 Y  -50  685
 1 30 Y  -50  660
 1 31 Y  -50  643
 1  1 Z  550  775
 1  2 Z  550  776
 1  3 Z  550  784
 1  4 Z  550  814
 1  5 Z  550  810
 1  6 Z  550  799
 1  7 Z  550  798
 1  8 Z  550  789
 1  9 Z  550  780
 1 10 Z  550  783
 1 11 Z  550  771
 1 12 Z  550  771
 1 13 Z  550  769
 1 14 Z  550  767
 1 15 Z  550  764
 1 16 Z  550  782
 1 17 Z  550  798
 1 18 Z  550  782
 1 19 Z  550  783
 1 20 Z  550  787
 1 21 Z  550  785
 1 22 Z  550  781
 1 23 Z  550  773
 1 24 Z  550  782
 1 25 Z  550  817
 1 26 Z  550  819
 1 27 Z  550  795
 1 28 Z  550  802
 1 29 Z  550  803
 1 30 Z  550  795
 1 31 Z  550  796
 2  1 X    0  935
 2  2 X    0  914
 2  3 X    0  924
 2  4 X    0  935
 2  5 X    0  917
 2  6 X    0  918
 2  7 X    0  907
 2  8 X    0  893
 2  9 X    0  921
 2 10 X    0  908
 2 11 X    0  917
 2 12 X    0  920
 2 13 X    0  920
 2 14 X    0  922
 2 15 X    0  922
 2 16 X    0  894
 2 17 X    0  936
 2 18 X    0  920
 2 19 X    0  918
 2 20 X    0  938
 2 21 X    0  924
 2 22 X    0  921
 2 23 X    0  924
 2 24 X    0  923
 2 25 X    0  919
 2 26 X    0  926
 2 27 X    0  923
 2 28 X    0  922
 2  1 Y  -50  648
 2  2 Y  -50  665
 2  3 Y  -50  661
 2  4 Y  -50  661
 2  5 Y  -50  657
 2  6 Y  -50  662
 2  7 Y  -50  660
 2  8 Y  -50  672
 2  9 Y  -50  650
 2 10 Y  -50  672
 2 11 Y  -50  647
 2 12 Y  -50  660
 2 13 Y  -50  663
 2 14 Y  -50  658
 2 15 Y  -50  658
 2 16 Y  -50  700
 2 17 Y  -50  672
 2 18 Y  -50  666
 2 19 Y  -50  669
 2 20 Y  -50  650
 2 21 Y  -50  655
 2 22 Y  -50  652
 2 23 Y  -50  646
 2 24 Y  -50  658
 2 25 Y  -50  660
 2 26 Y  -50  654
 2 27 Y  -50  646
 2 28 Y  -50  660
 2  1 Z  550  801
 2  2 Z  550  792
 2  3 Z  550  796
 2  4 Z  550  799
 2  5 Z  550  784
 2  6 Z  550  784
 2  7 Z  550  775
 2  8 Z  550  793
 2  9 Z  550  802
 2 10 Z  550  780
 2 11 Z  550  789
 2 12 Z  550  780
 2 13 Z  550  773
 2 14 Z  550  776
 2 15 Z  550  759
 2 16 Z  550  783
 2 17 Z  550  816
 2 18 Z  550  813
 2 19 Z  550  796
 2 20 Z  550  807
 2 21 Z  550  786
 2 22 Z  550  781
 2 23 Z  550  779
 2 24 Z  550  768
 2 25 Z  550  769
 2 26 Z  550  777
 2 27 Z  550  768
 2 28 Z  550  779
 3  1 X    0  929
 3  2 X    0  898
 3  3 X    0  885
 3  4 X    0  962
 3  5 X    0  930
 3  6 X    0  925
 3  7 X    0  935
 3  8 X    0  896
 3  9 X    0  944
 3 10 X    0  927
 3 11 X    0  934
 3 12 X    0  940
 3 13 X    0  940
 3 14 X    0  981
 3 15 X    0 1002
 3 16 X    0  896
 3 17 X    0  956
 3 18 X    0  930
 3 19 X    0  915
 3 20 X    0  938
 3 21 X    0  919
 3 22 X    0  947
 3 23 X    0  925
 3 24 X    0  946
 3 25 X    0  931
 3 26 X    0  957
 3 27 X    0  916
 3 28 X    0  940
 3 29 X    0  915
 3 30 X    0  966
 3 31 X    0  968
 3  1 Y  -50  669
 3  2 Y  -50  678
 3  3 Y  -50  662
 3  4 Y  -50  672
 3  5 Y  -50  646
 3  6 Y  -50  657
 3  7 Y  -50  678
 3  8 Y  -50  720
 3  9 Y  -50  672
 3 10 Y  -50  651
 3 11 Y  -50  653
 3 12 Y  -50  666
 3 13 Y  -50  619
 3 14 Y  -50  719
 3 15 Y  -50  730
 3 16 Y  -50  686
 3 17 Y  -50  635
 3 18 Y  -50  686
 3 19 Y  -50  662
 3 20 Y  -50  666
 3 21 Y  -50  675
 3 22 Y  -50  669
 3 23 Y  -50  680
 3 24 Y  -50  657
 3 25 Y  -50  659
 3 26 Y  -50  686
 3 27 Y  -50  677
 3 28 Y  -50  683
 3 29 Y  -50  656
 3 30 Y  -50  664
 3 31 Y  -50  668
 3  1 Z  550  783
 3  2 Z  550  797
 3  3 Z  550  823
 3  4 Z  550  850
 3  5 Z  550  809
 3  6 Z  550  781
 3  7 Z  550  778
 3  8 Z  550  790
 3  9 Z  550  807
 3 10 Z  550  779
 3 11 Z  550  777
 3 12 Z  550  803
 3 13 Z  550  787
 3 14 Z  550  728
 3 15 Z  550  818
 3 16 Z  550  789
 3 17 Z  550  807
 3 18 Z  550  803
 3 19 Z  550  799
 3 20 Z  550  807
 3 21 Z  550  809
 3 22 Z  550  763
 3 23 Z  550  760
 3 24 Z  550  809
 3 25 Z  550  779
 3 26 Z  550  789
 3 27 Z  550  791
 3 28 Z  550  799
 3 29 Z  550  814
 3 30 Z  550  813
 3 31 Z  550  748
 4  1 X    0  939
 4  2 X    0  944
 4  3 X    0  927
 4  4 X    0  921
 4  5 X    0  931
 4  6 X    0  942
 4  7 X    0  938
 4  8 X    0  953
 4  9 X    0  992
 4 10 X    0  960
 4 11 X    0  916
 4 12 X    0  937
 4 13 X    0  930
 4 14 X    0  935
 4 15 X    0  949
 4 16 X    0  934
 4 17 X    0  877
 4 18 X    0  904
 4 19 X    0  940
 4 20 X    0  933
 4 21 X    0  959
 4 22 X    0  954
 4 23 X    0  953
 4 24 X    0  940
 4 25 X    0  971
 4 26 X    0  946
 4 27 X    0  961
 4 28 X    0  959
 4 29 X    0  973
 4 30 X    0  952
 4  1 Y  -50  653
 4  2 Y  -50  664
 4  3 Y  -50  612
 4  4 Y  -50  674
 4  5 Y  -50  644
 4  6 Y  -50  649
 4  7 Y  -50  672
 4  8 Y  -50  657
 4  9 Y  -50  635
 4 10 Y  -50  654
 4 11 Y  -50  684
 4 12 Y  -50  672
 4 13 Y  -50  681
 4 14 Y  -50  678
 4 15 Y  -50  689
 4 16 Y  -50  682
 4 17 Y  -50  709
 4 18 Y  -50  724
 4 19 Y  -50  677
 4 20 Y  -50  675
 4 21 Y  -50  631
 4 22 Y  -50  637
 4 23 Y  -50  657
 4 24 Y  -50  646
 4 25 Y  -50  659
 4 26 Y  -50  666
 4 27 Y  -50  663
 4 28 Y  -50  668
 4 29 Y  -50  658
 4 30 Y  -50  676
 4  1 Z  550  761
 4  2 Z  550  724
 4  3 Z  550  764
 4  4 Z  550  744
 4  5 Z  550  760
 4  6 Z  550  747
 4  7 Z  550  744
 4  8 Z  550  732
 4  9 Z  550  672
 4 10 Z  550  687
 4 11 Z  550  796
 4 12 Z  550  773
 4 13 Z  550  800
 4 14 Z  550  785
 4 15 Z  550  800
 4 16 Z  550  791
 4 17 Z  550  842
 4 18 Z  550  767
 4 19 Z  550  792
 4 20 Z  550  754
 4 21 Z  550  724
 4 22 Z  550  723
 4 23 Z  550  732
 4 24 Z  550  747
 4 25 Z  550  667
 4 26 Z  550  642
 4 27 Z  550  633
 4 28 Z  550  703
 4 29 Z  550  672
 4 30 Z  550  719
 5  1 X    0  984
 5  2 X    0  984
 5  3 X    0  986
 5  4 X    0  953
 5  5 X    0  941
 5  6 X    0  978
 5  7 X    0  974
 5  8 X    0  958
 5  9 X    0  949
 5 10 X    0  934
 5 11 X    0  926
 5 12 X    0  937
 5 13 X    0  890
 5 14 X    0  971
 5 15 X    0  931
 5 16 X    0  960
 5 17 X    0  959
 5 18 X    0  905
 5 19 X    0  945
 5 20 X    0  948
 5 21 X    0  953
 5 22 X    0  960
 5 23 X    0  938
 5 24 X    0  978
 5 25 X    0 1007
 5 26 X    0 1008
 5 27 X    0  994
 5 28 X    0  950
 5 29 X    0 1027
 5 30 X    0  961
 5 31 X    0  936
 5  1 Y  -50  652
 5  2 Y  -50  603
 5  3 Y  -50  641
 5  4 Y  -50  638
 5  5 Y  -50  651
 5  6 Y  -50  669
 5  7 Y  -50  621
 5  8 Y  -50  642
 5  9 Y  -50  644
 5 10 Y  -50  697
 5 11 Y  -50  684
 5 12 Y  -50  691
 5 13 Y  -50  689
 5 14 Y  -50  655
 5 15 Y  -50  651
 5 16 Y  -50  659
 5 17 Y  -50  696
 5 18 Y  -50  678
 5 19 Y  -50  652
 5 20 Y  -50  677
 5 21 Y  -50  624
 5 22 Y  -50  651
 5 23 Y  -50  540
 5 24 Y  -50  619
 5 25 Y  -50  667
 5 26 Y  -50  630
 5 27 Y  -50  654
 5 28 Y  -50  685
 5 29 Y  -50  692
 5 30 Y  -50  649
 5 31 Y  -50  668
 5  1 Z  550  678
 5  2 Z  550  659
 5  3 Z  550  705
 5  4 Z  550  673
 5  5 Z  550  704
 5  6 Z  550  658
 5  7 Z  550  647
 5  8 Z  550  683
 5  9 Z  550  688
 5 10 Z  550  762
 5 11 Z  550  750
 5 12 Z  550  793
 5 13 Z  550  833
 5 14 Z  550  780
 5 15 Z  550  770
 5 16 Z  550  781
 5 17 Z  550  742
 5 18 Z  550  782
 5 19 Z  550  782
 5 20 Z  550  802
 5 21 Z  550  723
 5 22 Z  550  678
 5 23 Z  550  623
 5 24 Z  550  795
 5 25 Z  550  545
 5 26 Z  550  533
 5 27 Z  550  694
 5 28 Z  550  688
 5 29 Z  550  598
 5 30 Z  550  708
 5 31 Z  550  575
 6  1 X    0  997
 6  2 X    0  975
 6  3 X    0 1030
 6  4 X    0  991
 6  5 X    0 1008
 6  6 X    0  782
 6  7 X    0  924
 6  8 X    0  945
 6  9 X    0  944
 6 10 X    0  922
 6 11 X    0  934
 6 12 X    0  924
 6 13 X    0  916
 6 14 X    0 1012
 6 15 X    0  959
 6 16 X    0  917
 6 17 X    0  968
 6 18 X    0  976
 6 19 X    0  956
 6 20 X    0 1004
 6 21 X    0  982
 6 22 X    0  999
 6 23 X    0 1042
 6 24 X    0 1017
 6 25 X    0  979
 6 26 X    0  978
 6 27 X    0 1022
 6 28 X    0 1023
 6 29 X    0 1032
 6 30 X    0 1006
 6  1 Y  -50  604
 6  2 Y  -50  600
 6  3 Y  -50  611
 6  4 Y  -50  633
 6  5 Y  -50  635
 6  6 Y  -50  711
 6  7 Y  -50  658
 6  8 Y  -50  677
 6  9 Y  -50  690
 6 10 Y  -50  664
 6 11 Y  -50  654
 6 12 Y  -50  697
 6 13 Y  -50  656
 6 14 Y  -50  614
 6 15 Y  -50  645
 6 16 Y  -50  669
 6 17 Y  -50  703
 6 18 Y  -50  677
 6 19 Y  -50  646
 6 20 Y  -50  625
 6 21 Y  -50  656
 6 22 Y  -50  668
 6 23 Y  -50  666
 6 24 Y  -50  656
 6 25 Y  -50  637
 6 26 Y  -50  684
 6 27 Y  -50  647
 6 28 Y  -50  593
 6 29 Y  -50  579
 6 30 Y  -50  651
 6  1 Z  550  662
 6  2 Z  550  617
 6  3 Z  550  525
 6  4 Z  550  548
 6  5 Z  550  549
 6  6 Z  550  890
 6  7 Z  550  803
 6  8 Z  550  781
 6  9 Z  550  782
 6 10 Z  550  817
 6 11 Z  550  788
 6 12 Z  550  817
 6 13 Z  550  800
 6 14 Z  550  623
 6 15 Z  550  768
 6 16 Z  550  692
 6 17 Z  550  689
 6 18 Z  550  671
 6 19 Z  550  702
 6 20 Z  550  547
 6 21 Z  550  561
 6 22 Z  550  496
 6 23 Z  550  568
 6 24 Z  550  497
 6 25 Z  550  612
 6 26 Z  550  665
 6 27 Z  550  528
 6 28 Z  550  611
 6 29 Z  550  531
 6 30 Z  550  581
 7  1 X    0  984
 7  2 X    0  975
 7  3 X    0  975
 7  4 X    0  939
 7  5 X    0  916
 7  6 X    0  939
 7  7 X    0  904
 7  8 X    0  892
 7  9 X    0  883
 7 10 X    0  900
 7 11 X    0  904
 7 12 X    0  923
 7 13 X    0  948
 7 14 X    0  910
 7 15 X    0  924
 7 16 X    0  941
 7 17 X    0  865
 7 18 X    0  958
 7 19 X    0 1000
 7 20 X    0  995
 7 21 X    0  945
 7 22 X    0  950
 7 23 X    0 1021
 7 24 X    0  990
 7 25 X    0  984
 7 26 X    0 1002
 7 27 X    0 1004
 7 28 X    0  943
 7 29 X    0  986
 7 30 X    0  963
 7 31 X    0  931
 7  1 Y  -50  644
 7  2 Y  -50  667
 7  3 Y  -50  632
 7  4 Y  -50  645
 7  5 Y  -50  677
 7  6 Y  -50  683
 7  7 Y  -50  675
 7  8 Y  -50  702
 7  9 Y  -50  662
 7 10 Y  -50  675
 7 11 Y  -50  684
 7 12 Y  -50  678
 7 13 Y  -50  692
 7 14 Y  -50  676
 7 15 Y  -50  656
 7 16 Y  -50  653
 7 17 Y  -50  675
 7 18 Y  -50  729
 7 19 Y  -50  629
 7 20 Y  -50  661
 7 21 Y  -50  659
 7 22 Y  -50  664
 7 23 Y  -50  625
 7 24 Y  -50  648
 7 25 Y  -50  657
 7 26 Y  -50  646
 7 27 Y  -50  655
 7 28 Y  -50  688
 7 29 Y  -50  653
 7 30 Y  -50  648
 7 31 Y  -50  686
 7  1 Z  550  573
 7  2 Z  550  593
 7  3 Z  550  629
 7  4 Z  550  736
 7  5 Z  550  768
 7  6 Z  550  782
 7  7 Z  550  808
 7  8 Z  550  821
 7  9 Z  550  834
 7 10 Z  550  849
 7 11 Z  550  834
 7 12 Z  550  831
 7 13 Z  550  791
 7 14 Z  550  738
 7 15 Z  550  788
 7 16 Z  550  780
 7 17 Z  550  651
 7 18 Z  550  701
 7 19 Z  550  609
 7 20 Z  550  606
 7 21 Z  550  727
 7 22 Z  550  640
 7 23 Z  550  622
 7 24 Z  550  605
 7 25 Z  550  615
 7 26 Z  550  610
 7 27 Z  550  648
 7 28 Z  550  708
 7 29 Z  550  705
 7 30 Z  550  637
 7 31 Z  550  757
 8  1 X    0  922
 8  2 X    0  900
 8  3 X    0  900
 8  4 X    0  959
 8  5 X    0  870
 8  6 X    0  931
 8  7 X    0  908
 8  8 X    0  951
 8  9 X    0  894
 8 10 X    0  952
 8 11 X    0  906
 8 12 X    0  933
 8 13 X    0  941
 8 14 X    0  964
 8 15 X    0  892
 8 16 X    0  939
 8 17 X    0  963
 8 18 X    0  969
 8 19 X    0  966
 8 20 X    0  968
 8 21 X    0  960
 8 22 X    0 1009
 8 23 X    0  946
 8 24 X    0  952
 8 25 X    0  965
 8 26 X    0  967
 8 27 X    0  947
 8 28 X    0  919
 8 29 X    0  937
 8 30 X    0  928
 8 31 X    0  929
 8  1 Y  -50  675
 8  2 Y  -50  682
 8  3 Y  -50  681
 8  4 Y  -50  660
 8  5 Y  -50  681
 8  6 Y  -50  682
 8  7 Y  -50  693
 8  8 Y  -50  681
 8  9 Y  -50  689
 8 10 Y  -50  675
 8 11 Y  -50  709
 8 12 Y  -50  697
 8 13 Y  -50  676
 8 14 Y  -50  682
 8 15 Y  -50  678
 8 16 Y  -50  661
 8 17 Y  -50  682
 8 18 Y  -50  685
 8 19 Y  -50  680
 8 20 Y  -50  666
 8 21 Y  -50  664
 8 22 Y  -50  729
 8 23 Y  -50  668
 8 24 Y  -50  670
 8 25 Y  -50  673
 8 26 Y  -50  687
 8 27 Y  -50  664
 8 28 Y  -50  655
 8 29 Y  -50  659
 8 30 Y  -50  657
 8 31 Y  -50  716
 8  1 Z  550  857
 8  2 Z  550  833
 8  3 Z  550  810
 8  4 Z  550  837
 8  5 Z  550  834
 8  6 Z  550  824
 8  7 Z  550  843
 8  8 Z  550  771
 8  9 Z  550  844
 8 10 Z  550  808
 8 11 Z  550  820
 8 12 Z  550  857
 8 13 Z  550  667
 8 14 Z  550  631
 8 15 Z  550  749
 8 16 Z  550  736
 8 17 Z  550  672
 8 18 Z  550  713
 8 19 Z  550  674
 8 20 Z  550  699
 8 21 Z  550  684
 8 22 Z  550  683
 8 23 Z  550  790
 8 24 Z  550  731
 8 25 Z  550  745
 8 26 Z  550  703
 8 27 Z  550  803
 8 28 Z  550  752
 8 29 Z  550  801
 8 30 Z  550  819
 8 31 Z  550  826
 9  1 X    0  891
 9  2 X    0  898
 9  3 X    0  901
 9  4 X    0  946
 9  5 X    0  974
 9  6 X    0  927
 9  7 X    0  921
 9  8 X    0  929
 9  9 X    0  907
 9 10 X    0  919
 9 11 X    0  922
 9 12 X    0  894
 9 13 X    0  940
 9 14 X    0  965
 9 15 X    0  958
 9 16 X    0  923
 9 17 X    0  930
 9 18 X    0  937
 9 19 X    0  950
 9 20 X    0  939
 9 21 X    0  946
 9 22 X    0  935
 9 23 X    0  993
 9 24 X    0  905
 9 25 X    0  952
 9 26 X    0  918
 9 27 X    0  924
 9 28 X    0  912
 9 29 X    0  931
 9 30 X    0  908
 9  1 Y  -50  690
 9  2 Y  -50  657
 9  3 Y  -50  692
 9  4 Y  -50  640
 9  5 Y  -50  665
 9  6 Y  -50  704
 9  7 Y  -50  654
 9  8 Y  -50  666
 9  9 Y  -50  697
 9 10 Y  -50  667
 9 11 Y  -50  671
 9 12 Y  -50  676
 9 13 Y  -50  647
 9 14 Y  -50  695
 9 15 Y  -50  685
 9 16 Y  -50  647
 9 17 Y  -50  689
 9 18 Y  -50  655
 9 19 Y  -50  684
 9 20 Y  -50  668
 9 21 Y  -50  679
 9 22 Y  -50  687
 9 23 Y  -50  652
 9 24 Y  -50  705
 9 25 Y  -50  686
 9 26 Y  -50  663
 9 27 Y  -50  653
 9 28 Y  -50  681
 9 29 Y  -50  664
 9 30 Y  -50  676
 9  1 Z  550  875
 9  2 Z  550  831
 9  3 Z  550  728
 9  4 Z  550  759
 9  5 Z  550  741
 9  6 Z  550  832
 9  7 Z  550  749
 9  8 Z  550  806
 9  9 Z  550  849
 9 10 Z  550  814
 9 11 Z  550  727
 9 12 Z  550  758
 9 13 Z  550  707
 9 14 Z  550  738
 9 15 Z  550  765
 9 16 Z  550  658
 9 17 Z  550  743
 9 18 Z  550  753
 9 19 Z  550  771
 9 20 Z  550  747
 9 21 Z  550  743
 9 22 Z  550  753
 9 23 Z  550  851
 9 24 Z  550  780
 9 25 Z  550  843
 9 26 Z  550  841
 9 27 Z  550  834
 9 28 Z  550  830
 9 29 Z  550  788
 9 30 Z  550  814
10  1 X    0  890
10  2 X    0  924
10  3 X    0  956
10  4 X    0  934
10  5 X    0  922
10  6 X    0  929
10  7 X    0  910
10  8 X    0  923
10  9 X    0  918
10 10 X    0  933
10 11 X    0  919
10 12 X    0  932
10 13 X    0  922
10 14 X    0  924
10 15 X    0  923
10 16 X    0  934
10 17 X    0  923
10 18 X    0  915
10 19 X    0  915
10 20 X    0  921
10 21 X    0  925
10 22 X    0  947
10 23 X    0  917
10 24 X    0  930
10 25 X    0  921
10 26 X    0  931
10 27 X    0  929
10 28 X    0  927
10 29 X    0  918
10 30 X    0  924
10 31 X    0  926
10  1 Y  -50  667
10  2 Y  -50  669
10  3 Y  -50  642
10  4 Y  -50  663
10  5 Y  -50  651
10  6 Y  -50  666
10  7 Y  -50  672
10  8 Y  -50  665
10  9 Y  -50  681
10 10 Y  -50  666
10 11 Y  -50  673
10 12 Y  -50  672
10 13 Y  -50  646
10 14 Y  -50  667
10 15 Y  -50  690
10 16 Y  -50  679
10 17 Y  -50  663
10 18 Y  -50  658
10 19 Y  -50  678
10 20 Y  -50  650
10 21 Y  -50  652
10 22 Y  -50  658
10 23 Y  -50  677
10 24 Y  -50  654
10 25 Y  -50  665
10 26 Y  -50  664
10 27 Y  -50  659
10 28 Y  -50  660
10 29 Y  -50  661
10 30 Y  -50  667
10 31 Y  -50  669
10  1 Z  550  855
10  2 Z  550  806
10  3 Z  550  830
10  4 Z  550  828
10  5 Z  550  817
10  6 Z  550  806
10  7 Z  550  795
10  8 Z  550  771
10  9 Z  550  785
10 10 Z  550  798
10 11 Z  550  806
10 12 Z  550  820
10 13 Z  550  788
10 14 Z  550  814
10 15 Z  550  810
10 16 Z  550  807
10 17 Z  550  790
10 18 Z  550  777
10 19 Z  550  791
10 20 Z  550  796
10 21 Z  550  790
10 22 Z  550  799
10 23 Z  550  785
10 24 Z  550  786
10 25 Z  550  802
10 26 Z  550  812
10 27 Z  550  804
10 28 Z  550  795
10 29 Z  550  787
10 30 Z  550  786
10 31 Z  550  797
11  1 X    0  929
11  2 X    0  936
11  3 X    0  926
11  4 X    0  914
11  5 X    0  930
11  6 X    0  929
11  7 X    0  929
11  8 X    0  923
11  9 X    0  868
11 10 X    0  916
11 11 X    0  906
11 12 X    0  937
11 13 X    0  929
11 14 X    0  921
11 15 X    0  938
11 16 X    0  936
11 17 X    0  937
11 18 X    0  923
11 19 X    0  923
11 20 X    0  921
11 21 X    0  919
11 22 X    0  920
11 23 X    0  939
11 24 X    0  912
11 25 X    0  936
11 26 X    0  925
11 27 X    0  935
11 28 X    0  927
11 29 X    0  927
11 30 X    0  926
11  1 Y  -50  660
11  2 Y  -50  657
11  3 Y  -50  654
11  4 Y  -50  670
11  5 Y  -50  659
11  6 Y  -50  660
11  7 Y  -50  653
11  8 Y  -50  669
11  9 Y  -50  684
11 10 Y  -50  658
11 11 Y  -50  688
11 12 Y  -50  648
11 13 Y  -50  664
11 14 Y  -50  674
11 15 Y  -50  653
11 16 Y  -50  673
11 17 Y  -50  670
11 18 Y  -50  665
11 19 Y  -50  673
11 20 Y  -50  661
11 21 Y  -50  669
11 22 Y  -50  670
11 23 Y  -50  665
11 24 Y  -50  648
11 25 Y  -50  669
11 26 Y  -50  658
11 27 Y  -50  657
11 28 Y  -50  666
11 29 Y  -50  659
11 30 Y  -50  658
11  1 Z  550  792
11  2 Z  550  797
11  3 Z  550  787
11  4 Z  550  784
11  5 Z  550  788
11  6 Z  550  787
11  7 Z  550  780
11  8 Z  550  782
11  9 Z  550  799
11 10 Z  550  804
11 11 Z  550  823
11 12 Z  550  815
11 13 Z  550  806
11 14 Z  550  800
11 15 Z  550  796
11 16 Z  550  797
11 17 Z  550  794
11 18 Z  550  785
11 19 Z  550  792
11 20 Z  550  792
11 21 Z  550  790
11 22 Z  550  777
11 23 Z  550  794
11 24 Z  550  785
11 25 Z  550  799
11 26 Z  550  795
11 27 Z  550  795
11 28 Z  550  789
11 29 Z  550  785
11 30 Z  550  779
12  1 X    0  944
12  2 X    0  923
12  3 X    0  940
12  4 X    0  924
12  5 X    0  933
12  6 X    0  905
12  7 X    0  920
12  8 X    0  941
12  9 X    0  918
12 10 X    0  940
12 11 X    0  928
12 12 X    0  921
12 13 X    0  933
12 14 X    0  929
12 15 X    0  932
12 16 X    0  950
12 17 X    0  933
12 18 X    0  932
12 19 X    0  929
12 20 X    0  929
12 21 X    0  934
12 22 X    0  915
12 23 X    0  933
12 24 X    0  925
12 25 X    0  928
12 26 X    0  936
12 27 X    0  931
12 28 X    0  930
12 29 X    0  922
12 30 X    0  932
12 31 X    0  935
12  1 Y  -50  668
12  2 Y  -50  677
12  3 Y  -50  660
12  4 Y  -50  658
12  5 Y  -50  655
12  6 Y  -50  666
12  7 Y  -50  670
12  8 Y  -50  661
12  9 Y  -50  674
12 10 Y  -50  667
12 11 Y  -50  675
12 12 Y  -50  674
12 13 Y  -50  673
12 14 Y  -50  674
12 15 Y  -50  660
12 16 Y  -50  661
12 17 Y  -50  666
12 18 Y  -50  661
12 19 Y  -50  674
12 20 Y  -50  671
12 21 Y  -50  661
12 22 Y  -50  668
12 23 Y  -50  660
12 24 Y  -50  661
12 25 Y  -50  665
12 26 Y  -50  667
12 27 Y  -50  652
12 28 Y  -50  663
12 29 Y  -50  671
12 30 Y  -50  662
12 31 Y  -50  661
12  1 Z  550  791
12  2 Z  550  786
12  3 Z  550  786
12  4 Z  550  776
12  5 Z  550  783
12  6 Z  550  801
12  7 Z  550  793
12  8 Z  550  786
12  9 Z  550  795
12 10 Z  550  798
12 11 Z  550  793
12 12 Z  550  794
12 13 Z  550  798
12 14 Z  550  802
12 15 Z  550  805
12 16 Z  550  801
12 17 Z  550  784
12 18 Z  550  781
12 19 Z  550  786
12 20 Z  550  781
12 21 Z  550  781
12 22 Z  550  757
12 23 Z  550  792
12 24 Z  550  782
12 25 Z  550  783
12 26 Z  550  783
12 27 Z  550  795
12 28 Z  550  783
12 29 Z  550  784
12 30 Z  550  778
12 31 Z  550  771
