 1  1 X   10  373
 1  2 X   10  375
 1  3 X   10  366
 1  4 X   10  383
 1  5 X   10  377
 1  6 X   10  371
 1  7 X   10  376
 1  8 X   10  384
 1  9 X   10  381
 1 10 X   10  382
 1 11 X   10  346
 1 12 X   10  360
 1 13 X   10  369
 1 14 X   10  366
 1 15 X   10  357
 1 16 X   10  378
 1 17 X   10  375
 1 18 X   10  363
 1 19 X   10  382
 1 20 X   10  369
 1 21 X   10  364
 1 22 X   10  378
 1 23 X   10  378
 1 24 X   10  385
 1 25 X   10  379
 1 26 X   10  372
 1 27 X   10  369
 1 28 X   10  390
 1 29 X   10  382
 1 30 X   10  364
 1 31 X   10  380
 1  1 Y  -40  426
 1  2 Y  -40  431
 1  3 Y  -40  432
 1  4 Y  -40  414
 1  5 Y  -40  413
 1  6 Y  -40  421
 1  7 Y  -40  417
 1  8 Y  -40  414
 1  9 Y  -40  412
 1 10 Y  -40  413
 1 11 Y  -40  415
 1 12 Y  -40  419
 1 13 Y  -40  417
 1 14 Y  -40  427
 1 15 Y  -40  403
 1 16 Y  -40  426
 1 17 Y  -40  403
 1 18 Y  -40  431
 1 19 Y  -40  417
 1 20 Y  -40  424
 1 21 Y  -40  408
 1 22 Y  -40  414
 1 23 Y  -40  416
 1 24 Y  -40  418
 1 25 Y  -40  414
 1 26 Y  -40  420
 1 27 Y  -40  417
 1 28 Y  -40  416
 1 29 Y  -40  423
 1 30 Y  -40  422
 1 31 Y  -40  413
 1  1 Z  560  363
 1  2 Z  560  368
 1  3 Z  560  362
 1  4 Z  560  352
 1  5 Z  560  341
 1  6 Z  560  354
 1  7 Z  560  342
 1  8 Z  560  345
 1  9 Z  560  339
 1 10 Z  560  338
 1 11 Z  560  348
 1 12 Z  560  373
 1 13 Z  560  379
 1 14 Z  560  365
 1 15 Z  560  380
 1 16 Z  560  376
 1 17 Z  560  386
 1 18 Z  560  374
 1 19 Z  560  392
 1 20 Z  560  369
 1 21 Z  560  357
 1 22 Z  560  356
 1 23 Z  560  348
 1 24 Z  560  352
 1 25 Z  560  350
 1 26 Z  560  350
 1 27 Z  560  356
 1 28 Z  560  367
 1 29 Z  560  352
 1 30 Z  560  353
 1 31 Z  560  349
 2  1 X   10  387
 2  2 X   10  382
 2  3 X   10  374
 2  4 X   10  366
 2  5 X   10  343
 2  6 X   10  342
 2  7 X   10  371
 2  8 X   10  373
 2  9 X   10  356
 2 10 X   10  357
 2 11 X   10  360
 2 12 X   10  375
 2 13 X   10  359
 2 14 X   10  364
 2 15 X   10  369
 2 16 X   10  384
 2 17 X   10  392
 2 18 X   10  394
 2 19 X   10  384
 2 20 X   10  379
 2 21 X   10  380
 2 22 X   10  386
 2 23 X   10  386
 2 24 X   10  389
 2 25 X   10  386
 2 26 X   10  387
 2 27 X   10  388
 2 28 X   10  381
 2  1 Y  -40  417
 2  2 Y  -40  439
 2  3 Y  -40  424
 2  4 Y  -40  419
 2  5 Y  -40  427
 2  6 Y  -40  456
 2  7 Y  -40  446
 2  8 Y  -40  408
 2  9 Y  -40  432
 2 10 Y  -40  419
 2 11 Y  -40  430
 2 12 Y  -40  420
 2 13 Y  -40  418
 2 14 Y  -40  421
 2 15 Y  -40  424
 2 16 Y  -40  405
 2 17 Y  -40  422
 2 18 Y  -40  417
 2 19 Y  -40  418
 2 20 Y  -40  417
 2 21 Y  -40  423
 2 22 Y  -40  389
 2 23 Y  -40  419
 2 24 Y  -40  417
 2 25 Y  -40  421
 2 26 Y  -40  420
 2 27 Y  -40  424
 2 28 Y  -40  412
 2  1 Z  560  345
 2  2 Z  560  352
 2  3 Z  560  347
 2  4 Z  560  347
 2  5 Z  560  366
 2  6 Z  560  402
 2  7 Z  560  424
 2  8 Z  560  436
 2  9 Z  560  410
 2 10 Z  560  403
 2 11 Z  560  403
 2 12 Z  560  388
 2 13 Z  560  391
 2 14 Z  560  389
 2 15 Z  560  385
 2 16 Z  560  393
 2 17 Z  560  373
 2 18 Z  560  371
 2 19 Z  560  376
 2 20 Z  560  382
 2 21 Z  560  464
 2 22 Z  560  425
 2 23 Z  560  372
 2 24 Z  560  357
 2 25 Z  560  349
 2 26 Z  560  357
 2 27 Z  560  356
 2 28 Z  560  347
 3  1 X   10  389
 3  2 X   10  364
 3  3 X   10  416
 3  4 X   10  386
 3  5 X   10  373
 3  6 X   10  383
 3  7 X   10  351
 3  8 X   10  383
 3  9 X   10  373
 3 10 X   10  363
 3 11 X   10  395
 3 12 X   10  396
 3 13 X   10  392
 3 14 X   10  374
 3 15 X   10  389
 3 16 X   10  380
 3 17 X   10  395
 3 18 X   10  397
 3 19 X   10  392
 3 20 X   10  381
 3 21 X   10  377
 3 22 X   10  389
 3 23 X   10  401
 3 24 X   10  397
 3 25 X   10  376
 3 26 X   10  400
 3 27 X   10  384
 3 28 X   10  391
 3 29 X   10  388
 3 30 X   10  366
 3 31 X   10  396
 3  1 Y  -40  417
 3  2 Y  -40  405
 3  3 Y  -40  428
 3  4 Y  -40  408
 3  5 Y  -40  414
 3  6 Y  -40  415
 3  7 Y  -40  453
 3  8 Y  -40  434
 3  9 Y  -40  427
 3 10 Y  -40  428
 3 11 Y  -40  438
 3 12 Y  -40  419
 3 13 Y  -40  400
 3 14 Y  -40  431
 3 15 Y  -40  443
 3 16 Y  -40  426
 3 17 Y  -40  450
 3 18 Y  -40  413
 3 19 Y  -40  412
 3 20 Y  -40  424
 3 21 Y  -40  419
 3 22 Y  -40  420
 3 23 Y  -40  420
 3 24 Y  -40  432
 3 25 Y  -40  433
 3 26 Y  -40  412
 3 27 Y  -40  398
 3 28 Y  -40  431
 3 29 Y  -40  414
 3 30 Y  -40  439
 3 31 Y  -40  407
 3  1 Z  560  350
 3  2 Z  560  343
 3  3 Z  560  374
 3  4 Z  560  360
 3  5 Z  560  352
 3  6 Z  560  358
 3  7 Z  560  396
 3  8 Z  560  406
 3  9 Z  560  394
 3 10 Z  560  401
 3 11 Z  560  412
 3 12 Z  560  410
 3 13 Z  560  399
 3 14 Z  560  404
 3 15 Z  560  397
 3 16 Z  560  376
 3 17 Z  560  400
 3 18 Z  560  375
 3 19 Z  560  387
 3 20 Z  560  378
 3 21 Z  560  341
 3 22 Z  560  349
 3 23 Z  560  364
 3 24 Z  560  334
 3 25 Z  560  342
 3 26 Z  560  347
 3 27 Z  560  310
 3 28 Z  560  352
 3 29 Z  560  335
 3 30 Z  560  327
 3 31 Z  560  346
 4  1 X   10  396
 4  2 X   10  367
 4  3 X   10  367
 4  4 X   10  399
 4  5 X   10  381
 4  6 X   10  377
 4  7 X   10  401
 4  8 X   10  393
 4  9 X   10  392
 4 10 X   10  378
 4 11 X   10  388
 4 12 X   10  380
 4 13 X   10  377
 4 14 X   10  390
 4 15 X   10  403
 4 16 X   10  400
 4 17 X   10  450
 4 18 X   10  389
 4 19 X   10  411
 4 20 X   10  419
 4 21 X   10  397
 4 22 X   10  402
 4 23 X   10  387
 4 24 X   10  405
 4 25 X   10  404
 4 26 X   10  420
 4 27 X   10  420
 4 28 X   10  420
 4 29 X   10  415
 4 30 X   10  401
 4  1 Y  -40  425
 4  2 Y  -40  429
 4  3 Y  -40  415
 4  4 Y  -40  408
 4  5 Y  -40  417
 4  6 Y  -40  441
 4  7 Y  -40  404
 4  8 Y  -40  438
 4  9 Y  -40  434
 4 10 Y  -40  428
 4 11 Y  -40  412
 4 12 Y  -40  406
 4 13 Y  -40  432
 4 14 Y  -40  429
 4 15 Y  -40  422
 4 16 Y  -40  387
 4 17 Y  -40  415
 4 18 Y  -40  430
 4 19 Y  -40  406
 4 20 Y  -40  405
 4 21 Y  -40  410
 4 22 Y  -40  425
 4 23 Y  -40  424
 4 24 Y  -40  430
 4 25 Y  -40  406
 4 26 Y  -40  420
 4 27 Y  -40  405
 4 28 Y  -40  411
 4 29 Y  -40  412
 4 30 Y  -40  418
 4  1 Z  560  331
 4  2 Z  560  351
 4  3 Z  560  404
 4  4 Z  560  410
 4  5 Z  560  395
 4  6 Z  560  399
 4  7 Z  560  389
 4  8 Z  560  405
 4  9 Z  560  421
 4 10 Z  560  389
 4 11 Z  560  398
 4 12 Z  560  378
 4 13 Z  560  384
 4 14 Z  560  379
 4 15 Z  560  372
 4 16 Z  560  352
 4 17 Z  560  456
 4 18 Z  560  352
 4 19 Z  560  305
 4 20 Z  560  310
 4 21 Z  560  314
 4 22 Z  560  324
 4 23 Z  560  292
 4 24 Z  560  317
 4 25 Z  560  316
 4 26 Z  560  305
 4 27 Z  560  232
 4 28 Z  560  325
 4 29 Z  560  295
 4 30 Z  560  315
 5  1 X   10  384
 5  2 X   10  380
 5  3 X   10  398
 5  4 X   10  382
 5  5 X   10  382
 5  6 X   10  390
 5  7 X   10  411
 5  8 X   10  388
 5  9 X   10  405
 5 10 X   10  395
 5 11 X   10  394
 5 12 X   10  410
 5 13 X   10  394
 5 14 X   10  414
 5 15 X   10  432
 5 16 X   10  413
 5 17 X   10  422
 5 18 X   10  417
 5 19 X   10  448
 5 20 X   10  425
 5 21 X   10  425
 5 22 X   10  455
 5 23 X   10  413
 5 24 X   10  452
 5 25 X   10  438
 5 26 X   10  432
 5 27 X   10  410
 5 28 X   10  366
 5 29 X   10  395
 5 30 X   10  408
 5 31 X   10  399
 5  1 Y  -40  426
 5  2 Y  -40  395
 5  3 Y  -40  421
 5  4 Y  -40  432
 5  5 Y  -40  436
 5  6 Y  -40  414
 5  7 Y  -40  436
 5  8 Y  -40  417
 5  9 Y  -40  429
 5 10 Y  -40  418
 5 11 Y  -40  411
 5 12 Y  -40  398
 5 13 Y  -40  424
 5 14 Y  -40  397
 5 15 Y  -40  434
 5 16 Y  -40  446
 5 17 Y  -40  422
 5 18 Y  -40  393
 5 19 Y  -40  420
 5 20 Y  -40  423
 5 21 Y  -40  408
 5 22 Y  -40  409
 5 23 Y  -40  394
 5 24 Y  -40  411
 5 25 Y  -40  407
 5 26 Y  -40  436
 5 27 Y  -40  422
 5 28 Y  -40  454
 5 29 Y  -40  436
 5 30 Y  -40  424
 5 31 Y  -40  428
 5  1 Z  560  338
 5  2 Z  560  377
 5  3 Z  560  382
 5  4 Z  560  385
 5  5 Z  560  373
 5  6 Z  560  403
 5  7 Z  560  393
 5  8 Z  560  383
 5  9 Z  560  368
 5 10 Z  560  366
 5 11 Z  560  388
 5 12 Z  560  343
 5 13 Z  560  353
 5 14 Z  560  292
 5 15 Z  560  301
 5 16 Z  560  310
 5 17 Z  560  312
 5 18 Z  560  294
 5 19 Z  560  284
 5 20 Z  560  298
 5 21 Z  560  263
 5 22 Z  560  241
 5 23 Z  560  241
 5 24 Z  560  280
 5 25 Z  560  277
 5 26 Z  560  325
 5 27 Z  560  291
 5 28 Z  560  353
 5 29 Z  560  393
 5 30 Z  560  390
 5 31 Z  560  375
 6  1 X   10  406
 6  2 X   10  403
 6  3 X   10  390
 6  4 X   10  406
 6  5 X   10  382
 6  6 X   10  384
 6  7 X   10  404
 6  8 X   10  400
 6  9 X   10  415
 6 10 X   10  426
 6 11 X   10  437
 6 12 X   10  446
 6 13 X   10  424
 6 14 X   10  404
 6 15 X   10  434
 6 16 X   10  437
 6 17 X   10  474
 6 18 X   10  482
 6 19 X   10  471
 6 20 X   10  417
 6 21 X   10  433
 6 22 X   10  421
 6 23 X   10  401
 6 24 X   10  429
 6 25 X   10  410
 6 26 X   10  405
 6 27 X   10  408
 6 28 X   10  384
 6 29 X   10  374
 6 30 X   10  400
 6  1 Y  -40  415
 6  2 Y  -40  429
 6  3 Y  -40  437
 6  4 Y  -40  438
 6  5 Y  -40  414
 6  6 Y  -40  446
 6  7 Y  -40  427
 6  8 Y  -40  436
 6  9 Y  -40  430
 6 10 Y  -40  377
 6 11 Y  -40  415
 6 12 Y  -40  444
 6 13 Y  -40  404
 6 14 Y  -40  418
 6 15 Y  -40  409
 6 16 Y  -40  409
 6 17 Y  -40  414
 6 18 Y  -40  390
 6 19 Y  -40  374
 6 20 Y  -40  419
 6 21 Y  -40  428
 6 22 Y  -40  423
 6 23 Y  -40  430
 6 24 Y  -40  420
 6 25 Y  -40  425
 6 26 Y  -40  447
 6 27 Y  -40  420
 6 28 Y  -40  428
 6 29 Y  -40  438
 6 30 Y  -40  458
 6  1 Z  560  349
 6  2 Z  560  352
 6  3 Z  560  383
 6  4 Z  560  376
 6  5 Z  560  359
 6  6 Z  560  346
 6  7 Z  560  376
 6  8 Z  560  356
 6  9 Z  560  352
 6 10 Z  560  243
 6 11 Z  560  230
 6 12 Z  560  298
 6 13 Z  560  260
 6 14 Z  560  274
 6 15 Z  560  274
 6 16 Z  560  266
 6 17 Z  560  215
 6 18 Z  560  196
 6 19 Z  560  160
 6 20 Z  560  301
 6 21 Z  560  303
 6 22 Z  560  297
 6 23 Z  560  306
 6 24 Z  560  299
 6 25 Z  560  287
 6 26 Z  560  381
 6 27 Z  560  348
 6 28 Z  560  339
 6 29 Z  560  384
 6 30 Z  560  384
 7  1 X   10  410
 7  2 X   10  421
 7  3 X   10  407
 7  4 X   10  400
 7  5 X   10  388
 7  6 X   10  432
 7  7 X   10  424
 7  8 X   10  433
 7  9 X   10  434
 7 10 X   10  400
 7 11 X   10  412
 7 12 X   10  401
 7 13 X   10  412
 7 14 X   10  442
 7 15 X   10  455
 7 16 X   10  418
 7 17 X   10  432
 7 18 X   10  432
 7 19 X   10  433
 7 20 X   10  431
 7 21 X   10  430
 7 22 X   10  431
 7 23 X   10  408
 7 24 X   10  392
 7 25 X   10  406
 7 26 X   10  400
 7 27 X   10  392
 7 28 X   10  393
 7 29 X   10  401
 7 30 X   10  401
 7 31 X   10  399
 7  1 Y  -40  401
 7  2 Y  -40  433
 7  3 Y  -40  422
 7  4 Y  -40  433
 7  5 Y  -40  436
 7  6 Y  -40  426
 7  7 Y  -40  450
 7  8 Y  -40  413
 7  9 Y  -40  415
 7 10 Y  -40  436
 7 11 Y  -40  426
 7 12 Y  -40  423
 7 13 Y  -40  418
 7 14 Y  -40  421
 7 15 Y  -40  376
 7 16 Y  -40  423
 7 17 Y  -40  424
 7 18 Y  -40  427
 7 19 Y  -40  405
 7 20 Y  -40  433
 7 21 Y  -40  414
 7 22 Y  -40  409
 7 23 Y  -40  434
 7 24 Y  -40  432
 7 25 Y  -40  422
 7 26 Y  -40  429
 7 27 Y  -40  414
 7 28 Y  -40  431
 7 29 Y  -40  443
 7 30 Y  -40  421
 7 31 Y  -40  429
 7  1 Z  560  385
 7  2 Z  560  383
 7  3 Z  560  357
 7  4 Z  560  330
 7  5 Z  560  369
 7  6 Z  560  287
 7  7 Z  560  316
 7  8 Z  560  281
 7  9 Z  560  265
 7 10 Z  560  315
 7 11 Z  560  301
 7 12 Z  560  321
 7 13 Z  560  301
 7 14 Z  560  187
 7 15 Z  560  195
 7 16 Z  560  290
 7 17 Z  560  274
 7 18 Z  560  295
 7 19 Z  560  290
 7 20 Z  560  275
 7 21 Z  560  280
 7 22 Z  560  279
 7 23 Z  560  323
 7 24 Z  560  346
 7 25 Z  560  324
 7 26 Z  560  353
 7 27 Z  560  342
 7 28 Z  560  347
 7 29 Z  560  355
 7 30 Z  560  350
 7 31 Z  560  342
 8  1 X   10  407
 8  2 X   10  399
 8  3 X   10  395
 8  4 X   10  405
 8  5 X   10  430
 8  6 X   10  420
 8  7 X   10  417
 8  8 X   10  411
 8  9 X   10  409
 8 10 X   10  429
 8 11 X   10  456
 8 12 X   10  420
 8 13 X   10  408
 8 14 X   10  455
 8 15 X   10  418
 8 16 X   10  417
 8 17 X   10  420
 8 18 X   10  429
 8 19 X   10  419
 8 20 X   10  410
 8 21 X   10  410
 8 22 X   10  398
 8 23 X   10  404
 8 24 X   10  389
 8 25 X   10  429
 8 26 X   10  416
 8 27 X   10  405
 8 28 X   10  421
 8 29 X   10  410
 8 30 X   10  406
 8 31 X   10  415
 8  1 Y  -40  434
 8  2 Y  -40  442
 8  3 Y  -40  433
 8  4 Y  -40  441
 8  5 Y  -40  423
 8  6 Y  -40  437
 8  7 Y  -40  427
 8  8 Y  -40  425
 8  9 Y  -40  424
 8 10 Y  -40  430
 8 11 Y  -40  418
 8 12 Y  -40  432
 8 13 Y  -40  437
 8 14 Y  -40  431
 8 15 Y  -40  419
 8 16 Y  -40  412
 8 17 Y  -40  432
 8 18 Y  -40  444
 8 19 Y  -40  426
 8 20 Y  -40  425
 8 21 Y  -40  431
 8 22 Y  -40  429
 8 23 Y  -40  432
 8 24 Y  -40  422
 8 25 Y  -40  431
 8 26 Y  -40  433
 8 27 Y  -40  428
 8 28 Y  -40  435
 8 29 Y  -40  431
 8 30 Y  -40  436
 8 31 Y  -40  417
 8  1 Z  560  330
 8  2 Z  560  366
 8  3 Z  560  346
 8  4 Z  560  332
 8  5 Z  560  265
 8  6 Z  560  318
 8  7 Z  560  299
 8  8 Z  560  288
 8  9 Z  560  314
 8 10 Z  560  254
 8 11 Z  560  226
 8 12 Z  560  290
 8 13 Z  560  273
 8 14 Z  560  309
 8 15 Z  560  298
 8 16 Z  560  307
 8 17 Z  560  293
 8 18 Z  560  298
 8 19 Z  560  316
 8 20 Z  560  306
 8 21 Z  560  301
 8 22 Z  560  329
 8 23 Z  560  368
 8 24 Z  560  368
 8 25 Z  560  315
 8 26 Z  560  341
 8 27 Z  560  355
 8 28 Z  560  342
 8 29 Z  560  322
 8 30 Z  560  331
 8 31 Z  560  303
 9  1 X   10  416
 9  2 X   10  418
 9  3 X   10  422
 9  4 X   10  407
 9  5 X   10  424
 9  6 X   10  415
 9  7 X   10  408
 9  8 X   10  432
 9  9 X   10  406
 9 10 X   10  427
 9 11 X   10  426
 9 12 X   10  401
 9 13 X   10  427
 9 14 X   10  418
 9 15 X   10  406
 9 16 X   10  406
 9 17 X   10  410
 9 18 X   10  403
 9 19 X   10  407
 9 20 X   10  409
 9 21 X   10  410
 9 22 X   10  404
 9 23 X   10  412
 9 24 X   10  418
 9 25 X   10  379
 9 26 X   10  422
 9 27 X   10  418
 9 28 X   10  429
 9 29 X   10  418
 9 30 X   10  416
 9  1 Y  -40  422
 9  2 Y  -40  419
 9  3 Y  -40  430
 9  4 Y  -40  434
 9  5 Y  -40  428
 9  6 Y  -40  444
 9  7 Y  -40  432
 9  8 Y  -40  439
 9  9 Y  -40  437
 9 10 Y  -40  432
 9 11 Y  -40  428
 9 12 Y  -40  441
 9 13 Y  -40  423
 9 14 Y  -40  422
 9 15 Y  -40  435
 9 16 Y  -40  436
 9 17 Y  -40  434
 9 18 Y  -40  431
 9 19 Y  -40  431
 9 20 Y  -40  425
 9 21 Y  -40  429
 9 22 Y  -40  424
 9 23 Y  -40  425
 9 24 Y  -40  429
 9 25 Y  -40  416
 9 26 Y  -40  448
 9 27 Y  -40  425
 9 28 Y  -40  430
 9 29 Y  -40  427
 9 30 Y  -40  429
 9  1 Z  560  287
 9  2 Z  560  291
 9  3 Z  560  306
 9  4 Z  560  344
 9  5 Z  560  308
 9  6 Z  560  281
 9  7 Z  560  304
 9  8 Z  560  336
 9  9 Z  560  323
 9 10 Z  560  323
 9 11 Z  560  332
 9 12 Z  560  304
 9 13 Z  560  313
 9 14 Z  560  358
 9 15 Z  560  342
 9 16 Z  560  351
 9 17 Z  560  353
 9 18 Z  560  335
 9 19 Z  560  338
 9 20 Z  560  337
 9 21 Z  560  345
 9 22 Z  560  327
 9 23 Z  560  332
 9 24 Z  560  334
 9 25 Z  560  313
 9 26 Z  560  329
 9 27 Z  560  336
 9 28 Z  560  332
 9 29 Z  560  322
 9 30 Z  560  321
10  1 X   10  413
10  2 X   10  398
10  3 X   10  422
10  4 X   10  417
10  5 X   10  406
10  6 X   10  409
10  7 X   10  391
10  8 X   10  426
10  9 X   10  415
10 10 X   10  407
10 11 X   10  413
10 12 X   10  423
10 13 X   10  418
10 14 X   10  402
10 15 X   10  416
10 16 X   10  416
10 17 X   10  414
10 18 X   10  404
10 19 X   10  397
10 20 X   10  406
10 21 X   10  410
10 22 X   10  407
10 23 X   10  391
10 24 X   10  403
10 25 X   10  431
10 26 X   10  410
10 27 X   10  420
10 28 X   10  410
10 29 X   10  423
10 30 X   10  400
10 31 X   10  402
10  1 Y  -40  426
10  2 Y  -40  413
10  3 Y  -40  456
10  4 Y  -40  442
10  5 Y  -40  458
10  6 Y  -40  427
10  7 Y  -40  428
10  8 Y  -40  428
10  9 Y  -40  420
10 10 Y  -40  423
10 11 Y  -40  436
10 12 Y  -40  419
10 13 Y  -40  439
10 14 Y  -40  430
10 15 Y  -40  427
10 16 Y  -40  433
10 17 Y  -40  430
10 18 Y  -40  426
10 19 Y  -40  422
10 20 Y  -40  433
10 21 Y  -40  429
10 22 Y  -40  437
10 23 Y  -40  458
10 24 Y  -40  450
10 25 Y  -40  428
10 26 Y  -40  437
10 27 Y  -40  437
10 28 Y  -40  430
10 29 Y  -40  469
10 30 Y  -40  440
10 31 Y  -40  446
10  1 Z  560  339
10  2 Z  560  310
10  3 Z  560  369
10  4 Z  560  364
10  5 Z  560  367
10  6 Z  560  360
10  7 Z  560  354
10  8 Z  560  359
10  9 Z  560  349
10 10 Z  560  338
10 11 Z  560  351
10 12 Z  560  329
10 13 Z  560  362
10 14 Z  560  344
10 15 Z  560  354
10 16 Z  560  347
10 17 Z  560  346
10 18 Z  560  336
10 19 Z  560  339
10 20 Z  560  354
10 21 Z  560  343
10 22 Z  560  334
10 23 Z  560  375
10 24 Z  560  376
10 25 Z  560  363
10 26 Z  560  338
10 27 Z  560  337
10 28 Z  560  330
10 29 Z  560  364
10 30 Z  560  372
10 31 Z  560  385
11  1 X   10  411
11  2 X   10  409
11  3 X   10  397
11  4 X   10  407
11  5 X   10  404
11  6 X   10  415
11  7 X   10  416
11  8 X   10  413
11  9 X   10  405
11 10 X   10  419
11 11 X   10  420
11 12 X   10  418
11 13 X   10  411
11 14 X   10  406
11 15 X   10  410
11 16 X   10  416
11 17 X   10  421
11 18 X   10  410
11 19 X   10  403
11 20 X   10  419
11 21 X   10  417
11 22 X   10  418
11 23 X   10  418
11 24 X   10  419
11 25 X   10  416
11 26 X   10  414
11 27 X   10  413
11 28 X   10  416
11 29 X   10  412
11 30 X   10  416
11  1 Y  -40  437
11  2 Y  -40  437
11  3 Y  -40  442
11  4 Y  -40  421
11  5 Y  -40  418
11  6 Y  -40  446
11  7 Y  -40  432
11  8 Y  -40  430
11  9 Y  -40  439
11 10 Y  -40  427
11 11 Y  -40  432
11 12 Y  -40  431
11 13 Y  -40  431
11 14 Y  -40  427
11 15 Y  -40  437
11 16 Y  -40  435
11 17 Y  -40  427
11 18 Y  -40  445
11 19 Y  -40  424
11 20 Y  -40  454
11 21 Y  -40  432
11 22 Y  -40  430
11 23 Y  -40  428
11 24 Y  -40  433
11 25 Y  -40  430
11 26 Y  -40  469
11 27 Y  -40  459
11 28 Y  -40  439
11 29 Y  -40  432
11 30 Y  -40  445
11  1 Z  560  361
11  2 Z  560  365
11  3 Z  560  349
11  4 Z  560  360
11  5 Z  560  352
11  6 Z  560  388
11  7 Z  560  349
11  8 Z  560  338
11  9 Z  560  346
11 10 Z  560  362
11 11 Z  560  344
11 12 Z  560  345
11 13 Z  560  338
11 14 Z  560  342
11 15 Z  560  339
11 16 Z  560  339
11 17 Z  560  344
11 18 Z  560  337
11 19 Z  560  347
11 20 Z  560  362
11 21 Z  560  344
11 22 Z  560  338
11 23 Z  560  333
11 24 Z  560  330
11 25 Z  560  331
11 26 Z  560  355
11 27 Z  560  365
11 28 Z  560  349
11 29 Z  560  344
11 30 Z  560  363
12  1 X   10  417
12  2 X   10  403
12  3 X   10  423
12  4 X   10  427
12  5 X   10  419
12  6 X   10  401
12  7 X   10  414
12  8 X   10  413
12  9 X   10  413
12 10 X   10  415
12 11 X   10  402
12 12 X   10  417
12 13 X   10  426
12 14 X   10  416
12 15 X   10  404
12 16 X   10  424
12 17 X   10  414
12 18 X   10  417
12 19 X   10  427
12 20 X   10  418
12 21 X   10  420
12 22 X   10  424
12 23 X   10  423
12 24 X   10  401
12 25 X   10  421
12 26 X   10  411
12 27 X   10  407
12 28 X   10  414
12 29 X   10  427
12 30 X   10  428
12 31 X   10  416
12  1 Y  -40  435
12  2 Y  -40  448
12  3 Y  -40  424
12  4 Y  -40  434
12  5 Y  -40  439
12  6 Y  -40  443
12  7 Y  -40  433
12  8 Y  -40  435
12  9 Y  -40  431
12 10 Y  -40  427
12 11 Y  -40  432
12 12 Y  -40  430
12 13 Y  -40  432
12 14 Y  -40  431
12 15 Y  -40  439
12 16 Y  -40  439
12 17 Y  -40  442
12 18 Y  -40  433
12 19 Y  -40  440
12 20 Y  -40  433
12 21 Y  -40  435
12 22 Y  -40  429
12 23 Y  -40  433
12 24 Y  -40  446
12 25 Y  -40  437
12 26 Y  -40  432
12 27 Y  -40  427
12 28 Y  -40  427
12 29 Y  -40  446
12 30 Y  -40  443
12 31 Y  -40  441
12  1 Z  560  356
12  2 Z  560  364
12  3 Z  560  359
12  4 Z  560  351
12  5 Z  560  339
12  6 Z  560  353
12  7 Z  560  351
12  8 Z  560  351
12  9 Z  560  344
12 10 Z  560  345
12 11 Z  560  340
12 12 Z  560  343
12 13 Z  560  347
12 14 Z  560  336
12 15 Z  560  347
12 16 Z  560  352
12 17 Z  560  341
12 18 Z  560  335
12 19 Z  560  338
12 20 Z  560  339
12 21 Z  560  337
12 22 Z  560  333
12 23 Z  560  333
12 24 Z  560  352
12 25 Z  560  351
12 26 Z  560  347
12 27 Z  560  340
12 28 Z  560  339
12 29 Z  560  345
12 30 Z  560  338
12 31 Z  560  333
