 1  1 X    0  677
 1  2 X    0  682
 1  3 X    0  694
 1  4 X    0  687
 1  5 X    0  691
 1  6 X    0  683
 1  7 X    0  685
 1  8 X    0  698
 1  9 X    0  710
 1 10 X    0  678
 1 11 X    0  698
 1 12 X    0  676
 1 13 X    0  708
 1 14 X    0  699
 1 15 X    0  705
 1 16 X    0  706
 1 17 X    0  692
 1 18 X    0  701
 1 19 X    0  682
 1 20 X    0  706
 1 21 X    0  688
 1 22 X    0  708
 1 23 X    0  681
 1 24 X    0  680
 1 25 X    0  705
 1 26 X    0  703
 1 27 X    0  681
 1 28 X    0  702
 1 29 X    0  687
 1 30 X    0  686
 1 31 X    0  688
 1  1 Y  -50  967
 1  2 Y  -50  973
 1  3 Y  -50  968
 1  4 Y  -50  972
 1  5 Y  -50  971
 1  6 Y  -50  977
 1  7 Y  -50  976
 1  8 Y  -50  970
 1  9 Y  -50  978
 1 10 Y  -50  984
 1 11 Y  -50  993
 1 12 Y  -50  980
 1 13 Y  -50  965
 1 14 Y  -50  967
 1 15 Y  -50  975
 1 16 Y  -50  971
 1 17 Y  -50  977
 1 18 Y  -50  962
 1 19 Y  -50  996
 1 20 Y  -50  968
 1 21 Y  -50  959
 1 22 Y  -50  955
 1 23 Y  -50  963
 1 24 Y  -50  992
 1 25 Y  -50  969
 1 26 Y  -50  969
 1 27 Y  -50  984
 1 28 Y  -50  962
 1 29 Y  -50  981
 1 30 Y  -50  979
 1 31 Y  -50  970
 1  1 Z  550  868
 1  2 Z  550  868
 1  3 Z  550  874
 1  4 Z  550  877
 1  5 Z  550  868
 1  6 Z  550  872
 1  7 Z  550  863
 1  8 Z  550  863
 1  9 Z  550  871
 1 10 Z  550  872
 1 11 Z  550  902
 1 12 Z  550  879
 1 13 Z  550  879
 1 14 Z  550  866
 1 15 Z  550  863
 1 16 Z  550  859
 1 17 Z  550  852
 1 18 Z  550  879
 1 19 Z  550  880
 1 20 Z  550  865
 1 21 Z  550  857
 1 22 Z  550  NaN
 1 23 Z  550  864
 1 24 Z  550  899
 1 25 Z  550  891
 1 26 Z  550  872
 1 27 Z  550  871
 1 28 Z  550  903
 1 29 Z  550  884
 1 30 Z  550  886
 1 31 Z  550  883
 2  1 X    0  683
 2  2 X    0  693
 2  3 X    0  696
 2  4 X    0  691
 2  5 X    0  692
 2  6 X    0  703
 2  7 X    0  706
 2  8 X    0  708
 2  9 X    0  710
 2 10 X    0  701
 2 11 X    0  681
 2 12 X    0  732
 2 13 X    0  700
 2 14 X    0  704
 2 15 X    0  698
 2 16 X    0  688
 2 17 X    0  710
 2 18 X    0  711
 2 19 X    0  714
 2 20 X    0  696
 2 21 X    0  703
 2 22 X    0  704
 2 23 X    0  689
 2 24 X    0  700
 2 25 X    0  735
 2 26 X    0  712
 2 27 X    0  681
 2 28 X    0  689
 2 29 X    0  706
 2  1 Y  -50  964
 2  2 Y  -50  971
 2  3 Y  -50  965
 2  4 Y  -50  976
 2  5 Y  -50  963
 2  6 Y  -50  976
 2  7 Y  -50  968
 2  8 Y  -50  977
 2  9 Y  -50  975
 2 10 Y  -50  972
 2 11 Y  -50  963
 2 12 Y  -50  981
 2 13 Y  -50  982
 2 14 Y  -50  965
 2 15 Y  -50  974
 2 16 Y  -50  965
 2 17 Y  -50  962
 2 18 Y  -50  970
 2 19 Y  -50  977
 2 20 Y  -50  978
 2 21 Y  -50  973
 2 22 Y  -50  986
 2 23 Y  -50  985
 2 24 Y  -50  984
 2 25 Y  -50 1031
 2 26 Y  -50  984
 2 27 Y  -50  953
 2 28 Y  -50  969
 2 29 Y  -50  989
 2  1 Z  550  895
 2  2 Z  550  886
 2  3 Z  550  882
 2  4 Z  550  875
 2  5 Z  550  870
 2  6 Z  550  874
 2  7 Z  550  870
 2  8 Z  550  870
 2  9 Z  550  866
 2 10 Z  550  857
 2 11 Z  550  860
 2 12 Z  550  885
 2 13 Z  550  858
 2 14 Z  550  859
 2 15 Z  550  858
 2 16 Z  550  851
 2 17 Z  550  859
 2 18 Z  550  849
 2 19 Z  550  848
 2 20 Z  550  862
 2 21 Z  550  866
 2 22 Z  550  872
 2 23 Z  550  809
 2 24 Z  550  840
 2 25 Z  550  913
 2 26 Z  550  924
 2 27 Z  550  894
 2 28 Z  550  888
 2 29 Z  550  910
 3  1 X    0  698
 3  2 X    0  712
 3  3 X    0  651
 3  4 X    0  718
 3  5 X    0  693
 3  6 X    0  710
 3  7 X    0  697
 3  8 X    0  706
 3  9 X    0  706
 3 10 X    0  666
 3 11 X    0  710
 3 12 X    0  689
 3 13 X    0  721
 3 14 X    0  714
 3 15 X    0  710
 3 16 X    0  706
 3 17 X    0  704
 3 18 X    0  709
 3 19 X    0  682
 3 20 X    0  714
 3 21 X    0  709
 3 22 X    0  710
 3 23 X    0  712
 3 24 X    0  699
 3 25 X    0  706
 3 26 X    0  723
 3 27 X    0  687
 3 28 X    0  698
 3 29 X    0  722
 3 30 X    0  683
 3 31 X    0  725
 3  1 Y  -50  974
 3  2 Y  -50  987
 3  3 Y  -50 1001
 3  4 Y  -50  980
 3  5 Y  -50  988
 3  6 Y  -50  969
 3  7 Y  -50  977
 3  8 Y  -50  968
 3  9 Y  -50  966
 3 10 Y  -50  958
 3 11 Y  -50  960
 3 12 Y  -50  997
 3 13 Y  -50  958
 3 14 Y  -50  989
 3 15 Y  -50  963
 3 16 Y  -50  955
 3 17 Y  -50  962
 3 18 Y  -50  977
 3 19 Y  -50  963
 3 20 Y  -50  964
 3 21 Y  -50 1005
 3 22 Y  -50  980
 3 23 Y  -50  945
 3 24 Y  -50 1014
 3 25 Y  -50  978
 3 26 Y  -50  997
 3 27 Y  -50  989
 3 28 Y  -50  972
 3 29 Y  -50  979
 3 30 Y  -50  983
 3 31 Y  -50  993
 3  1 Z  550  894
 3  2 Z  550  902
 3  3 Z  550  904
 3  4 Z  550  904
 3  5 Z  550  899
 3  6 Z  550  884
 3  7 Z  550  862
 3  8 Z  550  870
 3  9 Z  550  865
 3 10 Z  550  832
 3 11 Z  550  908
 3 12 Z  550  885
 3 13 Z  550  842
 3 14 Z  550  852
 3 15 Z  550  857
 3 16 Z  550  838
 3 17 Z  550  846
 3 18 Z  550  848
 3 19 Z  550  816
 3 20 Z  550  882
 3 21 Z  550  880
 3 22 Z  550  938
 3 23 Z  550  897
 3 24 Z  550  882
 3 25 Z  550  899
 3 26 Z  550  891
 3 27 Z  550  862
 3 28 Z  550  875
 3 29 Z  550  897
 3 30 Z  550  883
 3 31 Z  550  905
 4  1 X    0  730
 4  2 X    0  688
 4  3 X    0  727
 4  4 X    0  717
 4  5 X    0  715
 4  6 X    0  711
 4  7 X    0  709
 4  8 X    0  727
 4  9 X    0  708
 4 10 X    0  735
 4 11 X    0  698
 4 12 X    0  717
 4 13 X    0  707
 4 14 X    0  706
 4 15 X    0  695
 4 16 X    0  707
 4 17 X    0  725
 4 18 X    0  729
 4 19 X    0  737
 4 20 X    0  682
 4 21 X    0  675
 4 22 X    0  756
 4 23 X    0  698
 4 24 X    0  702
 4 25 X    0  699
 4 26 X    0  707
 4 27 X    0  746
 4 28 X    0  694
 4 29 X    0  726
 4 30 X    0  711
 4  1 Y  -50  981
 4  2 Y  -50  978
 4  3 Y  -50  980
 4  4 Y  -50  982
 4  5 Y  -50  982
 4  6 Y  -50  974
 4  7 Y  -50  977
 4  8 Y  -50  965
 4  9 Y  -50  975
 4 10 Y  -50 1000
 4 11 Y  -50  982
 4 12 Y  -50  976
 4 13 Y  -50  974
 4 14 Y  -50  971
 4 15 Y  -50  958
 4 16 Y  -50  988
 4 17 Y  -50  983
 4 18 Y  -50  974
 4 19 Y  -50 1011
 4 20 Y  -50  984
 4 21 Y  -50  965
 4 22 Y  -50  997
 4 23 Y  -50  955
 4 24 Y  -50  978
 4 25 Y  -50  967
 4 26 Y  -50  994
 4 27 Y  -50  991
 4 28 Y  -50  974
 4 29 Y  -50  978
 4 30 Y  -50  988
 4  1 Z  550  897
 4  2 Z  550  876
 4  3 Z  550  902
 4  4 Z  550  884
 4  5 Z  550  853
 4  6 Z  550  819
 4  7 Z  550  818
 4  8 Z  550  820
 4  9 Z  550  813
 4 10 Z  550  827
 4 11 Z  550  820
 4 12 Z  550  818
 4 13 Z  550  813
 4 14 Z  550  808
 4 15 Z  550  757
 4 16 Z  550  770
 4 17 Z  550  864
 4 18 Z  550  883
 4 19 Z  550  874
 4 20 Z  550  900
 4 21 Z  550  943
 4 22 Z  550  937
 4 23 Z  550  875
 4 24 Z  550  882
 4 25 Z  550  851
 4 26 Z  550  899
 4 27 Z  550  908
 4 28 Z  550 1013
 4 29 Z  550  895
 4 30 Z  550  815
 5  1 X    0  747
 5  2 X    0  722
 5  3 X    0  727
 5  4 X    0  724
 5  5 X    0  704
 5  6 X    0  722
 5  7 X    0  740
 5  8 X    0  735
 5  9 X    0  737
 5 10 X    0  738
 5 11 X    0  735
 5 12 X    0  740
 5 13 X    0  758
 5 14 X    0  704
 5 15 X    0  731
 5 16 X    0  752
 5 17 X    0  775
 5 18 X    0  740
 5 19 X    0  719
 5 20 X    0  703
 5 21 X    0  703
 5 22 X    0  747
 5 23 X    0  710
 5 24 X    0  723
 5 25 X    0  765
 5 26 X    0  669
 5 27 X    0  660
 5 28 X    0  719
 5 29 X    0  699
 5 30 X    0  761
 5 31 X    0  705
 5  1 Y  -50 1004
 5  2 Y  -50  982
 5  3 Y  -50  967
 5  4 Y  -50  989
 5  5 Y  -50  974
 5  6 Y  -50  993
 5  7 Y  -50  966
 5  8 Y  -50  963
 5  9 Y  -50  959
 5 10 Y  -50  954
 5 11 Y  -50  968
 5 12 Y  -50  994
 5 13 Y  -50  955
 5 14 Y  -50 1003
 5 15 Y  -50  984
 5 16 Y  -50 1006
 5 17 Y  -50  958
 5 18 Y  -50  941
 5 19 Y  -50  983
 5 20 Y  -50  969
 5 21 Y  -50  939
 5 22 Y  -50 1023
 5 23 Y  -50 1017
 5 24 Y  -50 1008
 5 25 Y  -50  963
 5 26 Y  -50  986
 5 27 Y  -50 1004
 5 28 Y  -50  957
 5 29 Y  -50  989
 5 30 Y  -50  995
 5 31 Y  -50  949
 5  1 Z  550  832
 5  2 Z  550  852
 5  3 Z  550  831
 5  4 Z  550  818
 5  5 Z  550  793
 5  6 Z  550  837
 5  7 Z  550  768
 5  8 Z  550  785
 5  9 Z  550  765
 5 10 Z  550  766
 5 11 Z  550  765
 5 12 Z  550  892
 5 13 Z  550  791
 5 14 Z  550  809
 5 15 Z  550  818
 5 16 Z  550  865
 5 17 Z  550  814
 5 18 Z  550  783
 5 19 Z  550  872
 5 20 Z  550  864
 5 21 Z  550  941
 5 22 Z  550  851
 5 23 Z  550  810
 5 24 Z  550  897
 5 25 Z  550  902
 5 26 Z  550  963
 5 27 Z  550  945
 5 28 Z  550  833
 5 29 Z  550  784
 5 30 Z  550  748
 5 31 Z  550  787
 6  1 X    0  755
 6  2 X    0  760
 6  3 X    0  757
 6  4 X    0  754
 6  5 X    0  764
 6  6 X    0  768
 6  7 X    0  763
 6  8 X    0  752
 6  9 X    0  736
 6 10 X    0  695
 6 11 X    0  726
 6 12 X    0  711
 6 13 X    0  709
 6 14 X    0  720
 6 15 X    0  723
 6 16 X    0  707
 6 17 X    0  698
 6 18 X    0  689
 6 19 X    0  702
 6 20 X    0  695
 6 21 X    0  681
 6 22 X    0  671
 6 23 X    0  676
 6 24 X    0  750
 6 25 X    0  749
 6 26 X    0  778
 6 27 X    0  785
 6 28 X    0  754
 6 29 X    0  762
 6 30 X    0  742
 6  1 Y  -50  995
 6  2 Y  -50  991
 6  3 Y  -50  960
 6  4 Y  -50  992
 6  5 Y  -50  976
 6  6 Y  -50  995
 6  7 Y  -50  959
 6  8 Y  -50  946
 6  9 Y  -50  959
 6 10 Y  -50  986
 6 11 Y  -50 1018
 6 12 Y  -50  957
 6 13 Y  -50  980
 6 14 Y  -50 1001
 6 15 Y  -50  965
 6 16 Y  -50  986
 6 17 Y  -50 1002
 6 18 Y  -50 1012
 6 19 Y  -50  996
 6 20 Y  -50  985
 6 21 Y  -50  987
 6 22 Y  -50  994
 6 23 Y  -50  993
 6 24 Y  -50  982
 6 25 Y  -50  942
 6 26 Y  -50  994
 6 27 Y  -50  977
 6 28 Y  -50  976
 6 29 Y  -50  950
 6 30 Y  -50  991
 6  1 Z  550  815
 6  2 Z  550  725
 6  3 Z  550  728
 6  4 Z  550  785
 6  5 Z  550  737
 6  6 Z  550  689
 6  7 Z  550  677
 6  8 Z  550  687
 6  9 Z  550  696
 6 10 Z  550  856
 6 11 Z  550  911
 6 12 Z  550  935
 6 13 Z  550  884
 6 14 Z  550  906
 6 15 Z  550  875
 6 16 Z  550  910
 6 17 Z  550  852
 6 18 Z  550  947
 6 19 Z  550  882
 6 20 Z  550  908
 6 21 Z  550  900
 6 22 Z  550  933
 6 23 Z  550  952
 6 24 Z  550  880
 6 25 Z  550  770
 6 26 Z  550  754
 6 27 Z  550  768
 6 28 Z  550  747
 6 29 Z  550  738
 6 30 Z  550  754
 7  1 X    0  732
 7  2 X    0  741
 7  3 X    0  775
 7  4 X    0  755
 7  5 X    0  756
 7  6 X    0  767
 7  7 X    0  723
 7  8 X    0  721
 7  9 X    0  722
 7 10 X    0  614
 7 11 X    0  711
 7 12 X    0  709
 7 13 X    0  676
 7 14 X    0  700
 7 15 X    0  727
 7 16 X    0  718
 7 17 X    0  694
 7 18 X    0  692
 7 19 X    0  676
 7 20 X    0  707
 7 21 X    0  707
 7 22 X    0  728
 7 23 X    0  645
 7 24 X    0  742
 7 25 X    0  779
 7 26 X    0  764
 7 27 X    0  763
 7 28 X    0  733
 7 29 X    0  721
 7 30 X    0  725
 7 31 X    0  754
 7  1 Y  -50  976
 7  2 Y  -50  980
 7  3 Y  -50  947
 7  4 Y  -50  937
 7  5 Y  -50  961
 7  6 Y  -50  976
 7  7 Y  -50  974
 7  8 Y  -50  963
 7  9 Y  -50 1019
 7 10 Y  -50 1016
 7 11 Y  -50  985
 7 12 Y  -50  983
 7 13 Y  -50  992
 7 14 Y  -50  977
 7 15 Y  -50  975
 7 16 Y  -50  974
 7 17 Y  -50  984
 7 18 Y  -50 1009
 7 19 Y  -50 1007
 7 20 Y  -50 1009
 7 21 Y  -50 1010
 7 22 Y  -50  982
 7 23 Y  -50 1049
 7 24 Y  -50  935
 7 25 Y  -50  954
 7 26 Y  -50 1010
 7 27 Y  -50  977
 7 28 Y  -50  989
 7 29 Y  -50 1005
 7 30 Y  -50  955
 7 31 Y  -50 1004
 7  1 Z  550  785
 7  2 Z  550  770
 7  3 Z  550  780
 7  4 Z  550  777
 7  5 Z  550  771
 7  6 Z  550  729
 7  7 Z  550  735
 7  8 Z  550  847
 7  9 Z  550  943
 7 10 Z  550  987
 7 11 Z  550  896
 7 12 Z  550  883
 7 13 Z  550  881
 7 14 Z  550  898
 7 15 Z  550  813
 7 16 Z  550  845
 7 17 Z  550  901
 7 18 Z  550  905
 7 19 Z  550  945
 7 20 Z  550  925
 7 21 Z  550  921
 7 22 Z  550  852
 7 23 Z  550  969
 7 24 Z  550  796
 7 25 Z  550  758
 7 26 Z  550  774
 7 27 Z  550  806
 7 28 Z  550  806
 7 29 Z  550  805
 7 30 Z  550  779
 7 31 Z  550  805
 8  1 X    0  744
 8  2 X    0  729
 8  3 X    0  745
 8  4 X    0  709
 8  5 X    0  750
 8  6 X    0  690
 8  7 X    0  701
 8  8 X    0  691
 8  9 X    0  730
 8 10 X    0  754
 8 11 X    0  686
 8 12 X    0  741
 8 13 X    0  693
 8 14 X    0  705
 8 15 X    0  697
 8 16 X    0  728
 8 17 X    0  736
 8 18 X    0  705
 8 19 X    0  704
 8 20 X    0  713
 8 21 X    0  695
 8 22 X    0  682
 8 23 X    0  738
 8 24 X    0  768
 8 25 X    0  720
 8 26 X    0  717
 8 27 X    0  753
 8 28 X    0  709
 8 29 X    0  726
 8 30 X    0  756
 8 31 X    0  730
 8  1 Y  -50  985
 8  2 Y  -50  995
 8  3 Y  -50  984
 8  4 Y  -50  961
 8  5 Y  -50  960
 8  6 Y  -50  991
 8  7 Y  -50  984
 8  8 Y  -50  981
 8  9 Y  -50  988
 8 10 Y  -50  972
 8 11 Y  -50 1035
 8 12 Y  -50 1035
 8 13 Y  -50 1015
 8 14 Y  -50 1006
 8 15 Y  -50  983
 8 16 Y  -50 1002
 8 17 Y  -50  984
 8 18 Y  -50  993
 8 19 Y  -50  982
 8 20 Y  -50  976
 8 21 Y  -50 1013
 8 22 Y  -50  954
 8 23 Y  -50 1022
 8 24 Y  -50 1001
 8 25 Y  -50  988
 8 26 Y  -50  983
 8 27 Y  -50  991
 8 28 Y  -50  985
 8 29 Y  -50  999
 8 30 Y  -50  991
 8 31 Y  -50 1042
 8  1 Z  550  773
 8  2 Z  550  832
 8  3 Z  550  855
 8  4 Z  550  797
 8  5 Z  550  755
 8  6 Z  550  872
 8  7 Z  550  866
 8  8 Z  550  881
 8  9 Z  550  768
 8 10 Z  550  748
 8 11 Z  550  869
 8 12 Z  550  967
 8 13 Z  550  930
 8 14 Z  550  924
 8 15 Z  550  924
 8 16 Z  550  909
 8 17 Z  550  891
 8 18 Z  550  916
 8 19 Z  550  913
 8 20 Z  550  878
 8 21 Z  550  942
 8 22 Z  550  860
 8 23 Z  550  789
 8 24 Z  550  834
 8 25 Z  550  843
 8 26 Z  550  849
 8 27 Z  550  787
 8 28 Z  550  841
 8 29 Z  550  820
 8 30 Z  550  843
 8 31 Z  550  819
 9  1 X    0  746
 9  2 X    0  779
 9  3 X    0  758
 9  4 X    0  751
 9  5 X    0  715
 9  6 X    0  722
 9  7 X    0  719
 9  8 X    0  NaN
 9  9 X    0  724
 9 10 X    0  NaN
 9 11 X    0  749
 9 12 X    0  677
 9 13 X    0  733
 9 14 X    0  712
 9 15 X    0  695
 9 16 X    0  697
 9 17 X    0  714
 9 18 X    0  709
 9 19 X    0  705
 9 20 X    0  712
 9 21 X    0  729
 9 22 X    0  725
 9 23 X    0  737
 9 24 X    0  710
 9 25 X    0  699
 9 26 X    0  734
 9 27 X    0  703
 9 28 X    0  726
 9 29 X    0  698
 9 30 X    0  709
 9  1 Y  -50 1032
 9  2 Y  -50  952
 9  3 Y  -50  986
 9  4 Y  -50  991
 9  5 Y  -50  953
 9  6 Y  -50  997
 9  7 Y  -50  977
 9  8 Y  -50  NaN
 9  9 Y  -50 1031
 9 10 Y  -50  NaN
 9 11 Y  -50  998
 9 12 Y  -50  961
 9 13 Y  -50 1005
 9 14 Y  -50  986
 9 15 Y  -50  963
 9 16 Y  -50  996
 9 17 Y  -50  996
 9 18 Y  -50  967
 9 19 Y  -50  976
 9 20 Y  -50  968
 9 21 Y  -50  980
 9 22 Y  -50  990
 9 23 Y  -50  988
 9 24 Y  -50  976
 9 25 Y  -50  980
 9 26 Y  -50  977
 9 27 Y  -50  990
 9 28 Y  -50  983
 9 29 Y  -50  969
 9 30 Y  -50  963
 9  1 Z  550  880
 9  2 Z  550  866
 9  3 Z  550  878
 9  4 Z  550  842
 9  5 Z  550  772
 9  6 Z  550  836
 9  7 Z  550  891
 9  8 Z  550  870
 9  9 Z  550  955
 9 10 Z  550  NaN
 9 11 Z  550  922
 9 12 Z  550  885
 9 13 Z  550  930
 9 14 Z  550  940
 9 15 Z  550  918
 9 16 Z  550  882
 9 17 Z  550  917
 9 18 Z  550  895
 9 19 Z  550  907
 9 20 Z  550  829
 9 21 Z  550  867
 9 22 Z  550  890
 9 23 Z  550  898
 9 24 Z  550  871
 9 25 Z  550  888
 9 26 Z  550  878
 9 27 Z  550  868
 9 28 Z  550  891
 9 29 Z  550  887
 9 30 Z  550  873
10  1 X    0  698
10  2 X    0  711
10  3 X    0  705
10  4 X    0  710
10  5 X    0  716
10  6 X    0  700
10  7 X    0  697
10  8 X    0  706
10  9 X    0  710
10 10 X    0  705
10 11 X    0  717
10 12 X    0  705
10 13 X    0  715
10 14 X    0  713
10 15 X    0  711
10 16 X    0  722
10 17 X    0  720
10 18 X    0  720
10 19 X    0  720
10 20 X    0  701
10 21 X    0  705
10 22 X    0  690
10 23 X    0  703
10 24 X    0  719
10 25 X    0  716
10 26 X    0  689
10 27 X    0  706
10 28 X    0  725
10 29 X    0  702
10 30 X    0  711
10 31 X    0  704
10  1 Y  -50  985
10  2 Y  -50  987
10  3 Y  -50  988
10  4 Y  -50  971
10  5 Y  -50  993
10  6 Y  -50  989
10  7 Y  -50  995
10  8 Y  -50  980
10  9 Y  -50  992
10 10 Y  -50  973
10 11 Y  -50  978
10 12 Y  -50  977
10 13 Y  -50  977
10 14 Y  -50  977
10 15 Y  -50  983
10 16 Y  -50  977
10 17 Y  -50  982
10 18 Y  -50  974
10 19 Y  -50  984
10 20 Y  -50  993
10 21 Y  -50 1001
10 22 Y  -50  974
10 23 Y  -50  979
10 24 Y  -50  980
10 25 Y  -50  977
10 26 Y  -50  981
10 27 Y  -50  968
10 28 Y  -50  990
10 29 Y  -50  985
10 30 Y  -50  996
10 31 Y  -50  984
10  1 Z  550  854
10  2 Z  550  863
10  3 Z  550  873
10  4 Z  550  890
10  5 Z  550  912
10  6 Z  550  902
10  7 Z  550  904
10  8 Z  550  901
10  9 Z  550  911
10 10 Z  550  893
10 11 Z  550  901
10 12 Z  550  897
10 13 Z  550  902
10 14 Z  550  896
10 15 Z  550  895
10 16 Z  550  885
10 17 Z  550  892
10 18 Z  550  893
10 19 Z  550  878
10 20 Z  550  894
10 21 Z  550  901
10 22 Z  550  890
10 23 Z  550  895
10 24 Z  550  898
10 25 Z  550  892
10 26 Z  550  902
10 27 Z  550  904
10 28 Z  550  907
10 29 Z  550  898
10 30 Z  550  898
10 31 Z  550  892
11  1 X    0  708
11  2 X    0  709
11  3 X    0  715
11  4 X    0  716
11  5 X    0  707
11  6 X    0  709
11  7 X    0  714
11  8 X    0  712
11  9 X    0  691
11 10 X    0  706
11 11 X    0  722
11 12 X    0  672
11 13 X    0  718
11 14 X    0  690
11 15 X    0  749
11 16 X    0  731
11 17 X    0  683
11 18 X    0  724
11 19 X    0  714
11 20 X    0  698
11 21 X    0  707
11 22 X    0  682
11 23 X    0  710
11 24 X    0  694
11 25 X    0  711
11 26 X    0  707
11 27 X    0  697
11 28 X    0  718
11 29 X    0  697
11 30 X    0  709
11  1 Y  -50  979
11  2 Y  -50  987
11  3 Y  -50  991
11  4 Y  -50  977
11  5 Y  -50  976
11  6 Y  -50  987
11  7 Y  -50  979
11  8 Y  -50  986
11  9 Y  -50  994
11 10 Y  -50 1005
11 11 Y  -50  971
11 12 Y  -50 1001
11 13 Y  -50  967
11 14 Y  -50  974
11 15 Y  -50  988
11 16 Y  -50  967
11 17 Y  -50  986
11 18 Y  -50  981
11 19 Y  -50  985
11 20 Y  -50  999
11 21 Y  -50  983
11 22 Y  -50  999
11 23 Y  -50 1002
11 24 Y  -50  990
11 25 Y  -50 1006
11 26 Y  -50  977
11 27 Y  -50  967
11 28 Y  -50  988
11 29 Y  -50  978
11 30 Y  -50  989
11  1 Z  550  908
11  2 Z  550  907
11  3 Z  550  917
11  4 Z  550  910
11  5 Z  550  904
11  6 Z  550  901
11  7 Z  550  905
11  8 Z  550  903
11  9 Z  550  903
11 10 Z  550  898
11 11 Z  550  950
11 12 Z  550  939
11 13 Z  550  936
11 14 Z  550  924
11 15 Z  550  913
11 16 Z  550  952
11 17 Z  550  917
11 18 Z  550  925
11 19 Z  550  908
11 20 Z  550  894
11 21 Z  550  918
11 22 Z  550  914
11 23 Z  550  931
11 24 Z  550  914
11 25 Z  550  939
11 26 Z  550  937
11 27 Z  550  921
11 28 Z  550  931
11 29 Z  550  916
11 30 Z  550  916
12  1 X    0  705
12  2 X    0  701
12  3 X    0  707
12  4 X    0  710
12  5 X    0  712
12  6 X    0  696
12  7 X    0  702
12  8 X    0  719
12  9 X    0  712
12 10 X    0  724
12 11 X    0  713
12 12 X    0  685
12 13 X    0  711
12 14 X    0  713
12 15 X    0  718
12 16 X    0  722
12 17 X    0  723
12 18 X    0  715
12 19 X    0  710
12 20 X    0  716
12 21 X    0  717
12 22 X    0  719
12 23 X    0  712
12 24 X    0  709
12 25 X    0  706
12 26 X    0  737
12 27 X    0  698
12 28 X    0  714
12 29 X    0  716
12 30 X    0  722
12 31 X    0  717
12  1 Y  -50  984
12  2 Y  -50  982
12  3 Y  -50  988
12  4 Y  -50  973
12  5 Y  -50  982
12  6 Y  -50  984
12  7 Y  -50  982
12  8 Y  -50  986
12  9 Y  -50  984
12 10 Y  -50  996
12 11 Y  -50  979
12 12 Y  -50  991
12 13 Y  -50  997
12 14 Y  -50  979
12 15 Y  -50  986
12 16 Y  -50  978
12 17 Y  -50  976
12 18 Y  -50  991
12 19 Y  -50  978
12 20 Y  -50  980
12 21 Y  -50  974
12 22 Y  -50  987
12 23 Y  -50  985
12 24 Y  -50  974
12 25 Y  -50 1004
12 26 Y  -50  981
12 27 Y  -50 1021
12 28 Y  -50  999
12 29 Y  -50  981
12 30 Y  -50  995
12 31 Y  -50  981
12  1 Z  550  908
12  2 Z  550  915
12  3 Z  550  908
12  4 Z  550  906
12  5 Z  550  906
12  6 Z  550  904
12  7 Z  550  899
12  8 Z  550  908
12  9 Z  550  896
12 10 Z  550  930
12 11 Z  550  908
12 12 Z  550  910
12 13 Z  550  914
12 14 Z  550  910
12 15 Z  550  905
12 16 Z  550  902
12 17 Z  550  912
12 18 Z  550  901
12 19 Z  550  901
12 20 Z  550  903
12 21 Z  550  898
12 22 Z  550  898
12 23 Z  550  897
12 24 Z  550  900
12 25 Z  550  918
12 26 Z  550  920
12 27 Z  550  918
12 28 Z  550  930
12 29 Z  550  918
12 30 Z  550  923
12 31 Z  550  909
