 1  1 H   -6 4506
 1  2 H   -6 4508
 1  3 H   -6 4507
 1  4 H   -6 4515
 1  5 H   -6 4512
 1  6 H   -6 4510
 1  7 H   -6 4506
 1  8 H   -6 4510
 1  9 H   -6 4479
 1 10 H   -6 4501
 1 11 H   -6 4497
 1 12 H   -6 4494
 1 13 H   -6 4504
 1 14 H   -6 4492
 1 15 H   -6 4489
 1 16 H   -6 4497
 1 17 H   -6 4485
 1 18 H   -6 4505
 1 19 H   -6 4495
 1 20 H   -6 4498
 1 21 H   -6 4495
 1 22 H   -6 4498
 1 23 H   -6 4493
 1 24 H   -6 4499
 1 25 H   -6 4512
 1 26 H   -6 4497
 1 27 H   -6 4496
 1 28 H   -6 4480
 1 29 H   -6 4506
 1 30 H   -6 4498
 1 31 H   -6 4490
 1  1 D  279 4618
 1  2 D  279 4708
 1  3 D  279 4688
 1  4 D  279 4700
 1  5 D  279 4663
 1  6 D  279 4731
 1  7 D  279 4741
 1  8 D  279 4622
 1  9 D  279 4827
 1 10 D  279 4856
 1 11 D  279 4780
 1 12 D  279 4735
 1 13 D  279 4727
 1 14 D  279 4730
 1 15 D  279 4643
 1 16 D  280 4221
 1 17 D  279 4701
 1 18 D  279 4727
 1 19 D  279 4748
 1 20 D  279 4728
 1 21 D  280 4258
 1 22 D  279 4686
 1 23 D  280 4198
 1 24 D  279 4703
 1 25 D  279 4733
 1 26 D  279 4695
 1 27 D  279 4589
 1 28 D  279 4502
 1 29 D  279 4606
 1 30 D  279 4756
 1 31 D  279 4762
 1  1 Z  521 4488
 1  2 Z  521 4487
 1  3 Z  521 4477
 1  4 Z  521 4465
 1  5 Z  521 4460
 1  6 Z  521 4455
 1  7 Z  521 4455
 1  8 Z  521 4451
 1  9 Z  521 4485
 1 10 Z  521 4487
 1 11 Z  521 4469
 1 12 Z  521 4469
 1 13 Z  521 4461
 1 14 Z  521 4458
 1 15 Z  521 4454
 1 16 Z  521 4458
 1 17 Z  521 4455
 1 18 Z  520 4552
 1 19 Z  521 4450
 1 20 Z  520 4548
 1 21 Z  521 4464
 1 22 Z  520 4548
 1 23 Z  521 4483
 1 24 Z  521 4460
 1 25 Z  521 4455
 1 26 Z  521 4453
 1 27 Z  521 4455
 1 28 Z  521 4514
 1 29 Z  521 4491
 1 30 Z  521 4472
 1 31 Z  521 4460
 1  1 F  522 4523
 1  2 F  523 4421
 1  3 F  522 4512
 1  4 F  522 4501
 1  5 F  522 4495
 1  6 F  522 4490
 1  7 F  522 4490
 1  8 F  522 4486
 1  9 F  522 4518
 1 10 F  523 4422
 1 11 F  522 4503
 1 12 F  522 4503
 1 13 F  522 4496
 1 14 F  522 4492
 1 15 F  522 4487
 1 16 F  522 4492
 1 17 F  522 4488
 1 18 F  522 4486
 1 19 F  522 4484
 1 20 F  522 4482
 1 21 F  522 4498
 1 22 F  522 4482
 1 23 F  522 4517
 1 24 F  522 4494
 1 25 F  522 4490
 1 26 F  522 4487
 1 27 F  522 4489
 1 28 F  523 4447
 1 29 F  522 4526
 1 30 F  522 4506
 1 31 F  522 4494
 2  1 H   -6 4492
 2  2 H   -6 4507
 2  3 H   -6 4494
 2  4 H   -6 4506
 2  5 H   -6 4506
 2  6 H   -6 4485
 2  7 H   -7 4590
 2  8 H   -6 4490
 2  9 H   -6 4497
 2 10 H   -6 4498
 2 11 H   -6 4498
 2 12 H   -6 4494
 2 13 H   -6 4500
 2 14 H   -6 4507
 2 15 H   -6 4513
 2 16 H   -6 4503
 2 17 H   -6 4486
 2 18 H   -6 4507
 2 19 H   -6 4497
 2 20 H   -6 4513
 2 21 H   -6 4488
 2 22 H   -6 4500
 2 23 H   -6 4498
 2 24 H   -6 4509
 2 25 H   -6 4497
 2 26 H   -6 4508
 2 27 H   -5 4410
 2 28 H   -6 4499
 2  1 D  279 4788
 2  2 D  280 4169
 2  3 D  279 4697
 2  4 D  279 4778
 2  5 D  280 4143
 2  6 D  280 4177
 2  7 D  280 4200
 2  8 D  279 4596
 2  9 D  280 4301
 2 10 D  278 5272
 2 11 D  279 4764
 2 12 D  280 4250
 2 13 D  279 4672
 2 14 D  279 4732
 2 15 D  280 4207
 2 16 D  279 4677
 2 17 D  279 4784
 2 18 D  280 4207
 2 19 D  279 4686
 2 20 D  280 4429
 2 21 D  279 4659
 2 22 D  279 4754
 2 23 D  279 4770
 2 24 D  279 4762
 2 25 D  280 4316
 2 26 D  279 4721
 2 27 D  279 4672
 2 28 D  281 3770
 2  1 Z  521 4463
 2  2 Z  521 4457
 2  3 Z  521 4454
 2  4 Z  521 4452
 2  5 Z  521 4449
 2  6 Z  521 4487
 2  7 Z  521 4464
 2  8 Z  521 4472
 2  9 Z  521 4473
 2 10 Z  521 4463
 2 11 Z  521 4454
 2 12 Z  521 4456
 2 13 Z  520 4546
 2 14 Z  521 4452
 2 15 Z  521 4462
 2 16 Z  520 4542
 2 17 Z  521 4461
 2 18 Z  520 4546
 2 19 Z  521 4459
 2 20 Z  521 4477
 2 21 Z  521 4458
 2 22 Z  520 4548
 2 23 Z  521 4455
 2 24 Z  521 4456
 2 25 Z  521 4458
 2 26 Z  521 4453
 2 27 Z  520 4533
 2 28 Z  521 4479
 2  1 F  522 4496
 2  2 F  522 4492
 2  3 F  522 4488
 2  4 F  522 4487
 2  5 F  522 4484
 2  6 F  522 4520
 2  7 F  522 4498
 2  8 F  522 4506
 2  9 F  522 4507
 2 10 F  522 4497
 2 11 F  522 4488
 2 12 F  522 4489
 2 13 F  522 4481
 2 14 F  522 4487
 2 15 F  522 4497
 2 16 F  522 4476
 2 17 F  522 4494
 2 18 F  522 4481
 2 19 F  522 4493
 2 20 F  522 4512
 2 21 F  522 4492
 2 22 F  522 4482
 2 23 F  522 4489
 2 24 F  522 4491
 2 25 F  522 4492
 2 26 F  522 4488
 2 27 F  522 4468
 2 28 F  522 4513
 3  1 H   -6 4512
 3  2 H   -6 4478
 3  3 H   -6 4508
 3  4 H   -6 4510
 3  5 H   -6 4504
 3  6 H   -6 4498
 3  7 H   -6 4486
 3  8 H   -6 4503
 3  9 H   -6 4509
 3 10 H   -6 4491
 3 11 H   -6 4498
 3 12 H   -6 4495
 3 13 H   -6 4505
 3 14 H   -6 4500
 3 15 H   -6 4501
 3 16 H   -6 4505
 3 17 H   -6 4511
 3 18 H   -6 4512
 3 19 H   -6 4494
 3 20 H   -6 4503
 3 21 H   -6 4506
 3 22 H   -6 4509
 3 23 H   -6 4506
 3 24 H   -6 4506
 3 25 H   -6 4492
 3 26 H   -6 4490
 3 27 H   -6 4497
 3 28 H   -6 4512
 3 29 H   -6 4502
 3 30 H   -5 4414
 3 31 H   -6 4512
 3  1 D  280 4248
 3  2 D  279 4657
 3  3 D  280 4184
 3  4 D  280 4214
 3  5 D  279 4630
 3  6 D  280 4189
 3  7 D  279 4621
 3  8 D  280 4284
 3  9 D  279 4762
 3 10 D  279 4691
 3 11 D  280 4250
 3 12 D  279 4651
 3 13 D  280 4245
 3 14 D  279 4668
 3 15 D  280 4360
 3 16 D  279 4762
 3 17 D  279 4716
 3 18 D  279 4754
 3 19 D  279 4707
 3 20 D  279 4801
 3 21 D  280 4160
 3 22 D  279 4782
 3 23 D  279 4751
 3 24 D  279 4761
 3 25 D  279 4741
 3 26 D  279 4779
 3 27 D  279 4791
 3 28 D  280 4216
 3 29 D  279 4691
 3 30 D  279 4776
 3 31 D  280 4218
 3  1 Z  521 4461
 3  2 Z  521 4454
 3  3 Z  521 4451
 3  4 Z  520 4544
 3  5 Z  521 4456
 3  6 Z  521 4458
 3  7 Z  520 4553
 3  8 Z  521 4461
 3  9 Z  520 4546
 3 10 Z  521 4472
 3 11 Z  521 4454
 3 12 Z  521 4451
 3 13 Z  521 4455
 3 14 Z  520 4533
 3 15 Z  521 4447
 3 16 Z  520 4542
 3 17 Z  520 4539
 3 18 Z  521 4445
 3 19 Z  520 4534
 3 20 Z  520 4532
 3 21 Z  520 4535
 3 22 Z  520 4538
 3 23 Z  521 4450
 3 24 Z  520 4544
 3 25 Z  521 4445
 3 26 Z  520 4548
 3 27 Z  521 4462
 3 28 Z  520 4534
 3 29 Z  520 4520
 3 30 Z  520 4531
 3 31 Z  520 4518
 3  1 F  522 4496
 3  2 F  522 4487
 3  3 F  522 4486
 3  4 F  522 4479
 3  5 F  522 4490
 3  6 F  522 4492
 3  7 F  522 4486
 3  8 F  522 4496
 3  9 F  522 4481
 3 10 F  522 4506
 3 11 F  522 4488
 3 12 F  522 4485
 3 13 F  522 4490
 3 14 F  522 4468
 3 15 F  522 4482
 3 16 F  522 4477
 3 17 F  522 4475
 3 18 F  522 4481
 3 19 F  522 4468
 3 20 F  522 4466
 3 21 F  522 4470
 3 22 F  522 4473
 3 23 F  522 4485
 3 24 F  522 4479
 3 25 F  522 4478
 3 26 F  522 4481
 3 27 F  522 4496
 3 28 F  522 4470
 3 29 F  521 4555
 3 30 F  522 4466
 3 31 F  521 4553
 4  1 H   -6 4486
 4  2 H   -6 4492
 4  3 H   -6 4506
 4  4 H   -6 4486
 4  5 H   -6 4512
 4  6 H   -6 4502
 4  7 H   -6 4498
 4  8 H   -6 4500
 4  9 H   -7 4568
 4 10 H   -6 4492
 4 11 H   -6 4516
 4 12 H   -6 4502
 4 13 H   -6 4499
 4 14 H   -6 4507
 4 15 H   -6 4507
 4 16 H   -6 4501
 4 17 H   -6 4503
 4 18 H   -6 4514
 4 19 H   -6 4477
 4 20 H   -7 4558
 4 21 H   -5 4410
 4 22 H   -6 4489
 4 23 H   -6 4504
 4 24 H   -6 4510
 4 25 H   -6 4510
 4 26 H   -6 4551
 4 27 H   -6 4510
 4 28 H   -5 4408
 4 29 H   -6 4520
 4 30 H   -7 4578
 4  1 D  279 4791
 4  2 D  279 4761
 4  3 D  279 4648
 4  4 D  279 4802
 4  5 D  280 4277
 4  6 D  279 4816
 4  7 D  280 4290
 4  8 D  279 4640
 4  9 D  280 4499
 4 10 D  280 4267
 4 11 D  280 4298
 4 12 D  279 4816
 4 13 D  279 4684
 4 14 D  280 4395
 4 15 D  280 4247
 4 16 D  280 4251
 4 17 D  279 4777
 4 18 D  280 4265
 4 19 D  279 4800
 4 20 D  278 5166
 4 21 D  281 4074
 4 22 D  280 4322
 4 23 D  279 4798
 4 24 D  280 4404
 4 25 D  280 4466
 4 26 D  279 4854
 4 27 D  280 4514
 4 28 D  280 4704
 4 29 D  281 3812
 4 30 D  280 4228
 4  1 Z  520 4529
 4  2 Z  520 4522
 4  3 Z  520 4526
 4  4 Z  520 4529
 4  5 Z  520 4514
 4  6 Z  520 4529
 4  7 Z  520 4525
 4  8 Z  520 4520
 4  9 Z  521 4469
 4 10 Z  520 4540
 4 11 Z  520 4531
 4 12 Z  520 4532
 4 13 Z  520 4522
 4 14 Z  520 4551
 4 15 Z  520 4527
 4 16 Z  520 4510
 4 17 Z  520 4508
 4 18 Z  520 4512
 4 19 Z  521 4465
 4 20 Z  522 4400
 4 21 Z  521 4495
 4 22 Z  520 4549
 4 23 Z  520 4521
 4 24 Z  520 4537
 4 25 Z  520 4520
 4 26 Z  521 4430
 4 27 Z  520 4540
 4 28 Z  520 4553
 4 29 Z  520 4530
 4 30 Z  520 4503
 4  1 F  521 4562
 4  2 F  521 4556
 4  3 F  522 4461
 4  4 F  521 4562
 4  5 F  521 4550
 4  6 F  522 4464
 4  7 F  521 4559
 4  8 F  521 4555
 4  9 F  522 4501
 4 10 F  522 4474
 4 11 F  522 4466
 4 12 F  522 4467
 4 13 F  521 4556
 4 14 F  522 4486
 4 15 F  522 4462
 4 16 F  521 4544
 4 17 F  521 4543
 4 18 F  521 4548
 4 19 F  522 4497
 4 20 F  523 4432
 4 21 F  522 4530
 4 22 F  522 4483
 4 23 F  521 4556
 4 24 F  522 4472
 4 25 F  521 4555
 4 26 F  522 4468
 4 27 F  521 4575
 4 28 F  522 4488
 4 29 F  522 4466
 4 30 F  521 4536
 5  1 H   -6 4491
 5  2 H   -5 4427
 5  3 H   -6 4491
 5  4 H   -7 4593
 5  5 H   -6 4497
 5  6 H   -6 4513
 5  7 H   -6 4490
 5  8 H   -6 4485
 5  9 H   -6 4511
 5 10 H   -6 4490
 5 11 H   -6 4508
 5 12 H   -6 4482
 5 13 H   -6 4491
 5 14 H   -6 4482
 5 15 H   -6 4495
 5 16 H   -6 4486
 5 17 H   -6 4476
 5 18 H   -6 4486
 5 19 H   -6 4498
 5 20 H   -6 4523
 5 21 H   -6 4496
 5 22 H   -6 4511
 5 23 H   -6 4506
 5 24 H   -6 4498
 5 25 H   -6 4516
 5 26 H   -6 4500
 5 27 H   -6 4501
 5 28 H   -6 4513
 5 29 H   -6 4510
 5 30 H   -6 4510
 5 31 H   -6 4500
 5  1 D  279 5003
 5  2 D  280 4459
 5  3 D  280 4173
 5  4 D  280 4337
 5  5 D  279 4704
 5  6 D  280 4312
 5  7 D  279 4766
 5  8 D  279 4822
 5  9 D  280 4289
 5 10 D  279 4739
 5 11 D  280 4368
 5 12 D  280 4268
 5 13 D  279 4738
 5 14 D  279 4774
 5 15 D  279 4893
 5 16 D  280 4254
 5 17 D  279 4776
 5 18 D  279 4718
 5 19 D  280 4283
 5 20 D  279 4717
 5 21 D  280 4329
 5 22 D  280 4306
 5 23 D  280 4385
 5 24 D  279 4851
 5 25 D  279 5037
 5 26 D  279 4999
 5 27 D  280 4405
 5 28 D  280 4394
 5 29 D  280 4360
 5 30 D  279 4873
 5 31 D  280 4244
 5  1 Z  520 4529
 5  2 Z  520 4546
 5  3 Z  520 4527
 5  4 Z  521 4456
 5  5 Z  520 4538
 5  6 Z  520 4534
 5  7 Z  521 4462
 5  8 Z  520 4532
 5  9 Z  520 4534
 5 10 Z  521 4447
 5 11 Z  520 4508
 5 12 Z  521 4453
 5 13 Z  521 4461
 5 14 Z  521 4478
 5 15 Z  520 4542
 5 16 Z  521 4461
 5 17 Z  521 4470
 5 18 Z  521 4459
 5 19 Z  521 4443
 5 20 Z  521 4441
 5 21 Z  519 4567
 5 22 Z  520 4500
 5 23 Z  520 4494
 5 24 Z  520 4503
 5 25 Z  519 4568
 5 26 Z  519 4538
 5 27 Z  520 4504
 5 28 Z  519 4552
 5 29 Z  519 4551
 5 30 Z  520 4487
 5 31 Z  520 4531
 5  1 F  522 4463
 5  2 F  522 4482
 5  3 F  521 4560
 5  4 F  522 4490
 5  5 F  522 4472
 5  6 F  522 4469
 5  7 F  522 4496
 5  8 F  522 4466
 5  9 F  522 4469
 5 10 F  522 4480
 5 11 F  521 4543
 5 12 F  522 4486
 5 13 F  522 4494
 5 14 F  522 4511
 5 15 F  522 4476
 5 16 F  522 4495
 5 17 F  522 4503
 5 18 F  522 4493
 5 19 F  522 4477
 5 20 F  522 4477
 5 21 F  521 4501
 5 22 F  521 4536
 5 23 F  521 4529
 5 24 F  521 4537
 5 25 F  521 4504
 5 26 F  521 4473
 5 27 F  521 4538
 5 28 F  520 4587
 5 29 F  521 4486
 5 30 F  521 4522
 5 31 F  522 4465
 6  1 H   -6 4493
 6  2 H   -7 4575
 6  3 H   -6 4482
 6  4 H   -6 4490
 6  5 H   -6 4508
 6  6 H   -7 4562
 6  7 H   -6 4484
 6  8 H   -6 4517
 6  9 H   -6 4496
 6 10 H   -6 4512
 6 11 H   -6 4502
 6 12 H   -6 4486
 6 13 H   -7 4581
 6 14 H   -6 4481
 6 15 H   -6 4477
 6 16 H   -6 4516
 6 17 H   -6 4496
 6 18 H   -6 4511
 6 19 H   -6 4508
 6 20 H   -6 4507
 6 21 H   -6 4534
 6 22 H   -6 4525
 6 23 H   -6 4532
 6 24 H   -5 4449
 6 25 H   -6 4484
 6 26 H   -7 4571
 6 27 H   -7 4558
 6 28 H   -6 4492
 6 29 H   -6 4489
 6 30 H   -6 4476
 6  1 D  280 4364
 6  2 D  279 4890
 6  3 D  279 4750
 6  4 D  280 4266
 6  5 D  280 4269
 6  6 D  279 4785
 6  7 D  280 4285
 6  8 D  280 4414
 6  9 D  278 4913
 6 10 D  280 4399
 6 11 D  280 4354
 6 12 D  280 4329
 6 13 D  279 4768
 6 14 D  279 4647
 6 15 D  279 4732
 6 16 D  280 4253
 6 17 D  280 4373
 6 18 D  280 4418
 6 19 D  280 4312
 6 20 D  280 4458
 6 21 D  280 4697
 6 22 D  280 4448
 6 23 D  280 4357
 6 24 D  280 4630
 6 25 D  279 4779
 6 26 D  279 4749
 6 27 D  279 4776
 6 28 D  279 4741
 6 29 D  280 4267
 6 30 D  279 4742
 6  1 Z  521 4450
 6  2 Z  521 4451
 6  3 Z  520 4524
 6  4 Z  520 4524
 6  5 Z  520 4516
 6  6 Z  521 4487
 6  7 Z  521 4480
 6  8 Z  521 4458
 6  9 Z  521 4483
 6 10 Z  521 4471
 6 11 Z  521 4457
 6 12 Z  521 4465
 6 13 Z  520 4494
 6 14 Z  521 4454
 6 15 Z  521 4456
 6 16 Z  520 4521
 6 17 Z  520 4479
 6 18 Z  520 4475
 6 19 Z  520 4466
 6 20 Z  520 4510
 6 21 Z  519 4517
 6 22 Z  519 4565
 6 23 Z  519 4586
 6 24 Z  518 4581
 6 25 Z  520 4571
 6 26 Z  521 4456
 6 27 Z  521 4489
 6 28 Z  521 4473
 6 29 Z  521 4460
 6 30 Z  521 4461
 6  1 F  522 4484
 6  2 F  522 4483
 6  3 F  522 4457
 6  4 F  522 4457
 6  5 F  521 4550
 6  6 F  523 4419
 6  7 F  522 4513
 6  8 F  522 4493
 6  9 F  522 4517
 6 10 F  522 4507
 6 11 F  522 4492
 6 12 F  522 4498
 6 13 F  521 4527
 6 14 F  522 4487
 6 15 F  522 4489
 6 16 F  522 4456
 6 17 F  521 4513
 6 18 F  521 4510
 6 19 F  521 4501
 6 20 F  521 4545
 6 21 F  520 4554
 6 22 F  521 4501
 6 23 F  521 4522
 6 24 F  520 4519
 6 25 F  522 4504
 6 26 F  522 4489
 6 27 F  523 4421
 6 28 F  522 4507
 6 29 F  522 4493
 6 30 F  522 4494
 7  1 H   -5 4394
 7  2 H   -6 4499
 7  3 H   -6 4504
 7  4 H   -7 4570
 7  5 H   -6 4490
 7  6 H   -6 4492
 7  7 H   -5 4411
 7  8 H   -6 4481
 7  9 H   -6 4474
 7 10 H   -6 4495
 7 11 H   -6 4519
 7 12 H   -6 4472
 7 13 H   -6 4483
 7 14 H   -6 4520
 7 15 H   -6 4537
 7 16 H   -6 4515
 7 17 H   -7 4594
 7 18 H   -6 4512
 7 19 H   -6 4503
 7 20 H   -6 4492
 7 21 H   -6 4514
 7 22 H   -6 4508
 7 23 H   -6 4457
 7 24 H   -6 4493
 7 25 H   -6 4492
 7 26 H   -6 4496
 7 27 H   -6 4507
 7 28 H   -6 4495
 7 29 H   -6 4482
 7 30 H   -6 4484
 7 31 H   -7 4564
 7  1 D  280 4278
 7  2 D  279 4804
 7  3 D  279 4893
 7  4 D  279 4732
 7  5 D  279 4901
 7  6 D  279 4868
 7  7 D  280 4464
 7  8 D  279 4718
 7  9 D  279 4748
 7 10 D  280 4208
 7 11 D  279 4929
 7 12 D  279 5227
 7 13 D  279 4842
 7 14 D  281 4186
 7 15 D  280 4520
 7 16 D  280 4513
 7 17 D  281 4012
 7 18 D  279 4976
 7 19 D  280 4527
 7 20 D  280 4393
 7 21 D  280 4516
 7 22 D  280 4392
 7 23 D  279 4777
 7 24 D  280 4294
 7 25 D  280 4134
 7 26 D  279 4792
 7 27 D  280 4444
 7 28 D  279 4838
 7 29 D  280 4249
 7 30 D  280 4430
 7 31 D  280 4423
 7  1 Z  520 4555
 7  2 Z  520 4520
 7  3 Z  520 4514
 7  4 Z  521 4463
 7  5 Z  521 4468
 7  6 Z  519 4610
 7  7 Z  521 4444
 7  8 Z  521 4454
 7  9 Z  521 4482
 7 10 Z  521 4444
 7 11 Z  520 4509
 7 12 Z  520 4521
 7 13 Z  520 4479
 7 14 Z  519 4586
 7 15 Z  520 4519
 7 16 Z  519 4547
 7 17 Z  519 4557
 7 18 Z  519 4556
 7 19 Z  519 4550
 7 20 Z  520 4504
 7 21 Z  520 4487
 7 22 Z  520 4480
 7 23 Z  521 4496
 7 24 Z  521 4458
 7 25 Z  521 4474
 7 26 Z  521 4454
 7 27 Z  521 4444
 7 28 Z  520 4539
 7 29 Z  521 4446
 7 30 Z  521 4478
 7 31 Z  520 4537
 7  1 F  522 4489
 7  2 F  522 4454
 7  3 F  522 4449
 7  4 F  522 4495
 7  5 F  522 4501
 7  6 F  520 4644
 7  7 F  522 4479
 7  8 F  522 4487
 7  9 F  522 4515
 7 10 F  522 4478
 7 11 F  521 4544
 7 12 F  522 4453
 7 13 F  521 4512
 7 14 F  521 4522
 7 15 F  522 4456
 7 16 F  521 4483
 7 17 F  521 4492
 7 18 F  521 4491
 7 19 F  520 4585
 7 20 F  521 4538
 7 21 F  521 4522
 7 22 F  521 4515
 7 23 F  522 4527
 7 24 F  522 4492
 7 25 F  522 4508
 7 26 F  522 4488
 7 27 F  522 4479
 7 28 F  522 4473
 7 29 F  522 4479
 7 30 F  522 4511
 7 31 F  522 4469
 8  1 H   -7 4574
 8  2 H   -7 4583
 8  3 H   -7 4557
 8  4 H   -6 4499
 8  5 H   -6 4482
 8  6 H   -6 4485
 8  7 H   -6 4483
 8  8 H   -6 4497
 8  9 H   -6 4493
 8 10 H   -6 4504
 8 11 H   -5 4422
 8 12 H   -5 4408
 8 13 H   -6 4496
 8 14 H   -6 4509
 8 15 H   -6 4502
 8 16 H   -6 4503
 8 17 H   -6 4489
 8 18 H   -6 4487
 8 19 H   -6 4491
 8 20 H   -6 4483
 8 21 H   -6 4487
 8 22 H   -6 4484
 8 23 H   -6 4504
 8 24 H   -6 4493
 8 25 H   -6 4471
 8 26 H   -6 4495
 8 27 H   -6 4487
 8 28 H   -6 4481
 8 29 H   -6 4491
 8 30 H   -6 4487
 8 31 H   -6 4470
 8  1 D  280 4348
 8  2 D  279 4884
 8  3 D  279 4645
 8  4 D  280 4317
 8  5 D  279 4865
 8  6 D  279 4765
 8  7 D  279 4827
 8  8 D  280 4279
 8  9 D  280 4306
 8 10 D  280 4616
 8 11 D  280 4450
 8 12 D  279 4918
 8 13 D  280 4708
 8 14 D  280 4425
 8 15 D  280 4527
 8 16 D  279 4887
 8 17 D  280 4514
 8 18 D  279 4746
 8 19 D  280 4314
 8 20 D  280 4264
 8 21 D  280 4210
 8 22 D  279 4798
 8 23 D  280 4328
 8 24 D  279 4823
 8 25 D  281 3926
 8 26 D  279 4801
 8 27 D  280 4283
 8 28 D  279 4812
 8 29 D  279 4914
 8 30 D  279 4693
 8 31 D  280 4547
 8  1 Z  521 4486
 8  2 Z  521 4443
 8  3 Z  521 4494
 8  4 Z  520 4550
 8  5 Z  521 4462
 8  6 Z  521 4458
 8  7 Z  521 4468
 8  8 Z  521 4433
 8  9 Z  521 4462
 8 10 Z  520 4468
 8 11 Z  520 4476
 8 12 Z  520 4475
 8 13 Z  520 4538
 8 14 Z  520 4490
 8 15 Z  520 4507
 8 16 Z  520 4500
 8 17 Z  520 4477
 8 18 Z  520 4538
 8 19 Z  521 4457
 8 20 Z  520 4562
 8 21 Z  521 4465
 8 22 Z  521 4440
 8 23 Z  521 4452
 8 24 Z  521 4458
 8 25 Z  521 4472
 8 26 Z  521 4454
 8 27 Z  521 4462
 8 28 Z  521 4455
 8 29 Z  521 4457
 8 30 Z  520 4545
 8 31 Z  521 4462
 8  1 F  523 4419
 8  2 F  522 4476
 8  3 F  522 4525
 8  4 F  522 4485
 8  5 F  522 4495
 8  6 F  522 4491
 8  7 F  522 4501
 8  8 F  522 4467
 8  9 F  522 4496
 8 10 F  521 4502
 8 11 F  521 4512
 8 12 F  521 4510
 8 13 F  522 4473
 8 14 F  521 4525
 8 15 F  521 4542
 8 16 F  521 4534
 8 17 F  521 4511
 8 18 F  522 4471
 8 19 F  522 4490
 8 20 F  522 4496
 8 21 F  522 4498
 8 22 F  522 4474
 8 23 F  522 4487
 8 24 F  522 4492
 8 25 F  522 4504
 8 26 F  522 4488
 8 27 F  522 4495
 8 28 F  522 4488
 8 29 F  522 4491
 8 30 F  522 4478
 8 31 F  522 4494
 9  1 H   -6 4492
 9  2 H   -6 4491
 9  3 H   -6 4494
 9  4 H   -6 4498
 9  5 H   -6 4495
 9  6 H   -6 4478
 9  7 H   -6 4507
 9  8 H   -6 4498
 9  9 H   -6 4484
 9 10 H   -6 4503
 9 11 H   -6 4507
 9 12 H   -6 4493
 9 13 H   -6 4496
 9 14 H   -7 4569
 9 15 H   -6 4483
 9 16 H   -7 4581
 9 17 H   -6 4496
 9 18 H   -6 4492
 9 19 H   -7 4553
 9 20 H   -6 4495
 9 21 H   -6 4489
 9 22 H   -6 4489
 9 23 H   -6 4493
 9 24 H   -6 4490
 9 25 H   -6 4498
 9 26 H   -6 4498
 9 27 H   -6 4491
 9 28 H   -6 4487
 9 29 H   -6 4500
 9 30 H   -6 4499
 9  1 D  279 4851
 9  2 D  280 4345
 9  3 D  280 4288
 9  4 D  280 4319
 9  5 D  280 4278
 9  6 D  279 4856
 9  7 D  280 4428
 9  8 D  280 4403
 9  9 D  279 4939
 9 10 D  280 4359
 9 11 D  279 4957
 9 12 D  280 4304
 9 13 D  280 4377
 9 14 D  281 3958
 9 15 D  279 4728
 9 16 D  280 4362
 9 17 D  280 4320
 9 18 D  280 4334
 9 19 D  280 4399
 9 20 D  280 4243
 9 21 D  280 4299
 9 22 D  280 4274
 9 23 D  280 4419
 9 24 D  279 4708
 9 25 D  280 4252
 9 26 D  280 4385
 9 27 D  280 4321
 9 28 D  280 4331
 9 29 D  280 4247
 9 30 D  279 4836
 9  1 Z  520 4551
 9  2 Z  521 4445
 9  3 Z  520 4536
 9  4 Z  520 4531
 9  5 Z  520 4521
 9  6 Z  520 4487
 9  7 Z  520 4499
 9  8 Z  520 4496
 9  9 Z  520 4491
 9 10 Z  520 4505
 9 11 Z  520 4514
 9 12 Z  520 4494
 9 13 Z  520 4486
 9 14 Z  521 4464
 9 15 Z  521 4448
 9 16 Z  521 4460
 9 17 Z  520 4543
 9 18 Z  520 4530
 9 19 Z  521 4467
 9 20 Z  520 4555
 9 21 Z  520 4545
 9 22 Z  520 4541
 9 23 Z  520 4541
 9 24 Z  520 4523
 9 25 Z  520 4546
 9 26 Z  521 4455
 9 27 Z  521 4451
 9 28 Z  520 4535
 9 29 Z  520 4532
 9 30 Z  520 4524
 9  1 F  522 4484
 9  2 F  522 4479
 9  3 F  522 4470
 9  4 F  522 4465
 9  5 F  522 4455
 9  6 F  521 4520
 9  7 F  521 4534
 9  8 F  521 4531
 9  9 F  521 4525
 9 10 F  521 4540
 9 11 F  521 4549
 9 12 F  521 4528
 9 13 F  521 4521
 9 14 F  522 4496
 9 15 F  522 4481
 9 16 F  522 4493
 9 17 F  522 4477
 9 18 F  522 4464
 9 19 F  523 4399
 9 20 F  522 4489
 9 21 F  522 4479
 9 22 F  522 4475
 9 23 F  522 4475
 9 24 F  521 4557
 9 25 F  522 4480
 9 26 F  522 4489
 9 27 F  522 4485
 9 28 F  522 4468
 9 29 F  522 4467
 9 30 F  522 4458
10  1 H   -6 4494
10  2 H   -6 4503
10  3 H   -6 4480
10  4 H   -6 4484
10  5 H   -6 4492
10  6 H   -6 4488
10  7 H   -6 4487
10  8 H   -6 4495
10  9 H   -6 4502
10 10 H   -6 4507
10 11 H   -6 4496
10 12 H   -6 4500
10 13 H   -6 4493
10 14 H   -6 4496
10 15 H   -6 4498
10 16 H   -6 4497
10 17 H   -6 4491
10 18 H   -6 4481
10 19 H   -6 4488
10 20 H   -6 4495
10 21 H   -6 4486
10 22 H   -6 4502
10 23 H   -6 4492
10 24 H   -6 4495
10 25 H   -6 4489
10 26 H   -6 4496
10 27 H   -6 4501
10 28 H   -6 4500
10 29 H   -6 4494
10 30 H   -6 4496
10 31 H   -6 4495
10  1 D  280 4285
10  2 D  280 4360
10  3 D  280 4339
10  4 D  280 4318
10  5 D  279 4847
10  6 D  280 4371
10  7 D  280 4258
10  8 D  280 4305
10  9 D  280 4313
10 10 D  280 4319
10 11 D  280 4384
10 12 D  279 4824
10 13 D  280 4264
10 14 D  280 4338
10 15 D  280 4399
10 16 D  280 4378
10 17 D  279 4873
10 18 D  279 4887
10 19 D  280 4451
10 20 D  280 4383
10 21 D  279 4849
10 22 D  279 4842
10 23 D  279 4839
10 24 D  280 4298
10 25 D  279 4856
10 26 D  280 4339
10 27 D  280 4291
10 28 D  280 4354
10 29 D  280 4496
10 30 D  280 4294
10 31 D  279 4843
10  1 Z  520 4513
10  2 Z  520 4529
10  3 Z  520 4509
10  4 Z  520 4522
10  5 Z  520 4545
10  6 Z  521 4455
10  7 Z  520 4539
10  8 Z  521 4441
10  9 Z  520 4522
10 10 Z  520 4526
10 11 Z  520 4541
10 12 Z  521 4444
10 13 Z  521 4443
10 14 Z  520 4530
10 15 Z  520 4537
10 16 Z  521 4457
10 17 Z  521 4450
10 18 Z  521 4456
10 19 Z  521 4456
10 20 Z  520 4536
10 21 Z  520 4535
10 22 Z  521 4443
10 23 Z  520 4535
10 24 Z  520 4537
10 25 Z  520 4528
10 26 Z  520 4522
10 27 Z  520 4525
10 28 Z  520 4524
10 29 Z  520 4536
10 30 Z  520 4523
10 31 Z  520 4515
10  1 F  521 4547
10  2 F  522 4463
10  3 F  521 4542
10  4 F  522 4455
10  5 F  522 4479
10  6 F  522 4488
10  7 F  522 4473
10  8 F  522 4475
10  9 F  521 4557
10 10 F  522 4461
10 11 F  522 4475
10 12 F  522 4478
10 13 F  522 4477
10 14 F  522 4464
10 15 F  522 4471
10 16 F  522 4491
10 17 F  522 4484
10 18 F  522 4489
10 19 F  522 4490
10 20 F  522 4470
10 21 F  522 4468
10 22 F  522 4477
10 23 F  522 4469
10 24 F  522 4471
10 25 F  522 4461
10 26 F  522 4456
10 27 F  522 4459
10 28 F  522 4458
10 29 F  522 4470
10 30 F  522 4457
10 31 F  521 4550
11  1 H   -6 4484
11  2 H   -6 4485
11  3 H   -6 4495
11  4 H   -6 4504
11  5 H   -6 4488
11  6 H   -6 4500
11  7 H   -6 4498
11  8 H   -6 4504
11  9 H   -6 4482
11 10 H   -6 4497
11 11 H   -6 4495
11 12 H   -6 4495
11 13 H   -7 4578
11 14 H   -6 4493
11 15 H   -6 4495
11 16 H   -6 4494
11 17 H   -6 4485
11 18 H   -6 4498
11 19 H   -6 4499
11 20 H   -6 4499
11 21 H   -6 4496
11 22 H   -6 4498
11 23 H   -6 4499
11 24 H   -6 4495
11 25 H   -6 4497
11 26 H   -6 4495
11 27 H   -7 4566
11 28 H   -6 4499
11 29 H   -6 4509
11 30 H   -6 4487
11  1 D  279 4845
11  2 D  279 4773
11  3 D  279 4928
11  4 D  279 4840
11  5 D  279 4796
11  6 D  280 4375
11  7 D  280 4411
11  8 D  279 4877
11  9 D  279 4808
11 10 D  279 4900
11 11 D  280 4335
11 12 D  280 4308
11 13 D  278 5401
11 14 D  280 4284
11 15 D  280 4282
11 16 D  280 4301
11 17 D  279 4839
11 18 D  279 4850
11 19 D  280 4335
11 20 D  280 4334
11 21 D  280 4348
11 22 D  280 4317
11 23 D  280 4350
11 24 D  280 4341
11 25 D  280 4353
11 26 D  280 4380
11 27 D  279 4870
11 28 D  280 4345
11 29 D  278 4970
11 30 D  280 4455
11  1 Z  520 4522
11  2 Z  520 4526
11  3 Z  521 4451
11  4 Z  521 4439
11  5 Z  520 4527
11  6 Z  520 4534
11  7 Z  520 4530
11  8 Z  520 4522
11  9 Z  520 4525
11 10 Z  520 4534
11 11 Z  520 4528
11 12 Z  520 4520
11 13 Z  520 4532
11 14 Z  520 4538
11 15 Z  520 4534
11 16 Z  520 4534
11 17 Z  520 4527
11 18 Z  520 4535
11 19 Z  520 4532
11 20 Z  520 4521
11 21 Z  520 4521
11 22 Z  520 4523
11 23 Z  520 4517
11 24 Z  520 4515
11 25 Z  520 4515
11 26 Z  520 4521
11 27 Z  520 4525
11 28 Z  520 4521
11 29 Z  520 4527
11 30 Z  521 4481
11  1 F  521 4555
11  2 F  522 4459
11  3 F  522 4485
11  4 F  522 4474
11  5 F  522 4461
11  6 F  522 4469
11  7 F  522 4465
11  8 F  522 4457
11  9 F  522 4459
11 10 F  522 4468
11 11 F  522 4462
11 12 F  522 4454
11 13 F  522 4465
11 14 F  522 4472
11 15 F  522 4468
11 16 F  522 4468
11 17 F  522 4460
11 18 F  522 4469
11 19 F  522 4466
11 20 F  522 4456
11 21 F  522 4455
11 22 F  522 4457
11 23 F  522 4451
11 24 F  521 4549
11 25 F  522 4450
11 26 F  522 4455
11 27 F  522 4457
11 28 F  522 4455
11 29 F  522 4462
11 30 F  522 4515
12  1 H   -6 4499
12  2 H   -6 4502
12  3 H   -6 4489
12  4 H   -6 4492
12  5 H   -6 4496
12  6 H   -6 4491
12  7 H   -6 4494
12  8 H   -6 4495
12  9 H   -6 4498
12 10 H   -7 4575
12 11 H   -6 4502
12 12 H   -6 4496
12 13 H   -7 4582
12 14 H   -6 4497
12 15 H   -6 4503
12 16 H   -6 4502
12 17 H   -6 4498
12 18 H   -6 4486
12 19 H   -7 4569
12 20 H   -6 4492
12 21 H   -6 4499
12 22 H   -6 4492
12 23 H   -6 4493
12 24 H   -6 4495
12 25 H   -6 4493
12 26 H   -6 4497
12 27 H   -6 4491
12 28 H   -6 4479
12 29 H   -6 4498
12 30 H   -6 4492
12 31 H   -6 4483
12  1 D  279 4896
12  2 D  280 4362
12  3 D  280 4349
12  4 D  279 4818
12  5 D  280 4371
12  6 D  280 4321
12  7 D  280 4335
12  8 D  280 4318
12  9 D  280 4316
12 10 D  280 4303
12 11 D  279 4854
12 12 D  280 4295
12 13 D  280 4396
12 14 D  279 4877
12 15 D  280 4329
12 16 D  280 4321
12 17 D  280 4319
12 18 D  280 4386
12 19 D  280 4472
12 20 D  280 4414
12 21 D  280 4328
12 22 D  280 4326
12 23 D  279 4850
12 24 D  280 4404
12 25 D  279 4879
12 26 D  280 4376
12 27 D  279 4876
12 28 D  280 4370
12 29 D  280 4363
12 30 D  280 4266
12 31 D  280 4382
12  1 Z  521 4447
12  2 Z  520 4545
12  3 Z  520 4531
12  4 Z  520 4530
12  5 Z  520 4532
12  6 Z  520 4519
12  7 Z  520 4523
12  8 Z  520 4518
12  9 Z  520 4517
12 10 Z  520 4532
12 11 Z  520 4532
12 12 Z  520 4521
12 13 Z  521 4457
12 14 Z  521 4439
12 15 Z  520 4530
12 16 Z  520 4524
12 17 Z  520 4519
12 18 Z  520 4522
12 19 Z  521 4470
12 20 Z  520 4539
12 21 Z  520 4528
12 22 Z  520 4524
12 23 Z  520 4520
12 24 Z  520 4524
12 25 Z  520 4515
12 26 Z  520 4522
12 27 Z  520 4520
12 28 Z  521 4448
12 29 Z  520 4525
12 30 Z  521 4467
12 31 Z  520 4542
12  1 F  522 4482
12  2 F  522 4479
12  3 F  522 4465
12  4 F  522 4464
12  5 F  522 4467
12  6 F  522 4453
12  7 F  522 4457
12  8 F  522 4452
12  9 F  522 4451
12 10 F  522 4464
12 11 F  522 4466
12 12 F  522 4456
12 13 F  522 4490
12 14 F  522 4473
12 15 F  522 4465
12 16 F  522 4458
12 17 F  522 4454
12 18 F  522 4455
12 19 F  522 4503
12 20 F  522 4473
12 21 F  522 4462
12 22 F  522 4458
12 23 F  522 4454
12 24 F  522 4458
12 25 F  521 4549
12 26 F  522 4456
12 27 F  522 4454
12 28 F  522 4481
12 29 F  522 4459
12 30 F  522 4501
12 31 F  522 4475
