 1  1 X    0 1008
 1  2 X    0 1010
 1  3 X    0 1007
 1  4 X    0  995
 1  5 X    0 1005
 1  6 X    0 1011
 1  7 X    0  987
 1  8 X    0 1011
 1  9 X    0  997
 1 10 X    0 1001
 1 11 X    0  998
 1 12 X    0  991
 1 13 X    0  989
 1 14 X    0  985
 1 15 X    0  990
 1 16 X    0 1000
 1 17 X    0 1005
 1 18 X    0 1006
 1 19 X    0 1001
 1 20 X    0  NaN
 1 21 X    0 1008
 1 22 X    0 1000
 1 23 X    0  982
 1 24 X    0 1004
 1 25 X    0 1004
 1 26 X    0 1010
 1 27 X    0  997
 1 28 X    0 1010
 1 29 X    0  974
 1 30 X    0 1014
 1 31 X    0 1003
 1  1 Y  -50  723
 1  2 Y  -50  715
 1  3 Y  -50  711
 1  4 Y  -50  722
 1  5 Y  -50  744
 1  6 Y  -50  723
 1  7 Y  -50  725
 1  8 Y  -50  723
 1  9 Y  -50  729
 1 10 Y  -50  727
 1 11 Y  -50  721
 1 12 Y  -50  721
 1 13 Y  -50  734
 1 14 Y  -50  717
 1 15 Y  -50  751
 1 16 Y  -50  721
 1 17 Y  -50  711
 1 18 Y  -50  718
 1 19 Y  -50  722
 1 20 Y  -50  NaN
 1 21 Y  -50  721
 1 22 Y  -50  722
 1 23 Y  -50  727
 1 24 Y  -50  715
 1 25 Y  -50  728
 1 26 Y  -50  716
 1 27 Y  -50  744
 1 28 Y  -50  722
 1 29 Y  -50  739
 1 30 Y  -50  707
 1 31 Y  -50  720
 1  1 Z  550  859
 1  2 Z  550  849
 1  3 Z  550  837
 1  4 Z  550  829
 1  5 Z  550  854
 1  6 Z  550  859
 1  7 Z  550  841
 1  8 Z  550  835
 1  9 Z  550  838
 1 10 Z  550  860
 1 11 Z  550  863
 1 12 Z  550  871
 1 13 Z  550  871
 1 14 Z  550  882
 1 15 Z  550  871
 1 16 Z  550  862
 1 17 Z  550  846
 1 18 Z  550  843
 1 19 Z  550  826
 1 20 Z  550  NaN
 1 21 Z  550  838
 1 22 Z  550  838
 1 23 Z  550  844
 1 24 Z  550  852
 1 25 Z  550  849
 1 26 Z  550  836
 1 27 Z  550  848
 1 28 Z  550  861
 1 29 Z  550  859
 1 30 Z  550  857
 1 31 Z  550  843
 2  1 X    0  993
 2  2 X    0 1010
 2  3 X    0 1011
 2  4 X    0 1011
 2  5 X    0 1011
 2  6 X    0  976
 2  7 X    0  995
 2  8 X    0 1005
 2  9 X    0  994
 2 10 X    0  980
 2 11 X    0  986
 2 12 X    0  996
 2 13 X    0  996
 2 14 X    0 1009
 2 15 X    0 1023
 2 16 X    0 1026
 2 17 X    0 1012
 2 18 X    0  990
 2 19 X    0  984
 2 20 X    0 1018
 2 21 X    0 1008
 2 22 X    0 1000
 2 23 X    0 1014
 2 24 X    0  983
 2 25 X    0 1017
 2 26 X    0 1012
 2 27 X    0 1004
 2 28 X    0 1014
 2 29 X    0 1010
 2  1 Y  -50  731
 2  2 Y  -50  718
 2  3 Y  -50  714
 2  4 Y  -50  718
 2  5 Y  -50  720
 2  6 Y  -50  729
 2  7 Y  -50  732
 2  8 Y  -50  724
 2  9 Y  -50  727
 2 10 Y  -50  720
 2 11 Y  -50  720
 2 12 Y  -50  733
 2 13 Y  -50  726
 2 14 Y  -50  734
 2 15 Y  -50  715
 2 16 Y  -50  722
 2 17 Y  -50  711
 2 18 Y  -50  707
 2 19 Y  -50  704
 2 20 Y  -50  726
 2 21 Y  -50  710
 2 22 Y  -50  714
 2 23 Y  -50  710
 2 24 Y  -50  721
 2 25 Y  -50  731
 2 26 Y  -50  717
 2 27 Y  -50  728
 2 28 Y  -50  730
 2 29 Y  -50  729
 2  1 Z  550  851
 2  2 Z  550  843
 2  3 Z  550  839
 2  4 Z  550  832
 2  5 Z  550  829
 2  6 Z  550  851
 2  7 Z  550  879
 2  8 Z  550  894
 2  9 Z  550  880
 2 10 Z  550  877
 2 11 Z  550  897
 2 12 Z  550  898
 2 13 Z  550  877
 2 14 Z  550  866
 2 15 Z  550  856
 2 16 Z  550  877
 2 17 Z  550  849
 2 18 Z  550  819
 2 19 Z  550  839
 2 20 Z  550  841
 2 21 Z  550  825
 2 22 Z  550  814
 2 23 Z  550  826
 2 24 Z  550  885
 2 25 Z  550  877
 2 26 Z  550  852
 2 27 Z  550  843
 2 28 Z  550  857
 2 29 Z  550  849
 3  1 X    0 1019
 3  2 X    0 1015
 3  3 X    0  981
 3  4 X    0 1014
 3  5 X    0  991
 3  6 X    0 1028
 3  7 X    0  992
 3  8 X    0  985
 3  9 X    0  990
 3 10 X    0 1009
 3 11 X    0 1015
 3 12 X    0 1009
 3 13 X    0 1014
 3 14 X    0 1017
 3 15 X    0 1006
 3 16 X    0 1003
 3 17 X    0 1017
 3 18 X    0 1013
 3 19 X    0 1004
 3 20 X    0 1017
 3 21 X    0 1009
 3 22 X    0  NaN
 3 23 X    0 1027
 3 24 X    0  999
 3 25 X    0 1007
 3 26 X    0 1006
 3 27 X    0 1019
 3 28 X    0 1010
 3 29 X    0 1008
 3 30 X    0  984
 3 31 X    0 1013
 3  1 Y  -50  715
 3  2 Y  -50  713
 3  3 Y  -50  724
 3  4 Y  -50  743
 3  5 Y  -50  707
 3  6 Y  -50  746
 3  7 Y  -50  745
 3  8 Y  -50  745
 3  9 Y  -50  718
 3 10 Y  -50  726
 3 11 Y  -50  726
 3 12 Y  -50  717
 3 13 Y  -50  726
 3 14 Y  -50  723
 3 15 Y  -50  729
 3 16 Y  -50  716
 3 17 Y  -50  750
 3 18 Y  -50  722
 3 19 Y  -50  716
 3 20 Y  -50  719
 3 21 Y  -50  737
 3 22 Y  -50  NaN
 3 23 Y  -50  702
 3 24 Y  -50  742
 3 25 Y  -50  746
 3 26 Y  -50  709
 3 27 Y  -50  739
 3 28 Y  -50  714
 3 29 Y  -50  713
 3 30 Y  -50  716
 3 31 Y  -50  725
 3  1 Z  550  849
 3  2 Z  550  836
 3  3 Z  550  843
 3  4 Z  550  922
 3  5 Z  550  896
 3  6 Z  550  972
 3  7 Z  550  899
 3  8 Z  550  899
 3  9 Z  550  900
 3 10 Z  550  900
 3 11 Z  550  897
 3 12 Z  550  870
 3 13 Z  550  866
 3 14 Z  550  856
 3 15 Z  550  861
 3 16 Z  550  810
 3 17 Z  550  843
 3 18 Z  550  816
 3 19 Z  550  836
 3 20 Z  550  820
 3 21 Z  550  856
 3 22 Z  550  NaN
 3 23 Z  550  875
 3 24 Z  550  844
 3 25 Z  550  832
 3 26 Z  550  827
 3 27 Z  550  826
 3 28 Z  550  838
 3 29 Z  550  826
 3 30 Z  550  844
 3 31 Z  550  893
 4  1 X    0 1032
 4  2 X    0 1013
 4  3 X    0 1006
 4  4 X    0 1006
 4  5 X    0 1012
 4  6 X    0 1014
 4  7 X    0 1013
 4  8 X    0  993
 4  9 X    0 1002
 4 10 X    0 1029
 4 11 X    0 1026
 4 12 X    0 1031
 4 13 X    0 1026
 4 14 X    0 1012
 4 15 X    0 1017
 4 16 X    0 1034
 4 17 X    0 1030
 4 18 X    0  990
 4 19 X    0  991
 4 20 X    0 1015
 4 21 X    0  981
 4 22 X    0 1055
 4 23 X    0 1016
 4 24 X    0  995
 4 25 X    0 1032
 4 26 X    0 1002
 4 27 X    0 1015
 4 28 X    0 1033
 4 29 X    0  993
 4 30 X    0 1015
 4  1 Y  -50  746
 4  2 Y  -50  714
 4  3 Y  -50  744
 4  4 Y  -50  721
 4  5 Y  -50  736
 4  6 Y  -50  709
 4  7 Y  -50  733
 4  8 Y  -50  734
 4  9 Y  -50  712
 4 10 Y  -50  703
 4 11 Y  -50  736
 4 12 Y  -50  704
 4 13 Y  -50  715
 4 14 Y  -50  728
 4 15 Y  -50  750
 4 16 Y  -50  732
 4 17 Y  -50  720
 4 18 Y  -50  722
 4 19 Y  -50  730
 4 20 Y  -50  717
 4 21 Y  -50  725
 4 22 Y  -50  744
 4 23 Y  -50  724
 4 24 Y  -50  716
 4 25 Y  -50  725
 4 26 Y  -50  717
 4 27 Y  -50  709
 4 28 Y  -50  751
 4 29 Y  -50  717
 4 30 Y  -50  709
 4  1 Z  550  882
 4  2 Z  550  892
 4  3 Z  550  924
 4  4 Z  550  967
 4  5 Z  550  969
 4  6 Z  550  861
 4  7 Z  550  884
 4  8 Z  550  878
 4  9 Z  550  865
 4 10 Z  550  860
 4 11 Z  550  854
 4 12 Z  550  817
 4 13 Z  550  810
 4 14 Z  550  794
 4 15 Z  550  807
 4 16 Z  550  824
 4 17 Z  550  827
 4 18 Z  550  806
 4 19 Z  550  824
 4 20 Z  550  826
 4 21 Z  550  797
 4 22 Z  550  839
 4 23 Z  550  777
 4 24 Z  550  771
 4 25 Z  550  783
 4 26 Z  550  780
 4 27 Z  550  779
 4 28 Z  550  827
 4 29 Z  550  857
 4 30 Z  550  848
 5  1 X    0 1031
 5  2 X    0 1015
 5  3 X    0  992
 5  4 X    0 1009
 5  5 X    0 1019
 5  6 X    0 1051
 5  7 X    0  999
 5  8 X    0 1008
 5  9 X    0  988
 5 10 X    0 1025
 5 11 X    0 1032
 5 12 X    0 1024
 5 13 X    0 1044
 5 14 X    0 1040
 5 15 X    0 1023
 5 16 X    0 1016
 5 17 X    0 1029
 5 18 X    0 1025
 5 19 X    0 1039
 5 20 X    0 1046
 5 21 X    0 1044
 5 22 X    0 1041
 5 23 X    0 1010
 5 24 X    0 1026
 5 25 X    0 1006
 5 26 X    0  969
 5 27 X    0 1015
 5 28 X    0  997
 5 29 X    0 1012
 5 30 X    0 1034
 5 31 X    0 1021
 5  1 Y  -50  728
 5  2 Y  -50  711
 5  3 Y  -50  715
 5  4 Y  -50  726
 5  5 Y  -50  706
 5  6 Y  -50  709
 5  7 Y  -50  785
 5  8 Y  -50  729
 5  9 Y  -50  724
 5 10 Y  -50  702
 5 11 Y  -50  725
 5 12 Y  -50  683
 5 13 Y  -50  711
 5 14 Y  -50  696
 5 15 Y  -50  723
 5 16 Y  -50  708
 5 17 Y  -50  705
 5 18 Y  -50  725
 5 19 Y  -50  714
 5 20 Y  -50  705
 5 21 Y  -50  728
 5 22 Y  -50  717
 5 23 Y  -50  729
 5 24 Y  -50  751
 5 25 Y  -50  711
 5 26 Y  -50  750
 5 27 Y  -50  720
 5 28 Y  -50  730
 5 29 Y  -50  724
 5 30 Y  -50  694
 5 31 Y  -50  701
 5  1 Z  550  858
 5  2 Z  550  864
 5  3 Z  550  863
 5  4 Z  550  858
 5  5 Z  550  863
 5  6 Z  550  882
 5  7 Z  550  859
 5  8 Z  550  943
 5  9 Z  550  901
 5 10 Z  550  856
 5 11 Z  550  803
 5 12 Z  550  761
 5 13 Z  550  785
 5 14 Z  550  810
 5 15 Z  550  797
 5 16 Z  550  767
 5 17 Z  550  772
 5 18 Z  550  759
 5 19 Z  550  796
 5 20 Z  550  770
 5 21 Z  550  761
 5 22 Z  550  815
 5 23 Z  550  803
 5 24 Z  550  841
 5 25 Z  550  871
 5 26 Z  550  894
 5 27 Z  550  872
 5 28 Z  550  829
 5 29 Z  550  844
 5 30 Z  550  837
 5 31 Z  550  820
 6  1 X    0 1014
 6  2 X    0 1010
 6  3 X    0  996
 6  4 X    0  993
 6  5 X    0 1015
 6  6 X    0 1016
 6  7 X    0 1007
 6  8 X    0 1041
 6  9 X    0 1049
 6 10 X    0 1024
 6 11 X    0 1033
 6 12 X    0 1063
 6 13 X    0 1025
 6 14 X    0 1016
 6 15 X    0 1075
 6 16 X    0 1059
 6 17 X    0 1036
 6 18 X    0 1032
 6 19 X    0 1030
 6 20 X    0 1029
 6 21 X    0 1013
 6 22 X    0  965
 6 23 X    0 1025
 6 24 X    0 1029
 6 25 X    0 1036
 6 26 X    0 1020
 6 27 X    0 1026
 6 28 X    0 1022
 6 29 X    0  967
 6 30 X    0 1054
 6  1 Y  -50  718
 6  2 Y  -50  722
 6  3 Y  -50  713
 6  4 Y  -50  716
 6  5 Y  -50  733
 6  6 Y  -50  709
 6  7 Y  -50  729
 6  8 Y  -50  708
 6  9 Y  -50  720
 6 10 Y  -50  714
 6 11 Y  -50  730
 6 12 Y  -50  711
 6 13 Y  -50  702
 6 14 Y  -50  730
 6 15 Y  -50  695
 6 16 Y  -50  714
 6 17 Y  -50  724
 6 18 Y  -50  696
 6 19 Y  -50  721
 6 20 Y  -50  711
 6 21 Y  -50  728
 6 22 Y  -50  773
 6 23 Y  -50  709
 6 24 Y  -50  716
 6 25 Y  -50  736
 6 26 Y  -50  714
 6 27 Y  -50  751
 6 28 Y  -50  724
 6 29 Y  -50  733
 6 30 Y  -50  766
 6  1 Z  550  840
 6  2 Z  550  842
 6  3 Z  550  832
 6  4 Z  550  828
 6  5 Z  550  835
 6  6 Z  550  798
 6  7 Z  550  814
 6  8 Z  550  691
 6  9 Z  550  771
 6 10 Z  550  758
 6 11 Z  550  757
 6 12 Z  550  715
 6 13 Z  550  752
 6 14 Z  550  740
 6 15 Z  550  724
 6 16 Z  550  754
 6 17 Z  550  768
 6 18 Z  550  728
 6 19 Z  550  761
 6 20 Z  550  721
 6 21 Z  550  807
 6 22 Z  550  853
 6 23 Z  550  844
 6 24 Z  550  834
 6 25 Z  550  766
 6 26 Z  550  843
 6 27 Z  550  834
 6 28 Z  550  793
 6 29 Z  550  857
 6 30 Z  550  953
 7  1 X    0  988
 7  2 X    0 1050
 7  3 X    0 1047
 7  4 X    0 1064
 7  5 X    0 1008
 7  6 X    0 1087
 7  7 X    0 1027
 7  8 X    0 1051
 7  9 X    0 1052
 7 10 X    0 1040
 7 11 X    0 1058
 7 12 X    0 1030
 7 13 X    0 1022
 7 14 X    0 1038
 7 15 X    0 1028
 7 16 X    0 1041
 7 17 X    0 1033
 7 18 X    0 1033
 7 19 X    0 1014
 7 20 X    0  991
 7 21 X    0 1018
 7 22 X    0 1011
 7 23 X    0 1003
 7 24 X    0 1002
 7 25 X    0  996
 7 26 X    0 1022
 7 27 X    0  986
 7 28 X    0 1002
 7 29 X    0  992
 7 30 X    0 1009
 7 31 X    0 1021
 7  1 Y  -50  707
 7  2 Y  -50  726
 7  3 Y  -50  706
 7  4 Y  -50  723
 7  5 Y  -50  767
 7  6 Y  -50  688
 7  7 Y  -50  719
 7  8 Y  -50  737
 7  9 Y  -50  719
 7 10 Y  -50  736
 7 11 Y  -50  700
 7 12 Y  -50  698
 7 13 Y  -50  749
 7 14 Y  -50  727
 7 15 Y  -50  707
 7 16 Y  -50  724
 7 17 Y  -50  717
 7 18 Y  -50  726
 7 19 Y  -50  710
 7 20 Y  -50  743
 7 21 Y  -50  732
 7 22 Y  -50  708
 7 23 Y  -50  730
 7 24 Y  -50  744
 7 25 Y  -50  738
 7 26 Y  -50  733
 7 27 Y  -50  728
 7 28 Y  -50  703
 7 29 Y  -50  737
 7 30 Y  -50  719
 7 31 Y  -50  715
 7  1 Z  550  823
 7  2 Z  550  803
 7  3 Z  550  654
 7  4 Z  550  689
 7  5 Z  550  752
 7  6 Z  550  735
 7  7 Z  550  776
 7  8 Z  550  758
 7  9 Z  550  731
 7 10 Z  550  718
 7 11 Z  550  735
 7 12 Z  550  764
 7 13 Z  550  770
 7 14 Z  550  752
 7 15 Z  550  794
 7 16 Z  550  738
 7 17 Z  550  744
 7 18 Z  550  829
 7 19 Z  550  751
 7 20 Z  550  848
 7 21 Z  550  827
 7 22 Z  550  835
 7 23 Z  550  851
 7 24 Z  550  866
 7 25 Z  550  800
 7 26 Z  550  875
 7 27 Z  550  843
 7 28 Z  550  830
 7 29 Z  550  836
 7 30 Z  550  827
 7 31 Z  550  730
 8  1 X    0 1037
 8  2 X    0 1036
 8  3 X    0 1060
 8  4 X    0 1028
 8  5 X    0 1019
 8  6 X    0 1053
 8  7 X    0 1037
 8  8 X    0 1041
 8  9 X    0  997
 8 10 X    0 1026
 8 11 X    0 1032
 8 12 X    0 1027
 8 13 X    0 1026
 8 14 X    0 1027
 8 15 X    0 1019
 8 16 X    0  999
 8 17 X    0  NaN
 8 18 X    0  NaN
 8 19 X    0  NaN
 8 20 X    0  NaN
 8 21 X    0  NaN
 8 22 X    0  NaN
 8 23 X    0  NaN
 8 24 X    0  NaN
 8 25 X    0  NaN
 8 26 X    0  NaN
 8 27 X    0  NaN
 8 28 X    0  NaN
 8 29 X    0  NaN
 8 30 X    0  NaN
 8 31 X    0  NaN
 8  1 Y  -50  713
 8  2 Y  -50  724
 8  3 Y  -50  714
 8  4 Y  -50  702
 8  5 Y  -50  734
 8  6 Y  -50  710
 8  7 Y  -50  703
 8  8 Y  -50  720
 8  9 Y  -50  718
 8 10 Y  -50  711
 8 11 Y  -50  700
 8 12 Y  -50  740
 8 13 Y  -50  714
 8 14 Y  -50  708
 8 15 Y  -50  705
 8 16 Y  -50  729
 8 17 Y  -50  NaN
 8 18 Y  -50  NaN
 8 19 Y  -50  NaN
 8 20 Y  -50  NaN
 8 21 Y  -50  NaN
 8 22 Y  -50  NaN
 8 23 Y  -50  NaN
 8 24 Y  -50  NaN
 8 25 Y  -50  NaN
 8 26 Y  -50  NaN
 8 27 Y  -50  NaN
 8 28 Y  -50  NaN
 8 29 Y  -50  NaN
 8 30 Y  -50  NaN
 8 31 Y  -50  NaN
 8  1 Z  550  757
 8  2 Z  550  717
 8  3 Z  550  716
 8  4 Z  550  768
 8  5 Z  550  792
 8  6 Z  550  754
 8  7 Z  550  733
 8  8 Z  550  757
 8  9 Z  550  781
 8 10 Z  550  768
 8 11 Z  550  777
 8 12 Z  550  751
 8 13 Z  550  751
 8 14 Z  550  757
 8 15 Z  550  771
 8 16 Z  550  839
 8 17 Z  550  NaN
 8 18 Z  550  NaN
 8 19 Z  550  NaN
 8 20 Z  550  NaN
 8 21 Z  550  NaN
 8 22 Z  550  NaN
 8 23 Z  550  NaN
 8 24 Z  550  NaN
 8 25 Z  550  NaN
 8 26 Z  550  NaN
 8 27 Z  550  NaN
 8 28 Z  550  NaN
 8 29 Z  550  NaN
 8 30 Z  550  NaN
 8 31 Z  550  NaN
 9  1 X    0  NaN
 9  2 X    0  NaN
 9  3 X    0  NaN
 9  4 X    0  NaN
 9  5 X    0  NaN
 9  6 X    0  NaN
 9  7 X    0  NaN
 9  8 X    0  NaN
 9  9 X    0  NaN
 9 10 X    0  NaN
 9 11 X    0  NaN
 9 12 X    0  NaN
 9 13 X    0  NaN
 9 14 X    0  NaN
 9 15 X    0  NaN
 9 16 X    0  NaN
 9 17 X    0  NaN
 9 18 X    0  NaN
 9 19 X    0  NaN
 9 20 X    0  NaN
 9 21 X    0  NaN
 9 22 X    0  NaN
 9 23 X    0  NaN
 9 24 X    0  NaN
 9 25 X    0  NaN
 9 26 X    0  NaN
 9 27 X    0  NaN
 9 28 X    0  NaN
 9 29 X    0  NaN
 9 30 X    0  NaN
 9  1 Y  -50  NaN
 9  2 Y  -50  NaN
 9  3 Y  -50  NaN
 9  4 Y  -50  NaN
 9  5 Y  -50  NaN
 9  6 Y  -50  NaN
 9  7 Y  -50  NaN
 9  8 Y  -50  NaN
 9  9 Y  -50  NaN
 9 10 Y  -50  NaN
 9 11 Y  -50  NaN
 9 12 Y  -50  NaN
 9 13 Y  -50  NaN
 9 14 Y  -50  NaN
 9 15 Y  -50  NaN
 9 16 Y  -50  NaN
 9 17 Y  -50  NaN
 9 18 Y  -50  NaN
 9 19 Y  -50  NaN
 9 20 Y  -50  NaN
 9 21 Y  -50  NaN
 9 22 Y  -50  NaN
 9 23 Y  -50  NaN
 9 24 Y  -50  NaN
 9 25 Y  -50  NaN
 9 26 Y  -50  NaN
 9 27 Y  -50  NaN
 9 28 Y  -50  NaN
 9 29 Y  -50  NaN
 9 30 Y  -50  NaN
 9  1 Z  550  NaN
 9  2 Z  550  NaN
 9  3 Z  550  NaN
 9  4 Z  550  NaN
 9  5 Z  550  NaN
 9  6 Z  550  NaN
 9  7 Z  550  NaN
 9  8 Z  550  NaN
 9  9 Z  550  NaN
 9 10 Z  550  NaN
 9 11 Z  550  NaN
 9 12 Z  550  NaN
 9 13 Z  550  NaN
 9 14 Z  550  NaN
 9 15 Z  550  NaN
 9 16 Z  550  NaN
 9 17 Z  550  NaN
 9 18 Z  550  NaN
 9 19 Z  550  NaN
 9 20 Z  550  NaN
 9 21 Z  550  NaN
 9 22 Z  550  NaN
 9 23 Z  550  NaN
 9 24 Z  550  NaN
 9 25 Z  550  NaN
 9 26 Z  550  NaN
 9 27 Z  550  NaN
 9 28 Z  550  NaN
 9 29 Z  550  NaN
 9 30 Z  550  NaN
10  1 X    0  NaN
10  2 X    0  NaN
10  3 X    0  NaN
10  4 X    0  NaN
10  5 X    0  NaN
10  6 X    0  NaN
10  7 X    0  NaN
10  8 X    0  NaN
10  9 X    0  NaN
10 10 X    0  NaN
10 11 X    0  NaN
10 12 X    0  NaN
10 13 X    0  NaN
10 14 X    0  NaN
10 15 X    0  NaN
10 16 X    0  NaN
10 17 X    0  NaN
10 18 X    0  NaN
10 19 X    0  NaN
10 20 X    0  NaN
10 21 X    0  NaN
10 22 X    0  NaN
10 23 X    0  NaN
10 24 X    0  NaN
10 25 X    0  NaN
10 26 X    0  NaN
10 27 X    0  NaN
10 28 X    0  NaN
10 29 X    0  NaN
10 30 X    0  NaN
10 31 X    0  NaN
10  1 Y  -50  NaN
10  2 Y  -50  NaN
10  3 Y  -50  NaN
10  4 Y  -50  NaN
10  5 Y  -50  NaN
10  6 Y  -50  NaN
10  7 Y  -50  NaN
10  8 Y  -50  NaN
10  9 Y  -50  NaN
10 10 Y  -50  NaN
10 11 Y  -50  NaN
10 12 Y  -50  NaN
10 13 Y  -50  NaN
10 14 Y  -50  NaN
10 15 Y  -50  NaN
10 16 Y  -50  NaN
10 17 Y  -50  NaN
10 18 Y  -50  NaN
10 19 Y  -50  NaN
10 20 Y  -50  NaN
10 21 Y  -50  NaN
10 22 Y  -50  NaN
10 23 Y  -50  NaN
10 24 Y  -50  NaN
10 25 Y  -50  NaN
10 26 Y  -50  NaN
10 27 Y  -50  NaN
10 28 Y  -50  NaN
10 29 Y  -50  NaN
10 30 Y  -50  NaN
10 31 Y  -50  NaN
10  1 Z  550  NaN
10  2 Z  550  NaN
10  3 Z  550  NaN
10  4 Z  550  NaN
10  5 Z  550  NaN
10  6 Z  550  NaN
10  7 Z  550  NaN
10  8 Z  550  NaN
10  9 Z  550  NaN
10 10 Z  550  NaN
10 11 Z  550  NaN
10 12 Z  550  NaN
10 13 Z  550  NaN
10 14 Z  550  NaN
10 15 Z  550  NaN
10 16 Z  550  NaN
10 17 Z  550  NaN
10 18 Z  550  NaN
10 19 Z  550  NaN
10 20 Z  550  NaN
10 21 Z  550  NaN
10 22 Z  550  NaN
10 23 Z  550  NaN
10 24 Z  550  NaN
10 25 Z  550  NaN
10 26 Z  550  NaN
10 27 Z  550  NaN
10 28 Z  550  NaN
10 29 Z  550  NaN
10 30 Z  550  NaN
10 31 Z  550  NaN
11  1 X    0  NaN
11  2 X    0  NaN
11  3 X    0  NaN
11  4 X    0  NaN
11  5 X    0  NaN
11  6 X    0  NaN
11  7 X    0  NaN
11  8 X    0  NaN
11  9 X    0  NaN
11 10 X    0  NaN
11 11 X    0  NaN
11 12 X    0  NaN
11 13 X    0  NaN
11 14 X    0  NaN
11 15 X    0  NaN
11 16 X    0  NaN
11 17 X    0  NaN
11 18 X    0  NaN
11 19 X    0  NaN
11 20 X    0  NaN
11 21 X    0  NaN
11 22 X    0  NaN
11 23 X    0  NaN
11 24 X    0  NaN
11 25 X    0  NaN
11 26 X    0  NaN
11 27 X    0  NaN
11 28 X    0  NaN
11 29 X    0  NaN
11 30 X    0  NaN
11  1 Y  -50  NaN
11  2 Y  -50  NaN
11  3 Y  -50  NaN
11  4 Y  -50  NaN
11  5 Y  -50  NaN
11  6 Y  -50  NaN
11  7 Y  -50  NaN
11  8 Y  -50  NaN
11  9 Y  -50  NaN
11 10 Y  -50  NaN
11 11 Y  -50  NaN
11 12 Y  -50  NaN
11 13 Y  -50  NaN
11 14 Y  -50  NaN
11 15 Y  -50  NaN
11 16 Y  -50  NaN
11 17 Y  -50  NaN
11 18 Y  -50  NaN
11 19 Y  -50  NaN
11 20 Y  -50  NaN
11 21 Y  -50  NaN
11 22 Y  -50  NaN
11 23 Y  -50  NaN
11 24 Y  -50  NaN
11 25 Y  -50  NaN
11 26 Y  -50  NaN
11 27 Y  -50  NaN
11 28 Y  -50  NaN
11 29 Y  -50  NaN
11 30 Y  -50  NaN
11  1 Z  550  NaN
11  2 Z  550  NaN
11  3 Z  550  NaN
11  4 Z  550  NaN
11  5 Z  550  NaN
11  6 Z  550  NaN
11  7 Z  550  NaN
11  8 Z  550  NaN
11  9 Z  550  NaN
11 10 Z  550  NaN
11 11 Z  550  NaN
11 12 Z  550  NaN
11 13 Z  550  NaN
11 14 Z  550  NaN
11 15 Z  550  NaN
11 16 Z  550  NaN
11 17 Z  550  NaN
11 18 Z  550  NaN
11 19 Z  550  NaN
11 20 Z  550  NaN
11 21 Z  550  NaN
11 22 Z  550  NaN
11 23 Z  550  NaN
11 24 Z  550  NaN
11 25 Z  550  NaN
11 26 Z  550  NaN
11 27 Z  550  NaN
11 28 Z  550  NaN
11 29 Z  550  NaN
11 30 Z  550  NaN
12  1 X    0  NaN
12  2 X    0  NaN
12  3 X    0  NaN
12  4 X    0  NaN
12  5 X    0  NaN
12  6 X    0  NaN
12  7 X    0  NaN
12  8 X    0  NaN
12  9 X    0  NaN
12 10 X    0  NaN
12 11 X    0  NaN
12 12 X    0  NaN
12 13 X    0  NaN
12 14 X    0  NaN
12 15 X    0  NaN
12 16 X    0  NaN
12 17 X    0  NaN
12 18 X    0  NaN
12 19 X    0  NaN
12 20 X    0  NaN
12 21 X    0  NaN
12 22 X    0  NaN
12 23 X    0  NaN
12 24 X    0  NaN
12 25 X    0  NaN
12 26 X    0  NaN
12 27 X    0  NaN
12 28 X    0  NaN
12 29 X    0  NaN
12 30 X    0  NaN
12 31 X    0  NaN
12  1 Y  -50  NaN
12  2 Y  -50  NaN
12  3 Y  -50  NaN
12  4 Y  -50  NaN
12  5 Y  -50  NaN
12  6 Y  -50  NaN
12  7 Y  -50  NaN
12  8 Y  -50  NaN
12  9 Y  -50  NaN
12 10 Y  -50  NaN
12 11 Y  -50  NaN
12 12 Y  -50  NaN
12 13 Y  -50  NaN
12 14 Y  -50  NaN
12 15 Y  -50  NaN
12 16 Y  -50  NaN
12 17 Y  -50  NaN
12 18 Y  -50  NaN
12 19 Y  -50  NaN
12 20 Y  -50  NaN
12 21 Y  -50  NaN
12 22 Y  -50  NaN
12 23 Y  -50  NaN
12 24 Y  -50  NaN
12 25 Y  -50  NaN
12 26 Y  -50  NaN
12 27 Y  -50  NaN
12 28 Y  -50  NaN
12 29 Y  -50  NaN
12 30 Y  -50  NaN
12 31 Y  -50  NaN
12  1 Z  550  NaN
12  2 Z  550  NaN
12  3 Z  550  NaN
12  4 Z  550  NaN
12  5 Z  550  NaN
12  6 Z  550  NaN
12  7 Z  550  NaN
12  8 Z  550  NaN
12  9 Z  550  NaN
12 10 Z  550  NaN
12 11 Z  550  NaN
12 12 Z  550  NaN
12 13 Z  550  NaN
12 14 Z  550  NaN
12 15 Z  550  NaN
12 16 Z  550  NaN
12 17 Z  550  NaN
12 18 Z  550  NaN
12 19 Z  550  NaN
12 20 Z  550  NaN
12 21 Z  550  NaN
12 22 Z  550  NaN
12 23 Z  550  NaN
12 24 Z  550  NaN
12 25 Z  550  NaN
12 26 Z  550  NaN
12 27 Z  550  NaN
12 28 Z  550  NaN
12 29 Z  550  NaN
12 30 Z  550  NaN
12 31 Z  550  NaN
