 1  1 X   14  527
 1  2 X   14  523
 1  3 X   14  490
 1  4 X   14  510
 1  5 X   14  518
 1  6 X   14  519
 1  7 X   14  517
 1  8 X   14  523
 1  9 X   14  517
 1 10 X   14  507
 1 11 X   14  515
 1 12 X   14  524
 1 13 X   14  522
 1 14 X   14  521
 1 15 X   14  522
 1 16 X   14  516
 1 17 X   14  529
 1 18 X   14  522
 1 19 X   14  517
 1 20 X   14  511
 1 21 X   14  525
 1 22 X   14  520
 1 23 X   14  517
 1 24 X   14  503
 1 25 X   14  544
 1 26 X   14  511
 1 27 X   14  522
 1 28 X   14  532
 1 29 X   14  496
 1 30 X   14  531
 1 31 X   14  531
 1  1 Y  -41  695
 1  2 Y  -41  693
 1  3 Y  -41  700
 1  4 Y  -41  685
 1  5 Y  -41  690
 1  6 Y  -41  685
 1  7 Y  -41  699
 1  8 Y  -41  690
 1  9 Y  -41  688
 1 10 Y  -41  696
 1 11 Y  -41  691
 1 12 Y  -41  690
 1 13 Y  -41  690
 1 14 Y  -41  686
 1 15 Y  -41  690
 1 16 Y  -41  691
 1 17 Y  -41  689
 1 18 Y  -41  697
 1 19 Y  -41  709
 1 20 Y  -41  680
 1 21 Y  -41  693
 1 22 Y  -41  686
 1 23 Y  -41  678
 1 24 Y  -41  684
 1 25 Y  -41  704
 1 26 Y  -41  688
 1 27 Y  -41  684
 1 28 Y  -41  679
 1 29 Y  -41  695
 1 30 Y  -41  709
 1 31 Y  -41  715
 1  1 Z  558  532
 1  2 Z  558  522
 1  3 Z  558  529
 1  4 Z  558  539
 1  5 Z  558  529
 1  6 Z  558  522
 1  7 Z  558  524
 1  8 Z  558  518
 1  9 Z  558  518
 1 10 Z  558  522
 1 11 Z  558  531
 1 12 Z  558  529
 1 13 Z  558  528
 1 14 Z  558  529
 1 15 Z  558  523
 1 16 Z  558  519
 1 17 Z  558  515
 1 18 Z  558  515
 1 19 Z  558  530
 1 20 Z  558  527
 1 21 Z  558  538
 1 22 Z  558  535
 1 23 Z  558  544
 1 24 Z  558  536
 1 25 Z  558  565
 1 26 Z  558  547
 1 27 Z  558  527
 1 28 Z  558  535
 1 29 Z  558  525
 1 30 Z  558  559
 1 31 Z  558  559
 2  1 X   14  496
 2  2 X   14  506
 2  3 X   14  524
 2  4 X   14  524
 2  5 X   14  523
 2  6 X   14  519
 2  7 X   14  521
 2  8 X   14  521
 2  9 X   14  503
 2 10 X   14  531
 2 11 X   14  539
 2 12 X   14  514
 2 13 X   14  529
 2 14 X   14  526
 2 15 X   14  519
 2 16 X   14  524
 2 17 X   14  529
 2 18 X   14  529
 2 19 X   14  522
 2 20 X   14  527
 2 21 X   14  531
 2 22 X   14  534
 2 23 X   14  529
 2 24 X   14  531
 2 25 X   14  535
 2 26 X   14  535
 2 27 X   14  513
 2 28 X   14  514
 2  1 Y  -41  703
 2  2 Y  -41  694
 2  3 Y  -41  689
 2  4 Y  -41  691
 2  5 Y  -41  701
 2  6 Y  -41  717
 2  7 Y  -41  706
 2  8 Y  -41  692
 2  9 Y  -41  697
 2 10 Y  -41  689
 2 11 Y  -41  692
 2 12 Y  -41  683
 2 13 Y  -41  683
 2 14 Y  -41  688
 2 15 Y  -41  707
 2 16 Y  -41  693
 2 17 Y  -41  693
 2 18 Y  -41  694
 2 19 Y  -41  689
 2 20 Y  -41  699
 2 21 Y  -41  691
 2 22 Y  -41  701
 2 23 Y  -41  696
 2 24 Y  -41  689
 2 25 Y  -41  691
 2 26 Y  -41  698
 2 27 Y  -41  709
 2 28 Y  -41  717
 2  1 Z  558  562
 2  2 Z  558  574
 2  3 Z  558  553
 2  4 Z  558  566
 2  5 Z  558  546
 2  6 Z  558  542
 2  7 Z  558  547
 2  8 Z  558  543
 2  9 Z  558  543
 2 10 Z  558  552
 2 11 Z  558  551
 2 12 Z  558  526
 2 13 Z  558  519
 2 14 Z  558  517
 2 15 Z  558  526
 2 16 Z  558  530
 2 17 Z  558  526
 2 18 Z  558  533
 2 19 Z  558  522
 2 20 Z  558  525
 2 21 Z  558  521
 2 22 Z  558  522
 2 23 Z  558  514
 2 24 Z  558  514
 2 25 Z  558  506
 2 26 Z  558  520
 2 27 Z  558  545
 2 28 Z  558  538
 3  1 X   14  520
 3  2 X   14  523
 3  3 X   14  517
 3  4 X   14  538
 3  5 X   14  526
 3  6 X   14  527
 3  7 X   14  549
 3  8 X   14  516
 3  9 X   14  529
 3 10 X   14  533
 3 11 X   14  549
 3 12 X   14  537
 3 13 X   14  553
 3 14 X   14  525
 3 15 X   14  539
 3 16 X   14  509
 3 17 X   14  545
 3 18 X   14  553
 3 19 X   14  540
 3 20 X   14  545
 3 21 X   14  551
 3 22 X   14  539
 3 23 X   14  540
 3 24 X   14  550
 3 25 X   14  542
 3 26 X   14  541
 3 27 X   14  547
 3 28 X   14  523
 3 29 X   14  542
 3 30 X   14  522
 3 31 X   14  526
 3  1 Y  -41  701
 3  2 Y  -41  699
 3  3 Y  -41  698
 3  4 Y  -41  708
 3  5 Y  -41  702
 3  6 Y  -41  705
 3  7 Y  -41  689
 3  8 Y  -41  706
 3  9 Y  -41  694
 3 10 Y  -41  710
 3 11 Y  -41  693
 3 12 Y  -41  673
 3 13 Y  -41  684
 3 14 Y  -41  708
 3 15 Y  -41  690
 3 16 Y  -41  695
 3 17 Y  -41  702
 3 18 Y  -41  695
 3 19 Y  -41  688
 3 20 Y  -41  768
 3 21 Y  -41  684
 3 22 Y  -41  683
 3 23 Y  -41  695
 3 24 Y  -41  691
 3 25 Y  -41  688
 3 26 Y  -41  710
 3 27 Y  -41  708
 3 28 Y  -41  684
 3 29 Y  -41  683
 3 30 Y  -41  700
 3 31 Y  -41  721
 3  1 Z  558  539
 3  2 Z  558  528
 3  3 Z  558  535
 3  4 Z  558  553
 3  5 Z  558  541
 3  6 Z  558  550
 3  7 Z  558  555
 3  8 Z  558  521
 3  9 Z  558  531
 3 10 Z  558  526
 3 11 Z  558  544
 3 12 Z  558  509
 3 13 Z  558  528
 3 14 Z  558  510
 3 15 Z  558  513
 3 16 Z  558  513
 3 17 Z  558  545
 3 18 Z  558  537
 3 19 Z  558  506
 3 20 Z  558  549
 3 21 Z  558  556
 3 22 Z  558  518
 3 23 Z  558  524
 3 24 Z  558  530
 3 25 Z  558  506
 3 26 Z  558  526
 3 27 Z  558  544
 3 28 Z  558  531
 3 29 Z  558  522
 3 30 Z  558  557
 3 31 Z  558  544
 4  1 X   14  528
 4  2 X   14  545
 4  3 X   14  527
 4  4 X   14  542
 4  5 X   14  543
 4  6 X   14  536
 4  7 X   14  556
 4  8 X   14  572
 4  9 X   14  582
 4 10 X   14  534
 4 11 X   14  542
 4 12 X   14  550
 4 13 X   14  561
 4 14 X   14  569
 4 15 X   14  569
 4 16 X   14  543
 4 17 X   14  561
 4 18 X   14  564
 4 19 X   14  553
 4 20 X   14  553
 4 21 X   14  530
 4 22 X   14  535
 4 23 X   14  546
 4 24 X   14  544
 4 25 X   14  563
 4 26 X   14  547
 4 27 X   14  538
 4 28 X   14  555
 4 29 X   14  523
 4 30 X   14  528
 4  1 Y  -41  696
 4  2 Y  -41  705
 4  3 Y  -41  695
 4  4 Y  -41  709
 4  5 Y  -41  714
 4  6 Y  -41  703
 4  7 Y  -41  695
 4  8 Y  -41  712
 4  9 Y  -41  697
 4 10 Y  -41  698
 4 11 Y  -41  691
 4 12 Y  -41  710
 4 13 Y  -41  692
 4 14 Y  -41  694
 4 15 Y  -41  695
 4 16 Y  -41  706
 4 17 Y  -41  725
 4 18 Y  -41  700
 4 19 Y  -41  693
 4 20 Y  -41  685
 4 21 Y  -41  677
 4 22 Y  -41  713
 4 23 Y  -41  714
 4 24 Y  -41  717
 4 25 Y  -41  693
 4 26 Y  -41  719
 4 27 Y  -41  707
 4 28 Y  -41  705
 4 29 Y  -41  725
 4 30 Y  -41  691
 4  1 Z  558  560
 4  2 Z  558  549
 4  3 Z  558  535
 4  4 Z  558  551
 4  5 Z  558  546
 4  6 Z  558  532
 4  7 Z  558  531
 4  8 Z  558  488
 4  9 Z  558  489
 4 10 Z  558  474
 4 11 Z  558  490
 4 12 Z  558  505
 4 13 Z  558  500
 4 14 Z  558  468
 4 15 Z  558  510
 4 16 Z  558  507
 4 17 Z  558  504
 4 18 Z  558  509
 4 19 Z  558  481
 4 20 Z  558  506
 4 21 Z  558  554
 4 22 Z  558  536
 4 23 Z  558  529
 4 24 Z  558  561
 4 25 Z  558  561
 4 26 Z  558  551
 4 27 Z  558  557
 4 28 Z  558  565
 4 29 Z  558  519
 4 30 Z  558  540
 5  1 X   14  555
 5  2 X   14  555
 5  3 X   14  554
 5  4 X   14  567
 5  5 X   14  594
 5  6 X   14  537
 5  7 X   14  583
 5  8 X   14  564
 5  9 X   14  618
 5 10 X   14  574
 5 11 X   14  577
 5 12 X   14  549
 5 13 X   14  564
 5 14 X   14  563
 5 15 X   14  569
 5 16 X   14  559
 5 17 X   14  571
 5 18 X   14  543
 5 19 X   14  538
 5 20 X   14  560
 5 21 X   14  511
 5 22 X   14  560
 5 23 X   14  551
 5 24 X   14  537
 5 25 X   14  543
 5 26 X   14  544
 5 27 X   14  520
 5 28 X   14  557
 5 29 X   14  503
 5 30 X   14  591
 5 31 X   14  634
 5  1 Y  -41  710
 5  2 Y  -41  701
 5  3 Y  -41  705
 5  4 Y  -41  686
 5  5 Y  -41  689
 5  6 Y  -41  712
 5  7 Y  -41  702
 5  8 Y  -41  705
 5  9 Y  -41  667
 5 10 Y  -41  670
 5 11 Y  -41  704
 5 12 Y  -41  690
 5 13 Y  -41  691
 5 14 Y  -41  699
 5 15 Y  -41  717
 5 16 Y  -41  666
 5 17 Y  -41  705
 5 18 Y  -41  693
 5 19 Y  -41  712
 5 20 Y  -41  713
 5 21 Y  -41  712
 5 22 Y  -41  711
 5 23 Y  -41  722
 5 24 Y  -41  720
 5 25 Y  -41  717
 5 26 Y  -41  685
 5 27 Y  -41  701
 5 28 Y  -41  717
 5 29 Y  -41  705
 5 30 Y  -41  696
 5 31 Y  -41  652
 5  1 Z  558  548
 5  2 Z  558  540
 5  3 Z  558  545
 5  4 Z  558  518
 5  5 Z  558  412
 5  6 Z  558  452
 5  7 Z  558  456
 5  8 Z  558  483
 5  9 Z  558  433
 5 10 Z  558  531
 5 11 Z  558  478
 5 12 Z  558  501
 5 13 Z  558  462
 5 14 Z  558  489
 5 15 Z  558  496
 5 16 Z  558  464
 5 17 Z  558  486
 5 18 Z  558  466
 5 19 Z  558  536
 5 20 Z  558  545
 5 21 Z  558  531
 5 22 Z  558  544
 5 23 Z  558  546
 5 24 Z  558  565
 5 25 Z  558  522
 5 26 Z  558  563
 5 27 Z  558  563
 5 28 Z  558  557
 5 29 Z  558  521
 5 30 Z  558  501
 5 31 Z  558  436
 6  1 X   14  594
 6  2 X   14  648
 6  3 X   14  570
 6  4 X   14  570
 6  5 X   14  591
 6  6 X   14  600
 6  7 X   14  613
 6  8 X   14  554
 6  9 X   14  576
 6 10 X   14  623
 6 11 X   14  NaN
 6 12 X   14  NaN
 6 13 X   14  584
 6 14 X   14  530
 6 15 X   14  516
 6 16 X   14  538
 6 17 X   14  586
 6 18 X   14  550
 6 19 X   14  567
 6 20 X   14  551
 6 21 X   14  555
 6 22 X   14  524
 6 23 X   14  544
 6 24 X   14  580
 6 25 X   14  535
 6 26 X   14  642
 6 27 X   14  614
 6 28 X   14  617
 6 29 X   14  613
 6 30 X   14  617
 6  1 Y  -41  685
 6  2 Y  -41  660
 6  3 Y  -41  672
 6  4 Y  -41  710
 6  5 Y  -41  703
 6  6 Y  -41  701
 6  7 Y  -41  687
 6  8 Y  -41  721
 6  9 Y  -41  665
 6 10 Y  -41  697
 6 11 Y  -41  NaN
 6 12 Y  -41  NaN
 6 13 Y  -41  680
 6 14 Y  -41  730
 6 15 Y  -41  729
 6 16 Y  -41  725
 6 17 Y  -41  701
 6 18 Y  -41  690
 6 19 Y  -41  705
 6 20 Y  -41  746
 6 21 Y  -41  706
 6 22 Y  -41  710
 6 23 Y  -41  709
 6 24 Y  -41  717
 6 25 Y  -41  720
 6 26 Y  -41  629
 6 27 Y  -41  713
 6 28 Y  -41  693
 6 29 Y  -41  689
 6 30 Y  -41  700
 6  1 Z  558  430
 6  2 Z  558  416
 6  3 Z  558  405
 6  4 Z  558  453
 6  5 Z  558  443
 6  6 Z  558  388
 6  7 Z  558  402
 6  8 Z  558  511
 6  9 Z  558  469
 6 10 Z  558  424
 6 11 Z  558  NaN
 6 12 Z  558  NaN
 6 13 Z  558  438
 6 14 Z  558  531
 6 15 Z  558  579
 6 16 Z  558  529
 6 17 Z  558  609
 6 18 Z  558  595
 6 19 Z  558  543
 6 20 Z  558  570
 6 21 Z  558  531
 6 22 Z  558  542
 6 23 Z  558  563
 6 24 Z  558  576
 6 25 Z  558  553
 6 26 Z  558  451
 6 27 Z  558  440
 6 28 Z  558  432
 6 29 Z  558  438
 6 30 Z  558  404
 7  1 X   14  NaN
 7  2 X   14  599
 7  3 X   14  615
 7  4 X   14  598
 7  5 X   14  566
 7  6 X   14  598
 7  7 X   14  615
 7  8 X   14  579
 7  9 X   14  641
 7 10 X   14  587
 7 11 X   14  611
 7 12 X   14  558
 7 13 X   14  549
 7 14 X   14  541
 7 15 X   14  552
 7 16 X   14  575
 7 17 X   14  555
 7 18 X   14  550
 7 19 X   14  559
 7 20 X   14  562
 7 21 X   14  527
 7 22 X   14  547
 7 23 X   14  539
 7 24 X   14  582
 7 25 X   14  555
 7 26 X   14  532
 7 27 X   14  627
 7 28 X   14  590
 7 29 X   14  567
 7 30 X   14  584
 7 31 X   14  587
 7  1 Y  -41  NaN
 7  2 Y  -41  689
 7  3 Y  -41  678
 7  4 Y  -41  703
 7  5 Y  -41  705
 7  6 Y  -41  679
 7  7 Y  -41  683
 7  8 Y  -41  695
 7  9 Y  -41  669
 7 10 Y  -41  693
 7 11 Y  -41  732
 7 12 Y  -41  695
 7 13 Y  -41  706
 7 14 Y  -41  712
 7 15 Y  -41  685
 7 16 Y  -41  734
 7 17 Y  -41  717
 7 18 Y  -41  690
 7 19 Y  -41  703
 7 20 Y  -41  699
 7 21 Y  -41  727
 7 22 Y  -41  733
 7 23 Y  -41  689
 7 24 Y  -41  693
 7 25 Y  -41  715
 7 26 Y  -41  665
 7 27 Y  -41  682
 7 28 Y  -41  701
 7 29 Y  -41  703
 7 30 Y  -41  732
 7 31 Y  -41  703
 7  1 Z  558  NaN
 7  2 Z  558  470
 7  3 Z  558  374
 7  4 Z  558  462
 7  5 Z  558  460
 7  6 Z  558  452
 7  7 Z  558  425
 7  8 Z  558  566
 7  9 Z  558  390
 7 10 Z  558  472
 7 11 Z  558  483
 7 12 Z  558  576
 7 13 Z  558  536
 7 14 Z  558  572
 7 15 Z  558  530
 7 16 Z  558  613
 7 17 Z  558  552
 7 18 Z  558  548
 7 19 Z  558  565
 7 20 Z  558  574
 7 21 Z  558  593
 7 22 Z  558  582
 7 23 Z  558  498
 7 24 Z  558  446
 7 25 Z  558  596
 7 26 Z  558  462
 7 27 Z  558  442
 7 28 Z  558  391
 7 29 Z  558  456
 7 30 Z  558  460
 7 31 Z  558  459
 8  1 X   14  598
 8  2 X   14  575
 8  3 X   14  569
 8  4 X   14  586
 8  5 X   14  508
 8  6 X   14  580
 8  7 X   14  525
 8  8 X   14  554
 8  9 X   14  555
 8 10 X   14  562
 8 11 X   14  551
 8 12 X   14  560
 8 13 X   14  562
 8 14 X   14  556
 8 15 X   14  551
 8 16 X   14  559
 8 17 X   14  484
 8 18 X   14  600
 8 19 X   14  563
 8 20 X   14  572
 8 21 X   14  565
 8 22 X   14  589
 8 23 X   14  606
 8 24 X   14  597
 8 25 X   14  619
 8 26 X   14  573
 8 27 X   14  599
 8 28 X   14  601
 8 29 X   14  570
 8 30 X   14  588
 8 31 X   14  588
 8  1 Y  -41  683
 8  2 Y  -41  684
 8  3 Y  -41  697
 8  4 Y  -41  702
 8  5 Y  -41  706
 8  6 Y  -41  701
 8  7 Y  -41  733
 8  8 Y  -41  715
 8  9 Y  -41  728
 8 10 Y  -41  709
 8 11 Y  -41  709
 8 12 Y  -41  722
 8 13 Y  -41  709
 8 14 Y  -41  709
 8 15 Y  -41  705
 8 16 Y  -41  744
 8 17 Y  -41  730
 8 18 Y  -41  753
 8 19 Y  -41  675
 8 20 Y  -41  710
 8 21 Y  -41  718
 8 22 Y  -41  725
 8 23 Y  -41  720
 8 24 Y  -41  702
 8 25 Y  -41  688
 8 26 Y  -41  709
 8 27 Y  -41  710
 8 28 Y  -41  695
 8 29 Y  -41  730
 8 30 Y  -41  707
 8 31 Y  -41  723
 8  1 Z  558  453
 8  2 Z  558  480
 8  3 Z  558  497
 8  4 Z  558  441
 8  5 Z  558  550
 8  6 Z  558  597
 8  7 Z  558  565
 8  8 Z  558  571
 8  9 Z  558  531
 8 10 Z  558  571
 8 11 Z  558  521
 8 12 Z  558  562
 8 13 Z  558  563
 8 14 Z  558  535
 8 15 Z  558  547
 8 16 Z  558  582
 8 17 Z  558  560
 8 18 Z  558  551
 8 19 Z  558  510
 8 20 Z  558  489
 8 21 Z  558  481
 8 22 Z  558  506
 8 23 Z  558  498
 8 24 Z  558  502
 8 25 Z  558  489
 8 26 Z  558  465
 8 27 Z  558  447
 8 28 Z  558  462
 8 29 Z  558  449
 8 30 Z  558  479
 8 31 Z  558  489
 9  1 X   14  550
 9  2 X   14  557
 9  3 X   14  568
 9  4 X   14  554
 9  5 X   14  565
 9  6 X   14  568
 9  7 X   14  573
 9  8 X   14  551
 9  9 X   14  546
 9 10 X   14  552
 9 11 X   14  570
 9 12 X   14  582
 9 13 X   14  570
 9 14 X   14  570
 9 15 X   14  564
 9 16 X   14  596
 9 17 X   14  571
 9 18 X   14  567
 9 19 X   14  581
 9 20 X   14  596
 9 21 X   14  594
 9 22 X   14  584
 9 23 X   14  585
 9 24 X   14  583
 9 25 X   14  573
 9 26 X   14  571
 9 27 X   14  575
 9 28 X   14  580
 9 29 X   14  581
 9 30 X   14  579
 9  1 Y  -41  735
 9  2 Y  -41  727
 9  3 Y  -41  714
 9  4 Y  -41  703
 9  5 Y  -41  716
 9  6 Y  -41  702
 9  7 Y  -41  708
 9  8 Y  -41  712
 9  9 Y  -41  732
 9 10 Y  -41  727
 9 11 Y  -41  697
 9 12 Y  -41  713
 9 13 Y  -41  712
 9 14 Y  -41  704
 9 15 Y  -41  705
 9 16 Y  -41  719
 9 17 Y  -41  737
 9 18 Y  -41  714
 9 19 Y  -41  721
 9 20 Y  -41  729
 9 21 Y  -41  724
 9 22 Y  -41  725
 9 23 Y  -41  703
 9 24 Y  -41  703
 9 25 Y  -41  718
 9 26 Y  -41  716
 9 27 Y  -41  694
 9 28 Y  -41  708
 9 29 Y  -41  706
 9 30 Y  -41  709
 9  1 Z  558  561
 9  2 Z  558  552
 9  3 Z  558  543
 9  4 Z  558  534
 9  5 Z  558  533
 9  6 Z  558  534
 9  7 Z  558  522
 9  8 Z  558  549
 9  9 Z  558  554
 9 10 Z  558  563
 9 11 Z  558  551
 9 12 Z  558  537
 9 13 Z  558  546
 9 14 Z  558  531
 9 15 Z  558  531
 9 16 Z  558  500
 9 17 Z  558  529
 9 18 Z  558  544
 9 19 Z  558  550
 9 20 Z  558  534
 9 21 Z  558  532
 9 22 Z  558  524
 9 23 Z  558  522
 9 24 Z  558  528
 9 25 Z  558  530
 9 26 Z  558  525
 9 27 Z  558  532
 9 28 Z  558  510
 9 29 Z  558  508
 9 30 Z  558  505
10  1 X   14  574
10  2 X   14  546
10  3 X   14  575
10  4 X   14  581
10  5 X   14  568
10  6 X   14  560
10  7 X   14  571
10  8 X   14  568
10  9 X   14  575
10 10 X   14  563
10 11 X   14  571
10 12 X   14  575
10 13 X   14  575
10 14 X   14  563
10 15 X   14  562
10 16 X   14  566
10 17 X   14  593
10 18 X   14  576
10 19 X   14  557
10 20 X   14  573
10 21 X   14  552
10 22 X   14  603
10 23 X   14  581
10 24 X   14  584
10 25 X   14  553
10 26 X   14  532
10 27 X   14  583
10 28 X   14  532
10 29 X   14  454
10 30 X   14  428
10 31 X   14  574
10  1 Y  -41  702
10  2 Y  -41  737
10  3 Y  -41  711
10  4 Y  -41  710
10  5 Y  -41  702
10  6 Y  -41  709
10  7 Y  -41  704
10  8 Y  -41  708
10  9 Y  -41  704
10 10 Y  -41  710
10 11 Y  -41  712
10 12 Y  -41  710
10 13 Y  -41  700
10 14 Y  -41  717
10 15 Y  -41  727
10 16 Y  -41  713
10 17 Y  -41  710
10 18 Y  -41  704
10 19 Y  -41  727
10 20 Y  -41  718
10 21 Y  -41  711
10 22 Y  -41  719
10 23 Y  -41  701
10 24 Y  -41  756
10 25 Y  -41  757
10 26 Y  -41  718
10 27 Y  -41  708
10 28 Y  -41  688
10 29 Y  -41  678
10 30 Y  -41  733
10 31 Y  -41  698
10  1 Z  558  521
10  2 Z  558  544
10  3 Z  558  550
10  4 Z  558  546
10  5 Z  558  538
10  6 Z  558  538
10  7 Z  558  526
10  8 Z  558  551
10  9 Z  558  554
10 10 Z  558  542
10 11 Z  558  539
10 12 Z  558  518
10 13 Z  558  516
10 14 Z  558  536
10 15 Z  558  557
10 16 Z  558  548
10 17 Z  558  562
10 18 Z  558  545
10 19 Z  558  557
10 20 Z  558  557
10 21 Z  558  567
10 22 Z  558  561
10 23 Z  558  549
10 24 Z  558  566
10 25 Z  558  585
10 26 Z  558  566
10 27 Z  558  560
10 28 Z  558  517
10 29 Z  558  836
10 30 Z  558  599
10 31 Z  558  665
11  1 X   14  567
11  2 X   14  565
11  3 X   14  574
11  4 X   14  589
11  5 X   14  564
11  6 X   14  560
11  7 X   14  587
11  8 X   14  570
11  9 X   14  566
11 10 X   14  568
11 11 X   14  559
11 12 X   14  574
11 13 X   14  556
11 14 X   14  585
11 15 X   14  566
11 16 X   14  568
11 17 X   14  584
11 18 X   14  579
11 19 X   14  589
11 20 X   14  481
11 21 X   14  583
11 22 X   14  530
11 23 X   14  590
11 24 X   14  571
11 25 X   14  582
11 26 X   14  575
11 27 X   14  586
11 28 X   14  589
11 29 X   14  587
11 30 X   14  553
11  1 Y  -41  708
11  2 Y  -41  726
11  3 Y  -41  685
11  4 Y  -41  712
11  5 Y  -41  707
11  6 Y  -41  693
11  7 Y  -41  715
11  8 Y  -41  698
11  9 Y  -41  728
11 10 Y  -41  698
11 11 Y  -41  741
11 12 Y  -41  718
11 13 Y  -41  735
11 14 Y  -41  714
11 15 Y  -41  734
11 16 Y  -41  714
11 17 Y  -41  716
11 18 Y  -41  715
11 19 Y  -41  722
11 20 Y  -41  771
11 21 Y  -41  725
11 22 Y  -41  701
11 23 Y  -41  704
11 24 Y  -41  715
11 25 Y  -41  713
11 26 Y  -41  707
11 27 Y  -41  710
11 28 Y  -41  718
11 29 Y  -41  709
11 30 Y  -41  717
11  1 Z  558  595
11  2 Z  558  585
11  3 Z  558  572
11  4 Z  558  600
11  5 Z  558  574
11  6 Z  558  556
11  7 Z  558  558
11  8 Z  558  530
11  9 Z  558  551
11 10 Z  558  553
11 11 Z  558  597
11 12 Z  558  590
11 13 Z  558  585
11 14 Z  558  581
11 15 Z  558  585
11 16 Z  558  595
11 17 Z  558  602
11 18 Z  558  576
11 19 Z  558  554
11 20 Z  558  614
11 21 Z  558  627
11 22 Z  558  571
11 23 Z  558  592
11 24 Z  558  575
11 25 Z  558  567
11 26 Z  558  557
11 27 Z  558  548
11 28 Z  558  552
11 29 Z  558  541
11 30 Z  558  545
12  1 X   14  590
12  2 X   14  592
12  3 X   14  574
12  4 X   14  583
12  5 X   14  566
12  6 X   14  575
12  7 X   14  568
12  8 X   14  576
12  9 X   14  572
12 10 X   14  555
12 11 X   14  574
12 12 X   14  582
12 13 X   14  573
12 14 X   14  562
12 15 X   14  587
12 16 X   14  588
12 17 X   14  591
12 18 X   14  597
12 19 X   14  595
12 20 X   14  569
12 21 X   14  580
12 22 X   14  580
12 23 X   14  577
12 24 X   14  582
12 25 X   14  590
12 26 X   14  593
12 27 X   14  586
12 28 X   14  586
12 29 X   14  587
12 30 X   14  584
12 31 X   14  567
12  1 Y  -41  705
12  2 Y  -41  709
12  3 Y  -41  712
12  4 Y  -41  707
12  5 Y  -41  733
12  6 Y  -41  717
12  7 Y  -41  715
12  8 Y  -41  709
12  9 Y  -41  728
12 10 Y  -41  732
12 11 Y  -41  723
12 12 Y  -41  704
12 13 Y  -41  716
12 14 Y  -41  711
12 15 Y  -41  723
12 16 Y  -41  714
12 17 Y  -41  706
12 18 Y  -41  709
12 19 Y  -41  709
12 20 Y  -41  721
12 21 Y  -41  711
12 22 Y  -41  716
12 23 Y  -41  717
12 24 Y  -41  712
12 25 Y  -41  718
12 26 Y  -41  707
12 27 Y  -41  700
12 28 Y  -41  726
12 29 Y  -41  720
12 30 Y  -41  712
12 31 Y  -41  715
12  1 Z  558  552
12  2 Z  558  556
12  3 Z  558  543
12  4 Z  558  541
12  5 Z  558  564
12  6 Z  558  561
12  7 Z  558  548
12  8 Z  558  570
12  9 Z  558  594
12 10 Z  558  601
12 11 Z  558  614
12 12 Z  558  574
12 13 Z  558  580
12 14 Z  558  577
12 15 Z  558  586
12 16 Z  558  552
12 17 Z  558  541
12 18 Z  558  539
12 19 Z  558  536
12 20 Z  558  543
12 21 Z  558  552
12 22 Z  558  559
12 23 Z  558  543
12 24 Z  558  537
12 25 Z  558  535
12 26 Z  558  539
12 27 Z  558  542
12 28 Z  558  547
12 29 Z  558  536
12 30 Z  558  536
12 31 Z  558  539
