 1  1 X  -20 4530
 1  2 X  -20 4537
 1  3 X  -19 4447
 1  4 X  -20 4537
 1  5 X  -20 4538
 1  6 X  -20 4530
 1  7 X  -20 4533
 1  8 X  -20 4534
 1  9 X  -20 4536
 1 10 X  -20 4536
 1 11 X  -20 4537
 1 12 X  -20 4538
 1 13 X  -19 4446
 1 14 X  -20 4542
 1 15 X  -20 4534
 1 16 X  -20 4530
 1 17 X  -20 4535
 1 18 X  -20 4533
 1 19 X  -20 4540
 1 20 X  -20 4535
 1 21 X  -20 4541
 1 22 X  -20 4508
 1 23 X  -20 4542
 1 24 X  -21 4584
 1 25 X  -19 4449
 1 26 X  -20 4532
 1 27 X  -19 4454
 1 28 X  -20 4530
 1 29 X  -20 4538
 1 30 X  -20 4522
 1 31 X  -19 4452
 1  1 Y  -77 4514
 1  2 Y  -77 4514
 1  3 Y  -77 4517
 1  4 Y  -77 4508
 1  5 Y  -77 4514
 1  6 Y  -77 4509
 1  7 Y  -77 4512
 1  8 Y  -77 4511
 1  9 Y  -77 4513
 1 10 Y  -77 4522
 1 11 Y  -77 4509
 1 12 Y  -77 4511
 1 13 Y  -77 4513
 1 14 Y  -77 4511
 1 15 Y  -77 4505
 1 16 Y  -77 4522
 1 17 Y  -77 4511
 1 18 Y  -77 4517
 1 19 Y  -77 4518
 1 20 Y  -77 4515
 1 21 Y  -77 4516
 1 22 Y  -77 4531
 1 23 Y  -77 4505
 1 24 Y  -75 4334
 1 25 Y  -77 4518
 1 26 Y  -77 4503
 1 27 Y  -77 4521
 1 28 Y  -77 4503
 1 29 Y  -77 4505
 1 30 Y  -77 4515
 1 31 Y  -77 4513
 1  1 Z  517 4542
 1  2 Z  517 4538
 1  3 Z  518 4461
 1  4 Z  518 4449
 1  5 Z  517 4542
 1  6 Z  517 4542
 1  7 Z  517 4548
 1  8 Z  517 4549
 1  9 Z  518 4450
 1 10 Z  518 4448
 1 11 Z  518 4450
 1 12 Z  517 4540
 1 13 Z  518 4448
 1 14 Z  517 4541
 1 15 Z  517 4541
 1 16 Z  518 4445
 1 17 Z  517 4546
 1 18 Z  517 4546
 1 19 Z  517 4543
 1 20 Z  517 4542
 1 21 Z  518 4452
 1 22 Z  518 4450
 1 23 Z  518 4481
 1 24 Z  520 4326
 1 25 Z  518 4460
 1 26 Z  517 4541
 1 27 Z  518 4460
 1 28 Z  517 4531
 1 29 Z  517 4542
 1 30 Z  518 4447
 1 31 Z  517 4541
 1  1 F  519 4489
 1  2 F  519 4485
 1  3 F  519 4509
 1  4 F  519 4496
 1  5 F  519 4489
 1  6 F  519 4489
 1  7 F  519 4495
 1  8 F  519 4496
 1  9 F  519 4497
 1 10 F  519 4495
 1 11 F  519 4497
 1 12 F  519 4488
 1 13 F  519 4496
 1 14 F  519 4488
 1 15 F  519 4489
 1 16 F  519 4492
 1 17 F  519 4494
 1 18 F  519 4493
 1 19 F  519 4490
 1 20 F  519 4490
 1 21 F  519 4500
 1 22 F  519 4495
 1 23 F  519 4529
 1 24 F  522 4269
 1 25 F  519 4508
 1 26 F  519 4489
 1 27 F  519 4507
 1 28 F  519 4478
 1 29 F  519 4490
 1 30 F  519 4494
 1 31 F  519 4489
 2  1 X  -19 4451
 2  2 X  -20 4545
 2  3 X  -20 4544
 2  4 X  -19 4447
 2  5 X  -20 4538
 2  6 X  -20 4530
 2  7 X  -20 4529
 2  8 X  -20 4538
 2  9 X  -20 4534
 2 10 X  -20 4542
 2 11 X  -19 4448
 2 12 X  -20 4545
 2 13 X  -20 4544
 2 14 X  -20 4527
 2 15 X  -20 4540
 2 16 X  -20 4549
 2 17 X  -19 4451
 2 18 X  -20 4540
 2 19 X  -19 4445
 2 20 X  -20 4543
 2 21 X  -20 4546
 2 22 X  -19 4455
 2 23 X  -20 4544
 2 24 X  -20 4552
 2 25 X  -20 4544
 2 26 X  -19 4456
 2 27 X  -20 4531
 2 28 X  -19 4447
 2 29 X  -19 4449
 2  1 Y  -77 4518
 2  2 Y  -77 4511
 2  3 Y  -77 4523
 2  4 Y  -77 4522
 2  5 Y  -77 4521
 2  6 Y  -77 4524
 2  7 Y  -77 4519
 2  8 Y  -77 4514
 2  9 Y  -77 4513
 2 10 Y  -77 4509
 2 11 Y  -77 4510
 2 12 Y  -77 4511
 2 13 Y  -77 4535
 2 14 Y  -77 4508
 2 15 Y  -77 4541
 2 16 Y  -77 4516
 2 17 Y  -77 4514
 2 18 Y  -77 4506
 2 19 Y  -77 4511
 2 20 Y  -77 4532
 2 21 Y  -77 4507
 2 22 Y  -77 4512
 2 23 Y  -77 4509
 2 24 Y  -77 4520
 2 25 Y  -76 4424
 2 26 Y  -77 4515
 2 27 Y  -77 4529
 2 28 Y  -77 4529
 2 29 Y  -77 4503
 2  1 Z  517 4545
 2  2 Z  517 4548
 2  3 Z  518 4453
 2  4 Z  518 4458
 2  5 Z  518 4456
 2  6 Z  518 4450
 2  7 Z  518 4459
 2  8 Z  518 4453
 2  9 Z  517 4540
 2 10 Z  517 4539
 2 11 Z  517 4539
 2 12 Z  517 4533
 2 13 Z  517 4547
 2 14 Z  517 4543
 2 15 Z  518 4476
 2 16 Z  517 4552
 2 17 Z  517 4543
 2 18 Z  518 4448
 2 19 Z  518 4467
 2 20 Z  518 4467
 2 21 Z  518 4460
 2 22 Z  518 4455
 2 23 Z  517 4542
 2 24 Z  517 4544
 2 25 Z  517 4535
 2 26 Z  517 4546
 2 27 Z  517 4540
 2 28 Z  518 4463
 2 29 Z  517 4545
 2  1 F  519 4493
 2  2 F  519 4496
 2  3 F  519 4500
 2  4 F  519 4506
 2  5 F  519 4503
 2  6 F  519 4496
 2  7 F  519 4505
 2  8 F  519 4500
 2  9 F  519 4487
 2 10 F  519 4486
 2 11 F  519 4487
 2 12 F  519 4481
 2 13 F  519 4493
 2 14 F  519 4491
 2 15 F  519 4522
 2 16 F  519 4500
 2 17 F  519 4491
 2 18 F  519 4496
 2 19 F  519 4515
 2 20 F  519 4514
 2 21 F  519 4508
 2 22 F  519 4503
 2 23 F  519 4490
 2 24 F  519 4491
 2 25 F  519 4482
 2 26 F  519 4494
 2 27 F  519 4486
 2 28 F  519 4510
 2 29 F  519 4493
 3  1 X  -20 4530
 3  2 X  -20 4550
 3  3 X  -20 4540
 3  4 X  -20 4543
 3  5 X  -20 4545
 3  6 X  -19 4449
 3  7 X  -19 4448
 3  8 X  -22 4686
 3  9 X  -19 4500
 3 10 X  -19 4464
 3 11 X  -20 4550
 3 12 X  -19 4464
 3 13 X  -20 4540
 3 14 X  -20 4533
 3 15 X  -21 4618
 3 16 X  -20 4530
 3 17 X  -20 4537
 3 18 X  -20 4550
 3 19 X  -20 4543
 3 20 X  -20 4552
 3 21 X  -20 4545
 3 22 X  -20 4544
 3 23 X  -19 4462
 3 24 X  -19 4464
 3 25 X  -19 4467
 3 26 X  -19 4460
 3 27 X  -20 4539
 3 28 X  -19 4466
 3 29 X  -20 4542
 3 30 X  -19 4454
 3 31 X  -19 4456
 3  1 Y  -77 4531
 3  2 Y  -77 4526
 3  3 Y  -77 4518
 3  4 Y  -77 4521
 3  5 Y  -77 4510
 3  6 Y  -76 4417
 3  7 Y  -76 4427
 3  8 Y  -76 4485
 3  9 Y  -77 4534
 3 10 Y  -77 4503
 3 11 Y  -77 4512
 3 12 Y  -76 4440
 3 13 Y  -77 4527
 3 14 Y  -76 4441
 3 15 Y  -76 4412
 3 16 Y  -77 4522
 3 17 Y  -77 4516
 3 18 Y  -77 4514
 3 19 Y  -77 4526
 3 20 Y  -77 4512
 3 21 Y  -77 4524
 3 22 Y  -77 4505
 3 23 Y  -77 4513
 3 24 Y  -77 4520
 3 25 Y  -77 4519
 3 26 Y  -77 4518
 3 27 Y  -77 4534
 3 28 Y  -77 4514
 3 29 Y  -77 4512
 3 30 Y  -77 4526
 3 31 Y  -77 4506
 3  1 Z  517 4551
 3  2 Z  518 4468
 3  3 Z  518 4461
 3  4 Z  518 4457
 3  5 Z  518 4459
 3  6 Z  518 4469
 3  7 Z  517 4518
 3  8 Z  518 4428
 3  9 Z  519 4391
 3 10 Z  518 4463
 3 11 Z  517 4533
 3 12 Z  518 4450
 3 13 Z  518 4484
 3 14 Z  518 4493
 3 15 Z  518 4470
 3 16 Z  518 4501
 3 17 Z  518 4474
 3 18 Z  518 4476
 3 19 Z  518 4482
 3 20 Z  518 4460
 3 21 Z  518 4465
 3 22 Z  518 4451
 3 23 Z  517 4532
 3 24 Z  518 4439
 3 25 Z  517 4548
 3 26 Z  517 4532
 3 27 Z  518 4454
 3 28 Z  518 4456
 3 29 Z  517 4544
 3 30 Z  518 4457
 3 31 Z  517 4547
 3  1 F  519 4497
 3  2 F  519 4515
 3  3 F  519 4508
 3  4 F  519 4504
 3  5 F  519 4507
 3  6 F  519 4516
 3  7 F  519 4465
 3  8 F  519 4469
 3  9 F  520 4440
 3 10 F  519 4512
 3 11 F  518 4581
 3 12 F  519 4497
 3 13 F  519 4531
 3 14 F  520 4438
 3 15 F  519 4517
 3 16 F  519 4547
 3 17 F  519 4521
 3 18 F  519 4524
 3 19 F  519 4528
 3 20 F  519 4508
 3 21 F  519 4512
 3 22 F  519 4499
 3 23 F  519 4481
 3 24 F  519 4487
 3 25 F  519 4497
 3 26 F  519 4481
 3 27 F  519 4500
 3 28 F  519 4504
 3 29 F  519 4492
 3 30 F  519 4504
 3 31 F  519 4496
 4  1 X  -20 4552
 4  2 X  -19 4449
 4  3 X  -19 4463
 4  4 X  -20 4556
 4  5 X  -19 4495
 4  6 X  -20 4556
 4  7 X  -19 4492
 4  8 X  -19 4464
 4  9 X  -19 4460
 4 10 X  -19 4458
 4 11 X  -20 4542
 4 12 X  -20 4527
 4 13 X  -19 4446
 4 14 X  -19 4465
 4 15 X  -20 4556
 4 16 X  -19 4464
 4 17 X  -20 4554
 4 18 X  -19 4469
 4 19 X  -20 4543
 4 20 X  -19 4495
 4 21 X  -20 4516
 4 22 X  -19 4464
 4 23 X  -20 4519
 4 24 X  -20 4552
 4 25 X  -20 4551
 4 26 X  -19 4478
 4 27 X  -20 4577
 4 28 X  -20 4546
 4 29 X  -19 4454
 4 30 X  -20 4544
 4  1 Y  -77 4536
 4  2 Y  -77 4523
 4  3 Y  -77 4519
 4  4 Y  -77 4523
 4  5 Y  -77 4531
 4  6 Y  -77 4491
 4  7 Y  -77 4503
 4  8 Y  -77 4518
 4  9 Y  -77 4511
 4 10 Y  -77 4517
 4 11 Y  -76 4438
 4 12 Y  -77 4530
 4 13 Y  -77 4522
 4 14 Y  -77 4523
 4 15 Y  -77 4537
 4 16 Y  -77 4525
 4 17 Y  -77 4536
 4 18 Y  -77 4519
 4 19 Y  -77 4522
 4 20 Y  -77 4517
 4 21 Y  -77 4526
 4 22 Y  -77 4514
 4 23 Y  -77 4528
 4 24 Y  -78 4593
 4 25 Y  -77 4543
 4 26 Y  -77 4539
 4 27 Y  -77 4524
 4 28 Y  -77 4554
 4 29 Y  -77 4529
 4 30 Y  -77 4533
 4  1 Z  517 4532
 4  2 Z  518 4460
 4  3 Z  518 4457
 4  4 Z  517 4541
 4  5 Z  518 4452
 4  6 Z  517 4517
 4  7 Z  517 4526
 4  8 Z  517 4531
 4  9 Z  517 4526
 4 10 Z  517 4540
 4 11 Z  518 4484
 4 12 Z  517 4544
 4 13 Z  518 4454
 4 14 Z  518 4455
 4 15 Z  518 4452
 4 16 Z  517 4533
 4 17 Z  518 4449
 4 18 Z  517 4534
 4 19 Z  517 4549
 4 20 Z  517 4506
 4 21 Z  517 4548
 4 22 Z  517 4536
 4 23 Z  517 4512
 4 24 Z  518 4467
 4 25 Z  518 4450
 4 26 Z  517 4521
 4 27 Z  517 4520
 4 28 Z  518 4447
 4 29 Z  518 4460
 4 30 Z  518 4467
 4  1 F  519 4479
 4  2 F  519 4507
 4  3 F  519 4506
 4  4 F  519 4489
 4  5 F  519 4501
 4  6 F  519 4467
 4  7 F  519 4476
 4  8 F  519 4480
 4  9 F  519 4474
 4 10 F  519 4489
 4 11 F  519 4530
 4 12 F  519 4490
 4 13 F  519 4501
 4 14 F  519 4503
 4 15 F  519 4499
 4 16 F  519 4481
 4 17 F  519 4496
 4 18 F  519 4482
 4 19 F  519 4496
 4 20 F  518 4555
 4 21 F  519 4493
 4 22 F  519 4484
 4 23 F  518 4558
 4 24 F  519 4516
 4 25 F  519 4496
 4 26 F  518 4569
 4 27 F  518 4568
 4 28 F  519 4492
 4 29 F  519 4508
 4 30 F  519 4513
 5  1 X  -20 4548
 5  2 X  -19 4468
 5  3 X  -19 4505
 5  4 X  -19 4506
 5  5 X  -19 4492
 5  6 X  -19 4534
 5  7 X  -19 4494
 5  8 X  -20 4555
 5  9 X  -20 4537
 5 10 X  -20 4546
 5 11 X  -20 4545
 5 12 X  -20 4557
 5 13 X  -19 4492
 5 14 X  -19 4451
 5 15 X  -20 4540
 5 16 X  -20 4554
 5 17 X  -20 4513
 5 18 X  -19 4516
 5 19 X  -19 4480
 5 20 X  -19 4513
 5 21 X  -19 4473
 5 22 X  -19 4458
 5 23 X  -19 4472
 5 24 X  -19 4485
 5 25 X  -19 4484
 5 26 X  -19 4487
 5 27 X  -20 4561
 5 28 X  -20 4566
 5 29 X  -19 4512
 5 30 X  -19 4544
 5 31 X  -19 4528
 5  1 Y  -77 4526
 5  2 Y  -77 4526
 5  3 Y  -77 4512
 5  4 Y  -77 4506
 5  5 Y  -77 4515
 5  6 Y  -77 4492
 5  7 Y  -77 4511
 5  8 Y  -77 4506
 5  9 Y  -77 4519
 5 10 Y  -77 4548
 5 11 Y  -77 4536
 5 12 Y  -77 4528
 5 13 Y  -77 4520
 5 14 Y  -77 4531
 5 15 Y  -76 4432
 5 16 Y  -77 4532
 5 17 Y  -77 4528
 5 18 Y  -77 4505
 5 19 Y  -77 4518
 5 20 Y  -77 4523
 5 21 Y  -77 4518
 5 22 Y  -76 4459
 5 23 Y  -77 4525
 5 24 Y  -76 4448
 5 25 Y  -76 4457
 5 26 Y  -77 4496
 5 27 Y  -77 4536
 5 28 Y  -76 4447
 5 29 Y  -77 4493
 5 30 Y  -77 4513
 5 31 Y  -77 4522
 5  1 Z  518 4454
 5  2 Z  517 4527
 5  3 Z  517 4503
 5  4 Z  516 4566
 5  5 Z  517 4489
 5  6 Z  516 4570
 5  7 Z  517 4504
 5  8 Z  517 4530
 5  9 Z  517 4537
 5 10 Z  518 4460
 5 11 Z  518 4457
 5 12 Z  517 4535
 5 13 Z  516 4602
 5 14 Z  517 4542
 5 15 Z  518 4450
 5 16 Z  517 4487
 5 17 Z  518 4508
 5 18 Z  516 4554
 5 19 Z  517 4500
 5 20 Z  517 4499
 5 21 Z  517 4509
 5 22 Z  518 4503
 5 23 Z  517 4533
 5 24 Z  518 4470
 5 25 Z  517 4524
 5 26 Z  517 4520
 5 27 Z  518 4454
 5 28 Z  518 4448
 5 29 Z  516 4561
 5 30 Z  516 4522
 5 31 Z  516 4559
 5  1 F  519 4502
 5  2 F  519 4475
 5  3 F  518 4554
 5  4 F  518 4518
 5  5 F  518 4539
 5  6 F  518 4523
 5  7 F  519 4454
 5  8 F  519 4478
 5  9 F  519 4484
 5 10 F  519 4505
 5 11 F  519 4504
 5 12 F  518 4582
 5 13 F  518 4551
 5 14 F  519 4489
 5 15 F  519 4496
 5 16 F  518 4534
 5 17 F  520 4454
 5 18 F  518 4506
 5 19 F  518 4549
 5 20 F  518 4549
 5 21 F  518 4557
 5 22 F  520 4448
 5 23 F  519 4481
 5 24 F  519 4518
 5 25 F  519 4472
 5 26 F  519 4471
 5 27 F  519 4501
 5 28 F  519 4495
 5 29 F  517 4613
 5 30 F  517 4575
 5 31 F  518 4511
 6  1 X  -20 4563
 6  2 X  -19 4477
 6  3 X  -19 4510
 6  4 X  -19 4463
 6  5 X  -19 4454
 6  6 X  -20 4563
 6  7 X  -20 4556
 6  8 X  -20 4543
 6  9 X  -20 4529
 6 10 X  -20 4546
 6 11 X  -19 4478
 6 12 X  -19 4574
 6 13 X  -19 4520
 6 14 X  -19 4532
 6 15 X  -19 4508
 6 16 X  -19 4532
 6 17 X  -19 4555
 6 18 X  -19 4504
 6 19 X  -19 4461
 6 20 X  -19 4470
 6 21 X  -20 4507
 6 22 X  -19 4473
 6 23 X  -20 4553
 6 24 X  -19 4533
 6 25 X  -19 4549
 6 26 X  -19 4533
 6 27 X  -19 4510
 6 28 X  -19 4521
 6 29 X  -20 4559
 6 30 X  -19 4460
 6  1 Y  -77 4513
 6  2 Y  -77 4529
 6  3 Y  -76 4463
 6  4 Y  -76 4438
 6  5 Y  -76 4461
 6  6 Y  -77 4540
 6  7 Y  -76 4438
 6  8 Y  -77 4521
 6  9 Y  -76 4454
 6 10 Y  -76 4470
 6 11 Y  -76 4444
 6 12 Y  -77 4494
 6 13 Y  -77 4513
 6 14 Y  -77 4518
 6 15 Y  -77 4515
 6 16 Y  -77 4520
 6 17 Y  -76 4444
 6 18 Y  -77 4523
 6 19 Y  -76 4446
 6 20 Y  -77 4515
 6 21 Y  -77 4536
 6 22 Y  -76 4440
 6 23 Y  -77 4522
 6 24 Y  -77 4501
 6 25 Y  -77 4517
 6 26 Y  -77 4489
 6 27 Y  -76 4432
 6 28 Y  -77 4526
 6 29 Y  -77 4521
 6 30 Y  -75 4338
 6  1 Z  517 4529
 6  2 Z  516 4572
 6  3 Z  517 4487
 6  4 Z  519 4378
 6  5 Z  518 4452
 6  6 Z  518 4437
 6  7 Z  517 4538
 6  8 Z  518 4465
 6  9 Z  518 4486
 6 10 Z  518 4482
 6 11 Z  518 4437
 6 12 Z  515 4613
 6 13 Z  516 4579
 6 14 Z  516 4569
 6 15 Z  516 4563
 6 16 Z  515 4593
 6 17 Z  516 4522
 6 18 Z  517 4505
 6 19 Z  518 4445
 6 20 Z  517 4538
 6 21 Z  518 4460
 6 22 Z  518 4477
 6 23 Z  517 4524
 6 24 Z  516 4562
 6 25 Z  515 4628
 6 26 Z  517 4466
 6 27 Z  517 4486
 6 28 Z  517 4509
 6 29 Z  517 4486
 6 30 Z  518 4444
 6  1 F  519 4478
 6  2 F  518 4520
 6  3 F  519 4435
 6  4 F  520 4425
 6  5 F  519 4498
 6  6 F  519 4484
 6  7 F  519 4484
 6  8 F  519 4512
 6  9 F  519 4531
 6 10 F  519 4527
 6 11 F  519 4484
 6 12 F  517 4568
 6 13 F  518 4530
 6 14 F  518 4521
 6 15 F  518 4513
 6 16 F  517 4545
 6 17 F  518 4474
 6 18 F  519 4455
 6 19 F  519 4492
 6 20 F  519 4487
 6 21 F  519 4504
 6 22 F  519 4524
 6 23 F  519 4472
 6 24 F  518 4515
 6 25 F  517 4581
 6 26 F  518 4519
 6 27 F  518 4536
 6 28 F  519 4460
 6 29 F  518 4534
 6 30 F  519 4491
 7  1 X  -19 4463
 7  2 X  -19 4484
 7  3 X  -19 4488
 7  4 X  -19 4494
 7  5 X  -19 4542
 7  6 X  -20 4536
 7  7 X  -19 4515
 7  8 X  -20 4556
 7  9 X  -19 4496
 7 10 X  -19 4554
 7 11 X  -19 4538
 7 12 X  -19 4478
 7 13 X  -19 4496
 7 14 X  -20 4521
 7 15 X  -19 4503
 7 16 X  -19 4489
 7 17 X  -19 4468
 7 18 X  -20 4513
 7 19 X  -19 4475
 7 20 X  -19 4465
 7 21 X  -19 4469
 7 22 X  -19 4481
 7 23 X  -19 4502
 7 24 X  -19 4529
 7 25 X  -19 4525
 7 26 X  -19 4504
 7 27 X  -19 4493
 7 28 X  -19 4495
 7 29 X  -19 4460
 7 30 X  -19 4484
 7 31 X  -20 4560
 7  1 Y  -77 4541
 7  2 Y  -76 4456
 7  3 Y  -76 4443
 7  4 Y  -77 4504
 7  5 Y  -78 4593
 7  6 Y  -77 4524
 7  7 Y  -77 4519
 7  8 Y  -77 4521
 7  9 Y  -76 4420
 7 10 Y  -77 4502
 7 11 Y  -77 4480
 7 12 Y  -77 4543
 7 13 Y  -77 4536
 7 14 Y  -77 4536
 7 15 Y  -76 4455
 7 16 Y  -76 4453
 7 17 Y  -77 4511
 7 18 Y  -76 4471
 7 19 Y  -76 4444
 7 20 Y  -76 4455
 7 21 Y  -76 4440
 7 22 Y  -77 4529
 7 23 Y  -76 4441
 7 24 Y  -76 4416
 7 25 Y  -77 4515
 7 26 Y  -77 4519
 7 27 Y  -77 4530
 7 28 Y  -76 4440
 7 29 Y  -77 4539
 7 30 Y  -76 4462
 7 31 Y  -77 4539
 7  1 Z  518 4456
 7  2 Z  517 4516
 7  3 Z  517 4550
 7  4 Z  517 4525
 7  5 Z  516 4569
 7  6 Z  517 4522
 7  7 Z  517 4492
 7  8 Z  517 4515
 7  9 Z  517 4512
 7 10 Z  516 4528
 7 11 Z  515 4619
 7 12 Z  518 4462
 7 13 Z  517 4502
 7 14 Z  516 4582
 7 15 Z  517 4496
 7 16 Z  518 4445
 7 17 Z  518 4478
 7 18 Z  518 4498
 7 19 Z  518 4470
 7 20 Z  518 4446
 7 21 Z  518 4475
 7 22 Z  518 4464
 7 23 Z  517 4478
 7 24 Z  516 4565
 7 25 Z  516 4563
 7 26 Z  517 4520
 7 27 Z  517 4516
 7 28 Z  516 4546
 7 29 Z  518 4458
 7 30 Z  517 4514
 7 31 Z  518 4461
 7  1 F  519 4504
 7  2 F  519 4463
 7  3 F  519 4498
 7  4 F  518 4576
 7  5 F  517 4623
 7  6 F  519 4469
 7  7 F  519 4442
 7  8 F  518 4563
 7  9 F  519 4463
 7 10 F  517 4582
 7 11 F  517 4573
 7 12 F  519 4510
 7 13 F  518 4551
 7 14 F  517 4628
 7 15 F  518 4545
 7 16 F  519 4493
 7 17 F  519 4527
 7 18 F  519 4541
 7 19 F  519 4517
 7 20 F  519 4492
 7 21 F  519 4522
 7 22 F  520 4413
 7 23 F  518 4527
 7 24 F  518 4516
 7 25 F  518 4515
 7 26 F  519 4471
 7 27 F  519 4465
 7 28 F  518 4494
 7 29 F  519 4505
 7 30 F  518 4561
 7 31 F  519 4508
 8  1 X  -19 4479
 8  2 X  -20 4538
 8  3 X  -19 4494
 8  4 X  -20 4565
 8  5 X  -19 4470
 8  6 X  -19 4507
 8  7 X  -19 4483
 8  8 X  -19 4492
 8  9 X  -19 4542
 8 10 X  -19 4520
 8 11 X  -19 4501
 8 12 X  -19 4472
 8 13 X  -20 4553
 8 14 X  -19 4475
 8 15 X  -19 4490
 8 16 X  -20 4556
 8 17 X  -19 4498
 8 18 X  -19 4480
 8 19 X  -19 4521
 8 20 X  -19 4489
 8 21 X  -19 4491
 8 22 X  -19 4509
 8 23 X  -19 4513
 8 24 X  -19 4496
 8 25 X  -19 4475
 8 26 X  -20 4557
 8 27 X  -19 4468
 8 28 X  -19 4476
 8 29 X  -19 4474
 8 30 X  -19 4472
 8 31 X  -19 4478
 8  1 Y  -76 4441
 8  2 Y  -76 4460
 8  3 Y  -77 4515
 8  4 Y  -76 4451
 8  5 Y  -77 4544
 8  6 Y  -77 4526
 8  7 Y  -77 4521
 8  8 Y  -77 4510
 8  9 Y  -77 4518
 8 10 Y  -77 4520
 8 11 Y  -77 4536
 8 12 Y  -77 4548
 8 13 Y  -76 4451
 8 14 Y  -76 4443
 8 15 Y  -76 4444
 8 16 Y  -76 4450
 8 17 Y  -77 4519
 8 18 Y  -77 4539
 8 19 Y  -77 4539
 8 20 Y  -77 4537
 8 21 Y  -77 4542
 8 22 Y  -77 4509
 8 23 Y  -76 4450
 8 24 Y  -77 4536
 8 25 Y  -77 4546
 8 26 Y  -76 4469
 8 27 Y  -77 4541
 8 28 Y  -77 4541
 8 29 Y  -76 4448
 8 30 Y  -77 4536
 8 31 Y  -77 4535
 8  1 Z  517 4535
 8  2 Z  519 4362
 8  3 Z  517 4533
 8  4 Z  517 4545
 8  5 Z  517 4516
 8  6 Z  517 4494
 8  7 Z  517 4498
 8  8 Z  518 4437
 8  9 Z  517 4484
 8 10 Z  517 4468
 8 11 Z  516 4543
 8 12 Z  517 4508
 8 13 Z  517 4529
 8 14 Z  518 4477
 8 15 Z  517 4542
 8 16 Z  518 4424
 8 17 Z  517 4536
 8 18 Z  518 4461
 8 19 Z  516 4590
 8 20 Z  516 4591
 8 21 Z  517 4503
 8 22 Z  516 4564
 8 23 Z  517 4488
 8 24 Z  517 4506
 8 25 Z  517 4539
 8 26 Z  518 4454
 8 27 Z  518 4446
 8 28 Z  518 4446
 8 29 Z  517 4540
 8 30 Z  517 4536
 8 31 Z  517 4537
 8  1 F  519 4483
 8  2 F  520 4407
 8  3 F  519 4483
 8  4 F  519 4491
 8  5 F  519 4464
 8  6 F  518 4544
 8  7 F  519 4447
 8  8 F  519 4487
 8  9 F  518 4535
 8 10 F  518 4519
 8 11 F  518 4492
 8 12 F  518 4555
 8 13 F  518 4575
 8 14 F  519 4524
 8 15 F  519 4490
 8 16 F  519 4471
 8 17 F  519 4486
 8 18 F  519 4509
 8 19 F  518 4540
 8 20 F  518 4539
 8 21 F  519 4452
 8 22 F  518 4516
 8 23 F  518 4536
 8 24 F  518 4555
 8 25 F  519 4486
 8 26 F  519 4499
 8 27 F  519 4493
 8 28 F  519 4493
 8 29 F  519 4487
 8 30 F  519 4483
 8 31 F  519 4485
 9  1 X  -19 4517
 9  2 X  -19 4501
 9  3 X  -19 4512
 9  4 X  -18 4414
 9  5 X  -19 4520
 9  6 X  -20 4534
 9  7 X  -19 4490
 9  8 X  -19 4506
 9  9 X  -19 4499
 9 10 X  -19 4483
 9 11 X  -19 4487
 9 12 X  -19 4497
 9 13 X  -19 4481
 9 14 X  -19 4481
 9 15 X  -19 4478
 9 16 X  -19 4484
 9 17 X  -19 4493
 9 18 X  -19 4510
 9 19 X  -19 4477
 9 20 X  -19 4481
 9 21 X  -19 4480
 9 22 X  -19 4485
 9 23 X  -19 4483
 9 24 X  -19 4484
 9 25 X  -19 4488
 9 26 X  -19 4470
 9 27 X  -19 4490
 9 28 X  -19 4482
 9 29 X  -19 4488
 9 30 X  -20 4569
 9  1 Y  -77 4521
 9  2 Y  -77 4539
 9  3 Y  -76 4474
 9  4 Y  -77 4501
 9  5 Y  -77 4516
 9  6 Y  -77 4554
 9  7 Y  -76 4449
 9  8 Y  -77 4543
 9  9 Y  -77 4530
 9 10 Y  -77 4539
 9 11 Y  -76 4445
 9 12 Y  -77 4536
 9 13 Y  -76 4443
 9 14 Y  -77 4543
 9 15 Y  -77 4543
 9 16 Y  -77 4537
 9 17 Y  -77 4528
 9 18 Y  -76 4438
 9 19 Y  -77 4534
 9 20 Y  -77 4534
 9 21 Y  -76 4445
 9 22 Y  -77 4540
 9 23 Y  -77 4535
 9 24 Y  -77 4536
 9 25 Y  -77 4543
 9 26 Y  -76 4454
 9 27 Y  -77 4533
 9 28 Y  -77 4538
 9 29 Y  -77 4533
 9 30 Y  -77 4529
 9  1 Z  516 4543
 9  2 Z  517 4493
 9  3 Z  517 4498
 9  4 Z  516 4566
 9  5 Z  517 4497
 9  6 Z  518 4467
 9  7 Z  518 4447
 9  8 Z  517 4509
 9  9 Z  517 4495
 9 10 Z  517 4527
 9 11 Z  517 4527
 9 12 Z  517 4514
 9 13 Z  517 4536
 9 14 Z  517 4540
 9 15 Z  518 4447
 9 16 Z  517 4545
 9 17 Z  517 4513
 9 18 Z  517 4520
 9 19 Z  517 4492
 9 20 Z  518 4447
 9 21 Z  517 4540
 9 22 Z  517 4540
 9 23 Z  518 4437
 9 24 Z  517 4520
 9 25 Z  517 4544
 9 26 Z  518 4440
 9 27 Z  517 4530
 9 28 Z  517 4538
 9 29 Z  517 4507
 9 30 Z  517 4512
 9  1 F  518 4494
 9  2 F  518 4542
 9  3 F  518 4545
 9  4 F  518 4518
 9  5 F  518 4548
 9  6 F  519 4512
 9  7 F  519 4494
 9  8 F  518 4558
 9  9 F  518 4544
 9 10 F  519 4475
 9 11 F  519 4474
 9 12 F  518 4562
 9 13 F  519 4484
 9 14 F  519 4487
 9 15 F  519 4495
 9 16 F  519 4493
 9 17 F  518 4562
 9 18 F  519 4469
 9 19 F  518 4541
 9 20 F  519 4495
 9 21 F  519 4487
 9 22 F  519 4488
 9 23 F  519 4485
 9 24 F  519 4469
 9 25 F  519 4492
 9 26 F  519 4486
 9 27 F  519 4478
 9 28 F  519 4486
 9 29 F  519 4456
 9 30 F  518 4560
10  1 X  -19 4527
10  2 X  -19 4488
10  3 X  -19 4494
10  4 X  -19 4495
10  5 X  -19 4488
10  6 X  -19 4499
10  7 X  -19 4490
10  8 X  -19 4506
10  9 X  -19 4505
10 10 X  -20 4576
10 11 X  -19 4492
10 12 X  -19 4490
10 13 X  -19 4488
10 14 X  -19 4490
10 15 X  -19 4501
10 16 X  -19 4494
10 17 X  -19 4498
10 18 X  -19 4481
10 19 X  -19 4492
10 20 X  -19 4487
10 21 X  -19 4489
10 22 X  -19 4490
10 23 X  -19 4494
10 24 X  -19 4494
10 25 X  -19 4498
10 26 X  -19 4493
10 27 X  -19 4502
10 28 X  -19 4497
10 29 X  -19 4501
10 30 X  -19 4500
10 31 X  -19 4490
10  1 Y  -77 4523
10  2 Y  -76 4442
10  3 Y  -77 4528
10  4 Y  -77 4541
10  5 Y  -77 4539
10  6 Y  -76 4447
10  7 Y  -77 4517
10  8 Y  -76 4444
10  9 Y  -77 4531
10 10 Y  -76 4452
10 11 Y  -77 4542
10 12 Y  -77 4550
10 13 Y  -76 4452
10 14 Y  -77 4533
10 15 Y  -77 4533
10 16 Y  -77 4542
10 17 Y  -77 4538
10 18 Y  -77 4540
10 19 Y  -77 4534
10 20 Y  -77 4542
10 21 Y  -77 4538
10 22 Y  -77 4537
10 23 Y  -76 4447
10 24 Y  -76 4443
10 25 Y  -77 4535
10 26 Y  -77 4538
10 27 Y  -77 4540
10 28 Y  -77 4543
10 29 Y  -77 4536
10 30 Y  -77 4539
10 31 Y  -77 4543
10  1 Z  517 4538
10  2 Z  517 4539
10  3 Z  517 4534
10  4 Z  517 4533
10  5 Z  517 4521
10  6 Z  517 4514
10  7 Z  517 4500
10  8 Z  518 4461
10  9 Z  518 4516
10 10 Z  518 4465
10 11 Z  518 4453
10 12 Z  518 4472
10 13 Z  518 4479
10 14 Z  518 4468
10 15 Z  517 4545
10 16 Z  517 4533
10 17 Z  518 4461
10 18 Z  518 4452
10 19 Z  518 4447
10 20 Z  518 4445
10 21 Z  518 4445
10 22 Z  517 4540
10 23 Z  517 4530
10 24 Z  517 4528
10 25 Z  517 4530
10 26 Z  517 4529
10 27 Z  517 4534
10 28 Z  517 4529
10 29 Z  517 4532
10 30 Z  517 4536
10 31 Z  517 4533
10  1 F  519 4489
10  2 F  519 4487
10  3 F  519 4483
10  4 F  519 4482
10  5 F  519 4469
10  6 F  518 4562
10  7 F  518 4549
10  8 F  519 4510
10  9 F  520 4465
10 10 F  519 4512
10 11 F  519 4501
10 12 F  519 4519
10 13 F  519 4527
10 14 F  519 4517
10 15 F  519 4494
10 16 F  519 4482
10 17 F  519 4509
10 18 F  519 4500
10 19 F  519 4496
10 20 F  519 4493
10 21 F  519 4494
10 22 F  519 4488
10 23 F  519 4478
10 24 F  519 4477
10 25 F  519 4479
10 26 F  519 4477
10 27 F  519 4483
10 28 F  519 4477
10 29 F  519 4481
10 30 F  519 4485
10 31 F  519 4481
11  1 X  -19 4469
11  2 X  -19 4492
11  3 X  -19 4490
11  4 X  -19 4499
11  5 X  -19 4487
11  6 X  -19 4494
11  7 X  -19 4483
11  8 X  -19 4500
11  9 X  -19 4500
11 10 X  -19 4496
11 11 X  -19 4501
11 12 X  -19 4491
11 13 X  -19 4475
11 14 X  -19 4534
11 15 X  -19 4497
11 16 X  -19 4489
11 17 X  -19 4492
11 18 X  -19 4502
11 19 X  -19 4501
11 20 X  -19 4483
11 21 X  -19 4503
11 22 X  -19 4500
11 23 X  -19 4496
11 24 X  -19 4519
11 25 X  -19 4495
11 26 X  -19 4499
11 27 X  -19 4503
11 28 X  -19 4501
11 29 X  -19 4501
11 30 X  -19 4504
11  1 Y  -76 4474
11  2 Y  -77 4531
11  3 Y  -77 4537
11  4 Y  -77 4540
11  5 Y  -77 4546
11  6 Y  -77 4541
11  7 Y  -77 4533
11  8 Y  -77 4539
11  9 Y  -77 4541
11 10 Y  -77 4537
11 11 Y  -77 4543
11 12 Y  -77 4529
11 13 Y  -77 4520
11 14 Y  -76 4451
11 15 Y  -77 4536
11 16 Y  -76 4446
11 17 Y  -77 4537
11 18 Y  -77 4539
11 19 Y  -77 4544
11 20 Y  -76 4443
11 21 Y  -77 4536
11 22 Y  -77 4539
11 23 Y  -77 4532
11 24 Y  -77 4548
11 25 Y  -77 4546
11 26 Y  -77 4541
11 27 Y  -77 4544
11 28 Y  -77 4538
11 29 Y  -77 4542
11 30 Y  -77 4543
11  1 Z  518 4455
11  2 Z  517 4544
11  3 Z  517 4530
11  4 Z  517 4532
11  5 Z  517 4527
11  6 Z  517 4527
11  7 Z  517 4533
11  8 Z  517 4532
11  9 Z  517 4531
11 10 Z  517 4527
11 11 Z  517 4528
11 12 Z  517 4525
11 13 Z  517 4524
11 14 Z  518 4492
11 15 Z  517 4544
11 16 Z  517 4546
11 17 Z  517 4534
11 18 Z  517 4537
11 19 Z  517 4534
11 20 Z  518 4448
11 21 Z  518 4451
11 22 Z  517 4532
11 23 Z  517 4534
11 24 Z  518 4462
11 25 Z  517 4535
11 26 Z  517 4538
11 27 Z  517 4532
11 28 Z  517 4531
11 29 Z  517 4530
11 30 Z  517 4526
11  1 F  519 4501
11  2 F  519 4493
11  3 F  519 4478
11  4 F  519 4481
11  5 F  519 4475
11  6 F  519 4475
11  7 F  519 4482
11  8 F  519 4481
11  9 F  519 4480
11 10 F  519 4476
11 11 F  519 4477
11 12 F  519 4474
11 13 F  519 4473
11 14 F  520 4441
11 15 F  519 4492
11 16 F  519 4494
11 17 F  519 4483
11 18 F  519 4486
11 19 F  519 4482
11 20 F  519 4496
11 21 F  519 4500
11 22 F  519 4480
11 23 F  519 4483
11 24 F  519 4511
11 25 F  519 4483
11 26 F  519 4486
11 27 F  519 4481
11 28 F  519 4480
11 29 F  519 4479
11 30 F  519 4474
12  1 X  -19 4498
12  2 X  -19 4508
12  3 X  -19 4504
12  4 X  -19 4507
12  5 X  -19 4502
12  6 X  -19 4504
12  7 X  -19 4504
12  8 X  -19 4505
12  9 X  -19 4493
12 10 X  -19 4510
12 11 X  -19 4507
12 12 X  -19 4502
12 13 X  -19 4504
12 14 X  -19 4501
12 15 X  -19 4507
12 16 X  -19 4511
12 17 X  -19 4509
12 18 X  -19 4508
12 19 X  -19 4508
12 20 X  -19 4501
12 21 X  -19 4509
12 22 X  -19 4511
12 23 X  -19 4500
12 24 X  -19 4500
12 25 X  -19 4503
12 26 X  -19 4512
12 27 X  -19 4508
12 28 X  -19 4504
12 29 X  -19 4511
12 30 X  -19 4504
12 31 X  -19 4509
12  1 Y  -77 4535
12  2 Y  -76 4450
12  3 Y  -77 4545
12  4 Y  -77 4540
12  5 Y  -77 4542
12  6 Y  -77 4542
12  7 Y  -77 4543
12  8 Y  -77 4543
12  9 Y  -77 4541
12 10 Y  -77 4543
12 11 Y  -77 4541
12 12 Y  -77 4544
12 13 Y  -77 4540
12 14 Y  -77 4539
12 15 Y  -76 4444
12 16 Y  -76 4455
12 17 Y  -76 4458
12 18 Y  -76 4453
12 19 Y  -77 4546
12 20 Y  -76 4457
12 21 Y  -77 4544
12 22 Y  -76 4446
12 23 Y  -76 4449
12 24 Y  -77 4544
12 25 Y  -76 4447
12 26 Y  -77 4545
12 27 Y  -77 4544
12 28 Y  -77 4542
12 29 Y  -77 4545
12 30 Y  -77 4548
12 31 Y  -77 4546
12  1 Z  517 4524
12  2 Z  517 4532
12  3 Z  517 4531
12  4 Z  517 4528
12  5 Z  517 4526
12  6 Z  517 4525
12  7 Z  517 4523
12  8 Z  517 4521
12  9 Z  517 4515
12 10 Z  517 4524
12 11 Z  517 4522
12 12 Z  517 4519
12 13 Z  517 4521
12 14 Z  517 4512
12 15 Z  517 4520
12 16 Z  517 4527
12 17 Z  517 4538
12 18 Z  517 4531
12 19 Z  517 4531
12 20 Z  517 4529
12 21 Z  517 4529
12 22 Z  517 4526
12 23 Z  517 4521
12 24 Z  517 4519
12 25 Z  517 4523
12 26 Z  517 4524
12 27 Z  517 4520
12 28 Z  517 4518
12 29 Z  517 4522
12 30 Z  517 4520
12 31 Z  517 4521
12  1 F  519 4473
12  2 F  519 4480
12  3 F  519 4479
12  4 F  519 4477
12  5 F  519 4474
12  6 F  519 4474
12  7 F  519 4472
12  8 F  519 4470
12  9 F  519 4463
12 10 F  519 4473
12 11 F  519 4471
12 12 F  519 4468
12 13 F  519 4470
12 14 F  519 4461
12 15 F  519 4469
12 16 F  519 4475
12 17 F  519 4486
12 18 F  519 4480
12 19 F  519 4480
12 20 F  519 4477
12 21 F  519 4478
12 22 F  519 4475
12 23 F  519 4470
12 24 F  519 4468
12 25 F  519 4472
12 26 F  519 4473
12 27 F  519 4469
12 28 F  519 4467
12 29 F  519 4471
12 30 F  519 4468
12 31 F  519 4470
