 1  1 X  -20 4462
 1  2 X  -20 4462
 1  3 X  -20 4463
 1  4 X  -20 4466
 1  5 X  -20 4460
 1  6 X  -21 4559
 1  7 X  -20 4454
 1  8 X  -20 4462
 1  9 X  -21 4558
 1 10 X  -20 4468
 1 11 X  -21 4551
 1 12 X  -20 4468
 1 13 X  -21 4550
 1 14 X  -20 4461
 1 15 X  -20 4472
 1 16 X  -20 4464
 1 17 X  -20 4471
 1 18 X  -20 4471
 1 19 X  -20 4470
 1 20 X  -20 4467
 1 21 X  -20 4466
 1 22 X  -20 4470
 1 23 X  -20 4471
 1 24 X  -20 4462
 1 25 X  -20 4472
 1 26 X  -20 4467
 1 27 X  -20 4472
 1 28 X  -21 4562
 1 29 X  -20 4471
 1 30 X  -20 4473
 1 31 X  -20 4467
 1  1 Y  -77 4485
 1  2 Y  -77 4478
 1  3 Y  -77 4481
 1  4 Y  -77 4482
 1  5 Y  -77 4482
 1  6 Y  -78 4569
 1  7 Y  -78 4578
 1  8 Y  -77 4485
 1  9 Y  -77 4480
 1 10 Y  -77 4482
 1 11 Y  -77 4484
 1 12 Y  -77 4478
 1 13 Y  -77 4475
 1 14 Y  -77 4483
 1 15 Y  -77 4487
 1 16 Y  -77 4477
 1 17 Y  -77 4478
 1 18 Y  -77 4474
 1 19 Y  -77 4487
 1 20 Y  -77 4487
 1 21 Y  -77 4480
 1 22 Y  -77 4480
 1 23 Y  -77 4486
 1 24 Y  -77 4477
 1 25 Y  -77 4482
 1 26 Y  -77 4481
 1 27 Y  -77 4486
 1 28 Y  -77 4487
 1 29 Y  -77 4477
 1 30 Y  -77 4480
 1 31 Y  -77 4480
 1  1 Z  518 4463
 1  2 Z  518 4461
 1  3 Z  518 4458
 1  4 Z  518 4460
 1  5 Z  518 4456
 1  6 Z  518 4459
 1  7 Z  518 4483
 1  8 Z  518 4475
 1  9 Z  518 4471
 1 10 Z  518 4467
 1 11 Z  518 4467
 1 12 Z  518 4467
 1 13 Z  518 4461
 1 14 Z  518 4468
 1 15 Z  518 4470
 1 16 Z  518 4459
 1 17 Z  518 4463
 1 18 Z  518 4461
 1 19 Z  518 4465
 1 20 Z  518 4461
 1 21 Z  518 4457
 1 22 Z  518 4459
 1 23 Z  518 4458
 1 24 Z  518 4454
 1 25 Z  518 4463
 1 26 Z  518 4459
 1 27 Z  518 4462
 1 28 Z  518 4462
 1 29 Z  518 4457
 1 30 Z  518 4456
 1 31 Z  517 4550
 1  1 F  519 4508
 1  2 F  519 4507
 1  3 F  519 4504
 1  4 F  519 4506
 1  5 F  519 4501
 1  6 F  519 4506
 1  7 F  520 4429
 1  8 F  519 4521
 1  9 F  519 4517
 1 10 F  519 4513
 1 11 F  519 4512
 1 12 F  519 4513
 1 13 F  519 4507
 1 14 F  519 4514
 1 15 F  519 4516
 1 16 F  519 4505
 1 17 F  519 4509
 1 18 F  519 4508
 1 19 F  519 4511
 1 20 F  519 4507
 1 21 F  519 4503
 1 22 F  519 4505
 1 23 F  519 4504
 1 24 F  519 4500
 1 25 F  519 4510
 1 26 F  519 4505
 1 27 F  519 4508
 1 28 F  519 4507
 1 29 F  519 4503
 1 30 F  519 4502
 1 31 F  519 4496
 2  1 X  -21 4562
 2  2 X  -20 4470
 2  3 X  -20 4473
 2  4 X  -21 4545
 2  5 X  -21 4561
 2  6 X  -21 4565
 2  7 X  -20 4468
 2  8 X  -20 4477
 2  9 X  -20 4472
 2 10 X  -20 4477
 2 11 X  -21 4562
 2 12 X  -20 4478
 2 13 X  -20 4474
 2 14 X  -21 4549
 2 15 X  -20 4469
 2 16 X  -20 4479
 2 17 X  -20 4473
 2 18 X  -20 4470
 2 19 X  -20 4477
 2 20 X  -20 4475
 2 21 X  -20 4471
 2 22 X  -20 4473
 2 23 X  -20 4468
 2 24 X  -20 4480
 2 25 X  -20 4475
 2 26 X  -20 4475
 2 27 X  -20 4478
 2 28 X  -20 4476
 2  1 Y  -77 4488
 2  2 Y  -77 4489
 2  3 Y  -77 4482
 2  4 Y  -78 4558
 2  5 Y  -77 4485
 2  6 Y  -77 4502
 2  7 Y  -77 4485
 2  8 Y  -77 4479
 2  9 Y  -77 4484
 2 10 Y  -77 4484
 2 11 Y  -77 4482
 2 12 Y  -77 4485
 2 13 Y  -77 4484
 2 14 Y  -78 4577
 2 15 Y  -77 4486
 2 16 Y  -77 4482
 2 17 Y  -77 4483
 2 18 Y  -77 4502
 2 19 Y  -77 4496
 2 20 Y  -77 4495
 2 21 Y  -77 4489
 2 22 Y  -77 4493
 2 23 Y  -77 4492
 2 24 Y  -77 4483
 2 25 Y  -77 4483
 2 26 Y  -77 4495
 2 27 Y  -77 4484
 2 28 Y  -77 4485
 2  1 Z  518 4462
 2  2 Z  518 4468
 2  3 Z  518 4459
 2  4 Z  518 4472
 2  5 Z  518 4488
 2  6 Z  518 4484
 2  7 Z  518 4471
 2  8 Z  518 4474
 2  9 Z  518 4466
 2 10 Z  518 4470
 2 11 Z  518 4467
 2 12 Z  518 4466
 2 13 Z  518 4460
 2 14 Z  518 4457
 2 15 Z  518 4458
 2 16 Z  518 4458
 2 17 Z  518 4456
 2 18 Z  518 4471
 2 19 Z  518 4484
 2 20 Z  518 4488
 2 21 Z  518 4469
 2 22 Z  518 4476
 2 23 Z  518 4468
 2 24 Z  518 4458
 2 25 Z  517 4551
 2 26 Z  518 4461
 2 27 Z  517 4545
 2 28 Z  517 4551
 2  1 F  519 4508
 2  2 F  519 4514
 2  3 F  519 4505
 2  4 F  519 4518
 2  5 F  519 4534
 2  6 F  519 4529
 2  7 F  519 4517
 2  8 F  519 4521
 2  9 F  519 4511
 2 10 F  519 4516
 2 11 F  519 4513
 2 12 F  519 4513
 2 13 F  519 4506
 2 14 F  519 4502
 2 15 F  519 4504
 2 16 F  519 4505
 2 17 F  519 4502
 2 18 F  519 4516
 2 19 F  519 4530
 2 20 F  519 4534
 2 21 F  519 4515
 2 22 F  519 4522
 2 23 F  519 4513
 2 24 F  519 4504
 2 25 F  519 4498
 2 26 F  519 4506
 2 27 F  519 4491
 2 28 F  519 4497
 3  1 X  -21 4557
 3  2 X  -21 4560
 3  3 X  -21 4567
 3  4 X  -20 4467
 3  5 X  -20 4481
 3  6 X  -20 4472
 3  7 X  -21 4560
 3  8 X  -20 4471
 3  9 X  -20 4473
 3 10 X  -20 4470
 3 11 X  -21 4570
 3 12 X  -20 4479
 3 13 X  -21 4569
 3 14 X  -20 4480
 3 15 X  -20 4478
 3 16 X  -20 4487
 3 17 X  -20 4485
 3 18 X  -20 4494
 3 19 X  -20 4482
 3 20 X  -20 4472
 3 21 X  -20 4471
 3 22 X  -20 4489
 3 23 X  -20 4483
 3 24 X  -20 4488
 3 25 X  -20 4487
 3 26 X  -20 4486
 3 27 X  -20 4489
 3 28 X  -20 4483
 3 29 X  -20 4490
 3 30 X  -20 4488
 3 31 X  -20 4504
 3  1 Y  -77 4507
 3  2 Y  -77 4482
 3  3 Y  -77 4495
 3  4 Y  -77 4492
 3  5 Y  -77 4484
 3  6 Y  -77 4490
 3  7 Y  -77 4502
 3  8 Y  -77 4498
 3  9 Y  -77 4489
 3 10 Y  -77 4500
 3 11 Y  -77 4489
 3 12 Y  -78 4569
 3 13 Y  -77 4483
 3 14 Y  -77 4482
 3 15 Y  -77 4482
 3 16 Y  -77 4480
 3 17 Y  -77 4476
 3 18 Y  -77 4483
 3 19 Y  -77 4489
 3 20 Y  -77 4496
 3 21 Y  -77 4490
 3 22 Y  -77 4468
 3 23 Y  -77 4491
 3 24 Y  -77 4477
 3 25 Y  -77 4487
 3 26 Y  -77 4481
 3 27 Y  -77 4478
 3 28 Y  -77 4488
 3 29 Y  -77 4474
 3 30 Y  -78 4577
 3 31 Y  -77 4485
 3  1 Z  518 4468
 3  2 Z  518 4473
 3  3 Z  518 4474
 3  4 Z  518 4473
 3  5 Z  518 4471
 3  6 Z  518 4481
 3  7 Z  518 4480
 3  8 Z  518 4473
 3  9 Z  518 4478
 3 10 Z  518 4485
 3 11 Z  518 4486
 3 12 Z  518 4473
 3 13 Z  518 4459
 3 14 Z  518 4460
 3 15 Z  517 4559
 3 16 Z  517 4547
 3 17 Z  517 4524
 3 18 Z  517 4531
 3 19 Z  517 4552
 3 20 Z  518 4465
 3 21 Z  518 4470
 3 22 Z  517 4560
 3 23 Z  517 4538
 3 24 Z  517 4535
 3 25 Z  517 4541
 3 26 Z  517 4549
 3 27 Z  517 4532
 3 28 Z  517 4533
 3 29 Z  517 4522
 3 30 Z  517 4544
 3 31 Z  517 4502
 3  1 F  519 4512
 3  2 F  519 4519
 3  3 F  519 4519
 3  4 F  519 4518
 3  5 F  519 4517
 3  6 F  519 4527
 3  7 F  519 4524
 3  8 F  519 4518
 3  9 F  519 4524
 3 10 F  519 4530
 3 11 F  519 4531
 3 12 F  519 4520
 3 13 F  519 4505
 3 14 F  519 4506
 3 15 F  519 4506
 3 16 F  519 4494
 3 17 F  518 4571
 3 18 F  519 4478
 3 19 F  519 4498
 3 20 F  519 4510
 3 21 F  519 4516
 3 22 F  519 4507
 3 23 F  519 4484
 3 24 F  519 4482
 3 25 F  519 4488
 3 26 F  519 4495
 3 27 F  519 4479
 3 28 F  519 4480
 3 29 F  518 4569
 3 30 F  519 4491
 3 31 F  518 4549
 4  1 X  -21 4569
 4  2 X  -20 4462
 4  3 X  -21 4574
 4  4 X  -20 4479
 4  5 X  -20 4474
 4  6 X  -20 4464
 4  7 X  -20 4476
 4  8 X  -21 4564
 4  9 X  -20 4509
 4 10 X  -20 4475
 4 11 X  -20 4496
 4 12 X  -20 4524
 4 13 X  -20 4521
 4 14 X  -20 4488
 4 15 X  -20 4493
 4 16 X  -20 4481
 4 17 X  -20 4490
 4 18 X  -20 4504
 4 19 X  -20 4519
 4 20 X  -19 4420
 4 21 X  -20 4496
 4 22 X  -20 4510
 4 23 X  -20 4541
 4 24 X  -20 4521
 4 25 X  -20 4515
 4 26 X  -20 4503
 4 27 X  -20 4512
 4 28 X  -20 4486
 4 29 X  -21 4551
 4 30 X  -21 4582
 4  1 Y  -77 4494
 4  2 Y  -77 4478
 4  3 Y  -77 4491
 4  4 Y  -77 4499
 4  5 Y  -77 4473
 4  6 Y  -77 4524
 4  7 Y  -77 4484
 4  8 Y  -77 4494
 4  9 Y  -77 4493
 4 10 Y  -77 4500
 4 11 Y  -77 4477
 4 12 Y  -77 4500
 4 13 Y  -77 4477
 4 14 Y  -77 4487
 4 15 Y  -77 4483
 4 16 Y  -77 4496
 4 17 Y  -77 4494
 4 18 Y  -77 4493
 4 19 Y  -77 4474
 4 20 Y  -77 4479
 4 21 Y  -77 4485
 4 22 Y  -77 4481
 4 23 Y  -77 4476
 4 24 Y  -77 4490
 4 25 Y  -77 4483
 4 26 Y  -77 4485
 4 27 Y  -77 4486
 4 28 Y  -77 4488
 4 29 Y  -77 4502
 4 30 Y  -77 4514
 4  1 Z  517 4518
 4  2 Z  518 4469
 4  3 Z  518 4471
 4  4 Z  518 4491
 4  5 Z  517 4553
 4  6 Z  518 4465
 4  7 Z  518 4486
 4  8 Z  518 4471
 4  9 Z  518 4474
 4 10 Z  518 4456
 4 11 Z  517 4535
 4 12 Z  517 4551
 4 13 Z  517 4552
 4 14 Z  518 4457
 4 15 Z  517 4542
 4 16 Z  518 4452
 4 17 Z  517 4543
 4 18 Z  517 4525
 4 19 Z  517 4502
 4 20 Z  518 4460
 4 21 Z  517 4530
 4 22 Z  517 4527
 4 23 Z  516 4580
 4 24 Z  516 4572
 4 25 Z  517 4507
 4 26 Z  517 4537
 4 27 Z  517 4514
 4 28 Z  517 4502
 4 29 Z  518 4480
 4 30 Z  518 4465
 4  1 F  518 4563
 4  2 F  519 4515
 4  3 F  519 4517
 4  4 F  520 4437
 4  5 F  519 4500
 4  6 F  519 4509
 4  7 F  519 4532
 4  8 F  519 4516
 4  9 F  519 4521
 4 10 F  519 4501
 4 11 F  519 4482
 4 12 F  519 4499
 4 13 F  519 4500
 4 14 F  519 4504
 4 15 F  519 4489
 4 16 F  519 4498
 4 17 F  519 4489
 4 18 F  519 4473
 4 19 F  518 4551
 4 20 F  519 4509
 4 21 F  519 4477
 4 22 F  519 4475
 4 23 F  518 4530
 4 24 F  518 4521
 4 25 F  518 4555
 4 26 F  519 4484
 4 27 F  518 4562
 4 28 F  518 4549
 4 29 F  520 4424
 4 30 F  519 4510
 5  1 X  -20 4495
 5  2 X  -20 4489
 5  3 X  -20 4488
 5  4 X  -20 4494
 5  5 X  -20 4486
 5  6 X  -20 4503
 5  7 X  -20 4466
 5  8 X  -20 4482
 5  9 X  -20 4506
 5 10 X  -20 4493
 5 11 X  -20 4507
 5 12 X  -20 4494
 5 13 X  -20 4520
 5 14 X  -20 4501
 5 15 X  -20 4520
 5 16 X  -19 4433
 5 17 X  -20 4509
 5 18 X  -20 4516
 5 19 X  -20 4516
 5 20 X  -20 4532
 5 21 X  -20 4516
 5 22 X  -20 4526
 5 23 X  -20 4523
 5 24 X  -20 4538
 5 25 X  -20 4542
 5 26 X  -20 4492
 5 27 X  -21 4562
 5 28 X  -20 4520
 5 29 X  -20 4490
 5 30 X  -20 4486
 5 31 X  -20 4485
 5  1 Y  -77 4532
 5  2 Y  -77 4485
 5  3 Y  -77 4481
 5  4 Y  -77 4514
 5  5 Y  -77 4492
 5  6 Y  -77 4476
 5  7 Y  -76 4418
 5  8 Y  -77 4499
 5  9 Y  -77 4482
 5 10 Y  -77 4500
 5 11 Y  -77 4489
 5 12 Y  -77 4484
 5 13 Y  -77 4490
 5 14 Y  -77 4488
 5 15 Y  -77 4486
 5 16 Y  -77 4480
 5 17 Y  -77 4505
 5 18 Y  -77 4486
 5 19 Y  -77 4485
 5 20 Y  -78 4572
 5 21 Y  -77 4489
 5 22 Y  -77 4481
 5 23 Y  -77 4488
 5 24 Y  -77 4472
 5 25 Y  -77 4463
 5 26 Y  -77 4508
 5 27 Y  -77 4505
 5 28 Y  -76 4430
 5 29 Y  -77 4513
 5 30 Y  -77 4507
 5 31 Y  -77 4487
 5  1 Z  518 4469
 5  2 Z  518 4473
 5  3 Z  518 4457
 5  4 Z  518 4460
 5  5 Z  518 4457
 5  6 Z  517 4543
 5  7 Z  518 4483
 5  8 Z  518 4476
 5  9 Z  517 4536
 5 10 Z  518 4461
 5 11 Z  517 4544
 5 12 Z  518 4469
 5 13 Z  517 4513
 5 14 Z  518 4438
 5 15 Z  516 4558
 5 16 Z  516 4557
 5 17 Z  517 4518
 5 18 Z  517 4499
 5 19 Z  517 4515
 5 20 Z  517 4505
 5 21 Z  516 4550
 5 22 Z  517 4500
 5 23 Z  517 4479
 5 24 Z  516 4566
 5 25 Z  516 4562
 5 26 Z  517 4517
 5 27 Z  518 4446
 5 28 Z  519 4417
 5 29 Z  518 4492
 5 30 Z  518 4473
 5 31 Z  518 4461
 5  1 F  519 4514
 5  2 F  519 4520
 5  3 F  519 4504
 5  4 F  519 4505
 5  5 F  519 4503
 5  6 F  519 4491
 5  7 F  519 4527
 5  8 F  519 4522
 5  9 F  519 4484
 5 10 F  519 4507
 5 11 F  519 4491
 5 12 F  519 4516
 5 13 F  518 4561
 5 14 F  519 4485
 5 15 F  518 4507
 5 16 F  517 4606
 5 17 F  518 4565
 5 18 F  518 4547
 5 19 F  518 4563
 5 20 F  518 4555
 5 21 F  518 4498
 5 22 F  518 4549
 5 23 F  518 4528
 5 24 F  518 4516
 5 25 F  518 4512
 5 26 F  519 4463
 5 27 F  519 4490
 5 28 F  520 4463
 5 29 F  520 4438
 5 30 F  519 4519
 5 31 F  519 4508
 6  1 X  -20 4474
 6  2 X  -20 4543
 6  3 X  -20 4496
 6  4 X  -21 4570
 6  5 X  -20 4515
 6  6 X  -20 4510
 6  7 X  -21 4557
 6  8 X  -20 4507
 6  9 X  -20 4494
 6 10 X  -21 4573
 6 11 X  -20 4533
 6 12 X  -20 4543
 6 13 X  -19 4462
 6 14 X  -20 4538
 6 15 X  -20 4511
 6 16 X  -19 4444
 6 17 X  -19 4463
 6 18 X  -20 4513
 6 19 X  -20 4496
 6 20 X  -20 4506
 6 21 X  -20 4521
 6 22 X  -20 4499
 6 23 X  -20 4506
 6 24 X  -20 4504
 6 25 X  -20 4521
 6 26 X  -20 4490
 6 27 X  -20 4480
 6 28 X  -20 4515
 6 29 X  -21 4579
 6 30 X  -20 4471
 6  1 Y  -77 4520
 6  2 Y  -77 4481
 6  3 Y  -77 4504
 6  4 Y  -77 4481
 6  5 Y  -78 4604
 6  6 Y  -77 4490
 6  7 Y  -77 4522
 6  8 Y  -77 4496
 6  9 Y  -77 4508
 6 10 Y  -76 4424
 6 11 Y  -76 4394
 6 12 Y  -77 4495
 6 13 Y  -77 4480
 6 14 Y  -77 4461
 6 15 Y  -77 4489
 6 16 Y  -77 4493
 6 17 Y  -76 4398
 6 18 Y  -77 4482
 6 19 Y  -77 4499
 6 20 Y  -77 4480
 6 21 Y  -77 4498
 6 22 Y  -77 4528
 6 23 Y  -76 4413
 6 24 Y  -77 4500
 6 25 Y  -77 4494
 6 26 Y  -77 4490
 6 27 Y  -77 4507
 6 28 Y  -77 4494
 6 29 Y  -77 4509
 6 30 Y  -77 4508
 6  1 Z  518 4487
 6  2 Z  516 4594
 6  3 Z  518 4451
 6  4 Z  518 4472
 6  5 Z  517 4481
 6  6 Z  517 4523
 6  7 Z  518 4479
 6  8 Z  518 4438
 6  9 Z  518 4467
 6 10 Z  519 4442
 6 11 Z  517 4548
 6 12 Z  517 4518
 6 13 Z  516 4554
 6 14 Z  516 4548
 6 15 Z  517 4543
 6 16 Z  516 4580
 6 17 Z  515 4598
 6 18 Z  517 4518
 6 19 Z  517 4556
 6 20 Z  517 4543
 6 21 Z  517 4506
 6 22 Z  518 4488
 6 23 Z  518 4473
 6 24 Z  517 4514
 6 25 Z  517 4531
 6 26 Z  517 4546
 6 27 Z  518 4489
 6 28 Z  517 4535
 6 29 Z  518 4462
 6 30 Z  518 4470
 6  1 F  519 4532
 6  2 F  518 4544
 6  3 F  519 4497
 6  4 F  519 4518
 6  5 F  518 4528
 6  6 F  519 4470
 6  7 F  520 4422
 6  8 F  519 4486
 6  9 F  519 4513
 6 10 F  521 4385
 6 11 F  519 4496
 6 12 F  519 4467
 6 13 F  518 4504
 6 14 F  518 4499
 6 15 F  519 4491
 6 16 F  518 4529
 6 17 F  517 4548
 6 18 F  518 4566
 6 19 F  519 4502
 6 20 F  519 4491
 6 21 F  519 4454
 6 22 F  520 4433
 6 23 F  519 4520
 6 24 F  518 4561
 6 25 F  518 4579
 6 26 F  519 4493
 6 27 F  519 4534
 6 28 F  518 4582
 6 29 F  519 4507
 6 30 F  519 4515
 7  1 X  -20 4515
 7  2 X  -20 4468
 7  3 X  -20 4478
 7  4 X  -21 4568
 7  5 X  -20 4495
 7  6 X  -20 4487
 7  7 X  -20 4491
 7  8 X  -20 4474
 7  9 X  -20 4563
 7 10 X  -20 4551
 7 11 X  -19 4462
 7 12 X  -20 4522
 7 13 X  -20 4540
 7 14 X  -20 4532
 7 15 X  -19 4459
 7 16 X  -20 4524
 7 17 X  -20 4527
 7 18 X  -20 4498
 7 19 X  -21 4566
 7 20 X  -20 4502
 7 21 X  -20 4505
 7 22 X  -20 4498
 7 23 X  -20 4501
 7 24 X  -20 4497
 7 25 X  -20 4484
 7 26 X  -20 4499
 7 27 X  -20 4487
 7 28 X  -21 4571
 7 29 X  -20 4500
 7 30 X  -21 4560
 7 31 X  -20 4465
 7  1 Y  -77 4513
 7  2 Y  -77 4518
 7  3 Y  -77 4495
 7  4 Y  -77 4523
 7  5 Y  -77 4469
 7  6 Y  -77 4505
 7  7 Y  -77 4508
 7  8 Y  -77 4510
 7  9 Y  -77 4470
 7 10 Y  -77 4478
 7 11 Y  -77 4493
 7 12 Y  -77 4504
 7 13 Y  -77 4475
 7 14 Y  -77 4492
 7 15 Y  -77 4471
 7 16 Y  -77 4492
 7 17 Y  -77 4492
 7 18 Y  -76 4432
 7 19 Y  -77 4517
 7 20 Y  -77 4497
 7 21 Y  -77 4494
 7 22 Y  -77 4504
 7 23 Y  -77 4488
 7 24 Y  -77 4515
 7 25 Y  -77 4519
 7 26 Y  -77 4501
 7 27 Y  -77 4507
 7 28 Y  -77 4512
 7 29 Y  -76 4435
 7 30 Y  -77 4522
 7 31 Y  -77 4519
 7  1 Z  518 4471
 7  2 Z  517 4557
 7  3 Z  518 4494
 7  4 Z  518 4487
 7  5 Z  518 4445
 7  6 Z  518 4479
 7  7 Z  518 4470
 7  8 Z  518 4494
 7  9 Z  516 4548
 7 10 Z  516 4554
 7 11 Z  516 4545
 7 12 Z  517 4503
 7 13 Z  517 4525
 7 14 Z  517 4488
 7 15 Z  516 4527
 7 16 Z  517 4506
 7 17 Z  517 4496
 7 18 Z  518 4480
 7 19 Z  518 4472
 7 20 Z  518 4476
 7 21 Z  518 4453
 7 22 Z  518 4451
 7 23 Z  518 4465
 7 24 Z  517 4548
 7 25 Z  518 4491
 7 26 Z  518 4467
 7 27 Z  518 4465
 7 28 Z  518 4474
 7 29 Z  517 4544
 7 30 Z  518 4482
 7 31 Z  518 4484
 7  1 F  519 4517
 7  2 F  519 4501
 7  3 F  520 4440
 7  4 F  520 4431
 7  5 F  519 4493
 7  6 F  519 4525
 7  7 F  519 4516
 7  8 F  520 4439
 7  9 F  518 4499
 7 10 F  518 4504
 7 11 F  518 4495
 7 12 F  518 4551
 7 13 F  518 4575
 7 14 F  518 4536
 7 15 F  518 4478
 7 16 F  518 4554
 7 17 F  518 4544
 7 18 F  520 4424
 7 19 F  519 4516
 7 20 F  519 4523
 7 21 F  519 4500
 7 22 F  519 4497
 7 23 F  519 4512
 7 24 F  519 4493
 7 25 F  520 4435
 7 26 F  519 4513
 7 27 F  519 4510
 7 28 F  519 4518
 7 29 F  519 4489
 7 30 F  520 4426
 7 31 F  520 4428
 8  1 X  -20 4503
 8  2 X  -20 4495
 8  3 X  -20 4494
 8  4 X  -20 4488
 8  5 X  -22 4632
 8  6 X  -20 4539
 8  7 X  -20 4527
 8  8 X  -19 4459
 8  9 X  -20 4540
 8 10 X  -20 4533
 8 11 X  -20 4523
 8 12 X  -20 4526
 8 13 X  -20 4516
 8 14 X  -20 4497
 8 15 X  -20 4502
 8 16 X  -20 4512
 8 17 X  -20 4505
 8 18 X  -20 4497
 8 19 X  -20 4500
 8 20 X  -20 4502
 8 21 X  -20 4495
 8 22 X  -20 4490
 8 23 X  -20 4490
 8 24 X  -20 4504
 8 25 X  -20 4502
 8 26 X  -20 4486
 8 27 X  -20 4511
 8 28 X  -20 4501
 8 29 X  -20 4514
 8 30 X  -20 4508
 8 31 X  -20 4514
 8  1 Y  -77 4498
 8  2 Y  -77 4508
 8  3 Y  -77 4503
 8  4 Y  -77 4520
 8  5 Y  -78 4575
 8  6 Y  -78 4584
 8  7 Y  -77 4494
 8  8 Y  -77 4494
 8  9 Y  -77 4481
 8 10 Y  -77 4497
 8 11 Y  -77 4503
 8 12 Y  -77 4501
 8 13 Y  -77 4490
 8 14 Y  -77 4507
 8 15 Y  -77 4508
 8 16 Y  -77 4520
 8 17 Y  -77 4506
 8 18 Y  -77 4515
 8 19 Y  -77 4507
 8 20 Y  -77 4508
 8 21 Y  -77 4508
 8 22 Y  -77 4508
 8 23 Y  -76 4432
 8 24 Y  -77 4510
 8 25 Y  -77 4514
 8 26 Y  -77 4519
 8 27 Y  -77 4521
 8 28 Y  -77 4510
 8 29 Y  -77 4500
 8 30 Y  -77 4510
 8 31 Y  -77 4510
 8  1 Z  517 4562
 8  2 Z  518 4463
 8  3 Z  517 4550
 8  4 Z  518 4474
 8  5 Z  516 4608
 8  6 Z  518 4508
 8  7 Z  517 4515
 8  8 Z  517 4494
 8  9 Z  517 4499
 8 10 Z  517 4512
 8 11 Z  517 4521
 8 12 Z  517 4505
 8 13 Z  517 4522
 8 14 Z  518 4451
 8 15 Z  518 4471
 8 16 Z  518 4488
 8 17 Z  518 4485
 8 18 Z  518 4461
 8 19 Z  518 4468
 8 20 Z  518 4457
 8 21 Z  518 4454
 8 22 Z  518 4468
 8 23 Z  518 4488
 8 24 Z  518 4464
 8 25 Z  517 4532
 8 26 Z  517 4549
 8 27 Z  518 4459
 8 28 Z  518 4461
 8 29 Z  517 4555
 8 30 Z  517 4546
 8 31 Z  518 4454
 8  1 F  519 4508
 8  2 F  519 4508
 8  3 F  519 4496
 8  4 F  519 4519
 8  5 F  518 4553
 8  6 F  520 4458
 8  7 F  519 4463
 8  8 F  518 4544
 8  9 F  518 4549
 8 10 F  518 4561
 8 11 F  519 4468
 8 12 F  518 4553
 8 13 F  519 4470
 8 14 F  519 4497
 8 15 F  519 4517
 8 16 F  519 4534
 8 17 F  520 4432
 8 18 F  519 4506
 8 19 F  519 4514
 8 20 F  519 4503
 8 21 F  519 4500
 8 22 F  519 4514
 8 23 F  520 4433
 8 24 F  519 4510
 8 25 F  519 4477
 8 26 F  519 4493
 8 27 F  519 4504
 8 28 F  519 4507
 8 29 F  519 4502
 8 30 F  519 4492
 8 31 F  519 4501
 9  1 X  -20 4507
 9  2 X  -20 4530
 9  3 X  -20 4537
 9  4 X  -20 4542
 9  5 X  -20 4522
 9  6 X  -20 4537
 9  7 X  -20 4520
 9  8 X  -20 4529
 9  9 X  -21 4571
 9 10 X  -20 4494
 9 11 X  -20 4494
 9 12 X  -20 4494
 9 13 X  -19 4429
 9 14 X  -20 4506
 9 15 X  -20 4511
 9 16 X  -20 4510
 9 17 X  -20 4515
 9 18 X  -20 4522
 9 19 X  -20 4502
 9 20 X  -20 4517
 9 21 X  -20 4517
 9 22 X  -20 4495
 9 23 X  -20 4508
 9 24 X  -20 4512
 9 25 X  -20 4512
 9 26 X  -22 4647
 9 27 X  -20 4523
 9 28 X  -19 4442
 9 29 X  -20 4522
 9 30 X  -20 4513
 9  1 Y  -77 4509
 9  2 Y  -77 4498
 9  3 Y  -77 4501
 9  4 Y  -77 4505
 9  5 Y  -77 4502
 9  6 Y  -77 4504
 9  7 Y  -77 4496
 9  8 Y  -77 4494
 9  9 Y  -77 4492
 9 10 Y  -78 4580
 9 11 Y  -77 4521
 9 12 Y  -77 4512
 9 13 Y  -77 4501
 9 14 Y  -77 4513
 9 15 Y  -77 4513
 9 16 Y  -77 4510
 9 17 Y  -76 4415
 9 18 Y  -77 4490
 9 19 Y  -77 4514
 9 20 Y  -77 4508
 9 21 Y  -77 4522
 9 22 Y  -77 4512
 9 23 Y  -77 4510
 9 24 Y  -77 4506
 9 25 Y  -77 4517
 9 26 Y  -77 4503
 9 27 Y  -77 4499
 9 28 Y  -77 4525
 9 29 Y  -77 4502
 9 30 Y  -77 4502
 9  1 Z  518 4453
 9  2 Z  517 4528
 9  3 Z  517 4504
 9  4 Z  517 4505
 9  5 Z  517 4490
 9  6 Z  517 4493
 9  7 Z  517 4530
 9  8 Z  517 4527
 9  9 Z  517 4521
 9 10 Z  517 4575
 9 11 Z  518 4470
 9 12 Z  518 4453
 9 13 Z  518 4484
 9 14 Z  518 4469
 9 15 Z  518 4462
 9 16 Z  518 4462
 9 17 Z  517 4555
 9 18 Z  517 4514
 9 19 Z  518 4471
 9 20 Z  518 4473
 9 21 Z  518 4470
 9 22 Z  518 4460
 9 23 Z  518 4465
 9 24 Z  518 4456
 9 25 Z  518 4481
 9 26 Z  517 4523
 9 27 Z  518 4487
 9 28 Z  518 4494
 9 29 Z  518 4475
 9 30 Z  518 4472
 9  1 F  519 4499
 9  2 F  519 4476
 9  3 F  518 4552
 9  4 F  518 4553
 9  5 F  518 4537
 9  6 F  518 4541
 9  7 F  519 4478
 9  8 F  519 4475
 9  9 F  518 4567
 9 10 F  519 4523
 9 11 F  519 4515
 9 12 F  519 4499
 9 13 F  519 4531
 9 14 F  519 4515
 9 15 F  519 4509
 9 16 F  519 4508
 9 17 F  519 4501
 9 18 F  518 4562
 9 19 F  519 4516
 9 20 F  519 4520
 9 21 F  519 4516
 9 22 F  519 4505
 9 23 F  519 4512
 9 24 F  519 4503
 9 25 F  520 4426
 9 26 F  519 4467
 9 27 F  520 4434
 9 28 F  519 4541
 9 29 F  520 4422
 9 30 F  519 4519
10  1 X  -20 4517
10  2 X  -20 4530
10  3 X  -20 4519
10  4 X  -20 4522
10  5 X  -20 4525
10  6 X  -20 4510
10  7 X  -20 4524
10  8 X  -20 4514
10  9 X  -19 4440
10 10 X  -20 4516
10 11 X  -20 4515
10 12 X  -20 4515
10 13 X  -20 4528
10 14 X  -20 4517
10 15 X  -20 4520
10 16 X  -20 4514
10 17 X  -20 4518
10 18 X  -20 4522
10 19 X  -20 4522
10 20 X  -20 4516
10 21 X  -20 4526
10 22 X  -20 4525
10 23 X  -20 4518
10 24 X  -21 4581
10 25 X  -19 4447
10 26 X  -20 4512
10 27 X  -20 4526
10 28 X  -20 4524
10 29 X  -20 4522
10 30 X  -20 4523
10 31 X  -20 4508
10  1 Y  -77 4498
10  2 Y  -77 4522
10  3 Y  -77 4507
10  4 Y  -77 4515
10  5 Y  -76 4425
10  6 Y  -77 4495
10  7 Y  -77 4507
10  8 Y  -77 4490
10  9 Y  -77 4501
10 10 Y  -77 4508
10 11 Y  -77 4508
10 12 Y  -77 4508
10 13 Y  -77 4507
10 14 Y  -77 4505
10 15 Y  -77 4506
10 16 Y  -77 4498
10 17 Y  -77 4499
10 18 Y  -77 4508
10 19 Y  -77 4507
10 20 Y  -77 4504
10 21 Y  -77 4500
10 22 Y  -77 4505
10 23 Y  -77 4513
10 24 Y  -78 4602
10 25 Y  -78 4596
10 26 Y  -77 4513
10 27 Y  -77 4508
10 28 Y  -77 4504
10 29 Y  -77 4507
10 30 Y  -77 4508
10 31 Y  -77 4501
10  1 Z  518 4470
10  2 Z  518 4464
10  3 Z  517 4528
10  4 Z  517 4546
10  5 Z  517 4545
10  6 Z  517 4533
10  7 Z  518 4458
10  8 Z  517 4554
10  9 Z  518 4462
10 10 Z  518 4459
10 11 Z  517 4551
10 12 Z  518 4457
10 13 Z  518 4464
10 14 Z  518 4454
10 15 Z  518 4454
10 16 Z  518 4460
10 17 Z  518 4458
10 18 Z  518 4461
10 19 Z  518 4459
10 20 Z  518 4456
10 21 Z  518 4457
10 22 Z  518 4458
10 23 Z  518 4452
10 24 Z  518 4465
10 25 Z  518 4487
10 26 Z  518 4479
10 27 Z  518 4464
10 28 Z  518 4462
10 29 Z  518 4457
10 30 Z  517 4553
10 31 Z  518 4457
10  1 F  519 4517
10  2 F  519 4511
10  3 F  519 4475
10  4 F  519 4493
10  5 F  519 4491
10  6 F  519 4481
10  7 F  519 4505
10  8 F  519 4501
10  9 F  519 4510
10 10 F  519 4506
10 11 F  519 4498
10 12 F  519 4503
10 13 F  519 4511
10 14 F  519 4501
10 15 F  519 4501
10 16 F  519 4507
10 17 F  519 4506
10 18 F  519 4508
10 19 F  519 4506
10 20 F  519 4502
10 21 F  519 4504
10 22 F  519 4505
10 23 F  519 4499
10 24 F  519 4510
10 25 F  519 4536
10 26 F  519 4525
10 27 F  519 4511
10 28 F  519 4509
10 29 F  519 4504
10 30 F  519 4500
10 31 F  519 4504
11  1 X  -20 4512
11  2 X  -20 4522
11  3 X  -20 4522
11  4 X  -20 4518
11  5 X  -20 4532
11  6 X  -20 4527
11  7 X  -20 4526
11  8 X  -20 4526
11  9 X  -20 4525
11 10 X  -20 4518
11 11 X  -20 4527
11 12 X  -20 4522
11 13 X  -20 4528
11 14 X  -20 4528
11 15 X  -20 4525
11 16 X  -20 4525
11 17 X  -20 4528
11 18 X  -20 4528
11 19 X  -20 4528
11 20 X  -20 4521
11 21 X  -20 4528
11 22 X  -20 4522
11 23 X  -20 4527
11 24 X  -20 4516
11 25 X  -20 4532
11 26 X  -20 4530
11 27 X  -20 4530
11 28 X  -20 4515
11 29 X  -20 4529
11 30 X  -20 4501
11  1 Y  -76 4422
11  2 Y  -77 4517
11  3 Y  -77 4499
11  4 Y  -77 4506
11  5 Y  -77 4498
11  6 Y  -77 4505
11  7 Y  -77 4508
11  8 Y  -77 4517
11  9 Y  -77 4506
11 10 Y  -77 4504
11 11 Y  -77 4513
11 12 Y  -77 4512
11 13 Y  -77 4504
11 14 Y  -77 4506
11 15 Y  -77 4522
11 16 Y  -77 4506
11 17 Y  -77 4508
11 18 Y  -77 4507
11 19 Y  -77 4506
11 20 Y  -77 4508
11 21 Y  -77 4512
11 22 Y  -77 4522
11 23 Y  -77 4502
11 24 Y  -77 4504
11 25 Y  -77 4505
11 26 Y  -77 4508
11 27 Y  -77 4522
11 28 Y  -77 4507
11 29 Y  -77 4514
11 30 Y  -77 4524
11  1 Z  518 4461
11  2 Z  518 4465
11  3 Z  518 4456
11  4 Z  517 4550
11  5 Z  518 4457
11  6 Z  518 4454
11  7 Z  518 4456
11  8 Z  518 4460
11  9 Z  518 4454
11 10 Z  518 4453
11 11 Z  518 4456
11 12 Z  518 4451
11 13 Z  518 4453
11 14 Z  518 4449
11 15 Z  518 4455
11 16 Z  518 4455
11 17 Z  518 4453
11 18 Z  518 4450
11 19 Z  517 4548
11 20 Z  517 4546
11 21 Z  517 4550
11 22 Z  517 4549
11 23 Z  518 4456
11 24 Z  517 4548
11 25 Z  518 4455
11 26 Z  518 4451
11 27 Z  518 4456
11 28 Z  518 4455
11 29 Z  518 4458
11 30 Z  518 4454
11  1 F  519 4507
11  2 F  519 4512
11  3 F  519 4504
11  4 F  519 4497
11  5 F  519 4505
11  6 F  519 4502
11  7 F  519 4503
11  8 F  519 4506
11  9 F  519 4501
11 10 F  519 4500
11 11 F  519 4503
11 12 F  519 4498
11 13 F  519 4500
11 14 F  519 4497
11 15 F  519 4501
11 16 F  519 4502
11 17 F  519 4500
11 18 F  519 4497
11 19 F  519 4496
11 20 F  519 4493
11 21 F  519 4497
11 22 F  519 4495
11 23 F  519 4504
11 24 F  519 4495
11 25 F  519 4503
11 26 F  519 4498
11 27 F  519 4503
11 28 F  519 4501
11 29 F  519 4504
11 30 F  519 4500
12  1 X  -20 4532
12  2 X  -20 4525
12  3 X  -20 4526
12  4 X  -20 4534
12  5 X  -20 4534
12  6 X  -20 4530
12  7 X  -20 4533
12  8 X  -20 4527
12  9 X  -20 4530
12 10 X  -19 4433
12 11 X  -20 4529
12 12 X  -20 4528
12 13 X  -20 4531
12 14 X  -20 4532
12 15 X  -20 4535
12 16 X  -20 4536
12 17 X  -20 4533
12 18 X  -20 4536
12 19 X  -20 4528
12 20 X  -20 4530
12 21 X  -20 4525
12 22 X  -20 4530
12 23 X  -20 4538
12 24 X  -20 4536
12 25 X  -20 4542
12 26 X  -20 4536
12 27 X  -20 4537
12 28 X  -20 4535
12 29 X  -20 4540
12 30 X  -20 4530
12 31 X  -20 4534
12  1 Y  -77 4506
12  2 Y  -77 4499
12  3 Y  -77 4518
12  4 Y  -77 4508
12  5 Y  -77 4506
12  6 Y  -77 4507
12  7 Y  -77 4508
12  8 Y  -77 4509
12  9 Y  -77 4515
12 10 Y  -77 4511
12 11 Y  -77 4512
12 12 Y  -77 4508
12 13 Y  -77 4510
12 14 Y  -77 4509
12 15 Y  -77 4510
12 16 Y  -77 4509
12 17 Y  -77 4509
12 18 Y  -77 4513
12 19 Y  -77 4512
12 20 Y  -77 4508
12 21 Y  -77 4510
12 22 Y  -77 4509
12 23 Y  -77 4509
12 24 Y  -77 4510
12 25 Y  -77 4506
12 26 Y  -77 4512
12 27 Y  -77 4510
12 28 Y  -77 4511
12 29 Y  -77 4516
12 30 Y  -77 4511
12 31 Y  -77 4510
12  1 Z  518 4461
12  2 Z  517 4549
12  3 Z  518 4458
12  4 Z  518 4456
12  5 Z  517 4548
12  6 Z  517 4547
12  7 Z  517 4546
12  8 Z  517 4544
12  9 Z  517 4547
12 10 Z  518 4455
12 11 Z  518 4452
12 12 Z  517 4548
12 13 Z  517 4550
12 14 Z  518 4449
12 15 Z  517 4547
12 16 Z  517 4544
12 17 Z  517 4542
12 18 Z  517 4541
12 19 Z  517 4540
12 20 Z  517 4548
12 21 Z  517 4544
12 22 Z  518 4448
12 23 Z  517 4546
12 24 Z  517 4544
12 25 Z  518 4448
12 26 Z  517 4544
12 27 Z  517 4541
12 28 Z  517 4535
12 29 Z  517 4546
12 30 Z  517 4544
12 31 Z  517 4546
12  1 F  519 4509
12  2 F  519 4497
12  3 F  519 4504
12  4 F  519 4504
12  5 F  519 4495
12  6 F  519 4494
12  7 F  519 4493
12  8 F  519 4491
12  9 F  519 4493
12 10 F  519 4502
12 11 F  519 4499
12 12 F  519 4495
12 13 F  519 4497
12 14 F  519 4497
12 15 F  519 4494
12 16 F  519 4491
12 17 F  519 4489
12 18 F  519 4488
12 19 F  519 4487
12 20 F  519 4495
12 21 F  519 4491
12 22 F  519 4495
12 23 F  519 4494
12 24 F  519 4491
12 25 F  519 4496
12 26 F  519 4492
12 27 F  519 4488
12 28 F  519 4482
12 29 F  519 4493
12 30 F  519 4491
12 31 F  519 4493
