 1  1 X    0  810
 1  2 X    0  804
 1  3 X    0  800
 1  4 X    0  794
 1  5 X    0  809
 1  6 X    0  807
 1  7 X    0  804
 1  8 X    0  807
 1  9 X    0  793
 1 10 X    0  808
 1 11 X    0  812
 1 12 X    0  811
 1 13 X    0  808
 1 14 X    0  808
 1 15 X    0  809
 1 16 X    0  811
 1 17 X    0  812
 1 18 X    0  797
 1 19 X    0  812
 1 20 X    0  802
 1 21 X    0  793
 1 22 X    0  800
 1 23 X    0  813
 1 24 X    0  802
 1 25 X    0  802
 1 26 X    0  793
 1 27 X    0  815
 1 28 X    0  808
 1 29 X    0  809
 1 30 X    0  805
 1 31 X    0  812
 1  1 Y  -50 1084
 1  2 Y  -50 1085
 1  3 Y  -50 1077
 1  4 Y  -50 1084
 1  5 Y  -50 1084
 1  6 Y  -50 1083
 1  7 Y  -50 1082
 1  8 Y  -50 1086
 1  9 Y  -50 1076
 1 10 Y  -50 1082
 1 11 Y  -50 1082
 1 12 Y  -50 1078
 1 13 Y  -50 1086
 1 14 Y  -50 1084
 1 15 Y  -50 1088
 1 16 Y  -50 1085
 1 17 Y  -50 1086
 1 18 Y  -50 1090
 1 19 Y  -50 1090
 1 20 Y  -50 1109
 1 21 Y  -50 1091
 1 22 Y  -50 1094
 1 23 Y  -50 1092
 1 24 Y  -50 1090
 1 25 Y  -50 1089
 1 26 Y  -50 1095
 1 27 Y  -50 1082
 1 28 Y  -50 1086
 1 29 Y  -50 1095
 1 30 Y  -50 1090
 1 31 Y  -50 1088
 1  1 Z  550 1201
 1  2 Z  550 1202
 1  3 Z  550 1205
 1  4 Z  550 1208
 1  5 Z  550 1204
 1  6 Z  550 1203
 1  7 Z  550 1205
 1  8 Z  550 1211
 1  9 Z  550 1207
 1 10 Z  550 1207
 1 11 Z  550 1205
 1 12 Z  550 1206
 1 13 Z  550 1201
 1 14 Z  550 1199
 1 15 Z  550 1203
 1 16 Z  550 1201
 1 17 Z  550 1201
 1 18 Z  550 1197
 1 19 Z  550 1200
 1 20 Z  550 1215
 1 21 Z  550 1216
 1 22 Z  550 1239
 1 23 Z  550 1223
 1 24 Z  550 1220
 1 25 Z  550 1214
 1 26 Z  550 1217
 1 27 Z  550 1212
 1 28 Z  550 1204
 1 29 Z  550 1205
 1 30 Z  550 1205
 1 31 Z  550 1209
 2  1 X    0  812
 2  2 X    0  806
 2  3 X    0  794
 2  4 X    0  809
 2  5 X    0  806
 2  6 X    0  807
 2  7 X    0  812
 2  8 X    0  798
 2  9 X    0  811
 2 10 X    0  800
 2 11 X    0  811
 2 12 X    0  816
 2 13 X    0  814
 2 14 X    0  807
 2 15 X    0  803
 2 16 X    0  816
 2 17 X    0  803
 2 18 X    0  815
 2 19 X    0  786
 2 20 X    0  822
 2 21 X    0  812
 2 22 X    0  774
 2 23 X    0  812
 2 24 X    0  803
 2 25 X    0  810
 2 26 X    0  811
 2 27 X    0  816
 2 28 X    0  809
 2  1 Y  -50 1081
 2  2 Y  -50 1088
 2  3 Y  -50 1094
 2  4 Y  -50 1085
 2  5 Y  -50 1105
 2  6 Y  -50 1086
 2  7 Y  -50 1080
 2  8 Y  -50 1092
 2  9 Y  -50 1083
 2 10 Y  -50 1084
 2 11 Y  -50 1084
 2 12 Y  -50 1080
 2 13 Y  -50 1085
 2 14 Y  -50 1086
 2 15 Y  -50 1084
 2 16 Y  -50 1084
 2 17 Y  -50 1086
 2 18 Y  -50 1085
 2 19 Y  -50 1086
 2 20 Y  -50 1102
 2 21 Y  -50 1087
 2 22 Y  -50 1086
 2 23 Y  -50 1091
 2 24 Y  -50 1093
 2 25 Y  -50 1081
 2 26 Y  -50 1087
 2 27 Y  -50 1089
 2 28 Y  -50 1082
 2  1 Z  550 1202
 2  2 Z  550 1204
 2  3 Z  550 1212
 2  4 Z  550 1216
 2  5 Z  550 1237
 2  6 Z  550 1224
 2  7 Z  550 1213
 2  8 Z  550 1206
 2  9 Z  550 1209
 2 10 Z  550 1209
 2 11 Z  550 1212
 2 12 Z  550 1210
 2 13 Z  550 1209
 2 14 Z  550 1201
 2 15 Z  550 1199
 2 16 Z  550 1207
 2 17 Z  550 1200
 2 18 Z  550 1207
 2 19 Z  550 1201
 2 20 Z  550 1228
 2 21 Z  550 1216
 2 22 Z  550 1202
 2 23 Z  550 1230
 2 24 Z  550 1223
 2 25 Z  550 1218
 2 26 Z  550 1205
 2 27 Z  550 1211
 2 28 Z  550 1204
 3  1 X    0  809
 3  2 X    0  803
 3  3 X    0  803
 3  4 X    0  802
 3  5 X    0  813
 3  6 X    0  804
 3  7 X    0  810
 3  8 X    0  814
 3  9 X    0  798
 3 10 X    0  806
 3 11 X    0  806
 3 12 X    0  813
 3 13 X    0  773
 3 14 X    0  834
 3 15 X    0  812
 3 16 X    0  812
 3 17 X    0  804
 3 18 X    0  812
 3 19 X    0  796
 3 20 X    0  809
 3 21 X    0  810
 3 22 X    0  801
 3 23 X    0  800
 3 24 X    0  812
 3 25 X    0  802
 3 26 X    0  797
 3 27 X    0  818
 3 28 X    0  785
 3 29 X    0  835
 3 30 X    0  808
 3 31 X    0  821
 3  1 Y  -50 1086
 3  2 Y  -50 1082
 3  3 Y  -50 1086
 3  4 Y  -50 1092
 3  5 Y  -50 1085
 3  6 Y  -50 1098
 3  7 Y  -50 1088
 3  8 Y  -50 1085
 3  9 Y  -50 1081
 3 10 Y  -50 1085
 3 11 Y  -50 1078
 3 12 Y  -50 1097
 3 13 Y  -50 1105
 3 14 Y  -50 1101
 3 15 Y  -50 1095
 3 16 Y  -50 1089
 3 17 Y  -50 1080
 3 18 Y  -50 1084
 3 19 Y  -50 1092
 3 20 Y  -50 1085
 3 21 Y  -50 1073
 3 22 Y  -50 1083
 3 23 Y  -50 1161
 3 24 Y  -50 1090
 3 25 Y  -50 1094
 3 26 Y  -50 1089
 3 27 Y  -50 1095
 3 28 Y  -50 1115
 3 29 Y  -50 1074
 3 30 Y  -50 1100
 3 31 Y  -50 1083
 3  1 Z  550 1204
 3  2 Z  550 1196
 3  3 Z  550 1209
 3  4 Z  550 1224
 3  5 Z  550 1218
 3  6 Z  550 1211
 3  7 Z  550 1212
 3  8 Z  550 1204
 3  9 Z  550 1198
 3 10 Z  550 1203
 3 11 Z  550 1211
 3 12 Z  550 1207
 3 13 Z  550 1234
 3 14 Z  550 1242
 3 15 Z  550 1222
 3 16 Z  550 1220
 3 17 Z  550 1218
 3 18 Z  550 1207
 3 19 Z  550 1202
 3 20 Z  550 1201
 3 21 Z  550 1214
 3 22 Z  550 1187
 3 23 Z  550 1240
 3 24 Z  550 1234
 3 25 Z  550 1221
 3 26 Z  550 1201
 3 27 Z  550 1216
 3 28 Z  550 1233
 3 29 Z  550 1220
 3 30 Z  550 1237
 3 31 Z  550 1221
 4  1 X    0  781
 4  2 X    0  823
 4  3 X    0  808
 4  4 X    0  810
 4  5 X    0  812
 4  6 X    0  818
 4  7 X    0  806
 4  8 X    0  822
 4  9 X    0  813
 4 10 X    0  815
 4 11 X    0  812
 4 12 X    0  815
 4 13 X    0  792
 4 14 X    0  835
 4 15 X    0  829
 4 16 X    0  818
 4 17 X    0  814
 4 18 X    0  818
 4 19 X    0  816
 4 20 X    0  818
 4 21 X    0  803
 4 22 X    0  814
 4 23 X    0  831
 4 24 X    0  816
 4 25 X    0  814
 4 26 X    0  811
 4 27 X    0  818
 4 28 X    0  NaN
 4 29 X    0  NaN
 4 30 X    0  NaN
 4  1 Y  -50 1108
 4  2 Y  -50 1079
 4  3 Y  -50 1087
 4  4 Y  -50 1090
 4  5 Y  -50 1084
 4  6 Y  -50 1098
 4  7 Y  -50 1086
 4  8 Y  -50 1080
 4  9 Y  -50 1093
 4 10 Y  -50 1093
 4 11 Y  -50 1084
 4 12 Y  -50 1086
 4 13 Y  -50 1109
 4 14 Y  -50 1097
 4 15 Y  -50 1086
 4 16 Y  -50 1084
 4 17 Y  -50 1089
 4 18 Y  -50 1081
 4 19 Y  -50 1080
 4 20 Y  -50 1108
 4 21 Y  -50 1097
 4 22 Y  -50 1117
 4 23 Y  -50 1091
 4 24 Y  -50 1093
 4 25 Y  -50 1087
 4 26 Y  -50 1090
 4 27 Y  -50 1072
 4 28 Y  -50  NaN
 4 29 Y  -50  NaN
 4 30 Y  -50  NaN
 4  1 Z  550 1218
 4  2 Z  550 1240
 4  3 Z  550 1225
 4  4 Z  550 1241
 4  5 Z  550 1228
 4  6 Z  550 1241
 4  7 Z  550 1248
 4  8 Z  550 1226
 4  9 Z  550 1212
 4 10 Z  550 1199
 4 11 Z  550 1200
 4 12 Z  550 1207
 4 13 Z  550 1204
 4 14 Z  550 1248
 4 15 Z  550 1188
 4 16 Z  550 1198
 4 17 Z  550 1182
 4 18 Z  550 1195
 4 19 Z  550 1193
 4 20 Z  550 1205
 4 21 Z  550 1248
 4 22 Z  550 1188
 4 23 Z  550 1192
 4 24 Z  550 1201
 4 25 Z  550 1188
 4 26 Z  550 1188
 4 27 Z  550 1174
 4 28 Z  550  NaN
 4 29 Z  550  NaN
 4 30 Z  550  NaN
 5  1 X    0  NaN
 5  2 X    0  NaN
 5  3 X    0  NaN
 5  4 X    0  NaN
 5  5 X    0  NaN
 5  6 X    0  NaN
 5  7 X    0  NaN
 5  8 X    0  NaN
 5  9 X    0  NaN
 5 10 X    0  NaN
 5 11 X    0  818
 5 12 X    0  824
 5 13 X    0  846
 5 14 X    0  818
 5 15 X    0  825
 5 16 X    0  795
 5 17 X    0  797
 5 18 X    0  821
 5 19 X    0  801
 5 20 X    0  815
 5 21 X    0  827
 5 22 X    0  832
 5 23 X    0  851
 5 24 X    0  845
 5 25 X    0  820
 5 26 X    0  782
 5 27 X    0  785
 5 28 X    0  815
 5 29 X    0  798
 5 30 X    0  775
 5 31 X    0  796
 5  1 Y  -50  NaN
 5  2 Y  -50  NaN
 5  3 Y  -50  NaN
 5  4 Y  -50  NaN
 5  5 Y  -50  NaN
 5  6 Y  -50  NaN
 5  7 Y  -50  NaN
 5  8 Y  -50  NaN
 5  9 Y  -50  NaN
 5 10 Y  -50  NaN
 5 11 Y  -50 1069
 5 12 Y  -50 1089
 5 13 Y  -50 1093
 5 14 Y  -50 1073
 5 15 Y  -50 1075
 5 16 Y  -50 1106
 5 17 Y  -50 1079
 5 18 Y  -50 1092
 5 19 Y  -50 1103
 5 20 Y  -50 1111
 5 21 Y  -50 1098
 5 22 Y  -50 1077
 5 23 Y  -50 1072
 5 24 Y  -50 1074
 5 25 Y  -50 1097
 5 26 Y  -50 1160
 5 27 Y  -50 1112
 5 28 Y  -50 1105
 5 29 Y  -50 1090
 5 30 Y  -50 1106
 5 31 Y  -50 1126
 5  1 Z  550  NaN
 5  2 Z  550  NaN
 5  3 Z  550  NaN
 5  4 Z  550  NaN
 5  5 Z  550  NaN
 5  6 Z  550  NaN
 5  7 Z  550  NaN
 5  8 Z  550  NaN
 5  9 Z  550  NaN
 5 10 Z  550  NaN
 5 11 Z  550 1155
 5 12 Z  550 1166
 5 13 Z  550 1176
 5 14 Z  550 1142
 5 15 Z  550 1145
 5 16 Z  550 1196
 5 17 Z  550 1210
 5 18 Z  550 1226
 5 19 Z  550 1231
 5 20 Z  550 1218
 5 21 Z  550 1172
 5 22 Z  550 1161
 5 23 Z  550 1129
 5 24 Z  550 1109
 5 25 Z  550 1145
 5 26 Z  550 1160
 5 27 Z  550 1302
 5 28 Z  550 1217
 5 29 Z  550 1233
 5 30 Z  550 1266
 5 31 Z  550 1226
 6  1 X    0  NaN
 6  2 X    0  850
 6  3 X    0  824
 6  4 X    0  816
 6  5 X    0  815
 6  6 X    0  812
 6  7 X    0  853
 6  8 X    0  845
 6  9 X    0  818
 6 10 X    0  814
 6 11 X    0  793
 6 12 X    0  797
 6 13 X    0  819
 6 14 X    0  815
 6 15 X    0  791
 6 16 X    0  819
 6 17 X    0  844
 6 18 X    0  846
 6 19 X    0  839
 6 20 X    0  840
 6 21 X    0  815
 6 22 X    0  826
 6 23 X    0  818
 6 24 X    0  755
 6 25 X    0  815
 6 26 X    0  809
 6 27 X    0  809
 6 28 X    0  779
 6 29 X    0  763
 6 30 X    0  797
 6  1 Y  -50  NaN
 6  2 Y  -50 1103
 6  3 Y  -50 1096
 6  4 Y  -50 1074
 6  5 Y  -50 1075
 6  6 Y  -50 1077
 6  7 Y  -50 1084
 6  8 Y  -50 1094
 6  9 Y  -50 1087
 6 10 Y  -50 1086
 6 11 Y  -50 1113
 6 12 Y  -50 1110
 6 13 Y  -50 1093
 6 14 Y  -50 1092
 6 15 Y  -50 1105
 6 16 Y  -50 1095
 6 17 Y  -50 1085
 6 18 Y  -50 1090
 6 19 Y  -50 1115
 6 20 Y  -50 1114
 6 21 Y  -50 1097
 6 22 Y  -50 1086
 6 23 Y  -50 1116
 6 24 Y  -50 1189
 6 25 Y  -50 1136
 6 26 Y  -50 1136
 6 27 Y  -50 1120
 6 28 Y  -50 1121
 6 29 Y  -50 1112
 6 30 Y  -50 1086
 6  1 Z  550  NaN
 6  2 Z  550 1186
 6  3 Z  550 1170
 6  4 Z  550 1166
 6  5 Z  550 1163
 6  6 Z  550 1203
 6  7 Z  550 1145
 6  8 Z  550 1179
 6  9 Z  550 1162
 6 10 Z  550 1191
 6 11 Z  550 1230
 6 12 Z  550 1247
 6 13 Z  550 1250
 6 14 Z  550 1231
 6 15 Z  550 1240
 6 16 Z  550 1199
 6 17 Z  550 1131
 6 18 Z  550 1116
 6 19 Z  550 1170
 6 20 Z  550 1135
 6 21 Z  550 1215
 6 22 Z  550 1165
 6 23 Z  550 1188
 6 24 Z  550 1298
 6 25 Z  550 1255
 6 26 Z  550 1279
 6 27 Z  550 1265
 6 28 Z  550 1240
 6 29 Z  550 1275
 6 30 Z  550 1271
 7  1 X    0  822
 7  2 X    0  791
 7  3 X    0  802
 7  4 X    0  796
 7  5 X    0  844
 7  6 X    0  839
 7  7 X    0  832
 7  8 X    0  812
 7  9 X    0  860
 7 10 X    0  844
 7 11 X    0  809
 7 12 X    0  857
 7 13 X    0  813
 7 14 X    0  825
 7 15 X    0  802
 7 16 X    0  788
 7 17 X    0  830
 7 18 X    0  830
 7 19 X    0  829
 7 20 X    0  815
 7 21 X    0  791
 7 22 X    0  777
 7 23 X    0  801
 7 24 X    0  807
 7 25 X    0  802
 7 26 X    0  802
 7 27 X    0  812
 7 28 X    0  834
 7 29 X    0  855
 7 30 X    0  805
 7 31 X    0  810
 7  1 Y  -50 1112
 7  2 Y  -50 1099
 7  3 Y  -50 1108
 7  4 Y  -50 1089
 7  5 Y  -50 1093
 7  6 Y  -50 1094
 7  7 Y  -50 1078
 7  8 Y  -50 1119
 7  9 Y  -50 1101
 7 10 Y  -50 1085
 7 11 Y  -50 1103
 7 12 Y  -50 1069
 7 13 Y  -50 1091
 7 14 Y  -50 1095
 7 15 Y  -50 1102
 7 16 Y  -50 1107
 7 17 Y  -50 1082
 7 18 Y  -50 1102
 7 19 Y  -50 1095
 7 20 Y  -50 1097
 7 21 Y  -50 1111
 7 22 Y  -50 1110
 7 23 Y  -50 1118
 7 24 Y  -50 1106
 7 25 Y  -50 1098
 7 26 Y  -50 1097
 7 27 Y  -50 1110
 7 28 Y  -50 1088
 7 29 Y  -50 1062
 7 30 Y  -50 1111
 7 31 Y  -50 1109
 7  1 Z  550 1256
 7  2 Z  550 1246
 7  3 Z  550 1256
 7  4 Z  550 1241
 7  5 Z  550 1164
 7  6 Z  550 1169
 7  7 Z  550 1180
 7  8 Z  550 1274
 7  9 Z  550 1212
 7 10 Z  550 1258
 7 11 Z  550 1288
 7 12 Z  550 1241
 7 13 Z  550 1226
 7 14 Z  550 1191
 7 15 Z  550 1247
 7 16 Z  550 1256
 7 17 Z  550 1180
 7 18 Z  550 1195
 7 19 Z  550 1148
 7 20 Z  550 1189
 7 21 Z  550 1242
 7 22 Z  550 1302
 7 23 Z  550 1300
 7 24 Z  550 1287
 7 25 Z  550 1219
 7 26 Z  550 1225
 7 27 Z  550 1302
 7 28 Z  550 1141
 7 29 Z  550 1144
 7 30 Z  550 1270
 7 31 Z  550 1240
 8  1 X    0  814
 8  2 X    0  809
 8  3 X    0  836
 8  4 X    0  820
 8  5 X    0  820
 8  6 X    0  795
 8  7 X    0  811
 8  8 X    0  793
 8  9 X    0  810
 8 10 X    0  851
 8 11 X    0  823
 8 12 X    0  849
 8 13 X    0  837
 8 14 X    0  849
 8 15 X    0  835
 8 16 X    0  829
 8 17 X    0  816
 8 18 X    0  822
 8 19 X    0  821
 8 20 X    0  817
 8 21 X    0  800
 8 22 X    0  794
 8 23 X    0  802
 8 24 X    0  805
 8 25 X    0  803
 8 26 X    0  810
 8 27 X    0  818
 8 28 X    0  793
 8 29 X    0  791
 8 30 X    0  745
 8 31 X    0  817
 8  1 Y  -50 1093
 8  2 Y  -50 1095
 8  3 Y  -50 1112
 8  4 Y  -50 1121
 8  5 Y  -50 1130
 8  6 Y  -50 1102
 8  7 Y  -50 1078
 8  8 Y  -50 1124
 8  9 Y  -50 1091
 8 10 Y  -50 1108
 8 11 Y  -50 1103
 8 12 Y  -50 1091
 8 13 Y  -50 1091
 8 14 Y  -50 1071
 8 15 Y  -50 1106
 8 16 Y  -50 1083
 8 17 Y  -50 1093
 8 18 Y  -50 1130
 8 19 Y  -50 1115
 8 20 Y  -50 1099
 8 21 Y  -50 1102
 8 22 Y  -50 1114
 8 23 Y  -50 1109
 8 24 Y  -50 1105
 8 25 Y  -50 1108
 8 26 Y  -50 1114
 8 27 Y  -50 1116
 8 28 Y  -50 1113
 8 29 Y  -50 1094
 8 30 Y  -50 1127
 8 31 Y  -50 1146
 8  1 Z  550 1223
 8  2 Z  550 1230
 8  3 Z  550 1241
 8  4 Z  550 1233
 8  5 Z  550 1258
 8  6 Z  550 1266
 8  7 Z  550 1225
 8  8 Z  550 1288
 8  9 Z  550 1227
 8 10 Z  550 1173
 8 11 Z  550 1156
 8 12 Z  550 1160
 8 13 Z  550 1154
 8 14 Z  550 1166
 8 15 Z  550 1176
 8 16 Z  550 1178
 8 17 Z  550 1189
 8 18 Z  550 1218
 8 19 Z  550 1234
 8 20 Z  550 1238
 8 21 Z  550 1241
 8 22 Z  550 1255
 8 23 Z  550 1247
 8 24 Z  550 1238
 8 25 Z  550 1245
 8 26 Z  550 1257
 8 27 Z  550 1243
 8 28 Z  550 1228
 8 29 Z  550 1229
 8 30 Z  550 1298
 8 31 Z  550 1339
 9  1 X    0  784
 9  2 X    0  782
 9  3 X    0  770
 9  4 X    0  873
 9  5 X    0  813
 9  6 X    0  842
 9  7 X    0  809
 9  8 X    0  825
 9  9 X    0  819
 9 10 X    0  832
 9 11 X    0  815
 9 12 X    0  818
 9 13 X    0  817
 9 14 X    0  801
 9 15 X    0  808
 9 16 X    0  803
 9 17 X    0  822
 9 18 X    0  817
 9 19 X    0  807
 9 20 X    0  802
 9 21 X    0  817
 9 22 X    0  808
 9 23 X    0  790
 9 24 X    0  804
 9 25 X    0  812
 9 26 X    0  797
 9 27 X    0  813
 9 28 X    0  821
 9 29 X    0  805
 9 30 X    0  810
 9  1 Y  -50 1125
 9  2 Y  -50 1141
 9  3 Y  -50 1108
 9  4 Y  -50 1056
 9  5 Y  -50 1123
 9  6 Y  -50 1099
 9  7 Y  -50 1113
 9  8 Y  -50 1137
 9  9 Y  -50 1105
 9 10 Y  -50 1090
 9 11 Y  -50 1088
 9 12 Y  -50 1095
 9 13 Y  -50 1087
 9 14 Y  -50 1106
 9 15 Y  -50 1078
 9 16 Y  -50 1084
 9 17 Y  -50 1100
 9 18 Y  -50 1100
 9 19 Y  -50 1071
 9 20 Y  -50 1107
 9 21 Y  -50 1099
 9 22 Y  -50 1109
 9 23 Y  -50 1132
 9 24 Y  -50 1119
 9 25 Y  -50 1085
 9 26 Y  -50 1113
 9 27 Y  -50 1100
 9 28 Y  -50 1098
 9 29 Y  -50 1105
 9 30 Y  -50 1100
 9  1 Z  550 1214
 9  2 Z  550 1297
 9  3 Z  550 1302
 9  4 Z  550 1246
 9  5 Z  550 1294
 9  6 Z  550 1234
 9  7 Z  550 1233
 9  8 Z  550 1221
 9  9 Z  550 1235
 9 10 Z  550 1246
 9 11 Z  550 1239
 9 12 Z  550 1221
 9 13 Z  550 1206
 9 14 Z  550 1241
 9 15 Z  550 1286
 9 16 Z  550 1247
 9 17 Z  550 1270
 9 18 Z  550 1262
 9 19 Z  550 1240
 9 20 Z  550 1241
 9 21 Z  550 1264
 9 22 Z  550 1253
 9 23 Z  550 1256
 9 24 Z  550 1275
 9 25 Z  550 1265
 9 26 Z  550 1254
 9 27 Z  550 1253
 9 28 Z  550 1268
 9 29 Z  550 1269
 9 30 Z  550 1255
10  1 X    0  817
10  2 X    0  825
10  3 X    0  811
10  4 X    0  NaN
10  5 X    0  NaN
10  6 X    0  818
10  7 X    0  796
10  8 X    0  820
10  9 X    0  807
10 10 X    0  805
10 11 X    0  807
10 12 X    0  806
10 13 X    0  806
10 14 X    0  810
10 15 X    0  809
10 16 X    0  814
10 17 X    0  801
10 18 X    0  807
10 19 X    0  810
10 20 X    0  805
10 21 X    0  810
10 22 X    0  806
10 23 X    0  806
10 24 X    0  799
10 25 X    0  801
10 26 X    0  802
10 27 X    0  806
10 28 X    0  808
10 29 X    0  811
10 30 X    0  785
10 31 X    0  784
10  1 Y  -50 1091
10  2 Y  -50 1092
10  3 Y  -50 1092
10  4 Y  -50  NaN
10  5 Y  -50  NaN
10  6 Y  -50 1107
10  7 Y  -50 1089
10  8 Y  -50 1105
10  9 Y  -50 1101
10 10 Y  -50 1096
10 11 Y  -50 1091
10 12 Y  -50 1099
10 13 Y  -50 1099
10 14 Y  -50 1101
10 15 Y  -50 1082
10 16 Y  -50 1129
10 17 Y  -50 1105
10 18 Y  -50 1091
10 19 Y  -50 1096
10 20 Y  -50 1097
10 21 Y  -50 1102
10 22 Y  -50 1091
10 23 Y  -50 1094
10 24 Y  -50 1103
10 25 Y  -50 1106
10 26 Y  -50 1108
10 27 Y  -50 1095
10 28 Y  -50 1091
10 29 Y  -50 1094
10 30 Y  -50 1088
10 31 Y  -50 1107
10  1 Z  550 1260
10  2 Z  550 1246
10  3 Z  550 1252
10  4 Z  550  NaN
10  5 Z  550  NaN
10  6 Z  550 1248
10  7 Z  550 1224
10  8 Z  550 1231
10  9 Z  550 1228
10 10 Z  550 1233
10 11 Z  550 1229
10 12 Z  550 1249
10 13 Z  550 1251
10 14 Z  550 1257
10 15 Z  550 1251
10 16 Z  550 1243
10 17 Z  550 1255
10 18 Z  550 1249
10 19 Z  550 1244
10 20 Z  550 1237
10 21 Z  550 1241
10 22 Z  550 1237
10 23 Z  550 1239
10 24 Z  550 1239
10 25 Z  550 1248
10 26 Z  550 1257
10 27 Z  550 1251
10 28 Z  550 1244
10 29 Z  550 1242
10 30 Z  550 1236
10 31 Z  550 1256
11  1 X    0  808
11  2 X    0  803
11  3 X    0  809
11  4 X    0  803
11  5 X    0  805
11  6 X    0  802
11  7 X    0  813
11  8 X    0  816
11  9 X    0  811
11 10 X    0  808
11 11 X    0  819
11 12 X    0  802
11 13 X    0  806
11 14 X    0  812
11 15 X    0  800
11 16 X    0  821
11 17 X    0  814
11 18 X    0  789
11 19 X    0  815
11 20 X    0  805
11 21 X    0  816
11 22 X    0  812
11 23 X    0  813
11 24 X    0  821
11 25 X    0  811
11 26 X    0  805
11 27 X    0  801
11 28 X    0  788
11 29 X    0  805
11 30 X    0  799
11  1 Y  -50 1121
11  2 Y  -50 1083
11  3 Y  -50 1100
11  4 Y  -50 1092
11  5 Y  -50 1108
11  6 Y  -50 1098
11  7 Y  -50 1091
11  8 Y  -50 1090
11  9 Y  -50 1096
11 10 Y  -50 1100
11 11 Y  -50 1098
11 12 Y  -50 1097
11 13 Y  -50 1101
11 14 Y  -50 1093
11 15 Y  -50 1093
11 16 Y  -50 1096
11 17 Y  -50 1091
11 18 Y  -50 1098
11 19 Y  -50 1104
11 20 Y  -50 1092
11 21 Y  -50 1093
11 22 Y  -50 1094
11 23 Y  -50 1095
11 24 Y  -50 1102
11 25 Y  -50 1100
11 26 Y  -50 1098
11 27 Y  -50 1106
11 28 Y  -50 1102
11 29 Y  -50 1107
11 30 Y  -50 1115
11  1 Z  550 1263
11  2 Z  550 1253
11  3 Z  550 1259
11  4 Z  550 1246
11  5 Z  550 1247
11  6 Z  550 1247
11  7 Z  550 1238
11  8 Z  550 1257
11  9 Z  550 1244
11 10 Z  550 1242
11 11 Z  550 1245
11 12 Z  550 1247
11 13 Z  550 1250
11 14 Z  550 1244
11 15 Z  550 1235
11 16 Z  550 1250
11 17 Z  550 1247
11 18 Z  550 1247
11 19 Z  550 1247
11 20 Z  550 1245
11 21 Z  550 1247
11 22 Z  550 1245
11 23 Z  550 1241
11 24 Z  550 1247
11 25 Z  550 1245
11 26 Z  550 1249
11 27 Z  550 1243
11 28 Z  550 1251
11 29 Z  550 1261
11 30 Z  550 1262
12  1 X    0  807
12  2 X    0  807
12  3 X    0  815
12  4 X    0  816
12  5 X    0  796
12  6 X    0  812
12  7 X    0  812
12  8 X    0  813
12  9 X    0  811
12 10 X    0  811
12 11 X    0  808
12 12 X    0  809
12 13 X    0  829
12 14 X    0  776
12 15 X    0  806
12 16 X    0  817
12 17 X    0  799
12 18 X    0  813
12 19 X    0  807
12 20 X    0  798
12 21 X    0  800
12 22 X    0  801
12 23 X    0  802
12 24 X    0  817
12 25 X    0  806
12 26 X    0  786
12 27 X    0  803
12 28 X    0  799
12 29 X    0  814
12 30 X    0  809
12 31 X    0  815
12  1 Y  -50 1097
12  2 Y  -50 1094
12  3 Y  -50 1097
12  4 Y  -50 1110
12  5 Y  -50 1090
12  6 Y  -50 1097
12  7 Y  -50 1094
12  8 Y  -50 1094
12  9 Y  -50 1095
12 10 Y  -50 1098
12 11 Y  -50 1095
12 12 Y  -50 1094
12 13 Y  -50 1116
12 14 Y  -50 1112
12 15 Y  -50 1083
12 16 Y  -50 1094
12 17 Y  -50 1105
12 18 Y  -50 1096
12 19 Y  -50 1093
12 20 Y  -50 1091
12 21 Y  -50 1104
12 22 Y  -50 1090
12 23 Y  -50 1099
12 24 Y  -50 1097
12 25 Y  -50 1104
12 26 Y  -50 1096
12 27 Y  -50 1111
12 28 Y  -50 1104
12 29 Y  -50 1093
12 30 Y  -50 1105
12 31 Y  -50 1095
12  1 Z  550 1257
12  2 Z  550 1246
12  3 Z  550 1241
12  4 Z  550 1260
12  5 Z  550 1268
12  6 Z  550 1258
12  7 Z  550 1246
12  8 Z  550 1246
12  9 Z  550 1247
12 10 Z  550 1241
12 11 Z  550 1236
12 12 Z  550 1236
12 13 Z  550 1260
12 14 Z  550 1273
12 15 Z  550 1275
12 16 Z  550 1261
12 17 Z  550 1253
12 18 Z  550 1255
12 19 Z  550 1252
12 20 Z  550 1251
12 21 Z  550 1260
12 22 Z  550 1254
12 23 Z  550 1255
12 24 Z  550 1256
12 25 Z  550 1254
12 26 Z  550 1281
12 27 Z  550 1288
12 28 Z  550 1263
12 29 Z  550 1259
12 30 Z  550 1255
12 31 Z  550 1252
