 1  1 X    0  977
 1  2 X    0  979
 1  3 X    0  975
 1  4 X    0  964
 1  5 X    0  972
 1  6 X    0  967
 1  7 X    0  967
 1  8 X    0  973
 1  9 X    0  983
 1 10 X    0  964
 1 11 X    0  960
 1 12 X    0  954
 1 13 X    0  968
 1 14 X    0  963
 1 15 X    0  967
 1 16 X    0  978
 1 17 X    0  966
 1 18 X    0  981
 1 19 X    0  958
 1 20 X    0  966
 1 21 X    0  967
 1 22 X    0  NaN
 1 23 X    0  NaN
 1 24 X    0  912
 1 25 X    0  979
 1 26 X    0  975
 1 27 X    0  952
 1 28 X    0  964
 1 29 X    0  966
 1 30 X    0  972
 1 31 X    0  978
 1  1 Y  -50  681
 1  2 Y  -50  673
 1  3 Y  -50  659
 1  4 Y  -50  666
 1  5 Y  -50  676
 1  6 Y  -50  693
 1  7 Y  -50  687
 1  8 Y  -50  678
 1  9 Y  -50  677
 1 10 Y  -50  685
 1 11 Y  -50  688
 1 12 Y  -50  675
 1 13 Y  -50  681
 1 14 Y  -50  678
 1 15 Y  -50  697
 1 16 Y  -50  680
 1 17 Y  -50  675
 1 18 Y  -50  673
 1 19 Y  -50  682
 1 20 Y  -50  694
 1 21 Y  -50  685
 1 22 Y  -50  NaN
 1 23 Y  -50  NaN
 1 24 Y  -50  692
 1 25 Y  -50  687
 1 26 Y  -50  683
 1 27 Y  -50  680
 1 28 Y  -50  686
 1 29 Y  -50  684
 1 30 Y  -50  675
 1 31 Y  -50  678
 1  1 Z  550  834
 1  2 Z  550  819
 1  3 Z  550  824
 1  4 Z  550  821
 1  5 Z  550  808
 1  6 Z  550  810
 1  7 Z  550  815
 1  8 Z  550  815
 1  9 Z  550  821
 1 10 Z  550  822
 1 11 Z  550  825
 1 12 Z  550  815
 1 13 Z  550  812
 1 14 Z  550  805
 1 15 Z  550  809
 1 16 Z  550  814
 1 17 Z  550  808
 1 18 Z  550  808
 1 19 Z  550  808
 1 20 Z  550  827
 1 21 Z  550  824
 1 22 Z  550  NaN
 1 23 Z  550  NaN
 1 24 Z  550  813
 1 25 Z  550  852
 1 26 Z  550  842
 1 27 Z  550  822
 1 28 Z  550  828
 1 29 Z  550  825
 1 30 Z  550  831
 1 31 Z  550  820
 2  1 X    0  981
 2  2 X    0 1015
 2  3 X    0  NaN
 2  4 X    0  952
 2  5 X    0  983
 2  6 X    0  985
 2  7 X    0  967
 2  8 X    0  967
 2  9 X    0  957
 2 10 X    0  978
 2 11 X    0  983
 2 12 X    0  976
 2 13 X    0  976
 2 14 X    0  979
 2 15 X    0  971
 2 16 X    0  975
 2 17 X    0  982
 2 18 X    0  973
 2 19 X    0  978
 2 20 X    0  912
 2 21 X    0  973
 2 22 X    0  939
 2 23 X    0  916
 2 24 X    0  983
 2 25 X    0  993
 2 26 X    0  978
 2 27 X    0  980
 2 28 X    0  984
 2  1 Y  -50  688
 2  2 Y  -50  755
 2  3 Y  -50  NaN
 2  4 Y  -50  693
 2  5 Y  -50  668
 2  6 Y  -50  681
 2  7 Y  -50  683
 2  8 Y  -50  698
 2  9 Y  -50  687
 2 10 Y  -50  681
 2 11 Y  -50  676
 2 12 Y  -50  679
 2 13 Y  -50  678
 2 14 Y  -50  678
 2 15 Y  -50  694
 2 16 Y  -50  681
 2 17 Y  -50  689
 2 18 Y  -50  683
 2 19 Y  -50  678
 2 20 Y  -50  679
 2 21 Y  -50  682
 2 22 Y  -50  667
 2 23 Y  -50  733
 2 24 Y  -50  641
 2 25 Y  -50  680
 2 26 Y  -50  674
 2 27 Y  -50  672
 2 28 Y  -50  697
 2  1 Z  550  816
 2  2 Z  550  809
 2  3 Z  550  779
 2  4 Z  550  793
 2  5 Z  550  820
 2  6 Z  550  811
 2  7 Z  550  819
 2  8 Z  550  826
 2  9 Z  550  827
 2 10 Z  550  817
 2 11 Z  550  811
 2 12 Z  550  814
 2 13 Z  550  801
 2 14 Z  550  804
 2 15 Z  550  815
 2 16 Z  550  805
 2 17 Z  550  812
 2 18 Z  550  801
 2 19 Z  550  800
 2 20 Z  550  807
 2 21 Z  550  858
 2 22 Z  550  820
 2 23 Z  550  839
 2 24 Z  550  876
 2 25 Z  550  834
 2 26 Z  550  819
 2 27 Z  550  813
 2 28 Z  550  805
 3  1 X    0  981
 3  2 X    0  981
 3  3 X    0  970
 3  4 X    0  971
 3  5 X    0  975
 3  6 X    0  969
 3  7 X    0  986
 3  8 X    0  981
 3  9 X    0  985
 3 10 X    0  986
 3 11 X    0  968
 3 12 X    0  968
 3 13 X    0  980
 3 14 X    0  990
 3 15 X    0  979
 3 16 X    0  987
 3 17 X    0  982
 3 18 X    0  984
 3 19 X    0 1013
 3 20 X    0  952
 3 21 X    0  967
 3 22 X    0  981
 3 23 X    0  972
 3 24 X    0 1017
 3 25 X    0  966
 3 26 X    0  973
 3 27 X    0  967
 3 28 X    0 1017
 3 29 X    0  995
 3 30 X    0 1007
 3 31 X    0  969
 3  1 Y  -50  677
 3  2 Y  -50  694
 3  3 Y  -50  680
 3  4 Y  -50  683
 3  5 Y  -50  682
 3  6 Y  -50  681
 3  7 Y  -50  692
 3  8 Y  -50  677
 3  9 Y  -50  695
 3 10 Y  -50  687
 3 11 Y  -50  690
 3 12 Y  -50  698
 3 13 Y  -50  692
 3 14 Y  -50  713
 3 15 Y  -50  678
 3 16 Y  -50  688
 3 17 Y  -50  683
 3 18 Y  -50  681
 3 19 Y  -50  742
 3 20 Y  -50  691
 3 21 Y  -50  715
 3 22 Y  -50  689
 3 23 Y  -50  668
 3 24 Y  -50  716
 3 25 Y  -50  687
 3 26 Y  -50  675
 3 27 Y  -50  692
 3 28 Y  -50  678
 3 29 Y  -50  681
 3 30 Y  -50  681
 3 31 Y  -50  751
 3  1 Z  550  799
 3  2 Z  550  801
 3  3 Z  550  783
 3  4 Z  550  793
 3  5 Z  550  792
 3  6 Z  550  818
 3  7 Z  550  819
 3  8 Z  550  822
 3  9 Z  550  802
 3 10 Z  550  799
 3 11 Z  550  805
 3 12 Z  550  NaN
 3 13 Z  550  NaN
 3 14 Z  550  NaN
 3 15 Z  550  798
 3 16 Z  550  NaN
 3 17 Z  550  790
 3 18 Z  550  796
 3 19 Z  550  821
 3 20 Z  550  825
 3 21 Z  550  828
 3 22 Z  550  874
 3 23 Z  550  789
 3 24 Z  550  839
 3 25 Z  550  842
 3 26 Z  550  820
 3 27 Z  550  775
 3 28 Z  550  787
 3 29 Z  550  787
 3 30 Z  550  811
 3 31 Z  550  806
 4  1 X    0  978
 4  2 X    0  977
 4  3 X    0  968
 4  4 X    0 1007
 4  5 X    0  963
 4  6 X    0  955
 4  7 X    0  994
 4  8 X    0  975
 4  9 X    0  996
 4 10 X    0  987
 4 11 X    0  974
 4 12 X    0  996
 4 13 X    0  997
 4 14 X    0  971
 4 15 X    0  972
 4 16 X    0  960
 4 17 X    0  997
 4 18 X    0  981
 4 19 X    0  977
 4 20 X    0  988
 4 21 X    0  992
 4 22 X    0  983
 4 23 X    0  983
 4 24 X    0  993
 4 25 X    0 1001
 4 26 X    0  989
 4 27 X    0  975
 4 28 X    0  992
 4 29 X    0  984
 4 30 X    0 1015
 4  1 Y  -50  666
 4  2 Y  -50  686
 4  3 Y  -50  704
 4  4 Y  -50  708
 4  5 Y  -50  722
 4  6 Y  -50  682
 4  7 Y  -50  701
 4  8 Y  -50  695
 4  9 Y  -50  692
 4 10 Y  -50  678
 4 11 Y  -50  702
 4 12 Y  -50  670
 4 13 Y  -50  677
 4 14 Y  -50  674
 4 15 Y  -50  729
 4 16 Y  -50  710
 4 17 Y  -50  541
 4 18 Y  -50  700
 4 19 Y  -50  695
 4 20 Y  -50  670
 4 21 Y  -50  689
 4 22 Y  -50  666
 4 23 Y  -50  687
 4 24 Y  -50  669
 4 25 Y  -50  689
 4 26 Y  -50  670
 4 27 Y  -50  703
 4 28 Y  -50  714
 4 29 Y  -50  728
 4 30 Y  -50  702
 4  1 Z  550  828
 4  2 Z  550  831
 4  3 Z  550  821
 4  4 Z  550  814
 4  5 Z  550  808
 4  6 Z  550  838
 4  7 Z  550  829
 4  8 Z  550  821
 4  9 Z  550  786
 4 10 Z  550  791
 4 11 Z  550  775
 4 12 Z  550  787
 4 13 Z  550  754
 4 14 Z  550  786
 4 15 Z  550  850
 4 16 Z  550  849
 4 17 Z  550  827
 4 18 Z  550  816
 4 19 Z  550  814
 4 20 Z  550  823
 4 21 Z  550  787
 4 22 Z  550  775
 4 23 Z  550  755
 4 24 Z  550  778
 4 25 Z  550  812
 4 26 Z  550  798
 4 27 Z  550  796
 4 28 Z  550  791
 4 29 Z  550  817
 4 30 Z  550  770
 5  1 X    0  969
 5  2 X    0  924
 5  3 X    0  962
 5  4 X    0  959
 5  5 X    0  976
 5  6 X    0  977
 5  7 X    0  993
 5  8 X    0  974
 5  9 X    0  974
 5 10 X    0  975
 5 11 X    0 1006
 5 12 X    0  974
 5 13 X    0  970
 5 14 X    0  978
 5 15 X    0  956
 5 16 X    0  988
 5 17 X    0  987
 5 18 X    0  991
 5 19 X    0  979
 5 20 X    0  990
 5 21 X    0 1023
 5 22 X    0 1041
 5 23 X    0 1000
 5 24 X    0  969
 5 25 X    0  990
 5 26 X    0  990
 5 27 X    0  953
 5 28 X    0 1005
 5 29 X    0  966
 5 30 X    0 1008
 5 31 X    0  966
 5  1 Y  -50  721
 5  2 Y  -50  742
 5  3 Y  -50  677
 5  4 Y  -50  707
 5  5 Y  -50  717
 5  6 Y  -50  717
 5  7 Y  -50  692
 5  8 Y  -50  705
 5  9 Y  -50  694
 5 10 Y  -50  689
 5 11 Y  -50  715
 5 12 Y  -50  698
 5 13 Y  -50  728
 5 14 Y  -50  704
 5 15 Y  -50  705
 5 16 Y  -50  699
 5 17 Y  -50  685
 5 18 Y  -50  684
 5 19 Y  -50  721
 5 20 Y  -50  687
 5 21 Y  -50  693
 5 22 Y  -50  637
 5 23 Y  -50  767
 5 24 Y  -50  680
 5 25 Y  -50  706
 5 26 Y  -50  717
 5 27 Y  -50  715
 5 28 Y  -50  705
 5 29 Y  -50  701
 5 30 Y  -50  713
 5 31 Y  -50  722
 5  1 Z  550  834
 5  2 Z  550  796
 5  3 Z  550  822
 5  4 Z  550  815
 5  5 Z  550  811
 5  6 Z  550  NaN
 5  7 Z  550  NaN
 5  8 Z  550  NaN
 5  9 Z  550  NaN
 5 10 Z  550  NaN
 5 11 Z  550  831
 5 12 Z  550  742
 5 13 Z  550  853
 5 14 Z  550  821
 5 15 Z  550  847
 5 16 Z  550  821
 5 17 Z  550  721
 5 18 Z  550  704
 5 19 Z  550  815
 5 20 Z  550  665
 5 21 Z  550  681
 5 22 Z  550  642
 5 23 Z  550  798
 5 24 Z  550  839
 5 25 Z  550  821
 5 26 Z  550  835
 5 27 Z  550  845
 5 28 Z  550  912
 5 29 Z  550  837
 5 30 Z  550  794
 5 31 Z  550  828
 6  1 X    0  985
 6  2 X    0  952
 6  3 X    0  962
 6  4 X    0 1000
 6  5 X    0 1000
 6  6 X    0  994
 6  7 X    0  997
 6  8 X    0  956
 6  9 X    0  987
 6 10 X    0  957
 6 11 X    0  959
 6 12 X    0  979
 6 13 X    0  980
 6 14 X    0 1023
 6 15 X    0 1013
 6 16 X    0 1003
 6 17 X    0  992
 6 18 X    0 1033
 6 19 X    0  989
 6 20 X    0 1012
 6 21 X    0 1017
 6 22 X    0  989
 6 23 X    0  930
 6 24 X    0  989
 6 25 X    0 1000
 6 26 X    0 1000
 6 27 X    0  965
 6 28 X    0  972
 6 29 X    0  911
 6 30 X    0  952
 6  1 Y  -50  697
 6  2 Y  -50  687
 6  3 Y  -50  702
 6  4 Y  -50  704
 6  5 Y  -50  712
 6  6 Y  -50  711
 6  7 Y  -50  689
 6  8 Y  -50  711
 6  9 Y  -50  693
 6 10 Y  -50  697
 6 11 Y  -50  700
 6 12 Y  -50  691
 6 13 Y  -50  692
 6 14 Y  -50  675
 6 15 Y  -50  692
 6 16 Y  -50  688
 6 17 Y  -50  737
 6 18 Y  -50  689
 6 19 Y  -50  674
 6 20 Y  -50  682
 6 21 Y  -50  688
 6 22 Y  -50  706
 6 23 Y  -50  727
 6 24 Y  -50  750
 6 25 Y  -50  701
 6 26 Y  -50  680
 6 27 Y  -50  730
 6 28 Y  -50  694
 6 29 Y  -50  726
 6 30 Y  -50  702
 6  1 Z  550  877
 6  2 Z  550  809
 6  3 Z  550  770
 6  4 Z  550  778
 6  5 Z  550  819
 6  6 Z  550  843
 6  7 Z  550  760
 6  8 Z  550  829
 6  9 Z  550  849
 6 10 Z  550  852
 6 11 Z  550  848
 6 12 Z  550  788
 6 13 Z  550  839
 6 14 Z  550  746
 6 15 Z  550  746
 6 16 Z  550  690
 6 17 Z  550  723
 6 18 Z  550  732
 6 19 Z  550  737
 6 20 Z  550  688
 6 21 Z  550  650
 6 22 Z  550  785
 6 23 Z  550  831
 6 24 Z  550  907
 6 25 Z  550  793
 6 26 Z  550  796
 6 27 Z  550  843
 6 28 Z  550  817
 6 29 Z  550  791
 6 30 Z  550  869
 7  1 X    0  978
 7  2 X    0  955
 7  3 X    0  960
 7  4 X    0  956
 7  5 X    0  973
 7  6 X    0  966
 7  7 X    0  968
 7  8 X    0  987
 7  9 X    0 1006
 7 10 X    0 1014
 7 11 X    0  952
 7 12 X    0 1028
 7 13 X    0 1043
 7 14 X    0  986
 7 15 X    0  998
 7 16 X    0 1022
 7 17 X    0 1025
 7 18 X    0 1003
 7 19 X    0  986
 7 20 X    0  950
 7 21 X    0  972
 7 22 X    0  968
 7 23 X    0  977
 7 24 X    0  908
 7 25 X    0 1040
 7 26 X    0 1015
 7 27 X    0  997
 7 28 X    0  951
 7 29 X    0  944
 7 30 X    0  966
 7 31 X    0  964
 7  1 Y  -50  706
 7  2 Y  -50  711
 7  3 Y  -50  694
 7  4 Y  -50  715
 7  5 Y  -50  702
 7  6 Y  -50  700
 7  7 Y  -50  700
 7  8 Y  -50  699
 7  9 Y  -50  684
 7 10 Y  -50  704
 7 11 Y  -50  721
 7 12 Y  -50  681
 7 13 Y  -50  692
 7 14 Y  -50  684
 7 15 Y  -50  690
 7 16 Y  -50  673
 7 17 Y  -50  681
 7 18 Y  -50  687
 7 19 Y  -50  674
 7 20 Y  -50  711
 7 21 Y  -50  715
 7 22 Y  -50  718
 7 23 Y  -50  699
 7 24 Y  -50  740
 7 25 Y  -50  697
 7 26 Y  -50  690
 7 27 Y  -50  728
 7 28 Y  -50  721
 7 29 Y  -50  720
 7 30 Y  -50  718
 7 31 Y  -50  747
 7  1 Z  550  834
 7  2 Z  550  NaN
 7  3 Z  550  750
 7  4 Z  550  846
 7  5 Z  550  832
 7  6 Z  550  867
 7  7 Z  550  832
 7  8 Z  550  798
 7  9 Z  550  NaN
 7 10 Z  550  685
 7 11 Z  550  750
 7 12 Z  550  722
 7 13 Z  550  681
 7 14 Z  550  762
 7 15 Z  550  692
 7 16 Z  550  723
 7 17 Z  550  710
 7 18 Z  550  759
 7 19 Z  550  733
 7 20 Z  550  839
 7 21 Z  550  872
 7 22 Z  550  826
 7 23 Z  550  836
 7 24 Z  550  849
 7 25 Z  550  720
 7 26 Z  550  694
 7 27 Z  550  833
 7 28 Z  550  845
 7 29 Z  550  839
 7 30 Z  550  845
 7 31 Z  550  854
 8  1 X    0  NaN
 8  2 X    0  NaN
 8  3 X    0  NaN
 8  4 X    0  979
 8  5 X    0  947
 8  6 X    0  957
 8  7 X    0  925
 8  8 X    0 1015
 8  9 X    0 1000
 8 10 X    0  967
 8 11 X    0 1005
 8 12 X    0  999
 8 13 X    0  986
 8 14 X    0 1013
 8 15 X    0 1002
 8 16 X    0  962
 8 17 X    0  927
 8 18 X    0  938
 8 19 X    0  964
 8 20 X    0 1055
 8 21 X    0  982
 8 22 X    0  996
 8 23 X    0  998
 8 24 X    0  982
 8 25 X    0  NaN
 8 26 X    0  NaN
 8 27 X    0  981
 8 28 X    0  987
 8 29 X    0  976
 8 30 X    0  978
 8 31 X    0  972
 8  1 Y  -50  NaN
 8  2 Y  -50  NaN
 8  3 Y  -50  NaN
 8  4 Y  -50  729
 8  5 Y  -50  713
 8  6 Y  -50  690
 8  7 Y  -50  657
 8  8 Y  -50  690
 8  9 Y  -50  719
 8 10 Y  -50  720
 8 11 Y  -50  724
 8 12 Y  -50  709
 8 13 Y  -50  695
 8 14 Y  -50  735
 8 15 Y  -50  714
 8 16 Y  -50  695
 8 17 Y  -50  725
 8 18 Y  -50  731
 8 19 Y  -50  726
 8 20 Y  -50  701
 8 21 Y  -50  707
 8 22 Y  -50  708
 8 23 Y  -50  698
 8 24 Y  -50  689
 8 25 Y  -50  NaN
 8 26 Y  -50  NaN
 8 27 Y  -50  695
 8 28 Y  -50  703
 8 29 Y  -50  723
 8 30 Y  -50  708
 8 31 Y  -50  725
 8  1 Z  550  NaN
 8  2 Z  550  NaN
 8  3 Z  550  NaN
 8  4 Z  550  860
 8  5 Z  550  819
 8  6 Z  550  825
 8  7 Z  550  797
 8  8 Z  550  721
 8  9 Z  550  786
 8 10 Z  550  746
 8 11 Z  550  767
 8 12 Z  550  779
 8 13 Z  550  765
 8 14 Z  550  805
 8 15 Z  550  794
 8 16 Z  550  852
 8 17 Z  550  890
 8 18 Z  550  867
 8 19 Z  550  774
 8 20 Z  550  750
 8 21 Z  550  757
 8 22 Z  550  731
 8 23 Z  550  773
 8 24 Z  550  781
 8 25 Z  550  788
 8 26 Z  550  NaN
 8 27 Z  550  811
 8 28 Z  550  868
 8 29 Z  550  874
 8 30 Z  550  862
 8 31 Z  550  857
 9  1 X    0  973
 9  2 X    0  970
 9  3 X    0  990
 9  4 X    0  993
 9  5 X    0  981
 9  6 X    0  991
 9  7 X    0  994
 9  8 X    0  986
 9  9 X    0  988
 9 10 X    0  959
 9 11 X    0 1001
 9 12 X    0  994
 9 13 X    0  947
 9 14 X    0  977
 9 15 X    0  982
 9 16 X    0  971
 9 17 X    0  971
 9 18 X    0  992
 9 19 X    0  995
 9 20 X    0  970
 9 21 X    0  986
 9 22 X    0  NaN
 9 23 X    0  974
 9 24 X    0  951
 9 25 X    0  970
 9 26 X    0  969
 9 27 X    0  984
 9 28 X    0  977
 9 29 X    0  981
 9 30 X    0  963
 9  1 Y  -50  702
 9  2 Y  -50  709
 9  3 Y  -50  725
 9  4 Y  -50  722
 9  5 Y  -50  701
 9  6 Y  -50  721
 9  7 Y  -50  719
 9  8 Y  -50  707
 9  9 Y  -50  687
 9 10 Y  -50  703
 9 11 Y  -50  698
 9 12 Y  -50  719
 9 13 Y  -50  718
 9 14 Y  -50  707
 9 15 Y  -50  702
 9 16 Y  -50  697
 9 17 Y  -50  699
 9 18 Y  -50  705
 9 19 Y  -50  690
 9 20 Y  -50  710
 9 21 Y  -50  694
 9 22 Y  -50  NaN
 9 23 Y  -50  718
 9 24 Y  -50  704
 9 25 Y  -50  687
 9 26 Y  -50  694
 9 27 Y  -50  709
 9 28 Y  -50  695
 9 29 Y  -50  693
 9 30 Y  -50  690
 9  1 Z  550  827
 9  2 Z  550  830
 9  3 Z  550  798
 9  4 Z  550  798
 9  5 Z  550  813
 9  6 Z  550  831
 9  7 Z  550  817
 9  8 Z  550  824
 9  9 Z  550  837
 9 10 Z  550  809
 9 11 Z  550  811
 9 12 Z  550  814
 9 13 Z  550  841
 9 14 Z  550  856
 9 15 Z  550  826
 9 16 Z  550  803
 9 17 Z  550  802
 9 18 Z  550  813
 9 19 Z  550  807
 9 20 Z  550  805
 9 21 Z  550  809
 9 22 Z  550  806
 9 23 Z  550  831
 9 24 Z  550  851
 9 25 Z  550  842
 9 26 Z  550  839
 9 27 Z  550  842
 9 28 Z  550  811
 9 29 Z  550  824
 9 30 Z  550  801
10  1 X    0  990
10  2 X    0  955
10  3 X    0  974
10  4 X    0  964
10  5 X    0  987
10  6 X    0  968
10  7 X    0  972
10  8 X    0  983
10  9 X    0  992
10 10 X    0  977
10 11 X    0  978
10 12 X    0  978
10 13 X    0  978
10 14 X    0  964
10 15 X    0  984
10 16 X    0  980
10 17 X    0  955
10 18 X    0  987
10 19 X    0  985
10 20 X    0  979
10 21 X    0  976
10 22 X    0  966
10 23 X    0  977
10 24 X    0  978
10 25 X    0  974
10 26 X    0  979
10 27 X    0  983
10 28 X    0  941
10 29 X    0  951
10 30 X    0  961
10 31 X    0  960
10  1 Y  -50  716
10  2 Y  -50  709
10  3 Y  -50  703
10  4 Y  -50  718
10  5 Y  -50  704
10  6 Y  -50  699
10  7 Y  -50  711
10  8 Y  -50  697
10  9 Y  -50  698
10 10 Y  -50  690
10 11 Y  -50  695
10 12 Y  -50  682
10 13 Y  -50  683
10 14 Y  -50  688
10 15 Y  -50  678
10 16 Y  -50  706
10 17 Y  -50  700
10 18 Y  -50  702
10 19 Y  -50  697
10 20 Y  -50  695
10 21 Y  -50  699
10 22 Y  -50  701
10 23 Y  -50  686
10 24 Y  -50  705
10 25 Y  -50  688
10 26 Y  -50  688
10 27 Y  -50  694
10 28 Y  -50  713
10 29 Y  -50  703
10 30 Y  -50  686
10 31 Y  -50  709
10  1 Z  550  830
10  2 Z  550  847
10  3 Z  550  839
10  4 Z  550  845
10  5 Z  550  843
10  6 Z  550  821
10  7 Z  550  820
10  8 Z  550  833
10  9 Z  550  828
10 10 Z  550  833
10 11 Z  550  834
10 12 Z  550  818
10 13 Z  550  804
10 14 Z  550  830
10 15 Z  550  819
10 16 Z  550  820
10 17 Z  550  817
10 18 Z  550  822
10 19 Z  550  824
10 20 Z  550  826
10 21 Z  550  819
10 22 Z  550  817
10 23 Z  550  835
10 24 Z  550  839
10 25 Z  550  824
10 26 Z  550  819
10 27 Z  550  820
10 28 Z  550  846
10 29 Z  550  859
10 30 Z  550  878
10 31 Z  550  875
11  1 X    0  961
11  2 X    0  973
11  3 X    0  985
11  4 X    0  983
11  5 X    0  974
11  6 X    0  981
11  7 X    0  980
11  8 X    0  977
11  9 X    0  972
11 10 X    0  967
11 11 X    0  983
11 12 X    0  982
11 13 X    0  976
11 14 X    0  972
11 15 X    0  978
11 16 X    0  975
11 17 X    0  969
11 18 X    0  963
11 19 X    0  993
11 20 X    0  975
11 21 X    0  979
11 22 X    0  957
11 23 X    0  979
11 24 X    0  964
11 25 X    0  979
11 26 X    0  956
11 27 X    0  972
11 28 X    0  969
11 29 X    0  980
11 30 X    0  979
11  1 Y  -50  727
11  2 Y  -50  709
11  3 Y  -50  674
11  4 Y  -50  734
11  5 Y  -50  684
11  6 Y  -50  694
11  7 Y  -50  689
11  8 Y  -50  694
11  9 Y  -50  695
11 10 Y  -50  721
11 11 Y  -50  700
11 12 Y  -50  702
11 13 Y  -50  690
11 14 Y  -50  694
11 15 Y  -50  697
11 16 Y  -50  696
11 17 Y  -50  699
11 18 Y  -50  699
11 19 Y  -50  696
11 20 Y  -50  697
11 21 Y  -50  694
11 22 Y  -50  707
11 23 Y  -50  697
11 24 Y  -50  686
11 25 Y  -50  721
11 26 Y  -50  708
11 27 Y  -50  711
11 28 Y  -50  692
11 29 Y  -50  698
11 30 Y  -50  698
11  1 Z  550  861
11  2 Z  550  840
11  3 Z  550  828
11  4 Z  550  851
11  5 Z  550  832
11  6 Z  550  823
11  7 Z  550  821
11  8 Z  550  825
11  9 Z  550  826
11 10 Z  550  836
11 11 Z  550  834
11 12 Z  550  832
11 13 Z  550  840
11 14 Z  550  827
11 15 Z  550  824
11 16 Z  550  816
11 17 Z  550  819
11 18 Z  550  820
11 19 Z  550  829
11 20 Z  550  809
11 21 Z  550  812
11 22 Z  550  833
11 23 Z  550  825
11 24 Z  550  810
11 25 Z  550  860
11 26 Z  550  855
11 27 Z  550  882
11 28 Z  550  876
11 29 Z  550  847
11 30 Z  550  833
12  1 X    0  998
12  2 X    0  987
12  3 X    0  983
12  4 X    0  974
12  5 X    0  974
12  6 X    0  988
12  7 X    0  979
12  8 X    0  977
12  9 X    0  992
12 10 X    0  NaN
12 11 X    0  NaN
12 12 X    0  971
12 13 X    0  972
12 14 X    0  962
12 15 X    0  985
12 16 X    0  989
12 17 X    0  991
12 18 X    0  NaN
12 19 X    0  984
12 20 X    0  982
12 21 X    0  991
12 22 X    0  962
12 23 X    0  988
12 24 X    0  968
12 25 X    0  976
12 26 X    0  983
12 27 X    0  981
12 28 X    0  NaN
12 29 X    0  992
12 30 X    0  979
12 31 X    0  993
12  1 Y  -50  704
12  2 Y  -50  703
12  3 Y  -50  700
12  4 Y  -50  706
12  5 Y  -50  698
12  6 Y  -50  723
12  7 Y  -50  692
12  8 Y  -50  700
12  9 Y  -50  703
12 10 Y  -50  NaN
12 11 Y  -50  NaN
12 12 Y  -50  686
12 13 Y  -50  701
12 14 Y  -50  674
12 15 Y  -50  704
12 16 Y  -50  706
12 17 Y  -50  704
12 18 Y  -50  NaN
12 19 Y  -50  701
12 20 Y  -50  695
12 21 Y  -50  706
12 22 Y  -50  715
12 23 Y  -50  713
12 24 Y  -50  715
12 25 Y  -50  707
12 26 Y  -50  718
12 27 Y  -50  702
12 28 Y  -50  NaN
12 29 Y  -50  698
12 30 Y  -50  700
12 31 Y  -50  706
12  1 Z  550  821
12  2 Z  550  815
12  3 Z  550  812
12  4 Z  550  810
12  5 Z  550  806
12  6 Z  550  816
12  7 Z  550  808
12  8 Z  550  805
12  9 Z  550  809
12 10 Z  550  NaN
12 11 Z  550  NaN
12 12 Z  550  811
12 13 Z  550  840
12 14 Z  550  838
12 15 Z  550  833
12 16 Z  550  824
12 17 Z  550  821
12 18 Z  550  NaN
12 19 Z  550  827
12 20 Z  550  819
12 21 Z  550  811
12 22 Z  550  813
12 23 Z  550  839
12 24 Z  550  847
12 25 Z  550  856
12 26 Z  550  872
12 27 Z  550  839
12 28 Z  550  NaN
12 29 Z  550  818
12 30 Z  550  813
12 31 Z  550  812
