 1  1 X   10  292
 1  2 X   10  267
 1  3 X   10  291
 1  4 X   10  277
 1  5 X   10  276
 1  6 X   10  275
 1  7 X   10  271
 1  8 X   10  276
 1  9 X   10  281
 1 10 X   10  271
 1 11 X   10  273
 1 12 X   10  273
 1 13 X   10  282
 1 14 X   10  275
 1 15 X   10  268
 1 16 X   10  272
 1 17 X   10  269
 1 18 X   10  256
 1 19 X   10  271
 1 20 X   10  272
 1 21 X   10  280
 1 22 X   10  276
 1 23 X   10  273
 1 24 X   10  272
 1 25 X   10  260
 1 26 X   10  280
 1 27 X   10  267
 1 28 X   10  279
 1 29 X   10  286
 1 30 X   10  268
 1 31 X   10  268
 1  1 Y  -40  358
 1  2 Y  -40  372
 1  3 Y  -40  365
 1  4 Y  -40  363
 1  5 Y  -40  367
 1  6 Y  -40  364
 1  7 Y  -40  366
 1  8 Y  -40  361
 1  9 Y  -40  364
 1 10 Y  -40  367
 1 11 Y  -40  371
 1 12 Y  -40  372
 1 13 Y  -40  362
 1 14 Y  -40  366
 1 15 Y  -40  357
 1 16 Y  -40  371
 1 17 Y  -40  375
 1 18 Y  -40  362
 1 19 Y  -40  373
 1 20 Y  -40  370
 1 21 Y  -40  370
 1 22 Y  -40  363
 1 23 Y  -40  372
 1 24 Y  -40  377
 1 25 Y  -40  362
 1 26 Y  -40  363
 1 27 Y  -40  369
 1 28 Y  -40  366
 1 29 Y  -40  361
 1 30 Y  -40  365
 1 31 Y  -40  368
 1  1 Z  560  408
 1  2 Z  560  400
 1  3 Z  560  407
 1  4 Z  560  408
 1  5 Z  560  401
 1  6 Z  560  399
 1  7 Z  560  397
 1  8 Z  560  393
 1  9 Z  560  394
 1 10 Z  560  395
 1 11 Z  560  396
 1 12 Z  560  409
 1 13 Z  560  410
 1 14 Z  560  400
 1 15 Z  560  409
 1 16 Z  560  402
 1 17 Z  560  404
 1 18 Z  560  402
 1 19 Z  560  399
 1 20 Z  560  395
 1 21 Z  560  397
 1 22 Z  560  390
 1 23 Z  560  394
 1 24 Z  560  405
 1 25 Z  560  387
 1 26 Z  560  403
 1 27 Z  560  391
 1 28 Z  560  397
 1 29 Z  560  393
 1 30 Z  560  385
 1 31 Z  560  415
 2  1 X   10  247
 2  2 X   10  283
 2  3 X   10  284
 2  4 X   10  278
 2  5 X   10  274
 2  6 X   10  275
 2  7 X   10  272
 2  8 X   10  271
 2  9 X   10  257
 2 10 X   10  279
 2 11 X   10  260
 2 12 X   10  282
 2 13 X   10  274
 2 14 X   10  268
 2 15 X   10  273
 2 16 X   10  274
 2 17 X   10  275
 2 18 X   10  275
 2 19 X   10  263
 2 20 X   10  266
 2 21 X   10  286
 2 22 X   10  277
 2 23 X   10  271
 2 24 X   10  269
 2 25 X   10  274
 2 26 X   10  290
 2 27 X   10  262
 2 28 X   10  271
 2  1 Y  -40  371
 2  2 Y  -40  377
 2  3 Y  -40  366
 2  4 Y  -40  363
 2  5 Y  -40  365
 2  6 Y  -40  366
 2  7 Y  -40  375
 2  8 Y  -40  382
 2  9 Y  -40  371
 2 10 Y  -40  374
 2 11 Y  -40  361
 2 12 Y  -40  380
 2 13 Y  -40  375
 2 14 Y  -40  380
 2 15 Y  -40  367
 2 16 Y  -40  372
 2 17 Y  -40  373
 2 18 Y  -40  370
 2 19 Y  -40  378
 2 20 Y  -40  367
 2 21 Y  -40  367
 2 22 Y  -40  357
 2 23 Y  -40  374
 2 24 Y  -40  359
 2 25 Y  -40  376
 2 26 Y  -40  367
 2 27 Y  -40  394
 2 28 Y  -40  387
 2  1 Z  560  416
 2  2 Z  560  430
 2  3 Z  560  412
 2  4 Z  560  400
 2  5 Z  560  396
 2  6 Z  560  391
 2  7 Z  560  391
 2  8 Z  560  400
 2  9 Z  560  406
 2 10 Z  560  411
 2 11 Z  560  402
 2 12 Z  560  410
 2 13 Z  560  406
 2 14 Z  560  397
 2 15 Z  560  400
 2 16 Z  560  397
 2 17 Z  560  394
 2 18 Z  560  392
 2 19 Z  560  381
 2 20 Z  560  368
 2 21 Z  560  380
 2 22 Z  560  386
 2 23 Z  560  384
 2 24 Z  560  360
 2 25 Z  560  371
 2 26 Z  560  399
 2 27 Z  560  393
 2 28 Z  560  410
 3  1 X   10  272
 3  2 X   10  279
 3  3 X   10  274
 3  4 X   10  262
 3  5 X   10  293
 3  6 X   10  276
 3  7 X   10  267
 3  8 X   10  261
 3  9 X   10  285
 3 10 X   10  292
 3 11 X   10  274
 3 12 X   10  270
 3 13 X   10  292
 3 14 X   10  298
 3 15 X   10  295
 3 16 X   10  276
 3 17 X   10  271
 3 18 X   10  287
 3 19 X   10  266
 3 20 X   10  301
 3 21 X   10  285
 3 22 X   10  292
 3 23 X   10  298
 3 24 X   10  206
 3 25 X   10  291
 3 26 X   10  302
 3 27 X   10  296
 3 28 X   10  334
 3 29 X   10  276
 3 30 X   10  292
 3 31 X   10  270
 3  1 Y  -40  378
 3  2 Y  -40  383
 3  3 Y  -40  370
 3  4 Y  -40  368
 3  5 Y  -40  390
 3  6 Y  -40  388
 3  7 Y  -40  371
 3  8 Y  -40  375
 3  9 Y  -40  373
 3 10 Y  -40  374
 3 11 Y  -40  369
 3 12 Y  -40  380
 3 13 Y  -40  356
 3 14 Y  -40  344
 3 15 Y  -40  380
 3 16 Y  -40  364
 3 17 Y  -40  362
 3 18 Y  -40  357
 3 19 Y  -40  396
 3 20 Y  -40  386
 3 21 Y  -40  352
 3 22 Y  -40  368
 3 23 Y  -40  356
 3 24 Y  -40  335
 3 25 Y  -40  377
 3 26 Y  -40  384
 3 27 Y  -40  402
 3 28 Y  -40  384
 3 29 Y  -40  363
 3 30 Y  -40  397
 3 31 Y  -40  363
 3  1 Z  560  397
 3  2 Z  560  408
 3  3 Z  560  401
 3  4 Z  560  407
 3  5 Z  560  408
 3  6 Z  560  402
 3  7 Z  560  390
 3  8 Z  560  397
 3  9 Z  560  410
 3 10 Z  560  438
 3 11 Z  560  401
 3 12 Z  560  406
 3 13 Z  560  385
 3 14 Z  560  388
 3 15 Z  560  377
 3 16 Z  560  371
 3 17 Z  560  396
 3 18 Z  560  389
 3 19 Z  560  379
 3 20 Z  560  425
 3 21 Z  560  359
 3 22 Z  560  353
 3 23 Z  560  375
 3 24 Z  560  257
 3 25 Z  560  384
 3 26 Z  560  432
 3 27 Z  560  402
 3 28 Z  560  444
 3 29 Z  560  407
 3 30 Z  560  416
 3 31 Z  560  464
 4  1 X   10  309
 4  2 X   10  298
 4  3 X   10  297
 4  4 X   10  266
 4  5 X   10  277
 4  6 X   10  287
 4  7 X   10  298
 4  8 X   10  282
 4  9 X   10  298
 4 10 X   10  302
 4 11 X   10  278
 4 12 X   10  318
 4 13 X   10  287
 4 14 X   10  300
 4 15 X   10  295
 4 16 X   10  288
 4 17 X   10  311
 4 18 X   10  315
 4 19 X   10  295
 4 20 X   10  286
 4 21 X   10  305
 4 22 X   10  310
 4 23 X   10  277
 4 24 X   10  237
 4 25 X   10  299
 4 26 X   10  227
 4 27 X   10  309
 4 28 X   10  292
 4 29 X   10  297
 4 30 X   10  304
 4  1 Y  -40  382
 4  2 Y  -40  394
 4  3 Y  -40  376
 4  4 Y  -40  405
 4  5 Y  -40  359
 4  6 Y  -40  367
 4  7 Y  -40  372
 4  8 Y  -40  383
 4  9 Y  -40  383
 4 10 Y  -40  353
 4 11 Y  -40  365
 4 12 Y  -40  356
 4 13 Y  -40  373
 4 14 Y  -40  364
 4 15 Y  -40  368
 4 16 Y  -40  372
 4 17 Y  -40  371
 4 18 Y  -40  367
 4 19 Y  -40  325
 4 20 Y  -40  380
 4 21 Y  -40  359
 4 22 Y  -40  387
 4 23 Y  -40  363
 4 24 Y  -40  382
 4 25 Y  -40  357
 4 26 Y  -40  402
 4 27 Y  -40  394
 4 28 Y  -40  411
 4 29 Y  -40  393
 4 30 Y  -40  379
 4  1 Z  560  428
 4  2 Z  560  433
 4  3 Z  560  417
 4  4 Z  560  412
 4  5 Z  560  377
 4  6 Z  560  431
 4  7 Z  560  412
 4  8 Z  560  413
 4  9 Z  560  376
 4 10 Z  560  353
 4 11 Z  560  376
 4 12 Z  560  371
 4 13 Z  560  367
 4 14 Z  560  322
 4 15 Z  560  335
 4 16 Z  560  324
 4 17 Z  560  309
 4 18 Z  560  312
 4 19 Z  560  293
 4 20 Z  560  307
 4 21 Z  560  322
 4 22 Z  560  332
 4 23 Z  560  348
 4 24 Z  560  414
 4 25 Z  560  495
 4 26 Z  560  465
 4 27 Z  560  412
 4 28 Z  560  421
 4 29 Z  560  417
 4 30 Z  560  376
 5  1 X   10  277
 5  2 X   10  285
 5  3 X   10  289
 5  4 X   10  289
 5  5 X   10  300
 5  6 X   10  289
 5  7 X   10  338
 5  8 X   10  333
 5  9 X   10  308
 5 10 X   10  329
 5 11 X   10  339
 5 12 X   10  277
 5 13 X   10  311
 5 14 X   10  344
 5 15 X   10  278
 5 16 X   10  301
 5 17 X   10  410
 5 18 X   10  293
 5 19 X   10  231
 5 20 X   10  289
 5 21 X   10  334
 5 22 X   10  307
 5 23 X   10  261
 5 24 X   10  264
 5 25 X   10  301
 5 26 X   10  276
 5 27 X   10  318
 5 28 X   10  251
 5 29 X   10  307
 5 30 X   10  283
 5 31 X   10  436
 5  1 Y  -40  398
 5  2 Y  -40  390
 5  3 Y  -40  373
 5  4 Y  -40  382
 5  5 Y  -40  367
 5  6 Y  -40  398
 5  7 Y  -40  346
 5  8 Y  -40  370
 5  9 Y  -40  376
 5 10 Y  -40  360
 5 11 Y  -40  349
 5 12 Y  -40  399
 5 13 Y  -40  379
 5 14 Y  -40  431
 5 15 Y  -40  353
 5 16 Y  -40  354
 5 17 Y  -40  312
 5 18 Y  -40  357
 5 19 Y  -40  392
 5 20 Y  -40  367
 5 21 Y  -40  349
 5 22 Y  -40  447
 5 23 Y  -40  402
 5 24 Y  -40  391
 5 25 Y  -40  399
 5 26 Y  -40  402
 5 27 Y  -40  386
 5 28 Y  -40  368
 5 29 Y  -40  381
 5 30 Y  -40  397
 5 31 Y  -40  360
 5  1 Z  560  424
 5  2 Z  560  397
 5  3 Z  560  415
 5  4 Z  560  399
 5  5 Z  560  413
 5  6 Z  560  413
 5  7 Z  560  293
 5  8 Z  560  258
 5  9 Z  560  276
 5 10 Z  560  290
 5 11 Z  560  270
 5 12 Z  560  384
 5 13 Z  560  361
 5 14 Z  560  358
 5 15 Z  560  356
 5 16 Z  560  236
 5 17 Z  560  316
 5 18 Z  560  350
 5 19 Z  560  440
 5 20 Z  560  376
 5 21 Z  560  277
 5 22 Z  560  393
 5 23 Z  560  441
 5 24 Z  560  426
 5 25 Z  560  411
 5 26 Z  560  406
 5 27 Z  560  417
 5 28 Z  560  376
 5 29 Z  560  424
 5 30 Z  560  402
 5 31 Z  560  358
 6  1 X   10  342
 6  2 X   10  243
 6  3 X   10  329
 6  4 X   10  160
 6  5 X   10  310
 6  6 X   10  356
 6  7 X   10  320
 6  8 X   10  305
 6  9 X   10  371
 6 10 X   10  307
 6 11 X   10  298
 6 12 X   10  388
 6 13 X   10  247
 6 14 X   10  346
 6 15 X   10  374
 6 16 X   10  341
 6 17 X   10  326
 6 18 X   10  264
 6 19 X   10  266
 6 20 X   10  249
 6 21 X   10  246
 6 22 X   10  278
 6 23 X   10  285
 6 24 X   10  327
 6 25 X   10  287
 6 26 X   10  304
 6 27 X   10  290
 6 28 X   10  287
 6 29 X   10  281
 6 30 X   10  331
 6  1 Y  -40  296
 6  2 Y  -40  329
 6  3 Y  -40  380
 6  4 Y  -40  422
 6  5 Y  -40  446
 6  6 Y  -40  283
 6  7 Y  -40  366
 6  8 Y  -40  412
 6  9 Y  -40  317
 6 10 Y  -40  448
 6 11 Y  -40  381
 6 12 Y  -40  390
 6 13 Y  -40  439
 6 14 Y  -40  362
 6 15 Y  -40  378
 6 16 Y  -40  353
 6 17 Y  -40  406
 6 18 Y  -40  404
 6 19 Y  -40  366
 6 20 Y  -40  394
 6 21 Y  -40  404
 6 22 Y  -40  396
 6 23 Y  -40  390
 6 24 Y  -40  401
 6 25 Y  -40  388
 6 26 Y  -40  376
 6 27 Y  -40  377
 6 28 Y  -40  401
 6 29 Y  -40  393
 6 30 Y  -40  430
 6  1 Z  560  335
 6  2 Z  560  382
 6  3 Z  560  313
 6  4 Z  560  367
 6  5 Z  560  389
 6  6 Z  560  390
 6  7 Z  560  331
 6  8 Z  560  258
 6  9 Z  560  206
 6 10 Z  560  303
 6 11 Z  560  395
 6 12 Z  560  173
 6 13 Z  560  598
 6 14 Z  560  332
 6 15 Z  560  305
 6 16 Z  560  291
 6 17 Z  560  403
 6 18 Z  560  430
 6 19 Z  560  464
 6 20 Z  560  469
 6 21 Z  560  485
 6 22 Z  560  467
 6 23 Z  560  391
 6 24 Z  560  452
 6 25 Z  560  451
 6 26 Z  560  362
 6 27 Z  560  442
 6 28 Z  560  468
 6 29 Z  560  443
 6 30 Z  560  348
 7  1 X   10  341
 7  2 X   10  337
 7  3 X   10  303
 7  4 X   10  363
 7  5 X   10  343
 7  6 X   10  337
 7  7 X   10  248
 7  8 X   10  318
 7  9 X   10  366
 7 10 X   10  378
 7 11 X   10  378
 7 12 X   10  351
 7 13 X   10  296
 7 14 X   10  319
 7 15 X   10  283
 7 16 X   10  217
 7 17 X   10  313
 7 18 X   10  246
 7 19 X   10  247
 7 20 X   10  321
 7 21 X   10  294
 7 22 X   10  309
 7 23 X   10  288
 7 24 X   10  281
 7 25 X   10  278
 7 26 X   10  288
 7 27 X   10  251
 7 28 X   10  248
 7 29 X   10  256
 7 30 X   10  281
 7 31 X   10  272
 7  1 Y  -40  345
 7  2 Y  -40  383
 7  3 Y  -40  356
 7  4 Y  -40  337
 7  5 Y  -40  371
 7  6 Y  -40  361
 7  7 Y  -40  420
 7  8 Y  -40  389
 7  9 Y  -40  417
 7 10 Y  -40  337
 7 11 Y  -40  358
 7 12 Y  -40  388
 7 13 Y  -40  442
 7 14 Y  -40  409
 7 15 Y  -40  391
 7 16 Y  -40  428
 7 17 Y  -40  384
 7 18 Y  -40  412
 7 19 Y  -40  411
 7 20 Y  -40  387
 7 21 Y  -40  371
 7 22 Y  -40  389
 7 23 Y  -40  390
 7 24 Y  -40  413
 7 25 Y  -40  432
 7 26 Y  -40  398
 7 27 Y  -40  394
 7 28 Y  -40  370
 7 29 Y  -40  433
 7 30 Y  -40  399
 7 31 Y  -40  388
 7  1 Z  560  241
 7  2 Z  560  218
 7  3 Z  560  333
 7  4 Z  560  238
 7  5 Z  560  270
 7  6 Z  560  270
 7  7 Z  560  423
 7  8 Z  560  183
 7  9 Z  560  275
 7 10 Z  560  282
 7 11 Z  560  238
 7 12 Z  560  221
 7 13 Z  560  344
 7 14 Z  560  408
 7 15 Z  560  479
 7 16 Z  560  411
 7 17 Z  560  459
 7 18 Z  560  480
 7 19 Z  560  466
 7 20 Z  560  427
 7 21 Z  560  428
 7 22 Z  560  434
 7 23 Z  560  378
 7 24 Z  560  422
 7 25 Z  560  443
 7 26 Z  560  465
 7 27 Z  560  406
 7 28 Z  560  453
 7 29 Z  560  467
 7 30 Z  560  402
 7 31 Z  560  362
 8  1 X   10  344
 8  2 X   10  349
 8  3 X   10  337
 8  4 X   10  352
 8  5 X   10  326
 8  6 X   10  374
 8  7 X   10  345
 8  8 X   10  337
 8  9 X   10  349
 8 10 X   10  355
 8 11 X   10  308
 8 12 X   10  294
 8 13 X   10  262
 8 14 X   10  242
 8 15 X   10  288
 8 16 X   10  263
 8 17 X   10  317
 8 18 X   10  261
 8 19 X   10  366
 8 20 X   10  321
 8 21 X   10  322
 8 22 X   10  331
 8 23 X   10  362
 8 24 X   10  305
 8 25 X   10  288
 8 26 X   10  277
 8 27 X   10  280
 8 28 X   10  347
 8 29 X   10  299
 8 30 X   10  305
 8 31 X   10  324
 8  1 Y  -40  371
 8  2 Y  -40  402
 8  3 Y  -40  399
 8  4 Y  -40  360
 8  5 Y  -40  321
 8  6 Y  -40  369
 8  7 Y  -40  350
 8  8 Y  -40  366
 8  9 Y  -40  385
 8 10 Y  -40  375
 8 11 Y  -40  430
 8 12 Y  -40  440
 8 13 Y  -40  427
 8 14 Y  -40  396
 8 15 Y  -40  379
 8 16 Y  -40  411
 8 17 Y  -40  392
 8 18 Y  -40  393
 8 19 Y  -40  365
 8 20 Y  -40  428
 8 21 Y  -40  350
 8 22 Y  -40  371
 8 23 Y  -40  319
 8 24 Y  -40  382
 8 25 Y  -40  401
 8 26 Y  -40  405
 8 27 Y  -40  358
 8 28 Y  -40  387
 8 29 Y  -40  390
 8 30 Y  -40  379
 8 31 Y  -40  428
 8  1 Z  560  255
 8  2 Z  560  296
 8  3 Z  560  303
 8  4 Z  560  249
 8  5 Z  560  321
 8  6 Z  560  273
 8  7 Z  560  241
 8  8 Z  560  271
 8  9 Z  560  240
 8 10 Z  560  273
 8 11 Z  560  408
 8 12 Z  560  374
 8 13 Z  560  481
 8 14 Z  560  425
 8 15 Z  560  429
 8 16 Z  560  443
 8 17 Z  560  372
 8 18 Z  560  380
 8 19 Z  560  559
 8 20 Z  560  357
 8 21 Z  560  351
 8 22 Z  560  382
 8 23 Z  560  352
 8 24 Z  560  392
 8 25 Z  560  413
 8 26 Z  560  426
 8 27 Z  560  279
 8 28 Z  560  247
 8 29 Z  560  383
 8 30 Z  560  331
 8 31 Z  560  335
 9  1 X   10  313
 9  2 X   10  342
 9  3 X   10  313
 9  4 X   10  326
 9  5 X   10  321
 9  6 X   10  332
 9  7 X   10  332
 9  8 X   10  304
 9  9 X   10  288
 9 10 X   10  286
 9 11 X   10  307
 9 12 X   10  284
 9 13 X   10  276
 9 14 X   10  299
 9 15 X   10  287
 9 16 X   10  299
 9 17 X   10  283
 9 18 X   10  285
 9 19 X   10  304
 9 20 X   10  316
 9 21 X   10  309
 9 22 X   10  301
 9 23 X   10  277
 9 24 X   10  286
 9 25 X   10  280
 9 26 X   10  301
 9 27 X   10  295
 9 28 X   10  294
 9 29 X   10  289
 9 30 X   10  294
 9  1 Y  -40  376
 9  2 Y  -40  387
 9  3 Y  -40  387
 9  4 Y  -40  373
 9  5 Y  -40  395
 9  6 Y  -40  389
 9  7 Y  -40  369
 9  8 Y  -40  419
 9  9 Y  -40  400
 9 10 Y  -40  403
 9 11 Y  -40  404
 9 12 Y  -40  395
 9 13 Y  -40  376
 9 14 Y  -40  400
 9 15 Y  -40  395
 9 16 Y  -40  372
 9 17 Y  -40  387
 9 18 Y  -40  394
 9 19 Y  -40  384
 9 20 Y  -40  375
 9 21 Y  -40  365
 9 22 Y  -40  392
 9 23 Y  -40  386
 9 24 Y  -40  389
 9 25 Y  -40  380
 9 26 Y  -40  395
 9 27 Y  -40  390
 9 28 Y  -40  393
 9 29 Y  -40  373
 9 30 Y  -40  394
 9  1 Z  560  362
 9  2 Z  560  328
 9  3 Z  560  324
 9  4 Z  560  330
 9  5 Z  560  343
 9  6 Z  560  365
 9  7 Z  560  342
 9  8 Z  560  381
 9  9 Z  560  410
 9 10 Z  560  443
 9 11 Z  560  418
 9 12 Z  560  422
 9 13 Z  560  424
 9 14 Z  560  413
 9 15 Z  560  443
 9 16 Z  560  398
 9 17 Z  560  400
 9 18 Z  560  416
 9 19 Z  560  353
 9 20 Z  560  357
 9 21 Z  560  363
 9 22 Z  560  404
 9 23 Z  560  410
 9 24 Z  560  381
 9 25 Z  560  356
 9 26 Z  560  351
 9 27 Z  560  368
 9 28 Z  560  381
 9 29 Z  560  369
 9 30 Z  560  368
10  1 X   10  253
10  2 X   10  331
10  3 X   10  305
10  4 X   10  291
10  5 X   10  309
10  6 X   10  277
10  7 X   10  297
10  8 X   10  298
10  9 X   10  299
10 10 X   10  307
10 11 X   10  287
10 12 X   10  288
10 13 X   10  285
10 14 X   10  286
10 15 X   10  299
10 16 X   10  298
10 17 X   10  291
10 18 X   10  292
10 19 X   10  290
10 20 X   10  313
10 21 X   10  274
10 22 X   10  298
10 23 X   10  284
10 24 X   10  288
10 25 X   10  271
10 26 X   10  283
10 27 X   10  282
10 28 X   10  292
10 29 X   10  309
10 30 X   10  262
10 31 X   10  277
10  1 Y  -40  376
10  2 Y  -40  408
10  3 Y  -40  376
10  4 Y  -40  404
10  5 Y  -40  372
10  6 Y  -40  393
10  7 Y  -40  343
10  8 Y  -40  409
10  9 Y  -40  369
10 10 Y  -40  400
10 11 Y  -40  387
10 12 Y  -40  385
10 13 Y  -40  388
10 14 Y  -40  383
10 15 Y  -40  369
10 16 Y  -40  379
10 17 Y  -40  380
10 18 Y  -40  388
10 19 Y  -40  378
10 20 Y  -40  407
10 21 Y  -40  391
10 22 Y  -40  381
10 23 Y  -40  367
10 24 Y  -40  384
10 25 Y  -40  385
10 26 Y  -40  384
10 27 Y  -40  384
10 28 Y  -40  409
10 29 Y  -40  375
10 30 Y  -40  407
10 31 Y  -40  412
10  1 Z  560  345
10  2 Z  560  405
10  3 Z  560  400
10  4 Z  560  403
10  5 Z  560  415
10  6 Z  560  419
10  7 Z  560  428
10  8 Z  560  425
10  9 Z  560  426
10 10 Z  560  426
10 11 Z  560  413
10 12 Z  560  414
10 13 Z  560  414
10 14 Z  560  405
10 15 Z  560  400
10 16 Z  560  395
10 17 Z  560  397
10 18 Z  560  402
10 19 Z  560  403
10 20 Z  560  417
10 21 Z  560  398
10 22 Z  560  395
10 23 Z  560  415
10 24 Z  560  420
10 25 Z  560  397
10 26 Z  560  399
10 27 Z  560  408
10 28 Z  560  450
10 29 Z  560  490
10 30 Z  560  434
10 31 Z  560  454
11  1 X   10  244
11  2 X   10  297
11  3 X   10  291
11  4 X   10  283
11  5 X   10  299
11  6 X   10  299
11  7 X   10  296
11  8 X   10  224
11  9 X   10  298
11 10 X   10  301
11 11 X   10  281
11 12 X   10  306
11 13 X   10  303
11 14 X   10  309
11 15 X   10  295
11 16 X   10  288
11 17 X   10  280
11 18 X   10  299
11 19 X   10  282
11 20 X   10  278
11 21 X   10  271
11 22 X   10  329
11 23 X   10  300
11 24 X   10  294
11 25 X   10  301
11 26 X   10  309
11 27 X   10  290
11 28 X   10  300
11 29 X   10  295
11 30 X   10  307
11  1 Y  -40  417
11  2 Y  -40  391
11  3 Y  -40  381
11  4 Y  -40  363
11  5 Y  -40  383
11  6 Y  -40  378
11  7 Y  -40  378
11  8 Y  -40  373
11  9 Y  -40  387
11 10 Y  -40  379
11 11 Y  -40  367
11 12 Y  -40  371
11 13 Y  -40  385
11 14 Y  -40  375
11 15 Y  -40  410
11 16 Y  -40  400
11 17 Y  -40  394
11 18 Y  -40  387
11 19 Y  -40  398
11 20 Y  -40  381
11 21 Y  -40  410
11 22 Y  -40  398
11 23 Y  -40  399
11 24 Y  -40  365
11 25 Y  -40  375
11 26 Y  -40  386
11 27 Y  -40  389
11 28 Y  -40  381
11 29 Y  -40  380
11 30 Y  -40  376
11  1 Z  560  451
11  2 Z  560  481
11  3 Z  560  441
11  4 Z  560  441
11  5 Z  560  436
11  6 Z  560  428
11  7 Z  560  433
11  8 Z  560  441
11  9 Z  560  500
11 10 Z  560  452
11 11 Z  560  425
11 12 Z  560  427
11 13 Z  560  418
11 14 Z  560  422
11 15 Z  560  428
11 16 Z  560  438
11 17 Z  560  416
11 18 Z  560  426
11 19 Z  560  443
11 20 Z  560  429
11 21 Z  560  453
11 22 Z  560  465
11 23 Z  560  463
11 24 Z  560  436
11 25 Z  560  423
11 26 Z  560  422
11 27 Z  560  412
11 28 Z  560  413
11 29 Z  560  419
11 30 Z  560  416
12  1 X   10  295
12  2 X   10  294
12  3 X   10  289
12  4 X   10  297
12  5 X   10  301
12  6 X   10  302
12  7 X   10  298
12  8 X   10  311
12  9 X   10  289
12 10 X   10  284
12 11 X   10  290
12 12 X   10  291
12 13 X   10  292
12 14 X   10  298
12 15 X   10  309
12 16 X   10  284
12 17 X   10  288
12 18 X   10  318
12 19 X   10  308
12 20 X   10  307
12 21 X   10  307
12 22 X   10  315
12 23 X   10  302
12 24 X   10  309
12 25 X   10  299
12 26 X   10  304
12 27 X   10  267
12 28 X   10  265
12 29 X   10  283
12 30 X   10  306
12 31 X   10  292
12  1 Y  -40  382
12  2 Y  -40  396
12  3 Y  -40  390
12  4 Y  -40  379
12  5 Y  -40  378
12  6 Y  -40  377
12  7 Y  -40  378
12  8 Y  -40  383
12  9 Y  -40  380
12 10 Y  -40  376
12 11 Y  -40  381
12 12 Y  -40  380
12 13 Y  -40  391
12 14 Y  -40  394
12 15 Y  -40  376
12 16 Y  -40  391
12 17 Y  -40  382
12 18 Y  -40  390
12 19 Y  -40  411
12 20 Y  -40  375
12 21 Y  -40  383
12 22 Y  -40  375
12 23 Y  -40  388
12 24 Y  -40  388
12 25 Y  -40  390
12 26 Y  -40  380
12 27 Y  -40  392
12 28 Y  -40  397
12 29 Y  -40  383
12 30 Y  -40  378
12 31 Y  -40  384
12  1 Z  560  411
12  2 Z  560  417
12  3 Z  560  414
12  4 Z  560  411
12  5 Z  560  407
12  6 Z  560  401
12  7 Z  560  399
12  8 Z  560  399
12  9 Z  560  396
12 10 Z  560  402
12 11 Z  560  402
12 12 Z  560  402
12 13 Z  560  402
12 14 Z  560  406
12 15 Z  560  408
12 16 Z  560  395
12 17 Z  560  424
12 18 Z  560  413
12 19 Z  560  416
12 20 Z  560  389
12 21 Z  560  411
12 22 Z  560  403
12 23 Z  560  404
12 24 Z  560  402
12 25 Z  560  389
12 26 Z  560  390
12 27 Z  560  404
12 28 Z  560  412
12 29 Z  560  414
12 30 Z  560  414
12 31 Z  560  402
