 1  1 X    0  708
 1  2 X    0  694
 1  3 X    0  710
 1  4 X    0  720
 1  5 X    0  713
 1  6 X    0  719
 1  7 X    0  723
 1  8 X    0  703
 1  9 X    0  689
 1 10 X    0  706
 1 11 X    0  725
 1 12 X    0  725
 1 13 X    0  719
 1 14 X    0  716
 1 15 X    0  715
 1 16 X    0  716
 1 17 X    0  717
 1 18 X    0  722
 1 19 X    0  699
 1 20 X    0  719
 1 21 X    0  662
 1 22 X    0  711
 1 23 X    0  714
 1 24 X    0  694
 1 25 X    0  714
 1 26 X    0  707
 1 27 X    0  714
 1 28 X    0  712
 1 29 X    0  680
 1 30 X    0  737
 1 31 X    0  709
 1  1 Y  -50  993
 1  2 Y  -50  984
 1  3 Y  -50  989
 1  4 Y  -50  984
 1  5 Y  -50  981
 1  6 Y  -50  985
 1  7 Y  -50  983
 1  8 Y  -50  984
 1  9 Y  -50  984
 1 10 Y  -50  992
 1 11 Y  -50 1000
 1 12 Y  -50  977
 1 13 Y  -50  986
 1 14 Y  -50  982
 1 15 Y  -50  987
 1 16 Y  -50  985
 1 17 Y  -50  981
 1 18 Y  -50  987
 1 19 Y  -50  988
 1 20 Y  -50  981
 1 21 Y  -50 1023
 1 22 Y  -50  954
 1 23 Y  -50 1027
 1 24 Y  -50  975
 1 25 Y  -50  967
 1 26 Y  -50  984
 1 27 Y  -50  998
 1 28 Y  -50  990
 1 29 Y  -50 1005
 1 30 Y  -50 1008
 1 31 Y  -50  990
 1  1 Z  550  902
 1  2 Z  550  924
 1  3 Z  550  916
 1  4 Z  550  910
 1  5 Z  550  904
 1  6 Z  550  904
 1  7 Z  550  902
 1  8 Z  550  906
 1  9 Z  550  906
 1 10 Z  550  931
 1 11 Z  550  934
 1 12 Z  550  915
 1 13 Z  550  910
 1 14 Z  550  895
 1 15 Z  550  899
 1 16 Z  550  902
 1 17 Z  550  898
 1 18 Z  550  898
 1 19 Z  550  894
 1 20 Z  550  902
 1 21 Z  550  937
 1 22 Z  550 1083
 1 23 Z  550  961
 1 24 Z  550  947
 1 25 Z  550  946
 1 26 Z  550  927
 1 27 Z  550  930
 1 28 Z  550  925
 1 29 Z  550  924
 1 30 Z  550  956
 1 31 Z  550  931
 2  1 X    0  716
 2  2 X    0  710
 2  3 X    0  697
 2  4 X    0  683
 2  5 X    0  726
 2  6 X    0  730
 2  7 X    0  707
 2  8 X    0  723
 2  9 X    0  713
 2 10 X    0  725
 2 11 X    0  710
 2 12 X    0  729
 2 13 X    0  711
 2 14 X    0  712
 2 15 X    0  713
 2 16 X    0  714
 2 17 X    0  704
 2 18 X    0  699
 2 19 X    0  696
 2 20 X    0  714
 2 21 X    0  714
 2 22 X    0  700
 2 23 X    0  684
 2 24 X    0  763
 2 25 X    0  726
 2 26 X    0  718
 2 27 X    0  711
 2 28 X    0  715
 2  1 Y  -50  990
 2  2 Y  -50  999
 2  3 Y  -50  975
 2  4 Y  -50  996
 2  5 Y  -50 1011
 2  6 Y  -50  998
 2  7 Y  -50  988
 2  8 Y  -50  981
 2  9 Y  -50  992
 2 10 Y  -50  985
 2 11 Y  -50  999
 2 12 Y  -50  990
 2 13 Y  -50 1016
 2 14 Y  -50  984
 2 15 Y  -50  991
 2 16 Y  -50  995
 2 17 Y  -50 1011
 2 18 Y  -50  977
 2 19 Y  -50  990
 2 20 Y  -50  997
 2 21 Y  -50  985
 2 22 Y  -50 1002
 2 23 Y  -50 1009
 2 24 Y  -50  989
 2 25 Y  -50  982
 2 26 Y  -50  981
 2 27 Y  -50  980
 2 28 Y  -50  999
 2  1 Z  550  925
 2  2 Z  550  923
 2  3 Z  550  919
 2  4 Z  550  923
 2  5 Z  550  955
 2  6 Z  550  937
 2  7 Z  550  928
 2  8 Z  550  927
 2  9 Z  550  924
 2 10 Z  550  918
 2 11 Z  550  900
 2 12 Z  550  920
 2 13 Z  550  928
 2 14 Z  550  906
 2 15 Z  550  905
 2 16 Z  550  907
 2 17 Z  550  915
 2 18 Z  550  916
 2 19 Z  550  923
 2 20 Z  550  932
 2 21 Z  550  931
 2 22 Z  550  925
 2 23 Z  550  927
 2 24 Z  550  971
 2 25 Z  550  949
 2 26 Z  550  927
 2 27 Z  550  922
 2 28 Z  550  923
 3  1 X    0  696
 3  2 X    0  725
 3  3 X    0  719
 3  4 X    0  727
 3  5 X    0  715
 3  6 X    0  710
 3  7 X    0  708
 3  8 X    0  716
 3  9 X    0  725
 3 10 X    0  702
 3 11 X    0  724
 3 12 X    0  725
 3 13 X    0  709
 3 14 X    0  722
 3 15 X    0  702
 3 16 X    0  688
 3 17 X    0  712
 3 18 X    0  721
 3 19 X    0  726
 3 20 X    0  725
 3 21 X    0  697
 3 22 X    0  712
 3 23 X    0  726
 3 24 X    0  717
 3 25 X    0  748
 3 26 X    0  713
 3 27 X    0  707
 3 28 X    0  772
 3 29 X    0  681
 3 30 X    0  707
 3 31 X    0  707
 3  1 Y  -50 1002
 3  2 Y  -50 1004
 3  3 Y  -50 1001
 3  4 Y  -50  980
 3  5 Y  -50 1008
 3  6 Y  -50 1008
 3  7 Y  -50  996
 3  8 Y  -50  987
 3  9 Y  -50  990
 3 10 Y  -50 1043
 3 11 Y  -50  965
 3 12 Y  -50  980
 3 13 Y  -50 1003
 3 14 Y  -50  972
 3 15 Y  -50  974
 3 16 Y  -50 1003
 3 17 Y  -50  997
 3 18 Y  -50 1012
 3 19 Y  -50 1008
 3 20 Y  -50  987
 3 21 Y  -50 1012
 3 22 Y  -50 1007
 3 23 Y  -50  994
 3 24 Y  -50  997
 3 25 Y  -50  988
 3 26 Y  -50 1009
 3 27 Y  -50  999
 3 28 Y  -50  964
 3 29 Y  -50 1050
 3 30 Y  -50  983
 3 31 Y  -50  995
 3  1 Z  550  894
 3  2 Z  550  981
 3  3 Z  550  955
 3  4 Z  550  950
 3  5 Z  550  939
 3  6 Z  550  933
 3  7 Z  550  922
 3  8 Z  550  933
 3  9 Z  550  927
 3 10 Z  550  932
 3 11 Z  550  951
 3 12 Z  550  904
 3 13 Z  550  894
 3 14 Z  550  892
 3 15 Z  550  865
 3 16 Z  550  936
 3 17 Z  550  918
 3 18 Z  550  920
 3 19 Z  550  922
 3 20 Z  550  922
 3 21 Z  550  909
 3 22 Z  550  918
 3 23 Z  550  913
 3 24 Z  550  928
 3 25 Z  550  916
 3 26 Z  550  915
 3 27 Z  550  927
 3 28 Z  550  931
 3 29 Z  550  945
 3 30 Z  550  953
 3 31 Z  550  924
 4  1 X    0  736
 4  2 X    0  715
 4  3 X    0  709
 4  4 X    0  732
 4  5 X    0  713
 4  6 X    0  776
 4  7 X    0  718
 4  8 X    0  741
 4  9 X    0  730
 4 10 X    0  766
 4 11 X    0  729
 4 12 X    0  696
 4 13 X    0  759
 4 14 X    0  712
 4 15 X    0  708
 4 16 X    0  724
 4 17 X    0  713
 4 18 X    0  669
 4 19 X    0  757
 4 20 X    0  734
 4 21 X    0  754
 4 22 X    0  710
 4 23 X    0  730
 4 24 X    0  731
 4 25 X    0  743
 4 26 X    0  727
 4 27 X    0  747
 4 28 X    0  707
 4 29 X    0  751
 4 30 X    0  699
 4  1 Y  -50 1008
 4  2 Y  -50  995
 4  3 Y  -50 1010
 4  4 Y  -50  997
 4  5 Y  -50  999
 4  6 Y  -50  977
 4  7 Y  -50  964
 4  8 Y  -50 1025
 4  9 Y  -50  999
 4 10 Y  -50 1000
 4 11 Y  -50 1005
 4 12 Y  -50  977
 4 13 Y  -50 1020
 4 14 Y  -50  970
 4 15 Y  -50 1008
 4 16 Y  -50  996
 4 17 Y  -50  986
 4 18 Y  -50 1019
 4 19 Y  -50 1015
 4 20 Y  -50  999
 4 21 Y  -50  998
 4 22 Y  -50 1000
 4 23 Y  -50  981
 4 24 Y  -50  989
 4 25 Y  -50 1019
 4 26 Y  -50 1011
 4 27 Y  -50  976
 4 28 Y  -50 1036
 4 29 Y  -50 1002
 4 30 Y  -50  984
 4  1 Z  550  921
 4  2 Z  550  941
 4  3 Z  550  910
 4  4 Z  550  941
 4  5 Z  550  926
 4  6 Z  550  940
 4  7 Z  550  926
 4  8 Z  550  903
 4  9 Z  550  866
 4 10 Z  550  883
 4 11 Z  550  899
 4 12 Z  550  891
 4 13 Z  550  924
 4 14 Z  550  904
 4 15 Z  550  893
 4 16 Z  550  944
 4 17 Z  550  998
 4 18 Z  550  820
 4 19 Z  550  923
 4 20 Z  550  937
 4 21 Z  550  888
 4 22 Z  550  877
 4 23 Z  550  924
 4 24 Z  550  882
 4 25 Z  550  924
 4 26 Z  550  906
 4 27 Z  550  938
 4 28 Z  550  900
 4 29 Z  550  889
 4 30 Z  550  898
 5  1 X    0  780
 5  2 X    0  747
 5  3 X    0  722
 5  4 X    0  735
 5  5 X    0  718
 5  6 X    0  742
 5  7 X    0  745
 5  8 X    0  741
 5  9 X    0  755
 5 10 X    0  719
 5 11 X    0  677
 5 12 X    0  727
 5 13 X    0  729
 5 14 X    0  717
 5 15 X    0  727
 5 16 X    0  714
 5 17 X    0  709
 5 18 X    0  721
 5 19 X    0  713
 5 20 X    0  752
 5 21 X    0  718
 5 22 X    0  728
 5 23 X    0  736
 5 24 X    0  764
 5 25 X    0  731
 5 26 X    0  724
 5 27 X    0  743
 5 28 X    0  739
 5 29 X    0  737
 5 30 X    0  702
 5 31 X    0  729
 5  1 Y  -50 1000
 5  2 Y  -50  993
 5  3 Y  -50  993
 5  4 Y  -50 1020
 5  5 Y  -50  988
 5  6 Y  -50  946
 5  7 Y  -50  994
 5  8 Y  -50  978
 5  9 Y  -50  984
 5 10 Y  -50 1004
 5 11 Y  -50  970
 5 12 Y  -50 1002
 5 13 Y  -50  998
 5 14 Y  -50  989
 5 15 Y  -50 1002
 5 16 Y  -50 1011
 5 17 Y  -50  991
 5 18 Y  -50 1022
 5 19 Y  -50 1020
 5 20 Y  -50 1005
 5 21 Y  -50 1031
 5 22 Y  -50  992
 5 23 Y  -50 1024
 5 24 Y  -50 1022
 5 25 Y  -50  996
 5 26 Y  -50 1014
 5 27 Y  -50  999
 5 28 Y  -50 1001
 5 29 Y  -50 1001
 5 30 Y  -50 1019
 5 31 Y  -50 1001
 5  1 Z  550  908
 5  2 Z  550  936
 5  3 Z  550  897
 5  4 Z  550  913
 5  5 Z  550  975
 5  6 Z  550  834
 5  7 Z  550  828
 5  8 Z  550  843
 5  9 Z  550  940
 5 10 Z  550  905
 5 11 Z  550  860
 5 12 Z  550  925
 5 13 Z  550  901
 5 14 Z  550  957
 5 15 Z  550  925
 5 16 Z  550  923
 5 17 Z  550  892
 5 18 Z  550  935
 5 19 Z  550  924
 5 20 Z  550  876
 5 21 Z  550  963
 5 22 Z  550  944
 5 23 Z  550  897
 5 24 Z  550  912
 5 25 Z  550  974
 5 26 Z  550  915
 5 27 Z  550  904
 5 28 Z  550  916
 5 29 Z  550  917
 5 30 Z  550  952
 5 31 Z  550  985
 6  1 X    0  764
 6  2 X    0  755
 6  3 X    0  736
 6  4 X    0  747
 6  5 X    0  698
 6  6 X    0  773
 6  7 X    0  710
 6  8 X    0  752
 6  9 X    0  702
 6 10 X    0  704
 6 11 X    0  717
 6 12 X    0  727
 6 13 X    0  721
 6 14 X    0  706
 6 15 X    0  732
 6 16 X    0  703
 6 17 X    0  718
 6 18 X    0  713
 6 19 X    0  752
 6 20 X    0  728
 6 21 X    0  715
 6 22 X    0  760
 6 23 X    0  687
 6 24 X    0  663
 6 25 X    0  663
 6 26 X    0  767
 6 27 X    0  758
 6 28 X    0  726
 6 29 X    0  818
 6 30 X    0  740
 6  1 Y  -50  987
 6  2 Y  -50  974
 6  3 Y  -50 1052
 6  4 Y  -50  999
 6  5 Y  -50 1001
 6  6 Y  -50  987
 6  7 Y  -50 1000
 6  8 Y  -50  987
 6  9 Y  -50 1006
 6 10 Y  -50 1014
 6 11 Y  -50  967
 6 12 Y  -50 1014
 6 13 Y  -50 1004
 6 14 Y  -50  999
 6 15 Y  -50 1030
 6 16 Y  -50 1020
 6 17 Y  -50 1036
 6 18 Y  -50 1011
 6 19 Y  -50  986
 6 20 Y  -50  984
 6 21 Y  -50 1015
 6 22 Y  -50 1017
 6 23 Y  -50 1005
 6 24 Y  -50  970
 6 25 Y  -50  981
 6 26 Y  -50  964
 6 27 Y  -50 1007
 6 28 Y  -50 1004
 6 29 Y  -50  953
 6 30 Y  -50 1074
 6  1 Z  550  859
 6  2 Z  550  816
 6  3 Z  550  942
 6  4 Z  550  852
 6  5 Z  550  944
 6  6 Z  550  921
 6  7 Z  550  980
 6  8 Z  550  857
 6  9 Z  550  909
 6 10 Z  550  945
 6 11 Z  550  920
 6 12 Z  550  898
 6 13 Z  550  923
 6 14 Z  550  942
 6 15 Z  550  963
 6 16 Z  550 1003
 6 17 Z  550  962
 6 18 Z  550  928
 6 19 Z  550  863
 6 20 Z  550  835
 6 21 Z  550  986
 6 22 Z  550  973
 6 23 Z  550  951
 6 24 Z  550 1111
 6 25 Z  550  881
 6 26 Z  550  799
 6 27 Z  550  938
 6 28 Z  550 1017
 6 29 Z  550  668
 6 30 Z  550  965
 7  1 X    0  687
 7  2 X    0  765
 7  3 X    0  741
 7  4 X    0  671
 7  5 X    0  775
 7  6 X    0  712
 7  7 X    0  722
 7  8 X    0  730
 7  9 X    0  732
 7 10 X    0  723
 7 11 X    0  660
 7 12 X    0  713
 7 13 X    0  743
 7 14 X    0  749
 7 15 X    0  729
 7 16 X    0  754
 7 17 X    0  747
 7 18 X    0  710
 7 19 X    0  669
 7 20 X    0  704
 7 21 X    0  736
 7 22 X    0  729
 7 23 X    0  788
 7 24 X    0  766
 7 25 X    0  765
 7 26 X    0  811
 7 27 X    0  734
 7 28 X    0  707
 7 29 X    0  732
 7 30 X    0  712
 7 31 X    0  720
 7  1 Y  -50  940
 7  2 Y  -50 1113
 7  3 Y  -50  988
 7  4 Y  -50  958
 7  5 Y  -50  996
 7  6 Y  -50  982
 7  7 Y  -50 1015
 7  8 Y  -50  971
 7  9 Y  -50 1012
 7 10 Y  -50  952
 7 11 Y  -50  999
 7 12 Y  -50 1011
 7 13 Y  -50  987
 7 14 Y  -50  981
 7 15 Y  -50  974
 7 16 Y  -50 1023
 7 17 Y  -50  993
 7 18 Y  -50 1013
 7 19 Y  -50 1007
 7 20 Y  -50  985
 7 21 Y  -50 1002
 7 22 Y  -50 1016
 7 23 Y  -50  953
 7 24 Y  -50 1003
 7 25 Y  -50  936
 7 26 Y  -50  961
 7 27 Y  -50  970
 7 28 Y  -50 1004
 7 29 Y  -50 1035
 7 30 Y  -50 1012
 7 31 Y  -50 1012
 7  1 Z  550  954
 7  2 Z  550  982
 7  3 Z  550  975
 7  4 Z  550  961
 7  5 Z  550  999
 7  6 Z  550  929
 7  7 Z  550  947
 7  8 Z  550  874
 7  9 Z  550  928
 7 10 Z  550  885
 7 11 Z  550  999
 7 12 Z  550  966
 7 13 Z  550  898
 7 14 Z  550  808
 7 15 Z  550  875
 7 16 Z  550  798
 7 17 Z  550  849
 7 18 Z  550  896
 7 19 Z  550  972
 7 20 Z  550  906
 7 21 Z  550  914
 7 22 Z  550  868
 7 23 Z  550  695
 7 24 Z  550  797
 7 25 Z  550  751
 7 26 Z  550  736
 7 27 Z  550  817
 7 28 Z  550  941
 7 29 Z  550  973
 7 30 Z  550  951
 7 31 Z  550  950
 8  1 X    0  741
 8  2 X    0  702
 8  3 X    0  703
 8  4 X    0  740
 8  5 X    0  683
 8  6 X    0  749
 8  7 X    0  747
 8  8 X    0  736
 8  9 X    0  729
 8 10 X    0  762
 8 11 X    0  730
 8 12 X    0  745
 8 13 X    0  786
 8 14 X    0  712
 8 15 X    0  717
 8 16 X    0  711
 8 17 X    0  720
 8 18 X    0  743
 8 19 X    0  780
 8 20 X    0  738
 8 21 X    0  775
 8 22 X    0  728
 8 23 X    0  703
 8 24 X    0  724
 8 25 X    0  690
 8 26 X    0  713
 8 27 X    0  702
 8 28 X    0  715
 8 29 X    0  696
 8 30 X    0  736
 8 31 X    0  708
 8  1 Y  -50  966
 8  2 Y  -50  998
 8  3 Y  -50 1013
 8  4 Y  -50  992
 8  5 Y  -50 1014
 8  6 Y  -50 1015
 8  7 Y  -50 1014
 8  8 Y  -50  953
 8  9 Y  -50  953
 8 10 Y  -50  976
 8 11 Y  -50  981
 8 12 Y  -50 1015
 8 13 Y  -50 1004
 8 14 Y  -50 1023
 8 15 Y  -50  990
 8 16 Y  -50  989
 8 17 Y  -50 1008
 8 18 Y  -50  990
 8 19 Y  -50  962
 8 20 Y  -50 1009
 8 21 Y  -50 1007
 8 22 Y  -50  974
 8 23 Y  -50 1002
 8 24 Y  -50 1005
 8 25 Y  -50 1012
 8 26 Y  -50 1031
 8 27 Y  -50 1006
 8 28 Y  -50 1014
 8 29 Y  -50 1044
 8 30 Y  -50  968
 8 31 Y  -50 1005
 8  1 Z  550  862
 8  2 Z  550  966
 8  3 Z  550  953
 8  4 Z  550 1037
 8  5 Z  550  891
 8  6 Z  550  931
 8  7 Z  550  955
 8  8 Z  550  914
 8  9 Z  550  883
 8 10 Z  550  746
 8 11 Z  550  866
 8 12 Z  550  897
 8 13 Z  550  918
 8 14 Z  550  960
 8 15 Z  550  970
 8 16 Z  550  926
 8 17 Z  550  950
 8 18 Z  550  800
 8 19 Z  550  794
 8 20 Z  550  822
 8 21 Z  550  867
 8 22 Z  550  948
 8 23 Z  550  988
 8 24 Z  550  964
 8 25 Z  550  950
 8 26 Z  550  944
 8 27 Z  550  921
 8 28 Z  550  937
 8 29 Z  550  959
 8 30 Z  550 1005
 8 31 Z  550  903
 9  1 X    0  759
 9  2 X    0  725
 9  3 X    0  725
 9  4 X    0  641
 9  5 X    0  745
 9  6 X    0  790
 9  7 X    0  723
 9  8 X    0  721
 9  9 X    0  743
 9 10 X    0  726
 9 11 X    0  715
 9 12 X    0  726
 9 13 X    0  777
 9 14 X    0  756
 9 15 X    0  716
 9 16 X    0  732
 9 17 X    0  727
 9 18 X    0  713
 9 19 X    0  721
 9 20 X    0  721
 9 21 X    0  697
 9 22 X    0  771
 9 23 X    0  767
 9 24 X    0  740
 9 25 X    0  766
 9 26 X    0  731
 9 27 X    0  702
 9 28 X    0  718
 9 29 X    0  674
 9 30 X    0  728
 9  1 Y  -50  981
 9  2 Y  -50 1088
 9  3 Y  -50 1094
 9  4 Y  -50 1025
 9  5 Y  -50  951
 9  6 Y  -50 1047
 9  7 Y  -50  966
 9  8 Y  -50  989
 9  9 Y  -50 1018
 9 10 Y  -50 1004
 9 11 Y  -50  996
 9 12 Y  -50  978
 9 13 Y  -50  955
 9 14 Y  -50 1042
 9 15 Y  -50  960
 9 16 Y  -50  973
 9 17 Y  -50 1012
 9 18 Y  -50  994
 9 19 Y  -50 1006
 9 20 Y  -50  993
 9 21 Y  -50 1062
 9 22 Y  -50 1056
 9 23 Y  -50  982
 9 24 Y  -50  995
 9 25 Y  -50  993
 9 26 Y  -50 1002
 9 27 Y  -50  984
 9 28 Y  -50  997
 9 29 Y  -50  981
 9 30 Y  -50 1003
 9  1 Z  550  875
 9  2 Z  550  967
 9  3 Z  550 1003
 9  4 Z  550  935
 9  5 Z  550  999
 9  6 Z  550 1009
 9  7 Z  550  947
 9  8 Z  550  943
 9  9 Z  550  933
 9 10 Z  550  967
 9 11 Z  550  931
 9 12 Z  550  917
 9 13 Z  550  879
 9 14 Z  550  972
 9 15 Z  550  956
 9 16 Z  550  923
 9 17 Z  550  887
 9 18 Z  550  951
 9 19 Z  550  953
 9 20 Z  550  938
 9 21 Z  550  868
 9 22 Z  550  954
 9 23 Z  550  965
 9 24 Z  550  921
 9 25 Z  550  944
 9 26 Z  550  910
 9 27 Z  550  912
 9 28 Z  550  984
 9 29 Z  550  983
 9 30 Z  550  963
10  1 X    0  718
10  2 X    0  714
10  3 X    0  712
10  4 X    0  703
10  5 X    0  716
10  6 X    0  730
10  7 X    0  720
10  8 X    0  721
10  9 X    0  709
10 10 X    0  723
10 11 X    0  726
10 12 X    0  713
10 13 X    0  718
10 14 X    0  725
10 15 X    0  711
10 16 X    0  726
10 17 X    0  731
10 18 X    0  722
10 19 X    0  720
10 20 X    0  702
10 21 X    0  689
10 22 X    0  700
10 23 X    0  708
10 24 X    0  716
10 25 X    0  718
10 26 X    0  722
10 27 X    0  722
10 28 X    0  728
10 29 X    0  719
10 30 X    0  728
10 31 X    0  724
10  1 Y  -50 1010
10  2 Y  -50  980
10  3 Y  -50 1016
10  4 Y  -50 1002
10  5 Y  -50  992
10  6 Y  -50  984
10  7 Y  -50 1011
10  8 Y  -50  996
10  9 Y  -50  983
10 10 Y  -50  987
10 11 Y  -50 1005
10 12 Y  -50 1001
10 13 Y  -50  977
10 14 Y  -50 1005
10 15 Y  -50 1015
10 16 Y  -50  997
10 17 Y  -50  993
10 18 Y  -50  990
10 19 Y  -50  999
10 20 Y  -50 1001
10 21 Y  -50 1013
10 22 Y  -50 1015
10 23 Y  -50  984
10 24 Y  -50 1004
10 25 Y  -50  995
10 26 Y  -50  998
10 27 Y  -50 1010
10 28 Y  -50  999
10 29 Y  -50  993
10 30 Y  -50  995
10 31 Y  -50 1002
10  1 Z  550  977
10  2 Z  550  951
10  3 Z  550  951
10  4 Z  550  950
10  5 Z  550  967
10  6 Z  550  945
10  7 Z  550  960
10  8 Z  550  963
10  9 Z  550  911
10 10 Z  550  924
10 11 Z  550  923
10 12 Z  550  908
10 13 Z  550  916
10 14 Z  550  918
10 15 Z  550  930
10 16 Z  550  946
10 17 Z  550  948
10 18 Z  550  936
10 19 Z  550  939
10 20 Z  550  920
10 21 Z  550  967
10 22 Z  550  969
10 23 Z  550  949
10 24 Z  550  943
10 25 Z  550  941
10 26 Z  550  936
10 27 Z  550  938
10 28 Z  550  948
10 29 Z  550  944
10 30 Z  550  945
10 31 Z  550  939
11  1 X    0  720
11  2 X    0  723
11  3 X    0  727
11  4 X    0  712
11  5 X    0  719
11  6 X    0  693
11  7 X    0  718
11  8 X    0  718
11  9 X    0  710
11 10 X    0  728
11 11 X    0  716
11 12 X    0  720
11 13 X    0  718
11 14 X    0  713
11 15 X    0  722
11 16 X    0  723
11 17 X    0  727
11 18 X    0  732
11 19 X    0  730
11 20 X    0  718
11 21 X    0  728
11 22 X    0  723
11 23 X    0  728
11 24 X    0  718
11 25 X    0  715
11 26 X    0  700
11 27 X    0  727
11 28 X    0  720
11 29 X    0  722
11 30 X    0  727
11  1 Y  -50  999
11  2 Y  -50  983
11  3 Y  -50 1019
11  4 Y  -50  987
11  5 Y  -50  990
11  6 Y  -50  969
11  7 Y  -50 1000
11  8 Y  -50  997
11  9 Y  -50  987
11 10 Y  -50  993
11 11 Y  -50 1000
11 12 Y  -50  999
11 13 Y  -50  994
11 14 Y  -50  994
11 15 Y  -50  992
11 16 Y  -50  995
11 17 Y  -50  990
11 18 Y  -50 1022
11 19 Y  -50  987
11 20 Y  -50  994
11 21 Y  -50  989
11 22 Y  -50  995
11 23 Y  -50  999
11 24 Y  -50  992
11 25 Y  -50  996
11 26 Y  -50  987
11 27 Y  -50  994
11 28 Y  -50 1011
11 29 Y  -50 1020
11 30 Y  -50  988
11  1 Z  550  941
11  2 Z  550  936
11  3 Z  550  946
11  4 Z  550  938
11  5 Z  550  943
11  6 Z  550  924
11  7 Z  550  946
11  8 Z  550  945
11  9 Z  550  949
11 10 Z  550  949
11 11 Z  550  949
11 12 Z  550  947
11 13 Z  550  941
11 14 Z  550  945
11 15 Z  550  952
11 16 Z  550  942
11 17 Z  550  941
11 18 Z  550  963
11 19 Z  550  953
11 20 Z  550  942
11 21 Z  550  938
11 22 Z  550  937
11 23 Z  550  NaN
11 24 Z  550  938
11 25 Z  550  945
11 26 Z  550  987
11 27 Z  550  990
11 28 Z  550  988
11 29 Z  550  978
11 30 Z  550  956
12  1 X    0  711
12  2 X    0  725
12  3 X    0  716
12  4 X    0  733
12  5 X    0  718
12  6 X    0  718
12  7 X    0  723
12  8 X    0  728
12  9 X    0  714
12 10 X    0  706
12 11 X    0  727
12 12 X    0  721
12 13 X    0  723
12 14 X    0  723
12 15 X    0  720
12 16 X    0  718
12 17 X    0  723
12 18 X    0  727
12 19 X    0  716
12 20 X    0  718
12 21 X    0  732
12 22 X    0  731
12 23 X    0  728
12 24 X    0  721
12 25 X    0  713
12 26 X    0  724
12 27 X    0  718
12 28 X    0  723
12 29 X    0  719
12 30 X    0  729
12 31 X    0  702
12  1 Y  -50  993
12  2 Y  -50 1004
12  3 Y  -50  996
12  4 Y  -50  990
12  5 Y  -50  995
12  6 Y  -50 1004
12  7 Y  -50 1005
12  8 Y  -50  986
12  9 Y  -50 1001
12 10 Y  -50 1002
12 11 Y  -50  987
12 12 Y  -50  996
12 13 Y  -50 1008
12 14 Y  -50  986
12 15 Y  -50 1016
12 16 Y  -50  989
12 17 Y  -50  973
12 18 Y  -50  998
12 19 Y  -50 1005
12 20 Y  -50  983
12 21 Y  -50  987
12 22 Y  -50  988
12 23 Y  -50  995
12 24 Y  -50  993
12 25 Y  -50  994
12 26 Y  -50 1004
12 27 Y  -50  996
12 28 Y  -50  993
12 29 Y  -50  995
12 30 Y  -50 1003
12 31 Y  -50 1014
12  1 Z  550  944
12  2 Z  550  955
12  3 Z  550  948
12  4 Z  550  947
12  5 Z  550  955
12  6 Z  550  963
12  7 Z  550  957
12  8 Z  550  951
12  9 Z  550  953
12 10 Z  550  953
12 11 Z  550  974
12 12 Z  550  969
12 13 Z  550  963
12 14 Z  550  953
12 15 Z  550  955
12 16 Z  550  954
12 17 Z  550  963
12 18 Z  550  955
12 19 Z  550  963
12 20 Z  550  951
12 21 Z  550  967
12 22 Z  550  952
12 23 Z  550  NaN
12 24 Z  550  941
12 25 Z  550  945
12 26 Z  550  953
12 27 Z  550  948
12 28 Z  550  946
12 29 Z  550  942
12 30 Z  550  945
12 31 Z  550  974
