 1  1 X    0  774
 1  2 X    0  764
 1  3 X    0  764
 1  4 X    0  763
 1  5 X    0  754
 1  6 X    0  768
 1  7 X    0  763
 1  8 X    0  752
 1  9 X    0  739
 1 10 X    0  764
 1 11 X    0  770
 1 12 X    0  757
 1 13 X    0  761
 1 14 X    0  749
 1 15 X    0  753
 1 16 X    0  777
 1 17 X    0  765
 1 18 X    0  756
 1 19 X    0  714
 1 20 X    0  761
 1 21 X    0  768
 1 22 X    0  760
 1 23 X    0  765
 1 24 X    0  753
 1 25 X    0  763
 1 26 X    0  748
 1 27 X    0  765
 1 28 X    0  745
 1 29 X    0  753
 1 30 X    0  770
 1 31 X    0  766
 1  1 Y  -50 1033
 1  2 Y  -50 1044
 1  3 Y  -50 1043
 1  4 Y  -50 1044
 1  5 Y  -50 1039
 1  6 Y  -50 1047
 1  7 Y  -50 1038
 1  8 Y  -50 1047
 1  9 Y  -50 1063
 1 10 Y  -50 1048
 1 11 Y  -50 1036
 1 12 Y  -50 1040
 1 13 Y  -50 1051
 1 14 Y  -50 1034
 1 15 Y  -50 1030
 1 16 Y  -50 1037
 1 17 Y  -50 1049
 1 18 Y  -50 1047
 1 19 Y  -50 1034
 1 20 Y  -50 1070
 1 21 Y  -50 1062
 1 22 Y  -50 1053
 1 23 Y  -50 1040
 1 24 Y  -50 1054
 1 25 Y  -50 1049
 1 26 Y  -50 1050
 1 27 Y  -50 1042
 1 28 Y  -50 1041
 1 29 Y  -50 1044
 1 30 Y  -50 1035
 1 31 Y  -50 1040
 1  1 Z  550 1078
 1  2 Z  550 1059
 1  3 Z  550 1058
 1  4 Z  550 1056
 1  5 Z  550 1047
 1  6 Z  550 1062
 1  7 Z  550 1052
 1  8 Z  550 1064
 1  9 Z  550 1080
 1 10 Z  550 1065
 1 11 Z  550 1058
 1 12 Z  550 1058
 1 13 Z  550 1065
 1 14 Z  550 1058
 1 15 Z  550 1059
 1 16 Z  550 1065
 1 17 Z  550 1059
 1 18 Z  550 1056
 1 19 Z  550 1070
 1 20 Z  550 1100
 1 21 Z  550 1087
 1 22 Z  550 1074
 1 23 Z  550 1064
 1 24 Z  550 1070
 1 25 Z  550 1073
 1 26 Z  550 1060
 1 27 Z  550 1062
 1 28 Z  550 1060
 1 29 Z  550 1060
 1 30 Z  550 1057
 1 31 Z  550 1020
 2  1 X    0  756
 2  2 X    0  764
 2  3 X    0  766
 2  4 X    0  719
 2  5 X    0  801
 2  6 X    0  748
 2  7 X    0  759
 2  8 X    0  751
 2  9 X    0  758
 2 10 X    0  756
 2 11 X    0  762
 2 12 X    0  763
 2 13 X    0  758
 2 14 X    0  756
 2 15 X    0  767
 2 16 X    0  757
 2 17 X    0  725
 2 18 X    0  768
 2 19 X    0  758
 2 20 X    0  754
 2 21 X    0  750
 2 22 X    0  760
 2 23 X    0  758
 2 24 X    0  772
 2 25 X    0  762
 2 26 X    0  760
 2 27 X    0  770
 2 28 X    0  765
 2  1 Y  -50 1041
 2  2 Y  -50 1039
 2  3 Y  -50 1056
 2  4 Y  -50 1040
 2  5 Y  -50 1045
 2  6 Y  -50 1057
 2  7 Y  -50 1048
 2  8 Y  -50 1048
 2  9 Y  -50 1047
 2 10 Y  -50 1041
 2 11 Y  -50 1040
 2 12 Y  -50 1040
 2 13 Y  -50 1080
 2 14 Y  -50 1029
 2 15 Y  -50 1042
 2 16 Y  -50 1064
 2 17 Y  -50 1024
 2 18 Y  -50 1060
 2 19 Y  -50 1057
 2 20 Y  -50 1048
 2 21 Y  -50 1050
 2 22 Y  -50 1044
 2 23 Y  -50 1033
 2 24 Y  -50 1033
 2 25 Y  -50 1037
 2 26 Y  -50 1037
 2 27 Y  -50 1044
 2 28 Y  -50 1047
 2  1 Z  550 1050
 2  2 Z  550 1050
 2  3 Z  550 1056
 2  4 Z  550 1063
 2  5 Z  550 1095
 2  6 Z  550 1072
 2  7 Z  550 1083
 2  8 Z  550 1072
 2  9 Z  550 1068
 2 10 Z  550 1061
 2 11 Z  550 1053
 2 12 Z  550 1047
 2 13 Z  550 1067
 2 14 Z  550 1047
 2 15 Z  550 1049
 2 16 Z  550 1066
 2 17 Z  550 1048
 2 18 Z  550 1100
 2 19 Z  550 1064
 2 20 Z  550 1071
 2 21 Z  550 1071
 2 22 Z  550 1072
 2 23 Z  550 1057
 2 24 Z  550 1063
 2 25 Z  550 1060
 2 26 Z  550 1048
 2 27 Z  550 1060
 2 28 Z  550 1066
 3  1 X    0  765
 3  2 X    0  763
 3  3 X    0  766
 3  4 X    0  763
 3  5 X    0  751
 3  6 X    0  802
 3  7 X    0  751
 3  8 X    0  756
 3  9 X    0  763
 3 10 X    0  780
 3 11 X    0  764
 3 12 X    0  764
 3 13 X    0  760
 3 14 X    0  771
 3 15 X    0  758
 3 16 X    0  788
 3 17 X    0  777
 3 18 X    0  741
 3 19 X    0  768
 3 20 X    0  765
 3 21 X    0  756
 3 22 X    0  783
 3 23 X    0  767
 3 24 X    0  761
 3 25 X    0  763
 3 26 X    0  771
 3 27 X    0  767
 3 28 X    0  769
 3 29 X    0  759
 3 30 X    0  791
 3 31 X    0  757
 3  1 Y  -50 1046
 3  2 Y  -50 1031
 3  3 Y  -50 1041
 3  4 Y  -50 1040
 3  5 Y  -50 1026
 3  6 Y  -50 1054
 3  7 Y  -50 1040
 3  8 Y  -50 1055
 3  9 Y  -50 1058
 3 10 Y  -50 1060
 3 11 Y  -50 1042
 3 12 Y  -50 1035
 3 13 Y  -50 1045
 3 14 Y  -50 1054
 3 15 Y  -50 1049
 3 16 Y  -50 1041
 3 17 Y  -50 1047
 3 18 Y  -50 1059
 3 19 Y  -50 1059
 3 20 Y  -50 1059
 3 21 Y  -50 1039
 3 22 Y  -50 1049
 3 23 Y  -50 1058
 3 24 Y  -50 1055
 3 25 Y  -50 1047
 3 26 Y  -50 1038
 3 27 Y  -50 1097
 3 28 Y  -50 1045
 3 29 Y  -50 1041
 3 30 Y  -50 1022
 3 31 Y  -50 1015
 3  1 Z  550 1063
 3  2 Z  550 1058
 3  3 Z  550 1054
 3  4 Z  550 1044
 3  5 Z  550 1049
 3  6 Z  550 1077
 3  7 Z  550 1056
 3  8 Z  550 1064
 3  9 Z  550 1077
 3 10 Z  550 1060
 3 11 Z  550 1063
 3 12 Z  550 1057
 3 13 Z  550 1047
 3 14 Z  550 1062
 3 15 Z  550 1057
 3 16 Z  550 1070
 3 17 Z  550 1052
 3 18 Z  550 1036
 3 19 Z  550 1068
 3 20 Z  550 1064
 3 21 Z  550 1032
 3 22 Z  550 1066
 3 23 Z  550 1049
 3 24 Z  550 1042
 3 25 Z  550 1057
 3 26 Z  550 1053
 3 27 Z  550 1073
 3 28 Z  550 1056
 3 29 Z  550 1063
 3 30 Z  550 1078
 3 31 Z  550  986
 4  1 X    0  777
 4  2 X    0  763
 4  3 X    0  770
 4  4 X    0  773
 4  5 X    0  772
 4  6 X    0  750
 4  7 X    0  781
 4  8 X    0  765
 4  9 X    0  776
 4 10 X    0  784
 4 11 X    0  775
 4 12 X    0  776
 4 13 X    0  765
 4 14 X    0  736
 4 15 X    0  783
 4 16 X    0  751
 4 17 X    0  772
 4 18 X    0  779
 4 19 X    0  759
 4 20 X    0  772
 4 21 X    0  767
 4 22 X    0  758
 4 23 X    0  771
 4 24 X    0  754
 4 25 X    0  765
 4 26 X    0  773
 4 27 X    0  777
 4 28 X    0  762
 4 29 X    0  762
 4 30 X    0  761
 4  1 Y  -50 1042
 4  2 Y  -50 1057
 4  3 Y  -50 1064
 4  4 Y  -50 1035
 4  5 Y  -50 1043
 4  6 Y  -50 1037
 4  7 Y  -50 1042
 4  8 Y  -50 1037
 4  9 Y  -50 1044
 4 10 Y  -50 1049
 4 11 Y  -50 1066
 4 12 Y  -50 1049
 4 13 Y  -50 1029
 4 14 Y  -50 1089
 4 15 Y  -50 1024
 4 16 Y  -50 1055
 4 17 Y  -50 1046
 4 18 Y  -50 1048
 4 19 Y  -50 1030
 4 20 Y  -50 1035
 4 21 Y  -50 1042
 4 22 Y  -50 1072
 4 23 Y  -50 1064
 4 24 Y  -50 1052
 4 25 Y  -50 1048
 4 26 Y  -50 1038
 4 27 Y  -50 1079
 4 28 Y  -50 1032
 4 29 Y  -50 1046
 4 30 Y  -50 1050
 4  1 Z  550 1020
 4  2 Z  550 1062
 4  3 Z  550 1072
 4  4 Z  550 1071
 4  5 Z  550 1061
 4  6 Z  550 1056
 4  7 Z  550 1015
 4  8 Z  550 1013
 4  9 Z  550 1031
 4 10 Z  550 1033
 4 11 Z  550 1030
 4 12 Z  550 1037
 4 13 Z  550 1007
 4 14 Z  550 1091
 4 15 Z  550 1048
 4 16 Z  550 1042
 4 17 Z  550 1027
 4 18 Z  550 1007
 4 19 Z  550 1018
 4 20 Z  550 1033
 4 21 Z  550 1024
 4 22 Z  550 1039
 4 23 Z  550 1076
 4 24 Z  550 1061
 4 25 Z  550 1060
 4 26 Z  550  980
 4 27 Z  550 1039
 4 28 Z  550 1049
 4 29 Z  550 1005
 4 30 Z  550 1080
 5  1 X    0  783
 5  2 X    0  781
 5  3 X    0  789
 5  4 X    0  758
 5  5 X    0  793
 5  6 X    0  802
 5  7 X    0  792
 5  8 X    0  766
 5  9 X    0  788
 5 10 X    0  790
 5 11 X    0  779
 5 12 X    0  786
 5 13 X    0  787
 5 14 X    0  802
 5 15 X    0  753
 5 16 X    0  792
 5 17 X    0  778
 5 18 X    0  790
 5 19 X    0  777
 5 20 X    0  777
 5 21 X    0  751
 5 22 X    0  745
 5 23 X    0  797
 5 24 X    0  804
 5 25 X    0  800
 5 26 X    0  782
 5 27 X    0  762
 5 28 X    0  754
 5 29 X    0  794
 5 30 X    0  804
 5 31 X    0  814
 5  1 Y  -50 1044
 5  2 Y  -50 1040
 5  3 Y  -50 1039
 5  4 Y  -50 1039
 5  5 Y  -50 1072
 5  6 Y  -50 1061
 5  7 Y  -50 1055
 5  8 Y  -50 1046
 5  9 Y  -50 1049
 5 10 Y  -50 1030
 5 11 Y  -50 1050
 5 12 Y  -50 1032
 5 13 Y  -50 1027
 5 14 Y  -50 1036
 5 15 Y  -50 1047
 5 16 Y  -50 1045
 5 17 Y  -50 1053
 5 18 Y  -50 1031
 5 19 Y  -50 1059
 5 20 Y  -50 1055
 5 21 Y  -50 1066
 5 22 Y  -50 1027
 5 23 Y  -50 1060
 5 24 Y  -50 1053
 5 25 Y  -50 1069
 5 26 Y  -50 1058
 5 27 Y  -50 1060
 5 28 Y  -50 1066
 5 29 Y  -50 1036
 5 30 Y  -50 1021
 5 31 Y  -50 1060
 5  1 Z  550 1071
 5  2 Z  550 1010
 5  3 Z  550 1004
 5  4 Z  550 1008
 5  5 Z  550  951
 5  6 Z  550 1025
 5  7 Z  550 1019
 5  8 Z  550 1035
 5  9 Z  550 1011
 5 10 Z  550  994
 5 11 Z  550  981
 5 12 Z  550 1000
 5 13 Z  550  989
 5 14 Z  550 1019
 5 15 Z  550  986
 5 16 Z  550 1003
 5 17 Z  550 1034
 5 18 Z  550  996
 5 19 Z  550 1012
 5 20 Z  550 1092
 5 21 Z  550 1061
 5 22 Z  550  977
 5 23 Z  550  932
 5 24 Z  550  990
 5 25 Z  550 1053
 5 26 Z  550 1034
 5 27 Z  550 1071
 5 28 Z  550 1069
 5 29 Z  550 1014
 5 30 Z  550  971
 5 31 Z  550  923
 6  1 X    0  817
 6  2 X    0  799
 6  3 X    0  790
 6  4 X    0  807
 6  5 X    0  780
 6  6 X    0  803
 6  7 X    0  778
 6  8 X    0  783
 6  9 X    0  786
 6 10 X    0  809
 6 11 X    0  780
 6 12 X    0  822
 6 13 X    0  798
 6 14 X    0  810
 6 15 X    0  780
 6 16 X    0  765
 6 17 X    0  754
 6 18 X    0  759
 6 19 X    0  776
 6 20 X    0  751
 6 21 X    0  750
 6 22 X    0  807
 6 23 X    0  765
 6 24 X    0  780
 6 25 X    0  790
 6 26 X    0  793
 6 27 X    0  830
 6 28 X    0  822
 6 29 X    0  811
 6 30 X    0  771
 6  1 Y  -50 1059
 6  2 Y  -50 1107
 6  3 Y  -50 1033
 6  4 Y  -50 1049
 6  5 Y  -50 1042
 6  6 Y  -50 1059
 6  7 Y  -50 1077
 6  8 Y  -50 1046
 6  9 Y  -50 1054
 6 10 Y  -50 1029
 6 11 Y  -50 1025
 6 12 Y  -50 1079
 6 13 Y  -50 1051
 6 14 Y  -50 1031
 6 15 Y  -50 1083
 6 16 Y  -50 1067
 6 17 Y  -50 1048
 6 18 Y  -50 1054
 6 19 Y  -50 1038
 6 20 Y  -50 1053
 6 21 Y  -50 1061
 6 22 Y  -50 1043
 6 23 Y  -50 1042
 6 24 Y  -50 1015
 6 25 Y  -50 1066
 6 26 Y  -50 1054
 6 27 Y  -50 1042
 6 28 Y  -50 1033
 6 29 Y  -50 1050
 6 30 Y  -50 1040
 6  1 Z  550  950
 6  2 Z  550 1003
 6  3 Z  550 1009
 6  4 Z  550  979
 6  5 Z  550 1011
 6  6 Z  550  913
 6  7 Z  550  967
 6  8 Z  550  993
 6  9 Z  550  999
 6 10 Z  550 1042
 6 11 Z  550  952
 6 12 Z  550  951
 6 13 Z  550  923
 6 14 Z  550  917
 6 15 Z  550  958
 6 16 Z  550 1083
 6 17 Z  550 1039
 6 18 Z  550 1069
 6 19 Z  550 1077
 6 20 Z  550 1067
 6 21 Z  550 1009
 6 22 Z  550 1042
 6 23 Z  550 1008
 6 24 Z  550 1007
 6 25 Z  550  971
 6 26 Z  550  973
 6 27 Z  550  988
 6 28 Z  550  926
 6 29 Z  550  921
 6 30 Z  550 1017
 7  1 X    0  816
 7  2 X    0  801
 7  3 X    0  801
 7  4 X    0  758
 7  5 X    0  827
 7  6 X    0  795
 7  7 X    0  793
 7  8 X    0  800
 7  9 X    0  802
 7 10 X    0  819
 7 11 X    0  772
 7 12 X    0  787
 7 13 X    0  738
 7 14 X    0  773
 7 15 X    0  781
 7 16 X    0  776
 7 17 X    0  764
 7 18 X    0  771
 7 19 X    0  761
 7 20 X    0  712
 7 21 X    0  813
 7 22 X    0  812
 7 23 X    0  778
 7 24 X    0  805
 7 25 X    0  805
 7 26 X    0  802
 7 27 X    0  841
 7 28 X    0  769
 7 29 X    0  784
 7 30 X    0  780
 7 31 X    0  777
 7  1 Y  -50 1027
 7  2 Y  -50 1039
 7  3 Y  -50 1063
 7  4 Y  -50 1006
 7  5 Y  -50 1065
 7  6 Y  -50 1048
 7  7 Y  -50 1041
 7  8 Y  -50 1049
 7  9 Y  -50 1053
 7 10 Y  -50 1042
 7 11 Y  -50 1021
 7 12 Y  -50 1037
 7 13 Y  -50 1092
 7 14 Y  -50 1107
 7 15 Y  -50 1049
 7 16 Y  -50 1055
 7 17 Y  -50 1036
 7 18 Y  -50 1080
 7 19 Y  -50 1039
 7 20 Y  -50 1067
 7 21 Y  -50 1059
 7 22 Y  -50 1031
 7 23 Y  -50 1075
 7 24 Y  -50 1024
 7 25 Y  -50 1040
 7 26 Y  -50 1009
 7 27 Y  -50 1091
 7 28 Y  -50 1054
 7 29 Y  -50 1049
 7 30 Y  -50 1060
 7 31 Y  -50 1054
 7  1 Z  550  978
 7  2 Z  550  970
 7  3 Z  550  999
 7  4 Z  550 1004
 7  5 Z  550  972
 7  6 Z  550  982
 7  7 Z  550  974
 7  8 Z  550  982
 7  9 Z  550 1006
 7 10 Z  550  981
 7 11 Z  550  965
 7 12 Z  550  992
 7 13 Z  550 1014
 7 14 Z  550  998
 7 15 Z  550  984
 7 16 Z  550 1109
 7 17 Z  550 1048
 7 18 Z  550 1063
 7 19 Z  550 1092
 7 20 Z  550 1181
 7 21 Z  550 1044
 7 22 Z  550  993
 7 23 Z  550  971
 7 24 Z  550  945
 7 25 Z  550 1065
 7 26 Z  550  966
 7 27 Z  550 1074
 7 28 Z  550 1068
 7 29 Z  550 1050
 7 30 Z  550 1078
 7 31 Z  550 1030
 8  1 X    0  788
 8  2 X    0  791
 8  3 X    0  790
 8  4 X    0  785
 8  5 X    0  808
 8  6 X    0  771
 8  7 X    0  786
 8  8 X    0  801
 8  9 X    0  778
 8 10 X    0  803
 8 11 X    0  796
 8 12 X    0  760
 8 13 X    0  764
 8 14 X    0  771
 8 15 X    0  773
 8 16 X    0  772
 8 17 X    0  771
 8 18 X    0  793
 8 19 X    0  816
 8 20 X    0  777
 8 21 X    0  783
 8 22 X    0  764
 8 23 X    0  779
 8 24 X    0  764
 8 25 X    0  773
 8 26 X    0  770
 8 27 X    0  783
 8 28 X    0  772
 8 29 X    0  753
 8 30 X    0  784
 8 31 X    0  786
 8  1 Y  -50 1030
 8  2 Y  -50 1054
 8  3 Y  -50 1045
 8  4 Y  -50 1040
 8  5 Y  -50 1059
 8  6 Y  -50 1046
 8  7 Y  -50 1049
 8  8 Y  -50 1082
 8  9 Y  -50 1040
 8 10 Y  -50 1063
 8 11 Y  -50 1108
 8 12 Y  -50 1055
 8 13 Y  -50 1047
 8 14 Y  -50 1057
 8 15 Y  -50 1064
 8 16 Y  -50 1040
 8 17 Y  -50 1051
 8 18 Y  -50 1046
 8 19 Y  -50 1063
 8 20 Y  -50 1073
 8 21 Y  -50 1048
 8 22 Y  -50 1054
 8 23 Y  -50 1048
 8 24 Y  -50 1040
 8 25 Y  -50 1066
 8 26 Y  -50 1037
 8 27 Y  -50 1053
 8 28 Y  -50 1046
 8 29 Y  -50 1043
 8 30 Y  -50 1065
 8 31 Y  -50 1056
 8  1 Z  550 1007
 8  2 Z  550  978
 8  3 Z  550 1002
 8  4 Z  550 1032
 8  5 Z  550 1013
 8  6 Z  550 1037
 8  7 Z  550 1032
 8  8 Z  550 1004
 8  9 Z  550  996
 8 10 Z  550  980
 8 11 Z  550 1007
 8 12 Z  550 1093
 8 13 Z  550 1096
 8 14 Z  550 1071
 8 15 Z  550 1077
 8 16 Z  550 1054
 8 17 Z  550 1051
 8 18 Z  550 1004
 8 19 Z  550 1017
 8 20 Z  550 1006
 8 21 Z  550 1047
 8 22 Z  550 1074
 8 23 Z  550 1043
 8 24 Z  550 1044
 8 25 Z  550 1066
 8 26 Z  550 1067
 8 27 Z  550 1059
 8 28 Z  550 1073
 8 29 Z  550 1053
 8 30 Z  550 1027
 8 31 Z  550 1049
 9  1 X    0  771
 9  2 X    0  778
 9  3 X    0  781
 9  4 X    0  784
 9  5 X    0  783
 9  6 X    0  783
 9  7 X    0  776
 9  8 X    0  770
 9  9 X    0  778
 9 10 X    0  773
 9 11 X    0  748
 9 12 X    0  792
 9 13 X    0  762
 9 14 X    0  776
 9 15 X    0  778
 9 16 X    0  770
 9 17 X    0  787
 9 18 X    0  796
 9 19 X    0  766
 9 20 X    0  775
 9 21 X    0  771
 9 22 X    0  765
 9 23 X    0  771
 9 24 X    0  720
 9 25 X    0  798
 9 26 X    0  754
 9 27 X    0  784
 9 28 X    0  770
 9 29 X    0  772
 9 30 X    0  743
 9  1 Y  -50 1046
 9  2 Y  -50 1058
 9  3 Y  -50 1050
 9  4 Y  -50 1047
 9  5 Y  -50 1056
 9  6 Y  -50 1037
 9  7 Y  -50 1042
 9  8 Y  -50 1053
 9  9 Y  -50 1077
 9 10 Y  -50 1056
 9 11 Y  -50 1063
 9 12 Y  -50 1053
 9 13 Y  -50 1040
 9 14 Y  -50 1068
 9 15 Y  -50 1060
 9 16 Y  -50 1048
 9 17 Y  -50 1046
 9 18 Y  -50 1053
 9 19 Y  -50 1038
 9 20 Y  -50 1055
 9 21 Y  -50 1046
 9 22 Y  -50 1053
 9 23 Y  -50 1048
 9 24 Y  -50 1068
 9 25 Y  -50 1066
 9 26 Y  -50 1052
 9 27 Y  -50 1072
 9 28 Y  -50 1036
 9 29 Y  -50 1049
 9 30 Y  -50 1005
 9  1 Z  550 1060
 9  2 Z  550 1039
 9  3 Z  550 1041
 9  4 Z  550 1050
 9  5 Z  550 1043
 9  6 Z  550 1045
 9  7 Z  550 1023
 9  8 Z  550 1038
 9  9 Z  550 1097
 9 10 Z  550 1085
 9 11 Z  550 1055
 9 12 Z  550 1063
 9 13 Z  550 1060
 9 14 Z  550 1054
 9 15 Z  550 1050
 9 16 Z  550 1028
 9 17 Z  550 1043
 9 18 Z  550 1038
 9 19 Z  550 1034
 9 20 Z  550 1032
 9 21 Z  550 1073
 9 22 Z  550 1051
 9 23 Z  550 1073
 9 24 Z  550 1039
 9 25 Z  550 1083
 9 26 Z  550 1067
 9 27 Z  550 1071
 9 28 Z  550 1076
 9 29 Z  550 1047
 9 30 Z  550 1050
10  1 X    0  850
10  2 X    0  763
10  3 X    0  756
10  4 X    0  762
10  5 X    0  776
10  6 X    0  763
10  7 X    0  791
10  8 X    0  781
10  9 X    0  774
10 10 X    0  768
10 11 X    0  771
10 12 X    0  774
10 13 X    0  775
10 14 X    0  778
10 15 X    0  767
10 16 X    0  771
10 17 X    0  770
10 18 X    0  773
10 19 X    0  774
10 20 X    0  784
10 21 X    0  754
10 22 X    0  771
10 23 X    0  764
10 24 X    0  765
10 25 X    0  754
10 26 X    0  767
10 27 X    0  767
10 28 X    0  728
10 29 X    0  799
10 30 X    0  766
10 31 X    0  780
10  1 Y  -50 1066
10  2 Y  -50 1057
10  3 Y  -50 1060
10  4 Y  -50 1053
10  5 Y  -50 1046
10  6 Y  -50 1054
10  7 Y  -50 1043
10  8 Y  -50 1053
10  9 Y  -50 1049
10 10 Y  -50 1045
10 11 Y  -50 1052
10 12 Y  -50 1046
10 13 Y  -50 1038
10 14 Y  -50 1050
10 15 Y  -50 1051
10 16 Y  -50 1049
10 17 Y  -50 1045
10 18 Y  -50 1047
10 19 Y  -50 1046
10 20 Y  -50 1034
10 21 Y  -50 1050
10 22 Y  -50 1054
10 23 Y  -50 1052
10 24 Y  -50 1055
10 25 Y  -50 1049
10 26 Y  -50 1066
10 27 Y  -50 1029
10 28 Y  -50 1089
10 29 Y  -50 1053
10 30 Y  -50 1050
10 31 Y  -50 1050
10  1 Z  550 1153
10  2 Z  550 1097
10  3 Z  550 1097
10  4 Z  550 1071
10  5 Z  550 1086
10  6 Z  550 1052
10  7 Z  550 1088
10  8 Z  550 1077
10  9 Z  550 1063
10 10 Z  550 1064
10 11 Z  550 1063
10 12 Z  550 1071
10 13 Z  550 1068
10 14 Z  550 1075
10 15 Z  550 1066
10 16 Z  550 1069
10 17 Z  550 1068
10 18 Z  550 1064
10 19 Z  550 1075
10 20 Z  550 1084
10 21 Z  550 1075
10 22 Z  550 1074
10 23 Z  550 1077
10 24 Z  550 1067
10 25 Z  550 1065
10 26 Z  550 1095
10 27 Z  550 1096
10 28 Z  550 1126
10 29 Z  550 1146
10 30 Z  550 1097
10 31 Z  550 1097
11  1 X    0  771
11  2 X    0  771
11  3 X    0  776
11  4 X    0  767
11  5 X    0  764
11  6 X    0  793
11  7 X    0  734
11  8 X    0  783
11  9 X    0  774
11 10 X    0  773
11 11 X    0  770
11 12 X    0  768
11 13 X    0  775
11 14 X    0  780
11 15 X    0  771
11 16 X    0  769
11 17 X    0  759
11 18 X    0  758
11 19 X    0  789
11 20 X    0  759
11 21 X    0  781
11 22 X    0  776
11 23 X    0  772
11 24 X    0  773
11 25 X    0  773
11 26 X    0  773
11 27 X    0  772
11 28 X    0  764
11 29 X    0  776
11 30 X    0  771
11  1 Y  -50 1051
11  2 Y  -50 1066
11  3 Y  -50 1047
11  4 Y  -50 1047
11  5 Y  -50 1060
11  6 Y  -50 1057
11  7 Y  -50 1076
11  8 Y  -50 1034
11  9 Y  -50 1055
11 10 Y  -50 1054
11 11 Y  -50 1046
11 12 Y  -50 1061
11 13 Y  -50 1043
11 14 Y  -50 1049
11 15 Y  -50 1050
11 16 Y  -50 1044
11 17 Y  -50 1042
11 18 Y  -50 1086
11 19 Y  -50 1051
11 20 Y  -50 1060
11 21 Y  -50 1040
11 22 Y  -50 1049
11 23 Y  -50 1047
11 24 Y  -50 1047
11 25 Y  -50 1057
11 26 Y  -50 1051
11 27 Y  -50 1052
11 28 Y  -50 1049
11 29 Y  -50 1049
11 30 Y  -50 1050
11  1 Z  550 1085
11  2 Z  550 1086
11  3 Z  550 1086
11  4 Z  550 1079
11  5 Z  550 1085
11  6 Z  550 1096
11  7 Z  550 1113
11  8 Z  550 1113
11  9 Z  550 1100
11 10 Z  550 1089
11 11 Z  550 1082
11 12 Z  550 1089
11 13 Z  550 1085
11 14 Z  550 1085
11 15 Z  550 1081
11 16 Z  550 1079
11 17 Z  550 1077
11 18 Z  550 1123
11 19 Z  550 1099
11 20 Z  550 1094
11 21 Z  550 1093
11 22 Z  550 1085
11 23 Z  550 1078
11 24 Z  550 1078
11 25 Z  550 1075
11 26 Z  550 1073
11 27 Z  550 1076
11 28 Z  550 1070
11 29 Z  550 1073
11 30 Z  550 1071
12  1 X    0  760
12  2 X    0  722
12  3 X    0  789
12  4 X    0  777
12  5 X    0  754
12  6 X    0  764
12  7 X    0  781
12  8 X    0  775
12  9 X    0  773
12 10 X    0  755
12 11 X    0  757
12 12 X    0  778
12 13 X    0  768
12 14 X    0  779
12 15 X    0  771
12 16 X    0  775
12 17 X    0  773
12 18 X    0  778
12 19 X    0  772
12 20 X    0  774
12 21 X    0  777
12 22 X    0  761
12 23 X    0  775
12 24 X    0  767
12 25 X    0  775
12 26 X    0  770
12 27 X    0  780
12 28 X    0  755
12 29 X    0  769
12 30 X    0  764
12 31 X    0  768
12  1 Y  -50 1089
12  2 Y  -50 1059
12  3 Y  -50 1059
12  4 Y  -50 1058
12  5 Y  -50 1046
12  6 Y  -50 1058
12  7 Y  -50 1057
12  8 Y  -50 1050
12  9 Y  -50 1052
12 10 Y  -50 1049
12 11 Y  -50 1070
12 12 Y  -50 1048
12 13 Y  -50 1044
12 14 Y  -50 1046
12 15 Y  -50 1058
12 16 Y  -50 1051
12 17 Y  -50 1050
12 18 Y  -50 1049
12 19 Y  -50 1050
12 20 Y  -50 1054
12 21 Y  -50 1048
12 22 Y  -50 1055
12 23 Y  -50 1053
12 24 Y  -50 1058
12 25 Y  -50 1052
12 26 Y  -50 1060
12 27 Y  -50 1056
12 28 Y  -50 1065
12 29 Y  -50 1047
12 30 Y  -50 1060
12 31 Y  -50 1055
12  1 Z  550 1096
12  2 Z  550 1138
12  3 Z  550 1174
12  4 Z  550 1108
12  5 Z  550 1094
12  6 Z  550 1102
12  7 Z  550 1099
12  8 Z  550 1085
12  9 Z  550 1087
12 10 Z  550 1083
12 11 Z  550 1100
12 12 Z  550 1088
12 13 Z  550 1080
12 14 Z  550 1083
12 15 Z  550 1080
12 16 Z  550 1078
12 17 Z  550 1079
12 18 Z  550 1075
12 19 Z  550 1070
12 20 Z  550 1073
12 21 Z  550 1072
12 22 Z  550 1070
12 23 Z  550 1081
12 24 Z  550 1078
12 25 Z  550 1074
12 26 Z  550 1072
12 27 Z  550 1079
12 28 Z  550 1081
12 29 Z  550 1084
12 30 Z  550 1088
12 31 Z  550 1084
