 1  1 X   10  222
 1  2 X   10  221
 1  3 X   10  226
 1  4 X   10  230
 1  5 X   10  233
 1  6 X   10  228
 1  7 X   10  216
 1  8 X   10  203
 1  9 X   10  223
 1 10 X   10  215
 1 11 X   10  181
 1 12 X   10  231
 1 13 X   10  196
 1 14 X   10  207
 1 15 X   10  197
 1 16 X   10  217
 1 17 X   10  213
 1 18 X   10  233
 1 19 X   10  222
 1 20 X   10  193
 1 21 X   10  199
 1 22 X   10  221
 1 23 X   10  224
 1 24 X   10  216
 1 25 X   10  229
 1 26 X   10  218
 1 27 X   10  229
 1 28 X   10  213
 1 29 X   10  220
 1 30 X   10  224
 1 31 X   10  194
 1  1 Y  -40  337
 1  2 Y  -40  333
 1  3 Y  -40  329
 1  4 Y  -40  324
 1  5 Y  -40  333
 1  6 Y  -40  332
 1  7 Y  -40  337
 1  8 Y  -40  342
 1  9 Y  -40  335
 1 10 Y  -40  339
 1 11 Y  -40  349
 1 12 Y  -40  333
 1 13 Y  -40  350
 1 14 Y  -40  318
 1 15 Y  -40  347
 1 16 Y  -40  338
 1 17 Y  -40  348
 1 18 Y  -40  333
 1 19 Y  -40  325
 1 20 Y  -40  346
 1 21 Y  -40  346
 1 22 Y  -40  334
 1 23 Y  -40  330
 1 24 Y  -40  334
 1 25 Y  -40  337
 1 26 Y  -40  340
 1 27 Y  -40  334
 1 28 Y  -40  341
 1 29 Y  -40  348
 1 30 Y  -40  351
 1 31 Y  -40  343
 1  1 Z  560  465
 1  2 Z  560  453
 1  3 Z  560  448
 1  4 Z  560  448
 1  5 Z  560  475
 1  6 Z  560  466
 1  7 Z  560  451
 1  8 Z  560  457
 1  9 Z  560  469
 1 10 Z  560  464
 1 11 Z  560  473
 1 12 Z  560  474
 1 13 Z  560  465
 1 14 Z  560  457
 1 15 Z  560  486
 1 16 Z  560  497
 1 17 Z  560  490
 1 18 Z  560  475
 1 19 Z  560  455
 1 20 Z  560  459
 1 21 Z  560  472
 1 22 Z  560  478
 1 23 Z  560  473
 1 24 Z  560  456
 1 25 Z  560  461
 1 26 Z  560  449
 1 27 Z  560  458
 1 28 Z  560  453
 1 29 Z  560  451
 1 30 Z  560  455
 1 31 Z  560  463
 2  1 X   10  210
 2  2 X   10  205
 2  3 X   10  200
 2  4 X   10  220
 2  5 X   10  208
 2  6 X   10  220
 2  7 X   10  220
 2  8 X   10  226
 2  9 X   10  215
 2 10 X   10  239
 2 11 X   10  207
 2 12 X   10  206
 2 13 X   10  225
 2 14 X   10  230
 2 15 X   10  203
 2 16 X   10  222
 2 17 X   10  231
 2 18 X   10  221
 2 19 X   10  221
 2 20 X   10  226
 2 21 X   10  231
 2 22 X   10  233
 2 23 X   10  221
 2 24 X   10  239
 2 25 X   10  237
 2 26 X   10  228
 2 27 X   10  225
 2 28 X   10  222
 2  1 Y  -40  335
 2  2 Y  -40  324
 2  3 Y  -40  336
 2  4 Y  -40  338
 2  5 Y  -40  329
 2  6 Y  -40  341
 2  7 Y  -40  335
 2  8 Y  -40  333
 2  9 Y  -40  326
 2 10 Y  -40  332
 2 11 Y  -40  337
 2 12 Y  -40  317
 2 13 Y  -40  347
 2 14 Y  -40  340
 2 15 Y  -40  341
 2 16 Y  -40  315
 2 17 Y  -40  333
 2 18 Y  -40  342
 2 19 Y  -40  332
 2 20 Y  -40  350
 2 21 Y  -40  336
 2 22 Y  -40  341
 2 23 Y  -40  333
 2 24 Y  -40  332
 2 25 Y  -40  328
 2 26 Y  -40  331
 2 27 Y  -40  340
 2 28 Y  -40  339
 2  1 Z  560  480
 2  2 Z  560  480
 2  3 Z  560  486
 2  4 Z  560  480
 2  5 Z  560  469
 2  6 Z  560  480
 2  7 Z  560  478
 2  8 Z  560  473
 2  9 Z  560  465
 2 10 Z  560  471
 2 11 Z  560  454
 2 12 Z  560  447
 2 13 Z  560  478
 2 14 Z  560  453
 2 15 Z  560  451
 2 16 Z  560  448
 2 17 Z  560  451
 2 18 Z  560  437
 2 19 Z  560  435
 2 20 Z  560  444
 2 21 Z  560  449
 2 22 Z  560  449
 2 23 Z  560  444
 2 24 Z  560  445
 2 25 Z  560  442
 2 26 Z  560  429
 2 27 Z  560  436
 2 28 Z  560  422
 3  1 X   10  233
 3  2 X   10  236
 3  3 X   10  210
 3  4 X   10  249
 3  5 X   10  244
 3  6 X   10  218
 3  7 X   10  233
 3  8 X   10  178
 3  9 X   10  221
 3 10 X   10  218
 3 11 X   10  220
 3 12 X   10  223
 3 13 X   10  237
 3 14 X   10  218
 3 15 X   10  256
 3 16 X   10  261
 3 17 X   10  256
 3 18 X   10  251
 3 19 X   10  252
 3 20 X   10  232
 3 21 X   10  239
 3 22 X   10  203
 3 23 X   10  199
 3 24 X   10  262
 3 25 X   10  213
 3 26 X   10  248
 3 27 X   10  183
 3 28 X   10  244
 3 29 X   10  212
 3 30 X   10  231
 3 31 X   10  225
 3  1 Y  -40  325
 3  2 Y  -40  348
 3  3 Y  -40  371
 3  4 Y  -40  353
 3  5 Y  -40  343
 3  6 Y  -40  364
 3  7 Y  -40  342
 3  8 Y  -40  341
 3  9 Y  -40  342
 3 10 Y  -40  328
 3 11 Y  -40  344
 3 12 Y  -40  361
 3 13 Y  -40  363
 3 14 Y  -40  267
 3 15 Y  -40  354
 3 16 Y  -40  327
 3 17 Y  -40  348
 3 18 Y  -40  349
 3 19 Y  -40  385
 3 20 Y  -40  325
 3 21 Y  -40  316
 3 22 Y  -40  327
 3 23 Y  -40  389
 3 24 Y  -40  310
 3 25 Y  -40  343
 3 26 Y  -40  330
 3 27 Y  -40  320
 3 28 Y  -40  401
 3 29 Y  -40  347
 3 30 Y  -40  336
 3 31 Y  -40  341
 3  1 Z  560  445
 3  2 Z  560  464
 3  3 Z  560  458
 3  4 Z  560  478
 3  5 Z  560  456
 3  6 Z  560  447
 3  7 Z  560  479
 3  8 Z  560  476
 3  9 Z  560  481
 3 10 Z  560  464
 3 11 Z  560  456
 3 12 Z  560  458
 3 13 Z  560  568
 3 14 Z  560  515
 3 15 Z  560  505
 3 16 Z  560  427
 3 17 Z  560  456
 3 18 Z  560  387
 3 19 Z  560  402
 3 20 Z  560  437
 3 21 Z  560  431
 3 22 Z  560  424
 3 23 Z  560  431
 3 24 Z  560  423
 3 25 Z  560  425
 3 26 Z  560  430
 3 27 Z  560  425
 3 28 Z  560  478
 3 29 Z  560  472
 3 30 Z  560  496
 3 31 Z  560  481
 4  1 X   10  238
 4  2 X   10  245
 4  3 X   10  221
 4  4 X   10  225
 4  5 X   10  241
 4  6 X   10  224
 4  7 X   10  253
 4  8 X   10  234
 4  9 X   10  222
 4 10 X   10  232
 4 11 X   10  261
 4 12 X   10  284
 4 13 X   10  277
 4 14 X   10  219
 4 15 X   10  287
 4 16 X   10  212
 4 17 X   10  246
 4 18 X   10  265
 4 19 X   10  247
 4 20 X   10  240
 4 21 X   10  251
 4 22 X   10  210
 4 23 X   10  222
 4 24 X   10  260
 4 25 X   10  203
 4 26 X   10  233
 4 27 X   10  217
 4 28 X   10  251
 4 29 X   10  233
 4 30 X   10  253
 4  1 Y  -40  335
 4  2 Y  -40  370
 4  3 Y  -40  332
 4  4 Y  -40  334
 4  5 Y  -40  332
 4  6 Y  -40  341
 4  7 Y  -40  372
 4  8 Y  -40  343
 4  9 Y  -40  339
 4 10 Y  -40  345
 4 11 Y  -40  344
 4 12 Y  -40  319
 4 13 Y  -40  347
 4 14 Y  -40  346
 4 15 Y  -40  326
 4 16 Y  -40  348
 4 17 Y  -40  334
 4 18 Y  -40  323
 4 19 Y  -40  332
 4 20 Y  -40  326
 4 21 Y  -40  325
 4 22 Y  -40  339
 4 23 Y  -40  360
 4 24 Y  -40  304
 4 25 Y  -40  356
 4 26 Y  -40  344
 4 27 Y  -40  330
 4 28 Y  -40  353
 4 29 Y  -40  365
 4 30 Y  -40  356
 4  1 Z  560  490
 4  2 Z  560  483
 4  3 Z  560  469
 4  4 Z  560  467
 4  5 Z  560  474
 4  6 Z  560  484
 4  7 Z  560  458
 4  8 Z  560  456
 4  9 Z  560  459
 4 10 Z  560  456
 4 11 Z  560  486
 4 12 Z  560  315
 4 13 Z  560  375
 4 14 Z  560  385
 4 15 Z  560  379
 4 16 Z  560  373
 4 17 Z  560  371
 4 18 Z  560  417
 4 19 Z  560  359
 4 20 Z  560  423
 4 21 Z  560  387
 4 22 Z  560  462
 4 23 Z  560  406
 4 24 Z  560  351
 4 25 Z  560  366
 4 26 Z  560  459
 4 27 Z  560  464
 4 28 Z  560  442
 4 29 Z  560  465
 4 30 Z  560  423
 5  1 X   10  190
 5  2 X   10  249
 5  3 X   10  229
 5  4 X   10  235
 5  5 X   10  248
 5  6 X   10  248
 5  7 X   10  264
 5  8 X   10  239
 5  9 X   10  244
 5 10 X   10  244
 5 11 X   10  263
 5 12 X   10  251
 5 13 X   10  250
 5 14 X   10  303
 5 15 X   10  286
 5 16 X   10  295
 5 17 X   10  277
 5 18 X   10  271
 5 19 X   10  257
 5 20 X   10  295
 5 21 X   10  330
 5 22 X   10  289
 5 23 X   10  270
 5 24 X   10  257
 5 25 X   10  241
 5 26 X   10  199
 5 27 X   10  231
 5 28 X   10  224
 5 29 X   10  228
 5 30 X   10  226
 5 31 X   10  240
 5  1 Y  -40  374
 5  2 Y  -40  352
 5  3 Y  -40  344
 5  4 Y  -40  344
 5  5 Y  -40  298
 5  6 Y  -40  365
 5  7 Y  -40  399
 5  8 Y  -40  381
 5  9 Y  -40  356
 5 10 Y  -40  335
 5 11 Y  -40  335
 5 12 Y  -40  342
 5 13 Y  -40  353
 5 14 Y  -40  346
 5 15 Y  -40  343
 5 16 Y  -40  322
 5 17 Y  -40  326
 5 18 Y  -40  335
 5 19 Y  -40  328
 5 20 Y  -40  317
 5 21 Y  -40  326
 5 22 Y  -40  332
 5 23 Y  -40  378
 5 24 Y  -40  354
 5 25 Y  -40  357
 5 26 Y  -40  377
 5 27 Y  -40  342
 5 28 Y  -40  379
 5 29 Y  -40  365
 5 30 Y  -40  352
 5 31 Y  -40  363
 5  1 Z  560  470
 5  2 Z  560  404
 5  3 Z  560  471
 5  4 Z  560  446
 5  5 Z  560  526
 5  6 Z  560  503
 5  7 Z  560  447
 5  8 Z  560  473
 5  9 Z  560  461
 5 10 Z  560  433
 5 11 Z  560  407
 5 12 Z  560  376
 5 13 Z  560  436
 5 14 Z  560  309
 5 15 Z  560  343
 5 16 Z  560  284
 5 17 Z  560  379
 5 18 Z  560  339
 5 19 Z  560  353
 5 20 Z  560  305
 5 21 Z  560  265
 5 22 Z  560  381
 5 23 Z  560  334
 5 24 Z  560  427
 5 25 Z  560  439
 5 26 Z  560  418
 5 27 Z  560  442
 5 28 Z  560  417
 5 29 Z  560  452
 5 30 Z  560  461
 5 31 Z  560  494
 6  1 X   10  213
 6  2 X   10  237
 6  3 X   10  223
 6  4 X   10  227
 6  5 X   10  237
 6  6 X   10  227
 6  7 X   10  256
 6  8 X   10  234
 6  9 X   10  179
 6 10 X   10  284
 6 11 X   10  295
 6 12 X   10  341
 6 13 X   10  327
 6 14 X   10  276
 6 15 X   10  263
 6 16 X   10  328
 6 17 X   10  278
 6 18 X   10  267
 6 19 X   10  240
 6 20 X   10  285
 6 21 X   10  218
 6 22 X   10  254
 6 23 X   10  304
 6 24 X   10  237
 6 25 X   10  218
 6 26 X   10  235
 6 27 X   10  227
 6 28 X   10  234
 6 29 X   10  277
 6 30 X   10  197
 6  1 Y  -40  361
 6  2 Y  -40  390
 6  3 Y  -40  370
 6  4 Y  -40  325
 6  5 Y  -40  350
 6  6 Y  -40  316
 6  7 Y  -40  276
 6  8 Y  -40  335
 6  9 Y  -40  430
 6 10 Y  -40  338
 6 11 Y  -40  313
 6 12 Y  -40  306
 6 13 Y  -40  297
 6 14 Y  -40  352
 6 15 Y  -40  324
 6 16 Y  -40  308
 6 17 Y  -40  336
 6 18 Y  -40  326
 6 19 Y  -40  377
 6 20 Y  -40  337
 6 21 Y  -40  357
 6 22 Y  -40  350
 6 23 Y  -40  320
 6 24 Y  -40  339
 6 25 Y  -40  344
 6 26 Y  -40  366
 6 27 Y  -40  354
 6 28 Y  -40  332
 6 29 Y  -40  377
 6 30 Y  -40  348
 6  1 Z  560  478
 6  2 Z  560  479
 6  3 Z  560  325
 6  4 Z  560  365
 6  5 Z  560  417
 6  6 Z  560  500
 6  7 Z  560  396
 6  8 Z  560  423
 6  9 Z  560  522
 6 10 Z  560  389
 6 11 Z  560  284
 6 12 Z  560  296
 6 13 Z  560  285
 6 14 Z  560  380
 6 15 Z  560  398
 6 16 Z  560  270
 6 17 Z  560  315
 6 18 Z  560  374
 6 19 Z  560  430
 6 20 Z  560  347
 6 21 Z  560  494
 6 22 Z  560  371
 6 23 Z  560  275
 6 24 Z  560  421
 6 25 Z  560  478
 6 26 Z  560  451
 6 27 Z  560  473
 6 28 Z  560  461
 6 29 Z  560  387
 6 30 Z  560  471
 7  1 X   10  103
 7  2 X   10  212
 7  3 X   10  213
 7  4 X   10  220
 7  5 X   10  245
 7  6 X   10  296
 7  7 X   10  296
 7  8 X   10  270
 7  9 X   10  250
 7 10 X   10  247
 7 11 X   10  237
 7 12 X   10  250
 7 13 X   10  221
 7 14 X   10  240
 7 15 X   10  273
 7 16 X   10  282
 7 17 X   10  265
 7 18 X   10  292
 7 19 X   10  274
 7 20 X   10  219
 7 21 X   10  264
 7 22 X   10  310
 7 23 X   10  230
 7 24 X   10  234
 7 25 X   10  216
 7 26 X   10  NaN
 7 27 X   10  227
 7 28 X   10  242
 7 29 X   10  228
 7 30 X   10  232
 7 31 X   10  236
 7  1 Y  -40  414
 7  2 Y  -40  366
 7  3 Y  -40  378
 7  4 Y  -40  376
 7  5 Y  -40  369
 7  6 Y  -40  344
 7  7 Y  -40  328
 7  8 Y  -40  327
 7  9 Y  -40  343
 7 10 Y  -40  374
 7 11 Y  -40  352
 7 12 Y  -40  344
 7 13 Y  -40  362
 7 14 Y  -40  357
 7 15 Y  -40  325
 7 16 Y  -40  336
 7 17 Y  -40  349
 7 18 Y  -40  327
 7 19 Y  -40  333
 7 20 Y  -40  330
 7 21 Y  -40  321
 7 22 Y  -40  331
 7 23 Y  -40  346
 7 24 Y  -40  345
 7 25 Y  -40  350
 7 26 Y  -40  NaN
 7 27 Y  -40  368
 7 28 Y  -40  364
 7 29 Y  -40  355
 7 30 Y  -40  355
 7 31 Y  -40  354
 7  1 Z  560  414
 7  2 Z  560  501
 7  3 Z  560  463
 7  4 Z  560  489
 7  5 Z  560  469
 7  6 Z  560  294
 7  7 Z  560  332
 7  8 Z  560  363
 7  9 Z  560  449
 7 10 Z  560  428
 7 11 Z  560  417
 7 12 Z  560  411
 7 13 Z  560  439
 7 14 Z  560  450
 7 15 Z  560  319
 7 16 Z  560  326
 7 17 Z  560  330
 7 18 Z  560  303
 7 19 Z  560  360
 7 20 Z  560  398
 7 21 Z  560  354
 7 22 Z  560  338
 7 23 Z  560  404
 7 24 Z  560  431
 7 25 Z  560  474
 7 26 Z  560  NaN
 7 27 Z  560  444
 7 28 Z  560  454
 7 29 Z  560  465
 7 30 Z  560  398
 7 31 Z  560  443
 8  1 X   10  194
 8  2 X   10  241
 8  3 X   10  274
 8  4 X   10  236
 8  5 X   10  243
 8  6 X   10  260
 8  7 X   10  239
 8  8 X   10  245
 8  9 X   10  229
 8 10 X   10  277
 8 11 X   10  280
 8 12 X   10  270
 8 13 X   10  307
 8 14 X   10  334
 8 15 X   10  292
 8 16 X   10  236
 8 17 X   10  257
 8 18 X   10  223
 8 19 X   10  221
 8 20 X   10  270
 8 21 X   10  210
 8 22 X   10  249
 8 23 X   10  209
 8 24 X   10  225
 8 25 X   10  287
 8 26 X   10  285
 8 27 X   10  229
 8 28 X   10  164
 8 29 X   10  266
 8 30 X   10  255
 8 31 X   10  254
 8  1 Y  -40  386
 8  2 Y  -40  349
 8  3 Y  -40  338
 8  4 Y  -40  370
 8  5 Y  -40  324
 8  6 Y  -40  355
 8  7 Y  -40  373
 8  8 Y  -40  348
 8  9 Y  -40  365
 8 10 Y  -40  358
 8 11 Y  -40  338
 8 12 Y  -40  323
 8 13 Y  -40  311
 8 14 Y  -40  317
 8 15 Y  -40  342
 8 16 Y  -40  349
 8 17 Y  -40  345
 8 18 Y  -40  334
 8 19 Y  -40  319
 8 20 Y  -40  329
 8 21 Y  -40  387
 8 22 Y  -40  354
 8 23 Y  -40  371
 8 24 Y  -40  372
 8 25 Y  -40  310
 8 26 Y  -40  357
 8 27 Y  -40  352
 8 28 Y  -40  408
 8 29 Y  -40  333
 8 30 Y  -40  347
 8 31 Y  -40  339
 8  1 Z  560  512
 8  2 Z  560  450
 8  3 Z  560  347
 8  4 Z  560  399
 8  5 Z  560  418
 8  6 Z  560  334
 8  7 Z  560  429
 8  8 Z  560  438
 8  9 Z  560  423
 8 10 Z  560  403
 8 11 Z  560  342
 8 12 Z  560  367
 8 13 Z  560  342
 8 14 Z  560  240
 8 15 Z  560  414
 8 16 Z  560  377
 8 17 Z  560  353
 8 18 Z  560  453
 8 19 Z  560  438
 8 20 Z  560  477
 8 21 Z  560  467
 8 22 Z  560  479
 8 23 Z  560  443
 8 24 Z  560  486
 8 25 Z  560  328
 8 26 Z  560  400
 8 27 Z  560  458
 8 28 Z  560  479
 8 29 Z  560  396
 8 30 Z  560  387
 8 31 Z  560  366
 9  1 X   10  291
 9  2 X   10  263
 9  3 X   10  260
 9  4 X   10  294
 9  5 X   10  279
 9  6 X   10  265
 9  7 X   10  255
 9  8 X   10  262
 9  9 X   10  211
 9 10 X   10  249
 9 11 X   10  237
 9 12 X   10  286
 9 13 X   10  213
 9 14 X   10  256
 9 15 X   10  216
 9 16 X   10  263
 9 17 X   10  224
 9 18 X   10  185
 9 19 X   10  283
 9 20 X   10  238
 9 21 X   10  257
 9 22 X   10  247
 9 23 X   10  239
 9 24 X   10  234
 9 25 X   10  252
 9 26 X   10  214
 9 27 X   10  255
 9 28 X   10  238
 9 29 X   10  221
 9 30 X   10  220
 9  1 Y  -40  347
 9  2 Y  -40  378
 9  3 Y  -40  337
 9  4 Y  -40  295
 9  5 Y  -40  310
 9  6 Y  -40  360
 9  7 Y  -40  342
 9  8 Y  -40  362
 9  9 Y  -40  375
 9 10 Y  -40  364
 9 11 Y  -40  341
 9 12 Y  -40  355
 9 13 Y  -40  376
 9 14 Y  -40  331
 9 15 Y  -40  353
 9 16 Y  -40  375
 9 17 Y  -40  344
 9 18 Y  -40  277
 9 19 Y  -40  366
 9 20 Y  -40  349
 9 21 Y  -40  346
 9 22 Y  -40  382
 9 23 Y  -40  336
 9 24 Y  -40  347
 9 25 Y  -40  341
 9 26 Y  -40  373
 9 27 Y  -40  349
 9 28 Y  -40  337
 9 29 Y  -40  369
 9 30 Y  -40  322
 9  1 Z  560  375
 9  2 Z  560  410
 9  3 Z  560  351
 9  4 Z  560  333
 9  5 Z  560  388
 9  6 Z  560  342
 9  7 Z  560  355
 9  8 Z  560  403
 9  9 Z  560  444
 9 10 Z  560  444
 9 11 Z  560  443
 9 12 Z  560  386
 9 13 Z  560  419
 9 14 Z  560  443
 9 15 Z  560  407
 9 16 Z  560  469
 9 17 Z  560  476
 9 18 Z  560  413
 9 19 Z  560  535
 9 20 Z  560  462
 9 21 Z  560  458
 9 22 Z  560  431
 9 23 Z  560  448
 9 24 Z  560  433
 9 25 Z  560  423
 9 26 Z  560  417
 9 27 Z  560  462
 9 28 Z  560  415
 9 29 Z  560  477
 9 30 Z  560  392
10  1 X   10  286
10  2 X   10  235
10  3 X   10  220
10  4 X   10  233
10  5 X   10  234
10  6 X   10  234
10  7 X   10  240
10  8 X   10  239
10  9 X   10  251
10 10 X   10  239
10 11 X   10  247
10 12 X   10  240
10 13 X   10  242
10 14 X   10  240
10 15 X   10  234
10 16 X   10  220
10 17 X   10  251
10 18 X   10  240
10 19 X   10  241
10 20 X   10  233
10 21 X   10  249
10 22 X   10  229
10 23 X   10  269
10 24 X   10  240
10 25 X   10  268
10 26 X   10  209
10 27 X   10  258
10 28 X   10  220
10 29 X   10  240
10 30 X   10  245
10 31 X   10  229
10  1 Y  -40  347
10  2 Y  -40  345
10  3 Y  -40  359
10  4 Y  -40  360
10  5 Y  -40  343
10  6 Y  -40  366
10  7 Y  -40  348
10  8 Y  -40  361
10  9 Y  -40  350
10 10 Y  -40  359
10 11 Y  -40  343
10 12 Y  -40  354
10 13 Y  -40  347
10 14 Y  -40  347
10 15 Y  -40  359
10 16 Y  -40  347
10 17 Y  -40  346
10 18 Y  -40  336
10 19 Y  -40  341
10 20 Y  -40  490
10 21 Y  -40  382
10 22 Y  -40  355
10 23 Y  -40  327
10 24 Y  -40  328
10 25 Y  -40  305
10 26 Y  -40  326
10 27 Y  -40  348
10 28 Y  -40  345
10 29 Y  -40  331
10 30 Y  -40  346
10 31 Y  -40  361
10  1 Z  560  391
10  2 Z  560  428
10  3 Z  560  391
10  4 Z  560  451
10  5 Z  560  434
10  6 Z  560  436
10  7 Z  560  447
10  8 Z  560  435
10  9 Z  560  456
10 10 Z  560  442
10 11 Z  560  433
10 12 Z  560  447
10 13 Z  560  424
10 14 Z  560  435
10 15 Z  560  429
10 16 Z  560  405
10 17 Z  560  418
10 18 Z  560  415
10 19 Z  560  437
10 20 Z  560  381
10 21 Z  560  420
10 22 Z  560  488
10 23 Z  560  441
10 24 Z  560  513
10 25 Z  560  447
10 26 Z  560  425
10 27 Z  560  438
10 28 Z  560  430
10 29 Z  560  451
10 30 Z  560  469
10 31 Z  560  457
11  1 X   10  237
11  2 X   10  221
11  3 X   10  246
11  4 X   10  244
11  5 X   10  231
11  6 X   10  236
11  7 X   10  259
11  8 X   10  247
11  9 X   10  219
11 10 X   10  252
11 11 X   10  226
11 12 X   10  245
11 13 X   10  225
11 14 X   10  247
11 15 X   10  249
11 16 X   10  244
11 17 X   10  200
11 18 X   10  264
11 19 X   10  234
11 20 X   10  243
11 21 X   10  258
11 22 X   10  233
11 23 X   10  245
11 24 X   10  235
11 25 X   10  247
11 26 X   10  224
11 27 X   10  221
11 28 X   10  241
11 29 X   10  216
11 30 X   10  231
11  1 Y  -40  337
11  2 Y  -40  335
11  3 Y  -40  373
11  4 Y  -40  377
11  5 Y  -40  339
11  6 Y  -40  353
11  7 Y  -40  354
11  8 Y  -40  361
11  9 Y  -40  341
11 10 Y  -40  340
11 11 Y  -40  344
11 12 Y  -40  341
11 13 Y  -40  367
11 14 Y  -40  340
11 15 Y  -40  335
11 16 Y  -40  344
11 17 Y  -40  377
11 18 Y  -40  331
11 19 Y  -40  344
11 20 Y  -40  349
11 21 Y  -40  340
11 22 Y  -40  348
11 23 Y  -40  346
11 24 Y  -40  359
11 25 Y  -40  347
11 26 Y  -40  356
11 27 Y  -40  358
11 28 Y  -40  322
11 29 Y  -40  360
11 30 Y  -40  358
11  1 Z  560  444
11  2 Z  560  453
11  3 Z  560  476
11  4 Z  560  475
11  5 Z  560  463
11  6 Z  560  454
11  7 Z  560  474
11  8 Z  560  465
11  9 Z  560  474
11 10 Z  560  452
11 11 Z  560  439
11 12 Z  560  435
11 13 Z  560  466
11 14 Z  560  463
11 15 Z  560  443
11 16 Z  560  426
11 17 Z  560  471
11 18 Z  560  489
11 19 Z  560  459
11 20 Z  560  462
11 21 Z  560  460
11 22 Z  560  436
11 23 Z  560  449
11 24 Z  560  434
11 25 Z  560  437
11 26 Z  560  436
11 27 Z  560  448
11 28 Z  560  519
11 29 Z  560  465
11 30 Z  560  466
12  1 X   10  208
12  2 X   10  245
12  3 X   10  239
12  4 X   10  232
12  5 X   10  246
12  6 X   10  245
12  7 X   10  243
12  8 X   10  248
12  9 X   10  251
12 10 X   10  252
12 11 X   10  245
12 12 X   10  244
12 13 X   10  248
12 14 X   10  233
12 15 X   10  253
12 16 X   10  240
12 17 X   10  243
12 18 X   10  245
12 19 X   10  245
12 20 X   10  244
12 21 X   10  238
12 22 X   10  224
12 23 X   10  256
12 24 X   10  224
12 25 X   10  252
12 26 X   10  228
12 27 X   10  227
12 28 X   10  250
12 29 X   10  215
12 30 X   10  230
12 31 X   10  269
12  1 Y  -40  397
12  2 Y  -40  339
12  3 Y  -40  354
12  4 Y  -40  323
12  5 Y  -40  339
12  6 Y  -40  354
12  7 Y  -40  351
12  8 Y  -40  354
12  9 Y  -40  346
12 10 Y  -40  347
12 11 Y  -40  350
12 12 Y  -40  342
12 13 Y  -40  352
12 14 Y  -40  360
12 15 Y  -40  350
12 16 Y  -40  368
12 17 Y  -40  360
12 18 Y  -40  346
12 19 Y  -40  348
12 20 Y  -40  345
12 21 Y  -40  353
12 22 Y  -40  366
12 23 Y  -40  354
12 24 Y  -40  356
12 25 Y  -40  343
12 26 Y  -40  357
12 27 Y  -40  362
12 28 Y  -40  346
12 29 Y  -40  359
12 30 Y  -40  373
12 31 Y  -40  365
12  1 Z  560  494
12  2 Z  560  486
12  3 Z  560  464
12  4 Z  560  476
12  5 Z  560  471
12  6 Z  560  448
12  7 Z  560  446
12  8 Z  560  442
12  9 Z  560  436
12 10 Z  560  436
12 11 Z  560  430
12 12 Z  560  432
12 13 Z  560  430
12 14 Z  560  430
12 15 Z  560  433
12 16 Z  560  443
12 17 Z  560  438
12 18 Z  560  435
12 19 Z  560  433
12 20 Z  560  428
12 21 Z  560  431
12 22 Z  560  437
12 23 Z  560  450
12 24 Z  560  443
12 25 Z  560  451
12 26 Z  560  443
12 27 Z  560  446
12 28 Z  560  450
12 29 Z  560  468
12 30 Z  560  476
12 31 Z  560  488
