 1  1 X    0  942
 1  2 X    0  963
 1  3 X    0  947
 1  4 X    0  957
 1  5 X    0  955
 1  6 X    0  951
 1  7 X    0  950
 1  8 X    0  936
 1  9 X    0  945
 1 10 X    0  942
 1 11 X    0  952
 1 12 X    0  933
 1 13 X    0  963
 1 14 X    0  952
 1 15 X    0  954
 1 16 X    0  947
 1 17 X    0  961
 1 18 X    0  930
 1 19 X    0  952
 1 20 X    0  959
 1 21 X    0  953
 1 22 X    0  968
 1 23 X    0  925
 1 24 X    0  NaN
 1 25 X    0  894
 1 26 X    0  960
 1 27 X    0  957
 1 28 X    0  957
 1 29 X    0  959
 1 30 X    0  956
 1 31 X    0  945
 1  1 Y  -50  672
 1  2 Y  -50  683
 1  3 Y  -50  671
 1  4 Y  -50  670
 1  5 Y  -50  674
 1  6 Y  -50  674
 1  7 Y  -50  660
 1  8 Y  -50  681
 1  9 Y  -50  694
 1 10 Y  -50  675
 1 11 Y  -50  675
 1 12 Y  -50  667
 1 13 Y  -50  687
 1 14 Y  -50  681
 1 15 Y  -50  677
 1 16 Y  -50  681
 1 17 Y  -50  673
 1 18 Y  -50  687
 1 19 Y  -50  682
 1 20 Y  -50  679
 1 21 Y  -50  671
 1 22 Y  -50  679
 1 23 Y  -50  688
 1 24 Y  -50  NaN
 1 25 Y  -50  620
 1 26 Y  -50  670
 1 27 Y  -50  671
 1 28 Y  -50  671
 1 29 Y  -50  678
 1 30 Y  -50  670
 1 31 Y  -50  687
 1  1 Z  550  808
 1  2 Z  550  841
 1  3 Z  550  806
 1  4 Z  550  796
 1  5 Z  550  791
 1  6 Z  550  795
 1  7 Z  550  803
 1  8 Z  550  785
 1  9 Z  550  799
 1 10 Z  550  800
 1 11 Z  550  809
 1 12 Z  550  804
 1 13 Z  550  809
 1 14 Z  550  797
 1 15 Z  550  791
 1 16 Z  550  792
 1 17 Z  550  793
 1 18 Z  550  801
 1 19 Z  550  802
 1 20 Z  550  796
 1 21 Z  550  783
 1 22 Z  550  795
 1 23 Z  550  771
 1 24 Z  550  796
 1 25 Z  550  914
 1 26 Z  550  889
 1 27 Z  550  842
 1 28 Z  550  823
 1 29 Z  550  821
 1 30 Z  550  814
 1 31 Z  550  808
 2  1 X    0  961
 2  2 X    0  955
 2  3 X    0  937
 2  4 X    0  976
 2  5 X    0  957
 2  6 X    0  925
 2  7 X    0  975
 2  8 X    0  955
 2  9 X    0  956
 2 10 X    0  954
 2 11 X    0  947
 2 12 X    0  962
 2 13 X    0  958
 2 14 X    0  953
 2 15 X    0  949
 2 16 X    0  959
 2 17 X    0  946
 2 18 X    0  953
 2 19 X    0  960
 2 20 X    0  938
 2 21 X    0  955
 2 22 X    0  974
 2 23 X    0  955
 2 24 X    0  949
 2 25 X    0  961
 2 26 X    0  957
 2 27 X    0  973
 2 28 X    0  958
 2  1 Y  -50  673
 2  2 Y  -50  675
 2  3 Y  -50  654
 2  4 Y  -50  683
 2  5 Y  -50  672
 2  6 Y  -50  698
 2  7 Y  -50  670
 2  8 Y  -50  684
 2  9 Y  -50  666
 2 10 Y  -50  674
 2 11 Y  -50  677
 2 12 Y  -50  686
 2 13 Y  -50  667
 2 14 Y  -50  662
 2 15 Y  -50  684
 2 16 Y  -50  668
 2 17 Y  -50  701
 2 18 Y  -50  674
 2 19 Y  -50  680
 2 20 Y  -50  681
 2 21 Y  -50  660
 2 22 Y  -50  663
 2 23 Y  -50  684
 2 24 Y  -50  684
 2 25 Y  -50  674
 2 26 Y  -50  663
 2 27 Y  -50  669
 2 28 Y  -50  668
 2  1 Z  550  812
 2  2 Z  550  807
 2  3 Z  550  794
 2  4 Z  550  827
 2  5 Z  550  814
 2  6 Z  550  813
 2  7 Z  550  840
 2  8 Z  550  813
 2  9 Z  550  812
 2 10 Z  550  773
 2 11 Z  550  807
 2 12 Z  550  813
 2 13 Z  550  811
 2 14 Z  550  805
 2 15 Z  550  797
 2 16 Z  550  803
 2 17 Z  550  807
 2 18 Z  550  798
 2 19 Z  550  787
 2 20 Z  550  774
 2 21 Z  550  780
 2 22 Z  550  807
 2 23 Z  550  810
 2 24 Z  550  808
 2 25 Z  550  810
 2 26 Z  550  792
 2 27 Z  550  814
 2 28 Z  550  809
 3  1 X    0  916
 3  2 X    0  965
 3  3 X    0  941
 3  4 X    0  962
 3  5 X    0  961
 3  6 X    0  957
 3  7 X    0  952
 3  8 X    0  951
 3  9 X    0  953
 3 10 X    0  942
 3 11 X    0  955
 3 12 X    0  954
 3 13 X    0  946
 3 14 X    0  947
 3 15 X    0  970
 3 16 X    0  932
 3 17 X    0  924
 3 18 X    0  976
 3 19 X    0  950
 3 20 X    0  949
 3 21 X    0  952
 3 22 X    0  981
 3 23 X    0 1002
 3 24 X    0  967
 3 25 X    0  965
 3 26 X    0  976
 3 27 X    0  959
 3 28 X    0  939
 3 29 X    0  969
 3 30 X    0  982
 3 31 X    0  964
 3  1 Y  -50  685
 3  2 Y  -50  699
 3  3 Y  -50  698
 3  4 Y  -50  675
 3  5 Y  -50  657
 3  6 Y  -50  675
 3  7 Y  -50  679
 3  8 Y  -50  673
 3  9 Y  -50  683
 3 10 Y  -50  680
 3 11 Y  -50  669
 3 12 Y  -50  686
 3 13 Y  -50  710
 3 14 Y  -50  686
 3 15 Y  -50  693
 3 16 Y  -50  679
 3 17 Y  -50  698
 3 18 Y  -50  669
 3 19 Y  -50  687
 3 20 Y  -50  696
 3 21 Y  -50  668
 3 22 Y  -50  687
 3 23 Y  -50  681
 3 24 Y  -50  671
 3 25 Y  -50  664
 3 26 Y  -50  678
 3 27 Y  -50  680
 3 28 Y  -50  687
 3 29 Y  -50  685
 3 30 Y  -50  684
 3 31 Y  -50  664
 3  1 Z  550  775
 3  2 Z  550  787
 3  3 Z  550  782
 3  4 Z  550  777
 3  5 Z  550  790
 3  6 Z  550  780
 3  7 Z  550  776
 3  8 Z  550  770
 3  9 Z  550  769
 3 10 Z  550  771
 3 11 Z  550  777
 3 12 Z  550  757
 3 13 Z  550  796
 3 14 Z  550  791
 3 15 Z  550  798
 3 16 Z  550  796
 3 17 Z  550  774
 3 18 Z  550  823
 3 19 Z  550  799
 3 20 Z  550  809
 3 21 Z  550  817
 3 22 Z  550  816
 3 23 Z  550  793
 3 24 Z  550  787
 3 25 Z  550  793
 3 26 Z  550  778
 3 27 Z  550  765
 3 28 Z  550  778
 3 29 Z  550  772
 3 30 Z  550  761
 3 31 Z  550  784
 4  1 X    0  963
 4  2 X    0  958
 4  3 X    0  956
 4  4 X    0  984
 4  5 X    0  977
 4  6 X    0  970
 4  7 X    0  927
 4  8 X    0  982
 4  9 X    0  934
 4 10 X    0  955
 4 11 X    0  969
 4 12 X    0  973
 4 13 X    0  976
 4 14 X    0  965
 4 15 X    0  957
 4 16 X    0  981
 4 17 X    0  979
 4 18 X    0  942
 4 19 X    0  976
 4 20 X    0  951
 4 21 X    0  945
 4 22 X    0  973
 4 23 X    0 1012
 4 24 X    0  972
 4 25 X    0  969
 4 26 X    0  982
 4 27 X    0 1010
 4 28 X    0  970
 4 29 X    0  965
 4 30 X    0 1059
 4  1 Y  -50  672
 4  2 Y  -50  683
 4  3 Y  -50  687
 4  4 Y  -50  671
 4  5 Y  -50  667
 4  6 Y  -50  659
 4  7 Y  -50  679
 4  8 Y  -50  733
 4  9 Y  -50  685
 4 10 Y  -50  683
 4 11 Y  -50  733
 4 12 Y  -50  675
 4 13 Y  -50  695
 4 14 Y  -50  665
 4 15 Y  -50  673
 4 16 Y  -50  692
 4 17 Y  -50  676
 4 18 Y  -50  677
 4 19 Y  -50  693
 4 20 Y  -50  681
 4 21 Y  -50  674
 4 22 Y  -50  651
 4 23 Y  -50  679
 4 24 Y  -50  675
 4 25 Y  -50  668
 4 26 Y  -50  643
 4 27 Y  -50  668
 4 28 Y  -50  673
 4 29 Y  -50  690
 4 30 Y  -50  593
 4  1 Z  550  763
 4  2 Z  550  795
 4  3 Z  550  767
 4  4 Z  550  760
 4  5 Z  550  755
 4  6 Z  550  775
 4  7 Z  550  741
 4  8 Z  550  805
 4  9 Z  550  831
 4 10 Z  550  795
 4 11 Z  550  796
 4 12 Z  550  663
 4 13 Z  550  756
 4 14 Z  550  774
 4 15 Z  550  783
 4 16 Z  550  826
 4 17 Z  550  802
 4 18 Z  550  790
 4 19 Z  550  812
 4 20 Z  550  798
 4 21 Z  550  801
 4 22 Z  550  727
 4 23 Z  550  702
 4 24 Z  550  752
 4 25 Z  550  726
 4 26 Z  550  712
 4 27 Z  550  681
 4 28 Z  550  731
 4 29 Z  550  698
 4 30 Z  550  699
 5  1 X    0  941
 5  2 X    0  967
 5  3 X    0  967
 5  4 X    0 1006
 5  5 X    0  954
 5  6 X    0  970
 5  7 X    0  952
 5  8 X    0  959
 5  9 X    0  996
 5 10 X    0  975
 5 11 X    0 1014
 5 12 X    0 1002
 5 13 X    0  974
 5 14 X    0  980
 5 15 X    0  972
 5 16 X    0  982
 5 17 X    0  946
 5 18 X    0  957
 5 19 X    0  969
 5 20 X    0  993
 5 21 X    0  999
 5 22 X    0 1026
 5 23 X    0  993
 5 24 X    0 1020
 5 25 X    0 1028
 5 26 X    0 1010
 5 27 X    0 1030
 5 28 X    0  981
 5 29 X    0  982
 5 30 X    0  916
 5 31 X    0  970
 5  1 Y  -50  671
 5  2 Y  -50  665
 5  3 Y  -50  643
 5  4 Y  -50  689
 5  5 Y  -50  726
 5  6 Y  -50  690
 5  7 Y  -50  684
 5  8 Y  -50  697
 5  9 Y  -50  638
 5 10 Y  -50  673
 5 11 Y  -50  636
 5 12 Y  -50  719
 5 13 Y  -50  660
 5 14 Y  -50  682
 5 15 Y  -50  667
 5 16 Y  -50  715
 5 17 Y  -50  682
 5 18 Y  -50  676
 5 19 Y  -50  657
 5 20 Y  -50  664
 5 21 Y  -50  660
 5 22 Y  -50  658
 5 23 Y  -50  643
 5 24 Y  -50  613
 5 25 Y  -50  666
 5 26 Y  -50  677
 5 27 Y  -50  665
 5 28 Y  -50  648
 5 29 Y  -50  663
 5 30 Y  -50  667
 5 31 Y  -50  682
 5  1 Z  550  757
 5  2 Z  550  697
 5  3 Z  550  688
 5  4 Z  550  790
 5  5 Z  550  801
 5  6 Z  550  785
 5  7 Z  550  788
 5  8 Z  550  782
 5  9 Z  550  810
 5 10 Z  550  721
 5 11 Z  550  668
 5 12 Z  550  774
 5 13 Z  550  824
 5 14 Z  550  802
 5 15 Z  550  814
 5 16 Z  550  814
 5 17 Z  550  872
 5 18 Z  550  760
 5 19 Z  550  721
 5 20 Z  550  698
 5 21 Z  550  756
 5 22 Z  550  579
 5 23 Z  550  656
 5 24 Z  550  657
 5 25 Z  550  683
 5 26 Z  550  703
 5 27 Z  550  646
 5 28 Z  550  697
 5 29 Z  550  709
 5 30 Z  550  711
 5 31 Z  550  823
 6  1 X    0  988
 6  2 X    0  978
 6  3 X    0  955
 6  4 X    0  950
 6  5 X    0  978
 6  6 X    0 1016
 6  7 X    0  993
 6  8 X    0 1016
 6  9 X    0  984
 6 10 X    0  997
 6 11 X    0  919
 6 12 X    0  952
 6 13 X    0  959
 6 14 X    0 1002
 6 15 X    0 1003
 6 16 X    0  934
 6 17 X    0  901
 6 18 X    0 1027
 6 19 X    0 1017
 6 20 X    0  985
 6 21 X    0 1032
 6 22 X    0 1052
 6 23 X    0 1008
 6 24 X    0  968
 6 25 X    0  979
 6 26 X    0  968
 6 27 X    0  948
 6 28 X    0  958
 6 29 X    0  919
 6 30 X    0  967
 6  1 Y  -50  661
 6  2 Y  -50  704
 6  3 Y  -50  680
 6  4 Y  -50  717
 6  5 Y  -50  652
 6  6 Y  -50  617
 6  7 Y  -50  674
 6  8 Y  -50  649
 6  9 Y  -50  654
 6 10 Y  -50  659
 6 11 Y  -50  705
 6 12 Y  -50  709
 6 13 Y  -50  697
 6 14 Y  -50  627
 6 15 Y  -50  690
 6 16 Y  -50  667
 6 17 Y  -50  723
 6 18 Y  -50  682
 6 19 Y  -50  661
 6 20 Y  -50  686
 6 21 Y  -50  631
 6 22 Y  -50  686
 6 23 Y  -50  643
 6 24 Y  -50  690
 6 25 Y  -50  709
 6 26 Y  -50  678
 6 27 Y  -50  681
 6 28 Y  -50  690
 6 29 Y  -50  695
 6 30 Y  -50  711
 6  1 Z  550  782
 6  2 Z  550  813
 6  3 Z  550  820
 6  4 Z  550  778
 6  5 Z  550  745
 6  6 Z  550  631
 6  7 Z  550  757
 6  8 Z  550  693
 6  9 Z  550  711
 6 10 Z  550  739
 6 11 Z  550  774
 6 12 Z  550  784
 6 13 Z  550  834
 6 14 Z  550  730
 6 15 Z  550  809
 6 16 Z  550  810
 6 17 Z  550  894
 6 18 Z  550  666
 6 19 Z  550  614
 6 20 Z  550  684
 6 21 Z  550  655
 6 22 Z  550  699
 6 23 Z  550  688
 6 24 Z  550  731
 6 25 Z  550  822
 6 26 Z  550  819
 6 27 Z  550  820
 6 28 Z  550  788
 6 29 Z  550  816
 6 30 Z  550  802
 7  1 X    0  982
 7  2 X    0  949
 7  3 X    0  949
 7  4 X    0  964
 7  5 X    0  943
 7  6 X    0  951
 7  7 X    0 1035
 7  8 X    0 1004
 7  9 X    0 1022
 7 10 X    0  987
 7 11 X    0  982
 7 12 X    0  976
 7 13 X    0 1077
 7 14 X    0  971
 7 15 X    0  948
 7 16 X    0  954
 7 17 X    0 1024
 7 18 X    0  958
 7 19 X    0 1018
 7 20 X    0  983
 7 21 X    0  998
 7 22 X    0  961
 7 23 X    0  964
 7 24 X    0  946
 7 25 X    0  945
 7 26 X    0  969
 7 27 X    0  934
 7 28 X    0  925
 7 29 X    0  912
 7 30 X    0 1018
 7 31 X    0  972
 7  1 Y  -50  658
 7  2 Y  -50  695
 7  3 Y  -50  709
 7  4 Y  -50  679
 7  5 Y  -50  684
 7  6 Y  -50  677
 7  7 Y  -50  657
 7  8 Y  -50  687
 7  9 Y  -50  663
 7 10 Y  -50  672
 7 11 Y  -50  663
 7 12 Y  -50  692
 7 13 Y  -50  646
 7 14 Y  -50  653
 7 15 Y  -50  690
 7 16 Y  -50  698
 7 17 Y  -50  681
 7 18 Y  -50  699
 7 19 Y  -50  673
 7 20 Y  -50  685
 7 21 Y  -50  686
 7 22 Y  -50  721
 7 23 Y  -50  693
 7 24 Y  -50  705
 7 25 Y  -50  697
 7 26 Y  -50  667
 7 27 Y  -50  684
 7 28 Y  -50  715
 7 29 Y  -50  678
 7 30 Y  -50  684
 7 31 Y  -50  662
 7  1 Z  550  740
 7  2 Z  550  798
 7  3 Z  550  808
 7  4 Z  550  791
 7  5 Z  550  805
 7  6 Z  550  773
 7  7 Z  550  670
 7  8 Z  550  698
 7  9 Z  550  707
 7 10 Z  550  692
 7 11 Z  550  684
 7 12 Z  550  718
 7 13 Z  550  648
 7 14 Z  550  796
 7 15 Z  550  794
 7 16 Z  550  676
 7 17 Z  550  674
 7 18 Z  550  724
 7 19 Z  550  630
 7 20 Z  550  688
 7 21 Z  550  665
 7 22 Z  550  750
 7 23 Z  550  813
 7 24 Z  550  823
 7 25 Z  550  839
 7 26 Z  550  751
 7 27 Z  550  791
 7 28 Z  550  830
 7 29 Z  550  870
 7 30 Z  550  659
 7 31 Z  550  704
 8  1 X    0  968
 8  2 X    0 1019
 8  3 X    0  965
 8  4 X    0  979
 8  5 X    0  955
 8  6 X    0  904
 8  7 X    0  959
 8  8 X    0 1028
 8  9 X    0  977
 8 10 X    0  989
 8 11 X    0  980
 8 12 X    0  986
 8 13 X    0  988
 8 14 X    0  982
 8 15 X    0  984
 8 16 X    0  995
 8 17 X    0  952
 8 18 X    0  978
 8 19 X    0  936
 8 20 X    0  958
 8 21 X    0  967
 8 22 X    0  975
 8 23 X    0  962
 8 24 X    0  961
 8 25 X    0  941
 8 26 X    0  985
 8 27 X    0  986
 8 28 X    0  979
 8 29 X    0  958
 8 30 X    0  987
 8 31 X    0  960
 8  1 Y  -50  669
 8  2 Y  -50  674
 8  3 Y  -50  666
 8  4 Y  -50  718
 8  5 Y  -50  700
 8  6 Y  -50  735
 8  7 Y  -50  690
 8  8 Y  -50  647
 8  9 Y  -50  709
 8 10 Y  -50  682
 8 11 Y  -50  683
 8 12 Y  -50  679
 8 13 Y  -50  690
 8 14 Y  -50  676
 8 15 Y  -50  659
 8 16 Y  -50  689
 8 17 Y  -50  695
 8 18 Y  -50  724
 8 19 Y  -50  713
 8 20 Y  -50  677
 8 21 Y  -50  696
 8 22 Y  -50  691
 8 23 Y  -50  685
 8 24 Y  -50  686
 8 25 Y  -50  700
 8 26 Y  -50  666
 8 27 Y  -50  700
 8 28 Y  -50  670
 8 29 Y  -50  671
 8 30 Y  -50  700
 8 31 Y  -50  671
 8  1 Z  550  750
 8  2 Z  550  665
 8  3 Z  550  766
 8  4 Z  550  885
 8  5 Z  550  904
 8  6 Z  550  921
 8  7 Z  550  760
 8  8 Z  550  694
 8  9 Z  550  709
 8 10 Z  550  750
 8 11 Z  550  723
 8 12 Z  550  699
 8 13 Z  550  724
 8 14 Z  550  724
 8 15 Z  550  723
 8 16 Z  550  757
 8 17 Z  550  831
 8 18 Z  550  782
 8 19 Z  550  835
 8 20 Z  550  809
 8 21 Z  550  802
 8 22 Z  550  825
 8 23 Z  550  812
 8 24 Z  550  802
 8 25 Z  550  829
 8 26 Z  550  719
 8 27 Z  550  739
 8 28 Z  550  727
 8 29 Z  550  712
 8 30 Z  550  727
 8 31 Z  550  757
 9  1 X    0  967
 9  2 X    0  970
 9  3 X    0  983
 9  4 X    0  NaN
 9  5 X    0  NaN
 9  6 X    0  NaN
 9  7 X    0  NaN
 9  8 X    0  NaN
 9  9 X    0  NaN
 9 10 X    0  NaN
 9 11 X    0  975
 9 12 X    0  994
 9 13 X    0  980
 9 14 X    0  981
 9 15 X    0  960
 9 16 X    0  965
 9 17 X    0  954
 9 18 X    0  964
 9 19 X    0  962
 9 20 X    0  956
 9 21 X    0  962
 9 22 X    0  978
 9 23 X    0  975
 9 24 X    0  960
 9 25 X    0  968
 9 26 X    0  976
 9 27 X    0  997
 9 28 X    0  972
 9 29 X    0  NaN
 9 30 X    0  960
 9  1 Y  -50  681
 9  2 Y  -50  697
 9  3 Y  -50  690
 9  4 Y  -50  NaN
 9  5 Y  -50  NaN
 9  6 Y  -50  NaN
 9  7 Y  -50  NaN
 9  8 Y  -50  NaN
 9  9 Y  -50  NaN
 9 10 Y  -50  NaN
 9 11 Y  -50  674
 9 12 Y  -50  702
 9 13 Y  -50  696
 9 14 Y  -50  723
 9 15 Y  -50  690
 9 16 Y  -50  672
 9 17 Y  -50  691
 9 18 Y  -50  693
 9 19 Y  -50  688
 9 20 Y  -50  681
 9 21 Y  -50  673
 9 22 Y  -50  687
 9 23 Y  -50  678
 9 24 Y  -50  661
 9 25 Y  -50  700
 9 26 Y  -50  688
 9 27 Y  -50  694
 9 28 Y  -50  669
 9 29 Y  -50  NaN
 9 30 Y  -50  682
 9  1 Z  550  706
 9  2 Z  550  768
 9  3 Z  550  762
 9  4 Z  550  NaN
 9  5 Z  550  NaN
 9  6 Z  550  NaN
 9  7 Z  550  NaN
 9  8 Z  550  NaN
 9  9 Z  550  NaN
 9 10 Z  550  NaN
 9 11 Z  550  717
 9 12 Z  550  771
 9 13 Z  550  825
 9 14 Z  550  814
 9 15 Z  550  830
 9 16 Z  550  790
 9 17 Z  550  820
 9 18 Z  550  816
 9 19 Z  550  820
 9 20 Z  550  817
 9 21 Z  550  802
 9 22 Z  550  764
 9 23 Z  550  777
 9 24 Z  550  754
 9 25 Z  550  788
 9 26 Z  550  787
 9 27 Z  550  807
 9 28 Z  550  811
 9 29 Z  550  NaN
 9 30 Z  550  768
10  1 X    0  983
10  2 X    0  971
10  3 X    0  966
10  4 X    0  986
10  5 X    0  972
10  6 X    0  949
10  7 X    0  956
10  8 X    0  959
10  9 X    0  964
10 10 X    0  958
10 11 X    0  964
10 12 X    0  971
10 13 X    0  946
10 14 X    0  934
10 15 X    0  945
10 16 X    0  995
10 17 X    0  974
10 18 X    0  972
10 19 X    0  957
10 20 X    0  946
10 21 X    0  976
10 22 X    0  949
10 23 X    0  939
10 24 X    0  975
10 25 X    0  967
10 26 X    0  958
10 27 X    0  940
10 28 X    0  974
10 29 X    0  966
10 30 X    0  963
10 31 X    0  966
10  1 Y  -50  677
10  2 Y  -50  666
10  3 Y  -50  673
10  4 Y  -50  685
10  5 Y  -50  684
10  6 Y  -50  686
10  7 Y  -50  696
10  8 Y  -50  683
10  9 Y  -50  692
10 10 Y  -50  690
10 11 Y  -50  701
10 12 Y  -50  677
10 13 Y  -50  687
10 14 Y  -50  704
10 15 Y  -50  685
10 16 Y  -50  688
10 17 Y  -50  668
10 18 Y  -50  701
10 19 Y  -50  701
10 20 Y  -50  663
10 21 Y  -50  688
10 22 Y  -50  662
10 23 Y  -50  682
10 24 Y  -50  668
10 25 Y  -50  676
10 26 Y  -50  675
10 27 Y  -50  695
10 28 Y  -50  689
10 29 Y  -50  677
10 30 Y  -50  690
10 31 Y  -50  670
10  1 Z  550  802
10  2 Z  550  771
10  3 Z  550  784
10  4 Z  550  785
10  5 Z  550  784
10  6 Z  550  763
10  7 Z  550  798
10  8 Z  550  809
10  9 Z  550  824
10 10 Z  550  825
10 11 Z  550  822
10 12 Z  550  826
10 13 Z  550  816
10 14 Z  550  838
10 15 Z  550  869
10 16 Z  550  871
10 17 Z  550  NaN
10 18 Z  550  816
10 19 Z  550  815
10 20 Z  550  810
10 21 Z  550  816
10 22 Z  550  815
10 23 Z  550  808
10 24 Z  550  830
10 25 Z  550  811
10 26 Z  550  806
10 27 Z  550  806
10 28 Z  550  850
10 29 Z  550  819
10 30 Z  550  811
10 31 Z  550  818
11  1 X    0  932
11  2 X    0  948
11  3 X    0  957
11  4 X    0  968
11  5 X    0  954
11  6 X    0  965
11  7 X    0  NaN
11  8 X    0  963
11  9 X    0  967
11 10 X    0  964
11 11 X    0  975
11 12 X    0  944
11 13 X    0  963
11 14 X    0  965
11 15 X    0  944
11 16 X    0  979
11 17 X    0  963
11 18 X    0  966
11 19 X    0  913
11 20 X    0  953
11 21 X    0  937
11 22 X    0  950
11 23 X    0  943
11 24 X    0  978
11 25 X    0  963
11 26 X    0  962
11 27 X    0  963
11 28 X    0  970
11 29 X    0  946
11 30 X    0  950
11  1 Y  -50  706
11  2 Y  -50  696
11  3 Y  -50  656
11  4 Y  -50  690
11  5 Y  -50  700
11  6 Y  -50  676
11  7 Y  -50  NaN
11  8 Y  -50  678
11  9 Y  -50  675
11 10 Y  -50  694
11 11 Y  -50  692
11 12 Y  -50  689
11 13 Y  -50  685
11 14 Y  -50  691
11 15 Y  -50  668
11 16 Y  -50  672
11 17 Y  -50  682
11 18 Y  -50  681
11 19 Y  -50  723
11 20 Y  -50  698
11 21 Y  -50  685
11 22 Y  -50  687
11 23 Y  -50  668
11 24 Y  -50  681
11 25 Y  -50  688
11 26 Y  -50  688
11 27 Y  -50  687
11 28 Y  -50  680
11 29 Y  -50  682
11 30 Y  -50  718
11  1 Z  550  818
11  2 Z  550  826
11  3 Z  550  833
11  4 Z  550  822
11  5 Z  550  836
11  6 Z  550  833
11  7 Z  550  NaN
11  8 Z  550  821
11  9 Z  550  819
11 10 Z  550  819
11 11 Z  550  827
11 12 Z  550  825
11 13 Z  550  816
11 14 Z  550  807
11 15 Z  550  807
11 16 Z  550  823
11 17 Z  550  818
11 18 Z  550  817
11 19 Z  550  830
11 20 Z  550  796
11 21 Z  550  819
11 22 Z  550  824
11 23 Z  550  820
11 24 Z  550  829
11 25 Z  550  826
11 26 Z  550  818
11 27 Z  550  819
11 28 Z  550  816
11 29 Z  550  831
11 30 Z  550  845
12  1 X    0  976
12  2 X    0  972
12  3 X    0  951
12  4 X    0  955
12  5 X    0  963
12  6 X    0  972
12  7 X    0  966
12  8 X    0  958
12  9 X    0  975
12 10 X    0  960
12 11 X    0  967
12 12 X    0  957
12 13 X    0  966
12 14 X    0  962
12 15 X    0  968
12 16 X    0  961
12 17 X    0  968
12 18 X    0  962
12 19 X    0  958
12 20 X    0  955
12 21 X    0  977
12 22 X    0  969
12 23 X    0  957
12 24 X    0  973
12 25 X    0  964
12 26 X    0  973
12 27 X    0  961
12 28 X    0  953
12 29 X    0  971
12 30 X    0  941
12 31 X    0  962
12  1 Y  -50  679
12  2 Y  -50  686
12  3 Y  -50  689
12  4 Y  -50  681
12  5 Y  -50  680
12  6 Y  -50  686
12  7 Y  -50  677
12  8 Y  -50  687
12  9 Y  -50  696
12 10 Y  -50  677
12 11 Y  -50  683
12 12 Y  -50  682
12 13 Y  -50  681
12 14 Y  -50  691
12 15 Y  -50  676
12 16 Y  -50  680
12 17 Y  -50  677
12 18 Y  -50  682
12 19 Y  -50  684
12 20 Y  -50  675
12 21 Y  -50  680
12 22 Y  -50  675
12 23 Y  -50  686
12 24 Y  -50  687
12 25 Y  -50  691
12 26 Y  -50  681
12 27 Y  -50  677
12 28 Y  -50  684
12 29 Y  -50  679
12 30 Y  -50  680
12 31 Y  -50  693
12  1 Z  550  831
12  2 Z  550  831
12  3 Z  550  818
12  4 Z  550  826
12  5 Z  550  820
12  6 Z  550  825
12  7 Z  550  815
12  8 Z  550  809
12  9 Z  550  841
12 10 Z  550  818
12 11 Z  550  811
12 12 Z  550  808
12 13 Z  550  812
12 14 Z  550  819
12 15 Z  550  815
12 16 Z  550  815
12 17 Z  550  811
12 18 Z  550  807
12 19 Z  550  795
12 20 Z  550  807
12 21 Z  550  816
12 22 Z  550  811
12 23 Z  550  804
12 24 Z  550  818
12 25 Z  550  813
12 26 Z  550  816
12 27 Z  550  809
12 28 Z  550  818
12 29 Z  550  822
12 30 Z  550  819
12 31 Z  550  831
