 1  1 X    0  807
 1  2 X    0  808
 1  3 X    0  826
 1  4 X    0  826
 1  5 X    0  822
 1  6 X    0  822
 1  7 X    0  814
 1  8 X    0  812
 1  9 X    0  816
 1 10 X    0  794
 1 11 X    0  824
 1 12 X    0  813
 1 13 X    0  821
 1 14 X    0  819
 1 15 X    0  802
 1 16 X    0  795
 1 17 X    0  813
 1 18 X    0  822
 1 19 X    0  807
 1 20 X    0  818
 1 21 X    0  846
 1 22 X    0  805
 1 23 X    0  821
 1 24 X    0  811
 1 25 X    0  817
 1 26 X    0  818
 1 27 X    0  805
 1 28 X    0  805
 1 29 X    0  806
 1 30 X    0  811
 1 31 X    0  810
 1  1 Y  -50 1145
 1  2 Y  -50 1146
 1  3 Y  -50 1144
 1  4 Y  -50 1133
 1  5 Y  -50 1147
 1  6 Y  -50 1143
 1  7 Y  -50 1140
 1  8 Y  -50 1141
 1  9 Y  -50 1140
 1 10 Y  -50 1134
 1 11 Y  -50 1142
 1 12 Y  -50 1145
 1 13 Y  -50 1141
 1 14 Y  -50 1141
 1 15 Y  -50 1153
 1 16 Y  -50 1159
 1 17 Y  -50 1135
 1 18 Y  -50 1160
 1 19 Y  -50 1147
 1 20 Y  -50 1164
 1 21 Y  -50 1192
 1 22 Y  -50 1152
 1 23 Y  -50 1136
 1 24 Y  -50 1142
 1 25 Y  -50 1140
 1 26 Y  -50 1158
 1 27 Y  -50 1151
 1 28 Y  -50 1160
 1 29 Y  -50 1148
 1 30 Y  -50 1139
 1 31 Y  -50 1145
 1  1 Z  550 1507
 1  2 Z  550 1508
 1  3 Z  550 1506
 1  4 Z  550 1509
 1  5 Z  550 1503
 1  6 Z  550 1503
 1  7 Z  550 1500
 1  8 Z  550 1503
 1  9 Z  550 1504
 1 10 Z  550 1504
 1 11 Z  550 1518
 1 12 Z  550 1510
 1 13 Z  550 1504
 1 14 Z  550 1504
 1 15 Z  550 1507
 1 16 Z  550 1521
 1 17 Z  550 1522
 1 18 Z  550 1527
 1 19 Z  550 1514
 1 20 Z  550 1510
 1 21 Z  550 1528
 1 22 Z  550 1538
 1 23 Z  550 1565
 1 24 Z  550 1528
 1 25 Z  550 1522
 1 26 Z  550 1526
 1 27 Z  550 1520
 1 28 Z  550 1531
 1 29 Z  550 1530
 1 30 Z  550 1528
 1 31 Z  550 1517
 2  1 X    0  819
 2  2 X    0  831
 2  3 X    0  813
 2  4 X    0  826
 2  5 X    0  813
 2  6 X    0  806
 2  7 X    0  806
 2  8 X    0  824
 2  9 X    0  818
 2 10 X    0  815
 2 11 X    0  820
 2 12 X    0  825
 2 13 X    0  797
 2 14 X    0  822
 2 15 X    0  830
 2 16 X    0  816
 2 17 X    0  775
 2 18 X    0  812
 2 19 X    0  811
 2 20 X    0  830
 2 21 X    0  824
 2 22 X    0  820
 2 23 X    0  819
 2 24 X    0  804
 2 25 X    0  810
 2 26 X    0  822
 2 27 X    0  809
 2 28 X    0  829
 2 29 X    0  824
 2  1 Y  -50 1153
 2  2 Y  -50 1147
 2  3 Y  -50 1158
 2  4 Y  -50 1145
 2  5 Y  -50 1154
 2  6 Y  -50 1136
 2  7 Y  -50 1145
 2  8 Y  -50 1147
 2  9 Y  -50 1145
 2 10 Y  -50 1128
 2 11 Y  -50 1146
 2 12 Y  -50 1137
 2 13 Y  -50 1139
 2 14 Y  -50 1139
 2 15 Y  -50 1142
 2 16 Y  -50 1145
 2 17 Y  -50 1167
 2 18 Y  -50 1135
 2 19 Y  -50 1163
 2 20 Y  -50 1144
 2 21 Y  -50 1147
 2 22 Y  -50 1147
 2 23 Y  -50 1145
 2 24 Y  -50 1178
 2 25 Y  -50 1151
 2 26 Y  -50 1148
 2 27 Y  -50 1152
 2 28 Y  -50 1158
 2 29 Y  -50 1140
 2  1 Z  550 1515
 2  2 Z  550 1518
 2  3 Z  550 1517
 2  4 Z  550 1522
 2  5 Z  550 1520
 2  6 Z  550 1513
 2  7 Z  550 1516
 2  8 Z  550 1517
 2  9 Z  550 1511
 2 10 Z  550 1504
 2 11 Z  550 1499
 2 12 Z  550 1505
 2 13 Z  550 1502
 2 14 Z  550 1515
 2 15 Z  550 1513
 2 16 Z  550 1500
 2 17 Z  550 1508
 2 18 Z  550 1541
 2 19 Z  550 1532
 2 20 Z  550 1528
 2 21 Z  550 1519
 2 22 Z  550 1511
 2 23 Z  550 1506
 2 24 Z  550 1527
 2 25 Z  550 1533
 2 26 Z  550 1531
 2 27 Z  550 1526
 2 28 Z  550 1535
 2 29 Z  550 1515
 3  1 X    0  806
 3  2 X    0  815
 3  3 X    0  822
 3  4 X    0  829
 3  5 X    0  815
 3  6 X    0  804
 3  7 X    0  832
 3  8 X    0  799
 3  9 X    0  817
 3 10 X    0  841
 3 11 X    0  810
 3 12 X    0  819
 3 13 X    0  823
 3 14 X    0  828
 3 15 X    0  810
 3 16 X    0  830
 3 17 X    0  821
 3 18 X    0  826
 3 19 X    0  825
 3 20 X    0  821
 3 21 X    0  824
 3 22 X    0  814
 3 23 X    0  817
 3 24 X    0  826
 3 25 X    0  824
 3 26 X    0  809
 3 27 X    0  812
 3 28 X    0  838
 3 29 X    0  804
 3 30 X    0  841
 3 31 X    0  813
 3  1 Y  -50 1150
 3  2 Y  -50 1153
 3  3 Y  -50 1152
 3  4 Y  -50 1158
 3  5 Y  -50 1153
 3  6 Y  -50 1131
 3  7 Y  -50 1138
 3  8 Y  -50 1149
 3  9 Y  -50 1166
 3 10 Y  -50 1110
 3 11 Y  -50 1122
 3 12 Y  -50 1135
 3 13 Y  -50 1146
 3 14 Y  -50 1149
 3 15 Y  -50 1145
 3 16 Y  -50 1153
 3 17 Y  -50 1157
 3 18 Y  -50 1146
 3 19 Y  -50 1163
 3 20 Y  -50 1156
 3 21 Y  -50 1168
 3 22 Y  -50 1134
 3 23 Y  -50 1148
 3 24 Y  -50 1154
 3 25 Y  -50 1143
 3 26 Y  -50 1138
 3 27 Y  -50 1113
 3 28 Y  -50 1153
 3 29 Y  -50 1162
 3 30 Y  -50 1161
 3 31 Y  -50 1148
 3  1 Z  550 1497
 3  2 Z  550 1518
 3  3 Z  550 1519
 3  4 Z  550 1523
 3  5 Z  550 1518
 3  6 Z  550 1521
 3  7 Z  550 1539
 3  8 Z  550 1482
 3  9 Z  550 1493
 3 10 Z  550 1462
 3 11 Z  550 1515
 3 12 Z  550 1493
 3 13 Z  550 1496
 3 14 Z  550 1500
 3 15 Z  550 1491
 3 16 Z  550 1527
 3 17 Z  550 1526
 3 18 Z  550 1526
 3 19 Z  550 1526
 3 20 Z  550 1510
 3 21 Z  550 1524
 3 22 Z  550 1490
 3 23 Z  550 1505
 3 24 Z  550 1523
 3 25 Z  550 1518
 3 26 Z  550 1526
 3 27 Z  550 1483
 3 28 Z  550 1493
 3 29 Z  550 1517
 3 30 Z  550 1549
 3 31 Z  550 1532
 4  1 X    0  815
 4  2 X    0  833
 4  3 X    0  817
 4  4 X    0  807
 4  5 X    0  843
 4  6 X    0  829
 4  7 X    0  831
 4  8 X    0  817
 4  9 X    0  830
 4 10 X    0  813
 4 11 X    0  834
 4 12 X    0  811
 4 13 X    0  818
 4 14 X    0  837
 4 15 X    0  832
 4 16 X    0  819
 4 17 X    0  819
 4 18 X    0  853
 4 19 X    0  838
 4 20 X    0  807
 4 21 X    0  850
 4 22 X    0  794
 4 23 X    0  820
 4 24 X    0  842
 4 25 X    0  825
 4 26 X    0  823
 4 27 X    0  803
 4 28 X    0  852
 4 29 X    0  808
 4 30 X    0  824
 4  1 Y  -50 1148
 4  2 Y  -50 1142
 4  3 Y  -50 1135
 4  4 Y  -50 1145
 4  5 Y  -50 1154
 4  6 Y  -50 1156
 4  7 Y  -50 1179
 4  8 Y  -50 1148
 4  9 Y  -50 1140
 4 10 Y  -50 1161
 4 11 Y  -50 1152
 4 12 Y  -50 1163
 4 13 Y  -50 1159
 4 14 Y  -50 1143
 4 15 Y  -50 1159
 4 16 Y  -50 1147
 4 17 Y  -50 1153
 4 18 Y  -50 1197
 4 19 Y  -50 1130
 4 20 Y  -50 1157
 4 21 Y  -50 1165
 4 22 Y  -50 1159
 4 23 Y  -50 1145
 4 24 Y  -50 1151
 4 25 Y  -50 1139
 4 26 Y  -50 1138
 4 27 Y  -50 1172
 4 28 Y  -50 1150
 4 29 Y  -50 1173
 4 30 Y  -50 1159
 4  1 Z  550 1532
 4  2 Z  550 1529
 4  3 Z  550 1508
 4  4 Z  550 1459
 4  5 Z  550 1482
 4  6 Z  550 1466
 4  7 Z  550 1505
 4  8 Z  550 1521
 4  9 Z  550 1476
 4 10 Z  550 1512
 4 11 Z  550 1515
 4 12 Z  550 1518
 4 13 Z  550 1523
 4 14 Z  550 1515
 4 15 Z  550 1519
 4 16 Z  550 1518
 4 17 Z  550 1538
 4 18 Z  550 1568
 4 19 Z  550 1497
 4 20 Z  550 1522
 4 21 Z  550 1535
 4 22 Z  550 1499
 4 23 Z  550 1478
 4 24 Z  550 1482
 4 25 Z  550 1477
 4 26 Z  550 1484
 4 27 Z  550 1490
 4 28 Z  550 1459
 4 29 Z  550 1477
 4 30 Z  550 1511
 5  1 X    0  831
 5  2 X    0  828
 5  3 X    0  844
 5  4 X    0  841
 5  5 X    0  827
 5  6 X    0  832
 5  7 X    0  837
 5  8 X    0  829
 5  9 X    0  817
 5 10 X    0  837
 5 11 X    0  821
 5 12 X    0  848
 5 13 X    0  796
 5 14 X    0  812
 5 15 X    0  766
 5 16 X    0  938
 5 17 X    0  848
 5 18 X    0  850
 5 19 X    0  837
 5 20 X    0  843
 5 21 X    0  815
 5 22 X    0  837
 5 23 X    0  794
 5 24 X    0  835
 5 25 X    0  812
 5 26 X    0  795
 5 27 X    0  795
 5 28 X    0  823
 5 29 X    0  851
 5 30 X    0  860
 5 31 X    0  870
 5  1 Y  -50 1137
 5  2 Y  -50 1104
 5  3 Y  -50 1163
 5  4 Y  -50 1150
 5  5 Y  -50 1129
 5  6 Y  -50 1169
 5  7 Y  -50 1139
 5  8 Y  -50 1167
 5  9 Y  -50 1178
 5 10 Y  -50 1169
 5 11 Y  -50 1182
 5 12 Y  -50 1164
 5 13 Y  -50 1165
 5 14 Y  -50 1159
 5 15 Y  -50 1150
 5 16 Y  -50 1063
 5 17 Y  -50 1175
 5 18 Y  -50 1121
 5 19 Y  -50 1136
 5 20 Y  -50 1135
 5 21 Y  -50 1126
 5 22 Y  -50 1141
 5 23 Y  -50 1174
 5 24 Y  -50 1147
 5 25 Y  -50 1112
 5 26 Y  -50 1165
 5 27 Y  -50 1176
 5 28 Y  -50 1144
 5 29 Y  -50 1165
 5 30 Y  -50 1118
 5 31 Y  -50 1130
 5  1 Z  550 1496
 5  2 Z  550 1450
 5  3 Z  550 1453
 5  4 Z  550 1462
 5  5 Z  550 1484
 5  6 Z  550 1486
 5  7 Z  550 1461
 5  8 Z  550 1483
 5  9 Z  550 1518
 5 10 Z  550 1517
 5 11 Z  550 1533
 5 12 Z  550 1525
 5 13 Z  550 1487
 5 14 Z  550 1544
 5 15 Z  550 1542
 5 16 Z  550 1348
 5 17 Z  550 1472
 5 18 Z  550 1481
 5 19 Z  550 1433
 5 20 Z  550 1489
 5 21 Z  550 1454
 5 22 Z  550 1462
 5 23 Z  550 1470
 5 24 Z  550 1507
 5 25 Z  550 1468
 5 26 Z  550 1556
 5 27 Z  550 1531
 5 28 Z  550 1434
 5 29 Z  550 1484
 5 30 Z  550 1405
 5 31 Z  550 1429
 6  1 X    0  824
 6  2 X    0  828
 6  3 X    0  842
 6  4 X    0  814
 6  5 X    0  843
 6  6 X    0  831
 6  7 X    0  848
 6  8 X    0  807
 6  9 X    0  841
 6 10 X    0  860
 6 11 X    0  845
 6 12 X    0  859
 6 13 X    0  794
 6 14 X    0  820
 6 15 X    0  874
 6 16 X    0  826
 6 17 X    0  799
 6 18 X    0  889
 6 19 X    0  907
 6 20 X    0  823
 6 21 X    0  786
 6 22 X    0  833
 6 23 X    0  843
 6 24 X    0  831
 6 25 X    0  881
 6 26 X    0  888
 6 27 X    0  827
 6 28 X    0  862
 6 29 X    0  821
 6 30 X    0  841
 6  1 Y  -50 1115
 6  2 Y  -50 1153
 6  3 Y  -50 1119
 6  4 Y  -50 1174
 6  5 Y  -50 1147
 6  6 Y  -50 1142
 6  7 Y  -50 1172
 6  8 Y  -50 1166
 6  9 Y  -50 1126
 6 10 Y  -50 1143
 6 11 Y  -50 1140
 6 12 Y  -50 1140
 6 13 Y  -50 1148
 6 14 Y  -50 1119
 6 15 Y  -50 1114
 6 16 Y  -50 1198
 6 17 Y  -50 1228
 6 18 Y  -50 1170
 6 19 Y  -50 1128
 6 20 Y  -50 1154
 6 21 Y  -50 1157
 6 22 Y  -50 1152
 6 23 Y  -50 1174
 6 24 Y  -50 1159
 6 25 Y  -50 1129
 6 26 Y  -50 1150
 6 27 Y  -50 1142
 6 28 Y  -50 1148
 6 29 Y  -50 1165
 6 30 Y  -50 1136
 6  1 Z  550 1466
 6  2 Z  550 1410
 6  3 Z  550 1470
 6  4 Z  550 1550
 6  5 Z  550 1506
 6  6 Z  550 1394
 6  7 Z  550 1509
 6  8 Z  550 1558
 6  9 Z  550 1549
 6 10 Z  550 1418
 6 11 Z  550 1442
 6 12 Z  550 1416
 6 13 Z  550 1488
 6 14 Z  550 1464
 6 15 Z  550 1373
 6 16 Z  550 1481
 6 17 Z  550 1610
 6 18 Z  550 1476
 6 19 Z  550 1432
 6 20 Z  550 1570
 6 21 Z  550 1563
 6 22 Z  550 1537
 6 23 Z  550 1548
 6 24 Z  550 1522
 6 25 Z  550 1393
 6 26 Z  550 1370
 6 27 Z  550 1417
 6 28 Z  550 1426
 6 29 Z  550 1460
 6 30 Z  550 1494
 7  1 X    0  845
 7  2 X    0  826
 7  3 X    0  805
 7  4 X    0  814
 7  5 X    0  808
 7  6 X    0  790
 7  7 X    0  820
 7  8 X    0  900
 7  9 X    0  807
 7 10 X    0  812
 7 11 X    0  837
 7 12 X    0  867
 7 13 X    0  863
 7 14 X    0  845
 7 15 X    0  850
 7 16 X    0  807
 7 17 X    0  807
 7 18 X    0  827
 7 19 X    0  799
 7 20 X    0  825
 7 21 X    0  835
 7 22 X    0  803
 7 23 X    0  868
 7 24 X    0  832
 7 25 X    0  861
 7 26 X    0  834
 7 27 X    0  842
 7 28 X    0  868
 7 29 X    0  846
 7 30 X    0  827
 7 31 X    0  830
 7  1 Y  -50 1159
 7  2 Y  -50 1139
 7  3 Y  -50 1177
 7  4 Y  -50 1148
 7  5 Y  -50 1148
 7  6 Y  -50 1153
 7  7 Y  -50 1166
 7  8 Y  -50 1118
 7  9 Y  -50 1152
 7 10 Y  -50 1174
 7 11 Y  -50 1131
 7 12 Y  -50 1144
 7 13 Y  -50 1130
 7 14 Y  -50 1151
 7 15 Y  -50 1122
 7 16 Y  -50 1152
 7 17 Y  -50 1174
 7 18 Y  -50 1163
 7 19 Y  -50 1149
 7 20 Y  -50 1167
 7 21 Y  -50 1149
 7 22 Y  -50 1154
 7 23 Y  -50 1166
 7 24 Y  -50 1163
 7 25 Y  -50 1162
 7 26 Y  -50 1183
 7 27 Y  -50 1141
 7 28 Y  -50 1147
 7 29 Y  -50 1143
 7 30 Y  -50 1154
 7 31 Y  -50 1139
 7  1 Z  550 1441
 7  2 Z  550 1436
 7  3 Z  550 1515
 7  4 Z  550 1507
 7  5 Z  550 1531
 7  6 Z  550 1541
 7  7 Z  550 1515
 7  8 Z  550 1379
 7  9 Z  550 1561
 7 10 Z  550 1544
 7 11 Z  550 1454
 7 12 Z  550 1381
 7 13 Z  550 1412
 7 14 Z  550 1466
 7 15 Z  550 1393
 7 16 Z  550 1502
 7 17 Z  550 1552
 7 18 Z  550 1534
 7 19 Z  550 1537
 7 20 Z  550 1571
 7 21 Z  550 1522
 7 22 Z  550 1529
 7 23 Z  550 1436
 7 24 Z  550 1450
 7 25 Z  550 1458
 7 26 Z  550 1476
 7 27 Z  550 1455
 7 28 Z  550 1415
 7 29 Z  550 1423
 7 30 Z  550 1477
 7 31 Z  550 1504
 8  1 X    0  859
 8  2 X    0  856
 8  3 X    0  850
 8  4 X    0  851
 8  5 X    0  824
 8  6 X    0  826
 8  7 X    0  857
 8  8 X    0  804
 8  9 X    0  832
 8 10 X    0  845
 8 11 X    0  811
 8 12 X    0  821
 8 13 X    0  820
 8 14 X    0  815
 8 15 X    0  851
 8 16 X    0  818
 8 17 X    0  839
 8 18 X    0  832
 8 19 X    0  842
 8 20 X    0  829
 8 21 X    0  840
 8 22 X    0  848
 8 23 X    0  837
 8 24 X    0  836
 8 25 X    0  845
 8 26 X    0  828
 8 27 X    0  854
 8 28 X    0  822
 8 29 X    0  839
 8 30 X    0  839
 8 31 X    0  836
 8  1 Y  -50 1139
 8  2 Y  -50 1117
 8  3 Y  -50 1156
 8  4 Y  -50 1048
 8  5 Y  -50 1203
 8  6 Y  -50 1121
 8  7 Y  -50 1144
 8  8 Y  -50 1197
 8  9 Y  -50 1234
 8 10 Y  -50 1166
 8 11 Y  -50 1158
 8 12 Y  -50 1148
 8 13 Y  -50 1163
 8 14 Y  -50 1168
 8 15 Y  -50 1165
 8 16 Y  -50 1175
 8 17 Y  -50 1147
 8 18 Y  -50 1167
 8 19 Y  -50 1165
 8 20 Y  -50 1148
 8 21 Y  -50 1155
 8 22 Y  -50 1166
 8 23 Y  -50 1144
 8 24 Y  -50 1155
 8 25 Y  -50 1160
 8 26 Y  -50 1159
 8 27 Y  -50 1148
 8 28 Y  -50 1155
 8 29 Y  -50 1153
 8 30 Y  -50 1146
 8 31 Y  -50 1141
 8  1 Z  550 1562
 8  2 Z  550 1422
 8  3 Z  550 1446
 8  4 Z  550 1446
 8  5 Z  550 1610
 8  6 Z  550 1579
 8  7 Z  550 1585
 8  8 Z  550 1571
 8  9 Z  550 1685
 8 10 Z  550 1517
 8 11 Z  550 1559
 8 12 Z  550 1542
 8 13 Z  550 1561
 8 14 Z  550 1590
 8 15 Z  550 1550
 8 16 Z  550 1557
 8 17 Z  550 1466
 8 18 Z  550 1483
 8 19 Z  550 1441
 8 20 Z  550 1455
 8 21 Z  550 1477
 8 22 Z  550 1484
 8 23 Z  550 1500
 8 24 Z  550 1501
 8 25 Z  550 1487
 8 26 Z  550 1557
 8 27 Z  550 1472
 8 28 Z  550 1484
 8 29 Z  550 1481
 8 30 Z  550 1473
 8 31 Z  550 1506
 9  1 X    0  841
 9  2 X    0  832
 9  3 X    0  820
 9  4 X    0  815
 9  5 X    0  817
 9  6 X    0  821
 9  7 X    0  835
 9  8 X    0  809
 9  9 X    0  838
 9 10 X    0  823
 9 11 X    0  835
 9 12 X    0  837
 9 13 X    0  791
 9 14 X    0  839
 9 15 X    0  850
 9 16 X    0  823
 9 17 X    0  830
 9 18 X    0  845
 9 19 X    0  836
 9 20 X    0  830
 9 21 X    0  835
 9 22 X    0  822
 9 23 X    0  805
 9 24 X    0  821
 9 25 X    0  835
 9 26 X    0  819
 9 27 X    0  841
 9 28 X    0  813
 9 29 X    0  821
 9 30 X    0  839
 9  1 Y  -50 1136
 9  2 Y  -50 1161
 9  3 Y  -50 1154
 9  4 Y  -50 1154
 9  5 Y  -50 1157
 9  6 Y  -50 1143
 9  7 Y  -50 1142
 9  8 Y  -50 1144
 9  9 Y  -50 1149
 9 10 Y  -50 1138
 9 11 Y  -50 1171
 9 12 Y  -50 1149
 9 13 Y  -50 1140
 9 14 Y  -50 1134
 9 15 Y  -50 1159
 9 16 Y  -50 1156
 9 17 Y  -50 1144
 9 18 Y  -50 1151
 9 19 Y  -50 1152
 9 20 Y  -50 1142
 9 21 Y  -50 1149
 9 22 Y  -50 1156
 9 23 Y  -50 1145
 9 24 Y  -50 1153
 9 25 Y  -50 1143
 9 26 Y  -50 1168
 9 27 Y  -50 1157
 9 28 Y  -50 1139
 9 29 Y  -50 1158
 9 30 Y  -50 1139
 9  1 Z  550 1460
 9  2 Z  550 1462
 9  3 Z  550 1492
 9  4 Z  550 1557
 9  5 Z  550 1554
 9  6 Z  550 1529
 9  7 Z  550 1541
 9  8 Z  550 1487
 9  9 Z  550 1482
 9 10 Z  550 1527
 9 11 Z  550 1502
 9 12 Z  550 1511
 9 13 Z  550 1482
 9 14 Z  550 1532
 9 15 Z  550 1527
 9 16 Z  550 1559
 9 17 Z  550 1530
 9 18 Z  550 1534
 9 19 Z  550 1522
 9 20 Z  550 1513
 9 21 Z  550 1516
 9 22 Z  550 1537
 9 23 Z  550 1500
 9 24 Z  550 1516
 9 25 Z  550 1524
 9 26 Z  550 1509
 9 27 Z  550 1523
 9 28 Z  550 1504
 9 29 Z  550 1539
 9 30 Z  550 1542
10  1 X    0  825
10  2 X    0  823
10  3 X    0  819
10  4 X    0  836
10  5 X    0  818
10  6 X    0  822
10  7 X    0  821
10  8 X    0  822
10  9 X    0  817
10 10 X    0  823
10 11 X    0  846
10 12 X    0  796
10 13 X    0  821
10 14 X    0  834
10 15 X    0  828
10 16 X    0  831
10 17 X    0  825
10 18 X    0  827
10 19 X    0  823
10 20 X    0  823
10 21 X    0  822
10 22 X    0  809
10 23 X    0  824
10 24 X    0  821
10 25 X    0  830
10 26 X    0  829
10 27 X    0  819
10 28 X    0  844
10 29 X    0  830
10 30 X    0  847
10 31 X    0  784
10  1 Y  -50 1153
10  2 Y  -50 1158
10  3 Y  -50 1161
10  4 Y  -50 1155
10  5 Y  -50 1151
10  6 Y  -50 1147
10  7 Y  -50 1145
10  8 Y  -50 1149
10  9 Y  -50 1144
10 10 Y  -50 1146
10 11 Y  -50 1163
10 12 Y  -50 1147
10 13 Y  -50 1151
10 14 Y  -50 1164
10 15 Y  -50 1145
10 16 Y  -50 1158
10 17 Y  -50 1147
10 18 Y  -50 1159
10 19 Y  -50 1155
10 20 Y  -50 1154
10 21 Y  -50 1161
10 22 Y  -50 1165
10 23 Y  -50 1155
10 24 Y  -50 1153
10 25 Y  -50 1163
10 26 Y  -50 1156
10 27 Y  -50 1158
10 28 Y  -50 1156
10 29 Y  -50 1173
10 30 Y  -50 1177
10 31 Y  -50 1166
10  1 Z  550 1545
10  2 Z  550 1547
10  3 Z  550 1554
10  4 Z  550 1542
10  5 Z  550 1535
10  6 Z  550 1525
10  7 Z  550 1526
10  8 Z  550 1530
10  9 Z  550 1525
10 10 Z  550 1516
10 11 Z  550 1543
10 12 Z  550 1532
10 13 Z  550 1539
10 14 Z  550 1546
10 15 Z  550 1534
10 16 Z  550 1539
10 17 Z  550 1537
10 18 Z  550 1537
10 19 Z  550 1535
10 20 Z  550 1535
10 21 Z  550 1543
10 22 Z  550 1536
10 23 Z  550 1541
10 24 Z  550 1537
10 25 Z  550 1531
10 26 Z  550 1532
10 27 Z  550 1543
10 28 Z  550 1553
10 29 Z  550 1550
10 30 Z  550 1560
10 31 Z  550 1580
11  1 X    0  867
11  2 X    0  792
11  3 X    0  830
11  4 X    0  820
11  5 X    0  825
11  6 X    0  828
11  7 X    0  828
11  8 X    0  823
11  9 X    0  827
11 10 X    0  827
11 11 X    0  825
11 12 X    0  833
11 13 X    0  829
11 14 X    0  828
11 15 X    0  812
11 16 X    0  824
11 17 X    0  819
11 18 X    0  831
11 19 X    0  834
11 20 X    0  821
11 21 X    0  840
11 22 X    0  792
11 23 X    0  816
11 24 X    0  828
11 25 X    0  825
11 26 X    0  828
11 27 X    0  803
11 28 X    0  800
11 29 X    0  828
11 30 X    0  823
11  1 Y  -50 1202
11  2 Y  -50 1133
11  3 Y  -50 1147
11  4 Y  -50 1152
11  5 Y  -50 1150
11  6 Y  -50 1149
11  7 Y  -50 1156
11  8 Y  -50 1149
11  9 Y  -50 1157
11 10 Y  -50 1153
11 11 Y  -50 1152
11 12 Y  -50 1155
11 13 Y  -50 1149
11 14 Y  -50 1152
11 15 Y  -50 1155
11 16 Y  -50 1171
11 17 Y  -50 1160
11 18 Y  -50 1157
11 19 Y  -50 1156
11 20 Y  -50 1165
11 21 Y  -50 1150
11 22 Y  -50 1171
11 23 Y  -50 1163
11 24 Y  -50 1150
11 25 Y  -50 1148
11 26 Y  -50 1158
11 27 Y  -50 1153
11 28 Y  -50 1159
11 29 Y  -50 1150
11 30 Y  -50 1144
11  1 Z  550 1636
11  2 Z  550 1579
11  3 Z  550 1579
11  4 Z  550 1565
11  5 Z  550 1559
11  6 Z  550 1545
11  7 Z  550 1547
11  8 Z  550 1541
11  9 Z  550 1545
11 10 Z  550 1542
11 11 Z  550 1542
11 12 Z  550 1539
11 13 Z  550 1539
11 14 Z  550 1536
11 15 Z  550 1540
11 16 Z  550 1566
11 17 Z  550 1556
11 18 Z  550 1547
11 19 Z  550 1551
11 20 Z  550 1561
11 21 Z  550 1555
11 22 Z  550 1554
11 23 Z  550 1557
11 24 Z  550 1548
11 25 Z  550 1542
11 26 Z  550 1554
11 27 Z  550 1550
11 28 Z  550 1551
11 29 Z  550 1547
11 30 Z  550 1542
12  1 X    0  834
12  2 X    0  828
12  3 X    0  825
12  4 X    0  832
12  5 X    0  830
12  6 X    0  827
12  7 X    0  837
12  8 X    0  823
12  9 X    0  826
12 10 X    0  831
12 11 X    0  828
12 12 X    0  828
12 13 X    0  810
12 14 X    0  827
12 15 X    0  817
12 16 X    0  827
12 17 X    0  827
12 18 X    0  823
12 19 X    0  818
12 20 X    0  833
12 21 X    0  831
12 22 X    0  809
12 23 X    0  823
12 24 X    0  846
12 25 X    0  828
12 26 X    0  829
12 27 X    0  832
12 28 X    0  822
12 29 X    0  824
12 30 X    0  818
12 31 X    0  831
12  1 Y  -50 1153
12  2 Y  -50 1152
12  3 Y  -50 1151
12  4 Y  -50 1153
12  5 Y  -50 1151
12  6 Y  -50 1149
12  7 Y  -50 1150
12  8 Y  -50 1152
12  9 Y  -50 1154
12 10 Y  -50 1152
12 11 Y  -50 1153
12 12 Y  -50 1151
12 13 Y  -50 1163
12 14 Y  -50 1157
12 15 Y  -50 1154
12 16 Y  -50 1158
12 17 Y  -50 1165
12 18 Y  -50 1159
12 19 Y  -50 1154
12 20 Y  -50 1156
12 21 Y  -50 1154
12 22 Y  -50 1157
12 23 Y  -50 1144
12 24 Y  -50 1147
12 25 Y  -50 1151
12 26 Y  -50 1160
12 27 Y  -50 1151
12 28 Y  -50 1162
12 29 Y  -50 1156
12 30 Y  -50 1158
12 31 Y  -50 1158
12  1 Z  550 1544
12  2 Z  550 1541
12  3 Z  550 1545
12  4 Z  550 1544
12  5 Z  550 1539
12  6 Z  550 1534
12  7 Z  550 1538
12  8 Z  550 1535
12  9 Z  550 1536
12 10 Z  550 1537
12 11 Z  550 1534
12 12 Z  550 1532
12 13 Z  550 1562
12 14 Z  550 1549
12 15 Z  550 1560
12 16 Z  550 1574
12 17 Z  550 1558
12 18 Z  550 1546
12 19 Z  550 1546
12 20 Z  550 1551
12 21 Z  550 1542
12 22 Z  550 1546
12 23 Z  550 1562
12 24 Z  550 1563
12 25 Z  550 1540
12 26 Z  550 1542
12 27 Z  550 1542
12 28 Z  550 1543
12 29 Z  550 1552
12 30 Z  550 1553
12 31 Z  550 1556
