 1  1 X   10  467
 1  2 X   10  460
 1  3 X   10  470
 1  4 X   10  470
 1  5 X   10  477
 1  6 X   10  475
 1  7 X   10  473
 1  8 X   10  469
 1  9 X   10  470
 1 10 X   10  471
 1 11 X   10  471
 1 12 X   10  468
 1 13 X   10  478
 1 14 X   10  456
 1 15 X   10  463
 1 16 X   10  466
 1 17 X   10  464
 1 18 X   10  473
 1 19 X   10  465
 1 20 X   10  487
 1 21 X   10  468
 1 22 X   10  463
 1 23 X   10  475
 1 24 X   10  464
 1 25 X   10  471
 1 26 X   10  472
 1 27 X   10  469
 1 28 X   10  467
 1 29 X   10  471
 1 30 X   10  468
 1 31 X   10  471
 1  1 Y  -30 -544
 1  2 Y  -30 -546
 1  3 Y  -30 -543
 1  4 Y  -30 -542
 1  5 Y  -30 -548
 1  6 Y  -30 -545
 1  7 Y  -30 -545
 1  8 Y  -30 -544
 1  9 Y  -30 -546
 1 10 Y  -30 -548
 1 11 Y  -30 -546
 1 12 Y  -30 -542
 1 13 Y  -30 -533
 1 14 Y  -30 -528
 1 15 Y  -30 -542
 1 16 Y  -30 -546
 1 17 Y  -30 -547
 1 18 Y  -30 -542
 1 19 Y  -30 -557
 1 20 Y  -30 -526
 1 21 Y  -30 -547
 1 22 Y  -30 -552
 1 23 Y  -30 -545
 1 24 Y  -30 -548
 1 25 Y  -30 -550
 1 26 Y  -30 -547
 1 27 Y  -30 -539
 1 28 Y  -30 -554
 1 29 Y  -30 -535
 1 30 Y  -30 -551
 1 31 Y  -30 -545
 1  1 Z  558  515
 1  2 Z  558  515
 1  3 Z  558  521
 1  4 Z  558  514
 1  5 Z  558  516
 1  6 Z  558  512
 1  7 Z  558  511
 1  8 Z  558  512
 1  9 Z  558  510
 1 10 Z  558  510
 1 11 Z  558  509
 1 12 Z  558  510
 1 13 Z  558  539
 1 14 Z  558  539
 1 15 Z  558  541
 1 16 Z  558  532
 1 17 Z  558  528
 1 18 Z  558  524
 1 19 Z  558  521
 1 20 Z  558  534
 1 21 Z  558  522
 1 22 Z  558  514
 1 23 Z  558  513
 1 24 Z  558  511
 1 25 Z  558  514
 1 26 Z  558  517
 1 27 Z  558  519
 1 28 Z  558  519
 1 29 Z  558  535
 1 30 Z  558  521
 1 31 Z  558  522
 2  1 X   10  467
 2  2 X   10  468
 2  3 X   10  476
 2  4 X   10  470
 2  5 X   10  473
 2  6 X   10  480
 2  7 X   10  468
 2  8 X   10  477
 2  9 X   10  476
 2 10 X   10  463
 2 11 X   10  465
 2 12 X   10  489
 2 13 X   10  472
 2 14 X   10  484
 2 15 X   10  469
 2 16 X   10  480
 2 17 X   10  482
 2 18 X   10  463
 2 19 X   10  479
 2 20 X   10  474
 2 21 X   10  483
 2 22 X   10  484
 2 23 X   10  474
 2 24 X   10  474
 2 25 X   10  468
 2 26 X   10  480
 2 27 X   10  468
 2 28 X   10  484
 2 29 X   10  468
 2  1 Y  -30 -545
 2  2 Y  -30 -543
 2  3 Y  -30 -542
 2  4 Y  -30 -546
 2  5 Y  -30 -544
 2  6 Y  -30 -548
 2  7 Y  -30 -548
 2  8 Y  -30 -549
 2  9 Y  -30 -543
 2 10 Y  -30 -534
 2 11 Y  -30 -553
 2 12 Y  -30 -537
 2 13 Y  -30 -544
 2 14 Y  -30 -540
 2 15 Y  -30 -549
 2 16 Y  -30 -540
 2 17 Y  -30 -548
 2 18 Y  -30 -544
 2 19 Y  -30 -541
 2 20 Y  -30 -544
 2 21 Y  -30 -545
 2 22 Y  -30 -548
 2 23 Y  -30 -525
 2 24 Y  -30 -550
 2 25 Y  -30 -531
 2 26 Y  -30 -542
 2 27 Y  -30 -538
 2 28 Y  -30 -544
 2 29 Y  -30 -531
 2  1 Z  558  518
 2  2 Z  558  520
 2  3 Z  558  514
 2  4 Z  558  513
 2  5 Z  558  519
 2  6 Z  558  512
 2  7 Z  558  514
 2  8 Z  558  513
 2  9 Z  558  516
 2 10 Z  558  514
 2 11 Z  558  539
 2 12 Z  558  538
 2 13 Z  558  534
 2 14 Z  558  545
 2 15 Z  558  525
 2 16 Z  558  514
 2 17 Z  558  518
 2 18 Z  558  507
 2 19 Z  558  522
 2 20 Z  558  510
 2 21 Z  558  514
 2 22 Z  558  523
 2 23 Z  558  517
 2 24 Z  558  527
 2 25 Z  558  529
 2 26 Z  558  521
 2 27 Z  558  530
 2 28 Z  558  518
 2 29 Z  558  514
 3  1 X   10  469
 3  2 X   10  481
 3  3 X   10  479
 3  4 X   10  482
 3  5 X   10  482
 3  6 X   10  483
 3  7 X   10  485
 3  8 X   10  493
 3  9 X   10  482
 3 10 X   10  468
 3 11 X   10  490
 3 12 X   10  468
 3 13 X   10  479
 3 14 X   10  488
 3 15 X   10  474
 3 16 X   10  491
 3 17 X   10  479
 3 18 X   10  480
 3 19 X   10  481
 3 20 X   10  475
 3 21 X   10  475
 3 22 X   10  479
 3 23 X   10  480
 3 24 X   10  463
 3 25 X   10  490
 3 26 X   10  487
 3 27 X   10  495
 3 28 X   10  485
 3 29 X   10  483
 3 30 X   10  488
 3 31 X   10  485
 3  1 Y  -30 -541
 3  2 Y  -30 -546
 3  3 Y  -30 -528
 3  4 Y  -30 -540
 3  5 Y  -30 -536
 3  6 Y  -30 -531
 3  7 Y  -30 -542
 3  8 Y  -30 -538
 3  9 Y  -30 -542
 3 10 Y  -30 -543
 3 11 Y  -30 -553
 3 12 Y  -30 -538
 3 13 Y  -30 -544
 3 14 Y  -30 -554
 3 15 Y  -30 -536
 3 16 Y  -30 -547
 3 17 Y  -30 -539
 3 18 Y  -30 -539
 3 19 Y  -30 -533
 3 20 Y  -30 -531
 3 21 Y  -30 -528
 3 22 Y  -30 -523
 3 23 Y  -30 -544
 3 24 Y  -30 -543
 3 25 Y  -30 -529
 3 26 Y  -30 -542
 3 27 Y  -30 -544
 3 28 Y  -30 -536
 3 29 Y  -30 -542
 3 30 Y  -30 -542
 3 31 Y  -30 -530
 3  1 Z  558  510
 3  2 Z  558  509
 3  3 Z  558  513
 3  4 Z  558  516
 3  5 Z  558  519
 3  6 Z  558  522
 3  7 Z  558  504
 3  8 Z  558  511
 3  9 Z  558  513
 3 10 Z  558  510
 3 11 Z  558  534
 3 12 Z  558  521
 3 13 Z  558  538
 3 14 Z  558  529
 3 15 Z  558  526
 3 16 Z  558  505
 3 17 Z  558  527
 3 18 Z  558  513
 3 19 Z  558  513
 3 20 Z  558  527
 3 21 Z  558  541
 3 22 Z  558  526
 3 23 Z  558  531
 3 24 Z  558  528
 3 25 Z  558  543
 3 26 Z  558  524
 3 27 Z  558  519
 3 28 Z  558  534
 3 29 Z  558  526
 3 30 Z  558  505
 3 31 Z  558  513
 4  1 X   10  487
 4  2 X   10  483
 4  3 X   10  476
 4  4 X   10  491
 4  5 X   10  486
 4  6 X   10  493
 4  7 X   10  494
 4  8 X   10  478
 4  9 X   10  483
 4 10 X   10  496
 4 11 X   10  496
 4 12 X   10  484
 4 13 X   10  483
 4 14 X   10  486
 4 15 X   10  484
 4 16 X   10  495
 4 17 X   10  483
 4 18 X   10  500
 4 19 X   10  466
 4 20 X   10  485
 4 21 X   10  487
 4 22 X   10  504
 4 23 X   10  501
 4 24 X   10  476
 4 25 X   10  488
 4 26 X   10  500
 4 27 X   10  490
 4 28 X   10  494
 4 29 X   10  500
 4 30 X   10  509
 4  1 Y  -30 -529
 4  2 Y  -30 -534
 4  3 Y  -30 -545
 4  4 Y  -30 -520
 4  5 Y  -30 -539
 4  6 Y  -30 -541
 4  7 Y  -30 -544
 4  8 Y  -30 -544
 4  9 Y  -30 -544
 4 10 Y  -30 -538
 4 11 Y  -30 -552
 4 12 Y  -30 -532
 4 13 Y  -30 -533
 4 14 Y  -30 -549
 4 15 Y  -30 -530
 4 16 Y  -30 -535
 4 17 Y  -30 -534
 4 18 Y  -30 -536
 4 19 Y  -30 -528
 4 20 Y  -30 -530
 4 21 Y  -30 -534
 4 22 Y  -30 -546
 4 23 Y  -30 -545
 4 24 Y  -30 -528
 4 25 Y  -30 -532
 4 26 Y  -30 -545
 4 27 Y  -30 -548
 4 28 Y  -30 -541
 4 29 Y  -30 -540
 4 30 Y  -30 -535
 4  1 Z  558  519
 4  2 Z  558  515
 4  3 Z  558  497
 4  4 Z  558  523
 4  5 Z  558  508
 4  6 Z  558  503
 4  7 Z  558  488
 4  8 Z  558  488
 4  9 Z  558  510
 4 10 Z  558  507
 4 11 Z  558  508
 4 12 Z  558  515
 4 13 Z  558  512
 4 14 Z  558  536
 4 15 Z  558  534
 4 16 Z  558  523
 4 17 Z  558  553
 4 18 Z  558  539
 4 19 Z  558  528
 4 20 Z  558  534
 4 21 Z  558  545
 4 22 Z  558  517
 4 23 Z  558  515
 4 24 Z  558  507
 4 25 Z  558  522
 4 26 Z  558  482
 4 27 Z  558  487
 4 28 Z  558  478
 4 29 Z  558  493
 4 30 Z  558  495
 5  1 X   10  500
 5  2 X   10  499
 5  3 X   10  493
 5  4 X   10  485
 5  5 X   10  505
 5  6 X   10  498
 5  7 X   10  499
 5  8 X   10  497
 5  9 X   10  501
 5 10 X   10  505
 5 11 X   10  515
 5 12 X   10  511
 5 13 X   10  484
 5 14 X   10  476
 5 15 X   10  495
 5 16 X   10  498
 5 17 X   10  504
 5 18 X   10  512
 5 19 X   10  476
 5 20 X   10  496
 5 21 X   10  505
 5 22 X   10  487
 5 23 X   10  517
 5 24 X   10  513
 5 25 X   10  482
 5 26 X   10  500
 5 27 X   10  479
 5 28 X   10  566
 5 29 X   10  500
 5 30 X   10  496
 5 31 X   10  475
 5  1 Y  -30 -533
 5  2 Y  -30 -535
 5  3 Y  -30 -528
 5  4 Y  -30 -542
 5  5 Y  -30 -541
 5  6 Y  -30 -543
 5  7 Y  -30 -534
 5  8 Y  -30 -543
 5  9 Y  -30 -545
 5 10 Y  -30 -552
 5 11 Y  -30 -554
 5 12 Y  -30 -543
 5 13 Y  -30 -540
 5 14 Y  -30 -528
 5 15 Y  -30 -517
 5 16 Y  -30 -528
 5 17 Y  -30 -540
 5 18 Y  -30 -549
 5 19 Y  -30 -523
 5 20 Y  -30 -551
 5 21 Y  -30 -525
 5 22 Y  -30 -530
 5 23 Y  -30 -537
 5 24 Y  -30 -554
 5 25 Y  -30 -531
 5 26 Y  -30 -546
 5 27 Y  -30 -525
 5 28 Y  -30 -576
 5 29 Y  -30 -525
 5 30 Y  -30 -524
 5 31 Y  -30 -521
 5  1 Z  558  498
 5  2 Z  558  492
 5  3 Z  558  495
 5  4 Z  558  490
 5  5 Z  558  514
 5  6 Z  558  511
 5  7 Z  558  514
 5  8 Z  558  504
 5  9 Z  558  481
 5 10 Z  558  461
 5 11 Z  558  471
 5 12 Z  558  442
 5 13 Z  558  513
 5 14 Z  558  533
 5 15 Z  558  520
 5 16 Z  558  518
 5 17 Z  558  516
 5 18 Z  558  470
 5 19 Z  558  531
 5 20 Z  558  479
 5 21 Z  558  516
 5 22 Z  558  506
 5 23 Z  558  456
 5 24 Z  558  440
 5 25 Z  558  503
 5 26 Z  558  486
 5 27 Z  558  483
 5 28 Z  558  399
 5 29 Z  558  475
 5 30 Z  558  508
 5 31 Z  558  515
 6  1 X   10  498
 6  2 X   10  489
 6  3 X   10  501
 6  4 X   10  503
 6  5 X   10  509
 6  6 X   10  525
 6  7 X   10  524
 6  8 X   10  502
 6  9 X   10  517
 6 10 X   10  515
 6 11 X   10  493
 6 12 X   10  513
 6 13 X   10  529
 6 14 X   10  512
 6 15 X   10  481
 6 16 X   10  475
 6 17 X   10  485
 6 18 X   10  482
 6 19 X   10  518
 6 20 X   10  535
 6 21 X   10  523
 6 22 X   10  528
 6 23 X   10  530
 6 24 X   10  523
 6 25 X   10  515
 6 26 X   10  512
 6 27 X   10  499
 6 28 X   10  520
 6 29 X   10  483
 6 30 X   10  523
 6  1 Y  -30 -522
 6  2 Y  -30 -535
 6  3 Y  -30 -543
 6  4 Y  -30 -541
 6  5 Y  -30 -542
 6  6 Y  -30 -536
 6  7 Y  -30 -546
 6  8 Y  -30 -534
 6  9 Y  -30 -543
 6 10 Y  -30 -537
 6 11 Y  -30 -525
 6 12 Y  -30 -543
 6 13 Y  -30 -564
 6 14 Y  -30 -531
 6 15 Y  -30 -509
 6 16 Y  -30 -515
 6 17 Y  -30 -525
 6 18 Y  -30 -528
 6 19 Y  -30 -551
 6 20 Y  -30 -539
 6 21 Y  -30 -546
 6 22 Y  -30 -545
 6 23 Y  -30 -535
 6 24 Y  -30 -553
 6 25 Y  -30 -552
 6 26 Y  -30 -537
 6 27 Y  -30 -518
 6 28 Y  -30 -565
 6 29 Y  -30 -501
 6 30 Y  -30 -545
 6  1 Z  558  497
 6  2 Z  558  491
 6  3 Z  558  508
 6  4 Z  558  475
 6  5 Z  558  474
 6  6 Z  558  434
 6  7 Z  558  432
 6  8 Z  558  463
 6  9 Z  558  446
 6 10 Z  558  455
 6 11 Z  558  478
 6 12 Z  558  474
 6 13 Z  558  462
 6 14 Z  558  477
 6 15 Z  558  511
 6 16 Z  558  521
 6 17 Z  558  512
 6 18 Z  558  501
 6 19 Z  558  443
 6 20 Z  558  427
 6 21 Z  558  442
 6 22 Z  558  447
 6 23 Z  558  399
 6 24 Z  558  428
 6 25 Z  558  418
 6 26 Z  558  460
 6 27 Z  558  514
 6 28 Z  558  438
 6 29 Z  558  513
 6 30 Z  558  492
 7  1 X   10  504
 7  2 X   10  532
 7  3 X   10  542
 7  4 X   10  523
 7  5 X   10  534
 7  6 X   10  528
 7  7 X   10  536
 7  8 X   10  517
 7  9 X   10  529
 7 10 X   10  518
 7 11 X   10  515
 7 12 X   10  487
 7 13 X   10  492
 7 14 X   10  492
 7 15 X   10  477
 7 16 X   10  500
 7 17 X   10  520
 7 18 X   10  512
 7 19 X   10  515
 7 20 X   10  529
 7 21 X   10  518
 7 22 X   10  524
 7 23 X   10  525
 7 24 X   10  516
 7 25 X   10  506
 7 26 X   10  514
 7 27 X   10  530
 7 28 X   10  498
 7 29 X   10  559
 7 30 X   10  527
 7 31 X   10  512
 7  1 Y  -30 -574
 7  2 Y  -30 -548
 7  3 Y  -30 -529
 7  4 Y  -30 -561
 7  5 Y  -30 -540
 7  6 Y  -30 -537
 7  7 Y  -30 -543
 7  8 Y  -30 -529
 7  9 Y  -30 -547
 7 10 Y  -30 -540
 7 11 Y  -30 -539
 7 12 Y  -30 -511
 7 13 Y  -30 -489
 7 14 Y  -30 -556
 7 15 Y  -30 -513
 7 16 Y  -30 -526
 7 17 Y  -30 -539
 7 18 Y  -30 -536
 7 19 Y  -30 -549
 7 20 Y  -30 -529
 7 21 Y  -30 -548
 7 22 Y  -30 -534
 7 23 Y  -30 -528
 7 24 Y  -30 -537
 7 25 Y  -30 -534
 7 26 Y  -30 -539
 7 27 Y  -30 -531
 7 28 Y  -30 -528
 7 29 Y  -30 -546
 7 30 Y  -30 -524
 7 31 Y  -30 -532
 7  1 Z  558  452
 7  2 Z  558  443
 7  3 Z  558  465
 7  4 Z  558  442
 7  5 Z  558  454
 7  6 Z  558  445
 7  7 Z  558  437
 7  8 Z  558  453
 7  9 Z  558  435
 7 10 Z  558  460
 7 11 Z  558  445
 7 12 Z  558  535
 7 13 Z  558  551
 7 14 Z  558  478
 7 15 Z  558  565
 7 16 Z  558  491
 7 17 Z  558  450
 7 18 Z  558  441
 7 19 Z  558  468
 7 20 Z  558  446
 7 21 Z  558  447
 7 22 Z  558  458
 7 23 Z  558  452
 7 24 Z  558  461
 7 25 Z  558  449
 7 26 Z  558  469
 7 27 Z  558  476
 7 28 Z  558  447
 7 29 Z  558  415
 7 30 Z  558  425
 7 31 Z  558  453
 8  1 X   10  531
 8  2 X   10  534
 8  3 X   10  527
 8  4 X   10  523
 8  5 X   10  526
 8  6 X   10  517
 8  7 X   10  499
 8  8 X   10  485
 8  9 X   10  488
 8 10 X   10  502
 8 11 X   10  498
 8 12 X   10  515
 8 13 X   10  512
 8 14 X   10  521
 8 15 X   10  527
 8 16 X   10  500
 8 17 X   10  530
 8 18 X   10  506
 8 19 X   10  514
 8 20 X   10  517
 8 21 X   10  518
 8 22 X   10  518
 8 23 X   10  522
 8 24 X   10  517
 8 25 X   10  521
 8 26 X   10  535
 8 27 X   10  521
 8 28 X   10  517
 8 29 X   10  522
 8 30 X   10  507
 8 31 X   10  536
 8  1 Y  -30 -541
 8  2 Y  -30 -527
 8  3 Y  -30 -538
 8  4 Y  -30 -530
 8  5 Y  -30 -534
 8  6 Y  -30 -513
 8  7 Y  -30 -526
 8  8 Y  -30 -524
 8  9 Y  -30 -510
 8 10 Y  -30 -522
 8 11 Y  -30 -534
 8 12 Y  -30 -531
 8 13 Y  -30 -530
 8 14 Y  -30 -529
 8 15 Y  -30 -522
 8 16 Y  -30 -522
 8 17 Y  -30 -538
 8 18 Y  -30 -532
 8 19 Y  -30 -524
 8 20 Y  -30 -533
 8 21 Y  -30 -524
 8 22 Y  -30 -537
 8 23 Y  -30 -526
 8 24 Y  -30 -544
 8 25 Y  -30 -526
 8 26 Y  -30 -526
 8 27 Y  -30 -522
 8 28 Y  -30 -520
 8 29 Y  -30 -539
 8 30 Y  -30 -547
 8 31 Y  -30 -526
 8  1 Z  558  448
 8  2 Z  558  480
 8  3 Z  558  433
 8  4 Z  558  468
 8  5 Z  558  443
 8  6 Z  558  462
 8  7 Z  558  480
 8  8 Z  558  544
 8  9 Z  558  527
 8 10 Z  558  521
 8 11 Z  558  500
 8 12 Z  558  512
 8 13 Z  558  478
 8 14 Z  558  454
 8 15 Z  558  455
 8 16 Z  558  450
 8 17 Z  558  451
 8 18 Z  558  476
 8 19 Z  558  496
 8 20 Z  558  470
 8 21 Z  558  478
 8 22 Z  558  469
 8 23 Z  558  460
 8 24 Z  558  486
 8 25 Z  558  477
 8 26 Z  558  471
 8 27 Z  558  481
 8 28 Z  558  478
 8 29 Z  558  502
 8 30 Z  558  504
 8 31 Z  558  480
 9  1 X   10  519
 9  2 X   10  513
 9  3 X   10  520
 9  4 X   10  504
 9  5 X   10  504
 9  6 X   10  508
 9  7 X   10  513
 9  8 X   10  514
 9  9 X   10  503
 9 10 X   10  517
 9 11 X   10  529
 9 12 X   10  495
 9 13 X   10  499
 9 14 X   10  521
 9 15 X   10  514
 9 16 X   10  513
 9 17 X   10  507
 9 18 X   10  508
 9 19 X   10  487
 9 20 X   10  518
 9 21 X   10  507
 9 22 X   10  519
 9 23 X   10  524
 9 24 X   10  522
 9 25 X   10  523
 9 26 X   10  496
 9 27 X   10  527
 9 28 X   10  516
 9 29 X   10  504
 9 30 X   10  513
 9  1 Y  -30 -526
 9  2 Y  -30 -529
 9  3 Y  -30 -533
 9  4 Y  -30 -512
 9  5 Y  -30 -527
 9  6 Y  -30 -527
 9  7 Y  -30 -523
 9  8 Y  -30 -524
 9  9 Y  -30 -526
 9 10 Y  -30 -525
 9 11 Y  -30 -538
 9 12 Y  -30 -534
 9 13 Y  -30 -545
 9 14 Y  -30 -528
 9 15 Y  -30 -524
 9 16 Y  -30 -521
 9 17 Y  -30 -556
 9 18 Y  -30 -509
 9 19 Y  -30 -516
 9 20 Y  -30 -523
 9 21 Y  -30 -534
 9 22 Y  -30 -496
 9 23 Y  -30 -513
 9 24 Y  -30 -525
 9 25 Y  -30 -524
 9 26 Y  -30 -537
 9 27 Y  -30 -525
 9 28 Y  -30 -519
 9 29 Y  -30 -530
 9 30 Y  -30 -531
 9  1 Z  558  475
 9  2 Z  558  466
 9  3 Z  558  478
 9  4 Z  558  523
 9  5 Z  558  513
 9  6 Z  558  522
 9  7 Z  558  520
 9  8 Z  558  512
 9  9 Z  558  514
 9 10 Z  558  494
 9 11 Z  558  509
 9 12 Z  558  506
 9 13 Z  558  506
 9 14 Z  558  493
 9 15 Z  558  511
 9 16 Z  558  498
 9 17 Z  558  511
 9 18 Z  558  501
 9 19 Z  558  496
 9 20 Z  558  527
 9 21 Z  558  518
 9 22 Z  558  538
 9 23 Z  558  528
 9 24 Z  558  513
 9 25 Z  558  498
 9 26 Z  558  496
 9 27 Z  558  532
 9 28 Z  558  507
 9 29 Z  558  511
 9 30 Z  558  510
10  1 X   10  509
10  2 X   10  506
10  3 X   10  507
10  4 X   10  506
10  5 X   10  512
10  6 X   10  515
10  7 X   10  509
10  8 X   10  498
10  9 X   10  515
10 10 X   10  515
10 11 X   10  506
10 12 X   10  507
10 13 X   10  525
10 14 X   10  511
10 15 X   10  515
10 16 X   10  505
10 17 X   10  508
10 18 X   10  536
10 19 X   10  498
10 20 X   10  509
10 21 X   10  508
10 22 X   10  502
10 23 X   10  533
10 24 X   10  514
10 25 X   10  517
10 26 X   10  517
10 27 X   10  518
10 28 X   10  507
10 29 X   10  505
10 30 X   10  488
10 31 X   10  517
10  1 Y  -30 -524
10  2 Y  -30 -522
10  3 Y  -30 -533
10  4 Y  -30 -527
10  5 Y  -30 -531
10  6 Y  -30 -528
10  7 Y  -30 -529
10  8 Y  -30 -529
10  9 Y  -30 -528
10 10 Y  -30 -533
10 11 Y  -30 -528
10 12 Y  -30 -531
10 13 Y  -30 -530
10 14 Y  -30 -532
10 15 Y  -30 -531
10 16 Y  -30 -524
10 17 Y  -30 -540
10 18 Y  -30 -541
10 19 Y  -30 -531
10 20 Y  -30 -535
10 21 Y  -30 -531
10 22 Y  -30 -529
10 23 Y  -30 -550
10 24 Y  -30 -518
10 25 Y  -30 -519
10 26 Y  -30 -531
10 27 Y  -30 -531
10 28 Y  -30 -535
10 29 Y  -30 -534
10 30 Y  -30 -532
10 31 Y  -30 -531
10  1 Z  558  526
10  2 Z  558  529
10  3 Z  558  518
10  4 Z  558  512
10  5 Z  558  513
10  6 Z  558  512
10  7 Z  558  502
10  8 Z  558  497
10  9 Z  558  512
10 10 Z  558  508
10 11 Z  558  498
10 12 Z  558  507
10 13 Z  558  522
10 14 Z  558  509
10 15 Z  558  503
10 16 Z  558  500
10 17 Z  558  495
10 18 Z  558  534
10 19 Z  558  536
10 20 Z  558  522
10 21 Z  558  505
10 22 Z  558  527
10 23 Z  558  562
10 24 Z  558  521
10 25 Z  558  517
10 26 Z  558  509
10 27 Z  558  517
10 28 Z  558  520
10 29 Z  558  522
10 30 Z  558  519
10 31 Z  558  525
11  1 X   10  515
11  2 X   10  521
11  3 X   10  515
11  4 X   10  505
11  5 X   10  517
11  6 X   10  522
11  7 X   10  521
11  8 X   10  523
11  9 X   10  516
11 10 X   10  521
11 11 X   10  517
11 12 X   10  526
11 13 X   10  493
11 14 X   10  498
11 15 X   10  514
11 16 X   10  521
11 17 X   10  519
11 18 X   10  520
11 19 X   10  521
11 20 X   10  511
11 21 X   10  522
11 22 X   10  523
11 23 X   10  520
11 24 X   10  514
11 25 X   10  526
11 26 X   10  514
11 27 X   10  524
11 28 X   10  512
11 29 X   10  508
11 30 X   10  519
11  1 Y  -30 -531
11  2 Y  -30 -531
11  3 Y  -30 -530
11  4 Y  -30 -519
11  5 Y  -30 -535
11  6 Y  -30 -534
11  7 Y  -30 -525
11  8 Y  -30 -524
11  9 Y  -30 -523
11 10 Y  -30 -530
11 11 Y  -30 -531
11 12 Y  -30 -524
11 13 Y  -30 -532
11 14 Y  -30 -524
11 15 Y  -30 -509
11 16 Y  -30 -524
11 17 Y  -30 -537
11 18 Y  -30 -525
11 19 Y  -30 -528
11 20 Y  -30 -537
11 21 Y  -30 -535
11 22 Y  -30 -527
11 23 Y  -30 -523
11 24 Y  -30 -523
11 25 Y  -30 -530
11 26 Y  -30 -523
11 27 Y  -30 -528
11 28 Y  -30 -518
11 29 Y  -30 -515
11 30 Y  -30 -530
11  1 Z  558  514
11  2 Z  558  511
11  3 Z  558  509
11  4 Z  558  506
11  5 Z  558  510
11  6 Z  558  513
11  7 Z  558  509
11  8 Z  558  507
11  9 Z  558  509
11 10 Z  558  512
11 11 Z  558  507
11 12 Z  558  511
11 13 Z  558  513
11 14 Z  558  515
11 15 Z  558  518
11 16 Z  558  512
11 17 Z  558  517
11 18 Z  558  524
11 19 Z  558  521
11 20 Z  558  514
11 21 Z  558  517
11 22 Z  558  512
11 23 Z  558  507
11 24 Z  558  509
11 25 Z  558  516
11 26 Z  558  509
11 27 Z  558  515
11 28 Z  558  517
11 29 Z  558  511
11 30 Z  558  510
12  1 X   10  520
12  2 X   10  512
12  3 X   10  519
12  4 X   10  507
12  5 X   10  524
12  6 X   10  520
12  7 X   10  523
12  8 X   10  521
12  9 X   10  516
12 10 X   10  517
12 11 X   10  519
12 12 X   10  528
12 13 X   10  521
12 14 X   10  514
12 15 X   10  505
12 16 X   10  521
12 17 X   10  525
12 18 X   10  523
12 19 X   10  526
12 20 X   10  524
12 21 X   10  517
12 22 X   10  500
12 23 X   10  536
12 24 X   10  525
12 25 X   10  527
12 26 X   10  522
12 27 X   10  520
12 28 X   10  528
12 29 X   10  521
12 30 X   10  524
12 31 X   10  522
12  1 Y  -30 -526
12  2 Y  -30 -534
12  3 Y  -30 -528
12  4 Y  -30 -524
12  5 Y  -30 -527
12  6 Y  -30 -529
12  7 Y  -30 -528
12  8 Y  -30 -525
12  9 Y  -30 -531
12 10 Y  -30 -518
12 11 Y  -30 -529
12 12 Y  -30 -519
12 13 Y  -30 -524
12 14 Y  -30 -520
12 15 Y  -30 -528
12 16 Y  -30 -525
12 17 Y  -30 -519
12 18 Y  -30 -523
12 19 Y  -30 -530
12 20 Y  -30 -527
12 21 Y  -30 -526
12 22 Y  -30 -526
12 23 Y  -30 -533
12 24 Y  -30 -527
12 25 Y  -30 -515
12 26 Y  -30 -528
12 27 Y  -30 -529
12 28 Y  -30 -524
12 29 Y  -30 -529
12 30 Y  -30 -528
12 31 Y  -30 -529
12  1 Z  558  501
12  2 Z  558  499
12  3 Z  558  508
12  4 Z  558  506
12  5 Z  558  506
12  6 Z  558  503
12  7 Z  558  502
12  8 Z  558  502
12  9 Z  558  496
12 10 Z  558  523
12 11 Z  558  520
12 12 Z  558  515
12 13 Z  558  507
12 14 Z  558  507
12 15 Z  558  512
12 16 Z  558  522
12 17 Z  558  518
12 18 Z  558  510
12 19 Z  558  506
12 20 Z  558  501
12 21 Z  558  502
12 22 Z  558  510
12 23 Z  558  520
12 24 Z  558  499
12 25 Z  558  516
12 26 Z  558  506
12 27 Z  558  501
12 28 Z  558  499
12 29 Z  558  499
12 30 Z  558  507
12 31 Z  558  505
