 1  1 X    0 1003
 1  2 X    0 1033
 1  3 X    0 1019
 1  4 X    0 1014
 1  5 X    0 1016
 1  6 X    0 1026
 1  7 X    0 1024
 1  8 X    0 1042
 1  9 X    0 1037
 1 10 X    0 1041
 1 11 X    0 1015
 1 12 X    0 1036
 1 13 X    0 1004
 1 14 X    0 1036
 1 15 X    0 1032
 1 16 X    0 1045
 1 17 X    0 1034
 1 18 X    0 1031
 1 19 X    0 1027
 1 20 X    0 1029
 1 21 X    0 1032
 1 22 X    0 1021
 1 23 X    0 1040
 1 24 X    0 1025
 1 25 X    0 1023
 1 26 X    0 1025
 1 27 X    0 1000
 1 28 X    0 1026
 1 29 X    0 1003
 1 30 X    0 1030
 1 31 X    0 1025
 1  1 Y  -50 1228
 1  2 Y  -50 1215
 1  3 Y  -50 1215
 1  4 Y  -50 1215
 1  5 Y  -50 1216
 1  6 Y  -50 1211
 1  7 Y  -50 1209
 1  8 Y  -50 1205
 1  9 Y  -50 1210
 1 10 Y  -50 1205
 1 11 Y  -50 1210
 1 12 Y  -50 1208
 1 13 Y  -50 1233
 1 14 Y  -50 1212
 1 15 Y  -50 1214
 1 16 Y  -50 1207
 1 17 Y  -50 1221
 1 18 Y  -50 1216
 1 19 Y  -50 1212
 1 20 Y  -50 1207
 1 21 Y  -50 1212
 1 22 Y  -50 1216
 1 23 Y  -50 1211
 1 24 Y  -50 1218
 1 25 Y  -50 1216
 1 26 Y  -50 1207
 1 27 Y  -50 1221
 1 28 Y  -50 1227
 1 29 Y  -50 1212
 1 30 Y  -50 1220
 1 31 Y  -50 1213
 1  1 Z  550 1694
 1  2 Z  550 1700
 1  3 Z  550 1694
 1  4 Z  550 1684
 1  5 Z  550 1680
 1  6 Z  550 1682
 1  7 Z  550 1674
 1  8 Z  550 1687
 1  9 Z  550 1657
 1 10 Z  550 1660
 1 11 Z  550 1651
 1 12 Z  550 1668
 1 13 Z  550 1681
 1 14 Z  550 1684
 1 15 Z  550 1680
 1 16 Z  550 1688
 1 17 Z  550 1680
 1 18 Z  550 1675
 1 19 Z  550 1676
 1 20 Z  550 1674
 1 21 Z  550 1672
 1 22 Z  550 1667
 1 23 Z  550 1674
 1 24 Z  550 1672
 1 25 Z  550 1668
 1 26 Z  550 1656
 1 27 Z  550 1678
 1 28 Z  550 1696
 1 29 Z  550 1696
 1 30 Z  550 1687
 1 31 Z  550 1685
 2  1 X    0 1019
 2  2 X    0 1038
 2  3 X    0 1034
 2  4 X    0 1041
 2  5 X    0 1029
 2  6 X    0 1022
 2  7 X    0 1022
 2  8 X    0 1038
 2  9 X    0 1024
 2 10 X    0 1036
 2 11 X    0 1034
 2 12 X    0 1035
 2 13 X    0 1032
 2 14 X    0 1027
 2 15 X    0 1021
 2 16 X    0 1033
 2 17 X    0 1040
 2 18 X    0 1020
 2 19 X    0 1045
 2 20 X    0 1033
 2 21 X    0 1031
 2 22 X    0 1030
 2 23 X    0 1020
 2 24 X    0 1040
 2 25 X    0 1009
 2 26 X    0 1033
 2 27 X    0 1022
 2 28 X    0 1035
 2 29 X    0 1032
 2  1 Y  -50 1209
 2  2 Y  -50 1215
 2  3 Y  -50 1207
 2  4 Y  -50 1211
 2  5 Y  -50 1220
 2  6 Y  -50 1249
 2  7 Y  -50 1204
 2  8 Y  -50 1220
 2  9 Y  -50 1223
 2 10 Y  -50 1206
 2 11 Y  -50 1211
 2 12 Y  -50 1210
 2 13 Y  -50 1202
 2 14 Y  -50 1236
 2 15 Y  -50 1195
 2 16 Y  -50 1213
 2 17 Y  -50 1212
 2 18 Y  -50 1216
 2 19 Y  -50 1202
 2 20 Y  -50 1210
 2 21 Y  -50 1207
 2 22 Y  -50 1209
 2 23 Y  -50 1229
 2 24 Y  -50 1214
 2 25 Y  -50 1225
 2 26 Y  -50 1226
 2 27 Y  -50 1241
 2 28 Y  -50 1213
 2 29 Y  -50 1214
 2  1 Z  550 1680
 2  2 Z  550 1681
 2  3 Z  550 1667
 2  4 Z  550 1671
 2  5 Z  550 1661
 2  6 Z  550 1679
 2  7 Z  550 1676
 2  8 Z  550 1694
 2  9 Z  550 1678
 2 10 Z  550 1678
 2 11 Z  550 1672
 2 12 Z  550 1667
 2 13 Z  550 1662
 2 14 Z  550 1667
 2 15 Z  550 1689
 2 16 Z  550 1691
 2 17 Z  550 1686
 2 18 Z  550 1675
 2 19 Z  550 1688
 2 20 Z  550 1669
 2 21 Z  550 1681
 2 22 Z  550 1651
 2 23 Z  550 1669
 2 24 Z  550 1667
 2 25 Z  550 1667
 2 26 Z  550 1679
 2 27 Z  550 1680
 2 28 Z  550 1676
 2 29 Z  550 1674
 3  1 X    0 1035
 3  2 X    0 1032
 3  3 X    0 1030
 3  4 X    0 1041
 3  5 X    0 1045
 3  6 X    0 1029
 3  7 X    0 1031
 3  8 X    0 1039
 3  9 X    0 1039
 3 10 X    0 1042
 3 11 X    0 1038
 3 12 X    0 1039
 3 13 X    0 1034
 3 14 X    0 1038
 3 15 X    0 1037
 3 16 X    0 1039
 3 17 X    0 1038
 3 18 X    0 1037
 3 19 X    0 1041
 3 20 X    0 1037
 3 21 X    0 1042
 3 22 X    0 1043
 3 23 X    0 1045
 3 24 X    0 1046
 3 25 X    0 1021
 3 26 X    0 1060
 3 27 X    0 1034
 3 28 X    0 1041
 3 29 X    0 1034
 3 30 X    0 1054
 3 31 X    0 1052
 3  1 Y  -50 1212
 3  2 Y  -50 1218
 3  3 Y  -50 1206
 3  4 Y  -50 1208
 3  5 Y  -50 1212
 3  6 Y  -50 1212
 3  7 Y  -50 1202
 3  8 Y  -50 1208
 3  9 Y  -50 1211
 3 10 Y  -50 1217
 3 11 Y  -50 1214
 3 12 Y  -50 1203
 3 13 Y  -50 1214
 3 14 Y  -50 1217
 3 15 Y  -50 1211
 3 16 Y  -50 1202
 3 17 Y  -50 1207
 3 18 Y  -50 1200
 3 19 Y  -50 1229
 3 20 Y  -50 1197
 3 21 Y  -50 1227
 3 22 Y  -50 1219
 3 23 Y  -50 1211
 3 24 Y  -50 1210
 3 25 Y  -50 1211
 3 26 Y  -50 1195
 3 27 Y  -50 1225
 3 28 Y  -50 1211
 3 29 Y  -50 1211
 3 30 Y  -50 1184
 3 31 Y  -50 1223
 3  1 Z  550 1677
 3  2 Z  550 1674
 3  3 Z  550 1648
 3  4 Z  550 1659
 3  5 Z  550 1666
 3  6 Z  550 1653
 3  7 Z  550 1659
 3  8 Z  550 1660
 3  9 Z  550 1656
 3 10 Z  550 1660
 3 11 Z  550 1660
 3 12 Z  550 1656
 3 13 Z  550 1671
 3 14 Z  550 1651
 3 15 Z  550 1659
 3 16 Z  550 1653
 3 17 Z  550 1651
 3 18 Z  550 1648
 3 19 Z  550 1652
 3 20 Z  550 1587
 3 21 Z  550 1642
 3 22 Z  550 1651
 3 23 Z  550 1649
 3 24 Z  550 1642
 3 25 Z  550 1652
 3 26 Z  550 1672
 3 27 Z  550 1675
 3 28 Z  550 1660
 3 29 Z  550 1648
 3 30 Z  550 1642
 3 31 Z  550 1653
 4  1 X    0 1030
 4  2 X    0 1054
 4  3 X    0 1045
 4  4 X    0 1044
 4  5 X    0 1058
 4  6 X    0 1040
 4  7 X    0 1037
 4  8 X    0 1036
 4  9 X    0 1091
 4 10 X    0 1071
 4 11 X    0 1020
 4 12 X    0 1050
 4 13 X    0 1033
 4 14 X    0 1036
 4 15 X    0 1031
 4 16 X    0 1047
 4 17 X    0 1039
 4 18 X    0 1037
 4 19 X    0 1031
 4 20 X    0 1040
 4 21 X    0 1051
 4 22 X    0 1040
 4 23 X    0 1028
 4 24 X    0 1054
 4 25 X    0 1069
 4 26 X    0 1058
 4 27 X    0 1046
 4 28 X    0 1063
 4 29 X    0 1073
 4 30 X    0 1066
 4  1 Y  -50 1231
 4  2 Y  -50 1210
 4  3 Y  -50 1212
 4  4 Y  -50 1225
 4  5 Y  -50 1215
 4  6 Y  -50 1236
 4  7 Y  -50 1217
 4  8 Y  -50 1240
 4  9 Y  -50 1212
 4 10 Y  -50 1198
 4 11 Y  -50 1234
 4 12 Y  -50 1207
 4 13 Y  -50 1215
 4 14 Y  -50 1215
 4 15 Y  -50 1218
 4 16 Y  -50 1237
 4 17 Y  -50 1221
 4 18 Y  -50 1219
 4 19 Y  -50 1237
 4 20 Y  -50 1220
 4 21 Y  -50 1212
 4 22 Y  -50 1251
 4 23 Y  -50 1230
 4 24 Y  -50 1221
 4 25 Y  -50 1203
 4 26 Y  -50 1202
 4 27 Y  -50 1199
 4 28 Y  -50 1208
 4 29 Y  -50 1203
 4 30 Y  -50 1203
 4  1 Z  550 1635
 4  2 Z  550 1656
 4  3 Z  550 1629
 4  4 Z  550 1597
 4  5 Z  550 1655
 4  6 Z  550 1639
 4  7 Z  550 1642
 4  8 Z  550 1693
 4  9 Z  550 1608
 4 10 Z  550 1661
 4 11 Z  550 1668
 4 12 Z  550 1668
 4 13 Z  550 1698
 4 14 Z  550 1659
 4 15 Z  550 1686
 4 16 Z  550 1682
 4 17 Z  550 1684
 4 18 Z  550 1655
 4 19 Z  550 1636
 4 20 Z  550 1666
 4 21 Z  550 1641
 4 22 Z  550 1647
 4 23 Z  550 1647
 4 24 Z  550 1657
 4 25 Z  550 1647
 4 26 Z  550 1598
 4 27 Z  550 1576
 4 28 Z  550 1593
 4 29 Z  550 1561
 4 30 Z  550 1580
 5  1 X    0 1069
 5  2 X    0 1084
 5  3 X    0 1078
 5  4 X    0 1069
 5  5 X    0 1008
 5  6 X    0 1071
 5  7 X    0 1025
 5  8 X    0 1073
 5  9 X    0 1044
 5 10 X    0 1015
 5 11 X    0 1025
 5 12 X    0 1061
 5 13 X    0 1000
 5 14 X    0 1023
 5 15 X    0 1033
 5 16 X    0 1037
 5 17 X    0 1026
 5 18 X    0 1062
 5 19 X    0 1057
 5 20 X    0 1075
 5 21 X    0 1053
 5 22 X    0 1092
 5 23 X    0 1023
 5 24 X    0 1042
 5 25 X    0 1129
 5 26 X    0 1039
 5 27 X    0 1077
 5 28 X    0 1106
 5 29 X    0 1075
 5 30 X    0 1055
 5 31 X    0 1077
 5  1 Y  -50 1201
 5  2 Y  -50 1196
 5  3 Y  -50 1184
 5  4 Y  -50 1204
 5  5 Y  -50 1244
 5  6 Y  -50 1242
 5  7 Y  -50 1240
 5  8 Y  -50 1210
 5  9 Y  -50 1265
 5 10 Y  -50 1165
 5 11 Y  -50 1230
 5 12 Y  -50 1227
 5 13 Y  -50 1183
 5 14 Y  -50 1200
 5 15 Y  -50 1226
 5 16 Y  -50 1229
 5 17 Y  -50 1218
 5 18 Y  -50 1224
 5 19 Y  -50 1246
 5 20 Y  -50 1205
 5 21 Y  -50 1212
 5 22 Y  -50 1210
 5 23 Y  -50 1252
 5 24 Y  -50 1237
 5 25 Y  -50 1278
 5 26 Y  -50 1192
 5 27 Y  -50 1177
 5 28 Y  -50 1185
 5 29 Y  -50 1185
 5 30 Y  -50 1177
 5 31 Y  -50 1233
 5  1 Z  550 1558
 5  2 Z  550 1554
 5  3 Z  550 1561
 5  4 Z  550 1593
 5  5 Z  550 1688
 5  6 Z  550 1665
 5  7 Z  550 1639
 5  8 Z  550 1595
 5  9 Z  550 1679
 5 10 Z  550 1638
 5 11 Z  550 1671
 5 12 Z  550 1685
 5 13 Z  550 1619
 5 14 Z  550 1607
 5 15 Z  550 1686
 5 16 Z  550 1697
 5 17 Z  550 1635
 5 18 Z  550 1684
 5 19 Z  550 1664
 5 20 Z  550 1573
 5 21 Z  550 1595
 5 22 Z  550 1528
 5 23 Z  550 1642
 5 24 Z  550 1553
 5 25 Z  550 1600
 5 26 Z  550 1652
 5 27 Z  550 1568
 5 28 Z  550 1503
 5 29 Z  550 1537
 5 30 Z  550 1668
 5 31 Z  550 1556
 6  1 X    0 1057
 6  2 X    0 1038
 6  3 X    0 1055
 6  4 X    0 1053
 6  5 X    0 1122
 6  6 X    0 1060
 6  7 X    0  987
 6  8 X    0 1069
 6  9 X    0 1047
 6 10 X    0 1047
 6 11 X    0 1057
 6 12 X    0 1070
 6 13 X    0 1056
 6 14 X    0 1080
 6 15 X    0 1105
 6 16 X    0 1041
 6 17 X    0 1095
 6 18 X    0 1055
 6 19 X    0 1069
 6 20 X    0 1115
 6 21 X    0 1075
 6 22 X    0 1058
 6 23 X    0 1069
 6 24 X    0 1073
 6 25 X    0 1090
 6 26 X    0 1030
 6 27 X    0 1017
 6 28 X    0 1015
 6 29 X    0 1019
 6 30 X    0 1039
 6  1 Y  -50 1226
 6  2 Y  -50 1185
 6  3 Y  -50 1211
 6  4 Y  -50 1200
 6  5 Y  -50 1215
 6  6 Y  -50 1188
 6  7 Y  -50 1225
 6  8 Y  -50 1211
 6  9 Y  -50 1223
 6 10 Y  -50 1243
 6 11 Y  -50 1227
 6 12 Y  -50 1225
 6 13 Y  -50 1239
 6 14 Y  -50 1208
 6 15 Y  -50 1198
 6 16 Y  -50 1219
 6 17 Y  -50 1184
 6 18 Y  -50 1214
 6 19 Y  -50 1223
 6 20 Y  -50 1176
 6 21 Y  -50 1217
 6 22 Y  -50 1201
 6 23 Y  -50 1203
 6 24 Y  -50 1234
 6 25 Y  -50 1179
 6 26 Y  -50 1285
 6 27 Y  -50 1227
 6 28 Y  -50 1216
 6 29 Y  -50 1226
 6 30 Y  -50 1225
 6  1 Z  550 1626
 6  2 Z  550 1600
 6  3 Z  550 1656
 6  4 Z  550 1524
 6  5 Z  550 1507
 6  6 Z  550 1557
 6  7 Z  550 1761
 6  8 Z  550 1648
 6  9 Z  550 1689
 6 10 Z  550 1637
 6 11 Z  550 1656
 6 12 Z  550 1661
 6 13 Z  550 1651
 6 14 Z  550 1562
 6 15 Z  550 1567
 6 16 Z  550 1609
 6 17 Z  550 1552
 6 18 Z  550 1619
 6 19 Z  550 1605
 6 20 Z  550 1465
 6 21 Z  550 1555
 6 22 Z  550 1557
 6 23 Z  550 1570
 6 24 Z  550 1636
 6 25 Z  550 1572
 6 26 Z  550 1682
 6 27 Z  550 1723
 6 28 Z  550 1719
 6 29 Z  550 1685
 6 30 Z  550 1672
 7  1 X    0 1038
 7  2 X    0 1020
 7  3 X    0 1055
 7  4 X    0 1050
 7  5 X    0 1072
 7  6 X    0 1008
 7  7 X    0 1020
 7  8 X    0 1036
 7  9 X    0 1059
 7 10 X    0 1030
 7 11 X    0 1052
 7 12 X    0 1085
 7 13 X    0 1079
 7 14 X    0 1089
 7 15 X    0 1054
 7 16 X    0 1088
 7 17 X    0 1094
 7 18 X    0 1045
 7 19 X    0 1062
 7 20 X    0 1072
 7 21 X    0 1021
 7 22 X    0 1032
 7 23 X    0 1050
 7 24 X    0 1018
 7 25 X    0  977
 7 26 X    0 1041
 7 27 X    0 1079
 7 28 X    0 1102
 7 29 X    0 1045
 7 30 X    0 1063
 7 31 X    0 1092
 7  1 Y  -50 1209
 7  2 Y  -50 1217
 7  3 Y  -50 1199
 7  4 Y  -50 1228
 7  5 Y  -50 1243
 7  6 Y  -50 1251
 7  7 Y  -50 1239
 7  8 Y  -50 1250
 7  9 Y  -50 1242
 7 10 Y  -50 1253
 7 11 Y  -50 1200
 7 12 Y  -50 1202
 7 13 Y  -50 1224
 7 14 Y  -50 1208
 7 15 Y  -50 1203
 7 16 Y  -50 1202
 7 17 Y  -50 1173
 7 18 Y  -50 1248
 7 19 Y  -50 1180
 7 20 Y  -50 1231
 7 21 Y  -50 1226
 7 22 Y  -50 1244
 7 23 Y  -50 1261
 7 24 Y  -50 1225
 7 25 Y  -50 1249
 7 26 Y  -50 1254
 7 27 Y  -50 1192
 7 28 Y  -50 1215
 7 29 Y  -50 1228
 7 30 Y  -50 1200
 7 31 Y  -50 1208
 7  1 Z  550 1670
 7  2 Z  550 1660
 7  3 Z  550 1671
 7  4 Z  550 1586
 7  5 Z  550 1568
 7  6 Z  550 1696
 7  7 Z  550 1719
 7  8 Z  550 1692
 7  9 Z  550 1709
 7 10 Z  550 1676
 7 11 Z  550 1679
 7 12 Z  550 1524
 7 13 Z  550 1574
 7 14 Z  550 1533
 7 15 Z  550 1614
 7 16 Z  550 1515
 7 17 Z  550 1521
 7 18 Z  550 1523
 7 19 Z  550 1516
 7 20 Z  550 1611
 7 21 Z  550 1675
 7 22 Z  550 1710
 7 23 Z  550 1691
 7 24 Z  550 1671
 7 25 Z  550 1696
 7 26 Z  550 1721
 7 27 Z  550 1573
 7 28 Z  550 1547
 7 29 Z  550 1555
 7 30 Z  550 1604
 7 31 Z  550 1551
 8  1 X    0 1080
 8  2 X    0 1064
 8  3 X    0 1091
 8  4 X    0 1027
 8  5 X    0 1054
 8  6 X    0 1016
 8  7 X    0 1062
 8  8 X    0 1040
 8  9 X    0 1051
 8 10 X    0 1066
 8 11 X    0 1077
 8 12 X    0 1072
 8 13 X    0 1082
 8 14 X    0 1077
 8 15 X    0 1060
 8 16 X    0 1082
 8 17 X    0 1048
 8 18 X    0 1088
 8 19 X    0 1040
 8 20 X    0 1030
 8 21 X    0 1038
 8 22 X    0 1033
 8 23 X    0 1051
 8 24 X    0 1052
 8 25 X    0 1031
 8 26 X    0 1052
 8 27 X    0 1083
 8 28 X    0 1065
 8 29 X    0 1036
 8 30 X    0 1052
 8 31 X    0 1051
 8  1 Y  -50 1195
 8  2 Y  -50 1233
 8  3 Y  -50 1218
 8  4 Y  -50 1268
 8  5 Y  -50 1212
 8  6 Y  -50 1207
 8  7 Y  -50 1224
 8  8 Y  -50 1197
 8  9 Y  -50 1195
 8 10 Y  -50 1203
 8 11 Y  -50 1207
 8 12 Y  -50 1200
 8 13 Y  -50 1213
 8 14 Y  -50 1232
 8 15 Y  -50 1231
 8 16 Y  -50 1236
 8 17 Y  -50 1268
 8 18 Y  -50 1210
 8 19 Y  -50 1237
 8 20 Y  -50 1242
 8 21 Y  -50 1222
 8 22 Y  -50 1250
 8 23 Y  -50 1206
 8 24 Y  -50 1206
 8 25 Y  -50 1218
 8 26 Y  -50 1216
 8 27 Y  -50 1242
 8 28 Y  -50 1225
 8 29 Y  -50 1219
 8 30 Y  -50 1236
 8 31 Y  -50 1220
 8  1 Z  550 1571
 8  2 Z  550 1595
 8  3 Z  550 1677
 8  4 Z  550 1727
 8  5 Z  550 1676
 8  6 Z  550 1674
 8  7 Z  550 1621
 8  8 Z  550 1626
 8  9 Z  550 1623
 8 10 Z  550 1584
 8 11 Z  550 1567
 8 12 Z  550 1580
 8 13 Z  550 1534
 8 14 Z  550 1580
 8 15 Z  550 1640
 8 16 Z  550 1570
 8 17 Z  550 1678
 8 18 Z  550 1614
 8 19 Z  550 1735
 8 20 Z  550 1657
 8 21 Z  550 1700
 8 22 Z  550 1683
 8 23 Z  550 1678
 8 24 Z  550 1658
 8 25 Z  550 1685
 8 26 Z  550 1696
 8 27 Z  550 1596
 8 28 Z  550 1641
 8 29 Z  550 1636
 8 30 Z  550 1681
 8 31 Z  550 1698
 9  1 X    0 1063
 9  2 X    0 1045
 9  3 X    0 1023
 9  4 X    0 1047
 9  5 X    0 1055
 9  6 X    0 1047
 9  7 X    0 1057
 9  8 X    0 1059
 9  9 X    0 1037
 9 10 X    0 1044
 9 11 X    0 1053
 9 12 X    0 1052
 9 13 X    0 1078
 9 14 X    0 1043
 9 15 X    0 1049
 9 16 X    0 1043
 9 17 X    0 1064
 9 18 X    0 1045
 9 19 X    0 1043
 9 20 X    0 1046
 9 21 X    0 1043
 9 22 X    0 1046
 9 23 X    0 1054
 9 24 X    0 1058
 9 25 X    0 1061
 9 26 X    0 1057
 9 27 X    0 1045
 9 28 X    0 1037
 9 29 X    0 1038
 9 30 X    0 1054
 9  1 Y  -50 1221
 9  2 Y  -50 1230
 9  3 Y  -50 1249
 9  4 Y  -50 1221
 9  5 Y  -50 1230
 9  6 Y  -50 1213
 9  7 Y  -50 1222
 9  8 Y  -50 1218
 9  9 Y  -50 1228
 9 10 Y  -50 1209
 9 11 Y  -50 1224
 9 12 Y  -50 1252
 9 13 Y  -50 1237
 9 14 Y  -50 1203
 9 15 Y  -50 1231
 9 16 Y  -50 1209
 9 17 Y  -50 1235
 9 18 Y  -50 1224
 9 19 Y  -50 1234
 9 20 Y  -50 1219
 9 21 Y  -50 1225
 9 22 Y  -50 1217
 9 23 Y  -50 1206
 9 24 Y  -50 1216
 9 25 Y  -50 1219
 9 26 Y  -50 1219
 9 27 Y  -50 1208
 9 28 Y  -50 1233
 9 29 Y  -50 1218
 9 30 Y  -50 1211
 9  1 Z  550 1652
 9  2 Z  550 1673
 9  3 Z  550 1634
 9  4 Z  550 1673
 9  5 Z  550 1626
 9  6 Z  550 1627
 9  7 Z  550 1572
 9  8 Z  550 1611
 9  9 Z  550 1610
 9 10 Z  550 1625
 9 11 Z  550 1607
 9 12 Z  550 1626
 9 13 Z  550 1631
 9 14 Z  550 1662
 9 15 Z  550 1660
 9 16 Z  550 1671
 9 17 Z  550 1674
 9 18 Z  550 1673
 9 19 Z  550 1650
 9 20 Z  550 1678
 9 21 Z  550 1670
 9 22 Z  550 1622
 9 23 Z  550 1623
 9 24 Z  550 1615
 9 25 Z  550 1634
 9 26 Z  550 1625
 9 27 Z  550 1630
 9 28 Z  550 1669
 9 29 Z  550 1664
 9 30 Z  550 1660
10  1 X    0 1047
10  2 X    0 1050
10  3 X    0 1036
10  4 X    0 1054
10  5 X    0 1052
10  6 X    0 1053
10  7 X    0 1046
10  8 X    0 1043
10  9 X    0 1039
10 10 X    0 1032
10 11 X    0 1085
10 12 X    0 1040
10 13 X    0 1045
10 14 X    0 1036
10 15 X    0 1052
10 16 X    0 1054
10 17 X    0 1053
10 18 X    0 1057
10 19 X    0 1044
10 20 X    0 1045
10 21 X    0 1045
10 22 X    0 1046
10 23 X    0 1048
10 24 X    0 1042
10 25 X    0 1032
10 26 X    0 1066
10 27 X    0 1048
10 28 X    0 1047
10 29 X    0 1044
10 30 X    0 1065
10 31 X    0 1030
10  1 Y  -50 1214
10  2 Y  -50 1212
10  3 Y  -50 1209
10  4 Y  -50 1228
10  5 Y  -50 1232
10  6 Y  -50 1224
10  7 Y  -50 1214
10  8 Y  -50 1220
10  9 Y  -50 1215
10 10 Y  -50 1238
10 11 Y  -50 1240
10 12 Y  -50 1212
10 13 Y  -50 1218
10 14 Y  -50 1219
10 15 Y  -50 1213
10 16 Y  -50 1215
10 17 Y  -50 1231
10 18 Y  -50 1201
10 19 Y  -50 1218
10 20 Y  -50 1208
10 21 Y  -50 1218
10 22 Y  -50 1213
10 23 Y  -50 1263
10 24 Y  -50 1212
10 25 Y  -50 1219
10 26 Y  -50 1213
10 27 Y  -50 1214
10 28 Y  -50 1212
10 29 Y  -50 1211
10 30 Y  -50 1215
10 31 Y  -50 1228
10  1 Z  550 1653
10  2 Z  550 1657
10  3 Z  550 1633
10  4 Z  550 1641
10  5 Z  550 1649
10  6 Z  550 1668
10  7 Z  550 1659
10  8 Z  550 1674
10  9 Z  550 1668
10 10 Z  550 1688
10 11 Z  550 1694
10 12 Z  550 1670
10 13 Z  550 1687
10 14 Z  550 1667
10 15 Z  550 1652
10 16 Z  550 1672
10 17 Z  550 1666
10 18 Z  550 1671
10 19 Z  550 1647
10 20 Z  550 1640
10 21 Z  550 1641
10 22 Z  550 1657
10 23 Z  550 1689
10 24 Z  550 1679
10 25 Z  550 1688
10 26 Z  550 1690
10 27 Z  550 1678
10 28 Z  550 1673
10 29 Z  550 1665
10 30 Z  550 1675
10 31 Z  550 1662
11  1 X    0 1052
11  2 X    0 1043
11  3 X    0 1045
11  4 X    0 1066
11  5 X    0 1056
11  6 X    0 1044
11  7 X    0 1056
11  8 X    0 1047
11  9 X    0 1039
11 10 X    0 1054
11 11 X    0 1032
11 12 X    0 1057
11 13 X    0 1041
11 14 X    0 1041
11 15 X    0 1037
11 16 X    0 1055
11 17 X    0 1041
11 18 X    0 1034
11 19 X    0 1044
11 20 X    0 1051
11 21 X    0 1052
11 22 X    0 1059
11 23 X    0 1042
11 24 X    0 1051
11 25 X    0 1029
11 26 X    0 1052
11 27 X    0 1038
11 28 X    0 1051
11 29 X    0 1049
11 30 X    0 1031
11  1 Y  -50 1232
11  2 Y  -50 1218
11  3 Y  -50 1224
11  4 Y  -50 1225
11  5 Y  -50 1213
11  6 Y  -50 1216
11  7 Y  -50 1215
11  8 Y  -50 1215
11  9 Y  -50 1234
11 10 Y  -50 1227
11 11 Y  -50 1209
11 12 Y  -50 1217
11 13 Y  -50 1218
11 14 Y  -50 1228
11 15 Y  -50 1239
11 16 Y  -50 1232
11 17 Y  -50 1219
11 18 Y  -50 1220
11 19 Y  -50 1223
11 20 Y  -50 1231
11 21 Y  -50 1218
11 22 Y  -50 1216
11 23 Y  -50 1218
11 24 Y  -50 1221
11 25 Y  -50 1212
11 26 Y  -50 1233
11 27 Y  -50 1226
11 28 Y  -50 1226
11 29 Y  -50 1220
11 30 Y  -50 1200
11  1 Z  550 1667
11  2 Z  550 1666
11  3 Z  550 1652
11  4 Z  550 1670
11  5 Z  550 1667
11  6 Z  550 1663
11  7 Z  550 1666
11  8 Z  550 1667
11  9 Z  550 1675
11 10 Z  550 1680
11 11 Z  550 1678
11 12 Z  550 1676
11 13 Z  550 1671
11 14 Z  550 1670
11 15 Z  550 1673
11 16 Z  550 1671
11 17 Z  550 1663
11 18 Z  550 1668
11 19 Z  550 1674
11 20 Z  550 1679
11 21 Z  550 1672
11 22 Z  550 1674
11 23 Z  550 1670
11 24 Z  550 1676
11 25 Z  550 1662
11 26 Z  550 1671
11 27 Z  550 1679
11 28 Z  550 1683
11 29 Z  550 1675
11 30 Z  550 1679
12  1 X    0 1067
12  2 X    0 1050
12  3 X    0 1051
12  4 X    0 1060
12  5 X    0 1054
12  6 X    0 1057
12  7 X    0 1051
12  8 X    0 1054
12  9 X    0 1047
12 10 X    0 1056
12 11 X    0 1043
12 12 X    0 1059
12 13 X    0 1053
12 14 X    0 1040
12 15 X    0 1053
12 16 X    0 1038
12 17 X    0 1048
12 18 X    0 1046
12 19 X    0 1021
12 20 X    0 1064
12 21 X    0 1041
12 22 X    0 1054
12 23 X    0 1044
12 24 X    0 1055
12 25 X    0 1050
12 26 X    0 1066
12 27 X    0 1062
12 28 X    0 1058
12 29 X    0 1044
12 30 X    0 1070
12 31 X    0 1035
12  1 Y  -50 1212
12  2 Y  -50 1215
12  3 Y  -50 1221
12  4 Y  -50 1213
12  5 Y  -50 1217
12  6 Y  -50 1215
12  7 Y  -50 1218
12  8 Y  -50 1211
12  9 Y  -50 1219
12 10 Y  -50 1213
12 11 Y  -50 1223
12 12 Y  -50 1205
12 13 Y  -50 1224
12 14 Y  -50 1219
12 15 Y  -50 1220
12 16 Y  -50 1234
12 17 Y  -50 1214
12 18 Y  -50 1230
12 19 Y  -50 1245
12 20 Y  -50 1223
12 21 Y  -50 1220
12 22 Y  -50 1212
12 23 Y  -50 1221
12 24 Y  -50 1214
12 25 Y  -50 1215
12 26 Y  -50 1219
12 27 Y  -50 1231
12 28 Y  -50 1219
12 29 Y  -50 1222
12 30 Y  -50 1225
12 31 Y  -50 1210
12  1 Z  550 1681
12  2 Z  550 1672
12  3 Z  550 1681
12  4 Z  550 1678
12  5 Z  550 1666
12  6 Z  550 1659
12  7 Z  550 1664
12  8 Z  550 1657
12  9 Z  550 1658
12 10 Z  550 1664
12 11 Z  550 1670
12 12 Z  550 1671
12 13 Z  550 1660
12 14 Z  550 1655
12 15 Z  550 1663
12 16 Z  550 1665
12 17 Z  550 1658
12 18 Z  550 1664
12 19 Z  550 1708
12 20 Z  550 1710
12 21 Z  550 1691
12 22 Z  550 1678
12 23 Z  550 1655
12 24 Z  550 1654
12 25 Z  550 1657
12 26 Z  550 1654
12 27 Z  550 1655
12 28 Z  550 1654
12 29 Z  550 1647
12 30 Z  550 1660
12 31 Z  550 1661
