 1  1 X    0  922
 1  2 X    0  920
 1  3 X    0  918
 1  4 X    0  936
 1  5 X    0  921
 1  6 X    0  937
 1  7 X    0  925
 1  8 X    0  929
 1  9 X    0  943
 1 10 X    0  935
 1 11 X    0  941
 1 12 X    0  932
 1 13 X    0  933
 1 14 X    0  938
 1 15 X    0  938
 1 16 X    0  940
 1 17 X    0  916
 1 18 X    0  941
 1 19 X    0  934
 1 20 X    0  928
 1 21 X    0  910
 1 22 X    0  929
 1 23 X    0  938
 1 24 X    0  936
 1 25 X    0  942
 1 26 X    0  938
 1 27 X    0  944
 1 28 X    0  937
 1 29 X    0  925
 1 30 X    0  933
 1 31 X    0  941
 1  1 Y  -50  666
 1  2 Y  -50  671
 1  3 Y  -50  695
 1  4 Y  -50  660
 1  5 Y  -50  675
 1  6 Y  -50  673
 1  7 Y  -50  666
 1  8 Y  -50  673
 1  9 Y  -50  659
 1 10 Y  -50  671
 1 11 Y  -50  664
 1 12 Y  -50  661
 1 13 Y  -50  670
 1 14 Y  -50  669
 1 15 Y  -50  661
 1 16 Y  -50  668
 1 17 Y  -50  682
 1 18 Y  -50  669
 1 19 Y  -50  673
 1 20 Y  -50  676
 1 21 Y  -50  665
 1 22 Y  -50  664
 1 23 Y  -50  665
 1 24 Y  -50  665
 1 25 Y  -50  673
 1 26 Y  -50  660
 1 27 Y  -50  681
 1 28 Y  -50  672
 1 29 Y  -50  668
 1 30 Y  -50  681
 1 31 Y  -50  660
 1  1 Z  550  775
 1  2 Z  550  782
 1  3 Z  550  808
 1  4 Z  550  796
 1  5 Z  550  788
 1  6 Z  550  788
 1  7 Z  550  784
 1  8 Z  550  791
 1  9 Z  550  810
 1 10 Z  550  796
 1 11 Z  550  791
 1 12 Z  550  781
 1 13 Z  550  773
 1 14 Z  550  777
 1 15 Z  550  776
 1 16 Z  550  773
 1 17 Z  550  780
 1 18 Z  550  792
 1 19 Z  550  786
 1 20 Z  550  784
 1 21 Z  550  791
 1 22 Z  550  799
 1 23 Z  550  798
 1 24 Z  550  784
 1 25 Z  550  783
 1 26 Z  550  777
 1 27 Z  550  781
 1 28 Z  550  768
 1 29 Z  550  773
 1 30 Z  550  785
 1 31 Z  550  780
 2  1 X    0  942
 2  2 X    0  934
 2  3 X    0  946
 2  4 X    0  926
 2  5 X    0  923
 2  6 X    0  936
 2  7 X    0  932
 2  8 X    0  932
 2  9 X    0  940
 2 10 X    0  939
 2 11 X    0  933
 2 12 X    0  934
 2 13 X    0  935
 2 14 X    0  911
 2 15 X    0  935
 2 16 X    0  938
 2 17 X    0  942
 2 18 X    0  927
 2 19 X    0  939
 2 20 X    0  941
 2 21 X    0  941
 2 22 X    0  942
 2 23 X    0  922
 2 24 X    0  930
 2 25 X    0  942
 2 26 X    0  940
 2 27 X    0  928
 2 28 X    0  948
 2 29 X    0  937
 2  1 Y  -50  658
 2  2 Y  -50  690
 2  3 Y  -50  688
 2  4 Y  -50  676
 2  5 Y  -50  667
 2  6 Y  -50  671
 2  7 Y  -50  671
 2  8 Y  -50  655
 2  9 Y  -50  662
 2 10 Y  -50  674
 2 11 Y  -50  670
 2 12 Y  -50  662
 2 13 Y  -50  660
 2 14 Y  -50  668
 2 15 Y  -50  686
 2 16 Y  -50  671
 2 17 Y  -50  677
 2 18 Y  -50  663
 2 19 Y  -50  665
 2 20 Y  -50  673
 2 21 Y  -50  666
 2 22 Y  -50  669
 2 23 Y  -50  676
 2 24 Y  -50  674
 2 25 Y  -50  666
 2 26 Y  -50  664
 2 27 Y  -50  657
 2 28 Y  -50  673
 2 29 Y  -50  669
 2  1 Z  550  776
 2  2 Z  550  780
 2  3 Z  550  787
 2  4 Z  550  779
 2  5 Z  550  778
 2  6 Z  550  781
 2  7 Z  550  780
 2  8 Z  550  771
 2  9 Z  550  777
 2 10 Z  550  773
 2 11 Z  550  770
 2 12 Z  550  767
 2 13 Z  550  767
 2 14 Z  550  766
 2 15 Z  550  791
 2 16 Z  550  806
 2 17 Z  550  800
 2 18 Z  550  801
 2 19 Z  550  793
 2 20 Z  550  790
 2 21 Z  550  789
 2 22 Z  550  771
 2 23 Z  550  776
 2 24 Z  550  786
 2 25 Z  550  784
 2 26 Z  550  766
 2 27 Z  550  760
 2 28 Z  550  785
 2 29 Z  550  788
 3  1 X    0  943
 3  2 X    0  934
 3  3 X    0  958
 3  4 X    0  944
 3  5 X    0  927
 3  6 X    0  918
 3  7 X    0  947
 3  8 X    0  925
 3  9 X    0  935
 3 10 X    0  927
 3 11 X    0  919
 3 12 X    0  963
 3 13 X    0  946
 3 14 X    0  936
 3 15 X    0  992
 3 16 X    0  923
 3 17 X    0  948
 3 18 X    0  948
 3 19 X    0  947
 3 20 X    0  936
 3 21 X    0  944
 3 22 X    0  934
 3 23 X    0  949
 3 24 X    0  952
 3 25 X    0  940
 3 26 X    0  926
 3 27 X    0  944
 3 28 X    0  952
 3 29 X    0  931
 3 30 X    0  953
 3 31 X    0  957
 3  1 Y  -50  649
 3  2 Y  -50  659
 3  3 Y  -50  682
 3  4 Y  -50  660
 3  5 Y  -50  674
 3  6 Y  -50  681
 3  7 Y  -50  677
 3  8 Y  -50  671
 3  9 Y  -50  665
 3 10 Y  -50  670
 3 11 Y  -50  663
 3 12 Y  -50  657
 3 13 Y  -50  699
 3 14 Y  -50  671
 3 15 Y  -50  690
 3 16 Y  -50  656
 3 17 Y  -50  672
 3 18 Y  -50  653
 3 19 Y  -50  650
 3 20 Y  -50  675
 3 21 Y  -50  655
 3 22 Y  -50  667
 3 23 Y  -50  662
 3 24 Y  -50  667
 3 25 Y  -50  660
 3 26 Y  -50  665
 3 27 Y  -50  688
 3 28 Y  -50  689
 3 29 Y  -50  664
 3 30 Y  -50  680
 3 31 Y  -50  636
 3  1 Z  550  781
 3  2 Z  550  793
 3  3 Z  550  795
 3  4 Z  550  773
 3  5 Z  550  761
 3  6 Z  550  762
 3  7 Z  550  767
 3  8 Z  550  745
 3  9 Z  550  753
 3 10 Z  550  765
 3 11 Z  550  778
 3 12 Z  550  739
 3 13 Z  550  775
 3 14 Z  550  807
 3 15 Z  550  843
 3 16 Z  550  831
 3 17 Z  550  802
 3 18 Z  550  774
 3 19 Z  550  787
 3 20 Z  550  740
 3 21 Z  550  779
 3 22 Z  550  754
 3 23 Z  550  766
 3 24 Z  550  772
 3 25 Z  550  778
 3 26 Z  550  758
 3 27 Z  550  805
 3 28 Z  550  781
 3 29 Z  550  786
 3 30 Z  550  781
 3 31 Z  550  790
 4  1 X    0  951
 4  2 X    0  957
 4  3 X    0  952
 4  4 X    0  975
 4  5 X    0  960
 4  6 X    0  931
 4  7 X    0  919
 4  8 X    0  946
 4  9 X    0  928
 4 10 X    0  930
 4 11 X    0  952
 4 12 X    0  954
 4 13 X    0  934
 4 14 X    0  967
 4 15 X    0  964
 4 16 X    0  969
 4 17 X    0  944
 4 18 X    0  960
 4 19 X    0  976
 4 20 X    0  967
 4 21 X    0  898
 4 22 X    0  968
 4 23 X    0  955
 4 24 X    0  965
 4 25 X    0  959
 4 26 X    0  955
 4 27 X    0  952
 4 28 X    0  946
 4 29 X    0  962
 4 30 X    0  973
 4  1 Y  -50  653
 4  2 Y  -50  661
 4  3 Y  -50  657
 4  4 Y  -50  665
 4  5 Y  -50  647
 4  6 Y  -50  688
 4  7 Y  -50  702
 4  8 Y  -50  664
 4  9 Y  -50  673
 4 10 Y  -50  686
 4 11 Y  -50  651
 4 12 Y  -50  681
 4 13 Y  -50  661
 4 14 Y  -50  636
 4 15 Y  -50  685
 4 16 Y  -50  650
 4 17 Y  -50  627
 4 18 Y  -50  657
 4 19 Y  -50  649
 4 20 Y  -50  631
 4 21 Y  -50  664
 4 22 Y  -50  692
 4 23 Y  -50  636
 4 24 Y  -50  624
 4 25 Y  -50  655
 4 26 Y  -50  700
 4 27 Y  -50  673
 4 28 Y  -50  676
 4 29 Y  -50  666
 4 30 Y  -50  641
 4  1 Z  550  734
 4  2 Z  550  754
 4  3 Z  550  750
 4  4 Z  550  671
 4  5 Z  550  693
 4  6 Z  550  674
 4  7 Z  550  809
 4  8 Z  550  729
 4  9 Z  550  776
 4 10 Z  550  773
 4 11 Z  550  770
 4 12 Z  550  751
 4 13 Z  550  739
 4 14 Z  550  717
 4 15 Z  550  699
 4 16 Z  550  664
 4 17 Z  550  721
 4 18 Z  550  686
 4 19 Z  550  664
 4 20 Z  550  607
 4 21 Z  550  812
 4 22 Z  550  788
 4 23 Z  550  762
 4 24 Z  550  680
 4 25 Z  550  759
 4 26 Z  550  773
 4 27 Z  550  756
 4 28 Z  550  770
 4 29 Z  550  749
 4 30 Z  550  631
 5  1 X    0  947
 5  2 X    0  952
 5  3 X    0  966
 5  4 X    0  934
 5  5 X    0  909
 5  6 X    0  964
 5  7 X    0  990
 5  8 X    0  961
 5  9 X    0 1022
 5 10 X    0  941
 5 11 X    0  943
 5 12 X    0  985
 5 13 X    0  997
 5 14 X    0  918
 5 15 X    0  965
 5 16 X    0  984
 5 17 X    0  920
 5 18 X    0  919
 5 19 X    0  962
 5 20 X    0  934
 5 21 X    0  971
 5 22 X    0  984
 5 23 X    0  932
 5 24 X    0  973
 5 25 X    0  980
 5 26 X    0  941
 5 27 X    0  970
 5 28 X    0  945
 5 29 X    0 1002
 5 30 X    0  962
 5 31 X    0  980
 5  1 Y  -50  665
 5  2 Y  -50  682
 5  3 Y  -50  668
 5  4 Y  -50  698
 5  5 Y  -50  726
 5  6 Y  -50  675
 5  7 Y  -50  654
 5  8 Y  -50  687
 5  9 Y  -50  722
 5 10 Y  -50  687
 5 11 Y  -50  648
 5 12 Y  -50  650
 5 13 Y  -50  595
 5 14 Y  -50  660
 5 15 Y  -50  641
 5 16 Y  -50  637
 5 17 Y  -50  673
 5 18 Y  -50  669
 5 19 Y  -50  679
 5 20 Y  -50  702
 5 21 Y  -50  664
 5 22 Y  -50  710
 5 23 Y  -50  629
 5 24 Y  -50  645
 5 25 Y  -50  668
 5 26 Y  -50  714
 5 27 Y  -50  654
 5 28 Y  -50  644
 5 29 Y  -50  647
 5 30 Y  -50  669
 5 31 Y  -50  675
 5  1 Z  550  677
 5  2 Z  550  702
 5  3 Z  550  762
 5  4 Z  550  755
 5  5 Z  550  836
 5  6 Z  550  765
 5  7 Z  550  698
 5  8 Z  550  787
 5  9 Z  550  609
 5 10 Z  550  704
 5 11 Z  550  684
 5 12 Z  550  695
 5 13 Z  550  653
 5 14 Z  550  739
 5 15 Z  550  752
 5 16 Z  550  711
 5 17 Z  550  766
 5 18 Z  550  788
 5 19 Z  550  818
 5 20 Z  550  783
 5 21 Z  550  747
 5 22 Z  550  756
 5 23 Z  550  724
 5 24 Z  550  793
 5 25 Z  550  733
 5 26 Z  550  804
 5 27 Z  550  702
 5 28 Z  550  744
 5 29 Z  550  647
 5 30 Z  550  685
 5 31 Z  550  559
 6  1 X    0  979
 6  2 X    0  944
 6  3 X    0  936
 6  4 X    0  895
 6  5 X    0  958
 6  6 X    0 1032
 6  7 X    0  952
 6  8 X    0  972
 6  9 X    0  979
 6 10 X    0 1012
 6 11 X    0 1034
 6 12 X    0  961
 6 13 X    0  973
 6 14 X    0  980
 6 15 X    0  989
 6 16 X    0  984
 6 17 X    0  945
 6 18 X    0  922
 6 19 X    0  953
 6 20 X    0  914
 6 21 X    0  938
 6 22 X    0  965
 6 23 X    0  923
 6 24 X    0  930
 6 25 X    0  933
 6 26 X    0 1038
 6 27 X    0  985
 6 28 X    0  975
 6 29 X    0  963
 6 30 X    0  979
 6  1 Y  -50  685
 6  2 Y  -50  665
 6  3 Y  -50  706
 6  4 Y  -50  689
 6  5 Y  -50  661
 6  6 Y  -50  629
 6  7 Y  -50  703
 6  8 Y  -50  656
 6  9 Y  -50  637
 6 10 Y  -50  629
 6 11 Y  -50  625
 6 12 Y  -50  669
 6 13 Y  -50  668
 6 14 Y  -50  666
 6 15 Y  -50  638
 6 16 Y  -50  643
 6 17 Y  -50  691
 6 18 Y  -50  666
 6 19 Y  -50  655
 6 20 Y  -50  684
 6 21 Y  -50  684
 6 22 Y  -50  650
 6 23 Y  -50  703
 6 24 Y  -50  603
 6 25 Y  -50  697
 6 26 Y  -50  653
 6 27 Y  -50  674
 6 28 Y  -50  680
 6 29 Y  -50  657
 6 30 Y  -50  668
 6  1 Z  550  676
 6  2 Z  550  759
 6  3 Z  550  785
 6  4 Z  550  791
 6  5 Z  550  658
 6  6 Z  550  630
 6  7 Z  550  717
 6  8 Z  550  623
 6  9 Z  550  630
 6 10 Z  550  644
 6 11 Z  550  584
 6 12 Z  550  607
 6 13 Z  550  725
 6 14 Z  550  671
 6 15 Z  550  645
 6 16 Z  550  661
 6 17 Z  550  703
 6 18 Z  550  691
 6 19 Z  550  823
 6 20 Z  550  859
 6 21 Z  550  806
 6 22 Z  550  768
 6 23 Z  550  820
 6 24 Z  550  718
 6 25 Z  550  737
 6 26 Z  550  601
 6 27 Z  550  656
 6 28 Z  550  723
 6 29 Z  550  669
 6 30 Z  550  640
 7  1 X    0  915
 7  2 X    0  936
 7  3 X    0  990
 7  4 X    0  953
 7  5 X    0  993
 7  6 X    0 1005
 7  7 X    0  982
 7  8 X    0 1006
 7  9 X    0  969
 7 10 X    0 1052
 7 11 X    0  974
 7 12 X    0  956
 7 13 X    0  983
 7 14 X    0  941
 7 15 X    0  955
 7 16 X    0  964
 7 17 X    0  930
 7 18 X    0  932
 7 19 X    0  923
 7 20 X    0  916
 7 21 X    0  923
 7 22 X    0  998
 7 23 X    0  982
 7 24 X    0 1006
 7 25 X    0  987
 7 26 X    0  970
 7 27 X    0  853
 7 28 X    0  854
 7 29 X    0  997
 7 30 X    0  992
 7 31 X    0  984
 7  1 Y  -50  669
 7  2 Y  -50  686
 7  3 Y  -50  692
 7  4 Y  -50  666
 7  5 Y  -50  663
 7  6 Y  -50  666
 7  7 Y  -50  679
 7  8 Y  -50  677
 7  9 Y  -50  656
 7 10 Y  -50  664
 7 11 Y  -50  679
 7 12 Y  -50  633
 7 13 Y  -50  666
 7 14 Y  -50  686
 7 15 Y  -50  655
 7 16 Y  -50  702
 7 17 Y  -50  680
 7 18 Y  -50  701
 7 19 Y  -50  647
 7 20 Y  -50  678
 7 21 Y  -50  636
 7 22 Y  -50  647
 7 23 Y  -50  660
 7 24 Y  -50  624
 7 25 Y  -50  668
 7 26 Y  -50  715
 7 27 Y  -50  737
 7 28 Y  -50  670
 7 29 Y  -50  676
 7 30 Y  -50  658
 7 31 Y  -50  659
 7  1 Z  550  757
 7  2 Z  550  779
 7  3 Z  550  644
 7  4 Z  550  706
 7  5 Z  550  690
 7  6 Z  550  641
 7  7 Z  550  687
 7  8 Z  550  718
 7  9 Z  550  677
 7 10 Z  550  587
 7 11 Z  550  625
 7 12 Z  550  684
 7 13 Z  550  690
 7 14 Z  550  782
 7 15 Z  550  687
 7 16 Z  550  796
 7 17 Z  550  769
 7 18 Z  550  820
 7 19 Z  550  810
 7 20 Z  550  803
 7 21 Z  550  732
 7 22 Z  550  651
 7 23 Z  550  686
 7 24 Z  550  636
 7 25 Z  550  671
 7 26 Z  550  738
 7 27 Z  550  844
 7 28 Z  550  852
 7 29 Z  550  727
 7 30 Z  550  612
 7 31 Z  550  610
 8  1 X    0  985
 8  2 X    0  993
 8  3 X    0  992
 8  4 X    0  998
 8  5 X    0  991
 8  6 X    0  992
 8  7 X    0 1081
 8  8 X    0  988
 8  9 X    0  944
 8 10 X    0  986
 8 11 X    0  926
 8 12 X    0  991
 8 13 X    0  946
 8 14 X    0  931
 8 15 X    0  925
 8 16 X    0  942
 8 17 X    0  930
 8 18 X    0  937
 8 19 X    0  952
 8 20 X    0  960
 8 21 X    0  966
 8 22 X    0  924
 8 23 X    0  933
 8 24 X    0  942
 8 25 X    0  929
 8 26 X    0  931
 8 27 X    0  965
 8 28 X    0  935
 8 29 X    0  967
 8 30 X    0  967
 8 31 X    0  989
 8  1 Y  -50  650
 8  2 Y  -50  665
 8  3 Y  -50  671
 8  4 Y  -50  685
 8  5 Y  -50  674
 8  6 Y  -50  669
 8  7 Y  -50  617
 8  8 Y  -50  705
 8  9 Y  -50  656
 8 10 Y  -50  723
 8 11 Y  -50  685
 8 12 Y  -50  708
 8 13 Y  -50  669
 8 14 Y  -50  719
 8 15 Y  -50  704
 8 16 Y  -50  658
 8 17 Y  -50  694
 8 18 Y  -50  710
 8 19 Y  -50  659
 8 20 Y  -50  724
 8 21 Y  -50  694
 8 22 Y  -50  685
 8 23 Y  -50  684
 8 24 Y  -50  696
 8 25 Y  -50  677
 8 26 Y  -50  688
 8 27 Y  -50  675
 8 28 Y  -50  676
 8 29 Y  -50  702
 8 30 Y  -50  673
 8 31 Y  -50  661
 8  1 Z  550  625
 8  2 Z  550  644
 8  3 Z  550  663
 8  4 Z  550  641
 8  5 Z  550  691
 8  6 Z  550  656
 8  7 Z  550  577
 8  8 Z  550  774
 8  9 Z  550  820
 8 10 Z  550  892
 8 11 Z  550  842
 8 12 Z  550  816
 8 13 Z  550  865
 8 14 Z  550  835
 8 15 Z  550  816
 8 16 Z  550  818
 8 17 Z  550  811
 8 18 Z  550  847
 8 19 Z  550  766
 8 20 Z  550  840
 8 21 Z  550  814
 8 22 Z  550  823
 8 23 Z  550  820
 8 24 Z  550  812
 8 25 Z  550  815
 8 26 Z  550  811
 8 27 Z  550  713
 8 28 Z  550  712
 8 29 Z  550  694
 8 30 Z  550  703
 8 31 Z  550  669
 9  1 X    0  971
 9  2 X    0  990
 9  3 X    0  978
 9  4 X    0  966
 9  5 X    0  960
 9  6 X    0  954
 9  7 X    0  954
 9  8 X    0  947
 9  9 X    0  953
 9 10 X    0  929
 9 11 X    0  942
 9 12 X    0  959
 9 13 X    0  956
 9 14 X    0  959
 9 15 X    0  934
 9 16 X    0  947
 9 17 X    0  966
 9 18 X    0  933
 9 19 X    0  951
 9 20 X    0  941
 9 21 X    0  948
 9 22 X    0  947
 9 23 X    0  944
 9 24 X    0  927
 9 25 X    0  950
 9 26 X    0  968
 9 27 X    0  956
 9 28 X    0  945
 9 29 X    0  967
 9 30 X    0  959
 9  1 Y  -50  659
 9  2 Y  -50  693
 9  3 Y  -50  703
 9  4 Y  -50  685
 9  5 Y  -50  659
 9  6 Y  -50  684
 9  7 Y  -50  666
 9  8 Y  -50  675
 9  9 Y  -50  675
 9 10 Y  -50  726
 9 11 Y  -50  684
 9 12 Y  -50  700
 9 13 Y  -50  671
 9 14 Y  -50  668
 9 15 Y  -50  681
 9 16 Y  -50  682
 9 17 Y  -50  694
 9 18 Y  -50  685
 9 19 Y  -50  659
 9 20 Y  -50  689
 9 21 Y  -50  685
 9 22 Y  -50  650
 9 23 Y  -50  674
 9 24 Y  -50  650
 9 25 Y  -50  712
 9 26 Y  -50  668
 9 27 Y  -50  671
 9 28 Y  -50  655
 9 29 Y  -50  688
 9 30 Y  -50  672
 9  1 Z  550  701
 9  2 Z  550  697
 9  3 Z  550  750
 9  4 Z  550  737
 9  5 Z  550  774
 9  6 Z  550  727
 9  7 Z  550  793
 9  8 Z  550  809
 9  9 Z  550  812
 9 10 Z  550  842
 9 11 Z  550  779
 9 12 Z  550  816
 9 13 Z  550  773
 9 14 Z  550  776
 9 15 Z  550  803
 9 16 Z  550  808
 9 17 Z  550  816
 9 18 Z  550  794
 9 19 Z  550  822
 9 20 Z  550  787
 9 21 Z  550  794
 9 22 Z  550  805
 9 23 Z  550  789
 9 24 Z  550  765
 9 25 Z  550  773
 9 26 Z  550  764
 9 27 Z  550  763
 9 28 Z  550  787
 9 29 Z  550  770
 9 30 Z  550  763
10  1 X    0  971
10  2 X    0  977
10  3 X    0  925
10  4 X    0  934
10  5 X    0  961
10  6 X    0  942
10  7 X    0  940
10  8 X    0  953
10  9 X    0  943
10 10 X    0  958
10 11 X    0  947
10 12 X    0  950
10 13 X    0  942
10 14 X    0  917
10 15 X    0  948
10 16 X    0  946
10 17 X    0  918
10 18 X    0  896
10 19 X    0  958
10 20 X    0  933
10 21 X    0  931
10 22 X    0  935
10 23 X    0  930
10 24 X    0  927
10 25 X    0  940
10 26 X    0  943
10 27 X    0  939
10 28 X    0  953
10 29 X    0  945
10 30 X    0  955
10 31 X    0  973
10  1 Y  -50  695
10  2 Y  -50  696
10  3 Y  -50  703
10  4 Y  -50  650
10  5 Y  -50  672
10  6 Y  -50  674
10  7 Y  -50  654
10  8 Y  -50  672
10  9 Y  -50  666
10 10 Y  -50  692
10 11 Y  -50  682
10 12 Y  -50  674
10 13 Y  -50  676
10 14 Y  -50  669
10 15 Y  -50  701
10 16 Y  -50  664
10 17 Y  -50  641
10 18 Y  -50  700
10 19 Y  -50  681
10 20 Y  -50  684
10 21 Y  -50  686
10 22 Y  -50  678
10 23 Y  -50  678
10 24 Y  -50  677
10 25 Y  -50  678
10 26 Y  -50  665
10 27 Y  -50  684
10 28 Y  -50  670
10 29 Y  -50  676
10 30 Y  -50  663
10 31 Y  -50  689
10  1 Z  550  781
10  2 Z  550  802
10  3 Z  550  786
10  4 Z  550  766
10  5 Z  550  805
10  6 Z  550  799
10  7 Z  550  791
10  8 Z  550  804
10  9 Z  550  790
10 10 Z  550  842
10 11 Z  550  805
10 12 Z  550  802
10 13 Z  550  807
10 14 Z  550  796
10 15 Z  550  811
10 16 Z  550  796
10 17 Z  550  842
10 18 Z  550  904
10 19 Z  550  846
10 20 Z  550  813
10 21 Z  550  844
10 22 Z  550  829
10 23 Z  550  822
10 24 Z  550  819
10 25 Z  550  802
10 26 Z  550  806
10 27 Z  550  815
10 28 Z  550  818
10 29 Z  550  795
10 30 Z  550  793
10 31 Z  550  808
11  1 X    0  927
11  2 X    0  946
11  3 X    0  941
11  4 X    0  956
11  5 X    0  953
11  6 X    0  954
11  7 X    0  949
11  8 X    0  945
11  9 X    0  942
11 10 X    0  952
11 11 X    0  953
11 12 X    0  949
11 13 X    0  936
11 14 X    0  955
11 15 X    0  933
11 16 X    0  960
11 17 X    0  939
11 18 X    0  944
11 19 X    0  948
11 20 X    0  913
11 21 X    0  985
11 22 X    0  933
11 23 X    0  948
11 24 X    0  937
11 25 X    0  950
11 26 X    0  951
11 27 X    0  956
11 28 X    0  960
11 29 X    0  960
11 30 X    0  955
11  1 Y  -50  672
11  2 Y  -50  697
11  3 Y  -50  679
11  4 Y  -50  666
11  5 Y  -50  681
11  6 Y  -50  661
11  7 Y  -50  677
11  8 Y  -50  672
11  9 Y  -50  676
11 10 Y  -50  667
11 11 Y  -50  673
11 12 Y  -50  682
11 13 Y  -50  672
11 14 Y  -50  671
11 15 Y  -50  660
11 16 Y  -50  681
11 17 Y  -50  691
11 18 Y  -50  677
11 19 Y  -50  674
11 20 Y  -50  697
11 21 Y  -50  659
11 22 Y  -50  684
11 23 Y  -50  667
11 24 Y  -50  667
11 25 Y  -50  704
11 26 Y  -50  703
11 27 Y  -50  694
11 28 Y  -50  679
11 29 Y  -50  668
11 30 Y  -50  667
11  1 Z  550  796
11  2 Z  550  832
11  3 Z  550  831
11  4 Z  550  814
11  5 Z  550  803
11  6 Z  550  797
11  7 Z  550  804
11  8 Z  550  805
11  9 Z  550  800
11 10 Z  550  802
11 11 Z  550  800
11 12 Z  550  787
11 13 Z  550  792
11 14 Z  550  794
11 15 Z  550  797
11 16 Z  550  807
11 17 Z  550  810
11 18 Z  550  806
11 19 Z  550  814
11 20 Z  550  836
11 21 Z  550  842
11 22 Z  550  822
11 23 Z  550  823
11 24 Z  550  822
11 25 Z  550  828
11 26 Z  550  817
11 27 Z  550  816
11 28 Z  550  812
11 29 Z  550  805
11 30 Z  550  799
12  1 X    0  954
12  2 X    0  938
12  3 X    0  968
12  4 X    0  944
12  5 X    0  NaN
12  6 X    0  940
12  7 X    0  944
12  8 X    0  948
12  9 X    0  961
12 10 X    0  937
12 11 X    0  943
12 12 X    0  956
12 13 X    0  920
12 14 X    0  960
12 15 X    0  953
12 16 X    0  932
12 17 X    0  955
12 18 X    0  962
12 19 X    0  959
12 20 X    0  945
12 21 X    0  938
12 22 X    0  955
12 23 X    0  949
12 24 X    0  962
12 25 X    0  916
12 26 X    0  946
12 27 X    0  963
12 28 X    0  947
12 29 X    0  952
12 30 X    0  925
12 31 X    0  950
12  1 Y  -50  674
12  2 Y  -50  662
12  3 Y  -50  678
12  4 Y  -50  672
12  5 Y  -50  NaN
12  6 Y  -50  669
12  7 Y  -50  683
12  8 Y  -50  671
12  9 Y  -50  679
12 10 Y  -50  668
12 11 Y  -50  672
12 12 Y  -50  673
12 13 Y  -50  668
12 14 Y  -50  673
12 15 Y  -50  677
12 16 Y  -50  684
12 17 Y  -50  658
12 18 Y  -50  682
12 19 Y  -50  682
12 20 Y  -50  682
12 21 Y  -50  693
12 22 Y  -50  681
12 23 Y  -50  665
12 24 Y  -50  673
12 25 Y  -50  684
12 26 Y  -50  660
12 27 Y  -50  679
12 28 Y  -50  675
12 29 Y  -50  683
12 30 Y  -50  677
12 31 Y  -50  697
12  1 Z  550  796
12  2 Z  550  780
12  3 Z  550  798
12  4 Z  550  785
12  5 Z  550  NaN
12  6 Z  550  796
12  7 Z  550  813
12  8 Z  550  799
12  9 Z  550  797
12 10 Z  550  788
12 11 Z  550  795
12 12 Z  550  788
12 13 Z  550  775
12 14 Z  550  796
12 15 Z  550  783
12 16 Z  550  805
12 17 Z  550  801
12 18 Z  550  803
12 19 Z  550  795
12 20 Z  550  783
12 21 Z  550  811
12 22 Z  550  802
12 23 Z  550  799
12 24 Z  550  817
12 25 Z  550  818
12 26 Z  550  803
12 27 Z  550  805
12 28 Z  550  787
12 29 Z  550  790
12 30 Z  550  779
12 31 Z  550  806
