 1  1 X   10  231
 1  2 X   10  232
 1  3 X   10  248
 1  4 X   10  247
 1  5 X   10  237
 1  6 X   10  247
 1  7 X   10  251
 1  8 X   10  228
 1  9 X   10  251
 1 10 X   10  244
 1 11 X   10  237
 1 12 X   10  239
 1 13 X   10  250
 1 14 X   10  254
 1 15 X   10  250
 1 16 X   10  234
 1 17 X   10  240
 1 18 X   10  240
 1 19 X   10  253
 1 20 X   10  229
 1 21 X   10  241
 1 22 X   10  235
 1 23 X   10  236
 1 24 X   10  230
 1 25 X   10  248
 1 26 X   10  244
 1 27 X   10  254
 1 28 X   10  245
 1 29 X   10  247
 1 30 X   10  230
 1 31 X   10  246
 1  1 Y  -40  353
 1  2 Y  -40  359
 1  3 Y  -40  352
 1  4 Y  -40  350
 1  5 Y  -40  352
 1  6 Y  -40  346
 1  7 Y  -40  347
 1  8 Y  -40  348
 1  9 Y  -40  344
 1 10 Y  -40  361
 1 11 Y  -40  360
 1 12 Y  -40  360
 1 13 Y  -40  351
 1 14 Y  -40  356
 1 15 Y  -40  358
 1 16 Y  -40  354
 1 17 Y  -40  353
 1 18 Y  -40  356
 1 19 Y  -40  350
 1 20 Y  -40  368
 1 21 Y  -40  361
 1 22 Y  -40  346
 1 23 Y  -40  358
 1 24 Y  -40  354
 1 25 Y  -40  361
 1 26 Y  -40  363
 1 27 Y  -40  349
 1 28 Y  -40  352
 1 29 Y  -40  356
 1 30 Y  -40  365
 1 31 Y  -40  366
 1  1 Z  560  458
 1  2 Z  560  452
 1  3 Z  560  450
 1  4 Z  560  443
 1  5 Z  560  442
 1  6 Z  560  439
 1  7 Z  560  435
 1  8 Z  560  427
 1  9 Z  560  439
 1 10 Z  560  438
 1 11 Z  560  436
 1 12 Z  560  443
 1 13 Z  560  433
 1 14 Z  560  431
 1 15 Z  560  427
 1 16 Z  560  426
 1 17 Z  560  429
 1 18 Z  560  426
 1 19 Z  560  422
 1 20 Z  560  430
 1 21 Z  560  439
 1 22 Z  560  435
 1 23 Z  560  439
 1 24 Z  560  442
 1 25 Z  560  452
 1 26 Z  560  441
 1 27 Z  560  433
 1 28 Z  560  425
 1 29 Z  560  437
 1 30 Z  560  440
 1 31 Z  560  444
 2  1 X   10  232
 2  2 X   10  241
 2  3 X   10  235
 2  4 X   10  228
 2  5 X   10  253
 2  6 X   10  262
 2  7 X   10  230
 2  8 X   10  258
 2  9 X   10  257
 2 10 X   10  251
 2 11 X   10  243
 2 12 X   10  261
 2 13 X   10  249
 2 14 X   10  258
 2 15 X   10  207
 2 16 X   10  243
 2 17 X   10  246
 2 18 X   10  244
 2 19 X   10  230
 2 20 X   10  229
 2 21 X   10  250
 2 22 X   10  237
 2 23 X   10  242
 2 24 X   10  235
 2 25 X   10  242
 2 26 X   10  256
 2 27 X   10  266
 2 28 X   10  254
 2  1 Y  -40  370
 2  2 Y  -40  367
 2  3 Y  -40  356
 2  4 Y  -40  337
 2  5 Y  -40  358
 2  6 Y  -40  359
 2  7 Y  -40  391
 2  8 Y  -40  344
 2  9 Y  -40  357
 2 10 Y  -40  357
 2 11 Y  -40  358
 2 12 Y  -40  343
 2 13 Y  -40  348
 2 14 Y  -40  318
 2 15 Y  -40  351
 2 16 Y  -40  343
 2 17 Y  -40  363
 2 18 Y  -40  353
 2 19 Y  -40  365
 2 20 Y  -40  366
 2 21 Y  -40  357
 2 22 Y  -40  352
 2 23 Y  -40  367
 2 24 Y  -40  366
 2 25 Y  -40  366
 2 26 Y  -40  365
 2 27 Y  -40  377
 2 28 Y  -40  350
 2  1 Z  560  443
 2  2 Z  560  453
 2  3 Z  560  434
 2  4 Z  560  435
 2  5 Z  560  443
 2  6 Z  560  456
 2  7 Z  560  450
 2  8 Z  560  442
 2  9 Z  560  429
 2 10 Z  560  424
 2 11 Z  560  421
 2 12 Z  560  426
 2 13 Z  560  416
 2 14 Z  560  444
 2 15 Z  560  424
 2 16 Z  560  468
 2 17 Z  560  465
 2 18 Z  560  453
 2 19 Z  560  444
 2 20 Z  560  464
 2 21 Z  560  445
 2 22 Z  560  446
 2 23 Z  560  449
 2 24 Z  560  446
 2 25 Z  560  444
 2 26 Z  560  465
 2 27 Z  560  466
 2 28 Z  560  470
 3  1 X   10  245
 3  2 X   10  252
 3  3 X   10  246
 3  4 X   10  244
 3  5 X   10  250
 3  6 X   10  262
 3  7 X   10  262
 3  8 X   10  254
 3  9 X   10  255
 3 10 X   10  256
 3 11 X   10  252
 3 12 X   10  223
 3 13 X   10  195
 3 14 X   10  252
 3 15 X   10  260
 3 16 X   10  260
 3 17 X   10  257
 3 18 X   10  234
 3 19 X   10  255
 3 20 X   10  244
 3 21 X   10  258
 3 22 X   10  249
 3 23 X   10  264
 3 24 X   10  254
 3 25 X   10  239
 3 26 X   10  247
 3 27 X   10  234
 3 28 X   10  256
 3 29 X   10  243
 3 30 X   10  356
 3 31 X   10  246
 3  1 Y  -40  365
 3  2 Y  -40  365
 3  3 Y  -40  356
 3  4 Y  -40  340
 3  5 Y  -40  337
 3  6 Y  -40  354
 3  7 Y  -40  351
 3  8 Y  -40  359
 3  9 Y  -40  357
 3 10 Y  -40  357
 3 11 Y  -40  350
 3 12 Y  -40  332
 3 13 Y  -40  348
 3 14 Y  -40  353
 3 15 Y  -40  368
 3 16 Y  -40  357
 3 17 Y  -40  346
 3 18 Y  -40  385
 3 19 Y  -40  353
 3 20 Y  -40  376
 3 21 Y  -40  359
 3 22 Y  -40  366
 3 23 Y  -40  376
 3 24 Y  -40  346
 3 25 Y  -40  376
 3 26 Y  -40  369
 3 27 Y  -40  343
 3 28 Y  -40  368
 3 29 Y  -40  378
 3 30 Y  -40  384
 3 31 Y  -40  352
 3  1 Z  560  444
 3  2 Z  560  451
 3  3 Z  560  422
 3  4 Z  560  411
 3  5 Z  560  406
 3  6 Z  560  417
 3  7 Z  560  413
 3  8 Z  560  401
 3  9 Z  560  400
 3 10 Z  560  413
 3 11 Z  560  403
 3 12 Z  560  414
 3 13 Z  560  411
 3 14 Z  560  437
 3 15 Z  560  436
 3 16 Z  560  437
 3 17 Z  560  419
 3 18 Z  560  419
 3 19 Z  560  454
 3 20 Z  560  425
 3 21 Z  560  470
 3 22 Z  560  442
 3 23 Z  560  449
 3 24 Z  560  448
 3 25 Z  560  432
 3 26 Z  560  443
 3 27 Z  560  443
 3 28 Z  560  445
 3 29 Z  560  433
 3 30 Z  560  512
 3 31 Z  560  494
 4  1 X   10  254
 4  2 X   10  263
 4  3 X   10  257
 4  4 X   10  278
 4  5 X   10  271
 4  6 X   10  277
 4  7 X   10  277
 4  8 X   10  263
 4  9 X   10  264
 4 10 X   10  294
 4 11 X   10  276
 4 12 X   10  269
 4 13 X   10  272
 4 14 X   10  273
 4 15 X   10  287
 4 16 X   10  262
 4 17 X   10  270
 4 18 X   10  252
 4 19 X   10  241
 4 20 X   10  234
 4 21 X   10  258
 4 22 X   10  276
 4 23 X   10  281
 4 24 X   10  272
 4 25 X   10  261
 4 26 X   10  267
 4 27 X   10  261
 4 28 X   10  255
 4 29 X   10  276
 4 30 X   10  262
 4  1 Y  -40  358
 4  2 Y  -40  357
 4  3 Y  -40  353
 4  4 Y  -40  358
 4  5 Y  -40  361
 4  6 Y  -40  345
 4  7 Y  -40  374
 4  8 Y  -40  341
 4  9 Y  -40  324
 4 10 Y  -40  440
 4 11 Y  -40  357
 4 12 Y  -40  322
 4 13 Y  -40  391
 4 14 Y  -40  373
 4 15 Y  -40  376
 4 16 Y  -40  368
 4 17 Y  -40  390
 4 18 Y  -40  362
 4 19 Y  -40  368
 4 20 Y  -40  372
 4 21 Y  -40  349
 4 22 Y  -40  380
 4 23 Y  -40  391
 4 24 Y  -40  374
 4 25 Y  -40  361
 4 26 Y  -40  338
 4 27 Y  -40  371
 4 28 Y  -40  380
 4 29 Y  -40  353
 4 30 Y  -40  373
 4  1 Z  560  457
 4  2 Z  560  422
 4  3 Z  560  400
 4  4 Z  560  375
 4  5 Z  560  369
 4  6 Z  560  393
 4  7 Z  560  391
 4  8 Z  560  398
 4  9 Z  560  349
 4 10 Z  560  422
 4 11 Z  560  432
 4 12 Z  560  503
 4 13 Z  560  454
 4 14 Z  560  444
 4 15 Z  560  457
 4 16 Z  560  441
 4 17 Z  560  467
 4 18 Z  560  482
 4 19 Z  560  452
 4 20 Z  560  437
 4 21 Z  560  476
 4 22 Z  560  385
 4 23 Z  560  438
 4 24 Z  560  427
 4 25 Z  560  450
 4 26 Z  560  429
 4 27 Z  560  409
 4 28 Z  560  463
 4 29 Z  560  382
 4 30 Z  560  492
 5  1 X   10  278
 5  2 X   10  287
 5  3 X   10  294
 5  4 X   10  278
 5  5 X   10  297
 5  6 X   10  285
 5  7 X   10  301
 5  8 X   10  290
 5  9 X   10  271
 5 10 X   10  271
 5 11 X   10  287
 5 12 X   10  240
 5 13 X   10  195
 5 14 X   10  245
 5 15 X   10  293
 5 16 X   10  266
 5 17 X   10  270
 5 18 X   10  252
 5 19 X   10  254
 5 20 X   10  265
 5 21 X   10  250
 5 22 X   10  322
 5 23 X   10  317
 5 24 X   10  306
 5 25 X   10  286
 5 26 X   10  294
 5 27 X   10  334
 5 28 X   10  282
 5 29 X   10  264
 5 30 X   10  285
 5 31 X   10  293
 5  1 Y  -40  345
 5  2 Y  -40  358
 5  3 Y  -40  340
 5  4 Y  -40  336
 5  5 Y  -40  353
 5  6 Y  -40  358
 5  7 Y  -40  361
 5  8 Y  -40  349
 5  9 Y  -40  375
 5 10 Y  -40  364
 5 11 Y  -40  367
 5 12 Y  -40  354
 5 13 Y  -40  364
 5 14 Y  -40  361
 5 15 Y  -40  364
 5 16 Y  -40  345
 5 17 Y  -40  358
 5 18 Y  -40  394
 5 19 Y  -40  349
 5 20 Y  -40  371
 5 21 Y  -40  367
 5 22 Y  -40  372
 5 23 Y  -40  361
 5 24 Y  -40  337
 5 25 Y  -40  376
 5 26 Y  -40  318
 5 27 Y  -40  369
 5 28 Y  -40  355
 5 29 Y  -40  342
 5 30 Y  -40  393
 5 31 Y  -40  365
 5  1 Z  560  380
 5  2 Z  560  372
 5  3 Z  560  366
 5  4 Z  560  365
 5  5 Z  560  353
 5  6 Z  560  407
 5  7 Z  560  362
 5  8 Z  560  364
 5  9 Z  560  354
 5 10 Z  560  430
 5 11 Z  560  409
 5 12 Z  560  430
 5 13 Z  560  447
 5 14 Z  560  426
 5 15 Z  560  371
 5 16 Z  560  378
 5 17 Z  560  393
 5 18 Z  560  434
 5 19 Z  560  402
 5 20 Z  560  417
 5 21 Z  560  395
 5 22 Z  560  333
 5 23 Z  560  292
 5 24 Z  560  255
 5 25 Z  560  292
 5 26 Z  560  270
 5 27 Z  560  348
 5 28 Z  560  287
 5 29 Z  560  307
 5 30 Z  560  377
 5 31 Z  560  299
 6  1 X   10  299
 6  2 X   10  289
 6  3 X   10  306
 6  4 X   10  325
 6  5 X   10  288
 6  6 X   10  278
 6  7 X   10  248
 6  8 X   10  257
 6  9 X   10  320
 6 10 X   10  259
 6 11 X   10  266
 6 12 X   10  233
 6 13 X   10  299
 6 14 X   10  251
 6 15 X   10  244
 6 16 X   10  235
 6 17 X   10  245
 6 18 X   10  260
 6 19 X   10  250
 6 20 X   10  254
 6 21 X   10  218
 6 22 X   10  233
 6 23 X   10  327
 6 24 X   10  309
 6 25 X   10  298
 6 26 X   10  275
 6 27 X   10  325
 6 28 X   10  323
 6 29 X   10  269
 6 30 X   10  271
 6  1 Y  -40  343
 6  2 Y  -40  365
 6  3 Y  -40  345
 6  4 Y  -40  347
 6  5 Y  -40  350
 6  6 Y  -40  361
 6  7 Y  -40  362
 6  8 Y  -40  371
 6  9 Y  -40  393
 6 10 Y  -40  350
 6 11 Y  -40  379
 6 12 Y  -40  338
 6 13 Y  -40  231
 6 14 Y  -40  422
 6 15 Y  -40  397
 6 16 Y  -40  374
 6 17 Y  -40  373
 6 18 Y  -40  380
 6 19 Y  -40  362
 6 20 Y  -40  369
 6 21 Y  -40  379
 6 22 Y  -40  359
 6 23 Y  -40  313
 6 24 Y  -40  345
 6 25 Y  -40  354
 6 26 Y  -40  354
 6 27 Y  -40  328
 6 28 Y  -40  328
 6 29 Y  -40  397
 6 30 Y  -40  378
 6  1 Z  560  327
 6  2 Z  560  380
 6  3 Z  560  320
 6  4 Z  560  291
 6  5 Z  560  300
 6  6 Z  560  344
 6  7 Z  560  431
 6  8 Z  560  434
 6  9 Z  560  418
 6 10 Z  560  377
 6 11 Z  560  416
 6 12 Z  560  367
 6 13 Z  560  375
 6 14 Z  560  554
 6 15 Z  560  411
 6 16 Z  560  463
 6 17 Z  560  446
 6 18 Z  560  441
 6 19 Z  560  445
 6 20 Z  560  444
 6 21 Z  560  446
 6 22 Z  560  451
 6 23 Z  560  298
 6 24 Z  560  246
 6 25 Z  560  330
 6 26 Z  560  318
 6 27 Z  560  237
 6 28 Z  560  309
 6 29 Z  560  408
 6 30 Z  560  400
 7  1 X   10  260
 7  2 X   10  263
 7  3 X   10  318
 7  4 X   10  247
 7  5 X   10  290
 7  6 X   10  230
 7  7 X   10  255
 7  8 X   10  267
 7  9 X   10  217
 7 10 X   10  187
 7 11 X   10  222
 7 12 X   10  264
 7 13 X   10  205
 7 14 X   10  243
 7 15 X   10  240
 7 16 X   10  270
 7 17 X   10  251
 7 18 X   10  243
 7 19 X   10  311
 7 20 X   10  295
 7 21 X   10  292
 7 22 X   10  304
 7 23 X   10  295
 7 24 X   10  296
 7 25 X   10  NaN
 7 26 X   10  242
 7 27 X   10  241
 7 28 X   10  228
 7 29 X   10  348
 7 30 X   10  271
 7 31 X   10  263
 7  1 Y  -40  361
 7  2 Y  -40  351
 7  3 Y  -40  327
 7  4 Y  -40  390
 7  5 Y  -40  374
 7  6 Y  -40  395
 7  7 Y  -40  378
 7  8 Y  -40  382
 7  9 Y  -40  363
 7 10 Y  -40  382
 7 11 Y  -40  396
 7 12 Y  -40  346
 7 13 Y  -40  345
 7 14 Y  -40  386
 7 15 Y  -40  364
 7 16 Y  -40  367
 7 17 Y  -40  365
 7 18 Y  -40  363
 7 19 Y  -40  331
 7 20 Y  -40  371
 7 21 Y  -40  381
 7 22 Y  -40  342
 7 23 Y  -40  354
 7 24 Y  -40  352
 7 25 Y  -40  NaN
 7 26 Y  -40  353
 7 27 Y  -40  384
 7 28 Y  -40  370
 7 29 Y  -40  337
 7 30 Y  -40  368
 7 31 Y  -40  355
 7  1 Z  560  394
 7  2 Z  560  426
 7  3 Z  560  315
 7  4 Z  560  405
 7  5 Z  560  310
 7  6 Z  560  426
 7  7 Z  560  449
 7  8 Z  560  368
 7  9 Z  560  409
 7 10 Z  560  569
 7 11 Z  560  461
 7 12 Z  560  423
 7 13 Z  560  409
 7 14 Z  560  386
 7 15 Z  560  462
 7 16 Z  560  450
 7 17 Z  560  410
 7 18 Z  560  392
 7 19 Z  560  263
 7 20 Z  560  320
 7 21 Z  560  364
 7 22 Z  560  316
 7 23 Z  560  274
 7 24 Z  560  NaN
 7 25 Z  560  NaN
 7 26 Z  560  390
 7 27 Z  560  449
 7 28 Z  560  392
 7 29 Z  560  405
 7 30 Z  560  406
 7 31 Z  560  440
 8  1 X   10  238
 8  2 X   10  232
 8  3 X   10  259
 8  4 X   10  261
 8  5 X   10  278
 8  6 X   10  235
 8  7 X   10  253
 8  8 X   10  258
 8  9 X   10  255
 8 10 X   10  239
 8 11 X   10  252
 8 12 X   10  232
 8 13 X   10  282
 8 14 X   10  292
 8 15 X   10  277
 8 16 X   10  298
 8 17 X   10  268
 8 18 X   10  285
 8 19 X   10  290
 8 20 X   10  312
 8 21 X   10  255
 8 22 X   10  304
 8 23 X   10  296
 8 24 X   10  316
 8 25 X   10  278
 8 26 X   10  328
 8 27 X   10  224
 8 28 X   10  240
 8 29 X   10  238
 8 30 X   10  278
 8 31 X   10  284
 8  1 Y  -40  391
 8  2 Y  -40  366
 8  3 Y  -40  369
 8  4 Y  -40  364
 8  5 Y  -40  391
 8  6 Y  -40  377
 8  7 Y  -40  362
 8  8 Y  -40  373
 8  9 Y  -40  388
 8 10 Y  -40  372
 8 11 Y  -40  371
 8 12 Y  -40  367
 8 13 Y  -40  352
 8 14 Y  -40  368
 8 15 Y  -40  385
 8 16 Y  -40  395
 8 17 Y  -40  367
 8 18 Y  -40  354
 8 19 Y  -40  342
 8 20 Y  -40  363
 8 21 Y  -40  406
 8 22 Y  -40  361
 8 23 Y  -40  376
 8 24 Y  -40  355
 8 25 Y  -40  355
 8 26 Y  -40  399
 8 27 Y  -40  352
 8 28 Y  -40  367
 8 29 Y  -40  355
 8 30 Y  -40  426
 8 31 Y  -40  367
 8  1 Z  560  447
 8  2 Z  560  475
 8  3 Z  560  430
 8  4 Z  560  425
 8  5 Z  560  430
 8  6 Z  560  420
 8  7 Z  560  377
 8  8 Z  560  434
 8  9 Z  560  398
 8 10 Z  560  420
 8 11 Z  560  439
 8 12 Z  560  465
 8 13 Z  560  375
 8 14 Z  560  358
 8 15 Z  560  327
 8 16 Z  560  367
 8 17 Z  560  350
 8 18 Z  560  359
 8 19 Z  560  350
 8 20 Z  560  352
 8 21 Z  560  347
 8 22 Z  560  361
 8 23 Z  560  370
 8 24 Z  560  395
 8 25 Z  560  331
 8 26 Z  560  390
 8 27 Z  560  464
 8 28 Z  560  440
 8 29 Z  560  448
 8 30 Z  560  461
 8 31 Z  560  443
 9  1 X   10  265
 9  2 X   10  241
 9  3 X   10  251
 9  4 X   10  248
 9  5 X   10  276
 9  6 X   10  256
 9  7 X   10  283
 9  8 X   10  257
 9  9 X   10  262
 9 10 X   10  249
 9 11 X   10  262
 9 12 X   10  270
 9 13 X   10  276
 9 14 X   10  281
 9 15 X   10  268
 9 16 X   10  298
 9 17 X   10  271
 9 18 X   10  284
 9 19 X   10  263
 9 20 X   10  249
 9 21 X   10  281
 9 22 X   10  278
 9 23 X   10  284
 9 24 X   10  292
 9 25 X   10  261
 9 26 X   10  259
 9 27 X   10  278
 9 28 X   10  268
 9 29 X   10  266
 9 30 X   10  268
 9  1 Y  -40  397
 9  2 Y  -40  370
 9  3 Y  -40  373
 9  4 Y  -40  392
 9  5 Y  -40  377
 9  6 Y  -40  370
 9  7 Y  -40  381
 9  8 Y  -40  358
 9  9 Y  -40  373
 9 10 Y  -40  345
 9 11 Y  -40  381
 9 12 Y  -40  373
 9 13 Y  -40  351
 9 14 Y  -40  363
 9 15 Y  -40  369
 9 16 Y  -40  365
 9 17 Y  -40  368
 9 18 Y  -40  389
 9 19 Y  -40  354
 9 20 Y  -40  361
 9 21 Y  -40  372
 9 22 Y  -40  343
 9 23 Y  -40  354
 9 24 Y  -40  381
 9 25 Y  -40  355
 9 26 Y  -40  375
 9 27 Y  -40  364
 9 28 Y  -40  357
 9 29 Y  -40  354
 9 30 Y  -40  362
 9  1 Z  560  414
 9  2 Z  560  437
 9  3 Z  560  460
 9  4 Z  560  425
 9  5 Z  560  428
 9  6 Z  560  429
 9  7 Z  560  419
 9  8 Z  560  422
 9  9 Z  560  398
 9 10 Z  560  429
 9 11 Z  560  358
 9 12 Z  560  364
 9 13 Z  560  358
 9 14 Z  560  374
 9 15 Z  560  386
 9 16 Z  560  375
 9 17 Z  560  379
 9 18 Z  560  374
 9 19 Z  560  389
 9 20 Z  560  416
 9 21 Z  560  371
 9 22 Z  560  381
 9 23 Z  560  398
 9 24 Z  560  372
 9 25 Z  560  426
 9 26 Z  560  417
 9 27 Z  560  419
 9 28 Z  560  420
 9 29 Z  560  426
 9 30 Z  560  416
10  1 X   10  267
10  2 X   10  265
10  3 X   10  269
10  4 X   10  260
10  5 X   10  273
10  6 X   10  275
10  7 X   10  263
10  8 X   10  269
10  9 X   10  250
10 10 X   10  299
10 11 X   10  247
10 12 X   10  266
10 13 X   10  268
10 14 X   10  264
10 15 X   10  258
10 16 X   10  271
10 17 X   10  280
10 18 X   10  258
10 19 X   10  272
10 20 X   10  249
10 21 X   10  279
10 22 X   10  276
10 23 X   10  253
10 24 X   10  273
10 25 X   10  270
10 26 X   10  258
10 27 X   10  268
10 28 X   10  284
10 29 X   10  255
10 30 X   10  271
10 31 X   10  258
10  1 Y  -40  364
10  2 Y  -40  376
10  3 Y  -40  365
10  4 Y  -40  375
10  5 Y  -40  363
10  6 Y  -40  382
10  7 Y  -40  365
10  8 Y  -40  373
10  9 Y  -40  342
10 10 Y  -40  376
10 11 Y  -40  351
10 12 Y  -40  356
10 13 Y  -40  355
10 14 Y  -40  344
10 15 Y  -40  378
10 16 Y  -40  350
10 17 Y  -40  357
10 18 Y  -40  374
10 19 Y  -40  362
10 20 Y  -40  370
10 21 Y  -40  376
10 22 Y  -40  361
10 23 Y  -40  357
10 24 Y  -40  366
10 25 Y  -40  358
10 26 Y  -40  374
10 27 Y  -40  356
10 28 Y  -40  362
10 29 Y  -40  372
10 30 Y  -40  357
10 31 Y  -40  367
10  1 Z  560  428
10  2 Z  560  417
10  3 Z  560  422
10  4 Z  560  406
10  5 Z  560  422
10  6 Z  560  421
10  7 Z  560  401
10  8 Z  560  421
10  9 Z  560  377
10 10 Z  560  430
10 11 Z  560  421
10 12 Z  560  428
10 13 Z  560  404
10 14 Z  560  406
10 15 Z  560  406
10 16 Z  560  416
10 17 Z  560  424
10 18 Z  560  395
10 19 Z  560  399
10 20 Z  560  408
10 21 Z  560  414
10 22 Z  560  419
10 23 Z  560  411
10 24 Z  560  429
10 25 Z  560  428
10 26 Z  560  429
10 27 Z  560  407
10 28 Z  560  410
10 29 Z  560  419
10 30 Z  560  435
10 31 Z  560  431
11  1 X   10  271
11  2 X   10  271
11  3 X   10  270
11  4 X   10  272
11  5 X   10  272
11  6 X   10  271
11  7 X   10  262
11  8 X   10  267
11  9 X   10  275
11 10 X   10  260
11 11 X   10  284
11 12 X   10  271
11 13 X   10  274
11 14 X   10  273
11 15 X   10  273
11 16 X   10  270
11 17 X   10  258
11 18 X   10  268
11 19 X   10  273
11 20 X   10  277
11 21 X   10  276
11 22 X   10  270
11 23 X   10  264
11 24 X   10  277
11 25 X   10  269
11 26 X   10  278
11 27 X   10  225
11 28 X   10  264
11 29 X   10  271
11 30 X   10  265
11  1 Y  -40  362
11  2 Y  -40  354
11  3 Y  -40  364
11  4 Y  -40  359
11  5 Y  -40  361
11  6 Y  -40  360
11  7 Y  -40  366
11  8 Y  -40  365
11  9 Y  -40  362
11 10 Y  -40  364
11 11 Y  -40  364
11 12 Y  -40  358
11 13 Y  -40  360
11 14 Y  -40  361
11 15 Y  -40  358
11 16 Y  -40  379
11 17 Y  -40  376
11 18 Y  -40  378
11 19 Y  -40  354
11 20 Y  -40  363
11 21 Y  -40  362
11 22 Y  -40  364
11 23 Y  -40  367
11 24 Y  -40  361
11 25 Y  -40  362
11 26 Y  -40  370
11 27 Y  -40  364
11 28 Y  -40  353
11 29 Y  -40  360
11 30 Y  -40  369
11  1 Z  560  422
11  2 Z  560  419
11  3 Z  560  413
11  4 Z  560  409
11  5 Z  560  410
11  6 Z  560  405
11  7 Z  560  398
11  8 Z  560  402
11  9 Z  560  407
11 10 Z  560  412
11 11 Z  560  420
11 12 Z  560  406
11 13 Z  560  403
11 14 Z  560  405
11 15 Z  560  400
11 16 Z  560  414
11 17 Z  560  417
11 18 Z  560  421
11 19 Z  560  415
11 20 Z  560  413
11 21 Z  560  415
11 22 Z  560  405
11 23 Z  560  403
11 24 Z  560  406
11 25 Z  560  404
11 26 Z  560  406
11 27 Z  560  420
11 28 Z  560  437
11 29 Z  560  423
11 30 Z  560  418
12  1 X   10  275
12  2 X   10  267
12  3 X   10  262
12  4 X   10  268
12  5 X   10  268
12  6 X   10  271
12  7 X   10  277
12  8 X   10  269
12  9 X   10  270
12 10 X   10  274
12 11 X   10  276
12 12 X   10  262
12 13 X   10  289
12 14 X   10  276
12 15 X   10  276
12 16 X   10  274
12 17 X   10  267
12 18 X   10  275
12 19 X   10  276
12 20 X   10  261
12 21 X   10  277
12 22 X   10  278
12 23 X   10  274
12 24 X   10  252
12 25 X   10  271
12 26 X   10  281
12 27 X   10  278
12 28 X   10  276
12 29 X   10  271
12 30 X   10  277
12 31 X   10  262
12  1 Y  -40  364
12  2 Y  -40  366
12  3 Y  -40  367
12  4 Y  -40  364
12  5 Y  -40  376
12  6 Y  -40  368
12  7 Y  -40  359
12  8 Y  -40  369
12  9 Y  -40  370
12 10 Y  -40  361
12 11 Y  -40  362
12 12 Y  -40  360
12 13 Y  -40  369
12 14 Y  -40  365
12 15 Y  -40  365
12 16 Y  -40  374
12 17 Y  -40  364
12 18 Y  -40  370
12 19 Y  -40  366
12 20 Y  -40  371
12 21 Y  -40  361
12 22 Y  -40  362
12 23 Y  -40  365
12 24 Y  -40  369
12 25 Y  -40  361
12 26 Y  -40  359
12 27 Y  -40  367
12 28 Y  -40  362
12 29 Y  -40  364
12 30 Y  -40  358
12 31 Y  -40  373
12  1 Z  560  417
12  2 Z  560  408
12  3 Z  560  406
12  4 Z  560  416
12  5 Z  560  416
12  6 Z  560  408
12  7 Z  560  408
12  8 Z  560  403
12  9 Z  560  403
12 10 Z  560  402
12 11 Z  560  402
12 12 Z  560  397
12 13 Z  560  414
12 14 Z  560  407
12 15 Z  560  406
12 16 Z  560  407
12 17 Z  560  404
12 18 Z  560  404
12 19 Z  560  402
12 20 Z  560  407
12 21 Z  560  405
12 22 Z  560  400
12 23 Z  560  397
12 24 Z  560  407
12 25 Z  560  407
12 26 Z  560  404
12 27 Z  560  401
12 28 Z  560  399
12 29 Z  560  398
12 30 Z  560  393
12 31 Z  560  399
