 1  1 X    0 1147
 1  2 X    0 1149
 1  3 X    0 1159
 1  4 X    0 1154
 1  5 X    0 1156
 1  6 X    0 1139
 1  7 X    0 1158
 1  8 X    0 1151
 1  9 X    0 1135
 1 10 X    0 1156
 1 11 X    0 1158
 1 12 X    0 1158
 1 13 X    0 1157
 1 14 X    0 1157
 1 15 X    0 1149
 1 16 X    0 1157
 1 17 X    0 1149
 1 18 X    0 1157
 1 19 X    0 1144
 1 20 X    0 1155
 1 21 X    0 1121
 1 22 X    0 1156
 1 23 X    0 1144
 1 24 X    0 1156
 1 25 X    0 1125
 1 26 X    0 1160
 1 27 X    0 1140
 1 28 X    0 1141
 1 29 X    0 1134
 1 30 X    0 1158
 1 31 X    0 1164
 1  1 Y  -50 1289
 1  2 Y  -50 1285
 1  3 Y  -50 1286
 1  4 Y  -50 1276
 1  5 Y  -50 1283
 1  6 Y  -50 1271
 1  7 Y  -50 1277
 1  8 Y  -50 1284
 1  9 Y  -50 1274
 1 10 Y  -50 1281
 1 11 Y  -50 1279
 1 12 Y  -50 1281
 1 13 Y  -50 1281
 1 14 Y  -50 1282
 1 15 Y  -50 1287
 1 16 Y  -50 1282
 1 17 Y  -50 1280
 1 18 Y  -50 1287
 1 19 Y  -50 1280
 1 20 Y  -50 1277
 1 21 Y  -50 1280
 1 22 Y  -50 1290
 1 23 Y  -50 1287
 1 24 Y  -50 1290
 1 25 Y  -50 1280
 1 26 Y  -50 1289
 1 27 Y  -50 1301
 1 28 Y  -50 1290
 1 29 Y  -50 1286
 1 30 Y  -50 1284
 1 31 Y  -50 1284
 1  1 Z  550 1542
 1  2 Z  550 1539
 1  3 Z  550 1532
 1  4 Z  550 1522
 1  5 Z  550 1517
 1  6 Z  550 1518
 1  7 Z  550 1550
 1  8 Z  550 1534
 1  9 Z  550 1531
 1 10 Z  550 1535
 1 11 Z  550 1520
 1 12 Z  550 1521
 1 13 Z  550 1515
 1 14 Z  550 1514
 1 15 Z  550 1511
 1 16 Z  550 1513
 1 17 Z  550 1512
 1 18 Z  550 1519
 1 19 Z  550 1515
 1 20 Z  550 1532
 1 21 Z  550 1532
 1 22 Z  550 1529
 1 23 Z  550 1529
 1 24 Z  550 1531
 1 25 Z  550 1534
 1 26 Z  550 1533
 1 27 Z  550 1550
 1 28 Z  550 1562
 1 29 Z  550 1534
 1 30 Z  550 1536
 1 31 Z  550 1525
 2  1 X    0 1153
 2  2 X    0 1154
 2  3 X    0 1156
 2  4 X    0 1155
 2  5 X    0 1148
 2  6 X    0 1151
 2  7 X    0 1106
 2  8 X    0 1104
 2  9 X    0 1163
 2 10 X    0 1158
 2 11 X    0 1130
 2 12 X    0 1140
 2 13 X    0 1147
 2 14 X    0 1166
 2 15 X    0 1159
 2 16 X    0 1161
 2 17 X    0 1143
 2 18 X    0 1149
 2 19 X    0 1156
 2 20 X    0 1144
 2 21 X    0 1158
 2 22 X    0 1148
 2 23 X    0 1147
 2 24 X    0 1153
 2 25 X    0 1155
 2 26 X    0 1157
 2 27 X    0 1165
 2 28 X    0 1132
 2  1 Y  -50 1286
 2  2 Y  -50 1282
 2  3 Y  -50 1281
 2  4 Y  -50 1283
 2  5 Y  -50 1288
 2  6 Y  -50 1290
 2  7 Y  -50 1322
 2  8 Y  -50 1344
 2  9 Y  -50 1271
 2 10 Y  -50 1277
 2 11 Y  -50 1295
 2 12 Y  -50 1282
 2 13 Y  -50 1289
 2 14 Y  -50 1279
 2 15 Y  -50 1281
 2 16 Y  -50 1283
 2 17 Y  -50 1277
 2 18 Y  -50 1273
 2 19 Y  -50 1283
 2 20 Y  -50 1286
 2 21 Y  -50 1284
 2 22 Y  -50 1289
 2 23 Y  -50 1290
 2 24 Y  -50 1285
 2 25 Y  -50 1276
 2 26 Y  -50 1302
 2 27 Y  -50 1274
 2 28 Y  -50 1292
 2  1 Z  550 1516
 2  2 Z  550 1509
 2  3 Z  550 1510
 2  4 Z  550 1511
 2  5 Z  550 1511
 2  6 Z  550 1513
 2  7 Z  550 1577
 2  8 Z  550 1682
 2  9 Z  550 1695
 2 10 Z  550 1568
 2 11 Z  550 1565
 2 12 Z  550 1569
 2 13 Z  550 1572
 2 14 Z  550 1569
 2 15 Z  550 1544
 2 16 Z  550 1534
 2 17 Z  550 1524
 2 18 Z  550 1531
 2 19 Z  550 1532
 2 20 Z  550 1531
 2 21 Z  550 1541
 2 22 Z  550 1547
 2 23 Z  550 1559
 2 24 Z  550 1536
 2 25 Z  550 1542
 2 26 Z  550 1546
 2 27 Z  550 1563
 2 28 Z  550 1533
 3  1 X    0 1148
 3  2 X    0 1165
 3  3 X    0 1148
 3  4 X    0 1153
 3  5 X    0 1144
 3  6 X    0 1133
 3  7 X    0 1138
 3  8 X    0 1157
 3  9 X    0 1164
 3 10 X    0 1160
 3 11 X    0 1153
 3 12 X    0 1166
 3 13 X    0 1165
 3 14 X    0 1162
 3 15 X    0 1156
 3 16 X    0 1167
 3 17 X    0 1163
 3 18 X    0 1164
 3 19 X    0 1160
 3 20 X    0 1155
 3 21 X    0 1148
 3 22 X    0 1163
 3 23 X    0 1160
 3 24 X    0 1152
 3 25 X    0 1148
 3 26 X    0 1150
 3 27 X    0 1167
 3 28 X    0 1154
 3 29 X    0 1148
 3 30 X    0 1156
 3 31 X    0 1162
 3  1 Y  -50 1297
 3  2 Y  -50 1286
 3  3 Y  -50 1276
 3  4 Y  -50 1290
 3  5 Y  -50 1294
 3  6 Y  -50 1303
 3  7 Y  -50 1285
 3  8 Y  -50 1286
 3  9 Y  -50 1278
 3 10 Y  -50 1279
 3 11 Y  -50 1279
 3 12 Y  -50 1278
 3 13 Y  -50 1308
 3 14 Y  -50 1280
 3 15 Y  -50 1283
 3 16 Y  -50 1290
 3 17 Y  -50 1285
 3 18 Y  -50 1292
 3 19 Y  -50 1288
 3 20 Y  -50 1284
 3 21 Y  -50 1293
 3 22 Y  -50 1267
 3 23 Y  -50 1286
 3 24 Y  -50 1301
 3 25 Y  -50 1275
 3 26 Y  -50 1290
 3 27 Y  -50 1283
 3 28 Y  -50 1292
 3 29 Y  -50 1295
 3 30 Y  -50 1281
 3 31 Y  -50 1289
 3  1 Z  550 1527
 3  2 Z  550 1528
 3  3 Z  550 1524
 3  4 Z  550 1537
 3  5 Z  550 1534
 3  6 Z  550 1539
 3  7 Z  550 1529
 3  8 Z  550 1525
 3  9 Z  550 1522
 3 10 Z  550 1522
 3 11 Z  550 1499
 3 12 Z  550 1518
 3 13 Z  550 1525
 3 14 Z  550 1524
 3 15 Z  550 1511
 3 16 Z  550 1514
 3 17 Z  550 1515
 3 18 Z  550 1510
 3 19 Z  550 1515
 3 20 Z  550 1501
 3 21 Z  550 1502
 3 22 Z  550 1530
 3 23 Z  550 1513
 3 24 Z  550 1506
 3 25 Z  550 1512
 3 26 Z  550 1507
 3 27 Z  550 1512
 3 28 Z  550 1520
 3 29 Z  550 1505
 3 30 Z  550 1505
 3 31 Z  550 1509
 4  1 X    0 1159
 4  2 X    0 1163
 4  3 X    0 1167
 4  4 X    0 1162
 4  5 X    0 1155
 4  6 X    0 1162
 4  7 X    0 1156
 4  8 X    0 1162
 4  9 X    0 1145
 4 10 X    0 1169
 4 11 X    0 1159
 4 12 X    0 1159
 4 13 X    0 1160
 4 14 X    0 1173
 4 15 X    0 1173
 4 16 X    0 1167
 4 17 X    0 1155
 4 18 X    0 1168
 4 19 X    0 1168
 4 20 X    0 1161
 4 21 X    0 1171
 4 22 X    0 1169
 4 23 X    0 1167
 4 24 X    0 1173
 4 25 X    0 1176
 4 26 X    0 1183
 4 27 X    0 1166
 4 28 X    0 1184
 4 29 X    0 1176
 4 30 X    0 1175
 4  1 Y  -50 1291
 4  2 Y  -50 1284
 4  3 Y  -50 1278
 4  4 Y  -50 1285
 4  5 Y  -50 1279
 4  6 Y  -50 1282
 4  7 Y  -50 1293
 4  8 Y  -50 1287
 4  9 Y  -50 1298
 4 10 Y  -50 1284
 4 11 Y  -50 1287
 4 12 Y  -50 1303
 4 13 Y  -50 1295
 4 14 Y  -50 1287
 4 15 Y  -50 1290
 4 16 Y  -50 1276
 4 17 Y  -50 1299
 4 18 Y  -50 1274
 4 19 Y  -50 1273
 4 20 Y  -50 1276
 4 21 Y  -50 1272
 4 22 Y  -50 1290
 4 23 Y  -50 1286
 4 24 Y  -50 1278
 4 25 Y  -50 1283
 4 26 Y  -50 1290
 4 27 Y  -50 1279
 4 28 Y  -50 1284
 4 29 Y  -50 1291
 4 30 Y  -50 1291
 4  1 Z  550 1501
 4  2 Z  550 1502
 4  3 Z  550 1506
 4  4 Z  550 1503
 4  5 Z  550 1491
 4  6 Z  550 1496
 4  7 Z  550 1483
 4  8 Z  550 1489
 4  9 Z  550 1525
 4 10 Z  550 1507
 4 11 Z  550 1511
 4 12 Z  550 1536
 4 13 Z  550 1520
 4 14 Z  550 1514
 4 15 Z  550 1491
 4 16 Z  550 1473
 4 17 Z  550 1493
 4 18 Z  550 1481
 4 19 Z  550 1480
 4 20 Z  550 1474
 4 21 Z  550 1473
 4 22 Z  550 1492
 4 23 Z  550 1469
 4 24 Z  550 1470
 4 25 Z  550 1496
 4 26 Z  550 1482
 4 27 Z  550 1481
 4 28 Z  550 1479
 4 29 Z  550 1493
 4 30 Z  550 1477
 5  1 X    0 1171
 5  2 X    0 1132
 5  3 X    0 1184
 5  4 X    0 1156
 5  5 X    0 1146
 5  6 X    0 1184
 5  7 X    0 1177
 5  8 X    0 1173
 5  9 X    0 1179
 5 10 X    0 1168
 5 11 X    0 1170
 5 12 X    0 1188
 5 13 X    0 1174
 5 14 X    0 1170
 5 15 X    0 1155
 5 16 X    0 1144
 5 17 X    0 1188
 5 18 X    0 1181
 5 19 X    0 1167
 5 20 X    0 1175
 5 21 X    0 1182
 5 22 X    0 1169
 5 23 X    0 1175
 5 24 X    0 1187
 5 25 X    0 1194
 5 26 X    0 1180
 5 27 X    0 1190
 5 28 X    0 1174
 5 29 X    0 1165
 5 30 X    0 1166
 5 31 X    0 1151
 5  1 Y  -50 1278
 5  2 Y  -50 1307
 5  3 Y  -50 1288
 5  4 Y  -50 1290
 5  5 Y  -50 1303
 5  6 Y  -50 1302
 5  7 Y  -50 1296
 5  8 Y  -50 1289
 5  9 Y  -50 1272
 5 10 Y  -50 1285
 5 11 Y  -50 1291
 5 12 Y  -50 1296
 5 13 Y  -50 1296
 5 14 Y  -50 1289
 5 15 Y  -50 1295
 5 16 Y  -50 1326
 5 17 Y  -50 1292
 5 18 Y  -50 1287
 5 19 Y  -50 1297
 5 20 Y  -50 1294
 5 21 Y  -50 1299
 5 22 Y  -50 1290
 5 23 Y  -50 1301
 5 24 Y  -50 1287
 5 25 Y  -50 1294
 5 26 Y  -50 1303
 5 27 Y  -50 1270
 5 28 Y  -50 1284
 5 29 Y  -50 1287
 5 30 Y  -50 1293
 5 31 Y  -50 1313
 5  1 Z  550 1481
 5  2 Z  550 1465
 5  3 Z  550 1554
 5  4 Z  550 1540
 5  5 Z  550 1517
 5  6 Z  550 1535
 5  7 Z  550 1506
 5  8 Z  550 1482
 5  9 Z  550 1466
 5 10 Z  550 1482
 5 11 Z  550 1479
 5 12 Z  550 1485
 5 13 Z  550 1474
 5 14 Z  550 1488
 5 15 Z  550 1525
 5 16 Z  550 1545
 5 17 Z  550 1519
 5 18 Z  550 1504
 5 19 Z  550 1482
 5 20 Z  550 1457
 5 21 Z  550 1462
 5 22 Z  550 1464
 5 23 Z  550 1505
 5 24 Z  550 1464
 5 25 Z  550 1451
 5 26 Z  550 1464
 5 27 Z  550 1431
 5 28 Z  550 1472
 5 29 Z  550 1481
 5 30 Z  550 1429
 5 31 Z  550 1543
 6  1 X    0 1156
 6  2 X    0 1157
 6  3 X    0 1159
 6  4 X    0 1170
 6  5 X    0 1173
 6  6 X    0 1172
 6  7 X    0 1176
 6  8 X    0 1179
 6  9 X    0 1141
 6 10 X    0 1186
 6 11 X    0 1183
 6 12 X    0 1156
 6 13 X    0 1158
 6 14 X    0 1164
 6 15 X    0 1186
 6 16 X    0 1172
 6 17 X    0 1167
 6 18 X    0 1182
 6 19 X    0 1165
 6 20 X    0 1163
 6 21 X    0 1163
 6 22 X    0 1146
 6 23 X    0 1169
 6 24 X    0 1193
 6 25 X    0 1186
 6 26 X    0 1180
 6 27 X    0 1146
 6 28 X    0 1138
 6 29 X    0 1150
 6 30 X    0 1160
 6  1 Y  -50 1290
 6  2 Y  -50 1300
 6  3 Y  -50 1300
 6  4 Y  -50 1308
 6  5 Y  -50 1289
 6  6 Y  -50 1308
 6  7 Y  -50 1303
 6  8 Y  -50 1277
 6  9 Y  -50 1321
 6 10 Y  -50 1297
 6 11 Y  -50 1284
 6 12 Y  -50 1292
 6 13 Y  -50 1306
 6 14 Y  -50 1286
 6 15 Y  -50 1295
 6 16 Y  -50 1304
 6 17 Y  -50 1304
 6 18 Y  -50 1285
 6 19 Y  -50 1280
 6 20 Y  -50 1295
 6 21 Y  -50 1293
 6 22 Y  -50 1314
 6 23 Y  -50 1289
 6 24 Y  -50 1305
 6 25 Y  -50 1285
 6 26 Y  -50 1282
 6 27 Y  -50 1307
 6 28 Y  -50 1326
 6 29 Y  -50 1305
 6 30 Y  -50 1302
 6  1 Z  550 1511
 6  2 Z  550 1523
 6  3 Z  550 1523
 6  4 Z  550 1551
 6  5 Z  550 1471
 6  6 Z  550 1489
 6  7 Z  550 1490
 6  8 Z  550 1473
 6  9 Z  550 1529
 6 10 Z  550 1527
 6 11 Z  550 1485
 6 12 Z  550 1500
 6 13 Z  550 1507
 6 14 Z  550 1480
 6 15 Z  550 1458
 6 16 Z  550 1449
 6 17 Z  550 1479
 6 18 Z  550 1434
 6 19 Z  550 1453
 6 20 Z  550 1465
 6 21 Z  550 1523
 6 22 Z  550 1521
 6 23 Z  550 1485
 6 24 Z  550 1413
 6 25 Z  550 1440
 6 26 Z  550 1438
 6 27 Z  550 1508
 6 28 Z  550 1566
 6 29 Z  550 1486
 6 30 Z  550 1517
 7  1 X    0 1163
 7  2 X    0 1174
 7  3 X    0 1170
 7  4 X    0 1161
 7  5 X    0 1162
 7  6 X    0 1169
 7  7 X    0 1171
 7  8 X    0 1148
 7  9 X    0 1179
 7 10 X    0 1167
 7 11 X    0 1162
 7 12 X    0 1166
 7 13 X    0 1182
 7 14 X    0 1184
 7 15 X    0 1173
 7 16 X    0 1171
 7 17 X    0 1174
 7 18 X    0 1170
 7 19 X    0 1170
 7 20 X    0 1172
 7 21 X    0 1163
 7 22 X    0 1196
 7 23 X    0 1191
 7 24 X    0 1176
 7 25 X    0 1135
 7 26 X    0 1166
 7 27 X    0 1173
 7 28 X    0 1151
 7 29 X    0 1164
 7 30 X    0 1173
 7 31 X    0 1171
 7  1 Y  -50 1295
 7  2 Y  -50 1311
 7  3 Y  -50 1295
 7  4 Y  -50 1295
 7  5 Y  -50 1292
 7  6 Y  -50 1291
 7  7 Y  -50 1298
 7  8 Y  -50 1305
 7  9 Y  -50 1301
 7 10 Y  -50 1286
 7 11 Y  -50 1295
 7 12 Y  -50 1301
 7 13 Y  -50 1300
 7 14 Y  -50 1306
 7 15 Y  -50 1286
 7 16 Y  -50 1300
 7 17 Y  -50 1286
 7 18 Y  -50 1295
 7 19 Y  -50 1291
 7 20 Y  -50 1292
 7 21 Y  -50 1281
 7 22 Y  -50 1284
 7 23 Y  -50 1293
 7 24 Y  -50 1287
 7 25 Y  -50 1294
 7 26 Y  -50 1314
 7 27 Y  -50 1318
 7 28 Y  -50 1315
 7 29 Y  -50 1291
 7 30 Y  -50 1318
 7 31 Y  -50 1306
 7  1 Z  550 1524
 7  2 Z  550 1533
 7  3 Z  550 1511
 7  4 Z  550 1488
 7  5 Z  550 1502
 7  6 Z  550 1499
 7  7 Z  550 1470
 7  8 Z  550 1470
 7  9 Z  550 1502
 7 10 Z  550 1498
 7 11 Z  550 1482
 7 12 Z  550 1488
 7 13 Z  550 1508
 7 14 Z  550 1491
 7 15 Z  550 1467
 7 16 Z  550 1477
 7 17 Z  550 1514
 7 18 Z  550 1518
 7 19 Z  550 1486
 7 20 Z  550 1485
 7 21 Z  550 1458
 7 22 Z  550 1441
 7 23 Z  550 1428
 7 24 Z  550 1445
 7 25 Z  550 1552
 7 26 Z  550 1516
 7 27 Z  550 1555
 7 28 Z  550 1550
 7 29 Z  550 1510
 7 30 Z  550 1531
 7 31 Z  550 1519
 8  1 X    0 1174
 8  2 X    0 1189
 8  3 X    0 1181
 8  4 X    0 1175
 8  5 X    0 1166
 8  6 X    0 1168
 8  7 X    0 1169
 8  8 X    0 1183
 8  9 X    0 1164
 8 10 X    0 1190
 8 11 X    0 1197
 8 12 X    0 1193
 8 13 X    0 1187
 8 14 X    0 1159
 8 15 X    0 1178
 8 16 X    0 1171
 8 17 X    0 1168
 8 18 X    0 1176
 8 19 X    0 1185
 8 20 X    0 1141
 8 21 X    0 1171
 8 22 X    0 1178
 8 23 X    0 1171
 8 24 X    0 1149
 8 25 X    0 1180
 8 26 X    0 1167
 8 27 X    0 1166
 8 28 X    0 1157
 8 29 X    0 1173
 8 30 X    0 1164
 8 31 X    0 1169
 8  1 Y  -50 1305
 8  2 Y  -50 1290
 8  3 Y  -50 1285
 8  4 Y  -50 1296
 8  5 Y  -50 1307
 8  6 Y  -50 1294
 8  7 Y  -50 1298
 8  8 Y  -50 1313
 8  9 Y  -50 1303
 8 10 Y  -50 1298
 8 11 Y  -50 1297
 8 12 Y  -50 1307
 8 13 Y  -50 1313
 8 14 Y  -50 1305
 8 15 Y  -50 1290
 8 16 Y  -50 1297
 8 17 Y  -50 1301
 8 18 Y  -50 1295
 8 19 Y  -50 1304
 8 20 Y  -50 1300
 8 21 Y  -50 1346
 8 22 Y  -50 1296
 8 23 Y  -50 1308
 8 24 Y  -50 1295
 8 25 Y  -50 1301
 8 26 Y  -50 1312
 8 27 Y  -50 1308
 8 28 Y  -50 1320
 8 29 Y  -50 1296
 8 30 Y  -50 1298
 8 31 Y  -50 1292
 8  1 Z  550 1488
 8  2 Z  550 1476
 8  3 Z  550 1502
 8  4 Z  550 1521
 8  5 Z  550 1512
 8  6 Z  550 1519
 8  7 Z  550 1521
 8  8 Z  550 1469
 8  9 Z  550 1472
 8 10 Z  550 1475
 8 11 Z  550 1442
 8 12 Z  550 1485
 8 13 Z  550 1477
 8 14 Z  550 1502
 8 15 Z  550 1485
 8 16 Z  550 1497
 8 17 Z  550 1484
 8 18 Z  550 1487
 8 19 Z  550 1442
 8 20 Z  550 1519
 8 21 Z  550 1512
 8 22 Z  550 1514
 8 23 Z  550 1527
 8 24 Z  550 1498
 8 25 Z  550 1522
 8 26 Z  550 1525
 8 27 Z  550 1508
 8 28 Z  550 1520
 8 29 Z  550 1500
 8 30 Z  550 1529
 8 31 Z  550 1515
 9  1 X    0 1160
 9  2 X    0 1182
 9  3 X    0 1162
 9  4 X    0 1168
 9  5 X    0 1167
 9  6 X    0 1183
 9  7 X    0 1181
 9  8 X    0 1182
 9  9 X    0 1185
 9 10 X    0 1170
 9 11 X    0 1164
 9 12 X    0 1193
 9 13 X    0 1181
 9 14 X    0 1172
 9 15 X    0 1164
 9 16 X    0 1173
 9 17 X    0 1169
 9 18 X    0 1176
 9 19 X    0 1172
 9 20 X    0 1163
 9 21 X    0 1170
 9 22 X    0 1173
 9 23 X    0 1153
 9 24 X    0 1168
 9 25 X    0 1158
 9 26 X    0 1170
 9 27 X    0 1171
 9 28 X    0 1175
 9 29 X    0 1165
 9 30 X    0 1176
 9  1 Y  -50 1313
 9  2 Y  -50 1304
 9  3 Y  -50 1304
 9  4 Y  -50 1294
 9  5 Y  -50 1282
 9  6 Y  -50 1291
 9  7 Y  -50 1292
 9  8 Y  -50 1294
 9  9 Y  -50 1293
 9 10 Y  -50 1296
 9 11 Y  -50 1283
 9 12 Y  -50 1299
 9 13 Y  -50 1281
 9 14 Y  -50 1291
 9 15 Y  -50 1312
 9 16 Y  -50 1292
 9 17 Y  -50 1285
 9 18 Y  -50 1296
 9 19 Y  -50 1299
 9 20 Y  -50 1295
 9 21 Y  -50 1295
 9 22 Y  -50 1294
 9 23 Y  -50 1294
 9 24 Y  -50 1299
 9 25 Y  -50 1303
 9 26 Y  -50 1308
 9 27 Y  -50 1297
 9 28 Y  -50 1280
 9 29 Y  -50 1281
 9 30 Y  -50 1303
 9  1 Z  550 1540
 9  2 Z  550 1513
 9  3 Z  550 1517
 9  4 Z  550 1509
 9  5 Z  550 1473
 9  6 Z  550 1494
 9  7 Z  550 1484
 9  8 Z  550 1477
 9  9 Z  550 1486
 9 10 Z  550 1497
 9 11 Z  550 1487
 9 12 Z  550 1522
 9 13 Z  550 1524
 9 14 Z  550 1493
 9 15 Z  550 1498
 9 16 Z  550 1515
 9 17 Z  550 1510
 9 18 Z  550 1532
 9 19 Z  550 1523
 9 20 Z  550 1531
 9 21 Z  550 1523
 9 22 Z  550 1496
 9 23 Z  550 1526
 9 24 Z  550 1527
 9 25 Z  550 1518
 9 26 Z  550 1543
 9 27 Z  550 1535
 9 28 Z  550 1508
 9 29 Z  550 1508
 9 30 Z  550 1515
10  1 X    0 1169
10  2 X    0 1174
10  3 X    0 1183
10  4 X    0 1170
10  5 X    0 1158
10  6 X    0 1179
10  7 X    0 1173
10  8 X    0 1163
10  9 X    0 1168
10 10 X    0 1176
10 11 X    0 1177
10 12 X    0 1174
10 13 X    0 1147
10 14 X    0 1181
10 15 X    0 1167
10 16 X    0 1170
10 17 X    0 1170
10 18 X    0 1156
10 19 X    0 1167
10 20 X    0 1164
10 21 X    0 1167
10 22 X    0 1174
10 23 X    0 1166
10 24 X    0 1171
10 25 X    0 1174
10 26 X    0 1172
10 27 X    0 1152
10 28 X    0 1178
10 29 X    0 1175
10 30 X    0 1144
10 31 X    0 1181
10  1 Y  -50 1293
10  2 Y  -50 1303
10  3 Y  -50 1293
10  4 Y  -50 1299
10  5 Y  -50 1303
10  6 Y  -50 1300
10  7 Y  -50 1296
10  8 Y  -50 1309
10  9 Y  -50 1299
10 10 Y  -50 1296
10 11 Y  -50 1300
10 12 Y  -50 1293
10 13 Y  -50 1297
10 14 Y  -50 1299
10 15 Y  -50 1305
10 16 Y  -50 1298
10 17 Y  -50 1293
10 18 Y  -50 1300
10 19 Y  -50 1304
10 20 Y  -50 1298
10 21 Y  -50 1296
10 22 Y  -50 1295
10 23 Y  -50 1294
10 24 Y  -50 1300
10 25 Y  -50 1293
10 26 Y  -50 1303
10 27 Y  -50 1325
10 28 Y  -50 1289
10 29 Y  -50 1285
10 30 Y  -50 1281
10 31 Y  -50 1300
10  1 Z  550 1487
10  2 Z  550 1494
10  3 Z  550 1502
10  4 Z  550 1500
10  5 Z  550 1505
10  6 Z  550 1518
10  7 Z  550 1501
10  8 Z  550 1492
10  9 Z  550 1502
10 10 Z  550 1500
10 11 Z  550 1498
10 12 Z  550 1496
10 13 Z  550 1502
10 14 Z  550 1523
10 15 Z  550 1512
10 16 Z  550 1504
10 17 Z  550 1511
10 18 Z  550 1496
10 19 Z  550 1511
10 20 Z  550 1507
10 21 Z  550 1506
10 22 Z  550 1504
10 23 Z  550 1500
10 24 Z  550 1489
10 25 Z  550 1497
10 26 Z  550 1496
10 27 Z  550 1505
10 28 Z  550 1509
10 29 Z  550 1498
10 30 Z  550 1500
10 31 Z  550 1501
11  1 X    0 1197
11  2 X    0 1174
11  3 X    0 1168
11  4 X    0 1144
11  5 X    0 1195
11  6 X    0 1164
11  7 X    0 1177
11  8 X    0 1177
11  9 X    0 1178
11 10 X    0 1172
11 11 X    0 1187
11 12 X    0 1181
11 13 X    0 1166
11 14 X    0 1175
11 15 X    0 1162
11 16 X    0 1162
11 17 X    0 1175
11 18 X    0 1175
11 19 X    0 1164
11 20 X    0 1176
11 21 X    0 1175
11 22 X    0 1172
11 23 X    0 1153
11 24 X    0 1151
11 25 X    0 1151
11 26 X    0 1181
11 27 X    0 1183
11 28 X    0 1175
11 29 X    0 1151
11 30 X    0 1153
11  1 Y  -50 1296
11  2 Y  -50 1299
11  3 Y  -50 1293
11  4 Y  -50 1299
11  5 Y  -50 1283
11  6 Y  -50 1296
11  7 Y  -50 1292
11  8 Y  -50 1300
11  9 Y  -50 1301
11 10 Y  -50 1294
11 11 Y  -50 1290
11 12 Y  -50 1294
11 13 Y  -50 1301
11 14 Y  -50 1297
11 15 Y  -50 1305
11 16 Y  -50 1299
11 17 Y  -50 1299
11 18 Y  -50 1296
11 19 Y  -50 1294
11 20 Y  -50 1295
11 21 Y  -50 1300
11 22 Y  -50 1297
11 23 Y  -50 1294
11 24 Y  -50 1294
11 25 Y  -50 1318
11 26 Y  -50 1314
11 27 Y  -50 1304
11 28 Y  -50 1304
11 29 Y  -50 1310
11 30 Y  -50 1316
11  1 Z  550 1512
11  2 Z  550 1497
11  3 Z  550 1486
11  4 Z  550 1566
11  5 Z  550 1546
11  6 Z  550 1522
11  7 Z  550 1514
11  8 Z  550 1511
11  9 Z  550 1498
11 10 Z  550 1495
11 11 Z  550 1508
11 12 Z  550 1505
11 13 Z  550 1492
11 14 Z  550 1491
11 15 Z  550 1496
11 16 Z  550 1492
11 17 Z  550 1497
11 18 Z  550 1493
11 19 Z  550 1489
11 20 Z  550 1489
11 21 Z  550 1485
11 22 Z  550 1486
11 23 Z  550 1490
11 24 Z  550 1531
11 25 Z  550 1546
11 26 Z  550 1529
11 27 Z  550 1512
11 28 Z  550 1502
11 29 Z  550 1501
11 30 Z  550 1504
12  1 X    0 1177
12  2 X    0 1172
12  3 X    0 1172
12  4 X    0 1167
12  5 X    0 1177
12  6 X    0 1176
12  7 X    0 1172
12  8 X    0 1169
12  9 X    0 1169
12 10 X    0 1163
12 11 X    0 1175
12 12 X    0 1171
12 13 X    0 1156
12 14 X    0 1175
12 15 X    0 1175
12 16 X    0 1165
12 17 X    0 1169
12 18 X    0 1170
12 19 X    0 1167
12 20 X    0 1169
12 21 X    0 1163
12 22 X    0 1159
12 23 X    0 1162
12 24 X    0 1175
12 25 X    0 1188
12 26 X    0 1169
12 27 X    0 1174
12 28 X    0 1180
12 29 X    0 1179
12 30 X    0 1164
12 31 X    0 1173
12  1 Y  -50 1305
12  2 Y  -50 1301
12  3 Y  -50 1303
12  4 Y  -50 1303
12  5 Y  -50 1295
12  6 Y  -50 1298
12  7 Y  -50 1305
12  8 Y  -50 1299
12  9 Y  -50 1296
12 10 Y  -50 1296
12 11 Y  -50 1304
12 12 Y  -50 1298
12 13 Y  -50 1300
12 14 Y  -50 1305
12 15 Y  -50 1297
12 16 Y  -50 1298
12 17 Y  -50 1301
12 18 Y  -50 1296
12 19 Y  -50 1296
12 20 Y  -50 1301
12 21 Y  -50 1297
12 22 Y  -50 1302
12 23 Y  -50 1300
12 24 Y  -50 1306
12 25 Y  -50 1299
12 26 Y  -50 1300
12 27 Y  -50 1296
12 28 Y  -50 1304
12 29 Y  -50 1299
12 30 Y  -50 1298
12 31 Y  -50 1310
12  1 Z  550 1506
12  2 Z  550 1499
12  3 Z  550 1497
12  4 Z  550 1497
12  5 Z  550 1495
12  6 Z  550 1490
12  7 Z  550 1489
12  8 Z  550 1489
12  9 Z  550 1489
12 10 Z  550 1490
12 11 Z  550 1491
12 12 Z  550 1488
12 13 Z  550 1490
12 14 Z  550 1502
12 15 Z  550 1489
12 16 Z  550 1492
12 17 Z  550 1488
12 18 Z  550 1485
12 19 Z  550 1487
12 20 Z  550 1485
12 21 Z  550 1489
12 22 Z  550 1493
12 23 Z  550 1501
12 24 Z  550 1501
12 25 Z  550 1508
12 26 Z  550 1498
12 27 Z  550 1494
12 28 Z  550 1489
12 29 Z  550 1487
12 30 Z  550 1481
12 31 Z  550 1486
