 1  1 X    0  739
 1  2 X    0  735
 1  3 X    0  739
 1  4 X    0  726
 1  5 X    0  705
 1  6 X    0  719
 1  7 X    0  737
 1  8 X    0  713
 1  9 X    0  697
 1 10 X    0  705
 1 11 X    0  738
 1 12 X    0  731
 1 13 X    0  739
 1 14 X    0  733
 1 15 X    0  752
 1 16 X    0  719
 1 17 X    0  738
 1 18 X    0  721
 1 19 X    0  729
 1 20 X    0  740
 1 21 X    0  737
 1 22 X    0  743
 1 23 X    0  734
 1 24 X    0  742
 1 25 X    0  720
 1 26 X    0  746
 1 27 X    0  730
 1 28 X    0  730
 1 29 X    0  729
 1 30 X    0  747
 1 31 X    0  752
 1  1 Y  -50 1004
 1  2 Y  -50 1009
 1  3 Y  -50 1008
 1  4 Y  -50 1016
 1  5 Y  -50 1015
 1  6 Y  -50 1023
 1  7 Y  -50  992
 1  8 Y  -50 1001
 1  9 Y  -50 1019
 1 10 Y  -50 1021
 1 11 Y  -50 1001
 1 12 Y  -50 1002
 1 13 Y  -50 1017
 1 14 Y  -50 1010
 1 15 Y  -50 1008
 1 16 Y  -50 1037
 1 17 Y  -50 1030
 1 18 Y  -50 1009
 1 19 Y  -50 1015
 1 20 Y  -50 1006
 1 21 Y  -50 1012
 1 22 Y  -50 1010
 1 23 Y  -50 1003
 1 24 Y  -50 1006
 1 25 Y  -50 1023
 1 26 Y  -50 1015
 1 27 Y  -50 1014
 1 28 Y  -50 1007
 1 29 Y  -50 1025
 1 30 Y  -50 1016
 1 31 Y  -50 1019
 1  1 Z  550  971
 1  2 Z  550  968
 1  3 Z  550  974
 1  4 Z  550  967
 1  5 Z  550  983
 1  6 Z  550  995
 1  7 Z  550 1002
 1  8 Z  550  996
 1  9 Z  550  998
 1 10 Z  550 1018
 1 11 Z  550 1011
 1 12 Z  550  995
 1 13 Z  550  984
 1 14 Z  550  981
 1 15 Z  550  987
 1 16 Z  550  987
 1 17 Z  550  989
 1 18 Z  550  990
 1 19 Z  550  985
 1 20 Z  550  980
 1 21 Z  550  974
 1 22 Z  550  975
 1 23 Z  550  976
 1 24 Z  550  975
 1 25 Z  550  968
 1 26 Z  550  983
 1 27 Z  550  969
 1 28 Z  550  981
 1 29 Z  550  974
 1 30 Z  550  988
 1 31 Z  550  989
 2  1 X    0  736
 2  2 X    0  740
 2  3 X    0  720
 2  4 X    0  716
 2  5 X    0  740
 2  6 X    0  722
 2  7 X    0  730
 2  8 X    0  733
 2  9 X    0  760
 2 10 X    0  734
 2 11 X    0  740
 2 12 X    0  729
 2 13 X    0  NaN
 2 14 X    0  726
 2 15 X    0  764
 2 16 X    0  721
 2 17 X    0  778
 2 18 X    0  771
 2 19 X    0  744
 2 20 X    0  741
 2 21 X    0  734
 2 22 X    0  748
 2 23 X    0  761
 2 24 X    0  740
 2 25 X    0  715
 2 26 X    0  730
 2 27 X    0  741
 2 28 X    0  711
 2  1 Y  -50 1023
 2  2 Y  -50 1033
 2  3 Y  -50 1024
 2  4 Y  -50 1019
 2  5 Y  -50 1027
 2  6 Y  -50 1015
 2  7 Y  -50 1020
 2  8 Y  -50 1002
 2  9 Y  -50 1020
 2 10 Y  -50 1010
 2 11 Y  -50 1040
 2 12 Y  -50 1028
 2 13 Y  -50  NaN
 2 14 Y  -50 1034
 2 15 Y  -50 1034
 2 16 Y  -50  997
 2 17 Y  -50 1023
 2 18 Y  -50  956
 2 19 Y  -50 1006
 2 20 Y  -50 1006
 2 21 Y  -50 1012
 2 22 Y  -50 1021
 2 23 Y  -50 1011
 2 24 Y  -50 1008
 2 25 Y  -50 1072
 2 26 Y  -50 1006
 2 27 Y  -50 1030
 2 28 Y  -50 1036
 2  1 Z  550  979
 2  2 Z  550  992
 2  3 Z  550  988
 2  4 Z  550  999
 2  5 Z  550 1000
 2  6 Z  550 1000
 2  7 Z  550  995
 2  8 Z  550  986
 2  9 Z  550 1009
 2 10 Z  550  990
 2 11 Z  550  987
 2 12 Z  550  990
 2 13 Z  550  985
 2 14 Z  550  988
 2 15 Z  550  999
 2 16 Z  550 1014
 2 17 Z  550  992
 2 18 Z  550  897
 2 19 Z  550  974
 2 20 Z  550  993
 2 21 Z  550  973
 2 22 Z  550  985
 2 23 Z  550 1002
 2 24 Z  550  978
 2 25 Z  550  991
 2 26 Z  550 1024
 2 27 Z  550 1015
 2 28 Z  550  996
 3  1 X    0  734
 3  2 X    0  742
 3  3 X    0  743
 3  4 X    0  742
 3  5 X    0  752
 3  6 X    0  743
 3  7 X    0  730
 3  8 X    0  746
 3  9 X    0  739
 3 10 X    0  739
 3 11 X    0  739
 3 12 X    0  735
 3 13 X    0  736
 3 14 X    0  744
 3 15 X    0  746
 3 16 X    0  740
 3 17 X    0  749
 3 18 X    0  768
 3 19 X    0  738
 3 20 X    0  744
 3 21 X    0  744
 3 22 X    0  742
 3 23 X    0  738
 3 24 X    0  735
 3 25 X    0  723
 3 26 X    0  715
 3 27 X    0  761
 3 28 X    0  726
 3 29 X    0  761
 3 30 X    0  759
 3 31 X    0  734
 3  1 Y  -50 1016
 3  2 Y  -50 1017
 3  3 Y  -50 1022
 3  4 Y  -50 1046
 3  5 Y  -50 1032
 3  6 Y  -50 1020
 3  7 Y  -50 1034
 3  8 Y  -50 1007
 3  9 Y  -50 1003
 3 10 Y  -50 1006
 3 11 Y  -50 1003
 3 12 Y  -50 1015
 3 13 Y  -50 1009
 3 14 Y  -50 1015
 3 15 Y  -50 1007
 3 16 Y  -50 1004
 3 17 Y  -50 1012
 3 18 Y  -50  966
 3 19 Y  -50 1011
 3 20 Y  -50  999
 3 21 Y  -50 1014
 3 22 Y  -50 1003
 3 23 Y  -50 1020
 3 24 Y  -50 1014
 3 25 Y  -50 1037
 3 26 Y  -50 1062
 3 27 Y  -50 1018
 3 28 Y  -50 1046
 3 29 Y  -50 1040
 3 30 Y  -50 1031
 3 31 Y  -50 1015
 3  1 Z  550 1022
 3  2 Z  550 1020
 3  3 Z  550 1009
 3  4 Z  550  997
 3  5 Z  550 1008
 3  6 Z  550  996
 3  7 Z  550  986
 3  8 Z  550  997
 3  9 Z  550  967
 3 10 Z  550  973
 3 11 Z  550  954
 3 12 Z  550  950
 3 13 Z  550  968
 3 14 Z  550  971
 3 15 Z  550  961
 3 16 Z  550  963
 3 17 Z  550  920
 3 18 Z  550  917
 3 19 Z  550  933
 3 20 Z  550  942
 3 21 Z  550  948
 3 22 Z  550  941
 3 23 Z  550  937
 3 24 Z  550  941
 3 25 Z  550  978
 3 26 Z  550 1011
 3 27 Z  550 1037
 3 28 Z  550 1025
 3 29 Z  550 1035
 3 30 Z  550 1023
 3 31 Z  550  993
 4  1 X    0  768
 4  2 X    0  735
 4  3 X    0  765
 4  4 X    0  730
 4  5 X    0  742
 4  6 X    0  726
 4  7 X    0  738
 4  8 X    0  748
 4  9 X    0  752
 4 10 X    0  744
 4 11 X    0  756
 4 12 X    0  739
 4 13 X    0  752
 4 14 X    0  746
 4 15 X    0  753
 4 16 X    0  761
 4 17 X    0  759
 4 18 X    0  745
 4 19 X    0  753
 4 20 X    0  766
 4 21 X    0  777
 4 22 X    0  743
 4 23 X    0  715
 4 24 X    0  754
 4 25 X    0  739
 4 26 X    0  734
 4 27 X    0  758
 4 28 X    0  739
 4 29 X    0  763
 4 30 X    0  730
 4  1 Y  -50  993
 4  2 Y  -50 1052
 4  3 Y  -50 1015
 4  4 Y  -50 1013
 4  5 Y  -50 1013
 4  6 Y  -50 1015
 4  7 Y  -50 1032
 4  8 Y  -50 1029
 4  9 Y  -50  977
 4 10 Y  -50 1070
 4 11 Y  -50  999
 4 12 Y  -50 1003
 4 13 Y  -50 1013
 4 14 Y  -50  989
 4 15 Y  -50  998
 4 16 Y  -50  999
 4 17 Y  -50 1033
 4 18 Y  -50 1010
 4 19 Y  -50 1017
 4 20 Y  -50 1024
 4 21 Y  -50 1015
 4 22 Y  -50 1006
 4 23 Y  -50 1072
 4 24 Y  -50 1060
 4 25 Y  -50 1034
 4 26 Y  -50 1033
 4 27 Y  -50 1036
 4 28 Y  -50 1022
 4 29 Y  -50 1054
 4 30 Y  -50 1030
 4  1 Z  550 1014
 4  2 Z  550 1009
 4  3 Z  550  990
 4  4 Z  550  994
 4  5 Z  550  977
 4  6 Z  550  942
 4  7 Z  550  995
 4  8 Z  550  977
 4  9 Z  550  928
 4 10 Z  550  981
 4 11 Z  550  985
 4 12 Z  550  929
 4 13 Z  550  928
 4 14 Z  550  943
 4 15 Z  550  940
 4 16 Z  550  913
 4 17 Z  550  938
 4 18 Z  550  950
 4 19 Z  550  913
 4 20 Z  550  934
 4 21 Z  550  897
 4 22 Z  550  916
 4 23 Z  550  956
 4 24 Z  550 1049
 4 25 Z  550  981
 4 26 Z  550  973
 4 27 Z  550  985
 4 28 Z  550  984
 4 29 Z  550  992
 4 30 Z  550  967
 5  1 X    0  780
 5  2 X    0  746
 5  3 X    0  765
 5  4 X    0  747
 5  5 X    0  757
 5  6 X    0  741
 5  7 X    0  744
 5  8 X    0  830
 5  9 X    0  748
 5 10 X    0  775
 5 11 X    0  766
 5 12 X    0  838
 5 13 X    0  805
 5 14 X    0  807
 5 15 X    0  719
 5 16 X    0  770
 5 17 X    0  758
 5 18 X    0  745
 5 19 X    0  772
 5 20 X    0  744
 5 21 X    0  751
 5 22 X    0  732
 5 23 X    0  740
 5 24 X    0  752
 5 25 X    0  732
 5 26 X    0  718
 5 27 X    0  745
 5 28 X    0  743
 5 29 X    0  740
 5 30 X    0  773
 5 31 X    0  752
 5  1 Y  -50 1024
 5  2 Y  -50 1007
 5  3 Y  -50 1027
 5  4 Y  -50 1025
 5  5 Y  -50 1005
 5  6 Y  -50 1013
 5  7 Y  -50  990
 5  8 Y  -50  991
 5  9 Y  -50 1012
 5 10 Y  -50 1007
 5 11 Y  -50 1014
 5 12 Y  -50  972
 5 13 Y  -50  981
 5 14 Y  -50 1035
 5 15 Y  -50 1027
 5 16 Y  -50  953
 5 17 Y  -50 1034
 5 18 Y  -50 1002
 5 19 Y  -50 1032
 5 20 Y  -50 1052
 5 21 Y  -50 1034
 5 22 Y  -50 1046
 5 23 Y  -50 1038
 5 24 Y  -50 1026
 5 25 Y  -50 1030
 5 26 Y  -50 1043
 5 27 Y  -50 1022
 5 28 Y  -50 1017
 5 29 Y  -50 1015
 5 30 Y  -50  992
 5 31 Y  -50 1064
 5  1 Z  550  922
 5  2 Z  550  956
 5  3 Z  550  916
 5  4 Z  550  848
 5  5 Z  550  969
 5  6 Z  550  936
 5  7 Z  550  866
 5  8 Z  550  930
 5  9 Z  550  868
 5 10 Z  550  848
 5 11 Z  550  846
 5 12 Z  550  734
 5 13 Z  550  772
 5 14 Z  550  888
 5 15 Z  550  879
 5 16 Z  550  970
 5 17 Z  550  941
 5 18 Z  550  919
 5 19 Z  550  977
 5 20 Z  550 1020
 5 21 Z  550  979
 5 22 Z  550  966
 5 23 Z  550  992
 5 24 Z  550 1055
 5 25 Z  550  966
 5 26 Z  550 1013
 5 27 Z  550 1010
 5 28 Z  550  979
 5 29 Z  550  993
 5 30 Z  550  917
 5 31 Z  550  985
 6  1 X    0  733
 6  2 X    0  728
 6  3 X    0  744
 6  4 X    0  770
 6  5 X    0  770
 6  6 X    0  783
 6  7 X    0  768
 6  8 X    0  763
 6  9 X    0  820
 6 10 X    0  786
 6 11 X    0  816
 6 12 X    0  722
 6 13 X    0  768
 6 14 X    0  771
 6 15 X    0  816
 6 16 X    0  787
 6 17 X    0  719
 6 18 X    0  752
 6 19 X    0  738
 6 20 X    0  708
 6 21 X    0  723
 6 22 X    0  764
 6 23 X    0  701
 6 24 X    0  739
 6 25 X    0  732
 6 26 X    0  811
 6 27 X    0  757
 6 28 X    0  775
 6 29 X    0  761
 6 30 X    0  768
 6  1 Y  -50 1004
 6  2 Y  -50 1049
 6  3 Y  -50 1036
 6  4 Y  -50 1006
 6  5 Y  -50 1004
 6  6 Y  -50 1016
 6  7 Y  -50  998
 6  8 Y  -50 1013
 6  9 Y  -50 1003
 6 10 Y  -50 1008
 6 11 Y  -50 1047
 6 12 Y  -50  986
 6 13 Y  -50 1001
 6 14 Y  -50 1005
 6 15 Y  -50  967
 6 16 Y  -50  988
 6 17 Y  -50 1019
 6 18 Y  -50 1045
 6 19 Y  -50 1035
 6 20 Y  -50 1032
 6 21 Y  -50 1043
 6 22 Y  -50 1063
 6 23 Y  -50 1063
 6 24 Y  -50 1009
 6 25 Y  -50 1041
 6 26 Y  -50 1019
 6 27 Y  -50 1062
 6 28 Y  -50 1008
 6 29 Y  -50 1029
 6 30 Y  -50 1057
 6  1 Z  550 1010
 6  2 Z  550 1002
 6  3 Z  550  979
 6  4 Z  550  877
 6  5 Z  550  913
 6  6 Z  550  832
 6  7 Z  550  833
 6  8 Z  550  838
 6  9 Z  550  804
 6 10 Z  550  865
 6 11 Z  550  778
 6 12 Z  550  926
 6 13 Z  550  950
 6 14 Z  550  898
 6 15 Z  550  833
 6 16 Z  550  845
 6 17 Z  550  928
 6 18 Z  550 1005
 6 19 Z  550 1016
 6 20 Z  550 1019
 6 21 Z  550 1039
 6 22 Z  550 1067
 6 23 Z  550 1003
 6 24 Z  550  943
 6 25 Z  550 1019
 6 26 Z  550  941
 6 27 Z  550  950
 6 28 Z  550  945
 6 29 Z  550  973
 6 30 Z  550  975
 7  1 X    0  752
 7  2 X    0  783
 7  3 X    0  741
 7  4 X    0  775
 7  5 X    0  811
 7  6 X    0  799
 7  7 X    0  805
 7  8 X    0  780
 7  9 X    0  787
 7 10 X    0  804
 7 11 X    0  710
 7 12 X    0  767
 7 13 X    0  742
 7 14 X    0  827
 7 15 X    0  787
 7 16 X    0  748
 7 17 X    0  713
 7 18 X    0  771
 7 19 X    0  727
 7 20 X    0  740
 7 21 X    0  735
 7 22 X    0  742
 7 23 X    0  735
 7 24 X    0  716
 7 25 X    0  740
 7 26 X    0  723
 7 27 X    0  771
 7 28 X    0  770
 7 29 X    0  759
 7 30 X    0  746
 7 31 X    0  782
 7  1 Y  -50 1014
 7  2 Y  -50 1021
 7  3 Y  -50  983
 7  4 Y  -50 1025
 7  5 Y  -50 1011
 7  6 Y  -50 1014
 7  7 Y  -50 1029
 7  8 Y  -50 1027
 7  9 Y  -50 1006
 7 10 Y  -50  940
 7 11 Y  -50  969
 7 12 Y  -50 1032
 7 13 Y  -50 1034
 7 14 Y  -50 1042
 7 15 Y  -50 1070
 7 16 Y  -50 1051
 7 17 Y  -50 1135
 7 18 Y  -50  975
 7 19 Y  -50 1011
 7 20 Y  -50 1012
 7 21 Y  -50 1043
 7 22 Y  -50 1031
 7 23 Y  -50 1011
 7 24 Y  -50 1082
 7 25 Y  -50 1034
 7 26 Y  -50 1029
 7 27 Y  -50 1019
 7 28 Y  -50 1024
 7 29 Y  -50 1017
 7 30 Y  -50 1027
 7 31 Y  -50 1021
 7  1 Z  550  985
 7  2 Z  550 1066
 7  3 Z  550 1031
 7  4 Z  550  879
 7  5 Z  550  807
 7  6 Z  550  840
 7  7 Z  550  855
 7  8 Z  550  842
 7  9 Z  550  841
 7 10 Z  550  818
 7 11 Z  550  635
 7 12 Z  550  929
 7 13 Z  550  989
 7 14 Z  550  944
 7 15 Z  550 1048
 7 16 Z  550 1034
 7 17 Z  550 1079
 7 18 Z  550 1090
 7 19 Z  550  999
 7 20 Z  550 1014
 7 21 Z  550 1024
 7 22 Z  550 1012
 7 23 Z  550 1065
 7 24 Z  550 1089
 7 25 Z  550 1034
 7 26 Z  550 1015
 7 27 Z  550 1016
 7 28 Z  550 1018
 7 29 Z  550 1001
 7 30 Z  550 1021
 7 31 Z  550  893
 8  1 X    0  810
 8  2 X    0  780
 8  3 X    0  799
 8  4 X    0  772
 8  5 X    0  765
 8  6 X    0  771
 8  7 X    0  759
 8  8 X    0  791
 8  9 X    0  757
 8 10 X    0  757
 8 11 X    0  760
 8 12 X    0  747
 8 13 X    0  747
 8 14 X    0  743
 8 15 X    0  731
 8 16 X    0  761
 8 17 X    0  797
 8 18 X    0  760
 8 19 X    0  750
 8 20 X    0  721
 8 21 X    0  727
 8 22 X    0  742
 8 23 X    0  756
 8 24 X    0  756
 8 25 X    0  751
 8 26 X    0  755
 8 27 X    0  750
 8 28 X    0  750
 8 29 X    0  824
 8 30 X    0  793
 8 31 X    0  766
 8  1 Y  -50 1018
 8  2 Y  -50 1006
 8  3 Y  -50 1036
 8  4 Y  -50 1057
 8  5 Y  -50 1029
 8  6 Y  -50 1034
 8  7 Y  -50 1033
 8  8 Y  -50 1029
 8  9 Y  -50 1047
 8 10 Y  -50 1015
 8 11 Y  -50 1042
 8 12 Y  -50 1048
 8 13 Y  -50 1037
 8 14 Y  -50 1032
 8 15 Y  -50 1042
 8 16 Y  -50 1092
 8 17 Y  -50 1032
 8 18 Y  -50 1035
 8 19 Y  -50 1023
 8 20 Y  -50 1085
 8 21 Y  -50 1012
 8 22 Y  -50 1020
 8 23 Y  -50 1017
 8 24 Y  -50 1028
 8 25 Y  -50 1038
 8 26 Y  -50 1016
 8 27 Y  -50 1003
 8 28 Y  -50 1017
 8 29 Y  -50 1001
 8 30 Y  -50 1003
 8 31 Y  -50 1023
 8  1 Z  550  843
 8  2 Z  550  877
 8  3 Z  550  902
 8  4 Z  550  886
 8  5 Z  550  880
 8  6 Z  550  851
 8  7 Z  550  860
 8  8 Z  550  923
 8  9 Z  550  931
 8 10 Z  550  907
 8 11 Z  550  966
 8 12 Z  550 1044
 8 13 Z  550  989
 8 14 Z  550 1041
 8 15 Z  550 1051
 8 16 Z  550 1030
 8 17 Z  550 1019
 8 18 Z  550 1045
 8 19 Z  550 1042
 8 20 Z  550 1202
 8 21 Z  550 1033
 8 22 Z  550 1026
 8 23 Z  550 1022
 8 24 Z  550 1023
 8 25 Z  550  983
 8 26 Z  550 1007
 8 27 Z  550 1005
 8 28 Z  550  999
 8 29 Z  550  834
 8 30 Z  550  882
 8 31 Z  550  919
 9  1 X    0  770
 9  2 X    0  758
 9  3 X    0  742
 9  4 X    0  775
 9  5 X    0  746
 9  6 X    0  754
 9  7 X    0  745
 9  8 X    0  743
 9  9 X    0  741
 9 10 X    0  741
 9 11 X    0  759
 9 12 X    0  740
 9 13 X    0  734
 9 14 X    0  765
 9 15 X    0  741
 9 16 X    0  748
 9 17 X    0  732
 9 18 X    0  740
 9 19 X    0  768
 9 20 X    0  735
 9 21 X    0  765
 9 22 X    0  777
 9 23 X    0  738
 9 24 X    0  753
 9 25 X    0  740
 9 26 X    0  756
 9 27 X    0  758
 9 28 X    0  757
 9 29 X    0  750
 9 30 X    0  722
 9  1 Y  -50 1044
 9  2 Y  -50 1011
 9  3 Y  -50 1016
 9  4 Y  -50 1048
 9  5 Y  -50 1002
 9  6 Y  -50 1007
 9  7 Y  -50 1032
 9  8 Y  -50 1042
 9  9 Y  -50 1028
 9 10 Y  -50 1016
 9 11 Y  -50 1020
 9 12 Y  -50 1026
 9 13 Y  -50 1014
 9 14 Y  -50 1035
 9 15 Y  -50 1027
 9 16 Y  -50 1022
 9 17 Y  -50 1031
 9 18 Y  -50 1029
 9 19 Y  -50  993
 9 20 Y  -50 1063
 9 21 Y  -50 1043
 9 22 Y  -50 1040
 9 23 Y  -50 1033
 9 24 Y  -50 1019
 9 25 Y  -50 1036
 9 26 Y  -50 1031
 9 27 Y  -50 1040
 9 28 Y  -50 1019
 9 29 Y  -50 1028
 9 30 Y  -50 1035
 9  1 Z  550  915
 9  2 Z  550  963
 9  3 Z  550  886
 9  4 Z  550  987
 9  5 Z  550  965
 9  6 Z  550  967
 9  7 Z  550 1017
 9  8 Z  550  975
 9  9 Z  550 1038
 9 10 Z  550 1036
 9 11 Z  550 1019
 9 12 Z  550 1008
 9 13 Z  550 1028
 9 14 Z  550 1028
 9 15 Z  550 1017
 9 16 Z  550 1015
 9 17 Z  550 1022
 9 18 Z  550 1026
 9 19 Z  550 1131
 9 20 Z  550  988
 9 21 Z  550 1046
 9 22 Z  550 1035
 9 23 Z  550  996
 9 24 Z  550  996
 9 25 Z  550  998
 9 26 Z  550  995
 9 27 Z  550  994
 9 28 Z  550 1002
 9 29 Z  550  989
 9 30 Z  550  991
10  1 X    0  755
10  2 X    0  757
10  3 X    0  727
10  4 X    0  754
10  5 X    0  740
10  6 X    0  733
10  7 X    0  745
10  8 X    0  753
10  9 X    0  746
10 10 X    0  737
10 11 X    0  740
10 12 X    0  738
10 13 X    0  748
10 14 X    0  735
10 15 X    0  732
10 16 X    0  746
10 17 X    0  734
10 18 X    0  740
10 19 X    0  751
10 20 X    0  758
10 21 X    0  740
10 22 X    0  737
10 23 X    0  760
10 24 X    0  737
10 25 X    0  745
10 26 X    0  734
10 27 X    0  756
10 28 X    0  751
10 29 X    0  747
10 30 X    0  733
10 31 X    0  NaN
10  1 Y  -50 1024
10  2 Y  -50 1021
10  3 Y  -50 1030
10  4 Y  -50 1025
10  5 Y  -50 1011
10  6 Y  -50 1044
10  7 Y  -50 1012
10  8 Y  -50 1022
10  9 Y  -50 1025
10 10 Y  -50 1017
10 11 Y  -50 1016
10 12 Y  -50 1026
10 13 Y  -50 1024
10 14 Y  -50 1029
10 15 Y  -50 1018
10 16 Y  -50 1026
10 17 Y  -50 1038
10 18 Y  -50 1024
10 19 Y  -50 1021
10 20 Y  -50 1022
10 21 Y  -50 1004
10 22 Y  -50 1041
10 23 Y  -50 1023
10 24 Y  -50 1017
10 25 Y  -50 1019
10 26 Y  -50 1039
10 27 Y  -50 1033
10 28 Y  -50 1020
10 29 Y  -50 1025
10 30 Y  -50  986
10 31 Y  -50  NaN
10  1 Z  550  999
10  2 Z  550 1020
10  3 Z  550 1025
10  4 Z  550 1018
10  5 Z  550 1003
10  6 Z  550 1012
10  7 Z  550 1017
10  8 Z  550 1009
10  9 Z  550 1006
10 10 Z  550  997
10 11 Z  550 1006
10 12 Z  550 1015
10 13 Z  550 1021
10 14 Z  550 1015
10 15 Z  550 1017
10 16 Z  550 1016
10 17 Z  550 1016
10 18 Z  550 1028
10 19 Z  550 1024
10 20 Z  550 1021
10 21 Z  550 1005
10 22 Z  550 1012
10 23 Z  550 1013
10 24 Z  550  998
10 25 Z  550 1010
10 26 Z  550 1016
10 27 Z  550 1021
10 28 Z  550 1017
10 29 Z  550 1005
10 30 Z  550 1005
10 31 Z  550 1021
11  1 X    0  738
11  2 X    0  729
11  3 X    0  727
11  4 X    0  NaN
11  5 X    0  765
11  6 X    0  739
11  7 X    0  734
11  8 X    0  747
11  9 X    0  728
11 10 X    0  744
11 11 X    0  747
11 12 X    0  746
11 13 X    0  742
11 14 X    0  729
11 15 X    0  748
11 16 X    0  722
11 17 X    0  760
11 18 X    0  747
11 19 X    0  NaN
11 20 X    0  752
11 21 X    0  NaN
11 22 X    0  745
11 23 X    0  745
11 24 X    0  737
11 25 X    0  734
11 26 X    0  756
11 27 X    0  736
11 28 X    0  754
11 29 X    0  737
11 30 X    0  726
11  1 Y  -50 1042
11  2 Y  -50 1017
11  3 Y  -50 1032
11  4 Y  -50  NaN
11  5 Y  -50 1026
11  6 Y  -50 1014
11  7 Y  -50 1021
11  8 Y  -50 1034
11  9 Y  -50 1019
11 10 Y  -50 1027
11 11 Y  -50 1020
11 12 Y  -50 1017
11 13 Y  -50 1023
11 14 Y  -50 1031
11 15 Y  -50 1020
11 16 Y  -50 1015
11 17 Y  -50 1023
11 18 Y  -50 1020
11 19 Y  -50  NaN
11 20 Y  -50 1013
11 21 Y  -50  NaN
11 22 Y  -50 1020
11 23 Y  -50 1039
11 24 Y  -50 1019
11 25 Y  -50 1030
11 26 Y  -50 1028
11 27 Y  -50 1025
11 28 Y  -50 1004
11 29 Y  -50 1034
11 30 Y  -50 1043
11  1 Z  550 1032
11  2 Z  550 1049
11  3 Z  550 1059
11  4 Z  550  NaN
11  5 Z  550 1052
11  6 Z  550 1045
11  7 Z  550 1024
11  8 Z  550 1026
11  9 Z  550 1019
11 10 Z  550 1034
11 11 Z  550 1023
11 12 Z  550 1020
11 13 Z  550 1022
11 14 Z  550 1023
11 15 Z  550 1023
11 16 Z  550 1012
11 17 Z  550  NaN
11 18 Z  550 1023
11 19 Z  550  NaN
11 20 Z  550 1017
11 21 Z  550  NaN
11 22 Z  550 1022
11 23 Z  550 1046
11 24 Z  550 1020
11 25 Z  550 1018
11 26 Z  550 1021
11 27 Z  550 1030
11 28 Z  550 1048
11 29 Z  550 1043
11 30 Z  550 1043
12  1 X    0  748
12  2 X    0  732
12  3 X    0  747
12  4 X    0  748
12  5 X    0  689
12  6 X    0  746
12  7 X    0  743
12  8 X    0  740
12  9 X    0  751
12 10 X    0  747
12 11 X    0  747
12 12 X    0  741
12 13 X    0  738
12 14 X    0  742
12 15 X    0  753
12 16 X    0  729
12 17 X    0  751
12 18 X    0  753
12 19 X    0  754
12 20 X    0  741
12 21 X    0  750
12 22 X    0  740
12 23 X    0  727
12 24 X    0  749
12 25 X    0  744
12 26 X    0  732
12 27 X    0  735
12 28 X    0  724
12 29 X    0  758
12 30 X    0  741
12 31 X    0  748
12  1 Y  -50 1044
12  2 Y  -50 1040
12  3 Y  -50 1053
12  4 Y  -50 1016
12  5 Y  -50 1059
12  6 Y  -50 1022
12  7 Y  -50 1017
12  8 Y  -50 1018
12  9 Y  -50 1025
12 10 Y  -50 1018
12 11 Y  -50 1020
12 12 Y  -50 1012
12 13 Y  -50 1006
12 14 Y  -50 1048
12 15 Y  -50 1031
12 16 Y  -50 1033
12 17 Y  -50 1021
12 18 Y  -50 1030
12 19 Y  -50 1049
12 20 Y  -50 1023
12 21 Y  -50 1018
12 22 Y  -50 1019
12 23 Y  -50 1034
12 24 Y  -50 1039
12 25 Y  -50 1028
12 26 Y  -50 1036
12 27 Y  -50 1034
12 28 Y  -50 1041
12 29 Y  -50 1034
12 30 Y  -50 1042
12 31 Y  -50 1025
12  1 Z  550 1045
12  2 Z  550 1055
12  3 Z  550 1072
12  4 Z  550 1033
12  5 Z  550 1050
12  6 Z  550 1046
12  7 Z  550 1034
12  8 Z  550 1030
12  9 Z  550 1027
12 10 Z  550 1027
12 11 Z  550 1022
12 12 Z  550 1026
12 13 Z  550 1029
12 14 Z  550 1041
12 15 Z  550 1048
12 16 Z  550 1038
12 17 Z  550 1030
12 18 Z  550 1027
12 19 Z  550 1032
12 20 Z  550 1021
12 21 Z  550 1015
12 22 Z  550 1014
12 23 Z  550 1027
12 24 Z  550 1031
12 25 Z  550 1018
12 26 Z  550 1032
12 27 Z  550 1047
12 28 Z  550 1074
12 29 Z  550 1050
12 30 Z  550 1045
12 31 Z  550  NaN
