 1  1 X   12  447
 1  2 X   12  447
 1  3 X   12  450
 1  4 X   12  442
 1  5 X   12  459
 1  6 X   12  439
 1  7 X   12  435
 1  8 X   12  435
 1  9 X   12  449
 1 10 X   12  448
 1 11 X   12  447
 1 12 X   12  444
 1 13 X   12  419
 1 14 X   12  447
 1 15 X   12  451
 1 16 X   12  459
 1 17 X   12  454
 1 18 X   12  438
 1 19 X   12  456
 1 20 X   12  439
 1 21 X   12  459
 1 22 X   12  429
 1 23 X   12  425
 1 24 X   12  447
 1 25 X   12  460
 1 26 X   12  457
 1 27 X   12  453
 1 28 X   12  447
 1 29 X   12  450
 1 30 X   12  458
 1 31 X   12  451
 1  1 Y  -31 -388
 1  2 Y  -31 -380
 1  3 Y  -31 -393
 1  4 Y  -31 -385
 1  5 Y  -31 -394
 1  6 Y  -31 -388
 1  7 Y  -31 -376
 1  8 Y  -31 -381
 1  9 Y  -31 -390
 1 10 Y  -31 -387
 1 11 Y  -31 -386
 1 12 Y  -31 -387
 1 13 Y  -31 -398
 1 14 Y  -31 -367
 1 15 Y  -31 -386
 1 16 Y  -31 -393
 1 17 Y  -31 -388
 1 18 Y  -31 -391
 1 19 Y  -31 -387
 1 20 Y  -31 -381
 1 21 Y  -31 -384
 1 22 Y  -31 -382
 1 23 Y  -31 -376
 1 24 Y  -31 -386
 1 25 Y  -31 -394
 1 26 Y  -31 -390
 1 27 Y  -31 -380
 1 28 Y  -31 -382
 1 29 Y  -31 -386
 1 30 Y  -31 -388
 1 31 Y  -31 -385
 1  1 Z  558  505
 1  2 Z  558  509
 1  3 Z  558  504
 1  4 Z  558  505
 1  5 Z  558  524
 1  6 Z  558  513
 1  7 Z  558  508
 1  8 Z  558  512
 1  9 Z  558  520
 1 10 Z  558  512
 1 11 Z  558  512
 1 12 Z  558  506
 1 13 Z  558  523
 1 14 Z  558  536
 1 15 Z  558  539
 1 16 Z  558  526
 1 17 Z  558  512
 1 18 Z  558  505
 1 19 Z  558  509
 1 20 Z  558  506
 1 21 Z  558  507
 1 22 Z  558  503
 1 23 Z  558  487
 1 24 Z  558  533
 1 25 Z  558  525
 1 26 Z  558  512
 1 27 Z  558  518
 1 28 Z  558  507
 1 29 Z  558  505
 1 30 Z  558  507
 1 31 Z  558  503
 2  1 X   12  452
 2  2 X   12  456
 2  3 X   12  448
 2  4 X   12  440
 2  5 X   12  446
 2  6 X   12  442
 2  7 X   12  450
 2  8 X   12  457
 2  9 X   12  448
 2 10 X   12  445
 2 11 X   12  453
 2 12 X   12  452
 2 13 X   12  457
 2 14 X   12  452
 2 15 X   12  457
 2 16 X   12  461
 2 17 X   12  458
 2 18 X   12  420
 2 19 X   12  463
 2 20 X   12  447
 2 21 X   12  455
 2 22 X   12  441
 2 23 X   12  456
 2 24 X   12  458
 2 25 X   12  455
 2 26 X   12  461
 2 27 X   12  458
 2 28 X   12  423
 2  1 Y  -31 -391
 2  2 Y  -31 -391
 2  3 Y  -31 -385
 2  4 Y  -31 -381
 2  5 Y  -31 -378
 2  6 Y  -31 -368
 2  7 Y  -31 -376
 2  8 Y  -31 -382
 2  9 Y  -31 -385
 2 10 Y  -31 -384
 2 11 Y  -31 -367
 2 12 Y  -31 -365
 2 13 Y  -31 -388
 2 14 Y  -31 -369
 2 15 Y  -31 -388
 2 16 Y  -31 -385
 2 17 Y  -31 -364
 2 18 Y  -31 -347
 2 19 Y  -31 -375
 2 20 Y  -31 -396
 2 21 Y  -31 -399
 2 22 Y  -31 -399
 2 23 Y  -31 -381
 2 24 Y  -31 -367
 2 25 Y  -31 -385
 2 26 Y  -31 -390
 2 27 Y  -31 -387
 2 28 Y  -31 -393
 2  1 Z  558  498
 2  2 Z  558  502
 2  3 Z  558  502
 2  4 Z  558  506
 2  5 Z  558  509
 2  6 Z  558  512
 2  7 Z  558  513
 2  8 Z  558  508
 2  9 Z  558  504
 2 10 Z  558  505
 2 11 Z  558  512
 2 12 Z  558  513
 2 13 Z  558  502
 2 14 Z  558  501
 2 15 Z  558  509
 2 16 Z  558  506
 2 17 Z  558  503
 2 18 Z  558  540
 2 19 Z  558  556
 2 20 Z  558  496
 2 21 Z  558  501
 2 22 Z  558  500
 2 23 Z  558  507
 2 24 Z  558  509
 2 25 Z  558  496
 2 26 Z  558  504
 2 27 Z  558  494
 2 28 Z  558  502
 3  1 X   12  453
 3  2 X   12  457
 3  3 X   12  449
 3  4 X   12  451
 3  5 X   12  464
 3  6 X   12  440
 3  7 X   12  451
 3  8 X   12  447
 3  9 X   12  464
 3 10 X   12  486
 3 11 X   12  464
 3 12 X   12  449
 3 13 X   12  461
 3 14 X   12  466
 3 15 X   12  485
 3 16 X   12  465
 3 17 X   12  457
 3 18 X   12  471
 3 19 X   12  444
 3 20 X   12  474
 3 21 X   12  471
 3 22 X   12  476
 3 23 X   12  461
 3 24 X   12  467
 3 25 X   12  446
 3 26 X   12  475
 3 27 X   12  468
 3 28 X   12  478
 3 29 X   12  466
 3 30 X   12  454
 3 31 X   12  461
 3  1 Y  -31 -377
 3  2 Y  -31 -401
 3  3 Y  -31 -357
 3  4 Y  -31 -365
 3  5 Y  -31 -389
 3  6 Y  -31 -373
 3  7 Y  -31 -390
 3  8 Y  -31 -389
 3  9 Y  -31 -373
 3 10 Y  -31 -386
 3 11 Y  -31 -379
 3 12 Y  -31 -395
 3 13 Y  -31 -389
 3 14 Y  -31 -401
 3 15 Y  -31 -368
 3 16 Y  -31 -400
 3 17 Y  -31 -391
 3 18 Y  -31 -388
 3 19 Y  -31 -379
 3 20 Y  -31 -376
 3 21 Y  -31 -389
 3 22 Y  -31 -392
 3 23 Y  -31 -400
 3 24 Y  -31 -391
 3 25 Y  -31 -397
 3 26 Y  -31 -376
 3 27 Y  -31 -392
 3 28 Y  -31 -388
 3 29 Y  -31 -362
 3 30 Y  -31 -370
 3 31 Y  -31 -364
 3  1 Z  558  530
 3  2 Z  558  526
 3  3 Z  558  535
 3  4 Z  558  532
 3  5 Z  558  518
 3  6 Z  558  536
 3  7 Z  558  530
 3  8 Z  558  525
 3  9 Z  558  530
 3 10 Z  558  548
 3 11 Z  558  507
 3 12 Z  558  481
 3 13 Z  558  494
 3 14 Z  558  498
 3 15 Z  558  519
 3 16 Z  558  492
 3 17 Z  558  481
 3 18 Z  558  483
 3 19 Z  558  477
 3 20 Z  558  475
 3 21 Z  558  457
 3 22 Z  558  461
 3 23 Z  558  463
 3 24 Z  558  483
 3 25 Z  558  453
 3 26 Z  558  491
 3 27 Z  558  482
 3 28 Z  558  494
 3 29 Z  558  516
 3 30 Z  558  527
 3 31 Z  558  532
 4  1 X   12  456
 4  2 X   12  465
 4  3 X   12  464
 4  4 X   12  463
 4  5 X   12  481
 4  6 X   12  462
 4  7 X   12  474
 4  8 X   12  456
 4  9 X   12  471
 4 10 X   12  463
 4 11 X   12  491
 4 12 X   12  480
 4 13 X   12  470
 4 14 X   12  476
 4 15 X   12  478
 4 16 X   12  440
 4 17 X   12  531
 4 18 X   12  469
 4 19 X   12  473
 4 20 X   12  499
 4 21 X   12  466
 4 22 X   12  506
 4 23 X   12  475
 4 24 X   12  479
 4 25 X   12  491
 4 26 X   12  442
 4 27 X   12  431
 4 28 X   12  476
 4 29 X   12  464
 4 30 X   12  472
 4  1 Y  -31 -379
 4  2 Y  -31 -358
 4  3 Y  -31 -385
 4  4 Y  -31 -375
 4  5 Y  -31 -360
 4  6 Y  -31 -382
 4  7 Y  -31 -373
 4  8 Y  -31 -353
 4  9 Y  -31 -391
 4 10 Y  -31 -383
 4 11 Y  -31 -382
 4 12 Y  -31 -397
 4 13 Y  -31 -382
 4 14 Y  -31 -383
 4 15 Y  -31 -396
 4 16 Y  -31 -386
 4 17 Y  -31 -410
 4 18 Y  -31 -386
 4 19 Y  -31 -375
 4 20 Y  -31 -368
 4 21 Y  -31 -365
 4 22 Y  -31 -408
 4 23 Y  -31 -384
 4 24 Y  -31 -394
 4 25 Y  -31 -386
 4 26 Y  -31 -343
 4 27 Y  -31 -372
 4 28 Y  -31 -353
 4 29 Y  -31 -370
 4 30 Y  -31 -373
 4  1 Z  558  554
 4  2 Z  558  549
 4  3 Z  558  521
 4  4 Z  558  517
 4  5 Z  558  516
 4  6 Z  558  520
 4  7 Z  558  512
 4  8 Z  558  494
 4  9 Z  558  493
 4 10 Z  558  475
 4 11 Z  558  465
 4 12 Z  558  466
 4 13 Z  558  481
 4 14 Z  558  463
 4 15 Z  558  479
 4 16 Z  558  467
 4 17 Z  558  444
 4 18 Z  558  480
 4 19 Z  558  496
 4 20 Z  558  483
 4 21 Z  558  445
 4 22 Z  558  426
 4 23 Z  558  473
 4 24 Z  558  460
 4 25 Z  558  449
 4 26 Z  558  515
 4 27 Z  558  512
 4 28 Z  558  535
 4 29 Z  558  528
 4 30 Z  558  522
 5  1 X   12  476
 5  2 X   12  473
 5  3 X   12  478
 5  4 X   12  499
 5  5 X   12  485
 5  6 X   12  517
 5  7 X   12  484
 5  8 X   12  476
 5  9 X   12  504
 5 10 X   12  496
 5 11 X   12  583
 5 12 X   12  531
 5 13 X   12  475
 5 14 X   12  470
 5 15 X   12  468
 5 16 X   12  476
 5 17 X   12  495
 5 18 X   12  515
 5 19 X   12  495
 5 20 X   12  478
 5 21 X   12  489
 5 22 X   12  493
 5 23 X   12  510
 5 24 X   12  469
 5 25 X   12  496
 5 26 X   12  481
 5 27 X   12  474
 5 28 X   12  470
 5 29 X   12  485
 5 30 X   12  500
 5 31 X   12  466
 5  1 Y  -31 -360
 5  2 Y  -31 -356
 5  3 Y  -31 -369
 5  4 Y  -31 -393
 5  5 Y  -31 -383
 5  6 Y  -31 -390
 5  7 Y  -31 -388
 5  8 Y  -31 -387
 5  9 Y  -31 -401
 5 10 Y  -31 -393
 5 11 Y  -31 -413
 5 12 Y  -31 -408
 5 13 Y  -31 -360
 5 14 Y  -31 -376
 5 15 Y  -31 -373
 5 16 Y  -31 -379
 5 17 Y  -31 -373
 5 18 Y  -31 -366
 5 19 Y  -31 -385
 5 20 Y  -31 -375
 5 21 Y  -31 -399
 5 22 Y  -31 -381
 5 23 Y  -31 -371
 5 24 Y  -31 -394
 5 25 Y  -31 -384
 5 26 Y  -31 -365
 5 27 Y  -31 -397
 5 28 Y  -31 -370
 5 29 Y  -31 -366
 5 30 Y  -31 -350
 5 31 Y  -31 -380
 5  1 Z  558  516
 5  2 Z  558  519
 5  3 Z  558  512
 5  4 Z  558  443
 5  5 Z  558  498
 5  6 Z  558  431
 5  7 Z  558  477
 5  8 Z  558  474
 5  9 Z  558  436
 5 10 Z  558  427
 5 11 Z  558  397
 5 12 Z  558  403
 5 13 Z  558  531
 5 14 Z  558  517
 5 15 Z  558  476
 5 16 Z  558  501
 5 17 Z  558  441
 5 18 Z  558  383
 5 19 Z  558  426
 5 20 Z  558  447
 5 21 Z  558  417
 5 22 Z  558  474
 5 23 Z  558  459
 5 24 Z  558  476
 5 25 Z  558  527
 5 26 Z  558  495
 5 27 Z  558  506
 5 28 Z  558  474
 5 29 Z  558  429
 5 30 Z  558  466
 5 31 Z  558  515
 6  1 X   12  470
 6  2 X   12  498
 6  3 X   12  525
 6  4 X   12  558
 6  5 X   12  476
 6  6 X   12  527
 6  7 X   12  505
 6  8 X   12  482
 6  9 X   12  435
 6 10 X   12  479
 6 11 X   12  467
 6 12 X   12  449
 6 13 X   12  456
 6 14 X   12  467
 6 15 X   12  485
 6 16 X   12  519
 6 17 X   12  532
 6 18 X   12  531
 6 19 X   12  521
 6 20 X   12  570
 6 21 X   12  532
 6 22 X   12  507
 6 23 X   12  466
 6 24 X   12  502
 6 25 X   12  509
 6 26 X   12  592
 6 27 X   12  547
 6 28 X   12  510
 6 29 X   12  542
 6 30 X   12  487
 6  1 Y  -31 -386
 6  2 Y  -31 -425
 6  3 Y  -31 -396
 6  4 Y  -31 -400
 6  5 Y  -31 -376
 6  6 Y  -31 -417
 6  7 Y  -31 -378
 6  8 Y  -31 -380
 6  9 Y  -31 -357
 6 10 Y  -31 -355
 6 11 Y  -31 -355
 6 12 Y  -31 -356
 6 13 Y  -31 -366
 6 14 Y  -31 -377
 6 15 Y  -31 -371
 6 16 Y  -31 -383
 6 17 Y  -31 -415
 6 18 Y  -31 -400
 6 19 Y  -31 -384
 6 20 Y  -31 -409
 6 21 Y  -31 -395
 6 22 Y  -31 -396
 6 23 Y  -31 -354
 6 24 Y  -31 -383
 6 25 Y  -31 -384
 6 26 Y  -31 -396
 6 27 Y  -31 -375
 6 28 Y  -31 -372
 6 29 Y  -31 -383
 6 30 Y  -31 -393
 6  1 Z  558  483
 6  2 Z  558  413
 6  3 Z  558  432
 6  4 Z  558  362
 6  5 Z  558  439
 6  6 Z  558  421
 6  7 Z  558  394
 6  8 Z  558  445
 6  9 Z  558  484
 6 10 Z  558  515
 6 11 Z  558  510
 6 12 Z  558  499
 6 13 Z  558  525
 6 14 Z  558  509
 6 15 Z  558  493
 6 16 Z  558  419
 6 17 Z  558  313
 6 18 Z  558  373
 6 19 Z  558  389
 6 20 Z  558  347
 6 21 Z  558  381
 6 22 Z  558  429
 6 23 Z  558  520
 6 24 Z  558  421
 6 25 Z  558  432
 6 26 Z  558  310
 6 27 Z  558  320
 6 28 Z  558  426
 6 29 Z  558  424
 6 30 Z  558  418
 7  1 X   12  534
 7  2 X   12  466
 7  3 X   12  530
 7  4 X   12  438
 7  5 X   12  437
 7  6 X   12  459
 7  7 X   12  482
 7  8 X   12  464
 7  9 X   12  464
 7 10 X   12  419
 7 11 X   12  493
 7 12 X   12  500
 7 13 X   12  501
 7 14 X   12  508
 7 15 X   12  529
 7 16 X   12  511
 7 17 X   12  521
 7 18 X   12  494
 7 19 X   12  481
 7 20 X   12  510
 7 21 X   12  526
 7 22 X   12  534
 7 23 X   12  516
 7 24 X   12  512
 7 25 X   12  523
 7 26 X   12  534
 7 27 X   12  566
 7 28 X   12  498
 7 29 X   12  516
 7 30 X   12  480
 7 31 X   12  440
 7  1 Y  -31 -406
 7  2 Y  -31 -355
 7  3 Y  -31 -384
 7  4 Y  -31 -350
 7  5 Y  -31 -360
 7  6 Y  -31 -400
 7  7 Y  -31 -373
 7  8 Y  -31 -331
 7  9 Y  -31 -364
 7 10 Y  -31 -362
 7 11 Y  -31 -372
 7 12 Y  -31 -385
 7 13 Y  -31 -388
 7 14 Y  -31 -374
 7 15 Y  -31 -373
 7 16 Y  -31 -393
 7 17 Y  -31 -385
 7 18 Y  -31 -368
 7 19 Y  -31 -383
 7 20 Y  -31 -393
 7 21 Y  -31 -380
 7 22 Y  -31 -362
 7 23 Y  -31 -389
 7 24 Y  -31 -399
 7 25 Y  -31 -392
 7 26 Y  -31 -388
 7 27 Y  -31 -407
 7 28 Y  -31 -359
 7 29 Y  -31 -390
 7 30 Y  -31 -355
 7 31 Y  -31 -391
 7  1 Z  558  344
 7  2 Z  558  480
 7  3 Z  558  457
 7  4 Z  558  545
 7  5 Z  558  543
 7  6 Z  558  531
 7  7 Z  558  485
 7  8 Z  558  528
 7  9 Z  558  530
 7 10 Z  558  539
 7 11 Z  558  504
 7 12 Z  558  461
 7 13 Z  558  408
 7 14 Z  558  435
 7 15 Z  558  398
 7 16 Z  558  414
 7 17 Z  558  391
 7 18 Z  558  469
 7 19 Z  558  486
 7 20 Z  558  457
 7 21 Z  558  404
 7 22 Z  558  367
 7 23 Z  558  413
 7 24 Z  558  401
 7 25 Z  558  408
 7 26 Z  558  388
 7 27 Z  558  344
 7 28 Z  558  401
 7 29 Z  558  426
 7 30 Z  558  499
 7 31 Z  558  523
 8  1 X   12  501
 8  2 X   12  490
 8  3 X   12  501
 8  4 X   12  486
 8  5 X   12  485
 8  6 X   12  481
 8  7 X   12  548
 8  8 X   12  482
 8  9 X   12  587
 8 10 X   12  456
 8 11 X   12  437
 8 12 X   12  495
 8 13 X   12  478
 8 14 X   12  498
 8 15 X   12  480
 8 16 X   12  506
 8 17 X   12  527
 8 18 X   12  532
 8 19 X   12  545
 8 20 X   12  518
 8 21 X   12  527
 8 22 X   12  498
 8 23 X   12  514
 8 24 X   12  513
 8 25 X   12  439
 8 26 X   12  458
 8 27 X   12  476
 8 28 X   12  497
 8 29 X   12  480
 8 30 X   12  511
 8 31 X   12  487
 8  1 Y  -31 -382
 8  2 Y  -31 -358
 8  3 Y  -31 -399
 8  4 Y  -31 -381
 8  5 Y  -31 -372
 8  6 Y  -31 -358
 8  7 Y  -31 -402
 8  8 Y  -31 -372
 8  9 Y  -31 -396
 8 10 Y  -31 -343
 8 11 Y  -31 -355
 8 12 Y  -31 -377
 8 13 Y  -31 -370
 8 14 Y  -31 -378
 8 15 Y  -31 -331
 8 16 Y  -31 -349
 8 17 Y  -31 -372
 8 18 Y  -31 -375
 8 19 Y  -31 -384
 8 20 Y  -31 -364
 8 21 Y  -31 -380
 8 22 Y  -31 -360
 8 23 Y  -31 -387
 8 24 Y  -31 -377
 8 25 Y  -31 -326
 8 26 Y  -31 -349
 8 27 Y  -31 -355
 8 28 Y  -31 -354
 8 29 Y  -31 -377
 8 30 Y  -31 -359
 8 31 Y  -31 -367
 8  1 Z  558  490
 8  2 Z  558  479
 8  3 Z  558  447
 8  4 Z  558  496
 8  5 Z  558  473
 8  6 Z  558  400
 8  7 Z  558  356
 8  8 Z  558  418
 8  9 Z  558  412
 8 10 Z  558  523
 8 11 Z  558  559
 8 12 Z  558  477
 8 13 Z  558  521
 8 14 Z  558  485
 8 15 Z  558  552
 8 16 Z  558  422
 8 17 Z  558  424
 8 18 Z  558  402
 8 19 Z  558  378
 8 20 Z  558  500
 8 21 Z  558  443
 8 22 Z  558  439
 8 23 Z  558  440
 8 24 Z  558  486
 8 25 Z  558  564
 8 26 Z  558  479
 8 27 Z  558  531
 8 28 Z  558  502
 8 29 Z  558  506
 8 30 Z  558  435
 8 31 Z  558  441
 9  1 X   12  518
 9  2 X   12  526
 9  3 X   12  535
 9  4 X   12  511
 9  5 X   12  515
 9  6 X   12  494
 9  7 X   12  482
 9  8 X   12  486
 9  9 X   12  473
 9 10 X   12  488
 9 11 X   12  497
 9 12 X   12  460
 9 13 X   12  508
 9 14 X   12  515
 9 15 X   12  582
 9 16 X   12  511
 9 17 X   12  484
 9 18 X   12  513
 9 19 X   12  508
 9 20 X   12  497
 9 21 X   12  471
 9 22 X   12  468
 9 23 X   12  498
 9 24 X   12  486
 9 25 X   12  491
 9 26 X   12  478
 9 27 X   12  484
 9 28 X   12  483
 9 29 X   12  511
 9 30 X   12  517
 9  1 Y  -31 -376
 9  2 Y  -31 -384
 9  3 Y  -31 -356
 9  4 Y  -31 -371
 9  5 Y  -31 -393
 9  6 Y  -31 -383
 9  7 Y  -31 -359
 9  8 Y  -31 -351
 9  9 Y  -31 -363
 9 10 Y  -31 -365
 9 11 Y  -31 -384
 9 12 Y  -31 -369
 9 13 Y  -31 -369
 9 14 Y  -31 -365
 9 15 Y  -31 -373
 9 16 Y  -31 -368
 9 17 Y  -31 -357
 9 18 Y  -31 -354
 9 19 Y  -31 -376
 9 20 Y  -31 -380
 9 21 Y  -31 -380
 9 22 Y  -31 -379
 9 23 Y  -31 -376
 9 24 Y  -31 -359
 9 25 Y  -31 -372
 9 26 Y  -31 -360
 9 27 Y  -31 -347
 9 28 Y  -31 -376
 9 29 Y  -31 -395
 9 30 Y  -31 -375
 9  1 Z  558  452
 9  2 Z  558  415
 9  3 Z  558  462
 9  4 Z  558  475
 9  5 Z  558  439
 9  6 Z  558  497
 9  7 Z  558  524
 9  8 Z  558  538
 9  9 Z  558  525
 9 10 Z  558  526
 9 11 Z  558  530
 9 12 Z  558  461
 9 13 Z  558  515
 9 14 Z  558  506
 9 15 Z  558  455
 9 16 Z  558  512
 9 17 Z  558  496
 9 18 Z  558  502
 9 19 Z  558  482
 9 20 Z  558  473
 9 21 Z  558  489
 9 22 Z  558  545
 9 23 Z  558  558
 9 24 Z  558  547
 9 25 Z  558  530
 9 26 Z  558  534
 9 27 Z  558  506
 9 28 Z  558  508
 9 29 Z  558  517
 9 30 Z  558  519
10  1 X   12  493
10  2 X   12  500
10  3 X   12  485
10  4 X   12  488
10  5 X   12  488
10  6 X   12  489
10  7 X   12  498
10  8 X   12  499
10  9 X   12  489
10 10 X   12  499
10 11 X   12  501
10 12 X   12  480
10 13 X   12  473
10 14 X   12  495
10 15 X   12  502
10 16 X   12  486
10 17 X   12  519
10 18 X   12  492
10 19 X   12  510
10 20 X   12  499
10 21 X   12  472
10 22 X   12  501
10 23 X   12  474
10 24 X   12  509
10 25 X   12  504
10 26 X   12  493
10 27 X   12  484
10 28 X   12  472
10 29 X   12  504
10 30 X   12  500
10 31 X   12  498
10  1 Y  -31 -379
10  2 Y  -31 -368
10  3 Y  -31 -364
10  4 Y  -31 -373
10  5 Y  -31 -362
10  6 Y  -31 -354
10  7 Y  -31 -369
10  8 Y  -31 -375
10  9 Y  -31 -379
10 10 Y  -31 -342
10 11 Y  -31 -382
10 12 Y  -31 -370
10 13 Y  -31 -365
10 14 Y  -31 -363
10 15 Y  -31 -377
10 16 Y  -31 -379
10 17 Y  -31 -362
10 18 Y  -31 -375
10 19 Y  -31 -380
10 20 Y  -31 -385
10 21 Y  -31 -337
10 22 Y  -31 -381
10 23 Y  -31 -389
10 24 Y  -31 -372
10 25 Y  -31 -351
10 26 Y  -31 -361
10 27 Y  -31 -361
10 28 Y  -31 -368
10 29 Y  -31 -370
10 30 Y  -31 -363
10 31 Y  -31 -371
10  1 Z  558  497
10  2 Z  558  516
10  3 Z  558  513
10  4 Z  558  507
10  5 Z  558  530
10  6 Z  558  527
10  7 Z  558  524
10  8 Z  558  513
10  9 Z  558  514
10 10 Z  558  525
10 11 Z  558  521
10 12 Z  558  535
10 13 Z  558  520
10 14 Z  558  520
10 15 Z  558  539
10 16 Z  558  528
10 17 Z  558  534
10 18 Z  558  501
10 19 Z  558  528
10 20 Z  558  497
10 21 Z  558  559
10 22 Z  558  561
10 23 Z  558  545
10 24 Z  558  558
10 25 Z  558  547
10 26 Z  558  525
10 27 Z  558  532
10 28 Z  558  520
10 29 Z  558  536
10 30 Z  558  525
10 31 Z  558  531
11  1 X   12  501
11  2 X   12  501
11  3 X   12  498
11  4 X   12  504
11  5 X   12  495
11  6 X   12  489
11  7 X   12  483
11  8 X   12  491
11  9 X   12  497
11 10 X   12  488
11 11 X   12  499
11 12 X   12  489
11 13 X   12  467
11 14 X   12  499
11 15 X   12  507
11 16 X   12  495
11 17 X   12  484
11 18 X   12  487
11 19 X   12  490
11 20 X   12  508
11 21 X   12  507
11 22 X   12  497
11 23 X   12  487
11 24 X   12  504
11 25 X   12  500
11 26 X   12  509
11 27 X   12  504
11 28 X   12  500
11 29 X   12  503
11 30 X   12  506
11  1 Y  -31 -368
11  2 Y  -31 -379
11  3 Y  -31 -377
11  4 Y  -31 -376
11  5 Y  -31 -379
11  6 Y  -31 -374
11  7 Y  -31 -375
11  8 Y  -31 -361
11  9 Y  -31 -366
11 10 Y  -31 -382
11 11 Y  -31 -380
11 12 Y  -31 -378
11 13 Y  -31 -358
11 14 Y  -31 -362
11 15 Y  -31 -377
11 16 Y  -31 -352
11 17 Y  -31 -375
11 18 Y  -31 -372
11 19 Y  -31 -364
11 20 Y  -31 -385
11 21 Y  -31 -377
11 22 Y  -31 -355
11 23 Y  -31 -364
11 24 Y  -31 -358
11 25 Y  -31 -364
11 26 Y  -31 -369
11 27 Y  -31 -373
11 28 Y  -31 -365
11 29 Y  -31 -374
11 30 Y  -31 -369
11  1 Z  558  529
11  2 Z  558  527
11  3 Z  558  525
11  4 Z  558  518
11  5 Z  558  514
11  6 Z  558  511
11  7 Z  558  521
11  8 Z  558  541
11  9 Z  558  555
11 10 Z  558  522
11 11 Z  558  547
11 12 Z  558  523
11 13 Z  558  549
11 14 Z  558  541
11 15 Z  558  527
11 16 Z  558  534
11 17 Z  558  536
11 18 Z  558  542
11 19 Z  558  537
11 20 Z  558  532
11 21 Z  558  534
11 22 Z  558  518
11 23 Z  558  529
11 24 Z  558  534
11 25 Z  558  528
11 26 Z  558  526
11 27 Z  558  518
11 28 Z  558  515
11 29 Z  558  517
11 30 Z  558  522
12  1 X   12  497
12  2 X   12  500
12  3 X   12  492
12  4 X   12  490
12  5 X   12  511
12  6 X   12  511
12  7 X   12  497
12  8 X   12  494
12  9 X   12  514
12 10 X   12  495
12 11 X   12  521
12 12 X   12  491
12 13 X   12  535
12 14 X   12  509
12 15 X   12  502
12 16 X   12  507
12 17 X   12  507
12 18 X   12  502
12 19 X   12  510
12 20 X   12  509
12 21 X   12  511
12 22 X   12  510
12 23 X   12  506
12 24 X   12  516
12 25 X   12  516
12 26 X   12  513
12 27 X   12  509
12 28 X   12  507
12 29 X   12  510
12 30 X   12  510
12 31 X   12  490
12  1 Y  -31 -370
12  2 Y  -31 -377
12  3 Y  -31 -364
12  4 Y  -31 -349
12  5 Y  -31 -368
12  6 Y  -31 -357
12  7 Y  -31 -376
12  8 Y  -31 -375
12  9 Y  -31 -371
12 10 Y  -31 -365
12 11 Y  -31 -363
12 12 Y  -31 -380
12 13 Y  -31 -364
12 14 Y  -31 -372
12 15 Y  -31 -374
12 16 Y  -31 -379
12 17 Y  -31 -370
12 18 Y  -31 -374
12 19 Y  -31 -368
12 20 Y  -31 -373
12 21 Y  -31 -373
12 22 Y  -31 -374
12 23 Y  -31 -375
12 24 Y  -31 -373
12 25 Y  -31 -367
12 26 Y  -31 -373
12 27 Y  -31 -375
12 28 Y  -31 -381
12 29 Y  -31 -381
12 30 Y  -31 -375
12 31 Y  -31 -382
12  1 Z  558  515
12  2 Z  558  512
12  3 Z  558  508
12  4 Z  558  538
12  5 Z  558  541
12  6 Z  558  541
12  7 Z  558  530
12  8 Z  558  526
12  9 Z  558  531
12 10 Z  558  521
12 11 Z  558  525
12 12 Z  558  523
12 13 Z  558  559
12 14 Z  558  526
12 15 Z  558  525
12 16 Z  558  520
12 17 Z  558  513
12 18 Z  558  512
12 19 Z  558  513
12 20 Z  558  510
12 21 Z  558  507
12 22 Z  558  505
12 23 Z  558  503
12 24 Z  558  503
12 25 Z  558  511
12 26 Z  558  504
12 27 Z  558  512
12 28 Z  558  508
12 29 Z  558  514
12 30 Z  558  507
12 31 Z  558  552
