 1  1 X    0  783
 1  2 X    0  785
 1  3 X    0  784
 1  4 X    0  772
 1  5 X    0  788
 1  6 X    0  788
 1  7 X    0  785
 1  8 X    0  787
 1  9 X    0  788
 1 10 X    0  789
 1 11 X    0  773
 1 12 X    0  783
 1 13 X    0  785
 1 14 X    0  766
 1 15 X    0  797
 1 16 X    0  772
 1 17 X    0  786
 1 18 X    0  783
 1 19 X    0  771
 1 20 X    0  792
 1 21 X    0  789
 1 22 X    0  786
 1 23 X    0  789
 1 24 X    0  776
 1 25 X    0  785
 1 26 X    0  789
 1 27 X    0  787
 1 28 X    0  786
 1 29 X    0  776
 1 30 X    0  793
 1 31 X    0  788
 1  1 Y  -50 1063
 1  2 Y  -50 1061
 1  3 Y  -50 1064
 1  4 Y  -50 1068
 1  5 Y  -50 1072
 1  6 Y  -50 1060
 1  7 Y  -50 1063
 1  8 Y  -50 1061
 1  9 Y  -50 1062
 1 10 Y  -50 1061
 1 11 Y  -50 1061
 1 12 Y  -50 1062
 1 13 Y  -50 1068
 1 14 Y  -50 1074
 1 15 Y  -50 1068
 1 16 Y  -50 1064
 1 17 Y  -50 1067
 1 18 Y  -50 1052
 1 19 Y  -50 1070
 1 20 Y  -50 1067
 1 21 Y  -50 1062
 1 22 Y  -50 1061
 1 23 Y  -50 1058
 1 24 Y  -50 1063
 1 25 Y  -50 1064
 1 26 Y  -50 1063
 1 27 Y  -50 1063
 1 28 Y  -50 1063
 1 29 Y  -50 1059
 1 30 Y  -50 1082
 1 31 Y  -50 1082
 1  1 Z  550  NaN
 1  2 Z  550 1103
 1  3 Z  550 1101
 1  4 Z  550 1099
 1  5 Z  550 1101
 1  6 Z  550 1097
 1  7 Z  550 1101
 1  8 Z  550 1103
 1  9 Z  550 1098
 1 10 Z  550 1099
 1 11 Z  550 1098
 1 12 Z  550 1102
 1 13 Z  550 1117
 1 14 Z  550 1124
 1 15 Z  550 1132
 1 16 Z  550 1141
 1 17 Z  550 1123
 1 18 Z  550 1121
 1 19 Z  550 1131
 1 20 Z  550 1115
 1 21 Z  550 1105
 1 22 Z  550 1102
 1 23 Z  550 1101
 1 24 Z  550 1103
 1 25 Z  550 1110
 1 26 Z  550 1106
 1 27 Z  550 1101
 1 28 Z  550 1100
 1 29 Z  550 1098
 1 30 Z  550 1135
 1 31 Z  550 1179
 2  1 X    0  759
 2  2 X    0  789
 2  3 X    0  781
 2  4 X    0  783
 2  5 X    0  782
 2  6 X    0  788
 2  7 X    0  784
 2  8 X    0  790
 2  9 X    0  778
 2 10 X    0  791
 2 11 X    0  786
 2 12 X    0  792
 2 13 X    0  774
 2 14 X    0  793
 2 15 X    0  784
 2 16 X    0  779
 2 17 X    0  NaN
 2 18 X    0  NaN
 2 19 X    0  NaN
 2 20 X    0  NaN
 2 21 X    0  NaN
 2 22 X    0  NaN
 2 23 X    0  NaN
 2 24 X    0  NaN
 2 25 X    0  NaN
 2 26 X    0  NaN
 2 27 X    0  NaN
 2 28 X    0  NaN
 2  1 Y  -50 1075
 2  2 Y  -50 1057
 2  3 Y  -50 1063
 2  4 Y  -50 1060
 2  5 Y  -50 1070
 2  6 Y  -50 1067
 2  7 Y  -50 1062
 2  8 Y  -50 1063
 2  9 Y  -50 1055
 2 10 Y  -50 1076
 2 11 Y  -50 1064
 2 12 Y  -50 1053
 2 13 Y  -50 1077
 2 14 Y  -50 1064
 2 15 Y  -50 1081
 2 16 Y  -50 1069
 2 17 Y  -50  NaN
 2 18 Y  -50  NaN
 2 19 Y  -50  NaN
 2 20 Y  -50  NaN
 2 21 Y  -50  NaN
 2 22 Y  -50  NaN
 2 23 Y  -50  NaN
 2 24 Y  -50  NaN
 2 25 Y  -50  NaN
 2 26 Y  -50  NaN
 2 27 Y  -50  NaN
 2 28 Y  -50  NaN
 2  1 Z  550  NaN
 2  2 Z  550  NaN
 2  3 Z  550  NaN
 2  4 Z  550  NaN
 2  5 Z  550  NaN
 2  6 Z  550  NaN
 2  7 Z  550  NaN
 2  8 Z  550  NaN
 2  9 Z  550  NaN
 2 10 Z  550  NaN
 2 11 Z  550  NaN
 2 12 Z  550  NaN
 2 13 Z  550  NaN
 2 14 Z  550  NaN
 2 15 Z  550  NaN
 2 16 Z  550  NaN
 2 17 Z  550  NaN
 2 18 Z  550  NaN
 2 19 Z  550  NaN
 2 20 Z  550  NaN
 2 21 Z  550  NaN
 2 22 Z  550  NaN
 2 23 Z  550  NaN
 2 24 Z  550  NaN
 2 25 Z  550  NaN
 2 26 Z  550  NaN
 2 27 Z  550  NaN
 2 28 Z  550  NaN
 3  1 X    0  790
 3  2 X    0  798
 3  3 X    0  791
 3  4 X    0  792
 3  5 X    0  787
 3  6 X    0  780
 3  7 X    0  779
 3  8 X    0  784
 3  9 X    0  791
 3 10 X    0  772
 3 11 X    0  790
 3 12 X    0  789
 3 13 X    0  786
 3 14 X    0  788
 3 15 X    0  791
 3 16 X    0  788
 3 17 X    0  778
 3 18 X    0  788
 3 19 X    0  792
 3 20 X    0  793
 3 21 X    0  797
 3 22 X    0  789
 3 23 X    0  783
 3 24 X    0  781
 3 25 X    0  790
 3 26 X    0  785
 3 27 X    0  785
 3 28 X    0  787
 3 29 X    0  792
 3 30 X    0  795
 3 31 X    0  792
 3  1 Y  -50 1063
 3  2 Y  -50 1065
 3  3 Y  -50 1067
 3  4 Y  -50 1070
 3  5 Y  -50 1067
 3  6 Y  -50 1061
 3  7 Y  -50 1051
 3  8 Y  -50 1080
 3  9 Y  -50 1063
 3 10 Y  -50 1067
 3 11 Y  -50 1060
 3 12 Y  -50 1072
 3 13 Y  -50 1077
 3 14 Y  -50 1057
 3 15 Y  -50 1062
 3 16 Y  -50 1061
 3 17 Y  -50 1065
 3 18 Y  -50 1080
 3 19 Y  -50 1065
 3 20 Y  -50 1055
 3 21 Y  -50 1064
 3 22 Y  -50 1064
 3 23 Y  -50 1072
 3 24 Y  -50 1060
 3 25 Y  -50 1066
 3 26 Y  -50 1069
 3 27 Y  -50 1065
 3 28 Y  -50 1064
 3 29 Y  -50 1069
 3 30 Y  -50 1062
 3 31 Y  -50 1061
 3  1 Z  550 1110
 3  2 Z  550 1108
 3  3 Z  550 1100
 3  4 Z  550 1107
 3  5 Z  550 1108
 3  6 Z  550 1095
 3  7 Z  550 1104
 3  8 Z  550 1106
 3  9 Z  550 1109
 3 10 Z  550 1134
 3 11 Z  550 1134
 3 12 Z  550 1107
 3 13 Z  550 1101
 3 14 Z  550 1099
 3 15 Z  550 1109
 3 16 Z  550 1095
 3 17 Z  550 1103
 3 18 Z  550 1113
 3 19 Z  550 1112
 3 20 Z  550 1100
 3 21 Z  550 1099
 3 22 Z  550 1098
 3 23 Z  550 1083
 3 24 Z  550 1085
 3 25 Z  550 1099
 3 26 Z  550 1094
 3 27 Z  550 1079
 3 28 Z  550 1096
 3 29 Z  550 1104
 3 30 Z  550 1100
 3 31 Z  550 1096
 4  1 X    0  808
 4  2 X    0  775
 4  3 X    0  792
 4  4 X    0  772
 4  5 X    0  796
 4  6 X    0  786
 4  7 X    0  799
 4  8 X    0  786
 4  9 X    0  798
 4 10 X    0  792
 4 11 X    0  786
 4 12 X    0  784
 4 13 X    0  783
 4 14 X    0  785
 4 15 X    0  812
 4 16 X    0  783
 4 17 X    0  792
 4 18 X    0  777
 4 19 X    0  799
 4 20 X    0  795
 4 21 X    0  791
 4 22 X    0  779
 4 23 X    0  826
 4 24 X    0  786
 4 25 X    0  787
 4 26 X    0  781
 4 27 X    0  802
 4 28 X    0  790
 4 29 X    0  795
 4 30 X    0  769
 4  1 Y  -50 1064
 4  2 Y  -50 1063
 4  3 Y  -50 1068
 4  4 Y  -50 1055
 4  5 Y  -50 1060
 4  6 Y  -50 1079
 4  7 Y  -50 1071
 4  8 Y  -50 1065
 4  9 Y  -50 1072
 4 10 Y  -50 1068
 4 11 Y  -50 1067
 4 12 Y  -50 1074
 4 13 Y  -50 1100
 4 14 Y  -50 1097
 4 15 Y  -50 1073
 4 16 Y  -50 1062
 4 17 Y  -50 1069
 4 18 Y  -50 1079
 4 19 Y  -50 1042
 4 20 Y  -50 1090
 4 21 Y  -50 1067
 4 22 Y  -50 1055
 4 23 Y  -50 1071
 4 24 Y  -50 1062
 4 25 Y  -50 1067
 4 26 Y  -50 1064
 4 27 Y  -50 1081
 4 28 Y  -50 1059
 4 29 Y  -50 1068
 4 30 Y  -50 1072
 4  1 Z  550 1120
 4  2 Z  550 1090
 4  3 Z  550 1099
 4  4 Z  550 1075
 4  5 Z  550 1100
 4  6 Z  550 1087
 4  7 Z  550 1096
 4  8 Z  550 1097
 4  9 Z  550 1093
 4 10 Z  550 1098
 4 11 Z  550 1105
 4 12 Z  550 1116
 4 13 Z  550 1118
 4 14 Z  550 1122
 4 15 Z  550 1112
 4 16 Z  550 1114
 4 17 Z  550 1112
 4 18 Z  550 1113
 4 19 Z  550 1055
 4 20 Z  550 1087
 4 21 Z  550 1070
 4 22 Z  550 1081
 4 23 Z  550 1122
 4 24 Z  550 1105
 4 25 Z  550 1111
 4 26 Z  550 1107
 4 27 Z  550 1124
 4 28 Z  550 1074
 4 29 Z  550 1083
 4 30 Z  550 1083
 5  1 X    0  792
 5  2 X    0  805
 5  3 X    0  802
 5  4 X    0  804
 5  5 X    0  809
 5  6 X    0  800
 5  7 X    0  794
 5  8 X    0  794
 5  9 X    0  805
 5 10 X    0  776
 5 11 X    0  792
 5 12 X    0  788
 5 13 X    0  792
 5 14 X    0  806
 5 15 X    0  789
 5 16 X    0  792
 5 17 X    0  802
 5 18 X    0  793
 5 19 X    0  780
 5 20 X    0  822
 5 21 X    0  778
 5 22 X    0  NaN
 5 23 X    0  800
 5 24 X    0  798
 5 25 X    0  782
 5 26 X    0  787
 5 27 X    0  796
 5 28 X    0  824
 5 29 X    0  844
 5 30 X    0  819
 5 31 X    0  805
 5  1 Y  -50 1081
 5  2 Y  -50 1067
 5  3 Y  -50 1081
 5  4 Y  -50 1061
 5  5 Y  -50 1064
 5  6 Y  -50 1059
 5  7 Y  -50 1066
 5  8 Y  -50 1069
 5  9 Y  -50 1061
 5 10 Y  -50 1075
 5 11 Y  -50 1081
 5 12 Y  -50 1067
 5 13 Y  -50 1053
 5 14 Y  -50 1061
 5 15 Y  -50 1069
 5 16 Y  -50 1058
 5 17 Y  -50 1075
 5 18 Y  -50 1065
 5 19 Y  -50 1070
 5 20 Y  -50 1043
 5 21 Y  -50 1081
 5 22 Y  -50  NaN
 5 23 Y  -50 1068
 5 24 Y  -50 1065
 5 25 Y  -50 1099
 5 26 Y  -50 1056
 5 27 Y  -50 1073
 5 28 Y  -50 1054
 5 29 Y  -50 1050
 5 30 Y  -50 1051
 5 31 Y  -50 1070
 5  1 Z  550 1059
 5  2 Z  550 1074
 5  3 Z  550 1110
 5  4 Z  550 1115
 5  5 Z  550 1081
 5  6 Z  550 1073
 5  7 Z  550 1074
 5  8 Z  550 1104
 5  9 Z  550 1122
 5 10 Z  550 1128
 5 11 Z  550 1129
 5 12 Z  550 1113
 5 13 Z  550 1101
 5 14 Z  550 1132
 5 15 Z  550 1091
 5 16 Z  550 1112
 5 17 Z  550 1070
 5 18 Z  550 1060
 5 19 Z  550 1030
 5 20 Z  550 1045
 5 21 Z  550 1094
 5 22 Z  550 1099
 5 23 Z  550 1103
 5 24 Z  550 1089
 5 25 Z  550 1122
 5 26 Z  550 1117
 5 27 Z  550 1117
 5 28 Z  550 1039
 5 29 Z  550 1042
 5 30 Z  550 1040
 5 31 Z  550 1045
 6  1 X    0  850
 6  2 X    0  825
 6  3 X    0  814
 6  4 X    0  815
 6  5 X    0  792
 6  6 X    0  752
 6  7 X    0  801
 6  8 X    0  795
 6  9 X    0  806
 6 10 X    0  786
 6 11 X    0  805
 6 12 X    0  789
 6 13 X    0  811
 6 14 X    0  815
 6 15 X    0  826
 6 16 X    0  810
 6 17 X    0  809
 6 18 X    0  783
 6 19 X    0  808
 6 20 X    0  812
 6 21 X    0  804
 6 22 X    0  798
 6 23 X    0  795
 6 24 X    0  799
 6 25 X    0  810
 6 26 X    0  809
 6 27 X    0  820
 6 28 X    0  804
 6 29 X    0  794
 6 30 X    0  806
 6  1 Y  -50 1071
 6  2 Y  -50 1078
 6  3 Y  -50 1067
 6  4 Y  -50 1069
 6  5 Y  -50 1067
 6  6 Y  -50 1060
 6  7 Y  -50 1069
 6  8 Y  -50 1079
 6  9 Y  -50 1063
 6 10 Y  -50 1089
 6 11 Y  -50 1046
 6 12 Y  -50 1071
 6 13 Y  -50 1029
 6 14 Y  -50 1069
 6 15 Y  -50 1061
 6 16 Y  -50 1063
 6 17 Y  -50 1084
 6 18 Y  -50 1104
 6 19 Y  -50 1058
 6 20 Y  -50 1073
 6 21 Y  -50 1049
 6 22 Y  -50 1064
 6 23 Y  -50 1071
 6 24 Y  -50 1072
 6 25 Y  -50 1040
 6 26 Y  -50 1042
 6 27 Y  -50 1068
 6 28 Y  -50 1074
 6 29 Y  -50 1083
 6 30 Y  -50 1082
 6  1 Z  550 1039
 6  2 Z  550 1018
 6  3 Z  550 1055
 6  4 Z  550 1081
 6  5 Z  550 1084
 6  6 Z  550 1062
 6  7 Z  550 1135
 6  8 Z  550 1120
 6  9 Z  550 1118
 6 10 Z  550 1142
 6 11 Z  550 1063
 6 12 Z  550 1083
 6 13 Z  550 1114
 6 14 Z  550 1024
 6 15 Z  550 1040
 6 16 Z  550 1041
 6 17 Z  550 1074
 6 18 Z  550 1078
 6 19 Z  550 1022
 6 20 Z  550 1108
 6 21 Z  550 1091
 6 22 Z  550 1107
 6 23 Z  550 1098
 6 24 Z  550 1089
 6 25 Z  550 1036
 6 26 Z  550 1033
 6 27 Z  550 1033
 6 28 Z  550 1035
 6 29 Z  550 1038
 6 30 Z  550 1084
 7  1 X    0  816
 7  2 X    0  799
 7  3 X    0  803
 7  4 X    0  770
 7  5 X    0  792
 7  6 X    0  808
 7  7 X    0  809
 7  8 X    0  795
 7  9 X    0  798
 7 10 X    0  802
 7 11 X    0  802
 7 12 X    0  790
 7 13 X    0  804
 7 14 X    0  800
 7 15 X    0  814
 7 16 X    0  814
 7 17 X    0  851
 7 18 X    0  804
 7 19 X    0  790
 7 20 X    0  796
 7 21 X    0  826
 7 22 X    0  821
 7 23 X    0  784
 7 24 X    0  813
 7 25 X    0  812
 7 26 X    0  812
 7 27 X    0  819
 7 28 X    0  807
 7 29 X    0  796
 7 30 X    0  808
 7 31 X    0  794
 7  1 Y  -50 1057
 7  2 Y  -50 1076
 7  3 Y  -50 1055
 7  4 Y  -50 1080
 7  5 Y  -50 1062
 7  6 Y  -50 1080
 7  7 Y  -50 1091
 7  8 Y  -50 1078
 7  9 Y  -50 1076
 7 10 Y  -50 1079
 7 11 Y  -50 1070
 7 12 Y  -50 1075
 7 13 Y  -50 1060
 7 14 Y  -50 1076
 7 15 Y  -50 1063
 7 16 Y  -50 1041
 7 17 Y  -50 1113
 7 18 Y  -50 1082
 7 19 Y  -50 1078
 7 20 Y  -50 1039
 7 21 Y  -50 1109
 7 22 Y  -50 1089
 7 23 Y  -50 1056
 7 24 Y  -50 1067
 7 25 Y  -50 1065
 7 26 Y  -50 1076
 7 27 Y  -50 1062
 7 28 Y  -50 1058
 7 29 Y  -50 1054
 7 30 Y  -50 1091
 7 31 Y  -50 1074
 7  1 Z  550 1066
 7  2 Z  550 1065
 7  3 Z  550 1073
 7  4 Z  550 1112
 7  5 Z  550 1155
 7  6 Z  550 1146
 7  7 Z  550 1152
 7  8 Z  550 1105
 7  9 Z  550 1140
 7 10 Z  550 1117
 7 11 Z  550 1123
 7 12 Z  550 1114
 7 13 Z  550 1100
 7 14 Z  550 1107
 7 15 Z  550 1091
 7 16 Z  550  947
 7 17 Z  550 1086
 7 18 Z  550 1050
 7 19 Z  550 1123
 7 20 Z  550 1091
 7 21 Z  550 1017
 7 22 Z  550 1053
 7 23 Z  550 1007
 7 24 Z  550 1067
 7 25 Z  550 1046
 7 26 Z  550 1087
 7 27 Z  550 1093
 7 28 Z  550 1106
 7 29 Z  550 1026
 7 30 Z  550 1101
 7 31 Z  550 1137
 8  1 X    0  789
 8  2 X    0  796
 8  3 X    0  788
 8  4 X    0  794
 8  5 X    0  793
 8  6 X    0  804
 8  7 X    0  814
 8  8 X    0  815
 8  9 X    0  822
 8 10 X    0  805
 8 11 X    0  782
 8 12 X    0  790
 8 13 X    0  783
 8 14 X    0  792
 8 15 X    0  775
 8 16 X    0  784
 8 17 X    0  791
 8 18 X    0  835
 8 19 X    0  751
 8 20 X    0  835
 8 21 X    0  822
 8 22 X    0  792
 8 23 X    0  829
 8 24 X    0  802
 8 25 X    0  792
 8 26 X    0  794
 8 27 X    0  775
 8 28 X    0  784
 8 29 X    0  800
 8 30 X    0  783
 8 31 X    0  794
 8  1 Y  -50 1085
 8  2 Y  -50 1068
 8  3 Y  -50 1074
 8  4 Y  -50 1106
 8  5 Y  -50 1074
 8  6 Y  -50 1061
 8  7 Y  -50 1077
 8  8 Y  -50 1071
 8  9 Y  -50 1072
 8 10 Y  -50 1081
 8 11 Y  -50 1076
 8 12 Y  -50 1075
 8 13 Y  -50 1072
 8 14 Y  -50 1069
 8 15 Y  -50 1080
 8 16 Y  -50 1086
 8 17 Y  -50 1061
 8 18 Y  -50 1068
 8 19 Y  -50 1079
 8 20 Y  -50 1078
 8 21 Y  -50 1074
 8 22 Y  -50 1061
 8 23 Y  -50 1077
 8 24 Y  -50 1062
 8 25 Y  -50 1062
 8 26 Y  -50 1086
 8 27 Y  -50 1092
 8 28 Y  -50 1090
 8 29 Y  -50 1087
 8 30 Y  -50 1080
 8 31 Y  -50 1087
 8  1 Z  550 1160
 8  2 Z  550 1143
 8  3 Z  550 1159
 8  4 Z  550 1115
 8  5 Z  550 1150
 8  6 Z  550 1110
 8  7 Z  550 1125
 8  8 Z  550 1107
 8  9 Z  550 1144
 8 10 Z  550 1078
 8 11 Z  550 1094
 8 12 Z  550 1120
 8 13 Z  550 1131
 8 14 Z  550 1127
 8 15 Z  550 1096
 8 16 Z  550 1140
 8 17 Z  550 1115
 8 18 Z  550 1058
 8 19 Z  550 1063
 8 20 Z  550 1089
 8 21 Z  550 1102
 8 22 Z  550 1107
 8 23 Z  550 1102
 8 24 Z  550 1100
 8 25 Z  550 1126
 8 26 Z  550 1142
 8 27 Z  550 1126
 8 28 Z  550 1125
 8 29 Z  550 1149
 8 30 Z  550 1118
 8 31 Z  550 1129
 9  1 X    0  797
 9  2 X    0  786
 9  3 X    0  795
 9  4 X    0  792
 9  5 X    0  795
 9  6 X    0  792
 9  7 X    0  793
 9  8 X    0  813
 9  9 X    0  803
 9 10 X    0  797
 9 11 X    0  781
 9 12 X    0  812
 9 13 X    0  797
 9 14 X    0  808
 9 15 X    0  773
 9 16 X    0  792
 9 17 X    0  821
 9 18 X    0  787
 9 19 X    0  792
 9 20 X    0  790
 9 21 X    0  786
 9 22 X    0  793
 9 23 X    0  820
 9 24 X    0  761
 9 25 X    0  799
 9 26 X    0  789
 9 27 X    0  778
 9 28 X    0  784
 9 29 X    0  798
 9 30 X    0  807
 9  1 Y  -50 1082
 9  2 Y  -50 1059
 9  3 Y  -50 1081
 9  4 Y  -50 1072
 9  5 Y  -50 1062
 9  6 Y  -50 1067
 9  7 Y  -50 1061
 9  8 Y  -50 1074
 9  9 Y  -50 1080
 9 10 Y  -50 1069
 9 11 Y  -50 1073
 9 12 Y  -50 1080
 9 13 Y  -50 1057
 9 14 Y  -50 1108
 9 15 Y  -50 1069
 9 16 Y  -50 1075
 9 17 Y  -50 1101
 9 18 Y  -50 1087
 9 19 Y  -50 1094
 9 20 Y  -50 1082
 9 21 Y  -50 1074
 9 22 Y  -50 1040
 9 23 Y  -50 1075
 9 24 Y  -50 1074
 9 25 Y  -50 1061
 9 26 Y  -50 1063
 9 27 Y  -50 1058
 9 28 Y  -50 1063
 9 29 Y  -50 1075
 9 30 Y  -50 1069
 9  1 Z  550 1136
 9  2 Z  550 1115
 9  3 Z  550 1135
 9  4 Z  550 1129
 9  5 Z  550 1125
 9  6 Z  550 1117
 9  7 Z  550 1119
 9  8 Z  550 1125
 9  9 Z  550 1134
 9 10 Z  550 1129
 9 11 Z  550 1107
 9 12 Z  550 1148
 9 13 Z  550 1121
 9 14 Z  550 1134
 9 15 Z  550 1107
 9 16 Z  550 1117
 9 17 Z  550 1145
 9 18 Z  550 1138
 9 19 Z  550 1122
 9 20 Z  550 1123
 9 21 Z  550 1127
 9 22 Z  550 1211
 9 23 Z  550 1134
 9 24 Z  550 1175
 9 25 Z  550 1189
 9 26 Z  550 1168
 9 27 Z  550 1156
 9 28 Z  550 1178
 9 29 Z  550 1168
 9 30 Z  550 1170
10  1 X    0  794
10  2 X    0  794
10  3 X    0  799
10  4 X    0  803
10  5 X    0  791
10  6 X    0  792
10  7 X    0  786
10  8 X    0  796
10  9 X    0  791
10 10 X    0  780
10 11 X    0  785
10 12 X    0  770
10 13 X    0  793
10 14 X    0  791
10 15 X    0  792
10 16 X    0  796
10 17 X    0  798
10 18 X    0  788
10 19 X    0  796
10 20 X    0  777
10 21 X    0  806
10 22 X    0  795
10 23 X    0  783
10 24 X    0  815
10 25 X    0  796
10 26 X    0  791
10 27 X    0  788
10 28 X    0  766
10 29 X    0  742
10 30 X    0  829
10 31 X    0  794
10  1 Y  -50 1065
10  2 Y  -50 1064
10  3 Y  -50 1065
10  4 Y  -50 1076
10  5 Y  -50 1075
10  6 Y  -50 1063
10  7 Y  -50 1065
10  8 Y  -50 1076
10  9 Y  -50 1064
10 10 Y  -50 1066
10 11 Y  -50 1085
10 12 Y  -50 1087
10 13 Y  -50 1053
10 14 Y  -50 1092
10 15 Y  -50 1057
10 16 Y  -50 1087
10 17 Y  -50 1062
10 18 Y  -50 1066
10 19 Y  -50 1074
10 20 Y  -50 1063
10 21 Y  -50 1063
10 22 Y  -50 1067
10 23 Y  -50 1069
10 24 Y  -50 1074
10 25 Y  -50 1056
10 26 Y  -50 1070
10 27 Y  -50 1065
10 28 Y  -50 1057
10 29 Y  -50 1060
10 30 Y  -50 1077
10 31 Y  -50 1074
10  1 Z  550 1144
10  2 Z  550 1133
10  3 Z  550 1127
10  4 Z  550 1138
10  5 Z  550 1129
10  6 Z  550 1125
10  7 Z  550 1130
10  8 Z  550 1140
10  9 Z  550 1134
10 10 Z  550 1121
10 11 Z  550 1138
10 12 Z  550 1151
10 13 Z  550 1147
10 14 Z  550 1159
10 15 Z  550 1149
10 16 Z  550 1152
10 17 Z  550 1136
10 18 Z  550 1124
10 19 Z  550 1135
10 20 Z  550 1138
10 21 Z  550 1135
10 22 Z  550 1138
10 23 Z  550 1149
10 24 Z  550 1189
10 25 Z  550 1169
10 26 Z  550 1158
10 27 Z  550 1141
10 28 Z  550 1139
10 29 Z  550 1169
10 30 Z  550 1193
10 31 Z  550 1173
11  1 X    0  790
11  2 X    0  781
11  3 X    0  806
11  4 X    0  790
11  5 X    0  796
11  6 X    0  783
11  7 X    0  765
11  8 X    0  791
11  9 X    0  768
11 10 X    0  784
11 11 X    0  797
11 12 X    0  792
11 13 X    0  791
11 14 X    0  803
11 15 X    0  796
11 16 X    0  798
11 17 X    0  778
11 18 X    0  794
11 19 X    0  795
11 20 X    0  796
11 21 X    0  787
11 22 X    0  780
11 23 X    0  797
11 24 X    0  770
11 25 X    0  810
11 26 X    0  800
11 27 X    0  798
11 28 X    0  802
11 29 X    0  791
11 30 X    0  792
11  1 Y  -50 1076
11  2 Y  -50 1072
11  3 Y  -50 1065
11  4 Y  -50 1067
11  5 Y  -50 1065
11  6 Y  -50 1078
11  7 Y  -50 1081
11  8 Y  -50 1078
11  9 Y  -50 1074
11 10 Y  -50 1066
11 11 Y  -50 1066
11 12 Y  -50 1079
11 13 Y  -50 1074
11 14 Y  -50 1063
11 15 Y  -50 1069
11 16 Y  -50 1066
11 17 Y  -50 1091
11 18 Y  -50 1068
11 19 Y  -50 1068
11 20 Y  -50 1065
11 21 Y  -50 1073
11 22 Y  -50 1073
11 23 Y  -50 1071
11 24 Y  -50 1081
11 25 Y  -50 1081
11 26 Y  -50 1071
11 27 Y  -50 1067
11 28 Y  -50 1066
11 29 Y  -50 1070
11 30 Y  -50 1079
11  1 Z  550 1171
11  2 Z  550 1158
11  3 Z  550 1172
11  4 Z  550 1160
11  5 Z  550 1149
11  6 Z  550 1150
11  7 Z  550 1167
11  8 Z  550 1196
11  9 Z  550 1180
11 10 Z  550 1179
11 11 Z  550 1170
11 12 Z  550 1164
11 13 Z  550 1152
11 14 Z  550 1153
11 15 Z  550 1145
11 16 Z  550 1143
11 17 Z  550 1159
11 18 Z  550 1150
11 19 Z  550 1148
11 20 Z  550 1147
11 21 Z  550 1143
11 22 Z  550 1140
11 23 Z  550 1143
11 24 Z  550 1159
11 25 Z  550 1168
11 26 Z  550 1148
11 27 Z  550 1143
11 28 Z  550 1146
11 29 Z  550 1138
11 30 Z  550 1152
12  1 X    0  792
12  2 X    0  785
12  3 X    0  783
12  4 X    0  775
12  5 X    0  779
12  6 X    0  788
12  7 X    0  790
12  8 X    0  794
12  9 X    0  801
12 10 X    0  797
12 11 X    0  796
12 12 X    0  798
12 13 X    0  797
12 14 X    0  781
12 15 X    0  794
12 16 X    0  790
12 17 X    0  791
12 18 X    0  796
12 19 X    0  788
12 20 X    0  785
12 21 X    0  787
12 22 X    0  783
12 23 X    0  790
12 24 X    0  785
12 25 X    0  796
12 26 X    0  796
12 27 X    0  802
12 28 X    0  786
12 29 X    0  780
12 30 X    0  790
12 31 X    0  797
12  1 Y  -50 1068
12  2 Y  -50 1078
12  3 Y  -50 1082
12  4 Y  -50 1065
12  5 Y  -50 1075
12  6 Y  -50 1074
12  7 Y  -50 1083
12  8 Y  -50 1075
12  9 Y  -50 1086
12 10 Y  -50 1066
12 11 Y  -50 1068
12 12 Y  -50 1066
12 13 Y  -50 1064
12 14 Y  -50 1080
12 15 Y  -50 1073
12 16 Y  -50 1070
12 17 Y  -50 1069
12 18 Y  -50 1068
12 19 Y  -50 1063
12 20 Y  -50 1082
12 21 Y  -50 1067
12 22 Y  -50 1077
12 23 Y  -50 1071
12 24 Y  -50 1063
12 25 Y  -50 1073
12 26 Y  -50 1069
12 27 Y  -50 1069
12 28 Y  -50 1067
12 29 Y  -50 1083
12 30 Y  -50 1070
12 31 Y  -50 1070
12  1 Z  550 1144
12  2 Z  550 1142
12  3 Z  550 1170
12  4 Z  550 1161
12  5 Z  550 1173
12  6 Z  550 1169
12  7 Z  550 1159
12  8 Z  550 1165
12  9 Z  550 1155
12 10 Z  550 1144
12 11 Z  550 1139
12 12 Z  550 1141
12 13 Z  550 1146
12 14 Z  550 1147
12 15 Z  550 1144
12 16 Z  550 1141
12 17 Z  550 1140
12 18 Z  550 1138
12 19 Z  550 1137
12 20 Z  550 1148
12 21 Z  550 1140
12 22 Z  550 1148
12 23 Z  550 1146
12 24 Z  550 1145
12 25 Z  550 1140
12 26 Z  550 1142
12 27 Z  550 1139
12 28 Z  550 1141
12 29 Z  550 1151
12 30 Z  550 1146
12 31 Z  550 1142
