 1  1 D  287 2848
 1  2 D  287 2689
 1  3 D  287 2777
 1  4 D  287 2811
 1  5 D  287 2752
 1  6 D  287 2744
 1  7 D  287 2857
 1  8 D  287 2852
 1  9 D  287 2925
 1 10 D  287 2831
 1 11 D  287 2945
 1 12 D  287 2788
 1 13 D  287 2916
 1 14 D  287 2820
 1 15 D  287 2891
 1 16 D  287 2713
 1 17 D  287 2720
 1 18 D  287 2845
 1 19 D  287 2882
 1 20 D  287 2778
 1 21 D  287 2783
 1 22 D  287 2859
 1 23 D  287 2855
 1 24 D  287 2926
 1 25 D  287 2937
 1 26 D  287 2891
 1 27 D  287 2892
 1 28 D  287 2906
 1 29 D  287 2682
 1 30 D  287 2726
 1 31 D  287 2702
 1  1 H   33  539
 1  2 H   33  524
 1  3 H   33  524
 1  4 H   33  535
 1  5 H   33  530
 1  6 H   33  531
 1  7 H   33  535
 1  8 H   33  540
 1  9 H   33  546
 1 10 H   33  529
 1 11 H   33  524
 1 12 H   33  543
 1 13 H   33  532
 1 14 H   33  541
 1 15 H   33  543
 1 16 H   33  525
 1 17 H   33  524
 1 18 H   33  554
 1 19 H   33  539
 1 20 H   33  537
 1 21 H   33  543
 1 22 H   33  540
 1 23 H   33  544
 1 24 H   33  538
 1 25 H   33  543
 1 26 H   33  539
 1 27 H   33  535
 1 28 H   33  542
 1 29 H   33  520
 1 30 H   33  520
 1 31 H   33  546
 1  1 Z  558  528
 1  2 Z  558  541
 1  3 Z  558  559
 1  4 Z  558  563
 1  5 Z  558  558
 1  6 Z  558  551
 1  7 Z  558  541
 1  8 Z  558  539
 1  9 Z  558  543
 1 10 Z  558  534
 1 11 Z  558  543
 1 12 Z  558  532
 1 13 Z  558  534
 1 14 Z  558  528
 1 15 Z  558  529
 1 16 Z  558  539
 1 17 Z  558  555
 1 18 Z  558  570
 1 19 Z  558  546
 1 20 Z  558  537
 1 21 Z  558  533
 1 22 Z  558  529
 1 23 Z  558  536
 1 24 Z  558  530
 1 25 Z  558  531
 1 26 Z  558  526
 1 27 Z  558  524
 1 28 Z  558  524
 1 29 Z  558  546
 1 30 Z  558  560
 1 31 Z  558  580
 2  1 D  287 2881
 2  2 D  287 2793
 2  3 D  287 2782
 2  4 D  287 2833
 2  5 D  287 2962
 2  6 D  287 2862
 2  7 D  287 2887
 2  8 D  287 3150
 2  9 D  287 2936
 2 10 D  287 2878
 2 11 D  287 2879
 2 12 D  287 2779
 2 13 D  287 2845
 2 14 D  287 2869
 2 15 D  287 2799
 2 16 D  287 2908
 2 17 D  287 2955
 2 18 D  287 2893
 2 19 D  287 2883
 2 20 D  287 2908
 2 21 D  287 2924
 2 22 D  287 2937
 2 23 D  287 2877
 2 24 D  287 2925
 2 25 D  287 2896
 2 26 D  287 2959
 2 27 D  287 2866
 2 28 D  287 2847
 2  1 H   33  533
 2  2 H   33  528
 2  3 H   33  531
 2  4 H   33  532
 2  5 H   33  548
 2  6 H   33  539
 2  7 H   33  557
 2  8 H   33  531
 2  9 H   33  544
 2 10 H   33  541
 2 11 H   33  524
 2 12 H   33  539
 2 13 H   33  525
 2 14 H   33  527
 2 15 H   33  533
 2 16 H   33  537
 2 17 H   33  530
 2 18 H   33  537
 2 19 H   33  542
 2 20 H   33  541
 2 21 H   33  542
 2 22 H   33  542
 2 23 H   33  526
 2 24 H   33  543
 2 25 H   33  545
 2 26 H   33  513
 2 27 H   33  515
 2 28 H   33  546
 2  1 Z  558  553
 2  2 Z  558  564
 2  3 Z  558  562
 2  4 Z  558  574
 2  5 Z  558  545
 2  6 Z  558  531
 2  7 Z  558  535
 2  8 Z  558  565
 2  9 Z  558  540
 2 10 Z  558  536
 2 11 Z  558  553
 2 12 Z  558  548
 2 13 Z  558  572
 2 14 Z  558  565
 2 15 Z  558  557
 2 16 Z  558  541
 2 17 Z  558  528
 2 18 Z  558  525
 2 19 Z  558  525
 2 20 Z  558  522
 2 21 Z  558  524
 2 22 Z  558  521
 2 23 Z  558  521
 2 24 Z  558  520
 2 25 Z  558  516
 2 26 Z  558  535
 2 27 Z  558  547
 2 28 Z  558  563
 3  1 D  287 2858
 3  2 D  287 3036
 3  3 D  287 2863
 3  4 D  287 2571
 3  5 D  287 2986
 3  6 D  287 2970
 3  7 D  287 2912
 3  8 D  287 2928
 3  9 D  287 2796
 3 10 D  287 2914
 3 11 D  287 2572
 3 12 D  287 2709
 3 13 D  287 3031
 3 14 D  287 2857
 3 15 D  287 2995
 3 16 D  287 2953
 3 17 D  287 2965
 3 18 D  287 2967
 3 19 D  287 2894
 3 20 D  287 2968
 3 21 D  287 2971
 3 22 D  287 3003
 3 23 D  287 2847
 3 24 D  287 2932
 3 25 D  287 3024
 3 26 D  287 3008
 3 27 D  287 2991
 3 28 D  287 3011
 3 29 D  287 3055
 3 30 D  287 2994
 3 31 D  287 2981
 3  1 H   33  536
 3  2 H   33  527
 3  3 H   33  546
 3  4 H   33  526
 3  5 H   33  528
 3  6 H   33  550
 3  7 H   33  549
 3  8 H   33  545
 3  9 H   33  537
 3 10 H   33  556
 3 11 H   33  543
 3 12 H   33  549
 3 13 H   33  510
 3 14 H   33  533
 3 15 H   33  539
 3 16 H   33  532
 3 17 H   33  538
 3 18 H   33  545
 3 19 H   33  542
 3 20 H   33  531
 3 21 H   33  543
 3 22 H   33  544
 3 23 H   33  538
 3 24 H   33  541
 3 25 H   33  541
 3 26 H   33  479
 3 27 H   33  513
 3 28 H   33  512
 3 29 H   33  538
 3 30 H   33  551
 3 31 H   33  544
 3  1 Z  558  558
 3  2 Z  558  561
 3  3 Z  558  539
 3  4 Z  558  547
 3  5 Z  558  542
 3  6 Z  558  535
 3  7 Z  558  526
 3  8 Z  558  522
 3  9 Z  558  540
 3 10 Z  558  547
 3 11 Z  558  555
 3 12 Z  558  573
 3 13 Z  558  567
 3 14 Z  558  562
 3 15 Z  558  549
 3 16 Z  558  547
 3 17 Z  558  537
 3 18 Z  558  522
 3 19 Z  558  513
 3 20 Z  558  516
 3 21 Z  558  515
 3 22 Z  558  519
 3 23 Z  558  496
 3 24 Z  558  524
 3 25 Z  558  517
 3 26 Z  558  544
 3 27 Z  558  566
 3 28 Z  558  557
 3 29 Z  558  550
 3 30 Z  558  519
 3 31 Z  558  521
 4  1 D  287 2694
 4  2 D  287 3155
 4  3 D  287 2940
 4  4 D  287 2988
 4  5 D  287 3017
 4  6 D  287 2934
 4  7 D  287 2883
 4  8 D  287 3134
 4  9 D  287 2976
 4 10 D  287 3157
 4 11 D  287 2984
 4 12 D  287 2956
 4 13 D  287 2957
 4 14 D  287 3000
 4 15 D  287 2995
 4 16 D  287 2985
 4 17 D  287 3029
 4 18 D  287 2936
 4 19 D  287 3063
 4 20 D  287 3049
 4 21 D  287 3031
 4 22 D  287 2986
 4 23 D  287 2975
 4 24 D  287 3002
 4 25 D  287 3088
 4 26 D  287 3122
 4 27 D  287 3204
 4 28 D  287 3218
 4 29 D  287 3117
 4 30 D  287 3025
 4  1 H   33  544
 4  2 H   33  554
 4  3 H   33  549
 4  4 H   33  553
 4  5 H   33  551
 4  6 H   33  543
 4  7 H   33  517
 4  8 H   33  511
 4  9 H   33  523
 4 10 H   33  534
 4 11 H   33  530
 4 12 H   33  543
 4 13 H   33  539
 4 14 H   33  535
 4 15 H   33  545
 4 16 H   33  557
 4 17 H   33  556
 4 18 H   33  532
 4 19 H   33  541
 4 20 H   33  533
 4 21 H   33  549
 4 22 H   33  516
 4 23 H   33  524
 4 24 H   33  538
 4 25 H   33  538
 4 26 H   33  566
 4 27 H   33  530
 4 28 H   33  538
 4 29 H   33  531
 4 30 H   33  558
 4  1 Z  558  499
 4  2 Z  558  520
 4  3 Z  558  527
 4  4 Z  558  519
 4  5 Z  558  506
 4  6 Z  558  529
 4  7 Z  558  559
 4  8 Z  558  578
 4  9 Z  558  562
 4 10 Z  558  579
 4 11 Z  558  560
 4 12 Z  558  560
 4 13 Z  558  543
 4 14 Z  558  539
 4 15 Z  558  511
 4 16 Z  558  509
 4 17 Z  558  497
 4 18 Z  558  509
 4 19 Z  558  531
 4 20 Z  558  532
 4 21 Z  558  501
 4 22 Z  558  531
 4 23 Z  558  548
 4 24 Z  558  544
 4 25 Z  558  547
 4 26 Z  558  479
 4 27 Z  558  497
 4 28 Z  558  501
 4 29 Z  558  516
 4 30 Z  558  493
 5  1 D  287 3027
 5  2 D  287 3056
 5  3 D  287 3080
 5  4 D  287 3085
 5  5 D  287 3082
 5  6 D  287 3163
 5  7 D  287 3135
 5  8 D  287 3060
 5  9 D  287 3053
 5 10 D  287 3117
 5 11 D  287 3012
 5 12 D  287 3052
 5 13 D  287 3010
 5 14 D  287 3217
 5 15 D  287 3088
 5 16 D  287 3191
 5 17 D  287 3180
 5 18 D  287 2969
 5 19 D  287 2971
 5 20 D  287 2931
 5 21 D  287 3070
 5 22 D  287 3109
 5 23 D  287 2921
 5 24 D  287 3368
 5 25 D  287 3215
 5 26 D  287 3057
 5 27 D  287 3184
 5 28 D  287 3255
 5 29 D  287 3318
 5 30 D  287 3202
 5 31 D  287 3112
 5  1 H   33  553
 5  2 H   33  519
 5  3 H   33  530
 5  4 H   33  537
 5  5 H   33  539
 5  6 H   33  546
 5  7 H   33  527
 5  8 H   33  550
 5  9 H   33  541
 5 10 H   33  534
 5 11 H   33  534
 5 12 H   33  540
 5 13 H   33  558
 5 14 H   33  556
 5 15 H   33  547
 5 16 H   33  518
 5 17 H   33  546
 5 18 H   33  538
 5 19 H   33  539
 5 20 H   33  528
 5 21 H   33  544
 5 22 H   33  555
 5 23 H   33  564
 5 24 H   33  551
 5 25 H   33  552
 5 26 H   33  538
 5 27 H   33  539
 5 28 H   33  550
 5 29 H   33  563
 5 30 H   33  502
 5 31 H   33  524
 5  1 Z  558  482
 5  2 Z  558  546
 5  3 Z  558  561
 5  4 Z  558  560
 5  5 Z  558  563
 5  6 Z  558  537
 5  7 Z  558  570
 5  8 Z  558  563
 5  9 Z  558  540
 5 10 Z  558  533
 5 11 Z  558  534
 5 12 Z  558  548
 5 13 Z  558  508
 5 14 Z  558  477
 5 15 Z  558  513
 5 16 Z  558  472
 5 17 Z  558  525
 5 18 Z  558  552
 5 19 Z  558  569
 5 20 Z  558  551
 5 21 Z  558  534
 5 22 Z  558  502
 5 23 Z  558  484
 5 24 Z  558  510
 5 25 Z  558  498
 5 26 Z  558  490
 5 27 Z  558  506
 5 28 Z  558  462
 5 29 Z  558  411
 5 30 Z  558  571
 5 31 Z  558  555
 6  1 D  287 3177
 6  2 D  287 3203
 6  3 D  287 3086
 6  4 D  287 3187
 6  5 D  287 2998
 6  6 D  287 2958
 6  7 D  287 2960
 6  8 D  287 3181
 6  9 D  287 3388
 6 10 D  287 3348
 6 11 D  287 3230
 6 12 D  287 3219
 6 13 D  287 3210
 6 14 D  287 3094
 6 15 D  287 3066
 6 16 D  287 3022
 6 17 D  287 3228
 6 18 D  287 3269
 6 19 D  287 3110
 6 20 D  287 3345
 6 21 D  287 3514
 6 22 D  287 3384
 6 23 D  287 3352
 6 24 D  287 3375
 6 25 D  287 3173
 6 26 D  287 3046
 6 27 D  287 3052
 6 28 D  287 3193
 6 29 D  287 3136
 6 30 D  287 2933
 6  1 H   33  526
 6  2 H   33  547
 6  3 H   33  547
 6  4 H   33  532
 6  5 H   33  547
 6  6 H   33  546
 6  7 H   33  558
 6  8 H   33  551
 6  9 H   33  561
 6 10 H   33  579
 6 11 H   33  551
 6 12 H   33  552
 6 13 H   33  552
 6 14 H   33  530
 6 15 H   33  528
 6 16 H   33  516
 6 17 H   33  543
 6 18 H   33  547
 6 19 H   33  556
 6 20 H   33  570
 6 21 H   33  547
 6 22 H   33  551
 6 23 H   33  561
 6 24 H   33  548
 6 25 H   33  503
 6 26 H   33  561
 6 27 H   33  520
 6 28 H   33  527
 6 29 H   33  517
 6 30 H   33  518
 6  1 Z  558  538
 6  2 Z  558  506
 6  3 Z  558  549
 6  4 Z  558  520
 6  5 Z  558  504
 6  6 Z  558  506
 6  7 Z  558  506
 6  8 Z  558  498
 6  9 Z  558  440
 6 10 Z  558  460
 6 11 Z  558  485
 6 12 Z  558  461
 6 13 Z  558  452
 6 14 Z  558  510
 6 15 Z  558  527
 6 16 Z  558  553
 6 17 Z  558  502
 6 18 Z  558  585
 6 19 Z  558  468
 6 20 Z  558  432
 6 21 Z  558  430
 6 22 Z  558  464
 6 23 Z  558  476
 6 24 Z  558  452
 6 25 Z  558  502
 6 26 Z  558  550
 6 27 Z  558  547
 6 28 Z  558  489
 6 29 Z  558  549
 6 30 Z  558  520
 7  1 D  287 2702
 7  2 D  287 2838
 7  3 D  287 3025
 7  4 D  287 3167
 7  5 D  287 3201
 7  6 D  287 3047
 7  7 D  287 3211
 7  8 D  287 3432
 7  9 D  287 3278
 7 10 D  287 3121
 7 11 D  287 2989
 7 12 D  287 3026
 7 13 D  287 3389
 7 14 D  287 3246
 7 15 D  287 3243
 7 16 D  287 3107
 7 17 D  287 3501
 7 18 D  287 3402
 7 19 D  287 3455
 7 20 D  287 3356
 7 21 D  287 3383
 7 22 D  287 3393
 7 23 D  287 3234
 7 24 D  287 2816
 7 25 D  287 3159
 7 26 D  287 3150
 7 27 D  287 3077
 7 28 D  287 3055
 7 29 D  287 3017
 7 30 D  287 3004
 7 31 D  287 3147
 7  1 H   33  541
 7  2 H   33  533
 7  3 H   33  538
 7  4 H   33  548
 7  5 H   33  547
 7  6 H   33  539
 7  7 H   33  550
 7  8 H   33  562
 7  9 H   33  540
 7 10 H   33  540
 7 11 H   33  537
 7 12 H   33  533
 7 13 H   33  557
 7 14 H   33  561
 7 15 H   33  552
 7 16 H   33  537
 7 17 H   33  561
 7 18 H   33  535
 7 19 H   33  571
 7 20 H   33  556
 7 21 H   33  539
 7 22 H   33  557
 7 23 H   33  530
 7 24 H   33  507
 7 25 H   33  539
 7 26 H   33  539
 7 27 H   33  538
 7 28 H   33  534
 7 29 H   33  515
 7 30 H   33  504
 7 31 H   33  537
 7  1 Z  558  569
 7  2 Z  558  560
 7  3 Z  558  537
 7  4 Z  558  496
 7  5 Z  558  493
 7  6 Z  558  480
 7  7 Z  558  462
 7  8 Z  558  450
 7  9 Z  558  474
 7 10 Z  558  487
 7 11 Z  558  519
 7 12 Z  558  526
 7 13 Z  558  436
 7 14 Z  558  430
 7 15 Z  558  447
 7 16 Z  558  441
 7 17 Z  558  459
 7 18 Z  558  433
 7 19 Z  558  412
 7 20 Z  558  472
 7 21 Z  558  434
 7 22 Z  558  415
 7 23 Z  558  454
 7 24 Z  558  563
 7 25 Z  558  529
 7 26 Z  558  530
 7 27 Z  558  513
 7 28 Z  558  514
 7 29 Z  558  533
 7 30 Z  558  551
 7 31 Z  558  526
 8  1 D  287 3330
 8  2 D  287 3208
 8  3 D  287 3297
 8  4 D  287 3217
 8  5 D  287 3319
 8  6 D  287 3153
 8  7 D  287 3084
 8  8 D  287 3150
 8  9 D  287 3305
 8 10 D  287 3415
 8 11 D  287 3385
 8 12 D  287 3192
 8 13 D  287 3383
 8 14 D  287 3330
 8 15 D  287 3309
 8 16 D  287 3365
 8 17 D  287 3349
 8 18 D  287 3085
 8 19 D  287 3166
 8 20 D  287 3235
 8 21 D  287 3114
 8 22 D  287 2914
 8 23 D  287 3231
 8 24 D  287 3178
 8 25 D  287 3428
 8 26 D  287 3317
 8 27 D  287 3143
 8 28 D  287 3211
 8 29 D  287 3290
 8 30 D  287 3219
 8 31 D  287 3112
 8  1 H   33  548
 8  2 H   33  540
 8  3 H   33  550
 8  4 H   33  547
 8  5 H   33  539
 8  6 H   33  516
 8  7 H   33  525
 8  8 H   33  561
 8  9 H   33  538
 8 10 H   33  556
 8 11 H   33  548
 8 12 H   33  552
 8 13 H   33  565
 8 14 H   33  545
 8 15 H   33  562
 8 16 H   33  542
 8 17 H   33  519
 8 18 H   33  541
 8 19 H   33  549
 8 20 H   33  525
 8 21 H   33  535
 8 22 H   33  531
 8 23 H   33  549
 8 24 H   33  516
 8 25 H   33  542
 8 26 H   33  538
 8 27 H   33  545
 8 28 H   33  534
 8 29 H   33  545
 8 30 H   33  554
 8 31 H   33  545
 8  1 Z  558  479
 8  2 Z  558  468
 8  3 Z  558  471
 8  4 Z  558  440
 8  5 Z  558  466
 8  6 Z  558  532
 8  7 Z  558  510
 8  8 Z  558  513
 8  9 Z  558  461
 8 10 Z  558  465
 8 11 Z  558  464
 8 12 Z  558  476
 8 13 Z  558  468
 8 14 Z  558  512
 8 15 Z  558  483
 8 16 Z  558  480
 8 17 Z  558  484
 8 18 Z  558  473
 8 19 Z  558  498
 8 20 Z  558  530
 8 21 Z  558  526
 8 22 Z  558  513
 8 23 Z  558  582
 8 24 Z  558  544
 8 25 Z  558  512
 8 26 Z  558  489
 8 27 Z  558  496
 8 28 Z  558  500
 8 29 Z  558  499
 8 30 Z  558  498
 8 31 Z  558  491
 9  1 D  287 3126
 9  2 D  287 3220
 9  3 D  287 3148
 9  4 D  287 3138
 9  5 D  287 3094
 9  6 D  287 3303
 9  7 D  287 3289
 9  8 D  287 3431
 9  9 D  287 3358
 9 10 D  287 3058
 9 11 D  287 3264
 9 12 D  287 3140
 9 13 D  287 3381
 9 14 D  287 3142
 9 15 D  287 3497
 9 16 D  287 3253
 9 17 D  287 3203
 9 18 D  287 3135
 9 19 D  287 3189
 9 20 D  287 3263
 9 21 D  287 3107
 9 22 D  287 3178
 9 23 D  287 3127
 9 24 D  287 3322
 9 25 D  287 3212
 9 26 D  287 3226
 9 27 D  287 3013
 9 28 D  287 3527
 9 29 D  287 3132
 9 30 D  287 3196
 9  1 H   33  547
 9  2 H   33  543
 9  3 H   33  539
 9  4 H   33  534
 9  5 H   33  566
 9  6 H   33  541
 9  7 H   33  530
 9  8 H   33  529
 9  9 H   33  539
 9 10 H   33  547
 9 11 H   33  534
 9 12 H   33  546
 9 13 H   33  532
 9 14 H   33  546
 9 15 H   33  533
 9 16 H   33  543
 9 17 H   33  539
 9 18 H   33  535
 9 19 H   33  543
 9 20 H   33  535
 9 21 H   33  529
 9 22 H   33  544
 9 23 H   33  536
 9 24 H   33  540
 9 25 H   33  539
 9 26 H   33  541
 9 27 H   33  504
 9 28 H   33  531
 9 29 H   33  541
 9 30 H   33  541
 9  1 Z  558  494
 9  2 Z  558  482
 9  3 Z  558  501
 9  4 Z  558  495
 9  5 Z  558  489
 9  6 Z  558  496
 9  7 Z  558  504
 9  8 Z  558  519
 9  9 Z  558  512
 9 10 Z  558  490
 9 11 Z  558  515
 9 12 Z  558  497
 9 13 Z  558  523
 9 14 Z  558  506
 9 15 Z  558  520
 9 16 Z  558  531
 9 17 Z  558  518
 9 18 Z  558  532
 9 19 Z  558  509
 9 20 Z  558  518
 9 21 Z  558  517
 9 22 Z  558  525
 9 23 Z  558  501
 9 24 Z  558  511
 9 25 Z  558  502
 9 26 Z  558  496
 9 27 Z  558  524
 9 28 Z  558  555
 9 29 Z  558  532
 9 30 Z  558  532
10  1 D  287 3089
10  2 D  287 3059
10  3 D  287 3162
10  4 D  287 3075
10  5 D  287 3285
10  6 D  287 3171
10  7 D  287 3258
10  8 D  287 3075
10  9 D  287 3207
10 10 D  287 3386
10 11 D  287 3261
10 12 D  287 3324
10 13 D  287 3184
10 14 D  287 3194
10 15 D  287 3184
10 16 D  287 3063
10 17 D  287 3359
10 18 D  287 3015
10 19 D  287 3475
10 20 D  287 3278
10 21 D  287 3206
10 22 D  287 3139
10 23 D  287 3253
10 24 D  287 3149
10 25 D  287 3304
10 26 D  287 3192
10 27 D  287 3200
10 28 D  287 3222
10 29 D  287 3325
10 30 D  287 3097
10 31 D  287 3163
10  1 H   33  545
10  2 H   33  538
10  3 H   33  526
10  4 H   33  519
10  5 H   33  536
10  6 H   33  533
10  7 H   33  531
10  8 H   33  526
10  9 H   33  523
10 10 H   33  546
10 11 H   33  540
10 12 H   33  539
10 13 H   33  537
10 14 H   33  543
10 15 H   33  537
10 16 H   33  538
10 17 H   33  542
10 18 H   33  536
10 19 H   33  560
10 20 H   33  516
10 21 H   33  534
10 22 H   33  544
10 23 H   33  528
10 24 H   33  529
10 25 H   33  549
10 26 H   33  538
10 27 H   33  535
10 28 H   33  540
10 29 H   33  539
10 30 H   33  529
10 31 H   33  546
10  1 Z  558  521
10  2 Z  558  512
10  3 Z  558  528
10  4 Z  558  546
10  5 Z  558  544
10  6 Z  558  533
10  7 Z  558  543
10  8 Z  558  544
10  9 Z  558  528
10 10 Z  558  564
10 11 Z  558  529
10 12 Z  558  536
10 13 Z  558  529
10 14 Z  558  522
10 15 Z  558  521
10 16 Z  558  524
10 17 Z  558  525
10 18 Z  558  525
10 19 Z  558  593
10 20 Z  558  543
10 21 Z  558  529
10 22 Z  558  527
10 23 Z  558  541
10 24 Z  558  531
10 25 Z  558  533
10 26 Z  558  524
10 27 Z  558  525
10 28 Z  558  532
10 29 Z  558  527
10 30 Z  558  522
10 31 Z  558  535
11  1 D  287 3243
11  2 D  287 3439
11  3 D  287 3296
11  4 D  287 3229
11  5 D  287 3127
11  6 D  287 3257
11  7 D  287 3327
11  8 D  287 3250
11  9 D  287 3232
11 10 D  287 3232
11 11 D  287 3205
11 12 D  287 3262
11 13 D  287 3218
11 14 D  287 3252
11 15 D  287 3298
11 16 D  287 3257
11 17 D  287 3263
11 18 D  287 3287
11 19 D  287 3250
11 20 D  287 3338
11 21 D  287 3269
11 22 D  287 3201
11 23 D  287 3239
11 24 D  287 3240
11 25 D  287 3266
11 26 D  287 3288
11 27 D  287 3201
11 28 D  287 3178
11 29 D  287 3324
11 30 D  287 3374
11  1 H   33  549
11  2 H   33  532
11  3 H   33  536
11  4 H   33  521
11  5 H   33  544
11  6 H   33  527
11  7 H   33  534
11  8 H   33  541
11  9 H   33  541
11 10 H   33  543
11 11 H   33  545
11 12 H   33  534
11 13 H   33  536
11 14 H   33  545
11 15 H   33  540
11 16 H   33  542
11 17 H   33  544
11 18 H   33  539
11 19 H   33  541
11 20 H   33  540
11 21 H   33  542
11 22 H   33  536
11 23 H   33  541
11 24 H   33  539
11 25 H   33  542
11 26 H   33  544
11 27 H   33  517
11 28 H   33  540
11 29 H   33  534
11 30 H   33  541
11  1 Z  558  545
11  2 Z  558  562
11  3 Z  558  532
11  4 Z  558  533
11  5 Z  558  536
11  6 Z  558  543
11  7 Z  558  537
11  8 Z  558  528
11  9 Z  558  522
11 10 Z  558  522
11 11 Z  558  519
11 12 Z  558  521
11 13 Z  558  519
11 14 Z  558  520
11 15 Z  558  523
11 16 Z  558  517
11 17 Z  558  517
11 18 Z  558  517
11 19 Z  558  518
11 20 Z  558  522
11 21 Z  558  516
11 22 Z  558  515
11 23 Z  558  522
11 24 Z  558  517
11 25 Z  558  513
11 26 Z  558  515
11 27 Z  558  516
11 28 Z  558  523
11 29 Z  558  535
11 30 Z  558  529
12  1 D  287 3053
12  2 D  287 3264
12  3 D  287 3219
12  4 D  287 3369
12  5 D  287 3249
12  6 D  287 3280
12  7 D  287 3280
12  8 D  287 3285
12  9 D  287 3370
12 10 D  287 3344
12 11 D  287 3330
12 12 D  287 3216
12 13 D  287 3282
12 14 D  287 3311
12 15 D  287 3186
12 16 D  287 3397
12 17 D  287 3311
12 18 D  287 3258
12 19 D  287 3322
12 20 D  287 3335
12 21 D  287 3145
12 22 D  287 3160
12 23 D  287 3316
12 24 D  287 3270
12 25 D  287 3282
12 26 D  287 3324
12 27 D  287 3297
12 28 D  287 3328
12 29 D  287 3291
12 30 D  287 3344
12 31 D  287 3316
12  1 H   33  517
12  2 H   33  527
12  3 H   33  535
12  4 H   33  543
12  5 H   33  542
12  6 H   33  537
12  7 H   33  537
12  8 H   33  540
12  9 H   33  538
12 10 H   33  547
12 11 H   33  541
12 12 H   33  533
12 13 H   33  541
12 14 H   33  543
12 15 H   33  531
12 16 H   33  539
12 17 H   33  526
12 18 H   33  531
12 19 H   33  536
12 20 H   33  533
12 21 H   33  529
12 22 H   33  527
12 23 H   33  541
12 24 H   33  517
12 25 H   33  538
12 26 H   33  535
12 27 H   33  542
12 28 H   33  540
12 29 H   33  540
12 30 H   33  540
12 31 H   33  536
12  1 Z  558  530
12  2 Z  558  528
12  3 Z  558  519
12  4 Z  558  541
12  5 Z  558  524
12  6 Z  558  521
12  7 Z  558  518
12  8 Z  558  517
12  9 Z  558  522
12 10 Z  558  523
12 11 Z  558  517
12 12 Z  558  516
12 13 Z  558  518
12 14 Z  558  512
12 15 Z  558  517
12 16 Z  558  536
12 17 Z  558  526
12 18 Z  558  520
12 19 Z  558  521
12 20 Z  558  519
12 21 Z  558  520
12 22 Z  558  530
12 23 Z  558  526
12 24 Z  558  528
12 25 Z  558  532
12 26 Z  558  533
12 27 Z  558  525
12 28 Z  558  516
12 29 Z  558  515
12 30 Z  558  513
12 31 Z  558  516
