 1  1 X    0  795
 1  2 X    0  804
 1  3 X    0  802
 1  4 X    0  805
 1  5 X    0  807
 1  6 X    0  813
 1  7 X    0  773
 1  8 X    0  806
 1  9 X    0  803
 1 10 X    0  800
 1 11 X    0  795
 1 12 X    0  812
 1 13 X    0  791
 1 14 X    0  832
 1 15 X    0  796
 1 16 X    0  807
 1 17 X    0  807
 1 18 X    0  798
 1 19 X    0  802
 1 20 X    0  785
 1 21 X    0  805
 1 22 X    0  801
 1 23 X    0  813
 1 24 X    0  812
 1 25 X    0  810
 1 26 X    0  813
 1 27 X    0  807
 1 28 X    0  815
 1 29 X    0  814
 1 30 X    0  807
 1 31 X    0  805
 1  1 Y  -50 1119
 1  2 Y  -50 1095
 1  3 Y  -50 1110
 1  4 Y  -50 1097
 1  5 Y  -50 1099
 1  6 Y  -50 1096
 1  7 Y  -50 1136
 1  8 Y  -50 1116
 1  9 Y  -50 1090
 1 10 Y  -50 1092
 1 11 Y  -50 1100
 1 12 Y  -50 1091
 1 13 Y  -50 1101
 1 14 Y  -50 1084
 1 15 Y  -50 1101
 1 16 Y  -50 1108
 1 17 Y  -50 1096
 1 18 Y  -50 1092
 1 19 Y  -50 1093
 1 20 Y  -50 1118
 1 21 Y  -50 1106
 1 22 Y  -50 1094
 1 23 Y  -50 1094
 1 24 Y  -50 1097
 1 25 Y  -50 1100
 1 26 Y  -50 1097
 1 27 Y  -50 1093
 1 28 Y  -50 1092
 1 29 Y  -50 1088
 1 30 Y  -50 1095
 1 31 Y  -50 1093
 1  1 Z  550 1259
 1  2 Z  550 1258
 1  3 Z  550 1255
 1  4 Z  550 1249
 1  5 Z  550 1248
 1  6 Z  550 1246
 1  7 Z  550 1264
 1  8 Z  550 1307
 1  9 Z  550 1269
 1 10 Z  550 1257
 1 11 Z  550 1266
 1 12 Z  550 1252
 1 13 Z  550 1268
 1 14 Z  550 1319
 1 15 Z  550 1280
 1 16 Z  550 1279
 1 17 Z  550 1267
 1 18 Z  550 1254
 1 19 Z  550 1256
 1 20 Z  550 1263
 1 21 Z  550 1258
 1 22 Z  550 1247
 1 23 Z  550 1250
 1 24 Z  550 1249
 1 25 Z  550 1245
 1 26 Z  550 1252
 1 27 Z  550 1245
 1 28 Z  550 1254
 1 29 Z  550 1244
 1 30 Z  550 1251
 1 31 Z  550 1249
 2  1 X    0  815
 2  2 X    0  801
 2  3 X    0  814
 2  4 X    0  802
 2  5 X    0  810
 2  6 X    0  805
 2  7 X    0  753
 2  8 X    0  809
 2  9 X    0  808
 2 10 X    0  814
 2 11 X    0  821
 2 12 X    0  806
 2 13 X    0  794
 2 14 X    0  805
 2 15 X    0  802
 2 16 X    0  790
 2 17 X    0  804
 2 18 X    0  818
 2 19 X    0  800
 2 20 X    0  807
 2 21 X    0  790
 2 22 X    0  807
 2 23 X    0  793
 2 24 X    0  806
 2 25 X    0  803
 2 26 X    0  804
 2 27 X    0  808
 2 28 X    0  813
 2  1 Y  -50 1093
 2  2 Y  -50 1098
 2  3 Y  -50 1095
 2  4 Y  -50 1101
 2  5 Y  -50 1087
 2  6 Y  -50 1097
 2  7 Y  -50 1116
 2  8 Y  -50 1098
 2  9 Y  -50 1094
 2 10 Y  -50 1101
 2 11 Y  -50 1096
 2 12 Y  -50 1093
 2 13 Y  -50 1106
 2 14 Y  -50 1097
 2 15 Y  -50 1097
 2 16 Y  -50 1144
 2 17 Y  -50 1106
 2 18 Y  -50 1098
 2 19 Y  -50 1108
 2 20 Y  -50 1104
 2 21 Y  -50 1115
 2 22 Y  -50 1116
 2 23 Y  -50 1124
 2 24 Y  -50 1098
 2 25 Y  -50 1098
 2 26 Y  -50 1095
 2 27 Y  -50 1104
 2 28 Y  -50 1098
 2  1 Z  550 1242
 2  2 Z  550 1231
 2  3 Z  550 1237
 2  4 Z  550 1234
 2  5 Z  550 1258
 2  6 Z  550 1237
 2  7 Z  550 1265
 2  8 Z  550 1302
 2  9 Z  550 1281
 2 10 Z  550 1270
 2 11 Z  550 1269
 2 12 Z  550 1258
 2 13 Z  550 1260
 2 14 Z  550 1256
 2 15 Z  550 1258
 2 16 Z  550 1280
 2 17 Z  550 1276
 2 18 Z  550 1266
 2 19 Z  550 1263
 2 20 Z  550 1265
 2 21 Z  550 1255
 2 22 Z  550 1261
 2 23 Z  550 1250
 2 24 Z  550 1255
 2 25 Z  550 1252
 2 26 Z  550 1248
 2 27 Z  550 1245
 2 28 Z  550 1258
 3  1 X    0  813
 3  2 X    0  805
 3  3 X    0  809
 3  4 X    0  807
 3  5 X    0  800
 3  6 X    0  811
 3  7 X    0  810
 3  8 X    0  809
 3  9 X    0  790
 3 10 X    0  817
 3 11 X    0  809
 3 12 X    0  810
 3 13 X    0  805
 3 14 X    0  809
 3 15 X    0  811
 3 16 X    0  803
 3 17 X    0  807
 3 18 X    0  805
 3 19 X    0  791
 3 20 X    0  805
 3 21 X    0  806
 3 22 X    0  816
 3 23 X    0  795
 3 24 X    0  815
 3 25 X    0  812
 3 26 X    0  811
 3 27 X    0  802
 3 28 X    0  826
 3 29 X    0  817
 3 30 X    0  808
 3 31 X    0  809
 3  1 Y  -50 1098
 3  2 Y  -50 1105
 3  3 Y  -50 1108
 3  4 Y  -50 1090
 3  5 Y  -50 1108
 3  6 Y  -50 1095
 3  7 Y  -50 1099
 3  8 Y  -50 1092
 3  9 Y  -50 1125
 3 10 Y  -50 1106
 3 11 Y  -50 1089
 3 12 Y  -50 1091
 3 13 Y  -50 1112
 3 14 Y  -50 1099
 3 15 Y  -50 1095
 3 16 Y  -50 1099
 3 17 Y  -50 1094
 3 18 Y  -50 1104
 3 19 Y  -50 1109
 3 20 Y  -50 1114
 3 21 Y  -50 1098
 3 22 Y  -50 1094
 3 23 Y  -50 1093
 3 24 Y  -50 1095
 3 25 Y  -50 1095
 3 26 Y  -50 1092
 3 27 Y  -50 1093
 3 28 Y  -50 1137
 3 29 Y  -50 1105
 3 30 Y  -50 1097
 3 31 Y  -50 1089
 3  1 Z  550 1259
 3  2 Z  550 1241
 3  3 Z  550 1240
 3  4 Z  550 1242
 3  5 Z  550 1247
 3  6 Z  550 1251
 3  7 Z  550 1251
 3  8 Z  550 1251
 3  9 Z  550 1257
 3 10 Z  550 1274
 3 11 Z  550 1251
 3 12 Z  550 1257
 3 13 Z  550 1241
 3 14 Z  550 1255
 3 15 Z  550 1254
 3 16 Z  550 1249
 3 17 Z  550 1244
 3 18 Z  550 1236
 3 19 Z  550 1247
 3 20 Z  550 1272
 3 21 Z  550 1270
 3 22 Z  550 1272
 3 23 Z  550 1231
 3 24 Z  550 1243
 3 25 Z  550 1244
 3 26 Z  550 1240
 3 27 Z  550 1206
 3 28 Z  550 1252
 3 29 Z  550 1238
 3 30 Z  550 1233
 3 31 Z  550 1236
 4  1 X    0  802
 4  2 X    0  807
 4  3 X    0  811
 4  4 X    0  810
 4  5 X    0  818
 4  6 X    0  828
 4  7 X    0  815
 4  8 X    0  805
 4  9 X    0  815
 4 10 X    0  802
 4 11 X    0  800
 4 12 X    0  823
 4 13 X    0  810
 4 14 X    0  813
 4 15 X    0  809
 4 16 X    0  811
 4 17 X    0  813
 4 18 X    0  821
 4 19 X    0  818
 4 20 X    0  815
 4 21 X    0  838
 4 22 X    0  796
 4 23 X    0  796
 4 24 X    0  822
 4 25 X    0  819
 4 26 X    0  817
 4 27 X    0  808
 4 28 X    0  811
 4 29 X    0  828
 4 30 X    0  823
 4  1 Y  -50 1104
 4  2 Y  -50 1108
 4  3 Y  -50 1096
 4  4 Y  -50 1127
 4  5 Y  -50 1105
 4  6 Y  -50 1110
 4  7 Y  -50 1100
 4  8 Y  -50 1092
 4  9 Y  -50 1095
 4 10 Y  -50 1124
 4 11 Y  -50 1115
 4 12 Y  -50 1097
 4 13 Y  -50 1092
 4 14 Y  -50 1083
 4 15 Y  -50 1104
 4 16 Y  -50 1110
 4 17 Y  -50 1116
 4 18 Y  -50 1113
 4 19 Y  -50 1112
 4 20 Y  -50 1124
 4 21 Y  -50 1107
 4 22 Y  -50 1119
 4 23 Y  -50 1102
 4 24 Y  -50 1103
 4 25 Y  -50 1095
 4 26 Y  -50 1107
 4 27 Y  -50 1102
 4 28 Y  -50 1095
 4 29 Y  -50 1101
 4 30 Y  -50 1086
 4  1 Z  550 1224
 4  2 Z  550 1213
 4  3 Z  550 1273
 4  4 Z  550 1248
 4  5 Z  550 1270
 4  6 Z  550 1259
 4  7 Z  550 1267
 4  8 Z  550 1250
 4  9 Z  550 1277
 4 10 Z  550 1283
 4 11 Z  550 1264
 4 12 Z  550 1264
 4 13 Z  550 1255
 4 14 Z  550 1212
 4 15 Z  550 1253
 4 16 Z  550 1271
 4 17 Z  550 1300
 4 18 Z  550 1281
 4 19 Z  550 1290
 4 20 Z  550 1297
 4 21 Z  550 1284
 4 22 Z  550 1307
 4 23 Z  550 1209
 4 24 Z  550 1244
 4 25 Z  550 1237
 4 26 Z  550 1217
 4 27 Z  550 1227
 4 28 Z  550 1207
 4 29 Z  550 1195
 4 30 Z  550 1203
 5  1 X    0  821
 5  2 X    0  778
 5  3 X    0  822
 5  4 X    0  800
 5  5 X    0  807
 5  6 X    0  805
 5  7 X    0  847
 5  8 X    0  812
 5  9 X    0  845
 5 10 X    0  808
 5 11 X    0  798
 5 12 X    0  803
 5 13 X    0  806
 5 14 X    0  782
 5 15 X    0  812
 5 16 X    0  805
 5 17 X    0  807
 5 18 X    0  828
 5 19 X    0  829
 5 20 X    0  823
 5 21 X    0  821
 5 22 X    0  825
 5 23 X    0  783
 5 24 X    0  831
 5 25 X    0  792
 5 26 X    0  891
 5 27 X    0  804
 5 28 X    0  793
 5 29 X    0  894
 5 30 X    0  765
 5 31 X    0  809
 5  1 Y  -50 1092
 5  2 Y  -50 1099
 5  3 Y  -50 1152
 5  4 Y  -50 1127
 5  5 Y  -50 1091
 5  6 Y  -50 1120
 5  7 Y  -50 1053
 5  8 Y  -50 1116
 5  9 Y  -50 1093
 5 10 Y  -50 1106
 5 11 Y  -50 1103
 5 12 Y  -50 1117
 5 13 Y  -50 1108
 5 14 Y  -50 1125
 5 15 Y  -50 1119
 5 16 Y  -50 1107
 5 17 Y  -50 1110
 5 18 Y  -50 1094
 5 19 Y  -50 1098
 5 20 Y  -50 1110
 5 21 Y  -50 1124
 5 22 Y  -50 1080
 5 23 Y  -50 1114
 5 24 Y  -50 1118
 5 25 Y  -50 1132
 5 26 Y  -50 1068
 5 27 Y  -50 1112
 5 28 Y  -50 1150
 5 29 Y  -50 1100
 5 30 Y  -50 1134
 5 31 Y  -50 1083
 5  1 Z  550 1216
 5  2 Z  550 1129
 5  3 Z  550 1265
 5  4 Z  550 1276
 5  5 Z  550 1289
 5  6 Z  550 1306
 5  7 Z  550 1191
 5  8 Z  550 1203
 5  9 Z  550 1218
 5 10 Z  550 1243
 5 11 Z  550 1310
 5 12 Z  550 1292
 5 13 Z  550 1300
 5 14 Z  550 1304
 5 15 Z  550 1251
 5 16 Z  550 1290
 5 17 Z  550 1309
 5 18 Z  550 1278
 5 19 Z  550 1283
 5 20 Z  550 1282
 5 21 Z  550 1292
 5 22 Z  550 1222
 5 23 Z  550 1260
 5 24 Z  550 1230
 5 25 Z  550 1159
 5 26 Z  550 1282
 5 27 Z  550 1354
 5 28 Z  550 1253
 5 29 Z  550 1211
 5 30 Z  550 1242
 5 31 Z  550 1290
 6  1 X    0  773
 6  2 X    0  811
 6  3 X    0  800
 6  4 X    0  790
 6  5 X    0  770
 6  6 X    0  814
 6  7 X    0  849
 6  8 X    0  801
 6  9 X    0  839
 6 10 X    0  822
 6 11 X    0  789
 6 12 X    0  810
 6 13 X    0  806
 6 14 X    0  814
 6 15 X    0  811
 6 16 X    0  810
 6 17 X    0  811
 6 18 X    0  803
 6 19 X    0  825
 6 20 X    0  840
 6 21 X    0  792
 6 22 X    0  822
 6 23 X    0  795
 6 24 X    0  813
 6 25 X    0  778
 6 26 X    0  803
 6 27 X    0  807
 6 28 X    0  830
 6 29 X    0  834
 6 30 X    0  805
 6  1 Y  -50 1151
 6  2 Y  -50 1109
 6  3 Y  -50 1135
 6  4 Y  -50 1148
 6  5 Y  -50 1109
 6  6 Y  -50 1081
 6  7 Y  -50 1068
 6  8 Y  -50 1142
 6  9 Y  -50 1108
 6 10 Y  -50 1106
 6 11 Y  -50 1127
 6 12 Y  -50 1122
 6 13 Y  -50 1092
 6 14 Y  -50 1114
 6 15 Y  -50 1101
 6 16 Y  -50 1132
 6 17 Y  -50 1136
 6 18 Y  -50 1112
 6 19 Y  -50 1126
 6 20 Y  -50 1094
 6 21 Y  -50 1122
 6 22 Y  -50 1114
 6 23 Y  -50 1106
 6 24 Y  -50 1084
 6 25 Y  -50 1073
 6 26 Y  -50 1117
 6 27 Y  -50 1103
 6 28 Y  -50 1171
 6 29 Y  -50 1123
 6 30 Y  -50 1151
 6  1 Z  550 1386
 6  2 Z  550 1308
 6  3 Z  550 1311
 6  4 Z  550 1284
 6  5 Z  550 1218
 6  6 Z  550 1220
 6  7 Z  550 1340
 6  8 Z  550 1316
 6  9 Z  550 1274
 6 10 Z  550 1275
 6 11 Z  550 1301
 6 12 Z  550 1292
 6 13 Z  550 1257
 6 14 Z  550 1307
 6 15 Z  550 1325
 6 16 Z  550 1303
 6 17 Z  550 1273
 6 18 Z  550 1292
 6 19 Z  550 1255
 6 20 Z  550 1212
 6 21 Z  550 1260
 6 22 Z  550 1268
 6 23 Z  550 1276
 6 24 Z  550 1257
 6 25 Z  550 1174
 6 26 Z  550 1274
 6 27 Z  550 1377
 6 28 Z  550 1326
 6 29 Z  550 1275
 6 30 Z  550 1391
 7  1 X    0  828
 7  2 X    0  831
 7  3 X    0  796
 7  4 X    0  809
 7  5 X    0  833
 7  6 X    0  798
 7  7 X    0  822
 7  8 X    0  843
 7  9 X    0  825
 7 10 X    0  813
 7 11 X    0  798
 7 12 X    0  790
 7 13 X    0  760
 7 14 X    0  797
 7 15 X    0  788
 7 16 X    0  807
 7 17 X    0  788
 7 18 X    0  819
 7 19 X    0  804
 7 20 X    0  823
 7 21 X    0  818
 7 22 X    0  812
 7 23 X    0  805
 7 24 X    0  800
 7 25 X    0  812
 7 26 X    0  817
 7 27 X    0  799
 7 28 X    0  788
 7 29 X    0  796
 7 30 X    0  854
 7 31 X    0  813
 7  1 Y  -50 1114
 7  2 Y  -50 1078
 7  3 Y  -50 1102
 7  4 Y  -50 1103
 7  5 Y  -50 1135
 7  6 Y  -50 1145
 7  7 Y  -50 1091
 7  8 Y  -50 1084
 7  9 Y  -50 1101
 7 10 Y  -50 1096
 7 11 Y  -50 1118
 7 12 Y  -50 1126
 7 13 Y  -50 1124
 7 14 Y  -50 1120
 7 15 Y  -50 1160
 7 16 Y  -50 1102
 7 17 Y  -50 1107
 7 18 Y  -50 1127
 7 19 Y  -50 1100
 7 20 Y  -50 1124
 7 21 Y  -50 1116
 7 22 Y  -50 1107
 7 23 Y  -50 1108
 7 24 Y  -50 1112
 7 25 Y  -50 1130
 7 26 Y  -50 1097
 7 27 Y  -50 1106
 7 28 Y  -50 1108
 7 29 Y  -50 1084
 7 30 Y  -50 1101
 7 31 Y  -50 1110
 7  1 Z  550 1226
 7  2 Z  550 1211
 7  3 Z  550 1286
 7  4 Z  550 1292
 7  5 Z  550 1297
 7  6 Z  550 1293
 7  7 Z  550 1251
 7  8 Z  550 1210
 7  9 Z  550 1208
 7 10 Z  550 1241
 7 11 Z  550 1326
 7 12 Z  550 1335
 7 13 Z  550 1355
 7 14 Z  550 1352
 7 15 Z  550 1337
 7 16 Z  550 1285
 7 17 Z  550 1302
 7 18 Z  550 1319
 7 19 Z  550 1279
 7 20 Z  550 1287
 7 21 Z  550 1285
 7 22 Z  550 1283
 7 23 Z  550 1282
 7 24 Z  550 1261
 7 25 Z  550 1257
 7 26 Z  550 1296
 7 27 Z  550 1309
 7 28 Z  550 1252
 7 29 Z  550 1261
 7 30 Z  550 1327
 7 31 Z  550 1281
 8  1 X    0  838
 8  2 X    0  819
 8  3 X    0  791
 8  4 X    0  819
 8  5 X    0  829
 8  6 X    0  812
 8  7 X    0  823
 8  8 X    0  828
 8  9 X    0  820
 8 10 X    0  818
 8 11 X    0  757
 8 12 X    0  809
 8 13 X    0  808
 8 14 X    0  843
 8 15 X    0  801
 8 16 X    0  805
 8 17 X    0  801
 8 18 X    0  803
 8 19 X    0  816
 8 20 X    0  813
 8 21 X    0  816
 8 22 X    0  808
 8 23 X    0  798
 8 24 X    0  830
 8 25 X    0  817
 8 26 X    0  791
 8 27 X    0  821
 8 28 X    0  810
 8 29 X    0  822
 8 30 X    0  810
 8 31 X    0  844
 8  1 Y  -50 1096
 8  2 Y  -50 1088
 8  3 Y  -50 1140
 8  4 Y  -50 1125
 8  5 Y  -50 1113
 8  6 Y  -50 1086
 8  7 Y  -50 1111
 8  8 Y  -50 1117
 8  9 Y  -50 1105
 8 10 Y  -50 1126
 8 11 Y  -50 1103
 8 12 Y  -50 1126
 8 13 Y  -50 1131
 8 14 Y  -50 1113
 8 15 Y  -50 1131
 8 16 Y  -50 1137
 8 17 Y  -50 1129
 8 18 Y  -50 1137
 8 19 Y  -50 1127
 8 20 Y  -50 1120
 8 21 Y  -50 1121
 8 22 Y  -50 1098
 8 23 Y  -50 1129
 8 24 Y  -50 1126
 8 25 Y  -50 1115
 8 26 Y  -50 1106
 8 27 Y  -50 1109
 8 28 Y  -50 1125
 8 29 Y  -50 1118
 8 30 Y  -50 1105
 8 31 Y  -50 1122
 8  1 Z  550 1172
 8  2 Z  550 1221
 8  3 Z  550 1298
 8  4 Z  550 1235
 8  5 Z  550 1186
 8  6 Z  550 1189
 8  7 Z  550 1219
 8  8 Z  550 1213
 8  9 Z  550 1268
 8 10 Z  550 1314
 8 11 Z  550 1299
 8 12 Z  550 1284
 8 13 Z  550 1306
 8 14 Z  550 1280
 8 15 Z  550 1325
 8 16 Z  550 1311
 8 17 Z  550 1280
 8 18 Z  550 1347
 8 19 Z  550 1324
 8 20 Z  550 1286
 8 21 Z  550 1285
 8 22 Z  550 1265
 8 23 Z  550 1321
 8 24 Z  550 1310
 8 25 Z  550 1317
 8 26 Z  550 1291
 8 27 Z  550 1292
 8 28 Z  550 1303
 8 29 Z  550 1294
 8 30 Z  550 1257
 8 31 Z  550 1251
 9  1 X    0  830
 9  2 X    0  835
 9  3 X    0  815
 9  4 X    0  827
 9  5 X    0  816
 9  6 X    0  812
 9  7 X    0  792
 9  8 X    0  796
 9  9 X    0  814
 9 10 X    0  811
 9 11 X    0  805
 9 12 X    0  812
 9 13 X    0  797
 9 14 X    0  815
 9 15 X    0  819
 9 16 X    0  807
 9 17 X    0  811
 9 18 X    0  785
 9 19 X    0  813
 9 20 X    0  819
 9 21 X    0  819
 9 22 X    0  808
 9 23 X    0  814
 9 24 X    0  813
 9 25 X    0  803
 9 26 X    0  800
 9 27 X    0  809
 9 28 X    0  811
 9 29 X    0  803
 9 30 X    0  837
 9  1 Y  -50 1114
 9  2 Y  -50 1126
 9  3 Y  -50 1103
 9  4 Y  -50 1100
 9  5 Y  -50 1108
 9  6 Y  -50 1103
 9  7 Y  -50 1129
 9  8 Y  -50 1125
 9  9 Y  -50 1106
 9 10 Y  -50 1105
 9 11 Y  -50 1115
 9 12 Y  -50 1107
 9 13 Y  -50 1134
 9 14 Y  -50 1120
 9 15 Y  -50 1105
 9 16 Y  -50 1105
 9 17 Y  -50 1114
 9 18 Y  -50 1123
 9 19 Y  -50 1121
 9 20 Y  -50 1146
 9 21 Y  -50 1113
 9 22 Y  -50 1103
 9 23 Y  -50 1095
 9 24 Y  -50 1105
 9 25 Y  -50 1113
 9 26 Y  -50 1104
 9 27 Y  -50 1102
 9 28 Y  -50 1100
 9 29 Y  -50 1108
 9 30 Y  -50 1129
 9  1 Z  550 1221
 9  2 Z  550 1250
 9  3 Z  550 1244
 9  4 Z  550 1252
 9  5 Z  550 1271
 9  6 Z  550 1259
 9  7 Z  550 1315
 9  8 Z  550 1296
 9  9 Z  550 1294
 9 10 Z  550 1325
 9 11 Z  550 1306
 9 12 Z  550 1296
 9 13 Z  550 1300
 9 14 Z  550 1300
 9 15 Z  550 1309
 9 16 Z  550 1288
 9 17 Z  550 1300
 9 18 Z  550 1318
 9 19 Z  550 1317
 9 20 Z  550 1306
 9 21 Z  550 1332
 9 22 Z  550 1317
 9 23 Z  550 1285
 9 24 Z  550 1286
 9 25 Z  550 1302
 9 26 Z  550 1311
 9 27 Z  550 1275
 9 28 Z  550 1274
 9 29 Z  550 1296
 9 30 Z  550 1315
10  1 X    0  829
10  2 X    0  800
10  3 X    0  805
10  4 X    0  799
10  5 X    0  802
10  6 X    0  818
10  7 X    0  809
10  8 X    0  791
10  9 X    0  789
10 10 X    0  782
10 11 X    0  809
10 12 X    0  815
10 13 X    0  801
10 14 X    0  799
10 15 X    0  810
10 16 X    0  806
10 17 X    0  816
10 18 X    0  810
10 19 X    0  807
10 20 X    0  806
10 21 X    0  809
10 22 X    0  800
10 23 X    0  807
10 24 X    0  814
10 25 X    0  805
10 26 X    0  809
10 27 X    0  793
10 28 X    0  812
10 29 X    0  804
10 30 X    0  820
10 31 X    0  805
10  1 Y  -50 1105
10  2 Y  -50 1109
10  3 Y  -50 1110
10  4 Y  -50 1107
10  5 Y  -50 1107
10  6 Y  -50 1108
10  7 Y  -50 1111
10  8 Y  -50 1110
10  9 Y  -50 1081
10 10 Y  -50 1110
10 11 Y  -50 1119
10 12 Y  -50 1103
10 13 Y  -50 1100
10 14 Y  -50 1110
10 15 Y  -50 1093
10 16 Y  -50 1100
10 17 Y  -50 1119
10 18 Y  -50 1105
10 19 Y  -50 1110
10 20 Y  -50 1103
10 21 Y  -50 1101
10 22 Y  -50 1105
10 23 Y  -50 1107
10 24 Y  -50 1122
10 25 Y  -50 1104
10 26 Y  -50 1098
10 27 Y  -50 1113
10 28 Y  -50 1137
10 29 Y  -50 1126
10 30 Y  -50 1103
10 31 Y  -50 1106
10  1 Z  550 1310
10  2 Z  550 1278
10  3 Z  550 1300
10  4 Z  550 1321
10  5 Z  550 1295
10  6 Z  550 1291
10  7 Z  550 1291
10  8 Z  550 1288
10  9 Z  550 1281
10 10 Z  550 1312
10 11 Z  550 1315
10 12 Z  550 1331
10 13 Z  550 1317
10 14 Z  550 1310
10 15 Z  550 1312
10 16 Z  550 1303
10 17 Z  550 1318
10 18 Z  550 1300
10 19 Z  550 1303
10 20 Z  550 1306
10 21 Z  550 1296
10 22 Z  550 1293
10 23 Z  550 1287
10 24 Z  550 1290
10 25 Z  550 1286
10 26 Z  550 1284
10 27 Z  550 1275
10 28 Z  550 1318
10 29 Z  550 1311
10 30 Z  550 1302
10 31 Z  550 1306
11  1 X    0  795
11  2 X    0  796
11  3 X    0  775
11  4 X    0  817
11  5 X    0  799
11  6 X    0  811
11  7 X    0  813
11  8 X    0  792
11  9 X    0  800
11 10 X    0  803
11 11 X    0  790
11 12 X    0  797
11 13 X    0  802
11 14 X    0  808
11 15 X    0  789
11 16 X    0  809
11 17 X    0  809
11 18 X    0  806
11 19 X    0  810
11 20 X    0  810
11 21 X    0  801
11 22 X    0  818
11 23 X    0  803
11 24 X    0  810
11 25 X    0  787
11 26 X    0  802
11 27 X    0  801
11 28 X    0  812
11 29 X    0  814
11 30 X    0  800
11  1 Y  -50 1106
11  2 Y  -50 1108
11  3 Y  -50 1104
11  4 Y  -50 1102
11  5 Y  -50 1112
11  6 Y  -50 1103
11  7 Y  -50 1104
11  8 Y  -50 1094
11  9 Y  -50 1118
11 10 Y  -50 1110
11 11 Y  -50 1095
11 12 Y  -50 1106
11 13 Y  -50 1101
11 14 Y  -50 1110
11 15 Y  -50 1123
11 16 Y  -50 1107
11 17 Y  -50 1100
11 18 Y  -50 1106
11 19 Y  -50 1104
11 20 Y  -50 1102
11 21 Y  -50 1095
11 22 Y  -50 1119
11 23 Y  -50 1108
11 24 Y  -50 1115
11 25 Y  -50 1112
11 26 Y  -50 1104
11 27 Y  -50 1094
11 28 Y  -50 1104
11 29 Y  -50 1118
11 30 Y  -50 1110
11  1 Z  550 1301
11  2 Z  550 1298
11  3 Z  550 1299
11  4 Z  550 1306
11  5 Z  550 1298
11  6 Z  550 1295
11  7 Z  550 1292
11  8 Z  550 1304
11  9 Z  550 1307
11 10 Z  550 1302
11 11 Z  550 1300
11 12 Z  550 1309
11 13 Z  550 1308
11 14 Z  550 1306
11 15 Z  550 1303
11 16 Z  550 1304
11 17 Z  550 1297
11 18 Z  550 1299
11 19 Z  550 1296
11 20 Z  550 1295
11 21 Z  550 1289
11 22 Z  550 1298
11 23 Z  550 1292
11 24 Z  550 1311
11 25 Z  550 1306
11 26 Z  550 1298
11 27 Z  550 1297
11 28 Z  550 1323
11 29 Z  550 1306
11 30 Z  550 1303
12  1 X    0  786
12  2 X    0  823
12  3 X    0  800
12  4 X    0  813
12  5 X    0  795
12  6 X    0  801
12  7 X    0  808
12  8 X    0  795
12  9 X    0  798
12 10 X    0  816
12 11 X    0  813
12 12 X    0  804
12 13 X    0  808
12 14 X    0  807
12 15 X    0  798
12 16 X    0  802
12 17 X    0  817
12 18 X    0  797
12 19 X    0  782
12 20 X    0  807
12 21 X    0  805
12 22 X    0  798
12 23 X    0  798
12 24 X    0  805
12 25 X    0  814
12 26 X    0  803
12 27 X    0  811
12 28 X    0  797
12 29 X    0  814
12 30 X    0  800
12 31 X    0  799
12  1 Y  -50 1113
12  2 Y  -50 1092
12  3 Y  -50 1122
12  4 Y  -50 1102
12  5 Y  -50 1105
12  6 Y  -50 1119
12  7 Y  -50 1112
12  8 Y  -50 1100
12  9 Y  -50 1113
12 10 Y  -50 1104
12 11 Y  -50 1104
12 12 Y  -50 1105
12 13 Y  -50 1103
12 14 Y  -50 1111
12 15 Y  -50 1109
12 16 Y  -50 1097
12 17 Y  -50 1128
12 18 Y  -50 1118
12 19 Y  -50 1112
12 20 Y  -50 1134
12 21 Y  -50 1117
12 22 Y  -50 1098
12 23 Y  -50 1107
12 24 Y  -50 1107
12 25 Y  -50 1105
12 26 Y  -50 1115
12 27 Y  -50 1113
12 28 Y  -50 1098
12 29 Y  -50 1102
12 30 Y  -50 1105
12 31 Y  -50 1144
12  1 Z  550 1324
12  2 Z  550 1324
12  3 Z  550 1308
12  4 Z  550 1305
12  5 Z  550 1304
12  6 Z  550 1316
12  7 Z  550 1324
12  8 Z  550 1325
12  9 Z  550 1316
12 10 Z  550 1311
12 11 Z  550 1306
12 12 Z  550 1307
12 13 Z  550 1294
12 14 Z  550 1298
12 15 Z  550 1301
12 16 Z  550 1289
12 17 Z  550 1311
12 18 Z  550 1300
12 19 Z  550 1325
12 20 Z  550 1332
12 21 Z  550 1320
12 22 Z  550 1305
12 23 Z  550 1314
12 24 Z  550 1304
12 25 Z  550 1302
12 26 Z  550 1304
12 27 Z  550 1310
12 28 Z  550 1302
12 29 Z  550 1301
12 30 Z  550 1298
12 31 Z  550 1361
