 1  1 X    0  812
 1  2 X    0  809
 1  3 X    0  799
 1  4 X    0  804
 1  5 X    0  809
 1  6 X    0  806
 1  7 X    0  810
 1  8 X    0  810
 1  9 X    0  808
 1 10 X    0  800
 1 11 X    0  805
 1 12 X    0  810
 1 13 X    0  809
 1 14 X    0  821
 1 15 X    0  812
 1 16 X    0  815
 1 17 X    0  806
 1 18 X    0  804
 1 19 X    0  788
 1 20 X    0  813
 1 21 X    0  816
 1 22 X    0  807
 1 23 X    0  802
 1 24 X    0  796
 1 25 X    0  817
 1 26 X    0  809
 1 27 X    0  786
 1 28 X    0  801
 1 29 X    0  809
 1 30 X    0  802
 1 31 X    0  811
 1  1 Y  -50 1130
 1  2 Y  -50 1140
 1  3 Y  -50 1152
 1  4 Y  -50 1137
 1  5 Y  -50 1134
 1  6 Y  -50 1134
 1  7 Y  -50 1134
 1  8 Y  -50 1134
 1  9 Y  -50 1134
 1 10 Y  -50 1134
 1 11 Y  -50 1138
 1 12 Y  -50 1133
 1 13 Y  -50 1121
 1 14 Y  -50 1145
 1 15 Y  -50 1146
 1 16 Y  -50 1145
 1 17 Y  -50 1137
 1 18 Y  -50 1142
 1 19 Y  -50 1136
 1 20 Y  -50 1143
 1 21 Y  -50 1134
 1 22 Y  -50 1125
 1 23 Y  -50 1129
 1 24 Y  -50 1133
 1 25 Y  -50 1154
 1 26 Y  -50 1136
 1 27 Y  -50 1168
 1 28 Y  -50 1142
 1 29 Y  -50 1126
 1 30 Y  -50 1126
 1 31 Y  -50 1136
 1  1 Z  550 1453
 1  2 Z  550 1460
 1  3 Z  550 1488
 1  4 Z  550 1470
 1  5 Z  550 1460
 1  6 Z  550 1456
 1  7 Z  550 1453
 1  8 Z  550 1451
 1  9 Z  550 1449
 1 10 Z  550 1450
 1 11 Z  550 1454
 1 12 Z  550 1453
 1 13 Z  550 1436
 1 14 Z  550 1438
 1 15 Z  550 1454
 1 16 Z  550 1456
 1 17 Z  550 1448
 1 18 Z  550 1458
 1 19 Z  550 1459
 1 20 Z  550 1487
 1 21 Z  550 1473
 1 22 Z  550 1474
 1 23 Z  550 1468
 1 24 Z  550 1464
 1 25 Z  550 1459
 1 26 Z  550 1456
 1 27 Z  550 1451
 1 28 Z  550 1488
 1 29 Z  550 1469
 1 30 Z  550 1475
 1 31 Z  550 1472
 2  1 X    0  817
 2  2 X    0  803
 2  3 X    0  813
 2  4 X    0  808
 2  5 X    0  811
 2  6 X    0  810
 2  7 X    0  817
 2  8 X    0  814
 2  9 X    0  819
 2 10 X    0  799
 2 11 X    0  809
 2 12 X    0  801
 2 13 X    0  815
 2 14 X    0  796
 2 15 X    0  792
 2 16 X    0  805
 2 17 X    0  807
 2 18 X    0  808
 2 19 X    0  819
 2 20 X    0  797
 2 21 X    0  823
 2 22 X    0  818
 2 23 X    0  787
 2 24 X    0  807
 2 25 X    0  777
 2 26 X    0  825
 2 27 X    0  803
 2 28 X    0  823
 2  1 Y  -50 1150
 2  2 Y  -50 1135
 2  3 Y  -50 1130
 2  4 Y  -50 1141
 2  5 Y  -50 1136
 2  6 Y  -50 1142
 2  7 Y  -50 1134
 2  8 Y  -50 1132
 2  9 Y  -50 1141
 2 10 Y  -50 1136
 2 11 Y  -50 1121
 2 12 Y  -50 1131
 2 13 Y  -50 1130
 2 14 Y  -50 1155
 2 15 Y  -50 1139
 2 16 Y  -50 1139
 2 17 Y  -50 1140
 2 18 Y  -50 1141
 2 19 Y  -50 1126
 2 20 Y  -50 1134
 2 21 Y  -50 1151
 2 22 Y  -50 1132
 2 23 Y  -50 1122
 2 24 Y  -50 1125
 2 25 Y  -50 1139
 2 26 Y  -50 1150
 2 27 Y  -50 1126
 2 28 Y  -50 1121
 2  1 Z  550 1475
 2  2 Z  550 1465
 2  3 Z  550 1457
 2  4 Z  550 1458
 2  5 Z  550 1466
 2  6 Z  550 1464
 2  7 Z  550 1456
 2  8 Z  550 1450
 2  9 Z  550 1461
 2 10 Z  550 1455
 2 11 Z  550 1446
 2 12 Z  550 1447
 2 13 Z  550 1451
 2 14 Z  550 1458
 2 15 Z  550 1478
 2 16 Z  550 1484
 2 17 Z  550 1475
 2 18 Z  550 1478
 2 19 Z  550 1483
 2 20 Z  550 1464
 2 21 Z  550 1473
 2 22 Z  550 1467
 2 23 Z  550 1457
 2 24 Z  550 1464
 2 25 Z  550 1462
 2 26 Z  550 1499
 2 27 Z  550 1463
 2 28 Z  550 1473
 3  1 X    0  815
 3  2 X    0  807
 3  3 X    0  798
 3  4 X    0  806
 3  5 X    0  824
 3  6 X    0  806
 3  7 X    0  811
 3  8 X    0  799
 3  9 X    0  813
 3 10 X    0  806
 3 11 X    0  814
 3 12 X    0  774
 3 13 X    0  813
 3 14 X    0  814
 3 15 X    0  818
 3 16 X    0  809
 3 17 X    0  812
 3 18 X    0  809
 3 19 X    0  796
 3 20 X    0  820
 3 21 X    0  813
 3 22 X    0  807
 3 23 X    0  806
 3 24 X    0  802
 3 25 X    0  821
 3 26 X    0  820
 3 27 X    0  817
 3 28 X    0  808
 3 29 X    0  813
 3 30 X    0  809
 3 31 X    0  815
 3  1 Y  -50 1128
 3  2 Y  -50 1142
 3  3 Y  -50 1130
 3  4 Y  -50 1157
 3  5 Y  -50 1147
 3  6 Y  -50 1139
 3  7 Y  -50 1144
 3  8 Y  -50 1130
 3  9 Y  -50 1138
 3 10 Y  -50 1142
 3 11 Y  -50 1132
 3 12 Y  -50 1137
 3 13 Y  -50 1158
 3 14 Y  -50 1150
 3 15 Y  -50 1141
 3 16 Y  -50 1137
 3 17 Y  -50 1148
 3 18 Y  -50 1135
 3 19 Y  -50 1146
 3 20 Y  -50 1115
 3 21 Y  -50 1137
 3 22 Y  -50 1144
 3 23 Y  -50 1129
 3 24 Y  -50 1129
 3 25 Y  -50 1140
 3 26 Y  -50 1144
 3 27 Y  -50 1145
 3 28 Y  -50 1126
 3 29 Y  -50 1134
 3 30 Y  -50 1145
 3 31 Y  -50 1162
 3  1 Z  550 1459
 3  2 Z  550 1472
 3  3 Z  550 1457
 3  4 Z  550 1470
 3  5 Z  550 1472
 3  6 Z  550 1465
 3  7 Z  550 1463
 3  8 Z  550 1437
 3  9 Z  550 1449
 3 10 Z  550 1444
 3 11 Z  550 1444
 3 12 Z  550 1445
 3 13 Z  550 1483
 3 14 Z  550 1494
 3 15 Z  550 1491
 3 16 Z  550 1474
 3 17 Z  550 1496
 3 18 Z  550 1473
 3 19 Z  550 1473
 3 20 Z  550 1478
 3 21 Z  550 1468
 3 22 Z  550 1479
 3 23 Z  550 1436
 3 24 Z  550 1437
 3 25 Z  550 1453
 3 26 Z  550 1470
 3 27 Z  550 1443
 3 28 Z  550 1446
 3 29 Z  550 1446
 3 30 Z  550 1454
 3 31 Z  550 1475
 4  1 X    0  819
 4  2 X    0  813
 4  3 X    0  806
 4  4 X    0  801
 4  5 X    0  796
 4  6 X    0  834
 4  7 X    0  822
 4  8 X    0  790
 4  9 X    0  812
 4 10 X    0  807
 4 11 X    0  835
 4 12 X    0  809
 4 13 X    0  832
 4 14 X    0  783
 4 15 X    0  812
 4 16 X    0  813
 4 17 X    0  824
 4 18 X    0  800
 4 19 X    0  824
 4 20 X    0  818
 4 21 X    0  802
 4 22 X    0  805
 4 23 X    0  810
 4 24 X    0  820
 4 25 X    0  822
 4 26 X    0  818
 4 27 X    0  832
 4 28 X    0  820
 4 29 X    0  795
 4 30 X    0  840
 4  1 Y  -50 1141
 4  2 Y  -50 1138
 4  3 Y  -50 1129
 4  4 Y  -50 1142
 4  5 Y  -50 1135
 4  6 Y  -50 1139
 4  7 Y  -50 1129
 4  8 Y  -50 1149
 4  9 Y  -50 1195
 4 10 Y  -50 1145
 4 11 Y  -50 1164
 4 12 Y  -50 1148
 4 13 Y  -50 1159
 4 14 Y  -50 1166
 4 15 Y  -50 1117
 4 16 Y  -50 1138
 4 17 Y  -50 1128
 4 18 Y  -50 1149
 4 19 Y  -50 1131
 4 20 Y  -50 1123
 4 21 Y  -50 1148
 4 22 Y  -50 1135
 4 23 Y  -50 1124
 4 24 Y  -50 1133
 4 25 Y  -50 1131
 4 26 Y  -50 1151
 4 27 Y  -50 1155
 4 28 Y  -50 1174
 4 29 Y  -50 1128
 4 30 Y  -50 1128
 4  1 Z  550 1475
 4  2 Z  550 1445
 4  3 Z  550 1452
 4  4 Z  550 1414
 4  5 Z  550 1444
 4  6 Z  550 1441
 4  7 Z  550 1431
 4  8 Z  550 1420
 4  9 Z  550 1488
 4 10 Z  550 1493
 4 11 Z  550 1499
 4 12 Z  550 1489
 4 13 Z  550 1479
 4 14 Z  550 1498
 4 15 Z  550 1471
 4 16 Z  550 1487
 4 17 Z  550 1490
 4 18 Z  550 1451
 4 19 Z  550 1457
 4 20 Z  550 1419
 4 21 Z  550 1385
 4 22 Z  550 1468
 4 23 Z  550 1440
 4 24 Z  550 1405
 4 25 Z  550 1412
 4 26 Z  550 1456
 4 27 Z  550 1477
 4 28 Z  550 1532
 4 29 Z  550 1460
 4 30 Z  550 1402
 5  1 X    0  815
 5  2 X    0  841
 5  3 X    0  806
 5  4 X    0  830
 5  5 X    0  810
 5  6 X    0  807
 5  7 X    0  830
 5  8 X    0  807
 5  9 X    0  816
 5 10 X    0  827
 5 11 X    0  832
 5 12 X    0  792
 5 13 X    0  788
 5 14 X    0  802
 5 15 X    0  813
 5 16 X    0  783
 5 17 X    0  821
 5 18 X    0  856
 5 19 X    0  830
 5 20 X    0  836
 5 21 X    0  837
 5 22 X    0  831
 5 23 X    0  796
 5 24 X    0  784
 5 25 X    0  822
 5 26 X    0  818
 5 27 X    0  820
 5 28 X    0  799
 5 29 X    0  813
 5 30 X    0  859
 5 31 X    0  825
 5  1 Y  -50 1122
 5  2 Y  -50 1143
 5  3 Y  -50 1141
 5  4 Y  -50 1126
 5  5 Y  -50 1147
 5  6 Y  -50 1176
 5  7 Y  -50 1149
 5  8 Y  -50 1165
 5  9 Y  -50 1139
 5 10 Y  -50 1160
 5 11 Y  -50 1135
 5 12 Y  -50 1154
 5 13 Y  -50 1158
 5 14 Y  -50 1169
 5 15 Y  -50 1168
 5 16 Y  -50 1161
 5 17 Y  -50 1144
 5 18 Y  -50 1162
 5 19 Y  -50 1136
 5 20 Y  -50 1143
 5 21 Y  -50 1139
 5 22 Y  -50 1125
 5 23 Y  -50 1133
 5 24 Y  -50 1159
 5 25 Y  -50 1149
 5 26 Y  -50 1161
 5 27 Y  -50 1142
 5 28 Y  -50 1145
 5 29 Y  -50 1123
 5 30 Y  -50 1152
 5 31 Y  -50 1122
 5  1 Z  550 1358
 5  2 Z  550 1397
 5  3 Z  550 1422
 5  4 Z  550 1427
 5  5 Z  550 1415
 5  6 Z  550 1481
 5  7 Z  550 1469
 5  8 Z  550 1460
 5  9 Z  550 1463
 5 10 Z  550 1478
 5 11 Z  550 1466
 5 12 Z  550 1498
 5 13 Z  550 1510
 5 14 Z  550 1508
 5 15 Z  550 1521
 5 16 Z  550 1459
 5 17 Z  550 1372
 5 18 Z  550 1407
 5 19 Z  550 1396
 5 20 Z  550 1450
 5 21 Z  550 1409
 5 22 Z  550 1446
 5 23 Z  550 1438
 5 24 Z  550 1485
 5 25 Z  550 1462
 5 26 Z  550 1506
 5 27 Z  550 1470
 5 28 Z  550 1463
 5 29 Z  550 1426
 5 30 Z  550 1364
 5 31 Z  550 1445
 6  1 X    0  830
 6  2 X    0  814
 6  3 X    0  829
 6  4 X    0  812
 6  5 X    0  797
 6  6 X    0  828
 6  7 X    0  826
 6  8 X    0  816
 6  9 X    0  826
 6 10 X    0  801
 6 11 X    0  833
 6 12 X    0  833
 6 13 X    0  792
 6 14 X    0  814
 6 15 X    0  816
 6 16 X    0  824
 6 17 X    0  866
 6 18 X    0  839
 6 19 X    0  826
 6 20 X    0  847
 6 21 X    0  820
 6 22 X    0  810
 6 23 X    0  887
 6 24 X    0  750
 6 25 X    0  865
 6 26 X    0  845
 6 27 X    0  840
 6 28 X    0  822
 6 29 X    0  790
 6 30 X    0  820
 6  1 Y  -50 1176
 6  2 Y  -50 1156
 6  3 Y  -50 1148
 6  4 Y  -50 1164
 6  5 Y  -50 1150
 6  6 Y  -50 1149
 6  7 Y  -50 1129
 6  8 Y  -50 1131
 6  9 Y  -50 1165
 6 10 Y  -50 1163
 6 11 Y  -50 1156
 6 12 Y  -50 1147
 6 13 Y  -50 1185
 6 14 Y  -50 1157
 6 15 Y  -50 1130
 6 16 Y  -50 1147
 6 17 Y  -50 1130
 6 18 Y  -50 1121
 6 19 Y  -50 1131
 6 20 Y  -50 1125
 6 21 Y  -50 1144
 6 22 Y  -50 1146
 6 23 Y  -50 1132
 6 24 Y  -50 1154
 6 25 Y  -50 1130
 6 26 Y  -50 1145
 6 27 Y  -50 1132
 6 28 Y  -50 1153
 6 29 Y  -50 1165
 6 30 Y  -50 1176
 6  1 Z  550 1484
 6  2 Z  550 1500
 6  3 Z  550 1484
 6  4 Z  550 1517
 6  5 Z  550 1495
 6  6 Z  550 1452
 6  7 Z  550 1419
 6  8 Z  550 1476
 6  9 Z  550 1481
 6 10 Z  550 1522
 6 11 Z  550 1486
 6 12 Z  550 1438
 6 13 Z  550 1466
 6 14 Z  550 1458
 6 15 Z  550 1489
 6 16 Z  550 1354
 6 17 Z  550 1366
 6 18 Z  550 1402
 6 19 Z  550 1455
 6 20 Z  550 1357
 6 21 Z  550 1432
 6 22 Z  550 1447
 6 23 Z  550 1387
 6 24 Z  550 1524
 6 25 Z  550 1400
 6 26 Z  550 1426
 6 27 Z  550 1417
 6 28 Z  550 1408
 6 29 Z  550 1489
 6 30 Z  550 1474
 7  1 X    0  829
 7  2 X    0  825
 7  3 X    0  818
 7  4 X    0  786
 7  5 X    0  805
 7  6 X    0  820
 7  7 X    0  815
 7  8 X    0  821
 7  9 X    0  793
 7 10 X    0  794
 7 11 X    0  790
 7 12 X    0  807
 7 13 X    0  836
 7 14 X    0  846
 7 15 X    0  856
 7 16 X    0  823
 7 17 X    0  823
 7 18 X    0  809
 7 19 X    0  795
 7 20 X    0  823
 7 21 X    0  791
 7 22 X    0  770
 7 23 X    0  806
 7 24 X    0  840
 7 25 X    0  826
 7 26 X    0  794
 7 27 X    0  797
 7 28 X    0  819
 7 29 X    0  795
 7 30 X    0  812
 7 31 X    0  795
 7  1 Y  -50 1143
 7  2 Y  -50 1169
 7  3 Y  -50 1173
 7  4 Y  -50 1152
 7  5 Y  -50 1142
 7  6 Y  -50 1123
 7  7 Y  -50 1128
 7  8 Y  -50 1145
 7  9 Y  -50 1134
 7 10 Y  -50 1161
 7 11 Y  -50 1176
 7 12 Y  -50 1128
 7 13 Y  -50 1148
 7 14 Y  -50 1162
 7 15 Y  -50 1126
 7 16 Y  -50 1158
 7 17 Y  -50 1142
 7 18 Y  -50 1156
 7 19 Y  -50 1151
 7 20 Y  -50 1172
 7 21 Y  -50 1181
 7 22 Y  -50 1168
 7 23 Y  -50 1140
 7 24 Y  -50 1128
 7 25 Y  -50 1143
 7 26 Y  -50 1163
 7 27 Y  -50 1165
 7 28 Y  -50 1136
 7 29 Y  -50 1149
 7 30 Y  -50 1169
 7 31 Y  -50 1158
 7  1 Z  550 1484
 7  2 Z  550 1504
 7  3 Z  550 1506
 7  4 Z  550 1497
 7  5 Z  550 1476
 7  6 Z  550 1484
 7  7 Z  550 1367
 7  8 Z  550 1465
 7  9 Z  550 1497
 7 10 Z  550 1478
 7 11 Z  550 1518
 7 12 Z  550 1446
 7 13 Z  550 1354
 7 14 Z  550 1376
 7 15 Z  550 1385
 7 16 Z  550 1430
 7 17 Z  550 1433
 7 18 Z  550 1419
 7 19 Z  550 1496
 7 20 Z  550 1445
 7 21 Z  550 1481
 7 22 Z  550 1609
 7 23 Z  550 1456
 7 24 Z  550 1399
 7 25 Z  550 1408
 7 26 Z  550 1422
 7 27 Z  550 1514
 7 28 Z  550 1470
 7 29 Z  550 1446
 7 30 Z  550 1530
 7 31 Z  550 1525
 8  1 X    0  817
 8  2 X    0  838
 8  3 X    0  810
 8  4 X    0  820
 8  5 X    0  824
 8  6 X    0  792
 8  7 X    0  792
 8  8 X    0  839
 8  9 X    0  831
 8 10 X    0  811
 8 11 X    0  838
 8 12 X    0  839
 8 13 X    0  839
 8 14 X    0  822
 8 15 X    0  826
 8 16 X    0  825
 8 17 X    0  817
 8 18 X    0  782
 8 19 X    0  829
 8 20 X    0  823
 8 21 X    0  841
 8 22 X    0  817
 8 23 X    0  815
 8 24 X    0  804
 8 25 X    0  804
 8 26 X    0  821
 8 27 X    0  808
 8 28 X    0  808
 8 29 X    0  785
 8 30 X    0  801
 8 31 X    0  773
 8  1 Y  -50 1151
 8  2 Y  -50 1144
 8  3 Y  -50 1143
 8  4 Y  -50 1164
 8  5 Y  -50 1145
 8  6 Y  -50 1157
 8  7 Y  -50 1153
 8  8 Y  -50 1128
 8  9 Y  -50 1147
 8 10 Y  -50 1145
 8 11 Y  -50 1148
 8 12 Y  -50 1162
 8 13 Y  -50 1144
 8 14 Y  -50 1144
 8 15 Y  -50 1149
 8 16 Y  -50 1158
 8 17 Y  -50 1150
 8 18 Y  -50 1111
 8 19 Y  -50 1144
 8 20 Y  -50 1132
 8 21 Y  -50 1159
 8 22 Y  -50 1157
 8 23 Y  -50 1145
 8 24 Y  -50 1160
 8 25 Y  -50 1139
 8 26 Y  -50 1165
 8 27 Y  -50 1143
 8 28 Y  -50 1152
 8 29 Y  -50 1158
 8 30 Y  -50 1160
 8 31 Y  -50 1159
 8  1 Z  550 1505
 8  2 Z  550 1479
 8  3 Z  550 1490
 8  4 Z  550 1513
 8  5 Z  550 1536
 8  6 Z  550 1511
 8  7 Z  550 1514
 8  8 Z  550 1403
 8  9 Z  550 1381
 8 10 Z  550 1402
 8 11 Z  550 1441
 8 12 Z  550 1418
 8 13 Z  550 1414
 8 14 Z  550 1414
 8 15 Z  550 1436
 8 16 Z  550 1464
 8 17 Z  550 1465
 8 18 Z  550 1475
 8 19 Z  550 1459
 8 20 Z  550 1377
 8 21 Z  550 1401
 8 22 Z  550 1407
 8 23 Z  550 1474
 8 24 Z  550 1490
 8 25 Z  550 1474
 8 26 Z  550 1446
 8 27 Z  550 1475
 8 28 Z  550 1474
 8 29 Z  550 1512
 8 30 Z  550 1523
 8 31 Z  550 1523
 9  1 X    0  813
 9  2 X    0  809
 9  3 X    0  832
 9  4 X    0  799
 9  5 X    0  830
 9  6 X    0  820
 9  7 X    0  796
 9  8 X    0  835
 9  9 X    0  806
 9 10 X    0  831
 9 11 X    0  830
 9 12 X    0  827
 9 13 X    0  838
 9 14 X    0  812
 9 15 X    0  818
 9 16 X    0  815
 9 17 X    0  806
 9 18 X    0  838
 9 19 X    0  812
 9 20 X    0  809
 9 21 X    0  802
 9 22 X    0  821
 9 23 X    0  815
 9 24 X    0  804
 9 25 X    0  849
 9 26 X    0  781
 9 27 X    0  821
 9 28 X    0  825
 9 29 X    0  809
 9 30 X    0  790
 9  1 Y  -50 1145
 9  2 Y  -50 1149
 9  3 Y  -50 1144
 9  4 Y  -50 1144
 9  5 Y  -50 1175
 9  6 Y  -50 1165
 9  7 Y  -50 1144
 9  8 Y  -50 1148
 9  9 Y  -50 1146
 9 10 Y  -50 1138
 9 11 Y  -50 1159
 9 12 Y  -50 1142
 9 13 Y  -50 1145
 9 14 Y  -50 1136
 9 15 Y  -50 1152
 9 16 Y  -50 1141
 9 17 Y  -50 1143
 9 18 Y  -50 1150
 9 19 Y  -50 1150
 9 20 Y  -50 1156
 9 21 Y  -50 1145
 9 22 Y  -50 1152
 9 23 Y  -50 1145
 9 24 Y  -50 1134
 9 25 Y  -50 1185
 9 26 Y  -50 1136
 9 27 Y  -50 1154
 9 28 Y  -50 1147
 9 29 Y  -50 1143
 9 30 Y  -50 1160
 9  1 Z  550 1472
 9  2 Z  550 1495
 9  3 Z  550 1470
 9  4 Z  550 1476
 9  5 Z  550 1452
 9  6 Z  550 1431
 9  7 Z  550 1437
 9  8 Z  550 1453
 9  9 Z  550 1436
 9 10 Z  550 1453
 9 11 Z  550 1432
 9 12 Z  550 1458
 9 13 Z  550 1544
 9 14 Z  550 1477
 9 15 Z  550 1461
 9 16 Z  550 1465
 9 17 Z  550 1462
 9 18 Z  550 1474
 9 19 Z  550 1488
 9 20 Z  550 1491
 9 21 Z  550 1480
 9 22 Z  550 1491
 9 23 Z  550 1472
 9 24 Z  550 1456
 9 25 Z  550 1501
 9 26 Z  550 1525
 9 27 Z  550 1519
 9 28 Z  550 1505
 9 29 Z  550 1491
 9 30 Z  550 1477
10  1 X    0  822
10  2 X    0  818
10  3 X    0  821
10  4 X    0  816
10  5 X    0  824
10  6 X    0  818
10  7 X    0  783
10  8 X    0  833
10  9 X    0  825
10 10 X    0  824
10 11 X    0  791
10 12 X    0  800
10 13 X    0  812
10 14 X    0  813
10 15 X    0  816
10 16 X    0  818
10 17 X    0  814
10 18 X    0  816
10 19 X    0  818
10 20 X    0  815
10 21 X    0  809
10 22 X    0  817
10 23 X    0  805
10 24 X    0  808
10 25 X    0  812
10 26 X    0  815
10 27 X    0  816
10 28 X    0  818
10 29 X    0  799
10 30 X    0  838
10 31 X    0  817
10  1 Y  -50 1143
10  2 Y  -50 1146
10  3 Y  -50 1145
10  4 Y  -50 1137
10  5 Y  -50 1143
10  6 Y  -50 1143
10  7 Y  -50 1148
10  8 Y  -50 1151
10  9 Y  -50 1151
10 10 Y  -50 1135
10 11 Y  -50 1158
10 12 Y  -50 1144
10 13 Y  -50 1153
10 14 Y  -50 1152
10 15 Y  -50 1145
10 16 Y  -50 1144
10 17 Y  -50 1139
10 18 Y  -50 1139
10 19 Y  -50 1136
10 20 Y  -50 1138
10 21 Y  -50 1132
10 22 Y  -50 1159
10 23 Y  -50 1143
10 24 Y  -50 1152
10 25 Y  -50 1146
10 26 Y  -50 1135
10 27 Y  -50 1136
10 28 Y  -50 1135
10 29 Y  -50 1133
10 30 Y  -50 1144
10 31 Y  -50 1139
10  1 Z  550 1486
10  2 Z  550 1483
10  3 Z  550 1499
10  4 Z  550 1475
10  5 Z  550 1492
10  6 Z  550 1508
10  7 Z  550 1507
10  8 Z  550 1524
10  9 Z  550 1505
10 10 Z  550 1498
10 11 Z  550 1475
10 12 Z  550 1495
10 13 Z  550 1505
10 14 Z  550 1500
10 15 Z  550 1493
10 16 Z  550 1491
10 17 Z  550 1480
10 18 Z  550 1487
10 19 Z  550 1490
10 20 Z  550 1483
10 21 Z  550 1477
10 22 Z  550 1489
10 23 Z  550 1492
10 24 Z  550 1490
10 25 Z  550 1491
10 26 Z  550 1486
10 27 Z  550 1487
10 28 Z  550 1483
10 29 Z  550 1503
10 30 Z  550 1514
10 31 Z  550 1490
11  1 X    0  827
11  2 X    0  808
11  3 X    0  819
11  4 X    0  814
11  5 X    0  814
11  6 X    0  818
11  7 X    0  824
11  8 X    0  805
11  9 X    0  816
11 10 X    0  819
11 11 X    0  803
11 12 X    0  810
11 13 X    0  819
11 14 X    0  817
11 15 X    0  815
11 16 X    0  820
11 17 X    0  816
11 18 X    0  827
11 19 X    0  812
11 20 X    0  812
11 21 X    0  810
11 22 X    0  800
11 23 X    0  803
11 24 X    0  821
11 25 X    0  819
11 26 X    0  830
11 27 X    0  809
11 28 X    0  817
11 29 X    0  807
11 30 X    0  819
11  1 Y  -50 1141
11  2 Y  -50 1139
11  3 Y  -50 1145
11  4 Y  -50 1138
11  5 Y  -50 1159
11  6 Y  -50 1140
11  7 Y  -50 1149
11  8 Y  -50 1135
11  9 Y  -50 1144
11 10 Y  -50 1137
11 11 Y  -50 1130
11 12 Y  -50 1140
11 13 Y  -50 1147
11 14 Y  -50 1138
11 15 Y  -50 1138
11 16 Y  -50 1141
11 17 Y  -50 1140
11 18 Y  -50 1142
11 19 Y  -50 1145
11 20 Y  -50 1144
11 21 Y  -50 1155
11 22 Y  -50 1150
11 23 Y  -50 1134
11 24 Y  -50 1140
11 25 Y  -50 1173
11 26 Y  -50 1154
11 27 Y  -50 1144
11 28 Y  -50 1146
11 29 Y  -50 1142
11 30 Y  -50 1136
11  1 Z  550 1494
11  2 Z  550 1487
11  3 Z  550 1484
11  4 Z  550 1488
11  5 Z  550 1497
11  6 Z  550 1489
11  7 Z  550 1491
11  8 Z  550 1481
11  9 Z  550 1488
11 10 Z  550 1489
11 11 Z  550 1505
11 12 Z  550 1497
11 13 Z  550 1494
11 14 Z  550 1492
11 15 Z  550 1493
11 16 Z  550 1492
11 17 Z  550 1490
11 18 Z  550 1497
11 19 Z  550 1487
11 20 Z  550 1494
11 21 Z  550 1498
11 22 Z  550 1515
11 23 Z  550 1528
11 24 Z  550 1537
11 25 Z  550 1571
11 26 Z  550 1534
11 27 Z  550 1509
11 28 Z  550 1507
11 29 Z  550 1500
11 30 Z  550 1501
12  1 X    0  815
12  2 X    0  809
12  3 X    0  817
12  4 X    0  816
12  5 X    0  823
12  6 X    0  820
12  7 X    0  815
12  8 X    0  820
12  9 X    0  818
12 10 X    0  812
12 11 X    0  807
12 12 X    0  796
12 13 X    0  810
12 14 X    0  822
12 15 X    0  819
12 16 X    0  798
12 17 X    0  799
12 18 X    0  798
12 19 X    0  825
12 20 X    0  816
12 21 X    0  803
12 22 X    0  813
12 23 X    0  815
12 24 X    0  821
12 25 X    0  819
12 26 X    0  807
12 27 X    0  832
12 28 X    0  812
12 29 X    0  819
12 30 X    0  809
12 31 X    0  815
12  1 Y  -50 1152
12  2 Y  -50 1148
12  3 Y  -50 1155
12  4 Y  -50 1141
12  5 Y  -50 1147
12  6 Y  -50 1139
12  7 Y  -50 1142
12  8 Y  -50 1143
12  9 Y  -50 1142
12 10 Y  -50 1145
12 11 Y  -50 1145
12 12 Y  -50 1140
12 13 Y  -50 1153
12 14 Y  -50 1148
12 15 Y  -50 1141
12 16 Y  -50 1150
12 17 Y  -50 1146
12 18 Y  -50 1158
12 19 Y  -50 1165
12 20 Y  -50 1135
12 21 Y  -50 1142
12 22 Y  -50 1156
12 23 Y  -50 1151
12 24 Y  -50 1144
12 25 Y  -50 1141
12 26 Y  -50 1130
12 27 Y  -50 1138
12 28 Y  -50 1142
12 29 Y  -50 1155
12 30 Y  -50 1138
12 31 Y  -50 1138
12  1 Z  550 1506
12  2 Z  550 1503
12  3 Z  550 1509
12  4 Z  550 1507
12  5 Z  550 1502
12  6 Z  550 1498
12  7 Z  550 1499
12  8 Z  550 1498
12  9 Z  550 1499
12 10 Z  550 1500
12 11 Z  550 1500
12 12 Z  550 1498
12 13 Z  550 1511
12 14 Z  550 1502
12 15 Z  550 1501
12 16 Z  550 1505
12 17 Z  550 1536
12 18 Z  550 1520
12 19 Z  550 1525
12 20 Z  550 1510
12 21 Z  550 1508
12 22 Z  550 1523
12 23 Z  550 1520
12 24 Z  550 1513
12 25 Z  550 1509
12 26 Z  550 1519
12 27 Z  550 1523
12 28 Z  550 1509
12 29 Z  550 1519
12 30 Z  550 1526
12 31 Z  550 1513
