 1  1 X   10  338
 1  2 X   10  315
 1  3 X   10  332
 1  4 X   10  320
 1  5 X   10  338
 1  6 X   10  336
 1  7 X   10  325
 1  8 X   10  323
 1  9 X   10  339
 1 10 X   10  363
 1 11 X   10  319
 1 12 X   10  338
 1 13 X   10  325
 1 14 X   10  337
 1 15 X   10  332
 1 16 X   10  336
 1 17 X   10  342
 1 18 X   10  322
 1 19 X   10  329
 1 20 X   10  341
 1 21 X   10  346
 1 22 X   10  345
 1 23 X   10  337
 1 24 X   10  342
 1 25 X   10  318
 1 26 X   10  329
 1 27 X   10  345
 1 28 X   10  351
 1 29 X   10  341
 1 30 X   10  341
 1 31 X   10  309
 1  1 Y  -40  395
 1  2 Y  -40  411
 1  3 Y  -40  388
 1  4 Y  -40  395
 1  5 Y  -40  406
 1  6 Y  -40  403
 1  7 Y  -40  401
 1  8 Y  -40  392
 1  9 Y  -40  400
 1 10 Y  -40  397
 1 11 Y  -40  424
 1 12 Y  -40  401
 1 13 Y  -40  394
 1 14 Y  -40  391
 1 15 Y  -40  401
 1 16 Y  -40  395
 1 17 Y  -40  407
 1 18 Y  -40  400
 1 19 Y  -40  390
 1 20 Y  -40  416
 1 21 Y  -40  396
 1 22 Y  -40  395
 1 23 Y  -40  395
 1 24 Y  -40  412
 1 25 Y  -40  405
 1 26 Y  -40  396
 1 27 Y  -40  410
 1 28 Y  -40  400
 1 29 Y  -40  395
 1 30 Y  -40  404
 1 31 Y  -40  398
 1  1 Z  560  372
 1  2 Z  560  382
 1  3 Z  560  409
 1  4 Z  560  409
 1  5 Z  560  396
 1  6 Z  560  382
 1  7 Z  560  396
 1  8 Z  560  380
 1  9 Z  560  385
 1 10 Z  560  395
 1 11 Z  560  383
 1 12 Z  560  377
 1 13 Z  560  368
 1 14 Z  560  386
 1 15 Z  560  370
 1 16 Z  560  372
 1 17 Z  560  382
 1 18 Z  560  369
 1 19 Z  560  367
 1 20 Z  560  373
 1 21 Z  560  366
 1 22 Z  560  365
 1 23 Z  560  366
 1 24 Z  560  364
 1 25 Z  560  358
 1 26 Z  560  382
 1 27 Z  560  373
 1 28 Z  560  372
 1 29 Z  560  362
 1 30 Z  560  370
 1 31 Z  560  411
 2  1 X   10  340
 2  2 X   10  342
 2  3 X   10  331
 2  4 X   10  337
 2  5 X   10  344
 2  6 X   10  344
 2  7 X   10  327
 2  8 X   10  324
 2  9 X   10  326
 2 10 X   10  331
 2 11 X   10  328
 2 12 X   10  346
 2 13 X   10  342
 2 14 X   10  343
 2 15 X   10  346
 2 16 X   10  349
 2 17 X   10  336
 2 18 X   10  320
 2 19 X   10  345
 2 20 X   10  342
 2 21 X   10  324
 2 22 X   10  333
 2 23 X   10  339
 2 24 X   10  347
 2 25 X   10  352
 2 26 X   10  348
 2 27 X   10  343
 2 28 X   10  357
 2  1 Y  -40  414
 2  2 Y  -40  393
 2  3 Y  -40  396
 2  4 Y  -40  401
 2  5 Y  -40  396
 2  6 Y  -40  400
 2  7 Y  -40  394
 2  8 Y  -40  391
 2  9 Y  -40  406
 2 10 Y  -40  413
 2 11 Y  -40  390
 2 12 Y  -40  404
 2 13 Y  -40  404
 2 14 Y  -40  401
 2 15 Y  -40  400
 2 16 Y  -40  412
 2 17 Y  -40  435
 2 18 Y  -40  399
 2 19 Y  -40  398
 2 20 Y  -40  385
 2 21 Y  -40  410
 2 22 Y  -40  415
 2 23 Y  -40  407
 2 24 Y  -40  393
 2 25 Y  -40  401
 2 26 Y  -40  397
 2 27 Y  -40  387
 2 28 Y  -40  419
 2  1 Z  560  411
 2  2 Z  560  399
 2  3 Z  560  374
 2  4 Z  560  372
 2  5 Z  560  367
 2  6 Z  560  362
 2  7 Z  560  372
 2  8 Z  560  405
 2  9 Z  560  401
 2 10 Z  560  381
 2 11 Z  560  379
 2 12 Z  560  380
 2 13 Z  560  371
 2 14 Z  560  371
 2 15 Z  560  359
 2 16 Z  560  349
 2 17 Z  560  374
 2 18 Z  560  368
 2 19 Z  560  370
 2 20 Z  560  362
 2 21 Z  560  367
 2 22 Z  560  381
 2 23 Z  560  362
 2 24 Z  560  364
 2 25 Z  560  358
 2 26 Z  560  353
 2 27 Z  560  345
 2 28 Z  560  374
 3  1 X   10  327
 3  2 X   10  336
 3  3 X   10  332
 3  4 X   10  355
 3  5 X   10  346
 3  6 X   10  339
 3  7 X   10  345
 3  8 X   10  342
 3  9 X   10  352
 3 10 X   10  332
 3 11 X   10  318
 3 12 X   10  340
 3 13 X   10  333
 3 14 X   10  334
 3 15 X   10  356
 3 16 X   10  353
 3 17 X   10  344
 3 18 X   10  360
 3 19 X   10  345
 3 20 X   10  344
 3 21 X   10  353
 3 22 X   10  351
 3 23 X   10  346
 3 24 X   10  351
 3 25 X   10  348
 3 26 X   10  343
 3 27 X   10  328
 3 28 X   10  339
 3 29 X   10  374
 3 30 X   10  357
 3 31 X   10  343
 3  1 Y  -40  419
 3  2 Y  -40  411
 3  3 Y  -40  396
 3  4 Y  -40  389
 3  5 Y  -40  395
 3  6 Y  -40  403
 3  7 Y  -40  394
 3  8 Y  -40  399
 3  9 Y  -40  384
 3 10 Y  -40  409
 3 11 Y  -40  447
 3 12 Y  -40  412
 3 13 Y  -40  414
 3 14 Y  -40  423
 3 15 Y  -40  445
 3 16 Y  -40  402
 3 17 Y  -40  396
 3 18 Y  -40  391
 3 19 Y  -40  419
 3 20 Y  -40  400
 3 21 Y  -40  416
 3 22 Y  -40  407
 3 23 Y  -40  384
 3 24 Y  -40  447
 3 25 Y  -40  421
 3 26 Y  -40  392
 3 27 Y  -40  422
 3 28 Y  -40  413
 3 29 Y  -40  399
 3 30 Y  -40  431
 3 31 Y  -40  391
 3  1 Z  560  364
 3  2 Z  560  370
 3  3 Z  560  388
 3  4 Z  560  383
 3  5 Z  560  375
 3  6 Z  560  370
 3  7 Z  560  365
 3  8 Z  560  373
 3  9 Z  560  396
 3 10 Z  560  425
 3 11 Z  560  401
 3 12 Z  560  400
 3 13 Z  560  384
 3 14 Z  560  385
 3 15 Z  560  399
 3 16 Z  560  405
 3 17 Z  560  403
 3 18 Z  560  379
 3 19 Z  560  378
 3 20 Z  560  335
 3 21 Z  560  366
 3 22 Z  560  366
 3 23 Z  560  352
 3 24 Z  560  446
 3 25 Z  560  369
 3 26 Z  560  366
 3 27 Z  560  349
 3 28 Z  560  376
 3 29 Z  560  374
 3 30 Z  560  399
 3 31 Z  560  372
 4  1 X   10  348
 4  2 X   10  363
 4  3 X   10  346
 4  4 X   10  312
 4  5 X   10  366
 4  6 X   10  345
 4  7 X   10  331
 4  8 X   10  346
 4  9 X   10  329
 4 10 X   10  355
 4 11 X   10  352
 4 12 X   10  371
 4 13 X   10  365
 4 14 X   10  354
 4 15 X   10  356
 4 16 X   10  348
 4 17 X   10  366
 4 18 X   10  373
 4 19 X   10  361
 4 20 X   10  379
 4 21 X   10  349
 4 22 X   10  357
 4 23 X   10  348
 4 24 X   10  351
 4 25 X   10  359
 4 26 X   10  355
 4 27 X   10  349
 4 28 X   10  368
 4 29 X   10  339
 4 30 X   10  365
 4  1 Y  -40  403
 4  2 Y  -40  399
 4  3 Y  -40  395
 4  4 Y  -40  420
 4  5 Y  -40  410
 4  6 Y  -40  418
 4  7 Y  -40  419
 4  8 Y  -40  424
 4  9 Y  -40  408
 4 10 Y  -40  416
 4 11 Y  -40  387
 4 12 Y  -40  383
 4 13 Y  -40  437
 4 14 Y  -40  388
 4 15 Y  -40  404
 4 16 Y  -40  399
 4 17 Y  -40  416
 4 18 Y  -40  408
 4 19 Y  -40  417
 4 20 Y  -40  410
 4 21 Y  -40  426
 4 22 Y  -40  406
 4 23 Y  -40  408
 4 24 Y  -40  403
 4 25 Y  -40  401
 4 26 Y  -40  402
 4 27 Y  -40  419
 4 28 Y  -40  402
 4 29 Y  -40  400
 4 30 Y  -40  413
 4  1 Z  560  365
 4  2 Z  560  361
 4  3 Z  560  358
 4  4 Z  560  372
 4  5 Z  560  364
 4  6 Z  560  346
 4  7 Z  560  381
 4  8 Z  560  375
 4  9 Z  560  374
 4 10 Z  560  385
 4 11 Z  560  358
 4 12 Z  560  357
 4 13 Z  560  391
 4 14 Z  560  377
 4 15 Z  560  386
 4 16 Z  560  383
 4 17 Z  560  383
 4 18 Z  560  332
 4 19 Z  560  332
 4 20 Z  560  305
 4 21 Z  560  317
 4 22 Z  560  312
 4 23 Z  560  323
 4 24 Z  560  341
 4 25 Z  560  334
 4 26 Z  560  337
 4 27 Z  560  371
 4 28 Z  560  352
 4 29 Z  560  302
 4 30 Z  560  326
 5  1 X   10  399
 5  2 X   10  376
 5  3 X   10  386
 5  4 X   10  371
 5  5 X   10  387
 5  6 X   10  348
 5  7 X   10  333
 5  8 X   10  362
 5  9 X   10  338
 5 10 X   10  390
 5 11 X   10  385
 5 12 X   10  346
 5 13 X   10  336
 5 14 X   10  387
 5 15 X   10  373
 5 16 X   10  373
 5 17 X   10  367
 5 18 X   10  357
 5 19 X   10  375
 5 20 X   10  396
 5 21 X   10  370
 5 22 X   10  368
 5 23 X   10  375
 5 24 X   10  378
 5 25 X   10  364
 5 26 X   10  383
 5 27 X   10  414
 5 28 X   10  368
 5 29 X   10  384
 5 30 X   10  390
 5 31 X   10  378
 5  1 Y  -40  396
 5  2 Y  -40  395
 5  3 Y  -40  410
 5  4 Y  -40  400
 5  5 Y  -40  383
 5  6 Y  -40  437
 5  7 Y  -40  431
 5  8 Y  -40  409
 5  9 Y  -40  405
 5 10 Y  -40  417
 5 11 Y  -40  390
 5 12 Y  -40  436
 5 13 Y  -40  375
 5 14 Y  -40  409
 5 15 Y  -40  406
 5 16 Y  -40  397
 5 17 Y  -40  389
 5 18 Y  -40  396
 5 19 Y  -40  403
 5 20 Y  -40  421
 5 21 Y  -40  394
 5 22 Y  -40  388
 5 23 Y  -40  404
 5 24 Y  -40  401
 5 25 Y  -40  400
 5 26 Y  -40  407
 5 27 Y  -40  388
 5 28 Y  -40  400
 5 29 Y  -40  382
 5 30 Y  -40  406
 5 31 Y  -40  405
 5  1 Z  560  303
 5  2 Z  560  291
 5  3 Z  560  318
 5  4 Z  560  301
 5  5 Z  560  323
 5  6 Z  560  348
 5  7 Z  560  373
 5  8 Z  560  409
 5  9 Z  560  407
 5 10 Z  560  415
 5 11 Z  560  262
 5 12 Z  560  363
 5 13 Z  560  324
 5 14 Z  560  349
 5 15 Z  560  261
 5 16 Z  560  302
 5 17 Z  560  314
 5 18 Z  560  285
 5 19 Z  560  296
 5 20 Z  560  307
 5 21 Z  560  287
 5 22 Z  560  288
 5 23 Z  560  287
 5 24 Z  560  317
 5 25 Z  560  318
 5 26 Z  560  288
 5 27 Z  560  198
 5 28 Z  560  235
 5 29 Z  560  263
 5 30 Z  560  279
 5 31 Z  560  301
 6  1 X   10  395
 6  2 X   10  391
 6  3 X   10  337
 6  4 X   10  360
 6  5 X   10  380
 6  6 X   10  352
 6  7 X   10  360
 6  8 X   10  362
 6  9 X   10  363
 6 10 X   10  361
 6 11 X   10  427
 6 12 X   10  385
 6 13 X   10  377
 6 14 X   10  393
 6 15 X   10  425
 6 16 X   10  438
 6 17 X   10  371
 6 18 X   10  388
 6 19 X   10  390
 6 20 X   10  394
 6 21 X   10  356
 6 22 X   10  339
 6 23 X   10  381
 6 24 X   10  433
 6 25 X   10  415
 6 26 X   10  380
 6 27 X   10  404
 6 28 X   10  395
 6 29 X   10  375
 6 30 X   10  358
 6  1 Y  -40  401
 6  2 Y  -40  404
 6  3 Y  -40  442
 6  4 Y  -40  410
 6  5 Y  -40  385
 6  6 Y  -40  401
 6  7 Y  -40  433
 6  8 Y  -40  410
 6  9 Y  -40  415
 6 10 Y  -40  382
 6 11 Y  -40  368
 6 12 Y  -40  397
 6 13 Y  -40  394
 6 14 Y  -40  400
 6 15 Y  -40  371
 6 16 Y  -40  375
 6 17 Y  -40  407
 6 18 Y  -40  412
 6 19 Y  -40  408
 6 20 Y  -40  397
 6 21 Y  -40  401
 6 22 Y  -40  413
 6 23 Y  -40  349
 6 24 Y  -40  409
 6 25 Y  -40  409
 6 26 Y  -40  376
 6 27 Y  -40  372
 6 28 Y  -40  392
 6 29 Y  -40  415
 6 30 Y  -40  408
 6  1 Z  560  220
 6  2 Z  560  272
 6  3 Z  560  414
 6  4 Z  560  380
 6  5 Z  560  373
 6  6 Z  560  352
 6  7 Z  560  386
 6  8 Z  560  332
 6  9 Z  560  375
 6 10 Z  560  294
 6 11 Z  560  193
 6 12 Z  560  260
 6 13 Z  560  290
 6 14 Z  560  317
 6 15 Z  560  241
 6 16 Z  560  212
 6 17 Z  560  239
 6 18 Z  560  294
 6 19 Z  560  238
 6 20 Z  560  251
 6 21 Z  560  315
 6 22 Z  560  340
 6 23 Z  560  221
 6 24 Z  560  229
 6 25 Z  560  252
 6 26 Z  560  260
 6 27 Z  560  216
 6 28 Z  560  262
 6 29 Z  560  320
 6 30 Z  560  345
 7  1 X   10  346
 7  2 X   10  336
 7  3 X   10  352
 7  4 X   10  375
 7  5 X   10  337
 7  6 X   10  324
 7  7 X   10  334
 7  8 X   10  392
 7  9 X   10  391
 7 10 X   10  403
 7 11 X   10  419
 7 12 X   10  383
 7 13 X   10  408
 7 14 X   10  393
 7 15 X   10  395
 7 16 X   10  374
 7 17 X   10  368
 7 18 X   10  380
 7 19 X   10  373
 7 20 X   10  356
 7 21 X   10  394
 7 22 X   10  386
 7 23 X   10  401
 7 24 X   10  379
 7 25 X   10  388
 7 26 X   10  390
 7 27 X   10  347
 7 28 X   10  342
 7 29 X   10  356
 7 30 X   10  364
 7 31 X   10  362
 7  1 Y  -40  407
 7  2 Y  -40  457
 7  3 Y  -40  373
 7  4 Y  -40  406
 7  5 Y  -40  423
 7  6 Y  -40  455
 7  7 Y  -40  407
 7  8 Y  -40  400
 7  9 Y  -40  403
 7 10 Y  -40  395
 7 11 Y  -40  398
 7 12 Y  -40  392
 7 13 Y  -40  407
 7 14 Y  -40  395
 7 15 Y  -40  394
 7 16 Y  -40  402
 7 17 Y  -40  404
 7 18 Y  -40  408
 7 19 Y  -40  397
 7 20 Y  -40  360
 7 21 Y  -40  429
 7 22 Y  -40  394
 7 23 Y  -40  396
 7 24 Y  -40  412
 7 25 Y  -40  398
 7 26 Y  -40  396
 7 27 Y  -40  423
 7 28 Y  -40  397
 7 29 Y  -40  429
 7 30 Y  -40  409
 7 31 Y  -40  410
 7  1 Z  560  402
 7  2 Z  560  329
 7  3 Z  560  427
 7  4 Z  560  373
 7  5 Z  560  372
 7  6 Z  560  427
 7  7 Z  560  369
 7  8 Z  560  266
 7  9 Z  560  234
 7 10 Z  560  261
 7 11 Z  560  256
 7 12 Z  560  287
 7 13 Z  560  270
 7 14 Z  560  262
 7 15 Z  560  240
 7 16 Z  560  291
 7 17 Z  560  296
 7 18 Z  560  315
 7 19 Z  560  317
 7 20 Z  560  237
 7 21 Z  560  298
 7 22 Z  560  285
 7 23 Z  560  289
 7 24 Z  560  273
 7 25 Z  560  290
 7 26 Z  560  283
 7 27 Z  560  331
 7 28 Z  560  333
 7 29 Z  560  390
 7 30 Z  560  336
 7 31 Z  560  353
 8  1 X   10  354
 8  2 X   10  377
 8  3 X   10  350
 8  4 X   10  360
 8  5 X   10  382
 8  6 X   10  389
 8  7 X   10  392
 8  8 X   10  391
 8  9 X   10  383
 8 10 X   10  380
 8 11 X   10  374
 8 12 X   10  401
 8 13 X   10  375
 8 14 X   10  346
 8 15 X   10  359
 8 16 X   10  369
 8 17 X   10  391
 8 18 X   10  395
 8 19 X   10  382
 8 20 X   10  394
 8 21 X   10  383
 8 22 X   10  377
 8 23 X   10  373
 8 24 X   10  363
 8 25 X   10  364
 8 26 X   10  372
 8 27 X   10  339
 8 28 X   10  340
 8 29 X   10  365
 8 30 X   10  359
 8 31 X   10  352
 8  1 Y  -40  401
 8  2 Y  -40  404
 8  3 Y  -40  430
 8  4 Y  -40  440
 8  5 Y  -40  394
 8  6 Y  -40  430
 8  7 Y  -40  403
 8  8 Y  -40  415
 8  9 Y  -40  408
 8 10 Y  -40  402
 8 11 Y  -40  408
 8 12 Y  -40  413
 8 13 Y  -40  408
 8 14 Y  -40  420
 8 15 Y  -40  404
 8 16 Y  -40  431
 8 17 Y  -40  368
 8 18 Y  -40  435
 8 19 Y  -40  407
 8 20 Y  -40  417
 8 21 Y  -40  402
 8 22 Y  -40  406
 8 23 Y  -40  409
 8 24 Y  -40  418
 8 25 Y  -40  412
 8 26 Y  -40  410
 8 27 Y  -40  482
 8 28 Y  -40  444
 8 29 Y  -40  408
 8 30 Y  -40  412
 8 31 Y  -40  416
 8  1 Z  560  331
 8  2 Z  560  288
 8  3 Z  560  362
 8  4 Z  560  317
 8  5 Z  560  284
 8  6 Z  560  306
 8  7 Z  560  245
 8  8 Z  560  295
 8  9 Z  560  279
 8 10 Z  560  275
 8 11 Z  560  348
 8 12 Z  560  269
 8 13 Z  560  331
 8 14 Z  560  384
 8 15 Z  560  234
 8 16 Z  560  302
 8 17 Z  560  377
 8 18 Z  560  305
 8 19 Z  560  302
 8 20 Z  560  302
 8 21 Z  560  276
 8 22 Z  560  311
 8 23 Z  560  331
 8 24 Z  560  361
 8 25 Z  560  353
 8 26 Z  560  320
 8 27 Z  560  317
 8 28 Z  560  404
 8 29 Z  560  386
 8 30 Z  560  371
 8 31 Z  560  373
 9  1 X   10  357
 9  2 X   10  360
 9  3 X   10  361
 9  4 X   10  370
 9  5 X   10  371
 9  6 X   10  368
 9  7 X   10  380
 9  8 X   10  376
 9  9 X   10  373
 9 10 X   10  374
 9 11 X   10  372
 9 12 X   10  336
 9 13 X   10  373
 9 14 X   10  374
 9 15 X   10  387
 9 16 X   10  354
 9 17 X   10  372
 9 18 X   10  376
 9 19 X   10  375
 9 20 X   10  346
 9 21 X   10  359
 9 22 X   10  383
 9 23 X   10  350
 9 24 X   10  347
 9 25 X   10  357
 9 26 X   10  371
 9 27 X   10  370
 9 28 X   10  350
 9 29 X   10  343
 9 30 X   10  380
 9  1 Y  -40  409
 9  2 Y  -40  406
 9  3 Y  -40  408
 9  4 Y  -40  407
 9  5 Y  -40  406
 9  6 Y  -40  411
 9  7 Y  -40  400
 9  8 Y  -40  403
 9  9 Y  -40  414
 9 10 Y  -40  413
 9 11 Y  -40  396
 9 12 Y  -40  393
 9 13 Y  -40  441
 9 14 Y  -40  421
 9 15 Y  -40  420
 9 16 Y  -40  416
 9 17 Y  -40  400
 9 18 Y  -40  413
 9 19 Y  -40  407
 9 20 Y  -40  426
 9 21 Y  -40  411
 9 22 Y  -40  412
 9 23 Y  -40  402
 9 24 Y  -40  425
 9 25 Y  -40  426
 9 26 Y  -40  419
 9 27 Y  -40  421
 9 28 Y  -40  411
 9 29 Y  -40  418
 9 30 Y  -40  384
 9  1 Z  560  346
 9  2 Z  560  316
 9  3 Z  560  298
 9  4 Z  560  328
 9  5 Z  560  318
 9  6 Z  560  315
 9  7 Z  560  330
 9  8 Z  560  338
 9  9 Z  560  320
 9 10 Z  560  314
 9 11 Z  560  324
 9 12 Z  560  309
 9 13 Z  560  371
 9 14 Z  560  357
 9 15 Z  560  368
 9 16 Z  560  324
 9 17 Z  560  333
 9 18 Z  560  322
 9 19 Z  560  334
 9 20 Z  560  348
 9 21 Z  560  339
 9 22 Z  560  351
 9 23 Z  560  356
 9 24 Z  560  318
 9 25 Z  560  381
 9 26 Z  560  365
 9 27 Z  560  366
 9 28 Z  560  333
 9 29 Z  560  340
 9 30 Z  560  342
10  1 X   10  386
10  2 X   10  364
10  3 X   10  362
10  4 X   10  364
10  5 X   10  358
10  6 X   10  365
10  7 X   10  366
10  8 X   10  378
10  9 X   10  378
10 10 X   10  359
10 11 X   10  370
10 12 X   10  368
10 13 X   10  384
10 14 X   10  370
10 15 X   10  370
10 16 X   10  367
10 17 X   10  374
10 18 X   10  373
10 19 X   10  375
10 20 X   10  367
10 21 X   10  379
10 22 X   10  370
10 23 X   10  372
10 24 X   10  367
10 25 X   10  344
10 26 X   10  345
10 27 X   10  368
10 28 X   10  353
10 29 X   10  370
10 30 X   10  375
10 31 X   10  350
10  1 Y  -40  420
10  2 Y  -40  415
10  3 Y  -40  409
10  4 Y  -40  410
10  5 Y  -40  412
10  6 Y  -40  396
10  7 Y  -40  409
10  8 Y  -40  419
10  9 Y  -40  421
10 10 Y  -40  407
10 11 Y  -40  418
10 12 Y  -40  406
10 13 Y  -40  403
10 14 Y  -40  400
10 15 Y  -40  406
10 16 Y  -40  407
10 17 Y  -40  400
10 18 Y  -40  421
10 19 Y  -40  411
10 20 Y  -40  408
10 21 Y  -40  424
10 22 Y  -40  410
10 23 Y  -40  411
10 24 Y  -40  406
10 25 Y  -40  433
10 26 Y  -40  413
10 27 Y  -40  421
10 28 Y  -40  406
10 29 Y  -40  418
10 30 Y  -40  404
10 31 Y  -40  423
10  1 Z  560  361
10  2 Z  560  339
10  3 Z  560  337
10  4 Z  560  332
10  5 Z  560  344
10  6 Z  560  376
10  7 Z  560  360
10  8 Z  560  342
10  9 Z  560  382
10 10 Z  560  378
10 11 Z  560  373
10 12 Z  560  372
10 13 Z  560  362
10 14 Z  560  356
10 15 Z  560  346
10 16 Z  560  340
10 17 Z  560  350
10 18 Z  560  350
10 19 Z  560  341
10 20 Z  560  339
10 21 Z  560  351
10 22 Z  560  361
10 23 Z  560  352
10 24 Z  560  356
10 25 Z  560  357
10 26 Z  560  358
10 27 Z  560  378
10 28 Z  560  358
10 29 Z  560  372
10 30 Z  560  355
10 31 Z  560  347
11  1 X   10  367
11  2 X   10  374
11  3 X   10  361
11  4 X   10  352
11  5 X   10  359
11  6 X   10  366
11  7 X   10  359
11  8 X   10  354
11  9 X   10  375
11 10 X   10  375
11 11 X   10  385
11 12 X   10  378
11 13 X   10  360
11 14 X   10  347
11 15 X   10  357
11 16 X   10  365
11 17 X   10  367
11 18 X   10  330
11 19 X   10  363
11 20 X   10  381
11 21 X   10  375
11 22 X   10  370
11 23 X   10  375
11 24 X   10  374
11 25 X   10  371
11 26 X   10  361
11 27 X   10  370
11 28 X   10  371
11 29 X   10  370
11 30 X   10  371
11  1 Y  -40  411
11  2 Y  -40  410
11  3 Y  -40  395
11  4 Y  -40  432
11  5 Y  -40  421
11  6 Y  -40  425
11  7 Y  -40  415
11  8 Y  -40  409
11  9 Y  -40  405
11 10 Y  -40  415
11 11 Y  -40  411
11 12 Y  -40  411
11 13 Y  -40  419
11 14 Y  -40  416
11 15 Y  -40  391
11 16 Y  -40  418
11 17 Y  -40  405
11 18 Y  -40  427
11 19 Y  -40  410
11 20 Y  -40  406
11 21 Y  -40  409
11 22 Y  -40  409
11 23 Y  -40  413
11 24 Y  -40  411
11 25 Y  -40  412
11 26 Y  -40  411
11 27 Y  -40  410
11 28 Y  -40  415
11 29 Y  -40  412
11 30 Y  -40  414
11  1 Z  560  353
11  2 Z  560  351
11  3 Z  560  336
11  4 Z  560  397
11  5 Z  560  391
11  6 Z  560  385
11  7 Z  560  381
11  8 Z  560  366
11  9 Z  560  361
11 10 Z  560  362
11 11 Z  560  362
11 12 Z  560  354
11 13 Z  560  348
11 14 Z  560  353
11 15 Z  560  361
11 16 Z  560  363
11 17 Z  560  350
11 18 Z  560  361
11 19 Z  560  385
11 20 Z  560  371
11 21 Z  560  357
11 22 Z  560  357
11 23 Z  560  351
11 24 Z  560  349
11 25 Z  560  345
11 26 Z  560  349
11 27 Z  560  352
11 28 Z  560  346
11 29 Z  560  352
11 30 Z  560  348
12  1 X   10  346
12  2 X   10  333
12  3 X   10  384
12  4 X   10  374
12  5 X   10  360
12  6 X   10  374
12  7 X   10  345
12  8 X   10  370
12  9 X   10  377
12 10 X   10  368
12 11 X   10  371
12 12 X   10  379
12 13 X   10  377
12 14 X   10  375
12 15 X   10  391
12 16 X   10  363
12 17 X   10  362
12 18 X   10  372
12 19 X   10  374
12 20 X   10  366
12 21 X   10  363
12 22 X   10  377
12 23 X   10  371
12 24 X   10  369
12 25 X   10  380
12 26 X   10  367
12 27 X   10  377
12 28 X   10  372
12 29 X   10  379
12 30 X   10  381
12 31 X   10  375
12  1 Y  -40  426
12  2 Y  -40  412
12  3 Y  -40  413
12  4 Y  -40  412
12  5 Y  -40  423
12  6 Y  -40  414
12  7 Y  -40  420
12  8 Y  -40  423
12  9 Y  -40  409
12 10 Y  -40  415
12 11 Y  -40  415
12 12 Y  -40  417
12 13 Y  -40  415
12 14 Y  -40  415
12 15 Y  -40  420
12 16 Y  -40  417
12 17 Y  -40  413
12 18 Y  -40  418
12 19 Y  -40  411
12 20 Y  -40  409
12 21 Y  -40  423
12 22 Y  -40  416
12 23 Y  -40  415
12 24 Y  -40  421
12 25 Y  -40  415
12 26 Y  -40  411
12 27 Y  -40  419
12 28 Y  -40  413
12 29 Y  -40  413
12 30 Y  -40  414
12 31 Y  -40  419
12  1 Z  560  354
12  2 Z  560  398
12  3 Z  560  403
12  4 Z  560  364
12  5 Z  560  361
12  6 Z  560  355
12  7 Z  560  364
12  8 Z  560  403
12  9 Z  560  362
12 10 Z  560  359
12 11 Z  560  355
12 12 Z  560  357
12 13 Z  560  352
12 14 Z  560  348
12 15 Z  560  359
12 16 Z  560  360
12 17 Z  560  373
12 18 Z  560  363
12 19 Z  560  373
12 20 Z  560  370
12 21 Z  560  359
12 22 Z  560  356
12 23 Z  560  360
12 24 Z  560  358
12 25 Z  560  358
12 26 Z  560  351
12 27 Z  560  354
12 28 Z  560  348
12 29 Z  560  343
12 30 Z  560  341
12 31 Z  560  347
