 1  1 X    0  900
 1  2 X    0  896
 1  3 X    0  889
 1  4 X    0  895
 1  5 X    0  901
 1  6 X    0  884
 1  7 X    0  896
 1  8 X    0  895
 1  9 X    0  904
 1 10 X    0  837
 1 11 X    0  879
 1 12 X    0  894
 1 13 X    0  899
 1 14 X    0  893
 1 15 X    0  889
 1 16 X    0  888
 1 17 X    0  883
 1 18 X    0  910
 1 19 X    0  898
 1 20 X    0  898
 1 21 X    0  897
 1 22 X    0  870
 1 23 X    0  883
 1 24 X    0  899
 1 25 X    0  896
 1 26 X    0  901
 1 27 X    0  902
 1 28 X    0  902
 1 29 X    0  911
 1 30 X    0  885
 1 31 X    0  902
 1  1 Y  -50 1182
 1  2 Y  -50 1182
 1  3 Y  -50 1188
 1  4 Y  -50 1182
 1  5 Y  -50 1181
 1  6 Y  -50 1174
 1  7 Y  -50 1182
 1  8 Y  -50 1185
 1  9 Y  -50 1179
 1 10 Y  -50 1187
 1 11 Y  -50 1163
 1 12 Y  -50 1186
 1 13 Y  -50 1179
 1 14 Y  -50 1186
 1 15 Y  -50 1183
 1 16 Y  -50 1178
 1 17 Y  -50 1180
 1 18 Y  -50 1180
 1 19 Y  -50 1186
 1 20 Y  -50 1179
 1 21 Y  -50 1198
 1 22 Y  -50 1182
 1 23 Y  -50 1191
 1 24 Y  -50 1188
 1 25 Y  -50 1188
 1 26 Y  -50 1183
 1 27 Y  -50 1185
 1 28 Y  -50 1186
 1 29 Y  -50 1186
 1 30 Y  -50 1179
 1 31 Y  -50 1204
 1  1 Z  550 1660
 1  2 Z  550 1654
 1  3 Z  550 1659
 1  4 Z  550 1659
 1  5 Z  550 1672
 1  6 Z  550 1664
 1  7 Z  550 1668
 1  8 Z  550 1662
 1  9 Z  550 1655
 1 10 Z  550 1668
 1 11 Z  550 1698
 1 12 Z  550 1683
 1 13 Z  550 1671
 1 14 Z  550 1672
 1 15 Z  550 1664
 1 16 Z  550 1664
 1 17 Z  550 1671
 1 18 Z  550 1674
 1 19 Z  550 1663
 1 20 Z  550 1655
 1 21 Z  550 1673
 1 22 Z  550 1674
 1 23 Z  550 1684
 1 24 Z  550 1686
 1 25 Z  550 1673
 1 26 Z  550 1663
 1 27 Z  550 1663
 1 28 Z  550 1660
 1 29 Z  550 1664
 1 30 Z  550 1654
 1 31 Z  550 1690
 2  1 X    0  891
 2  2 X    0  896
 2  3 X    0  896
 2  4 X    0  892
 2  5 X    0  900
 2  6 X    0  900
 2  7 X    0  883
 2  8 X    0  883
 2  9 X    0  892
 2 10 X    0  889
 2 11 X    0  905
 2 12 X    0  892
 2 13 X    0  891
 2 14 X    0  907
 2 15 X    0  901
 2 16 X    0  901
 2 17 X    0  893
 2 18 X    0  906
 2 19 X    0  891
 2 20 X    0  905
 2 21 X    0  899
 2 22 X    0  907
 2 23 X    0  910
 2 24 X    0  904
 2 25 X    0  906
 2 26 X    0  899
 2 27 X    0  880
 2 28 X    0  887
 2 29 X    0  914
 2  1 Y  -50 1181
 2  2 Y  -50 1185
 2  3 Y  -50 1183
 2  4 Y  -50 1185
 2  5 Y  -50 1186
 2  6 Y  -50 1180
 2  7 Y  -50 1218
 2  8 Y  -50 1200
 2  9 Y  -50 1171
 2 10 Y  -50 1189
 2 11 Y  -50 1185
 2 12 Y  -50 1182
 2 13 Y  -50 1178
 2 14 Y  -50 1187
 2 15 Y  -50 1192
 2 16 Y  -50 1179
 2 17 Y  -50 1171
 2 18 Y  -50 1188
 2 19 Y  -50 1195
 2 20 Y  -50 1195
 2 21 Y  -50 1185
 2 22 Y  -50 1180
 2 23 Y  -50 1185
 2 24 Y  -50 1183
 2 25 Y  -50 1182
 2 26 Y  -50 1188
 2 27 Y  -50 1191
 2 28 Y  -50 1187
 2 29 Y  -50 1170
 2  1 Z  550 1680
 2  2 Z  550 1678
 2  3 Z  550 1684
 2  4 Z  550 1668
 2  5 Z  550 1669
 2  6 Z  550 1670
 2  7 Z  550 1682
 2  8 Z  550 1685
 2  9 Z  550 1691
 2 10 Z  550 1689
 2 11 Z  550 1681
 2 12 Z  550 1677
 2 13 Z  550 1689
 2 14 Z  550 1679
 2 15 Z  550 1665
 2 16 Z  550 1658
 2 17 Z  550 1656
 2 18 Z  550 1667
 2 19 Z  550 1676
 2 20 Z  550 1674
 2 21 Z  550 1668
 2 22 Z  550 1664
 2 23 Z  550 1661
 2 24 Z  550 1657
 2 25 Z  550 1655
 2 26 Z  550 1662
 2 27 Z  550 1669
 2 28 Z  550 1682
 2 29 Z  550 1708
 3  1 X    0  907
 3  2 X    0  890
 3  3 X    0  904
 3  4 X    0  912
 3  5 X    0  904
 3  6 X    0  878
 3  7 X    0  885
 3  8 X    0  905
 3  9 X    0  902
 3 10 X    0  907
 3 11 X    0  895
 3 12 X    0  914
 3 13 X    0  910
 3 14 X    0  921
 3 15 X    0  911
 3 16 X    0  904
 3 17 X    0  900
 3 18 X    0  908
 3 19 X    0  903
 3 20 X    0  913
 3 21 X    0  908
 3 22 X    0  909
 3 23 X    0  903
 3 24 X    0  911
 3 25 X    0  913
 3 26 X    0  916
 3 27 X    0  892
 3 28 X    0  916
 3 29 X    0  933
 3 30 X    0  908
 3 31 X    0  913
 3  1 Y  -50 1180
 3  2 Y  -50 1189
 3  3 Y  -50 1171
 3  4 Y  -50 1182
 3  5 Y  -50 1192
 3  6 Y  -50 1184
 3  7 Y  -50 1191
 3  8 Y  -50 1179
 3  9 Y  -50 1189
 3 10 Y  -50 1190
 3 11 Y  -50 1176
 3 12 Y  -50 1182
 3 13 Y  -50 1184
 3 14 Y  -50 1178
 3 15 Y  -50 1194
 3 16 Y  -50 1190
 3 17 Y  -50 1178
 3 18 Y  -50 1177
 3 19 Y  -50 1192
 3 20 Y  -50 1186
 3 21 Y  -50 1181
 3 22 Y  -50 1178
 3 23 Y  -50 1180
 3 24 Y  -50 1177
 3 25 Y  -50 1176
 3 26 Y  -50 1250
 3 27 Y  -50 1160
 3 28 Y  -50 1167
 3 29 Y  -50 1177
 3 30 Y  -50 1196
 3 31 Y  -50 1187
 3  1 Z  550 1694
 3  2 Z  550 1695
 3  3 Z  550 1699
 3  4 Z  550 1687
 3  5 Z  550 1684
 3  6 Z  550 1682
 3  7 Z  550 1681
 3  8 Z  550 1709
 3  9 Z  550 1719
 3 10 Z  550 1711
 3 11 Z  550 1698
 3 12 Z  550 1705
 3 13 Z  550 1695
 3 14 Z  550 1685
 3 15 Z  550 1664
 3 16 Z  550 1655
 3 17 Z  550 1653
 3 18 Z  550 1664
 3 19 Z  550 1658
 3 20 Z  550 1652
 3 21 Z  550 1651
 3 22 Z  550 1653
 3 23 Z  550 1656
 3 24 Z  550 1669
 3 25 Z  550 1657
 3 26 Z  550 1711
 3 27 Z  550 1701
 3 28 Z  550 1696
 3 29 Z  550 1698
 3 30 Z  550 1697
 3 31 Z  550 1682
 4  1 X    0  930
 4  2 X    0  895
 4  3 X    0  893
 4  4 X    0  916
 4  5 X    0  915
 4  6 X    0  920
 4  7 X    0  917
 4  8 X    0  911
 4  9 X    0  899
 4 10 X    0  928
 4 11 X    0  902
 4 12 X    0  923
 4 13 X    0  909
 4 14 X    0  913
 4 15 X    0  915
 4 16 X    0  906
 4 17 X    0  920
 4 18 X    0  913
 4 19 X    0  915
 4 20 X    0  914
 4 21 X    0  921
 4 22 X    0  922
 4 23 X    0  919
 4 24 X    0  912
 4 25 X    0  907
 4 26 X    0  921
 4 27 X    0  911
 4 28 X    0  912
 4 29 X    0  901
 4 30 X    0  921
 4  1 Y  -50 1232
 4  2 Y  -50 1161
 4  3 Y  -50 1204
 4  4 Y  -50 1196
 4  5 Y  -50 1176
 4  6 Y  -50 1194
 4  7 Y  -50 1192
 4  8 Y  -50 1192
 4  9 Y  -50 1178
 4 10 Y  -50 1175
 4 11 Y  -50 1183
 4 12 Y  -50 1189
 4 13 Y  -50 1167
 4 14 Y  -50 1178
 4 15 Y  -50 1183
 4 16 Y  -50 1175
 4 17 Y  -50 1187
 4 18 Y  -50 1181
 4 19 Y  -50 1191
 4 20 Y  -50 1175
 4 21 Y  -50 1196
 4 22 Y  -50 1184
 4 23 Y  -50 1164
 4 24 Y  -50 1206
 4 25 Y  -50 1197
 4 26 Y  -50 1187
 4 27 Y  -50 1170
 4 28 Y  -50 1185
 4 29 Y  -50 1207
 4 30 Y  -50 1189
 4  1 Z  550 1745
 4  2 Z  550 1734
 4  3 Z  550 1723
 4  4 Z  550 1736
 4  5 Z  550 1734
 4  6 Z  550 1727
 4  7 Z  550 1719
 4  8 Z  550 1705
 4  9 Z  550 1686
 4 10 Z  550 1661
 4 11 Z  550 1649
 4 12 Z  550 1659
 4 13 Z  550 1658
 4 14 Z  550 1658
 4 15 Z  550 1661
 4 16 Z  550 1641
 4 17 Z  550 1655
 4 18 Z  550 1653
 4 19 Z  550 1656
 4 20 Z  550 1643
 4 21 Z  550 1650
 4 22 Z  550 1671
 4 23 Z  550 1671
 4 24 Z  550 1685
 4 25 Z  550 1686
 4 26 Z  550 1682
 4 27 Z  550 1666
 4 28 Z  550 1666
 4 29 Z  550 1674
 4 30 Z  550 1674
 5  1 X    0  902
 5  2 X    0  890
 5  3 X    0  959
 5  4 X    0  898
 5  5 X    0  917
 5  6 X    0  911
 5  7 X    0  910
 5  8 X    0  936
 5  9 X    0  926
 5 10 X    0  930
 5 11 X    0  905
 5 12 X    0  923
 5 13 X    0  926
 5 14 X    0  924
 5 15 X    0  911
 5 16 X    0  932
 5 17 X    0  919
 5 18 X    0  925
 5 19 X    0  902
 5 20 X    0  918
 5 21 X    0  934
 5 22 X    0  919
 5 23 X    0  943
 5 24 X    0  926
 5 25 X    0  928
 5 26 X    0  909
 5 27 X    0  922
 5 28 X    0  921
 5 29 X    0  914
 5 30 X    0  904
 5 31 X    0  911
 5  1 Y  -50 1183
 5  2 Y  -50 1175
 5  3 Y  -50 1192
 5  4 Y  -50 1192
 5  5 Y  -50 1178
 5  6 Y  -50 1191
 5  7 Y  -50 1182
 5  8 Y  -50 1181
 5  9 Y  -50 1167
 5 10 Y  -50 1190
 5 11 Y  -50 1165
 5 12 Y  -50 1192
 5 13 Y  -50 1182
 5 14 Y  -50 1182
 5 15 Y  -50 1191
 5 16 Y  -50 1163
 5 17 Y  -50 1177
 5 18 Y  -50 1176
 5 19 Y  -50 1175
 5 20 Y  -50 1188
 5 21 Y  -50 1188
 5 22 Y  -50 1194
 5 23 Y  -50 1221
 5 24 Y  -50 1172
 5 25 Y  -50 1195
 5 26 Y  -50 1187
 5 27 Y  -50 1197
 5 28 Y  -50 1199
 5 29 Y  -50 1198
 5 30 Y  -50 1190
 5 31 Y  -50 1184
 5  1 Z  550 1659
 5  2 Z  550 1691
 5  3 Z  550 1769
 5  4 Z  550 1732
 5  5 Z  550 1722
 5  6 Z  550 1686
 5  7 Z  550 1686
 5  8 Z  550 1630
 5  9 Z  550 1655
 5 10 Z  550 1627
 5 11 Z  550 1594
 5 12 Z  550 1617
 5 13 Z  550 1621
 5 14 Z  550 1620
 5 15 Z  550 1661
 5 16 Z  550 1628
 5 17 Z  550 1635
 5 18 Z  550 1643
 5 19 Z  550 1633
 5 20 Z  550 1673
 5 21 Z  550 1676
 5 22 Z  550 1612
 5 23 Z  550 1658
 5 24 Z  550 1618
 5 25 Z  550 1657
 5 26 Z  550 1663
 5 27 Z  550 1664
 5 28 Z  550 1694
 5 29 Z  550 1708
 5 30 Z  550 1711
 5 31 Z  550 1692
 6  1 X    0  913
 6  2 X    0  911
 6  3 X    0  904
 6  4 X    0  956
 6  5 X    0  940
 6  6 X    0  923
 6  7 X    0  946
 6  8 X    0  939
 6  9 X    0  941
 6 10 X    0  924
 6 11 X    0  962
 6 12 X    0  964
 6 13 X    0  942
 6 14 X    0  919
 6 15 X    0  911
 6 16 X    0  909
 6 17 X    0  947
 6 18 X    0  954
 6 19 X    0  939
 6 20 X    0  941
 6 21 X    0  950
 6 22 X    0  933
 6 23 X    0  924
 6 24 X    0  902
 6 25 X    0  908
 6 26 X    0  906
 6 27 X    0  896
 6 28 X    0  920
 6 29 X    0  913
 6 30 X    0  947
 6  1 Y  -50 1194
 6  2 Y  -50 1198
 6  3 Y  -50 1182
 6  4 Y  -50 1183
 6  5 Y  -50 1187
 6  6 Y  -50 1183
 6  7 Y  -50 1173
 6  8 Y  -50 1183
 6  9 Y  -50 1171
 6 10 Y  -50 1193
 6 11 Y  -50 1173
 6 12 Y  -50 1190
 6 13 Y  -50 1174
 6 14 Y  -50 1172
 6 15 Y  -50 1178
 6 16 Y  -50 1188
 6 17 Y  -50 1199
 6 18 Y  -50 1189
 6 19 Y  -50 1175
 6 20 Y  -50 1198
 6 21 Y  -50 1172
 6 22 Y  -50 1174
 6 23 Y  -50 1181
 6 24 Y  -50 1186
 6 25 Y  -50 1188
 6 26 Y  -50 1190
 6 27 Y  -50 1204
 6 28 Y  -50 1173
 6 29 Y  -50 1194
 6 30 Y  -50 1163
 6  1 Z  550 1691
 6  2 Z  550 1674
 6  3 Z  550 1667
 6  4 Z  550 1618
 6  5 Z  550 1641
 6  6 Z  550 1604
 6  7 Z  550 1632
 6  8 Z  550 1616
 6  9 Z  550 1599
 6 10 Z  550 1628
 6 11 Z  550 1613
 6 12 Z  550 1569
 6 13 Z  550 1603
 6 14 Z  550 1628
 6 15 Z  550 1628
 6 16 Z  550 1697
 6 17 Z  550 1545
 6 18 Z  550 1629
 6 19 Z  550 1595
 6 20 Z  550 1629
 6 21 Z  550 1562
 6 22 Z  550 1588
 6 23 Z  550 1633
 6 24 Z  550 1684
 6 25 Z  550 1681
 6 26 Z  550 1668
 6 27 Z  550 1698
 6 28 Z  550 1641
 6 29 Z  550 1696
 6 30 Z  550 1565
 7  1 X    0  946
 7  2 X    0  956
 7  3 X    0  943
 7  4 X    0  935
 7  5 X    0  930
 7  6 X    0  933
 7  7 X    0  943
 7  8 X    0  946
 7  9 X    0  938
 7 10 X    0  943
 7 11 X    0  928
 7 12 X    0  915
 7 13 X    0  930
 7 14 X    0  949
 7 15 X    0  912
 7 16 X    0  930
 7 17 X    0  928
 7 18 X    0  914
 7 19 X    0  935
 7 20 X    0  922
 7 21 X    0  932
 7 22 X    0  916
 7 23 X    0  930
 7 24 X    0  931
 7 25 X    0  934
 7 26 X    0  925
 7 27 X    0  932
 7 28 X    0  941
 7 29 X    0  946
 7 30 X    0  950
 7 31 X    0  932
 7  1 Y  -50 1187
 7  2 Y  -50 1182
 7  3 Y  -50 1202
 7  4 Y  -50 1214
 7  5 Y  -50 1190
 7  6 Y  -50 1181
 7  7 Y  -50 1193
 7  8 Y  -50 1189
 7  9 Y  -50 1170
 7 10 Y  -50 1163
 7 11 Y  -50 1179
 7 12 Y  -50 1193
 7 13 Y  -50 1188
 7 14 Y  -50 1185
 7 15 Y  -50 1163
 7 16 Y  -50 1188
 7 17 Y  -50 1185
 7 18 Y  -50 1171
 7 19 Y  -50 1186
 7 20 Y  -50 1192
 7 21 Y  -50 1168
 7 22 Y  -50 1185
 7 23 Y  -50 1178
 7 24 Y  -50 1183
 7 25 Y  -50 1186
 7 26 Y  -50 1171
 7 27 Y  -50 1179
 7 28 Y  -50 1184
 7 29 Y  -50 1190
 7 30 Y  -50 1190
 7 31 Y  -50 1193
 7  1 Z  550 1613
 7  2 Z  550 1563
 7  3 Z  550 1619
 7  4 Z  550 1631
 7  5 Z  550 1581
 7  6 Z  550 1623
 7  7 Z  550 1598
 7  8 Z  550 1617
 7  9 Z  550 1647
 7 10 Z  550 1568
 7 11 Z  550 1604
 7 12 Z  550 1664
 7 13 Z  550 1643
 7 14 Z  550 1623
 7 15 Z  550 1628
 7 16 Z  550 1616
 7 17 Z  550 1638
 7 18 Z  550 1626
 7 19 Z  550 1634
 7 20 Z  550 1636
 7 21 Z  550 1653
 7 22 Z  550 1677
 7 23 Z  550 1612
 7 24 Z  550 1586
 7 25 Z  550 1615
 7 26 Z  550 1601
 7 27 Z  550 1614
 7 28 Z  550 1592
 7 29 Z  550 1637
 7 30 Z  550 1662
 7 31 Z  550 1642
 8  1 X    0  924
 8  2 X    0  941
 8  3 X    0  938
 8  4 X    0  937
 8  5 X    0  918
 8  6 X    0  942
 8  7 X    0  941
 8  8 X    0  921
 8  9 X    0  952
 8 10 X    0  943
 8 11 X    0  960
 8 12 X    0  912
 8 13 X    0  912
 8 14 X    0  939
 8 15 X    0  943
 8 16 X    0  926
 8 17 X    0  914
 8 18 X    0  922
 8 19 X    0  927
 8 20 X    0  933
 8 21 X    0  927
 8 22 X    0  939
 8 23 X    0  944
 8 24 X    0  926
 8 25 X    0  930
 8 26 X    0  932
 8 27 X    0  909
 8 28 X    0  928
 8 29 X    0  934
 8 30 X    0  925
 8 31 X    0  929
 8  1 Y  -50 1181
 8  2 Y  -50 1185
 8  3 Y  -50 1198
 8  4 Y  -50 1184
 8  5 Y  -50 1193
 8  6 Y  -50 1182
 8  7 Y  -50 1182
 8  8 Y  -50 1173
 8  9 Y  -50 1195
 8 10 Y  -50 1185
 8 11 Y  -50 1184
 8 12 Y  -50 1195
 8 13 Y  -50 1202
 8 14 Y  -50 1176
 8 15 Y  -50 1172
 8 16 Y  -50 1201
 8 17 Y  -50 1190
 8 18 Y  -50 1186
 8 19 Y  -50 1186
 8 20 Y  -50 1180
 8 21 Y  -50 1191
 8 22 Y  -50 1181
 8 23 Y  -50 1208
 8 24 Y  -50 1200
 8 25 Y  -50 1197
 8 26 Y  -50 1177
 8 27 Y  -50 1183
 8 28 Y  -50 1200
 8 29 Y  -50 1187
 8 30 Y  -50 1179
 8 31 Y  -50 1192
 8  1 Z  550 1607
 8  2 Z  550 1659
 8  3 Z  550 1619
 8  4 Z  550 1628
 8  5 Z  550 1611
 8  6 Z  550 1634
 8  7 Z  550 1638
 8  8 Z  550 1629
 8  9 Z  550 1631
 8 10 Z  550 1635
 8 11 Z  550 1624
 8 12 Z  550 1666
 8 13 Z  550 1702
 8 14 Z  550 1642
 8 15 Z  550 1607
 8 16 Z  550 1633
 8 17 Z  550 1679
 8 18 Z  550 1662
 8 19 Z  550 1655
 8 20 Z  550 1643
 8 21 Z  550 1615
 8 22 Z  550 1637
 8 23 Z  550 1623
 8 24 Z  550 1627
 8 25 Z  550 1638
 8 26 Z  550 1645
 8 27 Z  550 1630
 8 28 Z  550 1639
 8 29 Z  550 1640
 8 30 Z  550 1646
 8 31 Z  550 1635
 9  1 X    0  921
 9  2 X    0  938
 9  3 X    0  927
 9  4 X    0  941
 9  5 X    0  932
 9  6 X    0  942
 9  7 X    0  931
 9  8 X    0  920
 9  9 X    0  943
 9 10 X    0  926
 9 11 X    0  920
 9 12 X    0  NaN
 9 13 X    0  NaN
 9 14 X    0  NaN
 9 15 X    0  938
 9 16 X    0  NaN
 9 17 X    0  NaN
 9 18 X    0  955
 9 19 X    0  NaN
 9 20 X    0  920
 9 21 X    0  924
 9 22 X    0  920
 9 23 X    0  928
 9 24 X    0  917
 9 25 X    0  917
 9 26 X    0  921
 9 27 X    0  922
 9 28 X    0  918
 9 29 X    0  921
 9 30 X    0  910
 9  1 Y  -50 1182
 9  2 Y  -50 1187
 9  3 Y  -50 1179
 9  4 Y  -50 1181
 9  5 Y  -50 1184
 9  6 Y  -50 1191
 9  7 Y  -50 1180
 9  8 Y  -50 1176
 9  9 Y  -50 1192
 9 10 Y  -50 1180
 9 11 Y  -50 1178
 9 12 Y  -50  NaN
 9 13 Y  -50  NaN
 9 14 Y  -50  NaN
 9 15 Y  -50 1183
 9 16 Y  -50  NaN
 9 17 Y  -50  NaN
 9 18 Y  -50 1204
 9 19 Y  -50  NaN
 9 20 Y  -50 1193
 9 21 Y  -50 1196
 9 22 Y  -50 1195
 9 23 Y  -50 1203
 9 24 Y  -50 1176
 9 25 Y  -50 1186
 9 26 Y  -50 1189
 9 27 Y  -50 1188
 9 28 Y  -50 1187
 9 29 Y  -50 1189
 9 30 Y  -50 1175
 9  1 Z  550 1628
 9  2 Z  550 1656
 9  3 Z  550 1649
 9  4 Z  550 1647
 9  5 Z  550 1652
 9  6 Z  550 1639
 9  7 Z  550 1653
 9  8 Z  550 1640
 9  9 Z  550 1632
 9 10 Z  550 1622
 9 11 Z  550 1638
 9 12 Z  550  NaN
 9 13 Z  550  NaN
 9 14 Z  550  NaN
 9 15 Z  550 1665
 9 16 Z  550  NaN
 9 17 Z  550  NaN
 9 18 Z  550 1689
 9 19 Z  550  NaN
 9 20 Z  550 1678
 9 21 Z  550 1681
 9 22 Z  550 1671
 9 23 Z  550 1674
 9 24 Z  550 1669
 9 25 Z  550 1679
 9 26 Z  550 1695
 9 27 Z  550 1671
 9 28 Z  550 1679
 9 29 Z  550 1670
 9 30 Z  550 1670
10  1 X    0  932
10  2 X    0  936
10  3 X    0  927
10  4 X    0  928
10  5 X    0  928
10  6 X    0  944
10  7 X    0  922
10  8 X    0  919
10  9 X    0  928
10 10 X    0  927
10 11 X    0  914
10 12 X    0  923
10 13 X    0  934
10 14 X    0  920
10 15 X    0  913
10 16 X    0  935
10 17 X    0  926
10 18 X    0  932
10 19 X    0  909
10 20 X    0  928
10 21 X    0  945
10 22 X    0  933
10 23 X    0  929
10 24 X    0  921
10 25 X    0  931
10 26 X    0  929
10 27 X    0  925
10 28 X    0  925
10 29 X    0  934
10 30 X    0  909
10 31 X    0  922
10  1 Y  -50 1198
10  2 Y  -50 1198
10  3 Y  -50 1191
10  4 Y  -50 1180
10  5 Y  -50 1178
10  6 Y  -50 1196
10  7 Y  -50 1193
10  8 Y  -50 1185
10  9 Y  -50 1189
10 10 Y  -50 1184
10 11 Y  -50 1182
10 12 Y  -50 1165
10 13 Y  -50 1193
10 14 Y  -50 1175
10 15 Y  -50 1195
10 16 Y  -50 1194
10 17 Y  -50 1209
10 18 Y  -50 1182
10 19 Y  -50 1207
10 20 Y  -50 1181
10 21 Y  -50 1188
10 22 Y  -50 1196
10 23 Y  -50 1186
10 24 Y  -50 1185
10 25 Y  -50 1179
10 26 Y  -50 1185
10 27 Y  -50 1191
10 28 Y  -50 1192
10 29 Y  -50 1186
10 30 Y  -50 1189
10 31 Y  -50 1206
10  1 Z  550 1666
10  2 Z  550 1680
10  3 Z  550 1673
10  4 Z  550 1672
10  5 Z  550 1658
10  6 Z  550 1664
10  7 Z  550 1678
10  8 Z  550 1660
10  9 Z  550 1660
10 10 Z  550 1667
10 11 Z  550 1662
10 12 Z  550 1677
10 13 Z  550 1667
10 14 Z  550 1664
10 15 Z  550 1678
10 16 Z  550 1697
10 17 Z  550 1697
10 18 Z  550 1689
10 19 Z  550 1674
10 20 Z  550 1674
10 21 Z  550 1695
10 22 Z  550 1670
10 23 Z  550 1672
10 24 Z  550 1676
10 25 Z  550 1676
10 26 Z  550 1673
10 27 Z  550 1667
10 28 Z  550 1677
10 29 Z  550 1676
10 30 Z  550 1673
10 31 Z  550 1699
11  1 X    0  932
11  2 X    0  928
11  3 X    0  928
11  4 X    0  927
11  5 X    0  933
11  6 X    0  933
11  7 X    0  938
11  8 X    0  921
11  9 X    0  933
11 10 X    0  921
11 11 X    0  919
11 12 X    0  916
11 13 X    0  926
11 14 X    0  917
11 15 X    0  928
11 16 X    0  929
11 17 X    0  926
11 18 X    0  933
11 19 X    0  927
11 20 X    0  933
11 21 X    0  932
11 22 X    0  928
11 23 X    0  932
11 24 X    0  938
11 25 X    0  924
11 26 X    0  919
11 27 X    0  941
11 28 X    0  935
11 29 X    0  930
11 30 X    0  934
11  1 Y  -50 1182
11  2 Y  -50 1190
11  3 Y  -50 1183
11  4 Y  -50 1186
11  5 Y  -50 1184
11  6 Y  -50 1191
11  7 Y  -50 1187
11  8 Y  -50 1185
11  9 Y  -50 1200
11 10 Y  -50 1188
11 11 Y  -50 1206
11 12 Y  -50 1178
11 13 Y  -50 1205
11 14 Y  -50 1193
11 15 Y  -50 1190
11 16 Y  -50 1199
11 17 Y  -50 1194
11 18 Y  -50 1183
11 19 Y  -50 1189
11 20 Y  -50 1190
11 21 Y  -50 1187
11 22 Y  -50 1187
11 23 Y  -50 1191
11 24 Y  -50 1191
11 25 Y  -50 1197
11 26 Y  -50 1190
11 27 Y  -50 1183
11 28 Y  -50 1190
11 29 Y  -50 1189
11 30 Y  -50 1186
11  1 Z  550 1691
11  2 Z  550 1679
11  3 Z  550 1677
11  4 Z  550 1673
11  5 Z  550 1675
11  6 Z  550 1675
11  7 Z  550 1676
11  8 Z  550 1674
11  9 Z  550 1675
11 10 Z  550 1678
11 11 Z  550 1686
11 12 Z  550 1691
11 13 Z  550 1713
11 14 Z  550 1695
11 15 Z  550 1694
11 16 Z  550 1679
11 17 Z  550 1679
11 18 Z  550 1684
11 19 Z  550 1676
11 20 Z  550 1680
11 21 Z  550 1677
11 22 Z  550 1676
11 23 Z  550 1677
11 24 Z  550 1679
11 25 Z  550 1678
11 26 Z  550 1679
11 27 Z  550 1680
11 28 Z  550 1675
11 29 Z  550 1675
11 30 Z  550 1681
12  1 X    0  928
12  2 X    0  935
12  3 X    0  932
12  4 X    0  923
12  5 X    0  933
12  6 X    0  931
12  7 X    0  932
12  8 X    0  951
12  9 X    0  917
12 10 X    0  923
12 11 X    0  943
12 12 X    0  924
12 13 X    0  943
12 14 X    0  940
12 15 X    0  937
12 16 X    0  934
12 17 X    0  912
12 18 X    0  928
12 19 X    0  935
12 20 X    0  931
12 21 X    0  934
12 22 X    0  931
12 23 X    0  943
12 24 X    0  940
12 25 X    0  929
12 26 X    0  936
12 27 X    0  920
12 28 X    0  938
12 29 X    0  933
12 30 X    0  907
12 31 X    0  930
12  1 Y  -50 1189
12  2 Y  -50 1188
12  3 Y  -50 1187
12  4 Y  -50 1205
12  5 Y  -50 1187
12  6 Y  -50 1190
12  7 Y  -50 1185
12  8 Y  -50 1203
12  9 Y  -50 1217
12 10 Y  -50 1194
12 11 Y  -50 1192
12 12 Y  -50 1197
12 13 Y  -50 1192
12 14 Y  -50 1189
12 15 Y  -50 1196
12 16 Y  -50 1197
12 17 Y  -50 1184
12 18 Y  -50 1172
12 19 Y  -50 1186
12 20 Y  -50 1189
12 21 Y  -50 1192
12 22 Y  -50 1206
12 23 Y  -50 1186
12 24 Y  -50 1194
12 25 Y  -50 1199
12 26 Y  -50 1186
12 27 Y  -50 1186
12 28 Y  -50 1190
12 29 Y  -50 1201
12 30 Y  -50 1195
12 31 Y  -50 1183
12  1 Z  550 1676
12  2 Z  550 1676
12  3 Z  550 1672
12  4 Z  550 1675
12  5 Z  550 1674
12  6 Z  550 1677
12  7 Z  550 1675
12  8 Z  550 1695
12  9 Z  550 1698
12 10 Z  550 1694
12 11 Z  550 1699
12 12 Z  550 1700
12 13 Z  550 1693
12 14 Z  550 1686
12 15 Z  550 1678
12 16 Z  550 1683
12 17 Z  550 1684
12 18 Z  550 1699
12 19 Z  550 1685
12 20 Z  550 1681
12 21 Z  550 1673
12 22 Z  550 1680
12 23 Z  550 1678
12 24 Z  550 1680
12 25 Z  550 1676
12 26 Z  550 1675
12 27 Z  550 1673
12 28 Z  550 1677
12 29 Z  550 1722
12 30 Z  550 1695
12 31 Z  550 1698
