 1  1 X   10  310
 1  2 X   10  310
 1  3 X   10  298
 1  4 X   10  293
 1  5 X   10  293
 1  6 X   10  295
 1  7 X   10  294
 1  8 X   10  294
 1  9 X   10  309
 1 10 X   10  299
 1 11 X   10  289
 1 12 X   10  308
 1 13 X   10  305
 1 14 X   10  282
 1 15 X   10  306
 1 16 X   10  290
 1 17 X   10  294
 1 18 X   10  319
 1 19 X   10  310
 1 20 X   10  304
 1 21 X   10  296
 1 22 X   10  309
 1 23 X   10  311
 1 24 X   10  309
 1 25 X   10  306
 1 26 X   10  307
 1 27 X   10  302
 1 28 X   10  300
 1 29 X   10  292
 1 30 X   10  292
 1 31 X   10  306
 1  1 Y  -40  393
 1  2 Y  -40  379
 1  3 Y  -40  385
 1  4 Y  -40  379
 1  5 Y  -40  385
 1  6 Y  -40  382
 1  7 Y  -40  390
 1  8 Y  -40  401
 1  9 Y  -40  375
 1 10 Y  -40  383
 1 11 Y  -40  400
 1 12 Y  -40  384
 1 13 Y  -40  397
 1 14 Y  -40  378
 1 15 Y  -40  396
 1 16 Y  -40  385
 1 17 Y  -40  388
 1 18 Y  -40  382
 1 19 Y  -40  382
 1 20 Y  -40  390
 1 21 Y  -40  381
 1 22 Y  -40  395
 1 23 Y  -40  382
 1 24 Y  -40  381
 1 25 Y  -40  382
 1 26 Y  -40  375
 1 27 Y  -40  382
 1 28 Y  -40  379
 1 29 Y  -40  378
 1 30 Y  -40  378
 1 31 Y  -40  386
 1  1 Z  560  405
 1  2 Z  560  419
 1  3 Z  560  417
 1  4 Z  560  411
 1  5 Z  560  403
 1  6 Z  560  399
 1  7 Z  560  400
 1  8 Z  560  406
 1  9 Z  560  399
 1 10 Z  560  396
 1 11 Z  560  417
 1 12 Z  560  412
 1 13 Z  560  421
 1 14 Z  560  396
 1 15 Z  560  409
 1 16 Z  560  406
 1 17 Z  560  399
 1 18 Z  560  406
 1 19 Z  560  390
 1 20 Z  560  399
 1 21 Z  560  389
 1 22 Z  560  394
 1 23 Z  560  386
 1 24 Z  560  382
 1 25 Z  560  388
 1 26 Z  560  380
 1 27 Z  560  406
 1 28 Z  560  396
 1 29 Z  560  399
 1 30 Z  560  401
 1 31 Z  560  401
 2  1 X   10  269
 2  2 X   10  279
 2  3 X   10  313
 2  4 X   10  292
 2  5 X   10  312
 2  6 X   10  301
 2  7 X   10  319
 2  8 X   10  326
 2  9 X   10  309
 2 10 X   10  294
 2 11 X   10  297
 2 12 X   10  306
 2 13 X   10  322
 2 14 X   10  308
 2 15 X   10  313
 2 16 X   10  309
 2 17 X   10  311
 2 18 X   10  314
 2 19 X   10  286
 2 20 X   10  251
 2 21 X   10  331
 2 22 X   10  318
 2 23 X   10  298
 2 24 X   10  293
 2 25 X   10  310
 2 26 X   10  244
 2 27 X   10  295
 2 28 X   10  292
 2 29 X   10  294
 2  1 Y  -40  376
 2  2 Y  -40  358
 2  3 Y  -40  369
 2  4 Y  -40  380
 2  5 Y  -40  388
 2  6 Y  -40  392
 2  7 Y  -40  408
 2  8 Y  -40  413
 2  9 Y  -40  417
 2 10 Y  -40  396
 2 11 Y  -40  375
 2 12 Y  -40  388
 2 13 Y  -40  368
 2 14 Y  -40  387
 2 15 Y  -40  379
 2 16 Y  -40  380
 2 17 Y  -40  408
 2 18 Y  -40  379
 2 19 Y  -40  385
 2 20 Y  -40  416
 2 21 Y  -40  385
 2 22 Y  -40  388
 2 23 Y  -40  386
 2 24 Y  -40  401
 2 25 Y  -40  401
 2 26 Y  -40  408
 2 27 Y  -40  426
 2 28 Y  -40  387
 2 29 Y  -40  436
 2  1 Z  560  396
 2  2 Z  560  432
 2  3 Z  560  451
 2  4 Z  560  417
 2  5 Z  560  412
 2  6 Z  560  391
 2  7 Z  560  382
 2  8 Z  560  431
 2  9 Z  560  450
 2 10 Z  560  427
 2 11 Z  560  400
 2 12 Z  560  399
 2 13 Z  560  403
 2 14 Z  560  394
 2 15 Z  560  389
 2 16 Z  560  385
 2 17 Z  560  398
 2 18 Z  560  398
 2 19 Z  560  394
 2 20 Z  560  391
 2 21 Z  560  439
 2 22 Z  560  433
 2 23 Z  560  411
 2 24 Z  560  413
 2 25 Z  560  429
 2 26 Z  560  421
 2 27 Z  560  400
 2 28 Z  560  417
 2 29 Z  560  404
 3  1 X   10  325
 3  2 X   10  314
 3  3 X   10  314
 3  4 X   10  300
 3  5 X   10  310
 3  6 X   10  316
 3  7 X   10  289
 3  8 X   10  316
 3  9 X   10  299
 3 10 X   10  311
 3 11 X   10  311
 3 12 X   10  330
 3 13 X   10  320
 3 14 X   10  308
 3 15 X   10  315
 3 16 X   10  302
 3 17 X   10  280
 3 18 X   10  307
 3 19 X   10  291
 3 20 X   10  304
 3 21 X   10  298
 3 22 X   10  302
 3 23 X   10  323
 3 24 X   10  314
 3 25 X   10  337
 3 26 X   10  307
 3 27 X   10  297
 3 28 X   10  319
 3 29 X   10  315
 3 30 X   10  312
 3 31 X   10  319
 3  1 Y  -40  370
 3  2 Y  -40  383
 3  3 Y  -40  382
 3  4 Y  -40  383
 3  5 Y  -40  385
 3  6 Y  -40  372
 3  7 Y  -40  376
 3  8 Y  -40  378
 3  9 Y  -40  398
 3 10 Y  -40  382
 3 11 Y  -40  406
 3 12 Y  -40  391
 3 13 Y  -40  387
 3 14 Y  -40  373
 3 15 Y  -40  389
 3 16 Y  -40  410
 3 17 Y  -40  364
 3 18 Y  -40  392
 3 19 Y  -40  401
 3 20 Y  -40  387
 3 21 Y  -40  433
 3 22 Y  -40  396
 3 23 Y  -40  389
 3 24 Y  -40  397
 3 25 Y  -40  376
 3 26 Y  -40  405
 3 27 Y  -40  383
 3 28 Y  -40  406
 3 29 Y  -40  400
 3 30 Y  -40  377
 3 31 Y  -40  390
 3  1 Z  560  393
 3  2 Z  560  378
 3  3 Z  560  380
 3  4 Z  560  374
 3  5 Z  560  383
 3  6 Z  560  379
 3  7 Z  560  360
 3  8 Z  560  378
 3  9 Z  560  370
 3 10 Z  560  382
 3 11 Z  560  380
 3 12 Z  560  399
 3 13 Z  560  386
 3 14 Z  560  362
 3 15 Z  560  365
 3 16 Z  560  356
 3 17 Z  560  308
 3 18 Z  560  416
 3 19 Z  560  408
 3 20 Z  560  405
 3 21 Z  560  377
 3 22 Z  560  391
 3 23 Z  560  399
 3 24 Z  560  394
 3 25 Z  560  381
 3 26 Z  560  400
 3 27 Z  560  384
 3 28 Z  560  390
 3 29 Z  560  386
 3 30 Z  560  402
 3 31 Z  560  392
 4  1 X   10  326
 4  2 X   10  301
 4  3 X   10  322
 4  4 X   10  326
 4  5 X   10  306
 4  6 X   10  339
 4  7 X   10  327
 4  8 X   10  318
 4  9 X   10  315
 4 10 X   10  333
 4 11 X   10  327
 4 12 X   10  335
 4 13 X   10  351
 4 14 X   10  340
 4 15 X   10  329
 4 16 X   10  333
 4 17 X   10  356
 4 18 X   10  321
 4 19 X   10  290
 4 20 X   10  318
 4 21 X   10  316
 4 22 X   10  341
 4 23 X   10  299
 4 24 X   10  312
 4 25 X   10  325
 4 26 X   10  297
 4 27 X   10  310
 4 28 X   10  360
 4 29 X   10  339
 4 30 X   10  369
 4  1 Y  -40  392
 4  2 Y  -40  397
 4  3 Y  -40  433
 4  4 Y  -40  381
 4  5 Y  -40  383
 4  6 Y  -40  383
 4  7 Y  -40  400
 4  8 Y  -40  396
 4  9 Y  -40  389
 4 10 Y  -40  376
 4 11 Y  -40  372
 4 12 Y  -40  370
 4 13 Y  -40  380
 4 14 Y  -40  393
 4 15 Y  -40  369
 4 16 Y  -40  380
 4 17 Y  -40  367
 4 18 Y  -40  419
 4 19 Y  -40  382
 4 20 Y  -40  412
 4 21 Y  -40  375
 4 22 Y  -40  403
 4 23 Y  -40  415
 4 24 Y  -40  387
 4 25 Y  -40  407
 4 26 Y  -40  402
 4 27 Y  -40  411
 4 28 Y  -40  388
 4 29 Y  -40  368
 4 30 Y  -40  357
 4  1 Z  560  344
 4  2 Z  560  378
 4  3 Z  560  370
 4  4 Z  560  366
 4  5 Z  560  341
 4  6 Z  560  337
 4  7 Z  560  371
 4  8 Z  560  351
 4  9 Z  560  332
 4 10 Z  560  330
 4 11 Z  560  350
 4 12 Z  560  296
 4 13 Z  560  325
 4 14 Z  560  313
 4 15 Z  560  281
 4 16 Z  560  299
 4 17 Z  560  305
 4 18 Z  560  331
 4 19 Z  560  385
 4 20 Z  560  374
 4 21 Z  560  363
 4 22 Z  560  399
 4 23 Z  560  363
 4 24 Z  560  391
 4 25 Z  560  402
 4 26 Z  560  408
 4 27 Z  560  375
 4 28 Z  560  298
 4 29 Z  560  293
 4 30 Z  560  320
 5  1 X   10  326
 5  2 X   10  356
 5  3 X   10  345
 5  4 X   10  354
 5  5 X   10  365
 5  6 X   10  356
 5  7 X   10  313
 5  8 X   10  355
 5  9 X   10  337
 5 10 X   10  379
 5 11 X   10  334
 5 12 X   10  325
 5 13 X   10  350
 5 14 X   10  373
 5 15 X   10  344
 5 16 X   10  350
 5 17 X   10  318
 5 18 X   10  310
 5 19 X   10  310
 5 20 X   10  299
 5 21 X   10  309
 5 22 X   10  367
 5 23 X   10  233
 5 24 X   10  306
 5 25 X   10  306
 5 26 X   10  341
 5 27 X   10  352
 5 28 X   10  372
 5 29 X   10  363
 5 30 X   10  383
 5 31 X   10  352
 5  1 Y  -40  377
 5  2 Y  -40  364
 5  3 Y  -40  408
 5  4 Y  -40  404
 5  5 Y  -40  371
 5  6 Y  -40  370
 5  7 Y  -40  391
 5  8 Y  -40  419
 5  9 Y  -40  365
 5 10 Y  -40  437
 5 11 Y  -40  413
 5 12 Y  -40  390
 5 13 Y  -40  384
 5 14 Y  -40  348
 5 15 Y  -40  396
 5 16 Y  -40  381
 5 17 Y  -40  377
 5 18 Y  -40  379
 5 19 Y  -40  411
 5 20 Y  -40  413
 5 21 Y  -40  387
 5 22 Y  -40  416
 5 23 Y  -40  440
 5 24 Y  -40  390
 5 25 Y  -40  427
 5 26 Y  -40  391
 5 27 Y  -40  409
 5 28 Y  -40  372
 5 29 Y  -40  383
 5 30 Y  -40  394
 5 31 Y  -40  374
 5  1 Z  560  294
 5  2 Z  560  272
 5  3 Z  560  273
 5  4 Z  560  424
 5  5 Z  560  283
 5  6 Z  560  299
 5  7 Z  560  231
 5  8 Z  560  341
 5  9 Z  560  258
 5 10 Z  560  340
 5 11 Z  560  417
 5 12 Z  560  389
 5 13 Z  560  351
 5 14 Z  560  313
 5 15 Z  560  314
 5 16 Z  560  340
 5 17 Z  560  341
 5 18 Z  560  415
 5 19 Z  560  355
 5 20 Z  560  417
 5 21 Z  560  369
 5 22 Z  560  395
 5 23 Z  560  448
 5 24 Z  560  415
 5 25 Z  560  434
 5 26 Z  560  336
 5 27 Z  560  311
 5 28 Z  560  268
 5 29 Z  560  280
 5 30 Z  560  267
 5 31 Z  560  289
 6  1 X   10  375
 6  2 X   10  341
 6  3 X   10  353
 6  4 X   10  355
 6  5 X   10  363
 6  6 X   10  354
 6  7 X   10  302
 6  8 X   10  331
 6  9 X   10  367
 6 10 X   10  401
 6 11 X   10  290
 6 12 X   10  395
 6 13 X   10  344
 6 14 X   10  352
 6 15 X   10  330
 6 16 X   10  326
 6 17 X   10  331
 6 18 X   10  321
 6 19 X   10  367
 6 20 X   10  312
 6 21 X   10  292
 6 22 X   10  295
 6 23 X   10  346
 6 24 X   10  359
 6 25 X   10  373
 6 26 X   10  357
 6 27 X   10  331
 6 28 X   10  370
 6 29 X   10  353
 6 30 X   10  403
 6  1 Y  -40  372
 6  2 Y  -40  386
 6  3 Y  -40  400
 6  4 Y  -40  375
 6  5 Y  -40  378
 6  6 Y  -40  388
 6  7 Y  -40  381
 6  8 Y  -40  394
 6  9 Y  -40  362
 6 10 Y  -40  353
 6 11 Y  -40  404
 6 12 Y  -40  409
 6 13 Y  -40  406
 6 14 Y  -40  387
 6 15 Y  -40  417
 6 16 Y  -40  374
 6 17 Y  -40  421
 6 18 Y  -40  377
 6 19 Y  -40  377
 6 20 Y  -40  430
 6 21 Y  -40  418
 6 22 Y  -40  369
 6 23 Y  -40  374
 6 24 Y  -40  384
 6 25 Y  -40  366
 6 26 Y  -40  386
 6 27 Y  -40  394
 6 28 Y  -40  409
 6 29 Y  -40  409
 6 30 Y  -40  370
 6  1 Z  560  293
 6  2 Z  560  319
 6  3 Z  560  313
 6  4 Z  560  275
 6  5 Z  560  283
 6  6 Z  560  303
 6  7 Z  560  286
 6  8 Z  560  309
 6  9 Z  560  266
 6 10 Z  560  312
 6 11 Z  560  398
 6 12 Z  560  268
 6 13 Z  560  293
 6 14 Z  560  301
 6 15 Z  560  362
 6 16 Z  560  380
 6 17 Z  560  355
 6 18 Z  560  278
 6 19 Z  560  295
 6 20 Z  560  413
 6 21 Z  560  433
 6 22 Z  560  360
 6 23 Z  560  308
 6 24 Z  560  230
 6 25 Z  560  247
 6 26 Z  560  276
 6 27 Z  560  308
 6 28 Z  560  385
 6 29 Z  560  291
 6 30 Z  560  272
 7  1 X   10  329
 7  2 X   10  318
 7  3 X   10  337
 7  4 X   10  311
 7  5 X   10  359
 7  6 X   10  355
 7  7 X   10  328
 7  8 X   10  332
 7  9 X   10  332
 7 10 X   10  311
 7 11 X   10  338
 7 12 X   10  400
 7 13 X   10  387
 7 14 X   10  365
 7 15 X   10  360
 7 16 X   10  340
 7 17 X   10  349
 7 18 X   10  289
 7 19 X   10  299
 7 20 X   10  341
 7 21 X   10  324
 7 22 X   10  377
 7 23 X   10  347
 7 24 X   10  357
 7 25 X   10  343
 7 26 X   10  327
 7 27 X   10  325
 7 28 X   10  337
 7 29 X   10  323
 7 30 X   10  319
 7 31 X   10  311
 7  1 Y  -40  438
 7  2 Y  -40  417
 7  3 Y  -40  397
 7  4 Y  -40  403
 7  5 Y  -40  357
 7  6 Y  -40  390
 7  7 Y  -40  393
 7  8 Y  -40  399
 7  9 Y  -40  409
 7 10 Y  -40  403
 7 11 Y  -40  381
 7 12 Y  -40  404
 7 13 Y  -40  391
 7 14 Y  -40  416
 7 15 Y  -40  361
 7 16 Y  -40  419
 7 17 Y  -40  392
 7 18 Y  -40  417
 7 19 Y  -40  392
 7 20 Y  -40  399
 7 21 Y  -40  401
 7 22 Y  -40  366
 7 23 Y  -40  388
 7 24 Y  -40  398
 7 25 Y  -40  392
 7 26 Y  -40  393
 7 27 Y  -40  392
 7 28 Y  -40  393
 7 29 Y  -40  404
 7 30 Y  -40  396
 7 31 Y  -40  398
 7  1 Z  560  378
 7  2 Z  560  424
 7  3 Z  560  365
 7  4 Z  560  399
 7  5 Z  560  288
 7  6 Z  560  302
 7  7 Z  560  330
 7  8 Z  560  349
 7  9 Z  560  332
 7 10 Z  560  374
 7 11 Z  560  359
 7 12 Z  560  209
 7 13 Z  560  214
 7 14 Z  560  289
 7 15 Z  560  262
 7 16 Z  560  305
 7 17 Z  560  311
 7 18 Z  560  390
 7 19 Z  560  363
 7 20 Z  560  243
 7 21 Z  560  313
 7 22 Z  560  271
 7 23 Z  560  284
 7 24 Z  560  278
 7 25 Z  560  274
 7 26 Z  560  335
 7 27 Z  560  317
 7 28 Z  560  354
 7 29 Z  560  347
 7 30 Z  560  369
 7 31 Z  560  383
 8  1 X   10  320
 8  2 X   10  305
 8  3 X   10  331
 8  4 X   10  307
 8  5 X   10  409
 8  6 X   10  360
 8  7 X   10  360
 8  8 X   10  364
 8  9 X   10  348
 8 10 X   10  360
 8 11 X   10  350
 8 12 X   10  401
 8 13 X   10  358
 8 14 X   10  368
 8 15 X   10  316
 8 16 X   10  343
 8 17 X   10  309
 8 18 X   10  329
 8 19 X   10  332
 8 20 X   10  360
 8 21 X   10  314
 8 22 X   10  284
 8 23 X   10  310
 8 24 X   10  329
 8 25 X   10  332
 8 26 X   10  369
 8 27 X   10  333
 8 28 X   10  320
 8 29 X   10  362
 8 30 X   10  337
 8 31 X   10  331
 8  1 Y  -40  400
 8  2 Y  -40  413
 8  3 Y  -40  397
 8  4 Y  -40  419
 8  5 Y  -40  385
 8  6 Y  -40  428
 8  7 Y  -40  417
 8  8 Y  -40  398
 8  9 Y  -40  399
 8 10 Y  -40  390
 8 11 Y  -40  391
 8 12 Y  -40  380
 8 13 Y  -40  397
 8 14 Y  -40  411
 8 15 Y  -40  399
 8 16 Y  -40  407
 8 17 Y  -40  411
 8 18 Y  -40  384
 8 19 Y  -40  385
 8 20 Y  -40  392
 8 21 Y  -40  435
 8 22 Y  -40  419
 8 23 Y  -40  361
 8 24 Y  -40  410
 8 25 Y  -40  394
 8 26 Y  -40  391
 8 27 Y  -40  404
 8 28 Y  -40  375
 8 29 Y  -40  383
 8 30 Y  -40  400
 8 31 Y  -40  388
 8  1 Z  560  395
 8  2 Z  560  385
 8  3 Z  560  316
 8  4 Z  560  382
 8  5 Z  560  261
 8  6 Z  560  230
 8  7 Z  560  270
 8  8 Z  560  268
 8  9 Z  560  266
 8 10 Z  560  255
 8 11 Z  560  300
 8 12 Z  560  264
 8 13 Z  560  301
 8 14 Z  560  279
 8 15 Z  560  370
 8 16 Z  560  408
 8 17 Z  560  398
 8 18 Z  560  326
 8 19 Z  560  319
 8 20 Z  560  442
 8 21 Z  560  380
 8 22 Z  560  368
 8 23 Z  560  365
 8 24 Z  560  394
 8 25 Z  560  358
 8 26 Z  560  297
 8 27 Z  560  302
 8 28 Z  560  331
 8 29 Z  560  338
 8 30 Z  560  337
 8 31 Z  560  340
 9  1 X   10  339
 9  2 X   10  298
 9  3 X   10  337
 9  4 X   10  344
 9  5 X   10  348
 9  6 X   10  325
 9  7 X   10  342
 9  8 X   10  364
 9  9 X   10  351
 9 10 X   10  343
 9 11 X   10  343
 9 12 X   10  315
 9 13 X   10  323
 9 14 X   10  338
 9 15 X   10  341
 9 16 X   10  330
 9 17 X   10  329
 9 18 X   10  335
 9 19 X   10  325
 9 20 X   10  322
 9 21 X   10  307
 9 22 X   10  325
 9 23 X   10  336
 9 24 X   10  323
 9 25 X   10  328
 9 26 X   10  329
 9 27 X   10  333
 9 28 X   10  301
 9 29 X   10  361
 9 30 X   10  311
 9  1 Y  -40  394
 9  2 Y  -40  375
 9  3 Y  -40  428
 9  4 Y  -40  384
 9  5 Y  -40  393
 9  6 Y  -40  388
 9  7 Y  -40  400
 9  8 Y  -40  411
 9  9 Y  -40  404
 9 10 Y  -40  429
 9 11 Y  -40  411
 9 12 Y  -40  390
 9 13 Y  -40  387
 9 14 Y  -40  392
 9 15 Y  -40  392
 9 16 Y  -40  389
 9 17 Y  -40  431
 9 18 Y  -40  404
 9 19 Y  -40  398
 9 20 Y  -40  401
 9 21 Y  -40  397
 9 22 Y  -40  380
 9 23 Y  -40  398
 9 24 Y  -40  391
 9 25 Y  -40  409
 9 26 Y  -40  395
 9 27 Y  -40  398
 9 28 Y  -40  384
 9 29 Y  -40  425
 9 30 Y  -40  394
 9  1 Z  560  366
 9  2 Z  560  282
 9  3 Z  560  331
 9  4 Z  560  343
 9  5 Z  560  338
 9  6 Z  560  302
 9  7 Z  560  309
 9  8 Z  560  316
 9  9 Z  560  351
 9 10 Z  560  397
 9 11 Z  560  434
 9 12 Z  560  400
 9 13 Z  560  401
 9 14 Z  560  366
 9 15 Z  560  343
 9 16 Z  560  334
 9 17 Z  560  369
 9 18 Z  560  396
 9 19 Z  560  386
 9 20 Z  560  394
 9 21 Z  560  396
 9 22 Z  560  396
 9 23 Z  560  389
 9 24 Z  560  386
 9 25 Z  560  392
 9 26 Z  560  365
 9 27 Z  560  361
 9 28 Z  560  341
 9 29 Z  560  399
 9 30 Z  560  378
10  1 X   10  336
10  2 X   10  343
10  3 X   10  342
10  4 X   10  337
10  5 X   10  325
10  6 X   10  327
10  7 X   10  343
10  8 X   10  327
10  9 X   10  297
10 10 X   10  329
10 11 X   10  310
10 12 X   10  354
10 13 X   10  306
10 14 X   10  332
10 15 X   10  326
10 16 X   10  337
10 17 X   10  321
10 18 X   10  313
10 19 X   10  315
10 20 X   10  328
10 21 X   10  324
10 22 X   10  330
10 23 X   10  337
10 24 X   10  333
10 25 X   10  328
10 26 X   10  317
10 27 X   10  327
10 28 X   10  325
10 29 X   10  321
10 30 X   10  316
10 31 X   10  355
10  1 Y  -40  408
10  2 Y  -40  393
10  3 Y  -40  398
10  4 Y  -40  375
10  5 Y  -40  389
10  6 Y  -40  390
10  7 Y  -40  403
10  8 Y  -40  393
10  9 Y  -40  414
10 10 Y  -40  391
10 11 Y  -40  410
10 12 Y  -40  428
10 13 Y  -40  388
10 14 Y  -40  385
10 15 Y  -40  388
10 16 Y  -40  390
10 17 Y  -40  403
10 18 Y  -40  398
10 19 Y  -40  397
10 20 Y  -40  383
10 21 Y  -40  381
10 22 Y  -40  395
10 23 Y  -40  391
10 24 Y  -40  394
10 25 Y  -40  387
10 26 Y  -40  372
10 27 Y  -40  412
10 28 Y  -40  399
10 29 Y  -40  415
10 30 Y  -40  405
10 31 Y  -40  403
10  1 Z  560  378
10  2 Z  560  360
10  3 Z  560  355
10  4 Z  560  379
10  5 Z  560  363
10  6 Z  560  357
10  7 Z  560  378
10  8 Z  560  389
10  9 Z  560  359
10 10 Z  560  364
10 11 Z  560  373
10 12 Z  560  399
10 13 Z  560  388
10 14 Z  560  399
10 15 Z  560  414
10 16 Z  560  412
10 17 Z  560  383
10 18 Z  560  373
10 19 Z  560  379
10 20 Z  560  390
10 21 Z  560  372
10 22 Z  560  379
10 23 Z  560  368
10 24 Z  560  372
10 25 Z  560  363
10 26 Z  560  358
10 27 Z  560  379
10 28 Z  560  379
10 29 Z  560  388
10 30 Z  560  376
10 31 Z  560  347
11  1 X   10  325
11  2 X   10  353
11  3 X   10  349
11  4 X   10  335
11  5 X   10  318
11  6 X   10  327
11  7 X   10  320
11  8 X   10  321
11  9 X   10  335
11 10 X   10  327
11 11 X   10  336
11 12 X   10  324
11 13 X   10  324
11 14 X   10  329
11 15 X   10  309
11 16 X   10  329
11 17 X   10  337
11 18 X   10  326
11 19 X   10  338
11 20 X   10  330
11 21 X   10  343
11 22 X   10  304
11 23 X   10  336
11 24 X   10  322
11 25 X   10  332
11 26 X   10  341
11 27 X   10  336
11 28 X   10  330
11 29 X   10  328
11 30 X   10  308
11  1 Y  -40  353
11  2 Y  -40  382
11  3 Y  -40  382
11  4 Y  -40  402
11  5 Y  -40  401
11  6 Y  -40  407
11  7 Y  -40  398
11  8 Y  -40  390
11  9 Y  -40  414
11 10 Y  -40  398
11 11 Y  -40  402
11 12 Y  -40  396
11 13 Y  -40  407
11 14 Y  -40  404
11 15 Y  -40  404
11 16 Y  -40  388
11 17 Y  -40  395
11 18 Y  -40  397
11 19 Y  -40  403
11 20 Y  -40  392
11 21 Y  -40  385
11 22 Y  -40  393
11 23 Y  -40  395
11 24 Y  -40  411
11 25 Y  -40  402
11 26 Y  -40  396
11 27 Y  -40  391
11 28 Y  -40  398
11 29 Y  -40  399
11 30 Y  -40  403
11  1 Z  560  338
11  2 Z  560  381
11  3 Z  560  374
11  4 Z  560  379
11  5 Z  560  395
11  6 Z  560  389
11  7 Z  560  376
11  8 Z  560  379
11  9 Z  560  398
11 10 Z  560  390
11 11 Z  560  396
11 12 Z  560  388
11 13 Z  560  389
11 14 Z  560  383
11 15 Z  560  384
11 16 Z  560  385
11 17 Z  560  381
11 18 Z  560  375
11 19 Z  560  374
11 20 Z  560  370
11 21 Z  560  376
11 22 Z  560  364
11 23 Z  560  397
11 24 Z  560  378
11 25 Z  560  379
11 26 Z  560  381
11 27 Z  560  373
11 28 Z  560  376
11 29 Z  560  360
11 30 Z  560  371
12  1 X   10  333
12  2 X   10  336
12  3 X   10  325
12  4 X   10  335
12  5 X   10  346
12  6 X   10  327
12  7 X   10  328
12  8 X   10  321
12  9 X   10  329
12 10 X   10  318
12 11 X   10  334
12 12 X   10  331
12 13 X   10  337
12 14 X   10  321
12 15 X   10  328
12 16 X   10  344
12 17 X   10  310
12 18 X   10  322
12 19 X   10  330
12 20 X   10  330
12 21 X   10  322
12 22 X   10  335
12 23 X   10  340
12 24 X   10  336
12 25 X   10  332
12 26 X   10  340
12 27 X   10  336
12 28 X   10  291
12 29 X   10  343
12 30 X   10  347
12 31 X   10  336
12  1 Y  -40  399
12  2 Y  -40  389
12  3 Y  -40  400
12  4 Y  -40  400
12  5 Y  -40  398
12  6 Y  -40  399
12  7 Y  -40  399
12  8 Y  -40  395
12  9 Y  -40  409
12 10 Y  -40  405
12 11 Y  -40  392
12 12 Y  -40  397
12 13 Y  -40  391
12 14 Y  -40  395
12 15 Y  -40  394
12 16 Y  -40  394
12 17 Y  -40  417
12 18 Y  -40  396
12 19 Y  -40  398
12 20 Y  -40  410
12 21 Y  -40  406
12 22 Y  -40  406
12 23 Y  -40  407
12 24 Y  -40  406
12 25 Y  -40  395
12 26 Y  -40  397
12 27 Y  -40  391
12 28 Y  -40  407
12 29 Y  -40  406
12 30 Y  -40  402
12 31 Y  -40  409
12  1 Z  560  386
12  2 Z  560  377
12  3 Z  560  378
12  4 Z  560  378
12  5 Z  560  376
12  6 Z  560  368
12  7 Z  560  372
12  8 Z  560  383
12  9 Z  560  383
12 10 Z  560  384
12 11 Z  560  372
12 12 Z  560  370
12 13 Z  560  375
12 14 Z  560  375
12 15 Z  560  370
12 16 Z  560  370
12 17 Z  560  377
12 18 Z  560  378
12 19 Z  560  370
12 20 Z  560  374
12 21 Z  560  370
12 22 Z  560  371
12 23 Z  560  369
12 24 Z  560  373
12 25 Z  560  364
12 26 Z  560  360
12 27 Z  560  356
12 28 Z  560  376
12 29 Z  560  413
12 30 Z  560  386
12 31 Z  560  377
