 1  1 X    0  832
 1  2 X    0  831
 1  3 X    0  829
 1  4 X    0  817
 1  5 X    0  808
 1  6 X    0  830
 1  7 X    0  825
 1  8 X    0  826
 1  9 X    0  820
 1 10 X    0  833
 1 11 X    0  823
 1 12 X    0  831
 1 13 X    0  820
 1 14 X    0  832
 1 15 X    0  823
 1 16 X    0  830
 1 17 X    0  832
 1 18 X    0  833
 1 19 X    0  815
 1 20 X    0  805
 1 21 X    0  852
 1 22 X    0  829
 1 23 X    0  830
 1 24 X    0  813
 1 25 X    0  832
 1 26 X    0  823
 1 27 X    0  805
 1 28 X    0  820
 1 29 X    0  813
 1 30 X    0  829
 1 31 X    0  820
 1  1 Y  -50 1152
 1  2 Y  -50 1153
 1  3 Y  -50 1154
 1  4 Y  -50 1160
 1  5 Y  -50 1158
 1  6 Y  -50 1149
 1  7 Y  -50 1163
 1  8 Y  -50 1172
 1  9 Y  -50 1149
 1 10 Y  -50 1161
 1 11 Y  -50 1160
 1 12 Y  -50 1171
 1 13 Y  -50 1168
 1 14 Y  -50 1149
 1 15 Y  -50 1153
 1 16 Y  -50 1148
 1 17 Y  -50 1156
 1 18 Y  -50 1152
 1 19 Y  -50 1153
 1 20 Y  -50 1127
 1 21 Y  -50 1149
 1 22 Y  -50 1156
 1 23 Y  -50 1165
 1 24 Y  -50 1158
 1 25 Y  -50 1170
 1 26 Y  -50 1149
 1 27 Y  -50 1159
 1 28 Y  -50 1157
 1 29 Y  -50 1148
 1 30 Y  -50 1156
 1 31 Y  -50 1148
 1  1 Z  550 1551
 1  2 Z  550 1542
 1  3 Z  550 1538
 1  4 Z  550 1536
 1  5 Z  550 1546
 1  6 Z  550 1560
 1  7 Z  550 1548
 1  8 Z  550 1554
 1  9 Z  550 1553
 1 10 Z  550 1567
 1 11 Z  550 1570
 1 12 Z  550 1580
 1 13 Z  550 1560
 1 14 Z  550 1549
 1 15 Z  550 1547
 1 16 Z  550 1546
 1 17 Z  550 1543
 1 18 Z  550 1539
 1 19 Z  550 1543
 1 20 Z  550 1570
 1 21 Z  550 1584
 1 22 Z  550 1552
 1 23 Z  550 1563
 1 24 Z  550 1562
 1 25 Z  550 1568
 1 26 Z  550 1575
 1 27 Z  550 1578
 1 28 Z  550 1587
 1 29 Z  550 1584
 1 30 Z  550 1570
 1 31 Z  550 1560
 2  1 X    0  827
 2  2 X    0  816
 2  3 X    0  830
 2  4 X    0  830
 2  5 X    0  835
 2  6 X    0  828
 2  7 X    0  830
 2  8 X    0  820
 2  9 X    0  830
 2 10 X    0  821
 2 11 X    0  833
 2 12 X    0  832
 2 13 X    0  837
 2 14 X    0  835
 2 15 X    0  832
 2 16 X    0  813
 2 17 X    0  830
 2 18 X    0  819
 2 19 X    0  827
 2 20 X    0  812
 2 21 X    0  789
 2 22 X    0  803
 2 23 X    0  814
 2 24 X    0  822
 2 25 X    0  830
 2 26 X    0  823
 2 27 X    0  823
 2 28 X    0  839
 2  1 Y  -50 1163
 2  2 Y  -50 1160
 2  3 Y  -50 1162
 2  4 Y  -50 1146
 2  5 Y  -50 1146
 2  6 Y  -50 1166
 2  7 Y  -50 1158
 2  8 Y  -50 1163
 2  9 Y  -50 1165
 2 10 Y  -50 1148
 2 11 Y  -50 1153
 2 12 Y  -50 1155
 2 13 Y  -50 1153
 2 14 Y  -50 1147
 2 15 Y  -50 1152
 2 16 Y  -50 1144
 2 17 Y  -50 1163
 2 18 Y  -50 1161
 2 19 Y  -50 1158
 2 20 Y  -50 1164
 2 21 Y  -50 1139
 2 22 Y  -50 1169
 2 23 Y  -50 1159
 2 24 Y  -50 1179
 2 25 Y  -50 1166
 2 26 Y  -50 1145
 2 27 Y  -50 1170
 2 28 Y  -50 1155
 2  1 Z  550 1570
 2  2 Z  550 1560
 2  3 Z  550 1569
 2  4 Z  550 1555
 2  5 Z  550 1547
 2  6 Z  550 1549
 2  7 Z  550 1548
 2  8 Z  550 1560
 2  9 Z  550 1566
 2 10 Z  550 1551
 2 11 Z  550 1547
 2 12 Z  550 1551
 2 13 Z  550 1548
 2 14 Z  550 1543
 2 15 Z  550 1542
 2 16 Z  550 1534
 2 17 Z  550 1556
 2 18 Z  550 1552
 2 19 Z  550 1558
 2 20 Z  550 1551
 2 21 Z  550 1555
 2 22 Z  550 1595
 2 23 Z  550 1603
 2 24 Z  550 1602
 2 25 Z  550 1596
 2 26 Z  550 1608
 2 27 Z  550 1601
 2 28 Z  550 1585
 3  1 X    0  827
 3  2 X    0  821
 3  3 X    0  845
 3  4 X    0  834
 3  5 X    0  818
 3  6 X    0  838
 3  7 X    0  834
 3  8 X    0  828
 3  9 X    0  845
 3 10 X    0  829
 3 11 X    0  832
 3 12 X    0  828
 3 13 X    0  841
 3 14 X    0  839
 3 15 X    0  834
 3 16 X    0  835
 3 17 X    0  824
 3 18 X    0  822
 3 19 X    0  811
 3 20 X    0  820
 3 21 X    0  822
 3 22 X    0  835
 3 23 X    0  835
 3 24 X    0  824
 3 25 X    0  836
 3 26 X    0  821
 3 27 X    0  838
 3 28 X    0  828
 3 29 X    0  836
 3 30 X    0  842
 3 31 X    0  813
 3  1 Y  -50 1167
 3  2 Y  -50 1169
 3  3 Y  -50 1154
 3  4 Y  -50 1146
 3  5 Y  -50 1186
 3  6 Y  -50 1164
 3  7 Y  -50 1155
 3  8 Y  -50 1149
 3  9 Y  -50 1153
 3 10 Y  -50 1148
 3 11 Y  -50 1156
 3 12 Y  -50 1162
 3 13 Y  -50 1163
 3 14 Y  -50 1152
 3 15 Y  -50 1153
 3 16 Y  -50 1164
 3 17 Y  -50 1150
 3 18 Y  -50 1170
 3 19 Y  -50 1181
 3 20 Y  -50 1165
 3 21 Y  -50 1186
 3 22 Y  -50 1160
 3 23 Y  -50 1170
 3 24 Y  -50 1175
 3 25 Y  -50 1161
 3 26 Y  -50 1137
 3 27 Y  -50 1170
 3 28 Y  -50 1168
 3 29 Y  -50 1161
 3 30 Y  -50 1159
 3 31 Y  -50 1161
 3  1 Z  550 1580
 3  2 Z  550 1594
 3  3 Z  550 1573
 3  4 Z  550 1563
 3  5 Z  550 1579
 3  6 Z  550 1552
 3  7 Z  550 1545
 3  8 Z  550 1544
 3  9 Z  550 1550
 3 10 Z  550 1545
 3 11 Z  550 1537
 3 12 Z  550 1545
 3 13 Z  550 1552
 3 14 Z  550 1542
 3 15 Z  550 1538
 3 16 Z  550 1552
 3 17 Z  550 1533
 3 18 Z  550 1538
 3 19 Z  550 1584
 3 20 Z  550 1608
 3 21 Z  550 1605
 3 22 Z  550 1607
 3 23 Z  550 1617
 3 24 Z  550 1611
 3 25 Z  550 1621
 3 26 Z  550 1587
 3 27 Z  550 1587
 3 28 Z  550 1588
 3 29 Z  550 1594
 3 30 Z  550 1575
 3 31 Z  550 1574
 4  1 X    0  797
 4  2 X    0  856
 4  3 X    0  854
 4  4 X    0  844
 4  5 X    0  838
 4  6 X    0  837
 4  7 X    0  845
 4  8 X    0  838
 4  9 X    0  840
 4 10 X    0  838
 4 11 X    0  854
 4 12 X    0  816
 4 13 X    0  863
 4 14 X    0  869
 4 15 X    0  831
 4 16 X    0  823
 4 17 X    0  823
 4 18 X    0  836
 4 19 X    0  827
 4 20 X    0  823
 4 21 X    0  856
 4 22 X    0  859
 4 23 X    0  869
 4 24 X    0  851
 4 25 X    0  843
 4 26 X    0  851
 4 27 X    0  855
 4 28 X    0  828
 4 29 X    0  847
 4 30 X    0  854
 4  1 Y  -50 1170
 4  2 Y  -50 1185
 4  3 Y  -50 1150
 4  4 Y  -50 1157
 4  5 Y  -50 1143
 4  6 Y  -50 1143
 4  7 Y  -50 1143
 4  8 Y  -50 1153
 4  9 Y  -50 1142
 4 10 Y  -50 1146
 4 11 Y  -50 1227
 4 12 Y  -50 1146
 4 13 Y  -50 1164
 4 14 Y  -50 1170
 4 15 Y  -50 1148
 4 16 Y  -50 1177
 4 17 Y  -50 1152
 4 18 Y  -50 1154
 4 19 Y  -50 1148
 4 20 Y  -50 1159
 4 21 Y  -50 1165
 4 22 Y  -50 1174
 4 23 Y  -50 1166
 4 24 Y  -50 1167
 4 25 Y  -50 1126
 4 26 Y  -50 1172
 4 27 Y  -50 1170
 4 28 Y  -50 1132
 4 29 Y  -50 1163
 4 30 Y  -50 1172
 4  1 Z  550 1614
 4  2 Z  550 1582
 4  3 Z  550 1559
 4  4 Z  550 1557
 4  5 Z  550 1547
 4  6 Z  550 1548
 4  7 Z  550 1557
 4  8 Z  550 1531
 4  9 Z  550 1537
 4 10 Z  550 1546
 4 11 Z  550 1608
 4 12 Z  550 1514
 4 13 Z  550 1554
 4 14 Z  550 1595
 4 15 Z  550 1600
 4 16 Z  550 1598
 4 17 Z  550 1603
 4 18 Z  550 1592
 4 19 Z  550 1597
 4 20 Z  550 1606
 4 21 Z  550 1628
 4 22 Z  550 1591
 4 23 Z  550 1602
 4 24 Z  550 1583
 4 25 Z  550 1480
 4 26 Z  550 1562
 4 27 Z  550 1587
 4 28 Z  550 1559
 4 29 Z  550 1552
 4 30 Z  550 1527
 5  1 X    0  829
 5  2 X    0  858
 5  3 X    0  844
 5  4 X    0  840
 5  5 X    0  835
 5  6 X    0  826
 5  7 X    0  870
 5  8 X    0  837
 5  9 X    0  874
 5 10 X    0  851
 5 11 X    0  842
 5 12 X    0  836
 5 13 X    0  836
 5 14 X    0  849
 5 15 X    0  832
 5 16 X    0  874
 5 17 X    0  852
 5 18 X    0  853
 5 19 X    0  854
 5 20 X    0  831
 5 21 X    0  866
 5 22 X    0  843
 5 23 X    0  877
 5 24 X    0  862
 5 25 X    0  826
 5 26 X    0  850
 5 27 X    0  848
 5 28 X    0  881
 5 29 X    0  867
 5 30 X    0  865
 5 31 X    0  855
 5  1 Y  -50 1160
 5  2 Y  -50 1135
 5  3 Y  -50 1170
 5  4 Y  -50 1158
 5  5 Y  -50 1160
 5  6 Y  -50 1149
 5  7 Y  -50 1146
 5  8 Y  -50 1175
 5  9 Y  -50 1162
 5 10 Y  -50 1160
 5 11 Y  -50 1143
 5 12 Y  -50 1165
 5 13 Y  -50 1136
 5 14 Y  -50 1164
 5 15 Y  -50 1175
 5 16 Y  -50 1135
 5 17 Y  -50 1186
 5 18 Y  -50 1160
 5 19 Y  -50 1178
 5 20 Y  -50 1159
 5 21 Y  -50 1139
 5 22 Y  -50 1114
 5 23 Y  -50 1163
 5 24 Y  -50 1155
 5 25 Y  -50 1172
 5 26 Y  -50 1150
 5 27 Y  -50 1157
 5 28 Y  -50 1158
 5 29 Y  -50 1153
 5 30 Y  -50 1140
 5 31 Y  -50 1166
 5  1 Z  550 1566
 5  2 Z  550 1488
 5  3 Z  550 1536
 5  4 Z  550 1561
 5  5 Z  550 1546
 5  6 Z  550 1543
 5  7 Z  550 1460
 5  8 Z  550 1571
 5  9 Z  550 1536
 5 10 Z  550 1522
 5 11 Z  550 1505
 5 12 Z  550 1564
 5 13 Z  550 1511
 5 14 Z  550 1617
 5 15 Z  550 1568
 5 16 Z  550 1615
 5 17 Z  550 1598
 5 18 Z  550 1581
 5 19 Z  550 1582
 5 20 Z  550 1570
 5 21 Z  550 1667
 5 22 Z  550 1620
 5 23 Z  550 1582
 5 24 Z  550 1556
 5 25 Z  550 1589
 5 26 Z  550 1584
 5 27 Z  550 1553
 5 28 Z  550 1435
 5 29 Z  550 1459
 5 30 Z  550 1455
 5 31 Z  550 1488
 6  1 X    0  868
 6  2 X    0  878
 6  3 X    0  878
 6  4 X    0  846
 6  5 X    0  876
 6  6 X    0  869
 6  7 X    0  855
 6  8 X    0  873
 6  9 X    0  864
 6 10 X    0  804
 6 11 X    0  848
 6 12 X    0  840
 6 13 X    0  849
 6 14 X    0  842
 6 15 X    0  832
 6 16 X    0  839
 6 17 X    0  848
 6 18 X    0  822
 6 19 X    0  836
 6 20 X    0  862
 6 21 X    0  854
 6 22 X    0  832
 6 23 X    0  850
 6 24 X    0  857
 6 25 X    0  845
 6 26 X    0  855
 6 27 X    0  868
 6 28 X    0  861
 6 29 X    0  890
 6 30 X    0  890
 6  1 Y  -50 1130
 6  2 Y  -50 1183
 6  3 Y  -50 1147
 6  4 Y  -50 1169
 6  5 Y  -50 1168
 6  6 Y  -50 1169
 6  7 Y  -50 1142
 6  8 Y  -50 1139
 6  9 Y  -50 1126
 6 10 Y  -50 1151
 6 11 Y  -50 1183
 6 12 Y  -50 1170
 6 13 Y  -50 1160
 6 14 Y  -50 1162
 6 15 Y  -50 1154
 6 16 Y  -50 1168
 6 17 Y  -50 1162
 6 18 Y  -50 1174
 6 19 Y  -50 1146
 6 20 Y  -50 1169
 6 21 Y  -50 1166
 6 22 Y  -50 1162
 6 23 Y  -50 1153
 6 24 Y  -50 1200
 6 25 Y  -50 1156
 6 26 Y  -50 1146
 6 27 Y  -50 1150
 6 28 Y  -50 1140
 6 29 Y  -50 1165
 6 30 Y  -50 1164
 6  1 Z  550 1493
 6  2 Z  550 1427
 6  3 Z  550 1413
 6  4 Z  550 1494
 6  5 Z  550 1488
 6  6 Z  550 1522
 6  7 Z  550 1470
 6  8 Z  550 1490
 6  9 Z  550 1425
 6 10 Z  550 1560
 6 11 Z  550 1577
 6 12 Z  550 1603
 6 13 Z  550 1575
 6 14 Z  550 1558
 6 15 Z  550 1577
 6 16 Z  550 1552
 6 17 Z  550 1535
 6 18 Z  550 1602
 6 19 Z  550 1581
 6 20 Z  550 1582
 6 21 Z  550 1568
 6 22 Z  550 1575
 6 23 Z  550 1524
 6 24 Z  550 1495
 6 25 Z  550 1496
 6 26 Z  550 1501
 6 27 Z  550 1483
 6 28 Z  550 1591
 6 29 Z  550 1442
 6 30 Z  550 1416
 7  1 X    0  854
 7  2 X    0  873
 7  3 X    0  875
 7  4 X    0  849
 7  5 X    0  850
 7  6 X    0  852
 7  7 X    0  847
 7  8 X    0  864
 7  9 X    0  851
 7 10 X    0  842
 7 11 X    0  825
 7 12 X    0  833
 7 13 X    0  848
 7 14 X    0  836
 7 15 X    0  833
 7 16 X    0  854
 7 17 X    0  845
 7 18 X    0  841
 7 19 X    0  854
 7 20 X    0  852
 7 21 X    0  854
 7 22 X    0  845
 7 23 X    0  843
 7 24 X    0  849
 7 25 X    0  857
 7 26 X    0  845
 7 27 X    0  868
 7 28 X    0  856
 7 29 X    0  864
 7 30 X    0  861
 7 31 X    0  897
 7  1 Y  -50 1154
 7  2 Y  -50 1161
 7  3 Y  -50 1164
 7  4 Y  -50 1159
 7  5 Y  -50 1162
 7  6 Y  -50 1145
 7  7 Y  -50 1146
 7  8 Y  -50 1196
 7  9 Y  -50 1178
 7 10 Y  -50 1150
 7 11 Y  -50 1146
 7 12 Y  -50 1158
 7 13 Y  -50 1180
 7 14 Y  -50 1154
 7 15 Y  -50 1174
 7 16 Y  -50 1163
 7 17 Y  -50 1153
 7 18 Y  -50 1156
 7 19 Y  -50 1151
 7 20 Y  -50 1163
 7 21 Y  -50 1162
 7 22 Y  -50 1148
 7 23 Y  -50 1167
 7 24 Y  -50 1169
 7 25 Y  -50 1162
 7 26 Y  -50 1175
 7 27 Y  -50 1173
 7 28 Y  -50 1166
 7 29 Y  -50 1156
 7 30 Y  -50 1176
 7 31 Y  -50 1173
 7  1 Z  550 1520
 7  2 Z  550 1494
 7  3 Z  550 1477
 7  4 Z  550 1537
 7  5 Z  550 1540
 7  6 Z  550 1483
 7  7 Z  550 1480
 7  8 Z  550 1546
 7  9 Z  550 1612
 7 10 Z  550 1563
 7 11 Z  550 1555
 7 12 Z  550 1569
 7 13 Z  550 1577
 7 14 Z  550 1568
 7 15 Z  550 1592
 7 16 Z  550 1584
 7 17 Z  550 1513
 7 18 Z  550 1567
 7 19 Z  550 1542
 7 20 Z  550 1498
 7 21 Z  550 1548
 7 22 Z  550 1510
 7 23 Z  550 1562
 7 24 Z  550 1579
 7 25 Z  550 1580
 7 26 Z  550 1464
 7 27 Z  550 1511
 7 28 Z  550 1491
 7 29 Z  550 1522
 7 30 Z  550 1499
 7 31 Z  550 1478
 8  1 X    0  871
 8  2 X    0  861
 8  3 X    0  817
 8  4 X    0  833
 8  5 X    0  849
 8  6 X    0  893
 8  7 X    0  838
 8  8 X    0  866
 8  9 X    0  864
 8 10 X    0  864
 8 11 X    0  842
 8 12 X    0  836
 8 13 X    0  826
 8 14 X    0  842
 8 15 X    0  847
 8 16 X    0  840
 8 17 X    0  837
 8 18 X    0  858
 8 19 X    0  848
 8 20 X    0  849
 8 21 X    0  846
 8 22 X    0  817
 8 23 X    0  827
 8 24 X    0  870
 8 25 X    0  855
 8 26 X    0  844
 8 27 X    0  860
 8 28 X    0  849
 8 29 X    0  862
 8 30 X    0  864
 8 31 X    0  864
 8  1 Y  -50 1167
 8  2 Y  -50 1163
 8  3 Y  -50 1171
 8  4 Y  -50 1152
 8  5 Y  -50 1154
 8  6 Y  -50 1163
 8  7 Y  -50 1168
 8  8 Y  -50 1149
 8  9 Y  -50 1145
 8 10 Y  -50 1152
 8 11 Y  -50 1167
 8 12 Y  -50 1156
 8 13 Y  -50 1164
 8 14 Y  -50 1174
 8 15 Y  -50 1173
 8 16 Y  -50 1160
 8 17 Y  -50 1169
 8 18 Y  -50 1161
 8 19 Y  -50 1154
 8 20 Y  -50 1182
 8 21 Y  -50 1170
 8 22 Y  -50 1156
 8 23 Y  -50 1160
 8 24 Y  -50 1189
 8 25 Y  -50 1153
 8 26 Y  -50 1160
 8 27 Y  -50 1166
 8 28 Y  -50 1176
 8 29 Y  -50 1157
 8 30 Y  -50 1159
 8 31 Y  -50 1168
 8  1 Z  550 1505
 8  2 Z  550 1557
 8  3 Z  550 1613
 8  4 Z  550 1569
 8  5 Z  550 1560
 8  6 Z  550 1498
 8  7 Z  550 1459
 8  8 Z  550 1533
 8  9 Z  550 1497
 8 10 Z  550 1545
 8 11 Z  550 1537
 8 12 Z  550 1562
 8 13 Z  550 1576
 8 14 Z  550 1546
 8 15 Z  550 1585
 8 16 Z  550 1563
 8 17 Z  550 1571
 8 18 Z  550 1525
 8 19 Z  550 1510
 8 20 Z  550 1572
 8 21 Z  550 1575
 8 22 Z  550 1528
 8 23 Z  550 1503
 8 24 Z  550 1541
 8 25 Z  550 1552
 8 26 Z  550 1538
 8 27 Z  550 1556
 8 28 Z  550 1549
 8 29 Z  550 1576
 8 30 Z  550 1559
 8 31 Z  550 1539
 9  1 X    0  855
 9  2 X    0  829
 9  3 X    0  825
 9  4 X    0  853
 9  5 X    0  852
 9  6 X    0  872
 9  7 X    0  855
 9  8 X    0  856
 9  9 X    0  825
 9 10 X    0  830
 9 11 X    0  845
 9 12 X    0  846
 9 13 X    0  826
 9 14 X    0  858
 9 15 X    0  834
 9 16 X    0  856
 9 17 X    0  847
 9 18 X    0  839
 9 19 X    0  832
 9 20 X    0  818
 9 21 X    0  851
 9 22 X    0  825
 9 23 X    0  858
 9 24 X    0  842
 9 25 X    0  835
 9 26 X    0  870
 9 27 X    0  833
 9 28 X    0  840
 9 29 X    0  841
 9 30 X    0  841
 9  1 Y  -50 1159
 9  2 Y  -50 1166
 9  3 Y  -50 1174
 9  4 Y  -50 1168
 9  5 Y  -50 1169
 9  6 Y  -50 1171
 9  7 Y  -50 1160
 9  8 Y  -50 1174
 9  9 Y  -50 1162
 9 10 Y  -50 1173
 9 11 Y  -50 1148
 9 12 Y  -50 1148
 9 13 Y  -50 1172
 9 14 Y  -50 1154
 9 15 Y  -50 1172
 9 16 Y  -50 1161
 9 17 Y  -50 1154
 9 18 Y  -50 1163
 9 19 Y  -50 1164
 9 20 Y  -50 1151
 9 21 Y  -50 1180
 9 22 Y  -50 1144
 9 23 Y  -50 1187
 9 24 Y  -50 1151
 9 25 Y  -50 1157
 9 26 Y  -50 1185
 9 27 Y  -50 1176
 9 28 Y  -50 1165
 9 29 Y  -50 1165
 9 30 Y  -50 1156
 9  1 Z  550 1561
 9  2 Z  550 1572
 9  3 Z  550 1597
 9  4 Z  550 1545
 9  5 Z  550 1534
 9  6 Z  550 1544
 9  7 Z  550 1510
 9  8 Z  550 1557
 9  9 Z  550 1577
 9 10 Z  550 1587
 9 11 Z  550 1572
 9 12 Z  550 1550
 9 13 Z  550 1546
 9 14 Z  550 1557
 9 15 Z  550 1585
 9 16 Z  550 1603
 9 17 Z  550 1589
 9 18 Z  550 1568
 9 19 Z  550 1581
 9 20 Z  550 1549
 9 21 Z  550 1566
 9 22 Z  550 1559
 9 23 Z  550 1592
 9 24 Z  550 1597
 9 25 Z  550 1591
 9 26 Z  550 1590
 9 27 Z  550 1558
 9 28 Z  550 1573
 9 29 Z  550 1562
 9 30 Z  550 1568
10  1 X    0  847
10  2 X    0  839
10  3 X    0  859
10  4 X    0  836
10  5 X    0  822
10  6 X    0  843
10  7 X    0  845
10  8 X    0  847
10  9 X    0  831
10 10 X    0  843
10 11 X    0  840
10 12 X    0  849
10 13 X    0  845
10 14 X    0  835
10 15 X    0  851
10 16 X    0  825
10 17 X    0  845
10 18 X    0  841
10 19 X    0  849
10 20 X    0  837
10 21 X    0  829
10 22 X    0  848
10 23 X    0  851
10 24 X    0  848
10 25 X    0  846
10 26 X    0  844
10 27 X    0  835
10 28 X    0  832
10 29 X    0  811
10 30 X    0  823
10 31 X    0  867
10  1 Y  -50 1145
10  2 Y  -50 1166
10  3 Y  -50 1167
10  4 Y  -50 1161
10  5 Y  -50 1143
10  6 Y  -50 1154
10  7 Y  -50 1155
10  8 Y  -50 1168
10  9 Y  -50 1161
10 10 Y  -50 1155
10 11 Y  -50 1163
10 12 Y  -50 1156
10 13 Y  -50 1156
10 14 Y  -50 1158
10 15 Y  -50 1165
10 16 Y  -50 1170
10 17 Y  -50 1175
10 18 Y  -50 1178
10 19 Y  -50 1172
10 20 Y  -50 1167
10 21 Y  -50 1165
10 22 Y  -50 1160
10 23 Y  -50 1163
10 24 Y  -50 1161
10 25 Y  -50 1159
10 26 Y  -50 1159
10 27 Y  -50 1162
10 28 Y  -50 1166
10 29 Y  -50 1179
10 30 Y  -50 1145
10 31 Y  -50 1154
10  1 Z  550 1574
10  2 Z  550 1564
10  3 Z  550 1598
10  4 Z  550 1575
10  5 Z  550 1567
10  6 Z  550 1578
10  7 Z  550 1582
10  8 Z  550 1585
10  9 Z  550 1585
10 10 Z  550 1588
10 11 Z  550 1581
10 12 Z  550 1586
10 13 Z  550 1596
10 14 Z  550 1579
10 15 Z  550 1583
10 16 Z  550 1581
10 17 Z  550 1598
10 18 Z  550 1592
10 19 Z  550 1595
10 20 Z  550 1587
10 21 Z  550 1594
10 22 Z  550 1611
10 23 Z  550 1598
10 24 Z  550 1600
10 25 Z  550 1591
10 26 Z  550 1587
10 27 Z  550 1583
10 28 Z  550 1577
10 29 Z  550 1632
10 30 Z  550 1643
10 31 Z  550 1627
11  1 X    0  831
11  2 X    0  835
11  3 X    0  848
11  4 X    0  823
11  5 X    0  846
11  6 X    0  837
11  7 X    0  844
11  8 X    0  846
11  9 X    0  844
11 10 X    0  850
11 11 X    0  847
11 12 X    0  845
11 13 X    0  832
11 14 X    0  835
11 15 X    0  843
11 16 X    0  840
11 17 X    0  835
11 18 X    0  846
11 19 X    0  848
11 20 X    0  846
11 21 X    0  812
11 22 X    0  851
11 23 X    0  834
11 24 X    0  801
11 25 X    0  846
11 26 X    0  855
11 27 X    0  829
11 28 X    0  844
11 29 X    0  850
11 30 X    0  836
11  1 Y  -50 1163
11  2 Y  -50 1163
11  3 Y  -50 1162
11  4 Y  -50 1154
11  5 Y  -50 1156
11  6 Y  -50 1159
11  7 Y  -50 1160
11  8 Y  -50 1164
11  9 Y  -50 1168
11 10 Y  -50 1167
11 11 Y  -50 1166
11 12 Y  -50 1159
11 13 Y  -50 1168
11 14 Y  -50 1154
11 15 Y  -50 1165
11 16 Y  -50 1164
11 17 Y  -50 1153
11 18 Y  -50 1168
11 19 Y  -50 1162
11 20 Y  -50 1165
11 21 Y  -50 1156
11 22 Y  -50 1157
11 23 Y  -50 1166
11 24 Y  -50 1150
11 25 Y  -50 1168
11 26 Y  -50 1173
11 27 Y  -50 1159
11 28 Y  -50 1160
11 29 Y  -50 1162
11 30 Y  -50 1162
11  1 Z  550 1591
11  2 Z  550 1593
11  3 Z  550 1591
11  4 Z  550 1589
11  5 Z  550 1594
11  6 Z  550 1598
11  7 Z  550 1616
11  8 Z  550 1601
11  9 Z  550 1598
11 10 Z  550 1595
11 11 Z  550 1591
11 12 Z  550 1591
11 13 Z  550 1587
11 14 Z  550 1585
11 15 Z  550 1587
11 16 Z  550 1587
11 17 Z  550 1593
11 18 Z  550 1600
11 19 Z  550 1589
11 20 Z  550 1590
11 21 Z  550 1598
11 22 Z  550 1605
11 23 Z  550 1591
11 24 Z  550 1593
11 25 Z  550 1623
11 26 Z  550 1615
11 27 Z  550 1601
11 28 Z  550 1592
11 29 Z  550 1592
11 30 Z  550 1584
12  1 X    0  851
12  2 X    0  849
12  3 X    0  834
12  4 X    0  824
12  5 X    0  838
12  6 X    0  844
12  7 X    0  847
12  8 X    0  846
12  9 X    0  831
12 10 X    0  852
12 11 X    0  847
12 12 X    0  847
12 13 X    0  849
12 14 X    0  832
12 15 X    0  852
12 16 X    0  849
12 17 X    0  853
12 18 X    0  846
12 19 X    0  826
12 20 X    0  837
12 21 X    0  837
12 22 X    0  839
12 23 X    0  851
12 24 X    0  859
12 25 X    0  846
12 26 X    0  846
12 27 X    0  849
12 28 X    0  835
12 29 X    0  837
12 30 X    0  849
12 31 X    0  847
12  1 Y  -50 1159
12  2 Y  -50 1162
12  3 Y  -50 1157
12  4 Y  -50 1173
12  5 Y  -50 1156
12  6 Y  -50 1156
12  7 Y  -50 1155
12  8 Y  -50 1159
12  9 Y  -50 1170
12 10 Y  -50 1152
12 11 Y  -50 1162
12 12 Y  -50 1160
12 13 Y  -50 1159
12 14 Y  -50 1158
12 15 Y  -50 1171
12 16 Y  -50 1161
12 17 Y  -50 1158
12 18 Y  -50 1162
12 19 Y  -50 1160
12 20 Y  -50 1166
12 21 Y  -50 1186
12 22 Y  -50 1167
12 23 Y  -50 1159
12 24 Y  -50 1159
12 25 Y  -50 1161
12 26 Y  -50 1164
12 27 Y  -50 1159
12 28 Y  -50 1155
12 29 Y  -50 1162
12 30 Y  -50 1171
12 31 Y  -50 1160
12  1 Z  550 1586
12  2 Z  550 1586
12  3 Z  550 1584
12  4 Z  550 1605
12  5 Z  550 1608
12  6 Z  550 1603
12  7 Z  550 1595
12  8 Z  550 1594
12  9 Z  550 1596
12 10 Z  550 1590
12 11 Z  550 1589
12 12 Z  550 1586
12 13 Z  550 1586
12 14 Z  550 1577
12 15 Z  550 1585
12 16 Z  550 1582
12 17 Z  550 1589
12 18 Z  550 1582
12 19 Z  550 1579
12 20 Z  550 1606
12 21 Z  550 1627
12 22 Z  550 1632
12 23 Z  550 1612
12 24 Z  550 1595
12 25 Z  550 1589
12 26 Z  550 1585
12 27 Z  550 1590
12 28 Z  550 1595
12 29 Z  550 1602
12 30 Z  550 1613
12 31 Z  550 1602
