 1  1 X    0  801
 1  2 X    0  817
 1  3 X    0  811
 1  4 X    0  811
 1  5 X    0  812
 1  6 X    0  812
 1  7 X    0  809
 1  8 X    0  805
 1  9 X    0  807
 1 10 X    0  808
 1 11 X    0  806
 1 12 X    0  807
 1 13 X    0  811
 1 14 X    0  807
 1 15 X    0  802
 1 16 X    0  815
 1 17 X    0  798
 1 18 X    0  803
 1 19 X    0  808
 1 20 X    0  803
 1 21 X    0  812
 1 22 X    0  811
 1 23 X    0  804
 1 24 X    0  771
 1 25 X    0  803
 1 26 X    0  801
 1 27 X    0  803
 1 28 X    0  807
 1 29 X    0  809
 1 30 X    0  817
 1 31 X    0  805
 1  1 Y  -50 1123
 1  2 Y  -50 1115
 1  3 Y  -50 1114
 1  4 Y  -50 1118
 1  5 Y  -50 1116
 1  6 Y  -50 1119
 1  7 Y  -50 1130
 1  8 Y  -50 1114
 1  9 Y  -50 1114
 1 10 Y  -50 1123
 1 11 Y  -50 1120
 1 12 Y  -50 1134
 1 13 Y  -50 1117
 1 14 Y  -50 1116
 1 15 Y  -50 1118
 1 16 Y  -50 1125
 1 17 Y  -50 1112
 1 18 Y  -50 1127
 1 19 Y  -50 1121
 1 20 Y  -50 1116
 1 21 Y  -50 1117
 1 22 Y  -50 1115
 1 23 Y  -50 1117
 1 24 Y  -50 1133
 1 25 Y  -50 1121
 1 26 Y  -50 1114
 1 27 Y  -50 1134
 1 28 Y  -50 1109
 1 29 Y  -50 1113
 1 30 Y  -50 1121
 1 31 Y  -50 1129
 1  1 Z  550 1330
 1  2 Z  550 1327
 1  3 Z  550 1320
 1  4 Z  550 1321
 1  5 Z  550 1322
 1  6 Z  550 1321
 1  7 Z  550 1329
 1  8 Z  550 1332
 1  9 Z  550 1329
 1 10 Z  550 1328
 1 11 Z  550 1324
 1 12 Z  550 1329
 1 13 Z  550 1325
 1 14 Z  550 1333
 1 15 Z  550 1335
 1 16 Z  550 1336
 1 17 Z  550 1352
 1 18 Z  550 1349
 1 19 Z  550 1345
 1 20 Z  550 1342
 1 21 Z  550 1334
 1 22 Z  550 1332
 1 23 Z  550 1328
 1 24 Z  550 1311
 1 25 Z  550 1332
 1 26 Z  550 1359
 1 27 Z  550 1344
 1 28 Z  550 1338
 1 29 Z  550 1331
 1 30 Z  550 1342
 1 31 Z  550 1334
 2  1 X    0  805
 2  2 X    0  748
 2  3 X    0  796
 2  4 X    0  804
 2  5 X    0  812
 2  6 X    0  822
 2  7 X    0  803
 2  8 X    0  805
 2  9 X    0  807
 2 10 X    0  797
 2 11 X    0  773
 2 12 X    0  802
 2 13 X    0  811
 2 14 X    0  804
 2 15 X    0  798
 2 16 X    0  812
 2 17 X    0  811
 2 18 X    0  806
 2 19 X    0  807
 2 20 X    0  805
 2 21 X    0  816
 2 22 X    0  806
 2 23 X    0  819
 2 24 X    0  813
 2 25 X    0  807
 2 26 X    0  820
 2 27 X    0  794
 2 28 X    0  802
 2  1 Y  -50 1114
 2  2 Y  -50 1123
 2  3 Y  -50 1120
 2  4 Y  -50 1118
 2  5 Y  -50 1123
 2  6 Y  -50 1104
 2  7 Y  -50 1129
 2  8 Y  -50 1115
 2  9 Y  -50 1113
 2 10 Y  -50 1112
 2 11 Y  -50 1162
 2 12 Y  -50 1100
 2 13 Y  -50 1118
 2 14 Y  -50 1118
 2 15 Y  -50 1120
 2 16 Y  -50 1125
 2 17 Y  -50 1116
 2 18 Y  -50 1115
 2 19 Y  -50 1119
 2 20 Y  -50 1114
 2 21 Y  -50 1112
 2 22 Y  -50 1118
 2 23 Y  -50 1120
 2 24 Y  -50 1117
 2 25 Y  -50 1105
 2 26 Y  -50 1108
 2 27 Y  -50 1132
 2 28 Y  -50 1121
 2  1 Z  550 1324
 2  2 Z  550 1351
 2  3 Z  550 1406
 2  4 Z  550 1372
 2  5 Z  550 1359
 2  6 Z  550 1364
 2  7 Z  550 1357
 2  8 Z  550 1351
 2  9 Z  550 1345
 2 10 Z  550 1350
 2 11 Z  550 1386
 2 12 Z  550 1379
 2 13 Z  550 1361
 2 14 Z  550 1355
 2 15 Z  550 1358
 2 16 Z  550 1352
 2 17 Z  550 1345
 2 18 Z  550 1337
 2 19 Z  550 1334
 2 20 Z  550 1332
 2 21 Z  550 1345
 2 22 Z  550 1330
 2 23 Z  550 1340
 2 24 Z  550 1343
 2 25 Z  550 1319
 2 26 Z  550 1329
 2 27 Z  550 1337
 2 28 Z  550 1360
 3  1 X    0  798
 3  2 X    0  815
 3  3 X    0  808
 3  4 X    0  793
 3  5 X    0  818
 3  6 X    0  799
 3  7 X    0  798
 3  8 X    0  810
 3  9 X    0  810
 3 10 X    0  815
 3 11 X    0  804
 3 12 X    0  835
 3 13 X    0  808
 3 14 X    0  805
 3 15 X    0  834
 3 16 X    0  843
 3 17 X    0  812
 3 18 X    0  829
 3 19 X    0  802
 3 20 X    0  794
 3 21 X    0  815
 3 22 X    0  816
 3 23 X    0  772
 3 24 X    0  865
 3 25 X    0  812
 3 26 X    0  814
 3 27 X    0  819
 3 28 X    0  816
 3 29 X    0  801
 3 30 X    0  799
 3 31 X    0  802
 3  1 Y  -50 1119
 3  2 Y  -50 1108
 3  3 Y  -50 1116
 3  4 Y  -50 1104
 3  5 Y  -50 1134
 3  6 Y  -50 1131
 3  7 Y  -50 1134
 3  8 Y  -50 1112
 3  9 Y  -50 1132
 3 10 Y  -50 1105
 3 11 Y  -50 1122
 3 12 Y  -50 1128
 3 13 Y  -50 1113
 3 14 Y  -50 1115
 3 15 Y  -50 1147
 3 16 Y  -50 1116
 3 17 Y  -50 1122
 3 18 Y  -50 1116
 3 19 Y  -50 1104
 3 20 Y  -50 1142
 3 21 Y  -50 1123
 3 22 Y  -50 1137
 3 23 Y  -50 1125
 3 24 Y  -50 1101
 3 25 Y  -50 1129
 3 26 Y  -50 1118
 3 27 Y  -50 1113
 3 28 Y  -50 1120
 3 29 Y  -50 1122
 3 30 Y  -50 1111
 3 31 Y  -50 1138
 3  1 Z  550 1346
 3  2 Z  550 1340
 3  3 Z  550 1333
 3  4 Z  550 1329
 3  5 Z  550 1361
 3  6 Z  550 1350
 3  7 Z  550 1354
 3  8 Z  550 1352
 3  9 Z  550 1350
 3 10 Z  550 1350
 3 11 Z  550 1357
 3 12 Z  550 1374
 3 13 Z  550 1358
 3 14 Z  550 1352
 3 15 Z  550 1359
 3 16 Z  550 1370
 3 17 Z  550 1367
 3 18 Z  550 1318
 3 19 Z  550 1340
 3 20 Z  550 1380
 3 21 Z  550 1364
 3 22 Z  550 1355
 3 23 Z  550 1354
 3 24 Z  550 1417
 3 25 Z  550 1375
 3 26 Z  550 1326
 3 27 Z  550 1317
 3 28 Z  550 1307
 3 29 Z  550 1310
 3 30 Z  550 1343
 3 31 Z  550 1341
 4  1 X    0  783
 4  2 X    0  780
 4  3 X    0  792
 4  4 X    0  819
 4  5 X    0  815
 4  6 X    0  794
 4  7 X    0  820
 4  8 X    0  806
 4  9 X    0  818
 4 10 X    0  799
 4 11 X    0  839
 4 12 X    0  804
 4 13 X    0  819
 4 14 X    0  784
 4 15 X    0  855
 4 16 X    0  803
 4 17 X    0  815
 4 18 X    0  825
 4 19 X    0  806
 4 20 X    0  790
 4 21 X    0  824
 4 22 X    0  841
 4 23 X    0  828
 4 24 X    0  823
 4 25 X    0  823
 4 26 X    0  811
 4 27 X    0  835
 4 28 X    0  858
 4 29 X    0  760
 4 30 X    0  821
 4  1 Y  -50 1121
 4  2 Y  -50 1127
 4  3 Y  -50 1128
 4  4 Y  -50 1133
 4  5 Y  -50 1130
 4  6 Y  -50 1119
 4  7 Y  -50 1132
 4  8 Y  -50 1127
 4  9 Y  -50 1156
 4 10 Y  -50 1131
 4 11 Y  -50 1098
 4 12 Y  -50 1099
 4 13 Y  -50 1174
 4 14 Y  -50 1099
 4 15 Y  -50 1120
 4 16 Y  -50 1134
 4 17 Y  -50 1145
 4 18 Y  -50 1103
 4 19 Y  -50 1119
 4 20 Y  -50 1123
 4 21 Y  -50 1103
 4 22 Y  -50 1115
 4 23 Y  -50 1111
 4 24 Y  -50 1098
 4 25 Y  -50 1109
 4 26 Y  -50 1108
 4 27 Y  -50 1121
 4 28 Y  -50 1166
 4 29 Y  -50 1160
 4 30 Y  -50 1140
 4  1 Z  550 1362
 4  2 Z  550 1362
 4  3 Z  550 1389
 4  4 Z  550 1369
 4  5 Z  550 1364
 4  6 Z  550 1362
 4  7 Z  550 1369
 4  8 Z  550 1370
 4  9 Z  550 1348
 4 10 Z  550 1334
 4 11 Z  550 1326
 4 12 Z  550 1262
 4 13 Z  550 1285
 4 14 Z  550 1343
 4 15 Z  550 1344
 4 16 Z  550 1349
 4 17 Z  550 1372
 4 18 Z  550 1371
 4 19 Z  550 1337
 4 20 Z  550 1371
 4 21 Z  550 1312
 4 22 Z  550 1255
 4 23 Z  550 1284
 4 24 Z  550 1334
 4 25 Z  550 1280
 4 26 Z  550 1265
 4 27 Z  550 1243
 4 28 Z  550 1354
 4 29 Z  550 1425
 4 30 Z  550 1386
 5  1 X    0  808
 5  2 X    0  808
 5  3 X    0  826
 5  4 X    0  808
 5  5 X    0  809
 5  6 X    0  811
 5  7 X    0  818
 5  8 X    0  818
 5  9 X    0  826
 5 10 X    0  827
 5 11 X    0  831
 5 12 X    0  825
 5 13 X    0  810
 5 14 X    0  779
 5 15 X    0  831
 5 16 X    0  856
 5 17 X    0  817
 5 18 X    0  822
 5 19 X    0  828
 5 20 X    0  825
 5 21 X    0  856
 5 22 X    0  833
 5 23 X    0  850
 5 24 X    0  820
 5 25 X    0  821
 5 26 X    0  835
 5 27 X    0  824
 5 28 X    0  801
 5 29 X    0  815
 5 30 X    0  800
 5 31 X    0  809
 5  1 Y  -50 1143
 5  2 Y  -50 1122
 5  3 Y  -50 1140
 5  4 Y  -50 1145
 5  5 Y  -50 1127
 5  6 Y  -50 1140
 5  7 Y  -50 1100
 5  8 Y  -50 1100
 5  9 Y  -50 1092
 5 10 Y  -50 1122
 5 11 Y  -50 1122
 5 12 Y  -50 1089
 5 13 Y  -50 1149
 5 14 Y  -50 1122
 5 15 Y  -50 1130
 5 16 Y  -50 1093
 5 17 Y  -50 1131
 5 18 Y  -50 1106
 5 19 Y  -50 1120
 5 20 Y  -50 1105
 5 21 Y  -50 1134
 5 22 Y  -50 1146
 5 23 Y  -50 1134
 5 24 Y  -50 1124
 5 25 Y  -50 1096
 5 26 Y  -50 1120
 5 27 Y  -50 1110
 5 28 Y  -50 1134
 5 29 Y  -50 1143
 5 30 Y  -50 1145
 5 31 Y  -50 1142
 5  1 Z  550 1385
 5  2 Z  550 1376
 5  3 Z  550 1345
 5  4 Z  550 1380
 5  5 Z  550 1365
 5  6 Z  550 1383
 5  7 Z  550 1383
 5  8 Z  550 1278
 5  9 Z  550 1267
 5 10 Z  550 1281
 5 11 Z  550 1252
 5 12 Z  550 1195
 5 13 Z  550 1342
 5 14 Z  550 1348
 5 15 Z  550 1367
 5 16 Z  550 1285
 5 17 Z  550 1367
 5 18 Z  550 1361
 5 19 Z  550 1293
 5 20 Z  550 1220
 5 21 Z  550 1272
 5 22 Z  550 1273
 5 23 Z  550 1299
 5 24 Z  550 1284
 5 25 Z  550 1271
 5 26 Z  550 1268
 5 27 Z  550 1313
 5 28 Z  550 1384
 5 29 Z  550 1345
 5 30 Z  550 1380
 5 31 Z  550 1377
 6  1 X    0  810
 6  2 X    0  813
 6  3 X    0  799
 6  4 X    0  816
 6  5 X    0  814
 6  6 X    0  804
 6  7 X    0  837
 6  8 X    0  816
 6  9 X    0  786
 6 10 X    0  828
 6 11 X    0  823
 6 12 X    0  830
 6 13 X    0  810
 6 14 X    0  868
 6 15 X    0  857
 6 16 X    0  868
 6 17 X    0  829
 6 18 X    0  838
 6 19 X    0  849
 6 20 X    0  898
 6 21 X    0  838
 6 22 X    0  818
 6 23 X    0  791
 6 24 X    0  825
 6 25 X    0  793
 6 26 X    0  807
 6 27 X    0  805
 6 28 X    0  806
 6 29 X    0  803
 6 30 X    0  807
 6  1 Y  -50 1123
 6  2 Y  -50 1135
 6  3 Y  -50 1122
 6  4 Y  -50 1136
 6  5 Y  -50 1145
 6  6 Y  -50 1136
 6  7 Y  -50 1112
 6  8 Y  -50 1137
 6  9 Y  -50 1166
 6 10 Y  -50 1134
 6 11 Y  -50 1101
 6 12 Y  -50 1112
 6 13 Y  -50 1149
 6 14 Y  -50 1103
 6 15 Y  -50 1105
 6 16 Y  -50 1128
 6 17 Y  -50 1113
 6 18 Y  -50 1139
 6 19 Y  -50 1109
 6 20 Y  -50 1122
 6 21 Y  -50 1135
 6 22 Y  -50 1104
 6 23 Y  -50 1167
 6 24 Y  -50 1149
 6 25 Y  -50 1164
 6 26 Y  -50 1150
 6 27 Y  -50 1126
 6 28 Y  -50 1142
 6 29 Y  -50 1136
 6 30 Y  -50 1126
 6  1 Z  550 1357
 6  2 Z  550 1371
 6  3 Z  550 1329
 6  4 Z  550 1357
 6  5 Z  550 1355
 6  6 Z  550 1359
 6  7 Z  550 1260
 6  8 Z  550 1242
 6  9 Z  550 1368
 6 10 Z  550 1372
 6 11 Z  550 1317
 6 12 Z  550 1299
 6 13 Z  550 1350
 6 14 Z  550 1281
 6 15 Z  550 1247
 6 16 Z  550 1208
 6 17 Z  550 1294
 6 18 Z  550 1235
 6 19 Z  550 1201
 6 20 Z  550 1247
 6 21 Z  550 1293
 6 22 Z  550 1260
 6 23 Z  550 1365
 6 24 Z  550 1363
 6 25 Z  550 1380
 6 26 Z  550 1378
 6 27 Z  550 1378
 6 28 Z  550 1361
 6 29 Z  550 1389
 6 30 Z  550 1337
 7  1 X    0  798
 7  2 X    0  802
 7  3 X    0  802
 7  4 X    0  803
 7  5 X    0  811
 7  6 X    0  817
 7  7 X    0  784
 7  8 X    0  771
 7  9 X    0  806
 7 10 X    0  818
 7 11 X    0  811
 7 12 X    0  855
 7 13 X    0  846
 7 14 X    0  873
 7 15 X    0  840
 7 16 X    0  844
 7 17 X    0  822
 7 18 X    0  834
 7 19 X    0  829
 7 20 X    0  834
 7 21 X    0  803
 7 22 X    0  774
 7 23 X    0  780
 7 24 X    0  802
 7 25 X    0  817
 7 26 X    0  784
 7 27 X    0  846
 7 28 X    0  820
 7 29 X    0  798
 7 30 X    0  801
 7 31 X    0  827
 7  1 Y  -50 1139
 7  2 Y  -50 1133
 7  3 Y  -50 1124
 7  4 Y  -50 1115
 7  5 Y  -50 1130
 7  6 Y  -50 1125
 7  7 Y  -50 1147
 7  8 Y  -50 1155
 7  9 Y  -50 1137
 7 10 Y  -50 1137
 7 11 Y  -50 1131
 7 12 Y  -50 1085
 7 13 Y  -50 1096
 7 14 Y  -50 1108
 7 15 Y  -50 1108
 7 16 Y  -50 1120
 7 17 Y  -50 1115
 7 18 Y  -50 1135
 7 19 Y  -50 1119
 7 20 Y  -50 1113
 7 21 Y  -50 1151
 7 22 Y  -50 1111
 7 23 Y  -50 1133
 7 24 Y  -50 1128
 7 25 Y  -50 1106
 7 26 Y  -50 1158
 7 27 Y  -50 1112
 7 28 Y  -50 1123
 7 29 Y  -50 1134
 7 30 Y  -50 1131
 7 31 Y  -50 1117
 7  1 Z  550 1414
 7  2 Z  550 1367
 7  3 Z  550 1358
 7  4 Z  550 1327
 7  5 Z  550 1370
 7  6 Z  550 1298
 7  7 Z  550 1421
 7  8 Z  550 1390
 7  9 Z  550 1380
 7 10 Z  550 1399
 7 11 Z  550 1280
 7 12 Z  550 1256
 7 13 Z  550 1249
 7 14 Z  550 1206
 7 15 Z  550 1242
 7 16 Z  550 1227
 7 17 Z  550 1253
 7 18 Z  550 1274
 7 19 Z  550 1322
 7 20 Z  550 1224
 7 21 Z  550 1279
 7 22 Z  550 1397
 7 23 Z  550 1381
 7 24 Z  550 1336
 7 25 Z  550 1345
 7 26 Z  550 1416
 7 27 Z  550 1382
 7 28 Z  550 1353
 7 29 Z  550 1395
 7 30 Z  550 1291
 7 31 Z  550 1311
 8  1 X    0  837
 8  2 X    0  800
 8  3 X    0  798
 8  4 X    0  829
 8  5 X    0  842
 8  6 X    0  808
 8  7 X    0  804
 8  8 X    0  834
 8  9 X    0  837
 8 10 X    0  854
 8 11 X    0  812
 8 12 X    0  851
 8 13 X    0  824
 8 14 X    0  836
 8 15 X    0  809
 8 16 X    0  820
 8 17 X    0  822
 8 18 X    0  821
 8 19 X    0  789
 8 20 X    0  838
 8 21 X    0  816
 8 22 X    0  809
 8 23 X    0  813
 8 24 X    0  817
 8 25 X    0  816
 8 26 X    0  812
 8 27 X    0  821
 8 28 X    0  814
 8 29 X    0  820
 8 30 X    0  806
 8 31 X    0  808
 8  1 Y  -50 1135
 8  2 Y  -50 1122
 8  3 Y  -50 1169
 8  4 Y  -50 1140
 8  5 Y  -50 1123
 8  6 Y  -50 1127
 8  7 Y  -50 1129
 8  8 Y  -50 1128
 8  9 Y  -50 1127
 8 10 Y  -50 1122
 8 11 Y  -50 1110
 8 12 Y  -50 1153
 8 13 Y  -50 1127
 8 14 Y  -50 1136
 8 15 Y  -50 1090
 8 16 Y  -50 1139
 8 17 Y  -50 1125
 8 18 Y  -50 1146
 8 19 Y  -50 1132
 8 20 Y  -50 1125
 8 21 Y  -50 1144
 8 22 Y  -50 1135
 8 23 Y  -50 1127
 8 24 Y  -50 1124
 8 25 Y  -50 1120
 8 26 Y  -50 1142
 8 27 Y  -50 1115
 8 28 Y  -50 1115
 8 29 Y  -50 1139
 8 30 Y  -50 1132
 8 31 Y  -50 1130
 8  1 Z  550 1304
 8  2 Z  550 1359
 8  3 Z  550 1397
 8  4 Z  550 1367
 8  5 Z  550 1300
 8  6 Z  550 1391
 8  7 Z  550 1315
 8  8 Z  550 1309
 8  9 Z  550 1243
 8 10 Z  550 1306
 8 11 Z  550 1277
 8 12 Z  550 1279
 8 13 Z  550 1288
 8 14 Z  550 1278
 8 15 Z  550 1328
 8 16 Z  550 1243
 8 17 Z  550 1369
 8 18 Z  550 1363
 8 19 Z  550 1334
 8 20 Z  550 1372
 8 21 Z  550 1358
 8 22 Z  550 1353
 8 23 Z  550 1358
 8 24 Z  550 1383
 8 25 Z  550 1351
 8 26 Z  550 1348
 8 27 Z  550 1297
 8 28 Z  550 1316
 8 29 Z  550 1368
 8 30 Z  550 1350
 8 31 Z  550 1357
 9  1 X    0  811
 9  2 X    0  814
 9  3 X    0  809
 9  4 X    0  800
 9  5 X    0  792
 9  6 X    0  833
 9  7 X    0  813
 9  8 X    0  854
 9  9 X    0  827
 9 10 X    0  812
 9 11 X    0  828
 9 12 X    0  822
 9 13 X    0  822
 9 14 X    0  800
 9 15 X    0  846
 9 16 X    0  825
 9 17 X    0  801
 9 18 X    0  791
 9 19 X    0  817
 9 20 X    0  819
 9 21 X    0  811
 9 22 X    0  823
 9 23 X    0  787
 9 24 X    0  813
 9 25 X    0  803
 9 26 X    0  816
 9 27 X    0  787
 9 28 X    0  789
 9 29 X    0  808
 9 30 X    0  816
 9  1 Y  -50 1116
 9  2 Y  -50 1110
 9  3 Y  -50 1129
 9  4 Y  -50 1128
 9  5 Y  -50 1123
 9  6 Y  -50 1123
 9  7 Y  -50 1127
 9  8 Y  -50 1120
 9  9 Y  -50 1143
 9 10 Y  -50 1120
 9 11 Y  -50 1117
 9 12 Y  -50 1120
 9 13 Y  -50 1124
 9 14 Y  -50 1125
 9 15 Y  -50 1157
 9 16 Y  -50 1115
 9 17 Y  -50 1138
 9 18 Y  -50 1125
 9 19 Y  -50 1116
 9 20 Y  -50 1149
 9 21 Y  -50 1124
 9 22 Y  -50 1120
 9 23 Y  -50 1123
 9 24 Y  -50 1131
 9 25 Y  -50 1129
 9 26 Y  -50 1124
 9 27 Y  -50 1122
 9 28 Y  -50 1170
 9 29 Y  -50 1159
 9 30 Y  -50 1156
 9  1 Z  550 1360
 9  2 Z  550 1360
 9  3 Z  550 1369
 9  4 Z  550 1346
 9  5 Z  550 1298
 9  6 Z  550 1310
 9  7 Z  550 1313
 9  8 Z  550 1362
 9  9 Z  550 1348
 9 10 Z  550 1323
 9 11 Z  550 1331
 9 12 Z  550 1334
 9 13 Z  550 1341
 9 14 Z  550 1328
 9 15 Z  550 1372
 9 16 Z  550 1350
 9 17 Z  550 1383
 9 18 Z  550 1365
 9 19 Z  550 1365
 9 20 Z  550 1355
 9 21 Z  550 1366
 9 22 Z  550 1373
 9 23 Z  550 1344
 9 24 Z  550 1395
 9 25 Z  550 1377
 9 26 Z  550 1380
 9 27 Z  550 1359
 9 28 Z  550 1408
 9 29 Z  550 1396
 9 30 Z  550 1404
10  1 X    0  813
10  2 X    0  823
10  3 X    0  819
10  4 X    0  811
10  5 X    0  808
10  6 X    0  796
10  7 X    0  817
10  8 X    0  802
10  9 X    0  806
10 10 X    0  808
10 11 X    0  821
10 12 X    0  822
10 13 X    0  810
10 14 X    0  801
10 15 X    0  813
10 16 X    0  799
10 17 X    0  805
10 18 X    0  823
10 19 X    0  816
10 20 X    0  805
10 21 X    0  808
10 22 X    0  811
10 23 X    0  809
10 24 X    0  826
10 25 X    0  804
10 26 X    0  817
10 27 X    0  796
10 28 X    0  802
10 29 X    0  809
10 30 X    0  816
10 31 X    0  815
10  1 Y  -50 1138
10  2 Y  -50 1139
10  3 Y  -50 1148
10  4 Y  -50 1126
10  5 Y  -50 1115
10  6 Y  -50 1133
10  7 Y  -50 1116
10  8 Y  -50 1119
10  9 Y  -50 1121
10 10 Y  -50 1127
10 11 Y  -50 1138
10 12 Y  -50 1140
10 13 Y  -50 1134
10 14 Y  -50 1118
10 15 Y  -50 1125
10 16 Y  -50 1128
10 17 Y  -50 1108
10 18 Y  -50 1127
10 19 Y  -50 1129
10 20 Y  -50 1120
10 21 Y  -50 1135
10 22 Y  -50 1132
10 23 Y  -50 1118
10 24 Y  -50 1130
10 25 Y  -50 1122
10 26 Y  -50 1122
10 27 Y  -50 1127
10 28 Y  -50 1123
10 29 Y  -50 1121
10 30 Y  -50 1125
10 31 Y  -50 1135
10  1 Z  550 1375
10  2 Z  550 1376
10  3 Z  550 1383
10  4 Z  550 1366
10  5 Z  550 1363
10  6 Z  550 1367
10  7 Z  550 1364
10  8 Z  550 1354
10  9 Z  550 1368
10 10 Z  550 1366
10 11 Z  550 1378
10 12 Z  550 1373
10 13 Z  550 1364
10 14 Z  550 1363
10 15 Z  550 1361
10 16 Z  550 1371
10 17 Z  550 1371
10 18 Z  550 1387
10 19 Z  550 1383
10 20 Z  550 1383
10 21 Z  550 1389
10 22 Z  550 1382
10 23 Z  550 1383
10 24 Z  550 1406
10 25 Z  550 1382
10 26 Z  550 1386
10 27 Z  550 1383
10 28 Z  550 1384
10 29 Z  550 1381
10 30 Z  550 1380
10 31 Z  550 1380
11  1 X    0  811
11  2 X    0  783
11  3 X    0  816
11  4 X    0  814
11  5 X    0  813
11  6 X    0  812
11  7 X    0  814
11  8 X    0  800
11  9 X    0  825
11 10 X    0  801
11 11 X    0  807
11 12 X    0  811
11 13 X    0  809
11 14 X    0  812
11 15 X    0  810
11 16 X    0  810
11 17 X    0  806
11 18 X    0  805
11 19 X    0  797
11 20 X    0  814
11 21 X    0  810
11 22 X    0  810
11 23 X    0  801
11 24 X    0  807
11 25 X    0  804
11 26 X    0  797
11 27 X    0  801
11 28 X    0  809
11 29 X    0  789
11 30 X    0  804
11  1 Y  -50 1116
11  2 Y  -50 1138
11  3 Y  -50 1118
11  4 Y  -50 1120
11  5 Y  -50 1122
11  6 Y  -50 1120
11  7 Y  -50 1124
11  8 Y  -50 1114
11  9 Y  -50 1161
11 10 Y  -50 1133
11 11 Y  -50 1131
11 12 Y  -50 1125
11 13 Y  -50 1135
11 14 Y  -50 1118
11 15 Y  -50 1121
11 16 Y  -50 1124
11 17 Y  -50 1125
11 18 Y  -50 1126
11 19 Y  -50 1123
11 20 Y  -50 1119
11 21 Y  -50 1123
11 22 Y  -50 1124
11 23 Y  -50 1120
11 24 Y  -50 1127
11 25 Y  -50 1132
11 26 Y  -50 1114
11 27 Y  -50 1147
11 28 Y  -50 1111
11 29 Y  -50 1126
11 30 Y  -50 1123
11  1 Z  550 1381
11  2 Z  550 1351
11  3 Z  550 1379
11  4 Z  550 1376
11  5 Z  550 1379
11  6 Z  550 1377
11  7 Z  550 1382
11  8 Z  550 1349
11  9 Z  550 1417
11 10 Z  550 1414
11 11 Z  550 1394
11 12 Z  550 1398
11 13 Z  550 1397
11 14 Z  550 1393
11 15 Z  550 1386
11 16 Z  550 1383
11 17 Z  550 1388
11 18 Z  550 1382
11 19 Z  550 1381
11 20 Z  550 1388
11 21 Z  550 1383
11 22 Z  550 1390
11 23 Z  550 1381
11 24 Z  550 1384
11 25 Z  550 1389
11 26 Z  550 1387
11 27 Z  550 1409
11 28 Z  550 1404
11 29 Z  550 1402
11 30 Z  550 1412
12  1 X    0  804
12  2 X    0  807
12  3 X    0  805
12  4 X    0  806
12  5 X    0  789
12  6 X    0  822
12  7 X    0  813
12  8 X    0  811
12  9 X    0  809
12 10 X    0  799
12 11 X    0  811
12 12 X    0  819
12 13 X    0  810
12 14 X    0  805
12 15 X    0  803
12 16 X    0  805
12 17 X    0  809
12 18 X    0  809
12 19 X    0  812
12 20 X    0  808
12 21 X    0  811
12 22 X    0  809
12 23 X    0  798
12 24 X    0  804
12 25 X    0  814
12 26 X    0  803
12 27 X    0  821
12 28 X    0  806
12 29 X    0  813
12 30 X    0  813
12 31 X    0  812
12  1 Y  -50 1135
12  2 Y  -50 1130
12  3 Y  -50 1118
12  4 Y  -50 1131
12  5 Y  -50 1133
12  6 Y  -50 1119
12  7 Y  -50 1122
12  8 Y  -50 1115
12  9 Y  -50 1120
12 10 Y  -50 1113
12 11 Y  -50 1133
12 12 Y  -50 1123
12 13 Y  -50 1125
12 14 Y  -50 1129
12 15 Y  -50 1124
12 16 Y  -50 1131
12 17 Y  -50 1123
12 18 Y  -50 1121
12 19 Y  -50 1124
12 20 Y  -50 1124
12 21 Y  -50 1123
12 22 Y  -50 1132
12 23 Y  -50 1136
12 24 Y  -50 1118
12 25 Y  -50 1131
12 26 Y  -50 1122
12 27 Y  -50 1125
12 28 Y  -50 1124
12 29 Y  -50 1126
12 30 Y  -50 1125
12 31 Y  -50 1124
12  1 Z  550 1397
12  2 Z  550 1395
12  3 Z  550 1393
12  4 Z  550 1389
12  5 Z  550 1394
12  6 Z  550 1416
12  7 Z  550 1394
12  8 Z  550 1392
12  9 Z  550 1401
12 10 Z  550 1387
12 11 Z  550 1400
12 12 Z  550 1398
12 13 Z  550 1392
12 14 Z  550 1389
12 15 Z  550 1387
12 16 Z  550 1394
12 17 Z  550 1391
12 18 Z  550 1388
12 19 Z  550 1388
12 20 Z  550 1387
12 21 Z  550 1390
12 22 Z  550 1386
12 23 Z  550 1394
12 24 Z  550 1395
12 25 Z  550 1400
12 26 Z  550 1395
12 27 Z  550 1406
12 28 Z  550 1391
12 29 Z  550 1393
12 30 Z  550 1387
12 31 Z  550 1386
