 1  1 X    0  806
 1  2 X    0  803
 1  3 X    0  811
 1  4 X    0  796
 1  5 X    0  803
 1  6 X    0  786
 1  7 X    0  808
 1  8 X    0  806
 1  9 X    0  800
 1 10 X    0  809
 1 11 X    0  787
 1 12 X    0  791
 1 13 X    0  809
 1 14 X    0  804
 1 15 X    0  795
 1 16 X    0  794
 1 17 X    0  809
 1 18 X    0  817
 1 19 X    0  802
 1 20 X    0  815
 1 21 X    0  814
 1 22 X    0  807
 1 23 X    0  812
 1 24 X    0  803
 1 25 X    0  813
 1 26 X    0  808
 1 27 X    0  802
 1 28 X    0  793
 1 29 X    0  805
 1 30 X    0  815
 1 31 X    0  816
 1  1 Y  -50 1111
 1  2 Y  -50 1137
 1  3 Y  -50 1099
 1  4 Y  -50 1101
 1  5 Y  -50 1105
 1  6 Y  -50 1114
 1  7 Y  -50 1105
 1  8 Y  -50 1111
 1  9 Y  -50 1107
 1 10 Y  -50 1114
 1 11 Y  -50 1124
 1 12 Y  -50 1117
 1 13 Y  -50 1111
 1 14 Y  -50 1101
 1 15 Y  -50 1113
 1 16 Y  -50 1115
 1 17 Y  -50 1109
 1 18 Y  -50 1103
 1 19 Y  -50 1109
 1 20 Y  -50 1113
 1 21 Y  -50 1108
 1 22 Y  -50 1111
 1 23 Y  -50 1099
 1 24 Y  -50 1111
 1 25 Y  -50 1103
 1 26 Y  -50 1115
 1 27 Y  -50 1095
 1 28 Y  -50 1096
 1 29 Y  -50 1097
 1 30 Y  -50 1103
 1 31 Y  -50 1105
 1  1 Z  550 1345
 1  2 Z  550 1348
 1  3 Z  550 1338
 1  4 Z  550 1327
 1  5 Z  550 1324
 1  6 Z  550 1325
 1  7 Z  550 1324
 1  8 Z  550 1318
 1  9 Z  550 1310
 1 10 Z  550 1313
 1 11 Z  550 1325
 1 12 Z  550 1330
 1 13 Z  550 1328
 1 14 Z  550 1327
 1 15 Z  550 1322
 1 16 Z  550 1320
 1 17 Z  550 1317
 1 18 Z  550 1321
 1 19 Z  550 1317
 1 20 Z  550 1329
 1 21 Z  550 1315
 1 22 Z  550 1317
 1 23 Z  550 1315
 1 24 Z  550 1315
 1 25 Z  550 1310
 1 26 Z  550 1317
 1 27 Z  550 1311
 1 28 Z  550 1313
 1 29 Z  550 1331
 1 30 Z  550 1327
 1 31 Z  550 1320
 2  1 X    0  805
 2  2 X    0  791
 2  3 X    0  797
 2  4 X    0  832
 2  5 X    0  791
 2  6 X    0  811
 2  7 X    0  801
 2  8 X    0  789
 2  9 X    0  806
 2 10 X    0  780
 2 11 X    0  804
 2 12 X    0  815
 2 13 X    0  813
 2 14 X    0  810
 2 15 X    0  790
 2 16 X    0  806
 2 17 X    0  807
 2 18 X    0  807
 2 19 X    0  821
 2 20 X    0  792
 2 21 X    0  800
 2 22 X    0  817
 2 23 X    0  805
 2 24 X    0  815
 2 25 X    0  808
 2 26 X    0  799
 2 27 X    0  788
 2 28 X    0  785
 2 29 X    0  816
 2  1 Y  -50 1112
 2  2 Y  -50 1127
 2  3 Y  -50 1122
 2  4 Y  -50 1127
 2  5 Y  -50 1112
 2  6 Y  -50 1106
 2  7 Y  -50 1111
 2  8 Y  -50 1114
 2  9 Y  -50 1114
 2 10 Y  -50 1111
 2 11 Y  -50 1116
 2 12 Y  -50 1103
 2 13 Y  -50 1123
 2 14 Y  -50 1095
 2 15 Y  -50 1134
 2 16 Y  -50 1118
 2 17 Y  -50 1113
 2 18 Y  -50 1138
 2 19 Y  -50 1090
 2 20 Y  -50 1123
 2 21 Y  -50 1117
 2 22 Y  -50 1114
 2 23 Y  -50 1103
 2 24 Y  -50 1107
 2 25 Y  -50 1107
 2 26 Y  -50 1101
 2 27 Y  -50 1101
 2 28 Y  -50 1135
 2 29 Y  -50 1115
 2  1 Z  550 1316
 2  2 Z  550 1331
 2  3 Z  550 1324
 2  4 Z  550 1343
 2  5 Z  550 1320
 2  6 Z  550 1319
 2  7 Z  550 1317
 2  8 Z  550 1318
 2  9 Z  550 1338
 2 10 Z  550 1332
 2 11 Z  550 1361
 2 12 Z  550 1338
 2 13 Z  550 1321
 2 14 Z  550 1314
 2 15 Z  550 1310
 2 16 Z  550 1316
 2 17 Z  550 1322
 2 18 Z  550 1321
 2 19 Z  550 1328
 2 20 Z  550 1334
 2 21 Z  550 1342
 2 22 Z  550 1322
 2 23 Z  550 1306
 2 24 Z  550 1310
 2 25 Z  550 1298
 2 26 Z  550 1299
 2 27 Z  550 1305
 2 28 Z  550 1315
 2 29 Z  550 1323
 3  1 X    0  817
 3  2 X    0  805
 3  3 X    0  802
 3  4 X    0  806
 3  5 X    0  816
 3  6 X    0  809
 3  7 X    0  816
 3  8 X    0  808
 3  9 X    0  809
 3 10 X    0  803
 3 11 X    0  819
 3 12 X    0  785
 3 13 X    0  811
 3 14 X    0  793
 3 15 X    0  808
 3 16 X    0  826
 3 17 X    0  817
 3 18 X    0  822
 3 19 X    0  807
 3 20 X    0  817
 3 21 X    0  804
 3 22 X    0  813
 3 23 X    0  799
 3 24 X    0  827
 3 25 X    0  804
 3 26 X    0  809
 3 27 X    0  808
 3 28 X    0  820
 3 29 X    0  821
 3 30 X    0  797
 3 31 X    0  797
 3  1 Y  -50 1127
 3  2 Y  -50 1122
 3  3 Y  -50 1135
 3  4 Y  -50 1128
 3  5 Y  -50 1130
 3  6 Y  -50 1124
 3  7 Y  -50 1124
 3  8 Y  -50 1121
 3  9 Y  -50 1113
 3 10 Y  -50 1104
 3 11 Y  -50 1103
 3 12 Y  -50 1120
 3 13 Y  -50 1102
 3 14 Y  -50 1095
 3 15 Y  -50 1121
 3 16 Y  -50 1107
 3 17 Y  -50 1099
 3 18 Y  -50 1114
 3 19 Y  -50 1134
 3 20 Y  -50 1114
 3 21 Y  -50 1113
 3 22 Y  -50 1113
 3 23 Y  -50 1112
 3 24 Y  -50 1146
 3 25 Y  -50 1113
 3 26 Y  -50 1140
 3 27 Y  -50 1112
 3 28 Y  -50 1111
 3 29 Y  -50 1124
 3 30 Y  -50 1129
 3 31 Y  -50 1118
 3  1 Z  550 1321
 3  2 Z  550 1327
 3  3 Z  550 1322
 3  4 Z  550 1320
 3  5 Z  550 1337
 3  6 Z  550 1339
 3  7 Z  550 1332
 3  8 Z  550 1332
 3  9 Z  550 1323
 3 10 Z  550 1298
 3 11 Z  550 1311
 3 12 Z  550 1288
 3 13 Z  550 1301
 3 14 Z  550 1295
 3 15 Z  550 1308
 3 16 Z  550 1321
 3 17 Z  550 1293
 3 18 Z  550 1301
 3 19 Z  550 1291
 3 20 Z  550 1310
 3 21 Z  550 1301
 3 22 Z  550 1279
 3 23 Z  550 1307
 3 24 Z  550 1324
 3 25 Z  550 1329
 3 26 Z  550 1314
 3 27 Z  550 1319
 3 28 Z  550 1334
 3 29 Z  550 1309
 3 30 Z  550 1322
 3 31 Z  550 1324
 4  1 X    0  827
 4  2 X    0  798
 4  3 X    0  843
 4  4 X    0  831
 4  5 X    0  788
 4  6 X    0  823
 4  7 X    0  824
 4  8 X    0  824
 4  9 X    0  808
 4 10 X    0  817
 4 11 X    0  829
 4 12 X    0  794
 4 13 X    0  818
 4 14 X    0  821
 4 15 X    0  815
 4 16 X    0  814
 4 17 X    0  821
 4 18 X    0  822
 4 19 X    0  811
 4 20 X    0  820
 4 21 X    0  822
 4 22 X    0  813
 4 23 X    0  823
 4 24 X    0  822
 4 25 X    0  797
 4 26 X    0  790
 4 27 X    0  807
 4 28 X    0  813
 4 29 X    0  826
 4 30 X    0  823
 4  1 Y  -50 1125
 4  2 Y  -50 1107
 4  3 Y  -50 1113
 4  4 Y  -50 1114
 4  5 Y  -50 1117
 4  6 Y  -50 1135
 4  7 Y  -50 1112
 4  8 Y  -50 1107
 4  9 Y  -50 1103
 4 10 Y  -50 1112
 4 11 Y  -50 1100
 4 12 Y  -50 1096
 4 13 Y  -50 1117
 4 14 Y  -50 1116
 4 15 Y  -50 1126
 4 16 Y  -50 1113
 4 17 Y  -50 1134
 4 18 Y  -50 1112
 4 19 Y  -50 1102
 4 20 Y  -50 1102
 4 21 Y  -50 1123
 4 22 Y  -50 1122
 4 23 Y  -50 1115
 4 24 Y  -50 1112
 4 25 Y  -50 1124
 4 26 Y  -50 1109
 4 27 Y  -50 1118
 4 28 Y  -50 1105
 4 29 Y  -50 1126
 4 30 Y  -50 1121
 4  1 Z  550 1347
 4  2 Z  550 1334
 4  3 Z  550 1353
 4  4 Z  550 1331
 4  5 Z  550 1337
 4  6 Z  550 1312
 4  7 Z  550 1312
 4  8 Z  550 1302
 4  9 Z  550 1307
 4 10 Z  550 1317
 4 11 Z  550 1334
 4 12 Z  550 1244
 4 13 Z  550 1279
 4 14 Z  550 1303
 4 15 Z  550 1289
 4 16 Z  550 1303
 4 17 Z  550 1289
 4 18 Z  550 1313
 4 19 Z  550 1289
 4 20 Z  550 1299
 4 21 Z  550 1309
 4 22 Z  550 1313
 4 23 Z  550 1323
 4 24 Z  550 1309
 4 25 Z  550 1319
 4 26 Z  550 1306
 4 27 Z  550 1338
 4 28 Z  550 1342
 4 29 Z  550 1335
 4 30 Z  550 1316
 5  1 X    0  791
 5  2 X    0  845
 5  3 X    0  827
 5  4 X    0  811
 5  5 X    0  819
 5  6 X    0  825
 5  7 X    0  853
 5  8 X    0  801
 5  9 X    0  823
 5 10 X    0  797
 5 11 X    0  835
 5 12 X    0  828
 5 13 X    0  823
 5 14 X    0  824
 5 15 X    0  812
 5 16 X    0  834
 5 17 X    0  841
 5 18 X    0  801
 5 19 X    0  789
 5 20 X    0  822
 5 21 X    0  803
 5 22 X    0  828
 5 23 X    0  797
 5 24 X    0  821
 5 25 X    0  807
 5 26 X    0  829
 5 27 X    0  773
 5 28 X    0  759
 5 29 X    0  811
 5 30 X    0  853
 5 31 X    0  834
 5  1 Y  -50 1142
 5  2 Y  -50 1084
 5  3 Y  -50 1104
 5  4 Y  -50 1107
 5  5 Y  -50 1101
 5  6 Y  -50 1110
 5  7 Y  -50 1187
 5  8 Y  -50 1110
 5  9 Y  -50 1126
 5 10 Y  -50 1096
 5 11 Y  -50 1102
 5 12 Y  -50 1094
 5 13 Y  -50 1117
 5 14 Y  -50 1124
 5 15 Y  -50 1083
 5 16 Y  -50 1136
 5 17 Y  -50 1159
 5 18 Y  -50 1115
 5 19 Y  -50 1133
 5 20 Y  -50 1114
 5 21 Y  -50 1147
 5 22 Y  -50 1125
 5 23 Y  -50 1134
 5 24 Y  -50 1108
 5 25 Y  -50 1135
 5 26 Y  -50 1117
 5 27 Y  -50 1122
 5 28 Y  -50 1147
 5 29 Y  -50 1119
 5 30 Y  -50 1097
 5 31 Y  -50 1097
 5  1 Z  550 1339
 5  2 Z  550 1272
 5  3 Z  550 1262
 5  4 Z  550 1282
 5  5 Z  550 1257
 5  6 Z  550 1265
 5  7 Z  550 1363
 5  8 Z  550 1327
 5  9 Z  550 1284
 5 10 Z  550 1279
 5 11 Z  550 1196
 5 12 Z  550 1251
 5 13 Z  550 1261
 5 14 Z  550 1310
 5 15 Z  550 1286
 5 16 Z  550 1275
 5 17 Z  550 1263
 5 18 Z  550 1314
 5 19 Z  550 1326
 5 20 Z  550 1332
 5 21 Z  550 1305
 5 22 Z  550 1334
 5 23 Z  550 1347
 5 24 Z  550 1316
 5 25 Z  550 1344
 5 26 Z  550 1363
 5 27 Z  550 1360
 5 28 Z  550 1328
 5 29 Z  550 1252
 5 30 Z  550 1203
 5 31 Z  550 1235
 6  1 X    0  803
 6  2 X    0  795
 6  3 X    0  814
 6  4 X    0  807
 6  5 X    0  810
 6  6 X    0  837
 6  7 X    0  835
 6  8 X    0  834
 6  9 X    0  802
 6 10 X    0  858
 6 11 X    0  853
 6 12 X    0  827
 6 13 X    0  862
 6 14 X    0  843
 6 15 X    0  801
 6 16 X    0  778
 6 17 X    0  835
 6 18 X    0  808
 6 19 X    0  824
 6 20 X    0  787
 6 21 X    0  854
 6 22 X    0  870
 6 23 X    0  835
 6 24 X    0  825
 6 25 X    0  810
 6 26 X    0  828
 6 27 X    0  831
 6 28 X    0  795
 6 29 X    0  750
 6 30 X    0  784
 6  1 Y  -50 1160
 6  2 Y  -50 1128
 6  3 Y  -50 1146
 6  4 Y  -50 1130
 6  5 Y  -50 1119
 6  6 Y  -50 1142
 6  7 Y  -50 1124
 6  8 Y  -50 1120
 6  9 Y  -50 1126
 6 10 Y  -50 1089
 6 11 Y  -50 1103
 6 12 Y  -50 1122
 6 13 Y  -50 1155
 6 14 Y  -50 1169
 6 15 Y  -50 1119
 6 16 Y  -50 1149
 6 17 Y  -50 1128
 6 18 Y  -50 1136
 6 19 Y  -50 1121
 6 20 Y  -50 1136
 6 21 Y  -50 1090
 6 22 Y  -50 1108
 6 23 Y  -50 1113
 6 24 Y  -50 1102
 6 25 Y  -50 1115
 6 26 Y  -50 1100
 6 27 Y  -50 1134
 6 28 Y  -50 1153
 6 29 Y  -50 1160
 6 30 Y  -50 1141
 6  1 Z  550 1301
 6  2 Z  550 1346
 6  3 Z  550 1352
 6  4 Z  550 1289
 6  5 Z  550 1295
 6  6 Z  550 1326
 6  7 Z  550 1262
 6  8 Z  550 1209
 6  9 Z  550 1215
 6 10 Z  550 1316
 6 11 Z  550 1294
 6 12 Z  550 1312
 6 13 Z  550 1311
 6 14 Z  550 1339
 6 15 Z  550 1339
 6 16 Z  550 1374
 6 17 Z  550 1403
 6 18 Z  550 1282
 6 19 Z  550 1353
 6 20 Z  550 1396
 6 21 Z  550 1194
 6 22 Z  550 1251
 6 23 Z  550 1319
 6 24 Z  550 1251
 6 25 Z  550 1279
 6 26 Z  550 1225
 6 27 Z  550 1248
 6 28 Z  550 1328
 6 29 Z  550 1341
 6 30 Z  550 1388
 7  1 X    0  833
 7  2 X    0  835
 7  3 X    0  845
 7  4 X    0  848
 7  5 X    0  858
 7  6 X    0  870
 7  7 X    0  855
 7  8 X    0  844
 7  9 X    0  839
 7 10 X    0  821
 7 11 X    0  783
 7 12 X    0  836
 7 13 X    0  737
 7 14 X    0  819
 7 15 X    0  801
 7 16 X    0  808
 7 17 X    0  822
 7 18 X    0  852
 7 19 X    0  823
 7 20 X    0  807
 7 21 X    0  822
 7 22 X    0  842
 7 23 X    0  861
 7 24 X    0  840
 7 25 X    0  830
 7 26 X    0  801
 7 27 X    0  828
 7 28 X    0  814
 7 29 X    0  812
 7 30 X    0  804
 7 31 X    0  827
 7  1 Y  -50 1125
 7  2 Y  -50 1104
 7  3 Y  -50 1084
 7  4 Y  -50 1126
 7  5 Y  -50 1103
 7  6 Y  -50 1110
 7  7 Y  -50 1097
 7  8 Y  -50 1099
 7  9 Y  -50 1094
 7 10 Y  -50 1146
 7 11 Y  -50 1112
 7 12 Y  -50 1124
 7 13 Y  -50 1112
 7 14 Y  -50 1140
 7 15 Y  -50 1086
 7 16 Y  -50 1146
 7 17 Y  -50 1117
 7 18 Y  -50 1092
 7 19 Y  -50 1098
 7 20 Y  -50 1097
 7 21 Y  -50 1110
 7 22 Y  -50 1109
 7 23 Y  -50 1110
 7 24 Y  -50 1105
 7 25 Y  -50 1118
 7 26 Y  -50 1125
 7 27 Y  -50 1120
 7 28 Y  -50 1118
 7 29 Y  -50 1097
 7 30 Y  -50 1108
 7 31 Y  -50 1116
 7  1 Z  550 1334
 7  2 Z  550 1306
 7  3 Z  550 1255
 7  4 Z  550 1247
 7  5 Z  550 1231
 7  6 Z  550 1179
 7  7 Z  550 1247
 7  8 Z  550 1240
 7  9 Z  550 1252
 7 10 Z  550 1342
 7 11 Z  550 1342
 7 12 Z  550 1319
 7 13 Z  550 1335
 7 14 Z  550 1364
 7 15 Z  550 1319
 7 16 Z  550 1357
 7 17 Z  550 1288
 7 18 Z  550 1227
 7 19 Z  550 1257
 7 20 Z  550 1272
 7 21 Z  550 1235
 7 22 Z  550 1252
 7 23 Z  550 1241
 7 24 Z  550 1244
 7 25 Z  550 1325
 7 26 Z  550 1361
 7 27 Z  550 1354
 7 28 Z  550 1298
 7 29 Z  550 1316
 7 30 Z  550 1313
 7 31 Z  550 1348
 8  1 X    0  832
 8  2 X    0  848
 8  3 X    0  861
 8  4 X    0  844
 8  5 X    0  851
 8  6 X    0  805
 8  7 X    0  832
 8  8 X    0  822
 8  9 X    0  789
 8 10 X    0  814
 8 11 X    0  812
 8 12 X    0  803
 8 13 X    0  806
 8 14 X    0  833
 8 15 X    0  829
 8 16 X    0  795
 8 17 X    0  818
 8 18 X    0  829
 8 19 X    0  829
 8 20 X    0  816
 8 21 X    0  815
 8 22 X    0  805
 8 23 X    0  812
 8 24 X    0  820
 8 25 X    0  785
 8 26 X    0  799
 8 27 X    0  821
 8 28 X    0  807
 8 29 X    0  815
 8 30 X    0  809
 8 31 X    0  808
 8  1 Y  -50 1110
 8  2 Y  -50 1112
 8  3 Y  -50 1109
 8  4 Y  -50 1099
 8  5 Y  -50 1132
 8  6 Y  -50 1128
 8  7 Y  -50 1122
 8  8 Y  -50 1099
 8  9 Y  -50 1110
 8 10 Y  -50 1122
 8 11 Y  -50 1099
 8 12 Y  -50 1132
 8 13 Y  -50 1125
 8 14 Y  -50 1117
 8 15 Y  -50 1158
 8 16 Y  -50 1122
 8 17 Y  -50 1125
 8 18 Y  -50 1124
 8 19 Y  -50 1119
 8 20 Y  -50 1125
 8 21 Y  -50 1125
 8 22 Y  -50 1107
 8 23 Y  -50 1136
 8 24 Y  -50 1152
 8 25 Y  -50 1122
 8 26 Y  -50 1134
 8 27 Y  -50 1115
 8 28 Y  -50 1115
 8 29 Y  -50 1120
 8 30 Y  -50 1118
 8 31 Y  -50 1126
 8  1 Z  550 1265
 8  2 Z  550 1260
 8  3 Z  550 1168
 8  4 Z  550 1231
 8  5 Z  550 1310
 8  6 Z  550 1384
 8  7 Z  550 1348
 8  8 Z  550 1333
 8  9 Z  550 1322
 8 10 Z  550 1336
 8 11 Z  550 1308
 8 12 Z  550 1358
 8 13 Z  550 1300
 8 14 Z  550 1222
 8 15 Z  550 1315
 8 16 Z  550 1273
 8 17 Z  550 1282
 8 18 Z  550 1254
 8 19 Z  550 1251
 8 20 Z  550 1294
 8 21 Z  550 1353
 8 22 Z  550 1350
 8 23 Z  550 1375
 8 24 Z  550 1405
 8 25 Z  550 1362
 8 26 Z  550 1358
 8 27 Z  550 1345
 8 28 Z  550 1339
 8 29 Z  550 1340
 8 30 Z  550 1348
 8 31 Z  550 1287
 9  1 X    0  842
 9  2 X    0  809
 9  3 X    0  810
 9  4 X    0  827
 9  5 X    0  815
 9  6 X    0  802
 9  7 X    0  776
 9  8 X    0  866
 9  9 X    0  818
 9 10 X    0  811
 9 11 X    0  825
 9 12 X    0  814
 9 13 X    0  818
 9 14 X    0  833
 9 15 X    0  814
 9 16 X    0  831
 9 17 X    0  824
 9 18 X    0  812
 9 19 X    0  828
 9 20 X    0  805
 9 21 X    0  815
 9 22 X    0  806
 9 23 X    0  828
 9 24 X    0  801
 9 25 X    0  813
 9 26 X    0  813
 9 27 X    0  815
 9 28 X    0  807
 9 29 X    0  808
 9 30 X    0  797
 9  1 Y  -50 1109
 9  2 Y  -50 1165
 9  3 Y  -50 1113
 9  4 Y  -50 1139
 9  5 Y  -50 1113
 9  6 Y  -50 1125
 9  7 Y  -50 1156
 9  8 Y  -50 1137
 9  9 Y  -50 1107
 9 10 Y  -50 1104
 9 11 Y  -50 1103
 9 12 Y  -50 1130
 9 13 Y  -50 1116
 9 14 Y  -50 1114
 9 15 Y  -50 1121
 9 16 Y  -50 1107
 9 17 Y  -50 1098
 9 18 Y  -50 1106
 9 19 Y  -50 1127
 9 20 Y  -50 1106
 9 21 Y  -50 1132
 9 22 Y  -50 1114
 9 23 Y  -50 1135
 9 24 Y  -50 1105
 9 25 Y  -50 1116
 9 26 Y  -50 1113
 9 27 Y  -50 1105
 9 28 Y  -50 1118
 9 29 Y  -50 1106
 9 30 Y  -50 1103
 9  1 Z  550 1249
 9  2 Z  550 1334
 9  3 Z  550 1346
 9  4 Z  550 1326
 9  5 Z  550 1326
 9  6 Z  550 1379
 9  7 Z  550 1382
 9  8 Z  550 1343
 9  9 Z  550 1319
 9 10 Z  550 1290
 9 11 Z  550 1286
 9 12 Z  550 1287
 9 13 Z  550 1303
 9 14 Z  550 1322
 9 15 Z  550 1317
 9 16 Z  550 1321
 9 17 Z  550 1306
 9 18 Z  550 1286
 9 19 Z  550 1359
 9 20 Z  550 1352
 9 21 Z  550 1335
 9 22 Z  550 1338
 9 23 Z  550 1356
 9 24 Z  550 1341
 9 25 Z  550 1329
 9 26 Z  550 1311
 9 27 Z  550 1312
 9 28 Z  550 1300
 9 29 Z  550 1304
 9 30 Z  550 1309
10  1 X    0  802
10  2 X    0  820
10  3 X    0  847
10  4 X    0  799
10  5 X    0  820
10  6 X    0  813
10  7 X    0  791
10  8 X    0  812
10  9 X    0  806
10 10 X    0  815
10 11 X    0  811
10 12 X    0  777
10 13 X    0  813
10 14 X    0  806
10 15 X    0  812
10 16 X    0  817
10 17 X    0  799
10 18 X    0  815
10 19 X    0  794
10 20 X    0  816
10 21 X    0  811
10 22 X    0  810
10 23 X    0  804
10 24 X    0  797
10 25 X    0  816
10 26 X    0  808
10 27 X    0  809
10 28 X    0  811
10 29 X    0  781
10 30 X    0  785
10 31 X    0  793
10  1 Y  -50 1113
10  2 Y  -50 1134
10  3 Y  -50 1109
10  4 Y  -50 1120
10  5 Y  -50 1118
10  6 Y  -50 1112
10  7 Y  -50 1099
10  8 Y  -50 1113
10  9 Y  -50 1098
10 10 Y  -50 1113
10 11 Y  -50 1109
10 12 Y  -50 1116
10 13 Y  -50 1123
10 14 Y  -50 1114
10 15 Y  -50 1117
10 16 Y  -50 1124
10 17 Y  -50 1117
10 18 Y  -50 1113
10 19 Y  -50 1107
10 20 Y  -50 1125
10 21 Y  -50 1116
10 22 Y  -50 1116
10 23 Y  -50 1119
10 24 Y  -50 1129
10 25 Y  -50 1128
10 26 Y  -50 1122
10 27 Y  -50 1116
10 28 Y  -50 1102
10 29 Y  -50 1127
10 30 Y  -50 1131
10 31 Y  -50 1197
10  1 Z  550 1314
10  2 Z  550 1321
10  3 Z  550 1361
10  4 Z  550 1325
10  5 Z  550 1333
10  6 Z  550 1319
10  7 Z  550 1306
10  8 Z  550 1297
10  9 Z  550 1301
10 10 Z  550 1306
10 11 Z  550 1307
10 12 Z  550 1317
10 13 Z  550 1348
10 14 Z  550 1336
10 15 Z  550 1324
10 16 Z  550 1320
10 17 Z  550 1334
10 18 Z  550 1337
10 19 Z  550 1323
10 20 Z  550 1330
10 21 Z  550 1328
10 22 Z  550 1330
10 23 Z  550 1325
10 24 Z  550 1324
10 25 Z  550 1323
10 26 Z  550 1336
10 27 Z  550 1322
10 28 Z  550 1315
10 29 Z  550 1357
10 30 Z  550 1322
10 31 Z  550 1396
11  1 X    0  732
11  2 X    0  822
11  3 X    0  790
11  4 X    0  829
11  5 X    0  816
11  6 X    0  800
11  7 X    0  835
11  8 X    0  796
11  9 X    0  813
11 10 X    0  795
11 11 X    0  822
11 12 X    0  809
11 13 X    0  805
11 14 X    0  807
11 15 X    0  812
11 16 X    0  801
11 17 X    0  772
11 18 X    0  810
11 19 X    0  825
11 20 X    0  807
11 21 X    0  792
11 22 X    0  804
11 23 X    0  815
11 24 X    0  806
11 25 X    0  800
11 26 X    0  800
11 27 X    0  800
11 28 X    0  812
11 29 X    0  813
11 30 X    0  805
11  1 Y  -50 1121
11  2 Y  -50 1129
11  3 Y  -50 1109
11  4 Y  -50 1135
11  5 Y  -50 1117
11  6 Y  -50 1104
11  7 Y  -50 1126
11  8 Y  -50 1133
11  9 Y  -50 1127
11 10 Y  -50 1127
11 11 Y  -50 1125
11 12 Y  -50 1107
11 13 Y  -50 1120
11 14 Y  -50 1113
11 15 Y  -50 1113
11 16 Y  -50 1121
11 17 Y  -50 1123
11 18 Y  -50 1108
11 19 Y  -50 1118
11 20 Y  -50 1167
11 21 Y  -50 1116
11 22 Y  -50 1115
11 23 Y  -50 1109
11 24 Y  -50 1117
11 25 Y  -50 1118
11 26 Y  -50 1121
11 27 Y  -50 1109
11 28 Y  -50 1118
11 29 Y  -50 1112
11 30 Y  -50 1114
11  1 Z  550 1381
11  2 Z  550 1423
11  3 Z  550 1382
11  4 Z  550 1388
11  5 Z  550 1347
11  6 Z  550 1340
11  7 Z  550 1367
11  8 Z  550 1343
11  9 Z  550 1357
11 10 Z  550 1346
11 11 Z  550 1357
11 12 Z  550 1339
11 13 Z  550 1347
11 14 Z  550 1337
11 15 Z  550 1339
11 16 Z  550 1348
11 17 Z  550 1357
11 18 Z  550 1361
11 19 Z  550 1353
11 20 Z  550 1397
11 21 Z  550 1355
11 22 Z  550 1349
11 23 Z  550 1342
11 24 Z  550 1340
11 25 Z  550 1338
11 26 Z  550 1338
11 27 Z  550 1343
11 28 Z  550 1339
11 29 Z  550 1333
11 30 Z  550 1324
12  1 X    0  807
12  2 X    0  799
12  3 X    0  798
12  4 X    0  800
12  5 X    0  798
12  6 X    0  823
12  7 X    0  805
12  8 X    0  807
12  9 X    0  796
12 10 X    0  829
12 11 X    0  802
12 12 X    0  805
12 13 X    0  796
12 14 X    0  812
12 15 X    0  807
12 16 X    0  805
12 17 X    0  814
12 18 X    0  801
12 19 X    0  806
12 20 X    0  815
12 21 X    0  793
12 22 X    0  806
12 23 X    0  794
12 24 X    0  803
12 25 X    0  831
12 26 X    0  811
12 27 X    0  818
12 28 X    0  806
12 29 X    0  790
12 30 X    0  811
12 31 X    0  794
12  1 Y  -50 1126
12  2 Y  -50 1121
12  3 Y  -50 1125
12  4 Y  -50 1135
12  5 Y  -50 1121
12  6 Y  -50 1098
12  7 Y  -50 1123
12  8 Y  -50 1120
12  9 Y  -50 1117
12 10 Y  -50 1114
12 11 Y  -50 1118
12 12 Y  -50 1107
12 13 Y  -50 1116
12 14 Y  -50 1117
12 15 Y  -50 1116
12 16 Y  -50 1120
12 17 Y  -50 1112
12 18 Y  -50 1118
12 19 Y  -50 1117
12 20 Y  -50 1113
12 21 Y  -50 1113
12 22 Y  -50 1113
12 23 Y  -50 1122
12 24 Y  -50 1111
12 25 Y  -50 1100
12 26 Y  -50 1113
12 27 Y  -50 1130
12 28 Y  -50 1112
12 29 Y  -50 1114
12 30 Y  -50 1123
12 31 Y  -50 1114
12  1 Z  550 1338
12  2 Z  550 1328
12  3 Z  550 1344
12  4 Z  550 1351
12  5 Z  550 1351
12  6 Z  550 1357
12  7 Z  550 1329
12  8 Z  550 1335
12  9 Z  550 1329
12 10 Z  550 1351
12 11 Z  550 1345
12 12 Z  550 1351
12 13 Z  550 1345
12 14 Z  550 1341
12 15 Z  550 1335
12 16 Z  550 1338
12 17 Z  550 1332
12 18 Z  550 1332
12 19 Z  550 1337
12 20 Z  550 1332
12 21 Z  550 1336
12 22 Z  550 1342
12 23 Z  550 1341
12 24 Z  550 1342
12 25 Z  550 1357
12 26 Z  550 1335
12 27 Z  550 1345
12 28 Z  550 1333
12 29 Z  550 1336
12 30 Z  550 1337
12 31 Z  550 1341
