 1  1 X  -23 4562
 1  2 X  -23 4557
 1  3 X  -23 4562
 1  4 X  -23 4559
 1  5 X  -23 4543
 1  6 X  -23 4541
 1  7 X  -23 4565
 1  8 X  -23 4546
 1  9 X  -23 4561
 1 10 X  -23 4559
 1 11 X  -23 4560
 1 12 X  -23 4545
 1 13 X  -23 4547
 1 14 X  -23 4549
 1 15 X  -23 4563
 1 16 X  -23 4560
 1 17 X  -23 4556
 1 18 X  -23 4552
 1 19 X  -23 4556
 1 20 X  -23 4564
 1 21 X  -23 4556
 1 22 X  -23 4564
 1 23 X  -23 4558
 1 24 X  -23 4556
 1 25 X  -23 4565
 1 26 X  -23 4568
 1 27 X  -23 4556
 1 28 X  -23 4564
 1 29 X  -23 4571
 1 30 X  -23 4566
 1 31 X  -23 4550
 1  1 Y  -78 4503
 1  2 Y  -78 4501
 1  3 Y  -78 4502
 1  4 Y  -78 4502
 1  5 Y  -78 4508
 1  6 Y  -78 4501
 1  7 Y  -78 4501
 1  8 Y  -78 4506
 1  9 Y  -78 4498
 1 10 Y  -78 4501
 1 11 Y  -78 4501
 1 12 Y  -78 4509
 1 13 Y  -78 4510
 1 14 Y  -78 4510
 1 15 Y  -78 4507
 1 16 Y  -78 4508
 1 17 Y  -78 4503
 1 18 Y  -78 4505
 1 19 Y  -78 4516
 1 20 Y  -78 4499
 1 21 Y  -78 4503
 1 22 Y  -78 4500
 1 23 Y  -78 4503
 1 24 Y  -78 4513
 1 25 Y  -78 4499
 1 26 Y  -78 4506
 1 27 Y  -78 4500
 1 28 Y  -78 4504
 1 29 Y  -78 4503
 1 30 Y  -78 4502
 1 31 Y  -78 4495
 1  1 Z  517 4599
 1  2 Z  517 4594
 1  3 Z  517 4597
 1  4 Z  517 4593
 1  5 Z  517 4610
 1  6 Z  517 4621
 1  7 Z  517 4625
 1  8 Z  517 4620
 1  9 Z  517 4615
 1 10 Z  517 4608
 1 11 Z  517 4605
 1 12 Z  517 4599
 1 13 Z  517 4612
 1 14 Z  517 4616
 1 15 Z  517 4609
 1 16 Z  517 4619
 1 17 Z  517 4615
 1 18 Z  517 4611
 1 19 Z  517 4613
 1 20 Z  517 4609
 1 21 Z  517 4602
 1 22 Z  517 4606
 1 23 Z  517 4599
 1 24 Z  517 4600
 1 25 Z  517 4613
 1 26 Z  517 4608
 1 27 Z  517 4596
 1 28 Z  517 4601
 1 29 Z  517 4602
 1 30 Z  517 4599
 1 31 Z  517 4598
 1  1 F 0000  NaN
 1  2 F 0000  NaN
 1  3 F 0000  NaN
 1  4 F 0000  NaN
 1  5 F 0000  NaN
 1  6 F 0000  NaN
 1  7 F 0000  NaN
 1  8 F 0000  NaN
 1  9 F 0000  NaN
 1 10 F 0000  NaN
 1 11 F 0000  NaN
 1 12 F 0000  NaN
 1 13 F 0000  NaN
 1 14 F 0000  NaN
 1 15 F 0000  NaN
 1 16 F 0000  NaN
 1 17 F 0000  NaN
 1 18 F 0000  NaN
 1 19 F 0000  NaN
 1 20 F 0000  NaN
 1 21 F 0000  NaN
 1 22 F 0000  NaN
 1 23 F 0000  NaN
 1 24 F 0000  NaN
 1 25 F 0000  NaN
 1 26 F 0000  NaN
 1 27 F 0000  NaN
 1 28 F 0000  NaN
 1 29 F 0000  NaN
 1 30 F 0000  NaN
 1 31 F 0000  NaN
 2  1 X  -23 4545
 2  2 X  -23 4564
 2  3 X  -23 4556
 2  4 X  -23 4566
 2  5 X  -23 4558
 2  6 X  -23 4549
 2  7 X  -23 4564
 2  8 X  -23 4559
 2  9 X  -23 4562
 2 10 X  -23 4543
 2 11 X  -23 4564
 2 12 X  -23 4560
 2 13 X  -23 4565
 2 14 X  -23 4557
 2 15 X  -23 4571
 2 16 X  -23 4568
 2 17 X  -23 4573
 2 18 X  -23 4554
 2 19 X  -23 4565
 2 20 X  -23 4575
 2 21 X  -23 4566
 2 22 X  -23 4573
 2 23 X  -23 4560
 2 24 X  -23 4566
 2 25 X  -23 4573
 2 26 X  -23 4563
 2 27 X  -23 4545
 2 28 X  -23 4549
 2 29 X  -23 4551
 2  1 Y  -78 4495
 2  2 Y  -78 4503
 2  3 Y  -78 4511
 2  4 Y  -78 4506
 2  5 Y  -78 4507
 2  6 Y  -78 4496
 2  7 Y  -78 4501
 2  8 Y  -78 4502
 2  9 Y  -78 4508
 2 10 Y  -78 4517
 2 11 Y  -78 4511
 2 12 Y  -78 4520
 2 13 Y  -78 4515
 2 14 Y  -78 4503
 2 15 Y  -78 4516
 2 16 Y  -78 4509
 2 17 Y  -78 4511
 2 18 Y  -78 4517
 2 19 Y  -78 4512
 2 20 Y  -78 4507
 2 21 Y  -78 4517
 2 22 Y  -78 4509
 2 23 Y  -78 4503
 2 24 Y  -78 4503
 2 25 Y  -78 4505
 2 26 Y  -78 4506
 2 27 Y  -78 4504
 2 28 Y  -78 4506
 2 29 Y  -78 4514
 2  1 Z  517 4613
 2  2 Z  517 4625
 2  3 Z  517 4622
 2  4 Z  517 4621
 2  5 Z  517 4609
 2  6 Z  517 4602
 2  7 Z  517 4608
 2  8 Z  517 4602
 2  9 Z  517 4598
 2 10 Z  517 4601
 2 11 Z  517 4622
 2 12 Z  517 4619
 2 13 Z  517 4611
 2 14 Z  517 4608
 2 15 Z  517 4614
 2 16 Z  517 4606
 2 17 Z  517 4605
 2 18 Z  517 4609
 2 19 Z  517 4617
 2 20 Z  517 4605
 2 21 Z  517 4604
 2 22 Z  517 4599
 2 23 Z  517 4596
 2 24 Z  517 4598
 2 25 Z  517 4597
 2 26 Z  517 4598
 2 27 Z  517 4598
 2 28 Z  517 4618
 2 29 Z  517 4637
 2  1 F 0000  NaN
 2  2 F 0000  NaN
 2  3 F 0000  NaN
 2  4 F 0000  NaN
 2  5 F 0000  NaN
 2  6 F 0000  NaN
 2  7 F 0000  NaN
 2  8 F 0000  NaN
 2  9 F 0000  NaN
 2 10 F 0000  NaN
 2 11 F 0000  NaN
 2 12 F 0000  NaN
 2 13 F 0000  NaN
 2 14 F 0000  NaN
 2 15 F 0000  NaN
 2 16 F 0000  NaN
 2 17 F 0000  NaN
 2 18 F 0000  NaN
 2 19 F 0000  NaN
 2 20 F 0000  NaN
 2 21 F 0000  NaN
 2 22 F 0000  NaN
 2 23 F 0000  NaN
 2 24 F 0000  NaN
 2 25 F 0000  NaN
 2 26 F 0000  NaN
 2 27 F 0000  NaN
 2 28 F 0000  NaN
 2 29 F 0000  NaN
 3  1 X  -23 4568
 3  2 X  -23 4564
 3  3 X  -23 4569
 3  4 X  -23 4578
 3  5 X  -23 4569
 3  6 X  -23 4566
 3  7 X  -23 4572
 3  8 X  -23 4562
 3  9 X  -23 4578
 3 10 X  -23 4566
 3 11 X  -23 4566
 3 12 X  -23 4570
 3 13 X  -23 4579
 3 14 X  -23 4555
 3 15 X  -23 4582
 3 16 X  -23 4576
 3 17 X  -23 4565
 3 18 X  -23 4579
 3 19 X  -23 4553
 3 20 X  -23 4572
 3 21 X  -23 4567
 3 22 X  -23 4575
 3 23 X  -23 4585
 3 24 X  -23 4576
 3 25 X  -23 4569
 3 26 X  -23 4555
 3 27 X  -23 4555
 3 28 X  -23 4573
 3 29 X  -23 4569
 3 30 X  -23 4578
 3 31 X  -23 4567
 3  1 Y  -78 4509
 3  2 Y  -78 4513
 3  3 Y  -78 4508
 3  4 Y  -78 4502
 3  5 Y  -78 4520
 3  6 Y  -78 4503
 3  7 Y  -78 4505
 3  8 Y  -78 4515
 3  9 Y  -78 4503
 3 10 Y  -78 4501
 3 11 Y  -78 4520
 3 12 Y  -78 4500
 3 13 Y  -78 4527
 3 14 Y  -78 4511
 3 15 Y  -78 4515
 3 16 Y  -78 4502
 3 17 Y  -78 4504
 3 18 Y  -78 4508
 3 19 Y  -78 4510
 3 20 Y  -78 4508
 3 21 Y  -78 4501
 3 22 Y  -78 4494
 3 23 Y  -78 4505
 3 24 Y  -78 4502
 3 25 Y  -78 4502
 3 26 Y  -78 4526
 3 27 Y  -78 4503
 3 28 Y  -78 4520
 3 29 Y  -78 4513
 3 30 Y  -78 4507
 3 31 Y  -78 4512
 3  1 Z  517 4645
 3  2 Z  517 4632
 3  3 Z  517 4618
 3  4 Z  517 4617
 3  5 Z  517 4608
 3  6 Z  517 4607
 3  7 Z  517 4608
 3  8 Z  517 4592
 3  9 Z  517 4630
 3 10 Z  517 4620
 3 11 Z  517 4613
 3 12 Z  517 4611
 3 13 Z  517 4613
 3 14 Z  517 4606
 3 15 Z  517 4615
 3 16 Z  517 4603
 3 17 Z  517 4601
 3 18 Z  517 4608
 3 19 Z  517 4587
 3 20 Z  517 4596
 3 21 Z  517 4592
 3 22 Z  517 4586
 3 23 Z  517 4599
 3 24 Z  517 4594
 3 25 Z  517 4592
 3 26 Z  517 4612
 3 27 Z  517 4657
 3 28 Z  517 4652
 3 29 Z  517 4630
 3 30 Z  517 4638
 3 31 Z  517 4603
 3  1 F 0000  NaN
 3  2 F 0000  NaN
 3  3 F 0000  NaN
 3  4 F 0000  NaN
 3  5 F 0000  NaN
 3  6 F 0000  NaN
 3  7 F 0000  NaN
 3  8 F 0000  NaN
 3  9 F 0000  NaN
 3 10 F 0000  NaN
 3 11 F 0000  NaN
 3 12 F 0000  NaN
 3 13 F 0000  NaN
 3 14 F 0000  NaN
 3 15 F 0000  NaN
 3 16 F 0000  NaN
 3 17 F 0000  NaN
 3 18 F 0000  NaN
 3 19 F 0000  NaN
 3 20 F 0000  NaN
 3 21 F 0000  NaN
 3 22 F 0000  NaN
 3 23 F 0000  NaN
 3 24 F 0000  NaN
 3 25 F 0000  NaN
 3 26 F 0000  NaN
 3 27 F 0000  NaN
 3 28 F 0000  NaN
 3 29 F 0000  NaN
 3 30 F 0000  NaN
 3 31 F 0000  NaN
 4  1 X  -23 4585
 4  2 X  -23 4571
 4  3 X  -23 4581
 4  4 X  -23 4560
 4  5 X  -23 4557
 4  6 X  -23 4585
 4  7 X  -23 4574
 4  8 X  -23 4574
 4  9 X  -23 4588
 4 10 X  -23 4583
 4 11 X  -23 4588
 4 12 X  -23 4591
 4 13 X  -23 4573
 4 14 X  -23 4579
 4 15 X  -23 4550
 4 16 X  -23 4575
 4 17 X  -23 4586
 4 18 X  -23 4583
 4 19 X  -23 4581
 4 20 X  -23 4581
 4 21 X  -23 4590
 4 22 X  -23 4570
 4 23 X  -23 4573
 4 24 X  -23 4596
 4 25 X  -23 4584
 4 26 X  -23 4559
 4 27 X  -23 4587
 4 28 X  -23 4570
 4 29 X  -23 4580
 4 30 X  -23 4573
 4  1 Y  -78 4499
 4  2 Y  -78 4512
 4  3 Y  -78 4499
 4  4 Y  -78 4514
 4  5 Y  -78 4521
 4  6 Y  -78 4505
 4  7 Y  -78 4504
 4  8 Y  -78 4507
 4  9 Y  -78 4505
 4 10 Y  -78 4503
 4 11 Y  -78 4510
 4 12 Y  -78 4516
 4 13 Y  -78 4520
 4 14 Y  -78 4507
 4 15 Y  -78 4523
 4 16 Y  -78 4501
 4 17 Y  -78 4506
 4 18 Y  -78 4506
 4 19 Y  -78 4490
 4 20 Y  -78 4516
 4 21 Y  -78 4509
 4 22 Y  -78 4508
 4 23 Y  -78 4524
 4 24 Y  -78 4515
 4 25 Y  -78 4512
 4 26 Y  -78 4521
 4 27 Y  -78 4521
 4 28 Y  -78 4531
 4 29 Y  -78 4514
 4 30 Y  -78 4527
 4  1 Z  517 4601
 4  2 Z  517 4606
 4  3 Z  517 4594
 4  4 Z  517 4551
 4  5 Z  517 4588
 4  6 Z  517 4601
 4  7 Z  517 4585
 4  8 Z  517 4583
 4  9 Z  517 4594
 4 10 Z  517 4585
 4 11 Z  517 4577
 4 12 Z  517 4599
 4 13 Z  517 4586
 4 14 Z  517 4595
 4 15 Z  517 4619
 4 16 Z  517 4580
 4 17 Z  517 4578
 4 18 Z  517 4581
 4 19 Z  517 4571
 4 20 Z  517 4567
 4 21 Z  517 4585
 4 22 Z  517 4579
 4 23 Z  517 4615
 4 24 Z  517 4649
 4 25 Z  517 4618
 4 26 Z  517 4622
 4 27 Z  517 4622
 4 28 Z  517 4590
 4 29 Z  517 4610
 4 30 Z  517 4617
 4  1 F 0000  NaN
 4  2 F 0000  NaN
 4  3 F 0000  NaN
 4  4 F 0000  NaN
 4  5 F 0000  NaN
 4  6 F 0000  NaN
 4  7 F 0000  NaN
 4  8 F 0000  NaN
 4  9 F 0000  NaN
 4 10 F 0000  NaN
 4 11 F 0000  NaN
 4 12 F 0000  NaN
 4 13 F 0000  NaN
 4 14 F 0000  NaN
 4 15 F 0000  NaN
 4 16 F 0000  NaN
 4 17 F 0000  NaN
 4 18 F 0000  NaN
 4 19 F 0000  NaN
 4 20 F 0000  NaN
 4 21 F 0000  NaN
 4 22 F 0000  NaN
 4 23 F 0000  NaN
 4 24 F 0000  NaN
 4 25 F 0000  NaN
 4 26 F 0000  NaN
 4 27 F 0000  NaN
 4 28 F 0000  NaN
 4 29 F 0000  NaN
 4 30 F 0000  NaN
 5  1 X  -23 4582
 5  2 X  -23 4609
 5  3 X  -23 4594
 5  4 X  -23 4594
 5  5 X  -23 4584
 5  6 X  -23 4597
 5  7 X  -23 4585
 5  8 X  -23 4595
 5  9 X  -23 4597
 5 10 X  -23 4587
 5 11 X  -23 4581
 5 12 X  -23 4590
 5 13 X  -23 4605
 5 14 X  -23 4596
 5 15 X  -23 4585
 5 16 X  -23 4598
 5 17 X  -23 4597
 5 18 X  -23 4610
 5 19 X  -23 4599
 5 20 X  -23 4580
 5 21 X  -23 4577
 5 22 X  -23 4578
 5 23 X  -23 4586
 5 24 X  -23 4592
 5 25 X  -23 4590
 5 26 X  -23 4583
 5 27 X  -23 4586
 5 28 X  -23 4615
 5 29 X  -23 4619
 5 30 X  -23 4599
 5 31 X  -23 4613
 5  1 Y  -78 4496
 5  2 Y  -78 4500
 5  3 Y  -78 4503
 5  4 Y  -78 4499
 5  5 Y  -78 4520
 5  6 Y  -78 4495
 5  7 Y  -78 4504
 5  8 Y  -78 4506
 5  9 Y  -78 4500
 5 10 Y  -78 4513
 5 11 Y  -78 4508
 5 12 Y  -78 4510
 5 13 Y  -78 4504
 5 14 Y  -78 4507
 5 15 Y  -78 4507
 5 16 Y  -78 4512
 5 17 Y  -78 4499
 5 18 Y  -78 4491
 5 19 Y  -78 4519
 5 20 Y  -78 4525
 5 21 Y  -78 4519
 5 22 Y  -78 4519
 5 23 Y  -78 4526
 5 24 Y  -78 4519
 5 25 Y  -78 4517
 5 26 Y  -78 4518
 5 27 Y  -78 4523
 5 28 Y  -78 4513
 5 29 Y  -78 4512
 5 30 Y  -78 4522
 5 31 Y  -78 4520
 5  1 Z  517 4568
 5  2 Z  517 4583
 5  3 Z  517 4581
 5  4 Z  517 4544
 5  5 Z  517 4564
 5  6 Z  517 4579
 5  7 Z  517 4567
 5  8 Z  517 4569
 5  9 Z  517 4576
 5 10 Z  517 4597
 5 11 Z  517 4564
 5 12 Z  517 4568
 5 13 Z  517 4561
 5 14 Z  517 4560
 5 15 Z  517 4589
 5 16 Z  517 4559
 5 17 Z  517 4556
 5 18 Z  517 4570
 5 19 Z  517 4563
 5 20 Z  517 4623
 5 21 Z  517 4612
 5 22 Z  517 4589
 5 23 Z  517 4578
 5 24 Z  517 4604
 5 25 Z  517 4605
 5 26 Z  517 4598
 5 27 Z  517 4608
 5 28 Z  517 4546
 5 29 Z  517 4553
 5 30 Z  517 4544
 5 31 Z  517 4535
 5  1 F 0000  NaN
 5  2 F 0000  NaN
 5  3 F 0000  NaN
 5  4 F 0000  NaN
 5  5 F 0000  NaN
 5  6 F 0000  NaN
 5  7 F 0000  NaN
 5  8 F 0000  NaN
 5  9 F 0000  NaN
 5 10 F 0000  NaN
 5 11 F 0000  NaN
 5 12 F 0000  NaN
 5 13 F 0000  NaN
 5 14 F 0000  NaN
 5 15 F 0000  NaN
 5 16 F 0000  NaN
 5 17 F 0000  NaN
 5 18 F 0000  NaN
 5 19 F 0000  NaN
 5 20 F 0000  NaN
 5 21 F 0000  NaN
 5 22 F 0000  NaN
 5 23 F 0000  NaN
 5 24 F 0000  NaN
 5 25 F 0000  NaN
 5 26 F 0000  NaN
 5 27 F 0000  NaN
 5 28 F 0000  NaN
 5 29 F 0000  NaN
 5 30 F 0000  NaN
 5 31 F 0000  NaN
 6  1 X  -23 4608
 6  2 X  -23 4610
 6  3 X  -23 4603
 6  4 X  -23 4601
 6  5 X  -23 4606
 6  6 X  -23 4573
 6  7 X  -23 4596
 6  8 X  -23 4588
 6  9 X  -23 4580
 6 10 X  -23 4576
 6 11 X  -23 4615
 6 12 X  -23 4600
 6 13 X  -23 4600
 6 14 X  -23 4555
 6 15 X  -23 4585
 6 16 X  -23 4577
 6 17 X  -23 4596
 6 18 X  -23 4596
 6 19 X  -23 4592
 6 20 X  -23 4593
 6 21 X  -23 4597
 6 22 X  -23 4601
 6 23 X  -23 4592
 6 24 X  -23 4578
 6 25 X  -23 4616
 6 26 X  -23 4649
 6 27 X  -23 4615
 6 28 X  -23 4639
 6 29 X  -23 4617
 6 30 X  -23 4619
 6  1 Y  -78 4505
 6  2 Y  -78 4497
 6  3 Y  -78 4500
 6  4 Y  -78 4505
 6  5 Y  -78 4508
 6  6 Y  -78 4535
 6  7 Y  -78 4540
 6  8 Y  -78 4518
 6  9 Y  -78 4517
 6 10 Y  -78 4528
 6 11 Y  -78 4496
 6 12 Y  -78 4508
 6 13 Y  -78 4506
 6 14 Y  -78 4517
 6 15 Y  -78 4509
 6 16 Y  -78 4521
 6 17 Y  -78 4515
 6 18 Y  -78 4522
 6 19 Y  -78 4530
 6 20 Y  -78 4518
 6 21 Y  -78 4507
 6 22 Y  -78 4500
 6 23 Y  -78 4510
 6 24 Y  -78 4519
 6 25 Y  -78 4478
 6 26 Y  -78 4516
 6 27 Y  -78 4523
 6 28 Y  -78 4518
 6 29 Y  -78 4491
 6 30 Y  -78 4516
 6  1 Z  517 4543
 6  2 Z  517 4541
 6  3 Z  517 4541
 6  4 Z  517 4569
 6  5 Z  517 4557
 6  6 Z  517 4578
 6  7 Z  517 4588
 6  8 Z  517 4607
 6  9 Z  517 4606
 6 10 Z  517 4616
 6 11 Z  517 4552
 6 12 Z  517 4558
 6 13 Z  517 4566
 6 14 Z  517 4592
 6 15 Z  517 4632
 6 16 Z  517 4600
 6 17 Z  517 4591
 6 18 Z  517 4622
 6 19 Z  517 4580
 6 20 Z  517 4614
 6 21 Z  517 4577
 6 22 Z  517 4585
 6 23 Z  517 4614
 6 24 Z  517 4607
 6 25 Z  517 4537
 6 26 Z  517 4504
 6 27 Z  517 4571
 6 28 Z  517 4508
 6 29 Z  517 4545
 6 30 Z  517 4527
 6  1 F 0000  NaN
 6  2 F 0000  NaN
 6  3 F 0000  NaN
 6  4 F 0000  NaN
 6  5 F 0000  NaN
 6  6 F 0000  NaN
 6  7 F 0000  NaN
 6  8 F 0000  NaN
 6  9 F 0000  NaN
 6 10 F 0000  NaN
 6 11 F 0000  NaN
 6 12 F 0000  NaN
 6 13 F 0000  NaN
 6 14 F 0000  NaN
 6 15 F 0000  NaN
 6 16 F 0000  NaN
 6 17 F 0000  NaN
 6 18 F 0000  NaN
 6 19 F 0000  NaN
 6 20 F 0000  NaN
 6 21 F 0000  NaN
 6 22 F 0000  NaN
 6 23 F 0000  NaN
 6 24 F 0000  NaN
 6 25 F 0000  NaN
 6 26 F 0000  NaN
 6 27 F 0000  NaN
 6 28 F 0000  NaN
 6 29 F 0000  NaN
 6 30 F 0000  NaN
 7  1 X  -23 4621
 7  2 X  -23 4614
 7  3 X  -23 4611
 7  4 X  -23 4595
 7  5 X  -23 4583
 7  6 X  -23 4586
 7  7 X  -23 4587
 7  8 X  -23 4585
 7  9 X  -23 4587
 7 10 X  -23 4572
 7 11 X  -23 4597
 7 12 X  -23 4611
 7 13 X  -23 4594
 7 14 X  -23 4602
 7 15 X  -23 4602
 7 16 X  -23 4565
 7 17 X  -23 4586
 7 18 X  -23 4598
 7 19 X  -23 4570
 7 20 X  -23 4575
 7 21 X  -23 4617
 7 22 X  -23 4606
 7 23 X  -23 4613
 7 24 X  -23 4637
 7 25 X  -23 4630
 7 26 X  -23 4615
 7 27 X  -23 4619
 7 28 X  -23 4617
 7 29 X  -23 4614
 7 30 X  -23 4595
 7 31 X  -23 4586
 7  1 Y  -78 4506
 7  2 Y  -78 4503
 7  3 Y  -78 4505
 7  4 Y  -78 4529
 7  5 Y  -78 4537
 7  6 Y  -78 4520
 7  7 Y  -78 4516
 7  8 Y  -78 4519
 7  9 Y  -78 4521
 7 10 Y  -78 4520
 7 11 Y  -78 4524
 7 12 Y  -78 4530
 7 13 Y  -78 4522
 7 14 Y  -78 4531
 7 15 Y  -78 4509
 7 16 Y  -78 4519
 7 17 Y  -78 4519
 7 18 Y  -78 4515
 7 19 Y  -78 4535
 7 20 Y  -78 4522
 7 21 Y  -78 4510
 7 22 Y  -78 4496
 7 23 Y  -78 4526
 7 24 Y  -78 4512
 7 25 Y  -78 4490
 7 26 Y  -78 4512
 7 27 Y  -78 4506
 7 28 Y  -78 4515
 7 29 Y  -78 4513
 7 30 Y  -78 4511
 7 31 Y  -78 4523
 7  1 Z  517 4544
 7  2 Z  517 4552
 7  3 Z  517 4554
 7  4 Z  517 4580
 7  5 Z  517 4619
 7  6 Z  517 4596
 7  7 Z  517 4603
 7  8 Z  517 4593
 7  9 Z  517 4599
 7 10 Z  517 4594
 7 11 Z  517 4629
 7 12 Z  517 4639
 7 13 Z  517 4590
 7 14 Z  517 4600
 7 15 Z  517 4595
 7 16 Z  517 4614
 7 17 Z  517 4612
 7 18 Z  517 4603
 7 19 Z  517 4625
 7 20 Z  517 4607
 7 21 Z  517 4532
 7 22 Z  517 4511
 7 23 Z  517 4570
 7 24 Z  517 4551
 7 25 Z  517 4535
 7 26 Z  517 4537
 7 27 Z  517 4528
 7 28 Z  517 4557
 7 29 Z  517 4560
 7 30 Z  517 4591
 7 31 Z  517 4600
 7  1 F 0000  NaN
 7  2 F 0000  NaN
 7  3 F 0000  NaN
 7  4 F 0000  NaN
 7  5 F 0000  NaN
 7  6 F 0000  NaN
 7  7 F 0000  NaN
 7  8 F 0000  NaN
 7  9 F 0000  NaN
 7 10 F 0000  NaN
 7 11 F 0000  NaN
 7 12 F 0000  NaN
 7 13 F 0000  NaN
 7 14 F 0000  NaN
 7 15 F 0000  NaN
 7 16 F 0000  NaN
 7 17 F 0000  NaN
 7 18 F 0000  NaN
 7 19 F 0000  NaN
 7 20 F 0000  NaN
 7 21 F 0000  NaN
 7 22 F 0000  NaN
 7 23 F 0000  NaN
 7 24 F 0000  NaN
 7 25 F 0000  NaN
 7 26 F 0000  NaN
 7 27 F 0000  NaN
 7 28 F 0000  NaN
 7 29 F 0000  NaN
 7 30 F 0000  NaN
 7 31 F 0000  NaN
 8  1 X  -23 4585
 8  2 X  -23 4575
 8  3 X  -23 4593
 8  4 X  -23 4599
 8  5 X  -23 4608
 8  6 X  -23 4591
 8  7 X  -23 4572
 8  8 X  -23 4584
 8  9 X  -23 4574
 8 10 X  -23 4589
 8 11 X  -23 4597
 8 12 X  -23 4605
 8 13 X  -23 4598
 8 14 X  -23 4611
 8 15 X  -23 4609
 8 16 X  -23 4587
 8 17 X  -23 4619
 8 18 X  -23 4608
 8 19 X  -23 4614
 8 20 X  -23 4618
 8 21 X  -23 4612
 8 22 X  -23 4623
 8 23 X  -23 4603
 8 24 X  -23 4606
 8 25 X  -23 4604
 8 26 X  -23 4602
 8 27 X  -23 4596
 8 28 X  -23 4593
 8 29 X  -23 4592
 8 30 X  -23 4603
 8 31 X  -23 4597
 8  1 Y  -78 4522
 8  2 Y  -78 4518
 8  3 Y  -78 4525
 8  4 Y  -78 4519
 8  5 Y  -78 4513
 8  6 Y  -78 4530
 8  7 Y  -78 4534
 8  8 Y  -78 4523
 8  9 Y  -78 4522
 8 10 Y  -78 4526
 8 11 Y  -78 4529
 8 12 Y  -78 4521
 8 13 Y  -78 4509
 8 14 Y  -78 4508
 8 15 Y  -78 4515
 8 16 Y  -78 4526
 8 17 Y  -78 4518
 8 18 Y  -78 4545
 8 19 Y  -78 4528
 8 20 Y  -78 4512
 8 21 Y  -78 4516
 8 22 Y  -78 4515
 8 23 Y  -78 4513
 8 24 Y  -78 4515
 8 25 Y  -78 4517
 8 26 Y  -78 4514
 8 27 Y  -78 4518
 8 28 Y  -78 4522
 8 29 Y  -78 4514
 8 30 Y  -78 4518
 8 31 Y  -78 4527
 8  1 Z  517 4591
 8  2 Z  517 4607
 8  3 Z  517 4575
 8  4 Z  517 4591
 8  5 Z  517 4582
 8  6 Z  517 4594
 8  7 Z  517 4626
 8  8 Z  517 4612
 8  9 Z  517 4626
 8 10 Z  517 4626
 8 11 Z  517 4610
 8 12 Z  517 4615
 8 13 Z  517 4614
 8 14 Z  517 4590
 8 15 Z  517 4590
 8 16 Z  517 4604
 8 17 Z  517 4563
 8 18 Z  517 4567
 8 19 Z  517 4584
 8 20 Z  517 4577
 8 21 Z  517 4567
 8 22 Z  517 4552
 8 23 Z  517 4581
 8 24 Z  517 4575
 8 25 Z  517 4593
 8 26 Z  517 4578
 8 27 Z  517 4599
 8 28 Z  517 4597
 8 29 Z  517 4602
 8 30 Z  517 4593
 8 31 Z  517 4584
 8  1 F 0000  NaN
 8  2 F 0000  NaN
 8  3 F 0000  NaN
 8  4 F 0000  NaN
 8  5 F 0000  NaN
 8  6 F 0000  NaN
 8  7 F 0000  NaN
 8  8 F 0000  NaN
 8  9 F 0000  NaN
 8 10 F 0000  NaN
 8 11 F 0000  NaN
 8 12 F 0000  NaN
 8 13 F 0000  NaN
 8 14 F 0000  NaN
 8 15 F 0000  NaN
 8 16 F 0000  NaN
 8 17 F 0000  NaN
 8 18 F 0000  NaN
 8 19 F 0000  NaN
 8 20 F 0000  NaN
 8 21 F 0000  NaN
 8 22 F 0000  NaN
 8 23 F 0000  NaN
 8 24 F 0000  NaN
 8 25 F 0000  NaN
 8 26 F 0000  NaN
 8 27 F 0000  NaN
 8 28 F 0000  NaN
 8 29 F 0000  NaN
 8 30 F 0000  NaN
 8 31 F 0000  NaN
 9  1 X  -23 4604
 9  2 X  -23 4609
 9  3 X  -23 4606
 9  4 X  -23 4611
 9  5 X  -23 4602
 9  6 X  -23 4596
 9  7 X  -23 4591
 9  8 X  -23 4601
 9  9 X  -23 4608
 9 10 X  -23 4600
 9 11 X  -23 4604
 9 12 X  -23 4604
 9 13 X  -23 4604
 9 14 X  -23 4601
 9 15 X  -23 4605
 9 16 X  -23 4610
 9 17 X  -23 4612
 9 18 X  -23 4617
 9 19 X  -23 4607
 9 20 X  -23 4608
 9 21 X  -23 4594
 9 22 X  -23 4605
 9 23 X  -23 4607
 9 24 X  -23 4611
 9 25 X  -23 4595
 9 26 X  -23 4612
 9 27 X  -23 4604
 9 28 X  -23 4615
 9 29 X  -23 4608
 9 30 X  -23 4601
 9  1 Y  -78 4521
 9  2 Y  -78 4523
 9  3 Y  -78 4497
 9  4 Y  -78 4519
 9  5 Y  -78 4516
 9  6 Y  -78 4514
 9  7 Y  -78 4526
 9  8 Y  -78 4528
 9  9 Y  -78 4518
 9 10 Y  -78 4523
 9 11 Y  -78 4511
 9 12 Y  -78 4516
 9 13 Y  -78 4514
 9 14 Y  -78 4506
 9 15 Y  -78 4543
 9 16 Y  -78 4521
 9 17 Y  -78 4502
 9 18 Y  -78 4540
 9 19 Y  -78 4521
 9 20 Y  -78 4517
 9 21 Y  -78 4522
 9 22 Y  -78 4517
 9 23 Y  -78 4522
 9 24 Y  -78 4521
 9 25 Y  -78 4516
 9 26 Y  -78 4516
 9 27 Y  -78 4513
 9 28 Y  -78 4520
 9 29 Y  -78 4523
 9 30 Y  -78 4518
 9  1 Z  517 4572
 9  2 Z  517 4597
 9  3 Z  517 4603
 9  4 Z  517 4621
 9  5 Z  517 4605
 9  6 Z  517 4604
 9  7 Z  517 4613
 9  8 Z  517 4594
 9  9 Z  517 4608
 9 10 Z  517 4596
 9 11 Z  517 4593
 9 12 Z  517 4599
 9 13 Z  517 4589
 9 14 Z  517 4571
 9 15 Z  517 4583
 9 16 Z  517 4591
 9 17 Z  517 4596
 9 18 Z  517 4594
 9 19 Z  517 4580
 9 20 Z  517 4602
 9 21 Z  517 4596
 9 22 Z  517 4608
 9 23 Z  517 4588
 9 24 Z  517 4589
 9 25 Z  517 4588
 9 26 Z  517 4590
 9 27 Z  517 4593
 9 28 Z  517 4590
 9 29 Z  517 4601
 9 30 Z  517 4593
 9  1 F 0000  NaN
 9  2 F 0000  NaN
 9  3 F 0000  NaN
 9  4 F 0000  NaN
 9  5 F 0000  NaN
 9  6 F 0000  NaN
 9  7 F 0000  NaN
 9  8 F 0000  NaN
 9  9 F 0000  NaN
 9 10 F 0000  NaN
 9 11 F 0000  NaN
 9 12 F 0000  NaN
 9 13 F 0000  NaN
 9 14 F 0000  NaN
 9 15 F 0000  NaN
 9 16 F 0000  NaN
 9 17 F 0000  NaN
 9 18 F 0000  NaN
 9 19 F 0000  NaN
 9 20 F 0000  NaN
 9 21 F 0000  NaN
 9 22 F 0000  NaN
 9 23 F 0000  NaN
 9 24 F 0000  NaN
 9 25 F 0000  NaN
 9 26 F 0000  NaN
 9 27 F 0000  NaN
 9 28 F 0000  NaN
 9 29 F 0000  NaN
 9 30 F 0000  NaN
10  1 X  -23 4605
10  2 X  -23 4598
10  3 X  -23 4606
10  4 X  -23 4615
10  5 X  -23 4612
10  6 X  -23 4612
10  7 X  -23 4605
10  8 X  -23 4608
10  9 X  -23 4609
10 10 X  -23 4610
10 11 X  -23 4591
10 12 X  -23 4608
10 13 X  -23 4618
10 14 X  -23 4612
10 15 X  -23 4620
10 16 X  -23 4616
10 17 X  -23 4611
10 18 X  -23 4608
10 19 X  -23 4600
10 20 X  -23 4609
10 21 X  -23 4613
10 22 X  -23 4598
10 23 X  -23 4616
10 24 X  -23 4615
10 25 X  -23 4612
10 26 X  -23 4615
10 27 X  -23 4614
10 28 X  -23 4608
10 29 X  -23 4607
10 30 X  -23 4597
10 31 X  -23 4617
10  1 Y  -78 4527
10  2 Y  -78 4533
10  3 Y  -78 4525
10  4 Y  -78 4518
10  5 Y  -78 4520
10  6 Y  -78 4518
10  7 Y  -78 4523
10  8 Y  -78 4516
10  9 Y  -78 4518
10 10 Y  -78 4517
10 11 Y  -78 4542
10 12 Y  -78 4512
10 13 Y  -78 4517
10 14 Y  -78 4531
10 15 Y  -78 4527
10 16 Y  -78 4522
10 17 Y  -78 4523
10 18 Y  -78 4519
10 19 Y  -78 4524
10 20 Y  -78 4519
10 21 Y  -78 4518
10 22 Y  -78 4524
10 23 Y  -78 4517
10 24 Y  -78 4519
10 25 Y  -78 4519
10 26 Y  -78 4519
10 27 Y  -78 4521
10 28 Y  -78 4525
10 29 Y  -78 4518
10 30 Y  -78 4524
10 31 Y  -78 4521
10  1 Z  517 4608
10  2 Z  517 4600
10  3 Z  517 4602
10  4 Z  517 4611
10  5 Z  517 4604
10  6 Z  517 4605
10  7 Z  517 4594
10  8 Z  517 4602
10  9 Z  517 4593
10 10 Z  517 4586
10 11 Z  517 4597
10 12 Z  517 4608
10 13 Z  517 4603
10 14 Z  517 4585
10 15 Z  517 4599
10 16 Z  517 4593
10 17 Z  517 4584
10 18 Z  517 4595
10 19 Z  517 4596
10 20 Z  517 4593
10 21 Z  517 4596
10 22 Z  517 4593
10 23 Z  517 4597
10 24 Z  517 4592
10 25 Z  517 4589
10 26 Z  517 4592
10 27 Z  517 4594
10 28 Z  517 4596
10 29 Z  517 4599
10 30 Z  517 4599
10 31 Z  517 4598
10  1 F 0000  NaN
10  2 F 0000  NaN
10  3 F 0000  NaN
10  4 F 0000  NaN
10  5 F 0000  NaN
10  6 F 0000  NaN
10  7 F 0000  NaN
10  8 F 0000  NaN
10  9 F 0000  NaN
10 10 F 0000  NaN
10 11 F 0000  NaN
10 12 F 0000  NaN
10 13 F 0000  NaN
10 14 F 0000  NaN
10 15 F 0000  NaN
10 16 F 0000  NaN
10 17 F 0000  NaN
10 18 F 0000  NaN
10 19 F 0000  NaN
10 20 F 0000  NaN
10 21 F 0000  NaN
10 22 F 0000  NaN
10 23 F 0000  NaN
10 24 F 0000  NaN
10 25 F 0000  NaN
10 26 F 0000  NaN
10 27 F 0000  NaN
10 28 F 0000  NaN
10 29 F 0000  NaN
10 30 F 0000  NaN
10 31 F 0000  NaN
11  1 X  -23 4613
11  2 X  -23 4612
11  3 X  -23 4613
11  4 X  -23 4615
11  5 X  -23 4615
11  6 X  -23 4614
11  7 X  -23 4612
11  8 X  -23 4619
11  9 X  -23 4615
11 10 X  -23 4620
11 11 X  -23 4618
11 12 X  -23 4619
11 13 X  -23 4619
11 14 X  -23 4618
11 15 X  -23 4616
11 16 X  -23 4620
11 17 X  -23 4620
11 18 X  -23 4618
11 19 X  -23 4615
11 20 X  -23 4617
11 21 X  -23 4619
11 22 X  -23 4618
11 23 X  -23 4622
11 24 X  -23 4619
11 25 X  -23 4613
11 26 X  -23 4618
11 27 X  -23 4616
11 28 X  -23 4617
11 29 X  -23 4620
11 30 X  -23 4618
11  1 Y  -78 4520
11  2 Y  -78 4523
11  3 Y  -78 4522
11  4 Y  -78 4518
11  5 Y  -78 4520
11  6 Y  -78 4520
11  7 Y  -78 4515
11  8 Y  -78 4538
11  9 Y  -78 4514
11 10 Y  -78 4524
11 11 Y  -78 4519
11 12 Y  -78 4524
11 13 Y  -78 4523
11 14 Y  -78 4520
11 15 Y  -78 4518
11 16 Y  -78 4510
11 17 Y  -78 4518
11 18 Y  -78 4520
11 19 Y  -78 4521
11 20 Y  -78 4518
11 21 Y  -78 4520
11 22 Y  -78 4520
11 23 Y  -78 4521
11 24 Y  -78 4520
11 25 Y  -78 4519
11 26 Y  -78 4515
11 27 Y  -78 4524
11 28 Y  -78 4518
11 29 Y  -78 4523
11 30 Y  -78 4523
11  1 Z  517 4602
11  2 Z  517 4593
11  3 Z  517 4594
11  4 Z  517 4592
11  5 Z  517 4591
11  6 Z  517 4588
11  7 Z  517 4589
11  8 Z  517 4613
11  9 Z  517 4614
11 10 Z  517 4597
11 11 Z  517 4594
11 12 Z  517 4593
11 13 Z  517 4590
11 14 Z  517 4588
11 15 Z  517 4587
11 16 Z  517 4600
11 17 Z  517 4594
11 18 Z  517 4591
11 19 Z  517 4589
11 20 Z  517 4589
11 21 Z  517 4588
11 22 Z  517 4586
11 23 Z  517 4589
11 24 Z  517 4587
11 25 Z  517 4592
11 26 Z  517 4601
11 27 Z  517 4599
11 28 Z  517 4593
11 29 Z  517 4591
11 30 Z  517 4589
11  1 F 0000  NaN
11  2 F 0000  NaN
11  3 F 0000  NaN
11  4 F 0000  NaN
11  5 F 0000  NaN
11  6 F 0000  NaN
11  7 F 0000  NaN
11  8 F 0000  NaN
11  9 F 0000  NaN
11 10 F 0000  NaN
11 11 F 0000  NaN
11 12 F 0000  NaN
11 13 F 0000  NaN
11 14 F 0000  NaN
11 15 F 0000  NaN
11 16 F 0000  NaN
11 17 F 0000  NaN
11 18 F 0000  NaN
11 19 F 0000  NaN
11 20 F 0000  NaN
11 21 F 0000  NaN
11 22 F 0000  NaN
11 23 F 0000  NaN
11 24 F 0000  NaN
11 25 F 0000  NaN
11 26 F 0000  NaN
11 27 F 0000  NaN
11 28 F 0000  NaN
11 29 F 0000  NaN
11 30 F 0000  NaN
12  1 X  -23 4620
12  2 X  -23 4621
12  3 X  -23 4616
12  4 X  -23 4621
12  5 X  -23 4616
12  6 X  -23 4616
12  7 X  -23 4620
12  8 X  -23 4620
12  9 X  -23 4623
12 10 X  -23 4613
12 11 X  -23 4621
12 12 X  -23 4619
12 13 X  -23 4623
12 14 X  -23 4622
12 15 X  -23 4623
12 16 X  -23 4615
12 17 X  -23 4614
12 18 X  -23 4621
12 19 X  -23 4621
12 20 X  -23 4624
12 21 X  -23 4626
12 22 X  -23 4616
12 23 X  -23 4611
12 24 X  -23 4621
12 25 X  -23 4619
12 26 X  -23 4625
12 27 X  -23 4624
12 28 X  -23 4626
12 29 X  -23 4627
12 30 X  -23 4626
12 31 X  -23 4623
12  1 Y  -78 4521
12  2 Y  -78 4522
12  3 Y  -78 4522
12  4 Y  -78 4528
12  5 Y  -78 4533
12  6 Y  -78 4527
12  7 Y  -78 4531
12  8 Y  -78 4523
12  9 Y  -78 4522
12 10 Y  -78 4523
12 11 Y  -78 4524
12 12 Y  -78 4526
12 13 Y  -78 4521
12 14 Y  -78 4522
12 15 Y  -78 4523
12 16 Y  -78 4524
12 17 Y  -78 4528
12 18 Y  -78 4523
12 19 Y  -78 4528
12 20 Y  -78 4528
12 21 Y  -78 4523
12 22 Y  -78 4525
12 23 Y  -78 4518
12 24 Y  -78 4522
12 25 Y  -78 4528
12 26 Y  -78 4521
12 27 Y  -78 4521
12 28 Y  -78 4527
12 29 Y  -78 4524
12 30 Y  -78 4522
12 31 Y  -78 4532
12  1 Z  517 4588
12  2 Z  517 4587
12  3 Z  517 4584
12  4 Z  517 4593
12  5 Z  517 4606
12  6 Z  517 4623
12  7 Z  517 4604
12  8 Z  517 4593
12  9 Z  517 4590
12 10 Z  517 4585
12 11 Z  517 4592
12 12 Z  517 4591
12 13 Z  517 4589
12 14 Z  517 4588
12 15 Z  517 4588
12 16 Z  517 4587
12 17 Z  517 4593
12 18 Z  517 4586
12 19 Z  517 4590
12 20 Z  517 4588
12 21 Z  517 4588
12 22 Z  517 4586
12 23 Z  517 4592
12 24 Z  517 4596
12 25 Z  517 4589
12 26 Z  517 4588
12 27 Z  517 4588
12 28 Z  517 4585
12 29 Z  517 4585
12 30 Z  517 4582
12 31 Z  517 4594
12  1 F 0000  NaN
12  2 F 0000  NaN
12  3 F 0000  NaN
12  4 F 0000  NaN
12  5 F 0000  NaN
12  6 F 0000  NaN
12  7 F 0000  NaN
12  8 F 0000  NaN
12  9 F 0000  NaN
12 10 F 0000  NaN
12 11 F 0000  NaN
12 12 F 0000  NaN
12 13 F 0000  NaN
12 14 F 0000  NaN
12 15 F 0000  NaN
12 16 F 0000  NaN
12 17 F 0000  NaN
12 18 F 0000  NaN
12 19 F 0000  NaN
12 20 F 0000  NaN
12 21 F 0000  NaN
12 22 F 0000  NaN
12 23 F 0000  NaN
12 24 F 0000  NaN
12 25 F 0000  NaN
12 26 F 0000  NaN
12 27 F 0000  NaN
12 28 F 0000  NaN
12 29 F 0000  NaN
12 30 F 0000  NaN
12 31 F 0000  NaN
