 1  1 X   15  486
 1  2 X   15  481
 1  3 X   15  485
 1  4 X   15  483
 1  5 X   15  473
 1  6 X   15  485
 1  7 X   15  497
 1  8 X   15  487
 1  9 X   15  484
 1 10 X   15  493
 1 11 X   15  475
 1 12 X   15  472
 1 13 X   15  478
 1 14 X   15  487
 1 15 X   15  460
 1 16 X   15  469
 1 17 X   15  487
 1 18 X   15  491
 1 19 X   15  475
 1 20 X   15  478
 1 21 X   15  488
 1 22 X   15  443
 1 23 X   15  470
 1 24 X   15  489
 1 25 X   15  491
 1 26 X   15  477
 1 27 X   15  486
 1 28 X   15  488
 1 29 X   15  500
 1 30 X   15  497
 1 31 X   15  505
 1  1 Y  -31 -279
 1  2 Y  -31 -288
 1  3 Y  -31 -276
 1  4 Y  -31 -274
 1  5 Y  -31 -291
 1  6 Y  -31 -307
 1  7 Y  -31 -246
 1  8 Y  -31 -294
 1  9 Y  -31 -268
 1 10 Y  -31 -276
 1 11 Y  -31 -261
 1 12 Y  -31 -288
 1 13 Y  -31 -279
 1 14 Y  -31 -276
 1 15 Y  -31 -275
 1 16 Y  -31 -295
 1 17 Y  -31 -283
 1 18 Y  -31 -297
 1 19 Y  -31 -266
 1 20 Y  -31 -279
 1 21 Y  -31 -275
 1 22 Y  -31 -293
 1 23 Y  -31 -258
 1 24 Y  -31 -289
 1 25 Y  -31 -279
 1 26 Y  -31 -283
 1 27 Y  -31 -290
 1 28 Y  -31 -293
 1 29 Y  -31 -285
 1 30 Y  -31 -276
 1 31 Y  -31 -286
 1  1 Z  558  551
 1  2 Z  558  542
 1  3 Z  558  544
 1  4 Z  558  556
 1  5 Z  558  563
 1  6 Z  558  561
 1  7 Z  558  602
 1  8 Z  558  539
 1  9 Z  558  571
 1 10 Z  558  570
 1 11 Z  558  549
 1 12 Z  558  543
 1 13 Z  558  546
 1 14 Z  558  556
 1 15 Z  558  552
 1 16 Z  558  558
 1 17 Z  558  554
 1 18 Z  558  556
 1 19 Z  558  554
 1 20 Z  558  551
 1 21 Z  558  554
 1 22 Z  558  608
 1 23 Z  558  583
 1 24 Z  558  568
 1 25 Z  558  582
 1 26 Z  558  558
 1 27 Z  558  541
 1 28 Z  558  551
 1 29 Z  558  541
 1 30 Z  558  543
 1 31 Z  558  542
 2  1 X   15  493
 2  2 X   15  492
 2  3 X   15  501
 2  4 X   15  490
 2  5 X   15  513
 2  6 X   15  498
 2  7 X   15  506
 2  8 X   15  500
 2  9 X   15  484
 2 10 X   15  503
 2 11 X   15  480
 2 12 X   15  484
 2 13 X   15  483
 2 14 X   15  475
 2 15 X   15  498
 2 16 X   15  499
 2 17 X   15  485
 2 18 X   15  487
 2 19 X   15  495
 2 20 X   15  493
 2 21 X   15  496
 2 22 X   15  495
 2 23 X   15  499
 2 24 X   15  497
 2 25 X   15  506
 2 26 X   15  511
 2 27 X   15  496
 2 28 X   15  500
 2 29 X   15  499
 2  1 Y  -31 -292
 2  2 Y  -31 -264
 2  3 Y  -31 -286
 2  4 Y  -31 -282
 2  5 Y  -31 -288
 2  6 Y  -31 -274
 2  7 Y  -31 -283
 2  8 Y  -31 -291
 2  9 Y  -31 -283
 2 10 Y  -31 -282
 2 11 Y  -31 -246
 2 12 Y  -31 -283
 2 13 Y  -31 -277
 2 14 Y  -31 -274
 2 15 Y  -31 -281
 2 16 Y  -31 -275
 2 17 Y  -31 -271
 2 18 Y  -31 -277
 2 19 Y  -31 -290
 2 20 Y  -31 -280
 2 21 Y  -31 -289
 2 22 Y  -31 -275
 2 23 Y  -31 -289
 2 24 Y  -31 -276
 2 25 Y  -31 -284
 2 26 Y  -31 -288
 2 27 Y  -31 -298
 2 28 Y  -31 -272
 2 29 Y  -31 -276
 2  1 Z  558  539
 2  2 Z  558  538
 2  3 Z  558  565
 2  4 Z  558  544
 2  5 Z  558  555
 2  6 Z  558  556
 2  7 Z  558  539
 2  8 Z  558  526
 2  9 Z  558  527
 2 10 Z  558  528
 2 11 Z  558  545
 2 12 Z  558  563
 2 13 Z  558  560
 2 14 Z  558  552
 2 15 Z  558  585
 2 16 Z  558  555
 2 17 Z  558  550
 2 18 Z  558  550
 2 19 Z  558  537
 2 20 Z  558  530
 2 21 Z  558  526
 2 22 Z  558  531
 2 23 Z  558  526
 2 24 Z  558  540
 2 25 Z  558  534
 2 26 Z  558  526
 2 27 Z  558  515
 2 28 Z  558  516
 2 29 Z  558  532
 3  1 X   15  479
 3  2 X   15  504
 3  3 X   15  506
 3  4 X   15  503
 3  5 X   15  514
 3  6 X   15  511
 3  7 X   15  507
 3  8 X   15  511
 3  9 X   15  470
 3 10 X   15  507
 3 11 X   15  466
 3 12 X   15  501
 3 13 X   15  497
 3 14 X   15  496
 3 15 X   15  500
 3 16 X   15  495
 3 17 X   15  500
 3 18 X   15  502
 3 19 X   15  502
 3 20 X   15  497
 3 21 X   15  509
 3 22 X   15  502
 3 23 X   15  499
 3 24 X   15  513
 3 25 X   15  516
 3 26 X   15  498
 3 27 X   15  495
 3 28 X   15  517
 3 29 X   15  519
 3 30 X   15  529
 3 31 X   15  511
 3  1 Y  -31 -293
 3  2 Y  -31 -291
 3  3 Y  -31 -273
 3  4 Y  -31 -286
 3  5 Y  -31 -291
 3  6 Y  -31 -292
 3  7 Y  -31 -288
 3  8 Y  -31 -287
 3  9 Y  -31 -266
 3 10 Y  -31 -302
 3 11 Y  -31 -274
 3 12 Y  -31 -280
 3 13 Y  -31 -275
 3 14 Y  -31 -276
 3 15 Y  -31 -281
 3 16 Y  -31 -287
 3 17 Y  -31 -284
 3 18 Y  -31 -278
 3 19 Y  -31 -275
 3 20 Y  -31 -292
 3 21 Y  -31 -261
 3 22 Y  -31 -292
 3 23 Y  -31 -287
 3 24 Y  -31 -288
 3 25 Y  -31 -289
 3 26 Y  -31 -278
 3 27 Y  -31 -284
 3 28 Y  -31 -271
 3 29 Y  -31 -273
 3 30 Y  -31 -274
 3 31 Y  -31 -267
 3  1 Z  558  535
 3  2 Z  558  533
 3  3 Z  558  529
 3  4 Z  558  518
 3  5 Z  558  534
 3  6 Z  558  519
 3  7 Z  558  513
 3  8 Z  558  506
 3  9 Z  558  516
 3 10 Z  558  568
 3 11 Z  558  551
 3 12 Z  558  556
 3 13 Z  558  554
 3 14 Z  558  546
 3 15 Z  558  544
 3 16 Z  558  538
 3 17 Z  558  537
 3 18 Z  558  538
 3 19 Z  558  554
 3 20 Z  558  515
 3 21 Z  558  523
 3 22 Z  558  530
 3 23 Z  558  523
 3 24 Z  558  521
 3 25 Z  558  476
 3 26 Z  558  489
 3 27 Z  558  507
 3 28 Z  558  522
 3 29 Z  558  502
 3 30 Z  558  518
 3 31 Z  558  504
 4  1 X   15  516
 4  2 X   15  512
 4  3 X   15  479
 4  4 X   15  521
 4  5 X   15  464
 4  6 X   15  514
 4  7 X   15  498
 4  8 X   15  518
 4  9 X   15  519
 4 10 X   15  512
 4 11 X   15  498
 4 12 X   15  525
 4 13 X   15  511
 4 14 X   15  503
 4 15 X   15  499
 4 16 X   15  522
 4 17 X   15  506
 4 18 X   15  518
 4 19 X   15  521
 4 20 X   15  514
 4 21 X   15  527
 4 22 X   15  533
 4 23 X   15  531
 4 24 X   15  545
 4 25 X   15  535
 4 26 X   15  537
 4 27 X   15  523
 4 28 X   15  515
 4 29 X   15  542
 4 30 X   15  533
 4  1 Y  -31 -285
 4  2 Y  -31 -292
 4  3 Y  -31 -294
 4  4 Y  -31 -277
 4  5 Y  -31 -234
 4  6 Y  -31 -279
 4  7 Y  -31 -291
 4  8 Y  -31 -274
 4  9 Y  -31 -275
 4 10 Y  -31 -292
 4 11 Y  -31 -291
 4 12 Y  -31 -285
 4 13 Y  -31 -278
 4 14 Y  -31 -267
 4 15 Y  -31 -268
 4 16 Y  -31 -261
 4 17 Y  -31 -256
 4 18 Y  -31 -262
 4 19 Y  -31 -278
 4 20 Y  -31 -287
 4 21 Y  -31 -278
 4 22 Y  -31 -293
 4 23 Y  -31 -254
 4 24 Y  -31 -280
 4 25 Y  -31 -280
 4 26 Y  -31 -311
 4 27 Y  -31 -303
 4 28 Y  -31 -285
 4 29 Y  -31 -292
 4 30 Y  -31 -304
 4  1 Z  558  503
 4  2 Z  558  516
 4  3 Z  558  514
 4  4 Z  558  547
 4  5 Z  558  585
 4  6 Z  558  572
 4  7 Z  558  551
 4  8 Z  558  551
 4  9 Z  558  552
 4 10 Z  558  518
 4 11 Z  558  512
 4 12 Z  558  554
 4 13 Z  558  530
 4 14 Z  558  546
 4 15 Z  558  539
 4 16 Z  558  536
 4 17 Z  558  555
 4 18 Z  558  508
 4 19 Z  558  525
 4 20 Z  558  518
 4 21 Z  558  479
 4 22 Z  558  449
 4 23 Z  558  490
 4 24 Z  558  477
 4 25 Z  558  512
 4 26 Z  558  485
 4 27 Z  558  452
 4 28 Z  558  480
 4 29 Z  558  459
 4 30 Z  558  474
 5  1 X   15  503
 5  2 X   15  477
 5  3 X   15  516
 5  4 X   15  506
 5  5 X   15  513
 5  6 X   15  513
 5  7 X   15  521
 5  8 X   15  510
 5  9 X   15  514
 5 10 X   15  507
 5 11 X   15  487
 5 12 X   15  515
 5 13 X   15  514
 5 14 X   15  526
 5 15 X   15  517
 5 16 X   15  513
 5 17 X   15  517
 5 18 X   15  555
 5 19 X   15  536
 5 20 X   15  530
 5 21 X   15  577
 5 22 X   15  591
 5 23 X   15  550
 5 24 X   15  579
 5 25 X   15  561
 5 26 X   15  583
 5 27 X   15  561
 5 28 X   15  529
 5 29 X   15  513
 5 30 X   15  480
 5 31 X   15  520
 5  1 Y  -31 -280
 5  2 Y  -31 -271
 5  3 Y  -31 -284
 5  4 Y  -31 -269
 5  5 Y  -31 -257
 5  6 Y  -31 -292
 5  7 Y  -31 -270
 5  8 Y  -31 -246
 5  9 Y  -31 -275
 5 10 Y  -31 -265
 5 11 Y  -31 -290
 5 12 Y  -31 -287
 5 13 Y  -31 -265
 5 14 Y  -31 -278
 5 15 Y  -31 -261
 5 16 Y  -31 -272
 5 17 Y  -31 -278
 5 18 Y  -31 -309
 5 19 Y  -31 -256
 5 20 Y  -31 -308
 5 21 Y  -31 -293
 5 22 Y  -31 -283
 5 23 Y  -31 -286
 5 24 Y  -31 -304
 5 25 Y  -31 -281
 5 26 Y  -31 -314
 5 27 Y  -31 -295
 5 28 Y  -31 -265
 5 29 Y  -31 -290
 5 30 Y  -31 -270
 5 31 Y  -31 -276
 5  1 Z  558  549
 5  2 Z  558  537
 5  3 Z  558  538
 5  4 Z  558  539
 5  5 Z  558  554
 5  6 Z  558  525
 5  7 Z  558  529
 5  8 Z  558  539
 5  9 Z  558  531
 5 10 Z  558  541
 5 11 Z  558  524
 5 12 Z  558  533
 5 13 Z  558  536
 5 14 Z  558  536
 5 15 Z  558  546
 5 16 Z  558  541
 5 17 Z  558  510
 5 18 Z  558  439
 5 19 Z  558  468
 5 20 Z  558  436
 5 21 Z  558  444
 5 22 Z  558  415
 5 23 Z  558  422
 5 24 Z  558  471
 5 25 Z  558  448
 5 26 Z  558  412
 5 27 Z  558  448
 5 28 Z  558  424
 5 29 Z  558  528
 5 30 Z  558  547
 5 31 Z  558  541
 6  1 X   15  518
 6  2 X   15  513
 6  3 X   15  511
 6  4 X   15  539
 6  5 X   15  495
 6  6 X   15  522
 6  7 X   15  497
 6  8 X   15  526
 6  9 X   15  516
 6 10 X   15  489
 6 11 X   15  532
 6 12 X   15  537
 6 13 X   15  541
 6 14 X   15  606
 6 15 X   15  563
 6 16 X   15  607
 6 17 X   15  559
 6 18 X   15  546
 6 19 X   15  577
 6 20 X   15  545
 6 21 X   15  561
 6 22 X   15  560
 6 23 X   15  585
 6 24 X   15  602
 6 25 X   15  494
 6 26 X   15  487
 6 27 X   15  521
 6 28 X   15  512
 6 29 X   15  508
 6 30 X   15  531
 6  1 Y  -31 -278
 6  2 Y  -31 -260
 6  3 Y  -31 -281
 6  4 Y  -31 -265
 6  5 Y  -31 -267
 6  6 Y  -31 -273
 6  7 Y  -31 -259
 6  8 Y  -31 -266
 6  9 Y  -31 -252
 6 10 Y  -31 -276
 6 11 Y  -31 -278
 6 12 Y  -31 -271
 6 13 Y  -31 -312
 6 14 Y  -31 -297
 6 15 Y  -31 -278
 6 16 Y  -31 -310
 6 17 Y  -31 -281
 6 18 Y  -31 -260
 6 19 Y  -31 -294
 6 20 Y  -31 -290
 6 21 Y  -31 -277
 6 22 Y  -31 -289
 6 23 Y  -31 -304
 6 24 Y  -31 -315
 6 25 Y  -31 -258
 6 26 Y  -31 -241
 6 27 Y  -31 -270
 6 28 Y  -31 -297
 6 29 Y  -31 -290
 6 30 Y  -31 -273
 6  1 Z  558  529
 6  2 Z  558  533
 6  3 Z  558  542
 6  4 Z  558  525
 6  5 Z  558  530
 6  6 Z  558  523
 6  7 Z  558  531
 6  8 Z  558  532
 6  9 Z  558  540
 6 10 Z  558  532
 6 11 Z  558  525
 6 12 Z  558  495
 6 13 Z  558  477
 6 14 Z  558  418
 6 15 Z  558  385
 6 16 Z  558  436
 6 17 Z  558  457
 6 18 Z  558  480
 6 19 Z  558  433
 6 20 Z  558  452
 6 21 Z  558  447
 6 22 Z  558  453
 6 23 Z  558  414
 6 24 Z  558  410
 6 25 Z  558  512
 6 26 Z  558  501
 6 27 Z  558  512
 6 28 Z  558  539
 6 29 Z  558  523
 6 30 Z  558  540
 7  1 X   15  523
 7  2 X   15  510
 7  3 X   15  526
 7  4 X   15  523
 7  5 X   15  527
 7  6 X   15  536
 7  7 X   15  518
 7  8 X   15  517
 7  9 X   15  575
 7 10 X   15  579
 7 11 X   15  611
 7 12 X   15  566
 7 13 X   15  549
 7 14 X   15  566
 7 15 X   15  501
 7 16 X   15  542
 7 17 X   15  593
 7 18 X   15  515
 7 19 X   15  541
 7 20 X   15  494
 7 21 X   15  520
 7 22 X   15  531
 7 23 X   15  585
 7 24 X   15  583
 7 25 X   15  573
 7 26 X   15  522
 7 27 X   15  589
 7 28 X   15  530
 7 29 X   15  527
 7 30 X   15  515
 7 31 X   15  542
 7  1 Y  -31 -263
 7  2 Y  -31 -248
 7  3 Y  -31 -263
 7  4 Y  -31 -285
 7  5 Y  -31 -284
 7  6 Y  -31 -289
 7  7 Y  -31 -264
 7  8 Y  -31 -265
 7  9 Y  -31 -301
 7 10 Y  -31 -291
 7 11 Y  -31 -327
 7 12 Y  -31 -297
 7 13 Y  -31 -277
 7 14 Y  -31 -280
 7 15 Y  -31 -275
 7 16 Y  -31 -306
 7 17 Y  -31 -303
 7 18 Y  -31 -275
 7 19 Y  -31 -269
 7 20 Y  -31 -253
 7 21 Y  -31 -262
 7 22 Y  -31 -289
 7 23 Y  -31 -237
 7 24 Y  -31 -294
 7 25 Y  -31 -250
 7 26 Y  -31 -320
 7 27 Y  -31 -239
 7 28 Y  -31 -264
 7 29 Y  -31 -280
 7 30 Y  -31 -272
 7 31 Y  -31 -238
 7  1 Z  558  528
 7  2 Z  558  528
 7  3 Z  558  524
 7  4 Z  558  522
 7  5 Z  558  479
 7  6 Z  558  536
 7  7 Z  558  534
 7  8 Z  558  526
 7  9 Z  558  414
 7 10 Z  558  405
 7 11 Z  558  358
 7 12 Z  558  432
 7 13 Z  558  470
 7 14 Z  558  432
 7 15 Z  558  481
 7 16 Z  558  385
 7 17 Z  558  418
 7 18 Z  558  470
 7 19 Z  558  480
 7 20 Z  558  551
 7 21 Z  558  515
 7 22 Z  558  408
 7 23 Z  558  547
 7 24 Z  558  350
 7 25 Z  558  558
 7 26 Z  558  494
 7 27 Z  558  562
 7 28 Z  558  582
 7 29 Z  558  559
 7 30 Z  558  549
 7 31 Z  558  538
 8  1 X   15  505
 8  2 X   15  507
 8  3 X   15  542
 8  4 X   15  552
 8  5 X   15  528
 8  6 X   15  529
 8  7 X   15  570
 8  8 X   15  557
 8  9 X   15  545
 8 10 X   15  547
 8 11 X   15  574
 8 12 X   15  546
 8 13 X   15  560
 8 14 X   15  535
 8 15 X   15  490
 8 16 X   15  531
 8 17 X   15  493
 8 18 X   15  527
 8 19 X   15  557
 8 20 X   15  566
 8 21 X   15  555
 8 22 X   15  556
 8 23 X   15  548
 8 24 X   15  553
 8 25 X   15  538
 8 26 X   15  525
 8 27 X   15  519
 8 28 X   15  535
 8 29 X   15  533
 8 30 X   15  515
 8 31 X   15  563
 8  1 Y  -31 -289
 8  2 Y  -31 -266
 8  3 Y  -31 -294
 8  4 Y  -31 -283
 8  5 Y  -31 -276
 8  6 Y  -31 -286
 8  7 Y  -31 -288
 8  8 Y  -31 -286
 8  9 Y  -31 -270
 8 10 Y  -31 -261
 8 11 Y  -31 -261
 8 12 Y  -31 -285
 8 13 Y  -31 -292
 8 14 Y  -31 -277
 8 15 Y  -31 -242
 8 16 Y  -31 -258
 8 17 Y  -31 -229
 8 18 Y  -31 -282
 8 19 Y  -31 -290
 8 20 Y  -31 -268
 8 21 Y  -31 -286
 8 22 Y  -31 -267
 8 23 Y  -31 -272
 8 24 Y  -31 -270
 8 25 Y  -31 -257
 8 26 Y  -31 -274
 8 27 Y  -31 -261
 8 28 Y  -31 -260
 8 29 Y  -31 -266
 8 30 Y  -31 -232
 8 31 Y  -31 -259
 8  1 Z  558  552
 8  2 Z  558  565
 8  3 Z  558  534
 8  4 Z  558  469
 8  5 Z  558  517
 8  6 Z  558  522
 8  7 Z  558  447
 8  8 Z  558  451
 8  9 Z  558  496
 8 10 Z  558  446
 8 11 Z  558  470
 8 12 Z  558  497
 8 13 Z  558  456
 8 14 Z  558  533
 8 15 Z  558  565
 8 16 Z  558  547
 8 17 Z  558  562
 8 18 Z  558  581
 8 19 Z  558  451
 8 20 Z  558  447
 8 21 Z  558  469
 8 22 Z  558  486
 8 23 Z  558  468
 8 24 Z  558  479
 8 25 Z  558  521
 8 26 Z  558  534
 8 27 Z  558  549
 8 28 Z  558  519
 8 29 Z  558  544
 8 30 Z  558  499
 8 31 Z  558  593
 9  1 X   15  526
 9  2 X   15  540
 9  3 X   15  533
 9  4 X   15  533
 9  5 X   15  546
 9  6 X   15  548
 9  7 X   15  566
 9  8 X   15  572
 9  9 X   15  543
 9 10 X   15  564
 9 11 X   15  523
 9 12 X   15  524
 9 13 X   15  490
 9 14 X   15  570
 9 15 X   15  544
 9 16 X   15  550
 9 17 X   15  554
 9 18 X   15  558
 9 19 X   15  532
 9 20 X   15  561
 9 21 X   15  533
 9 22 X   15  512
 9 23 X   15  549
 9 24 X   15  538
 9 25 X   15  535
 9 26 X   15  535
 9 27 X   15  539
 9 28 X   15  539
 9 29 X   15  538
 9 30 X   15  537
 9  1 Y  -31 -255
 9  2 Y  -31 -265
 9  3 Y  -31 -269
 9  4 Y  -31 -271
 9  5 Y  -31 -269
 9  6 Y  -31 -270
 9  7 Y  -31 -264
 9  8 Y  -31 -274
 9  9 Y  -31 -280
 9 10 Y  -31 -278
 9 11 Y  -31 -257
 9 12 Y  -31 -268
 9 13 Y  -31 -232
 9 14 Y  -31 -279
 9 15 Y  -31 -277
 9 16 Y  -31 -274
 9 17 Y  -31 -277
 9 18 Y  -31 -284
 9 19 Y  -31 -281
 9 20 Y  -31 -247
 9 21 Y  -31 -265
 9 22 Y  -31 -277
 9 23 Y  -31 -282
 9 24 Y  -31 -276
 9 25 Y  -31 -257
 9 26 Y  -31 -275
 9 27 Y  -31 -262
 9 28 Y  -31 -272
 9 29 Y  -31 -273
 9 30 Y  -31 -271
 9  1 Z  558  566
 9  2 Z  558  529
 9  3 Z  558  535
 9  4 Z  558  523
 9  5 Z  558  479
 9  6 Z  558  493
 9  7 Z  558  501
 9  8 Z  558  510
 9  9 Z  558  486
 9 10 Z  558  484
 9 11 Z  558  512
 9 12 Z  558  529
 9 13 Z  558  530
 9 14 Z  558  425
 9 15 Z  558  520
 9 16 Z  558  510
 9 17 Z  558  512
 9 18 Z  558  549
 9 19 Z  558  475
 9 20 Z  558  543
 9 21 Z  558  558
 9 22 Z  558  509
 9 23 Z  558  548
 9 24 Z  558  535
 9 25 Z  558  525
 9 26 Z  558  521
 9 27 Z  558  528
 9 28 Z  558  538
 9 29 Z  558  521
 9 30 Z  558  524
10  1 X   15  540
10  2 X   15  542
10  3 X   15  528
10  4 X   15  534
10  5 X   15  549
10  6 X   15  550
10  7 X   15  551
10  8 X   15  544
10  9 X   15  539
10 10 X   15  544
10 11 X   15  540
10 12 X   15  551
10 13 X   15  547
10 14 X   15  546
10 15 X   15  544
10 16 X   15  552
10 17 X   15  547
10 18 X   15  536
10 19 X   15  544
10 20 X   15  551
10 21 X   15  556
10 22 X   15  545
10 23 X   15  546
10 24 X   15  529
10 25 X   15  551
10 26 X   15  548
10 27 X   15  540
10 28 X   15  548
10 29 X   15  536
10 30 X   15  550
10 31 X   15  527
10  1 Y  -31 -274
10  2 Y  -31 -258
10  3 Y  -31 -265
10  4 Y  -31 -283
10  5 Y  -31 -285
10  6 Y  -31 -274
10  7 Y  -31 -273
10  8 Y  -31 -269
10  9 Y  -31 -270
10 10 Y  -31 -283
10 11 Y  -31 -276
10 12 Y  -31 -280
10 13 Y  -31 -259
10 14 Y  -31 -261
10 15 Y  -31 -270
10 16 Y  -31 -279
10 17 Y  -31 -272
10 18 Y  -31 -272
10 19 Y  -31 -272
10 20 Y  -31 -263
10 21 Y  -31 -282
10 22 Y  -31 -269
10 23 Y  -31 -271
10 24 Y  -31 -268
10 25 Y  -31 -267
10 26 Y  -31 -271
10 27 Y  -31 -268
10 28 Y  -31 -275
10 29 Y  -31 -254
10 30 Y  -31 -271
10 31 Y  -31 -272
10  1 Z  558  517
10  2 Z  558  507
10  3 Z  558  508
10  4 Z  558  504
10  5 Z  558  508
10  6 Z  558  499
10  7 Z  558  506
10  8 Z  558  520
10  9 Z  558  521
10 10 Z  558  520
10 11 Z  558  517
10 12 Z  558  532
10 13 Z  558  534
10 14 Z  558  542
10 15 Z  558  525
10 16 Z  558  527
10 17 Z  558  519
10 18 Z  558  513
10 19 Z  558  521
10 20 Z  558  530
10 21 Z  558  532
10 22 Z  558  522
10 23 Z  558  522
10 24 Z  558  524
10 25 Z  558  532
10 26 Z  558  522
10 27 Z  558  520
10 28 Z  558  515
10 29 Z  558  513
10 30 Z  558  532
10 31 Z  558  518
11  1 X   15  547
11  2 X   15  539
11  3 X   15  533
11  4 X   15  546
11  5 X   15  549
11  6 X   15  547
11  7 X   15  511
11  8 X   15  566
11  9 X   15  527
11 10 X   15  530
11 11 X   15  594
11 12 X   15  534
11 13 X   15  555
11 14 X   15  559
11 15 X   15  550
11 16 X   15  546
11 17 X   15  557
11 18 X   15  550
11 19 X   15  549
11 20 X   15  550
11 21 X   15  541
11 22 X   15  555
11 23 X   15  548
11 24 X   15  547
11 25 X   15  550
11 26 X   15  556
11 27 X   15  533
11 28 X   15  555
11 29 X   15  548
11 30 X   15  547
11  1 Y  -31 -268
11  2 Y  -31 -262
11  3 Y  -31 -279
11  4 Y  -31 -270
11  5 Y  -31 -274
11  6 Y  -31 -271
11  7 Y  -31 -317
11  8 Y  -31 -310
11  9 Y  -31 -201
11 10 Y  -31 -247
11 11 Y  -31 -297
11 12 Y  -31 -268
11 13 Y  -31 -266
11 14 Y  -31 -274
11 15 Y  -31 -270
11 16 Y  -31 -260
11 17 Y  -31 -262
11 18 Y  -31 -272
11 19 Y  -31 -270
11 20 Y  -31 -256
11 21 Y  -31 -252
11 22 Y  -31 -270
11 23 Y  -31 -276
11 24 Y  -31 -273
11 25 Y  -31 -267
11 26 Y  -31 -267
11 27 Y  -31 -267
11 28 Y  -31 -254
11 29 Y  -31 -272
11 30 Y  -31 -274
11  1 Z  558  513
11  2 Z  558  513
11  3 Z  558  515
11  4 Z  558  525
11  5 Z  558  523
11  6 Z  558  519
11  7 Z  558  493
11  8 Z  558  618
11  9 Z  558  615
11 10 Z  558  709
11 11 Z  558  618
11 12 Z  558  598
11 13 Z  558  570
11 14 Z  558  562
11 15 Z  558  551
11 16 Z  558  552
11 17 Z  558  549
11 18 Z  558  542
11 19 Z  558  538
11 20 Z  558  553
11 21 Z  558  545
11 22 Z  558  545
11 23 Z  558  537
11 24 Z  558  537
11 25 Z  558  552
11 26 Z  558  557
11 27 Z  558  541
11 28 Z  558  553
11 29 Z  558  546
11 30 Z  558  553
12  1 X   15  560
12  2 X   15  552
12  3 X   15  552
12  4 X   15  553
12  5 X   15  551
12  6 X   15  546
12  7 X   15  547
12  8 X   15  548
12  9 X   15  551
12 10 X   15  539
12 11 X   15  529
12 12 X   15  563
12 13 X   15  569
12 14 X   15  551
12 15 X   15  549
12 16 X   15  548
12 17 X   15  555
12 18 X   15  553
12 19 X   15  557
12 20 X   15  555
12 21 X   15  544
12 22 X   15  568
12 23 X   15  554
12 24 X   15  552
12 25 X   15  558
12 26 X   15  556
12 27 X   15  551
12 28 X   15  530
12 29 X   15  564
12 30 X   15  550
12 31 X   15  562
12  1 Y  -31 -270
12  2 Y  -31 -269
12  3 Y  -31 -270
12  4 Y  -31 -268
12  5 Y  -31 -276
12  6 Y  -31 -252
12  7 Y  -31 -266
12  8 Y  -31 -266
12  9 Y  -31 -264
12 10 Y  -31 -254
12 11 Y  -31 -265
12 12 Y  -31 -252
12 13 Y  -31 -274
12 14 Y  -31 -259
12 15 Y  -31 -270
12 16 Y  -31 -265
12 17 Y  -31 -266
12 18 Y  -31 -266
12 19 Y  -31 -267
12 20 Y  -31 -269
12 21 Y  -31 -261
12 22 Y  -31 -260
12 23 Y  -31 -268
12 24 Y  -31 -266
12 25 Y  -31 -274
12 26 Y  -31 -270
12 27 Y  -31 -272
12 28 Y  -31 -267
12 29 Y  -31 -267
12 30 Y  -31 -269
12 31 Y  -31 -271
12  1 Z  558  550
12  2 Z  558  538
12  3 Z  558  531
12  4 Z  558  532
12  5 Z  558  527
12  6 Z  558  535
12  7 Z  558  546
12  8 Z  558  540
12  9 Z  558  536
12 10 Z  558  535
12 11 Z  558  542
12 12 Z  558  554
12 13 Z  558  550
12 14 Z  558  542
12 15 Z  558  535
12 16 Z  558  535
12 17 Z  558  541
12 18 Z  558  553
12 19 Z  558  532
12 20 Z  558  527
12 21 Z  558  527
12 22 Z  558  545
12 23 Z  558  531
12 24 Z  558  527
12 25 Z  558  541
12 26 Z  558  535
12 27 Z  558  533
12 28 Z  558  539
12 29 Z  558  551
12 30 Z  558  534
12 31 Z  558  536
