 1  1 X  -25 4542
 1  2 X  -25 4540
 1  3 X  -25 4557
 1  4 X  -25 4545
 1  5 X  -25 4554
 1  6 X  -25 4557
 1  7 X  -25 4506
 1  8 X  -25 4576
 1  9 X  -25 4563
 1 10 X  -25 4549
 1 11 X  -25 4560
 1 12 X  -25 4541
 1 13 X  -25 4550
 1 14 X  -25 4552
 1 15 X  -25 4560
 1 16 X  -25 4550
 1 17 X  -25 4530
 1 18 X  -25 4535
 1 19 X  -25 4556
 1 20 X  -25 4533
 1 21 X  -25 4493
 1 22 X  -25 4558
 1 23 X  -25 4549
 1 24 X  -25 4557
 1 25 X  -25 4558
 1 26 X  -25 4562
 1 27 X  -25 4563
 1 28 X  -25 4565
 1 29 X  -25 4548
 1 30 X  -25 4563
 1 31 X  -25 4550
 1  1 Y  -78 4439
 1  2 Y  -78 4432
 1  3 Y  -78 4455
 1  4 Y  -78 4440
 1  5 Y  -78 4443
 1  6 Y  -78 4431
 1  7 Y  -78 4436
 1  8 Y  -78 4427
 1  9 Y  -78 4434
 1 10 Y  -78 4437
 1 11 Y  -78 4438
 1 12 Y  -78 4437
 1 13 Y  -78 4429
 1 14 Y  -78 4419
 1 15 Y  -78 4435
 1 16 Y  -78 4443
 1 17 Y  -78 4475
 1 18 Y  -78 4405
 1 19 Y  -78 4459
 1 20 Y  -78 4445
 1 21 Y  -78 4449
 1 22 Y  -78 4445
 1 23 Y  -78 4433
 1 24 Y  -78 4440
 1 25 Y  -78 4437
 1 26 Y  -78 4432
 1 27 Y  -78 4434
 1 28 Y  -78 4429
 1 29 Y  -78 4430
 1 30 Y  -78 4441
 1 31 Y  -78 4447
 1  1 Z  517 4634
 1  2 Z  517 4671
 1  3 Z  517 4677
 1  4 Z  517 4659
 1  5 Z  517 4660
 1  6 Z  517 4638
 1  7 Z  517 4658
 1  8 Z  517 4688
 1  9 Z  517 4642
 1 10 Z  517 4639
 1 11 Z  517 4648
 1 12 Z  517 4657
 1 13 Z  517 4648
 1 14 Z  517 4647
 1 15 Z  517 4651
 1 16 Z  517 4646
 1 17 Z  517 4652
 1 18 Z  517 4684
 1 19 Z  517 4739
 1 20 Z  517 4630
 1 21 Z  517 4673
 1 22 Z  517 4708
 1 23 Z  517 4669
 1 24 Z  517 4650
 1 25 Z  517 4641
 1 26 Z  517 4635
 1 27 Z  517 4632
 1 28 Z  517 4628
 1 29 Z  517 4632
 1 30 Z  517 4640
 1 31 Z  517 4643
 1  1 F 0000  NaN
 1  2 F 0000  NaN
 1  3 F 0000  NaN
 1  4 F 0000  NaN
 1  5 F 0000  NaN
 1  6 F 0000  NaN
 1  7 F 0000  NaN
 1  8 F 0000  NaN
 1  9 F 0000  NaN
 1 10 F 0000  NaN
 1 11 F 0000  NaN
 1 12 F 0000  NaN
 1 13 F 0000  NaN
 1 14 F 0000  NaN
 1 15 F 0000  NaN
 1 16 F 0000  NaN
 1 17 F 0000  NaN
 1 18 F 0000  NaN
 1 19 F 0000  NaN
 1 20 F 0000  NaN
 1 21 F 0000  NaN
 1 22 F 0000  NaN
 1 23 F 0000  NaN
 1 24 F 0000  NaN
 1 25 F 0000  NaN
 1 26 F 0000  NaN
 1 27 F 0000  NaN
 1 28 F 0000  NaN
 1 29 F 0000  NaN
 1 30 F 0000  NaN
 1 31 F 0000  NaN
 2  1 X  -25 4558
 2  2 X  -25 4564
 2  3 X  -25 4575
 2  4 X  -25 4559
 2  5 X  -25 4568
 2  6 X  -25 4561
 2  7 X  -25 4535
 2  8 X  -25 4552
 2  9 X  -25 4560
 2 10 X  -25 4561
 2 11 X  -25 4564
 2 12 X  -25 4568
 2 13 X  -25 4564
 2 14 X  -25 4563
 2 15 X  -25 4571
 2 16 X  -25 4548
 2 17 X  -25 4558
 2 18 X  -25 4573
 2 19 X  -25 4565
 2 20 X  -25 4555
 2 21 X  -25 4570
 2 22 X  -25 4560
 2 23 X  -25 4572
 2 24 X  -25 4568
 2 25 X  -25 4558
 2 26 X  -25 4564
 2 27 X  -25 4573
 2 28 X  -25 4574
 2  1 Y  -78 4432
 2  2 Y  -78 4440
 2  3 Y  -78 4428
 2  4 Y  -78 4436
 2  5 Y  -78 4433
 2  6 Y  -78 4434
 2  7 Y  -78 4431
 2  8 Y  -78 4444
 2  9 Y  -78 4445
 2 10 Y  -78 4448
 2 11 Y  -78 4437
 2 12 Y  -78 4434
 2 13 Y  -78 4434
 2 14 Y  -78 4431
 2 15 Y  -78 4431
 2 16 Y  -78 4461
 2 17 Y  -78 4438
 2 18 Y  -78 4440
 2 19 Y  -78 4447
 2 20 Y  -78 4440
 2 21 Y  -78 4442
 2 22 Y  -78 4440
 2 23 Y  -78 4430
 2 24 Y  -78 4432
 2 25 Y  -78 4439
 2 26 Y  -78 4433
 2 27 Y  -78 4437
 2 28 Y  -78 4436
 2  1 Z  517 4629
 2  2 Z  517 4633
 2  3 Z  517 4642
 2  4 Z  517 4624
 2  5 Z  517 4624
 2  6 Z  517 4631
 2  7 Z  517 4644
 2  8 Z  517 4667
 2  9 Z  517 4669
 2 10 Z  517 4660
 2 11 Z  517 4644
 2 12 Z  517 4635
 2 13 Z  517 4629
 2 14 Z  517 4618
 2 15 Z  517 4622
 2 16 Z  517 4634
 2 17 Z  517 4636
 2 18 Z  517 4663
 2 19 Z  517 4640
 2 20 Z  517 4648
 2 21 Z  517 4648
 2 22 Z  517 4628
 2 23 Z  517 4639
 2 24 Z  517 4615
 2 25 Z  517 4612
 2 26 Z  517 4615
 2 27 Z  517 4614
 2 28 Z  517 4617
 2  1 F 0000  NaN
 2  2 F 0000  NaN
 2  3 F 0000  NaN
 2  4 F 0000  NaN
 2  5 F 0000  NaN
 2  6 F 0000  NaN
 2  7 F 0000  NaN
 2  8 F 0000  NaN
 2  9 F 0000  NaN
 2 10 F 0000  NaN
 2 11 F 0000  NaN
 2 12 F 0000  NaN
 2 13 F 0000  NaN
 2 14 F 0000  NaN
 2 15 F 0000  NaN
 2 16 F 0000  NaN
 2 17 F 0000  NaN
 2 18 F 0000  NaN
 2 19 F 0000  NaN
 2 20 F 0000  NaN
 2 21 F 0000  NaN
 2 22 F 0000  NaN
 2 23 F 0000  NaN
 2 24 F 0000  NaN
 2 25 F 0000  NaN
 2 26 F 0000  NaN
 2 27 F 0000  NaN
 2 28 F 0000  NaN
 3  1 X  -25 4568
 3  2 X  -25 4578
 3  3 X  -25 4567
 3  4 X  -25 4571
 3  5 X  -25 4554
 3  6 X  -25 4549
 3  7 X  -25 4553
 3  8 X  -25 4563
 3  9 X  -25 4560
 3 10 X  -25 4577
 3 11 X  -25 4577
 3 12 X  -25 4574
 3 13 X  -25 4563
 3 14 X  -25 4582
 3 15 X  -25 4576
 3 16 X  -25 4548
 3 17 X  -25 4577
 3 18 X  -25 4546
 3 19 X  -25 4584
 3 20 X  -25 4573
 3 21 X  -25 4556
 3 22 X  -25 4561
 3 23 X  -25 4563
 3 24 X  -25 4577
 3 25 X  -25 4570
 3 26 X  -25 4581
 3 27 X  -25 4561
 3 28 X  -25 4574
 3 29 X  -25 4570
 3 30 X  -25 4594
 3 31 X  -25 4571
 3  1 Y  -78 4431
 3  2 Y  -78 4446
 3  3 Y  -78 4435
 3  4 Y  -78 4436
 3  5 Y  -78 4442
 3  6 Y  -78 4437
 3  7 Y  -78 4431
 3  8 Y  -78 4425
 3  9 Y  -78 4444
 3 10 Y  -78 4439
 3 11 Y  -78 4432
 3 12 Y  -78 4435
 3 13 Y  -78 4440
 3 14 Y  -78 4435
 3 15 Y  -78 4429
 3 16 Y  -78 4457
 3 17 Y  -78 4442
 3 18 Y  -78 4442
 3 19 Y  -78 4425
 3 20 Y  -78 4458
 3 21 Y  -78 4466
 3 22 Y  -78 4445
 3 23 Y  -78 4441
 3 24 Y  -78 4430
 3 25 Y  -78 4444
 3 26 Y  -78 4457
 3 27 Y  -78 4445
 3 28 Y  -78 4426
 3 29 Y  -78 4429
 3 30 Y  -78 4434
 3 31 Y  -78 4436
 3  1 Z  517 4624
 3  2 Z  517 4626
 3  3 Z  517 4610
 3  4 Z  517 4615
 3  5 Z  517 4620
 3  6 Z  517 4646
 3  7 Z  517 4656
 3  8 Z  517 4670
 3  9 Z  517 4675
 3 10 Z  517 4662
 3 11 Z  517 4631
 3 12 Z  517 4628
 3 13 Z  517 4633
 3 14 Z  517 4618
 3 15 Z  517 4612
 3 16 Z  517 4640
 3 17 Z  517 4649
 3 18 Z  517 4631
 3 19 Z  517 4641
 3 20 Z  517 4633
 3 21 Z  517 4653
 3 22 Z  517 4636
 3 23 Z  517 4616
 3 24 Z  517 4597
 3 25 Z  517 4609
 3 26 Z  517 4622
 3 27 Z  517 4615
 3 28 Z  517 4589
 3 29 Z  517 4593
 3 30 Z  517 4592
 3 31 Z  517 4606
 3  1 F 0000  NaN
 3  2 F 0000  NaN
 3  3 F 0000  NaN
 3  4 F 0000  NaN
 3  5 F 0000  NaN
 3  6 F 0000  NaN
 3  7 F 0000  NaN
 3  8 F 0000  NaN
 3  9 F 0000  NaN
 3 10 F 0000  NaN
 3 11 F 0000  NaN
 3 12 F 0000  NaN
 3 13 F 0000  NaN
 3 14 F 0000  NaN
 3 15 F 0000  NaN
 3 16 F 0000  NaN
 3 17 F 0000  NaN
 3 18 F 0000  NaN
 3 19 F 0000  NaN
 3 20 F 0000  NaN
 3 21 F 0000  NaN
 3 22 F 0000  NaN
 3 23 F 0000  NaN
 3 24 F 0000  NaN
 3 25 F 0000  NaN
 3 26 F 0000  NaN
 3 27 F 0000  NaN
 3 28 F 0000  NaN
 3 29 F 0000  NaN
 3 30 F 0000  NaN
 3 31 F 0000  NaN
 4  1 X  -25 4572
 4  2 X  -25 4572
 4  3 X  -25 4563
 4  4 X  -25 4528
 4  5 X  -25 4585
 4  6 X  -25 4569
 4  7 X  -25 4591
 4  8 X  -25 4577
 4  9 X  -25 4585
 4 10 X  -25 4589
 4 11 X  -25 4555
 4 12 X  -25 4580
 4 13 X  -25 4572
 4 14 X  -25 4588
 4 15 X  -25 4579
 4 16 X  -25 4581
 4 17 X  -25 4587
 4 18 X  -25 4577
 4 19 X  -25 4591
 4 20 X  -25 4594
 4 21 X  -25 4634
 4 22 X  -25 4607
 4 23 X  -25 4586
 4 24 X  -25 4594
 4 25 X  -25 4595
 4 26 X  -25 4583
 4 27 X  -25 4592
 4 28 X  -25 4591
 4 29 X  -25 4560
 4 30 X  -25 4559
 4  1 Y  -78 4448
 4  2 Y  -78 4444
 4  3 Y  -78 4455
 4  4 Y  -78 4433
 4  5 Y  -78 4427
 4  6 Y  -78 4446
 4  7 Y  -78 4451
 4  8 Y  -78 4438
 4  9 Y  -78 4435
 4 10 Y  -78 4434
 4 11 Y  -78 4448
 4 12 Y  -78 4465
 4 13 Y  -78 4463
 4 14 Y  -78 4455
 4 15 Y  -78 4444
 4 16 Y  -78 4440
 4 17 Y  -78 4435
 4 18 Y  -78 4449
 4 19 Y  -78 4431
 4 20 Y  -78 4455
 4 21 Y  -78 4414
 4 22 Y  -78 4424
 4 23 Y  -78 4443
 4 24 Y  -78 4430
 4 25 Y  -78 4445
 4 26 Y  -78 4437
 4 27 Y  -78 4441
 4 28 Y  -78 4437
 4 29 Y  -78 4475
 4 30 Y  -78 4448
 4  1 Z  517 4612
 4  2 Z  517 4616
 4  3 Z  517 4632
 4  4 Z  517 4631
 4  5 Z  517 4655
 4  6 Z  517 4643
 4  7 Z  517 4643
 4  8 Z  517 4629
 4  9 Z  517 4620
 4 10 Z  517 4596
 4 11 Z  517 4592
 4 12 Z  517 4640
 4 13 Z  517 4640
 4 14 Z  517 4643
 4 15 Z  517 4634
 4 16 Z  517 4638
 4 17 Z  517 4609
 4 18 Z  517 4624
 4 19 Z  517 4610
 4 20 Z  517 4600
 4 21 Z  517 4566
 4 22 Z  517 4554
 4 23 Z  517 4573
 4 24 Z  517 4576
 4 25 Z  517 4588
 4 26 Z  517 4596
 4 27 Z  517 4577
 4 28 Z  517 4577
 4 29 Z  517 4607
 4 30 Z  517 4624
 4  1 F 0000  NaN
 4  2 F 0000  NaN
 4  3 F 0000  NaN
 4  4 F 0000  NaN
 4  5 F 0000  NaN
 4  6 F 0000  NaN
 4  7 F 0000  NaN
 4  8 F 0000  NaN
 4  9 F 0000  NaN
 4 10 F 0000  NaN
 4 11 F 0000  NaN
 4 12 F 0000  NaN
 4 13 F 0000  NaN
 4 14 F 0000  NaN
 4 15 F 0000  NaN
 4 16 F 0000  NaN
 4 17 F 0000  NaN
 4 18 F 0000  NaN
 4 19 F 0000  NaN
 4 20 F 0000  NaN
 4 21 F 0000  NaN
 4 22 F 0000  NaN
 4 23 F 0000  NaN
 4 24 F 0000  NaN
 4 25 F 0000  NaN
 4 26 F 0000  NaN
 4 27 F 0000  NaN
 4 28 F 0000  NaN
 4 29 F 0000  NaN
 4 30 F 0000  NaN
 5  1 X  -25 4587
 5  2 X  -25 4580
 5  3 X  -25 4590
 5  4 X  -25 4587
 5  5 X  -25 4596
 5  6 X  -25 4594
 5  7 X  -25 4582
 5  8 X  -25 4565
 5  9 X  -25 4577
 5 10 X  -25 4597
 5 11 X  -25 4587
 5 12 X  -25 4594
 5 13 X  -25 4615
 5 14 X  -25 4606
 5 15 X  -25 4594
 5 16 X  -25 4583
 5 17 X  -25 4622
 5 18 X  -25 4690
 5 19 X  -25 4623
 5 20 X  -25 4569
 5 21 X  -25 4596
 5 22 X  -25 4615
 5 23 X  -25 4624
 5 24 X  -25 4644
 5 25 X  -25 4624
 5 26 X  -25 4601
 5 27 X  -25 4608
 5 28 X  -25 4538
 5 29 X  -25 4479
 5 30 X  -25 4605
 5 31 X  -25 4616
 5  1 Y  -78 4469
 5  2 Y  -78 4450
 5  3 Y  -78 4464
 5  4 Y  -78 4448
 5  5 Y  -78 4446
 5  6 Y  -78 4408
 5  7 Y  -78 4415
 5  8 Y  -78 4505
 5  9 Y  -78 4407
 5 10 Y  -78 4431
 5 11 Y  -78 4447
 5 12 Y  -78 4453
 5 13 Y  -78 4453
 5 14 Y  -78 4452
 5 15 Y  -78 4362
 5 16 Y  -78 4450
 5 17 Y  -78 4425
 5 18 Y  -78 4443
 5 19 Y  -78 4454
 5 20 Y  -78 4436
 5 21 Y  -78 4434
 5 22 Y  -78 4425
 5 23 Y  -78 4440
 5 24 Y  -78 4418
 5 25 Y  -78 4429
 5 26 Y  -78 4429
 5 27 Y  -78 4432
 5 28 Y  -78 4482
 5 29 Y  -78 4486
 5 30 Y  -78 4472
 5 31 Y  -78 4419
 5  1 Z  517 4657
 5  2 Z  517 4624
 5  3 Z  517 4636
 5  4 Z  517 4623
 5  5 Z  517 4624
 5  6 Z  517 4546
 5  7 Z  517 4526
 5  8 Z  517 4663
 5  9 Z  517 4570
 5 10 Z  517 4613
 5 11 Z  517 4607
 5 12 Z  517 4586
 5 13 Z  517 4630
 5 14 Z  517 4558
 5 15 Z  517 4587
 5 16 Z  517 4678
 5 17 Z  517 4613
 5 18 Z  517 4522
 5 19 Z  517 4587
 5 20 Z  517 4633
 5 21 Z  517 4628
 5 22 Z  517 4637
 5 23 Z  517 4560
 5 24 Z  517 4528
 5 25 Z  517 4555
 5 26 Z  517 4591
 5 27 Z  517 4589
 5 28 Z  517 4631
 5 29 Z  517 4674
 5 30 Z  517 4650
 5 31 Z  517 4569
 5  1 F 0000  NaN
 5  2 F 0000  NaN
 5  3 F 0000  NaN
 5  4 F 0000  NaN
 5  5 F 0000  NaN
 5  6 F 0000  NaN
 5  7 F 0000  NaN
 5  8 F 0000  NaN
 5  9 F 0000  NaN
 5 10 F 0000  NaN
 5 11 F 0000  NaN
 5 12 F 0000  NaN
 5 13 F 0000  NaN
 5 14 F 0000  NaN
 5 15 F 0000  NaN
 5 16 F 0000  NaN
 5 17 F 0000  NaN
 5 18 F 0000  NaN
 5 19 F 0000  NaN
 5 20 F 0000  NaN
 5 21 F 0000  NaN
 5 22 F 0000  NaN
 5 23 F 0000  NaN
 5 24 F 0000  NaN
 5 25 F 0000  NaN
 5 26 F 0000  NaN
 5 27 F 0000  NaN
 5 28 F 0000  NaN
 5 29 F 0000  NaN
 5 30 F 0000  NaN
 5 31 F 0000  NaN
 6  1 X  -25 4622
 6  2 X  -25 4632
 6  3 X  -25 4627
 6  4 X  -25 4568
 6  5 X  -25 4565
 6  6 X  -25 4560
 6  7 X  -25 4595
 6  8 X  -25 4566
 6  9 X  -25 4579
 6 10 X  -25 4575
 6 11 X  -25 4552
 6 12 X  -25 4588
 6 13 X  -25 4662
 6 14 X  -25 4600
 6 15 X  -25 4696
 6 16 X  -25 4602
 6 17 X  -25 4629
 6 18 X  -25 4602
 6 19 X  -25 4641
 6 20 X  -25 4617
 6 21 X  -25 4614
 6 22 X  -25 4540
 6 23 X  -25 4599
 6 24 X  -25 4610
 6 25 X  -25 4554
 6 26 X  -25 4603
 6 27 X  -25 4597
 6 28 X  -25 4631
 6 29 X  -25 4636
 6 30 X  -25 4631
 6  1 Y  -78 4432
 6  2 Y  -78 4422
 6  3 Y  -78 4423
 6  4 Y  -78 4465
 6  5 Y  -78 4430
 6  6 Y  -78 4443
 6  7 Y  -78 4431
 6  8 Y  -78 4452
 6  9 Y  -78 4461
 6 10 Y  -78 4455
 6 11 Y  -78 4466
 6 12 Y  -78 4421
 6 13 Y  -78 4464
 6 14 Y  -78 4415
 6 15 Y  -78 4426
 6 16 Y  -78 4468
 6 17 Y  -78 4437
 6 18 Y  -78 4454
 6 19 Y  -78 4439
 6 20 Y  -78 4440
 6 21 Y  -78 4433
 6 22 Y  -78 4460
 6 23 Y  -78 4468
 6 24 Y  -78 4438
 6 25 Y  -78 4457
 6 26 Y  -78 4453
 6 27 Y  -78 4452
 6 28 Y  -78 4419
 6 29 Y  -78 4432
 6 30 Y  -78 4441
 6  1 Z  517 4559
 6  2 Z  517 4555
 6  3 Z  517 4535
 6  4 Z  517 4598
 6  5 Z  517 4654
 6  6 Z  517 4662
 6  7 Z  517 4658
 6  8 Z  517 4655
 6  9 Z  517 4633
 6 10 Z  517 4635
 6 11 Z  517 4656
 6 12 Z  517 4532
 6 13 Z  517 4589
 6 14 Z  517 4584
 6 15 Z  517 4584
 6 16 Z  517 4584
 6 17 Z  517 4555
 6 18 Z  517 4597
 6 19 Z  517 4542
 6 20 Z  517 4575
 6 21 Z  517 4567
 6 22 Z  517 4647
 6 23 Z  517 4710
 6 24 Z  517 4614
 6 25 Z  517 4657
 6 26 Z  517 4627
 6 27 Z  517 4598
 6 28 Z  517 4530
 6 29 Z  517 4540
 6 30 Z  517 4557
 6  1 F 0000  NaN
 6  2 F 0000  NaN
 6  3 F 0000  NaN
 6  4 F 0000  NaN
 6  5 F 0000  NaN
 6  6 F 0000  NaN
 6  7 F 0000  NaN
 6  8 F 0000  NaN
 6  9 F 0000  NaN
 6 10 F 0000  NaN
 6 11 F 0000  NaN
 6 12 F 0000  NaN
 6 13 F 0000  NaN
 6 14 F 0000  NaN
 6 15 F 0000  NaN
 6 16 F 0000  NaN
 6 17 F 0000  NaN
 6 18 F 0000  NaN
 6 19 F 0000  NaN
 6 20 F 0000  NaN
 6 21 F 0000  NaN
 6 22 F 0000  NaN
 6 23 F 0000  NaN
 6 24 F 0000  NaN
 6 25 F 0000  NaN
 6 26 F 0000  NaN
 6 27 F 0000  NaN
 6 28 F 0000  NaN
 6 29 F 0000  NaN
 6 30 F 0000  NaN
 7  1 X  -25 4600
 7  2 X  -25 4579
 7  3 X  -25 4596
 7  4 X  -25 4584
 7  5 X  -25 4582
 7  6 X  -25 4566
 7  7 X  -25 4589
 7  8 X  -25 4587
 7  9 X  -25 4593
 7 10 X  -25 4620
 7 11 X  -25 4609
 7 12 X  -25 4699
 7 13 X  -25 4622
 7 14 X  -25 4662
 7 15 X  -25 4612
 7 16 X  -25 4634
 7 17 X  -25 4624
 7 18 X  -25 4625
 7 19 X  -25 4599
 7 20 X  -25 4562
 7 21 X  -25 4580
 7 22 X  -25 4578
 7 23 X  -25 4600
 7 24 X  -25 4588
 7 25 X  -25 4590
 7 26 X  -25 4622
 7 27 X  -25 4630
 7 28 X  -25 4588
 7 29 X  -25 4591
 7 30 X  -25 4606
 7 31 X  -25 4599
 7  1 Y  -78 4454
 7  2 Y  -78 4441
 7  3 Y  -78 4454
 7  4 Y  -78 4450
 7  5 Y  -78 4452
 7  6 Y  -78 4472
 7  7 Y  -78 4465
 7  8 Y  -78 4442
 7  9 Y  -78 4459
 7 10 Y  -78 4459
 7 11 Y  -78 4475
 7 12 Y  -78 4453
 7 13 Y  -78 4497
 7 14 Y  -78 4440
 7 15 Y  -78 4438
 7 16 Y  -78 4438
 7 17 Y  -78 4417
 7 18 Y  -78 4424
 7 19 Y  -78 4441
 7 20 Y  -78 4480
 7 21 Y  -78 4442
 7 22 Y  -78 4459
 7 23 Y  -78 4461
 7 24 Y  -78 4458
 7 25 Y  -78 4446
 7 26 Y  -78 4437
 7 27 Y  -78 4426
 7 28 Y  -78 4462
 7 29 Y  -78 4461
 7 30 Y  -78 4428
 7 31 Y  -78 4437
 7  1 Z  517 4569
 7  2 Z  517 4591
 7  3 Z  517 4646
 7  4 Z  517 4629
 7  5 Z  517 4622
 7  6 Z  517 4630
 7  7 Z  517 4621
 7  8 Z  517 4610
 7  9 Z  517 4600
 7 10 Z  517 4512
 7 11 Z  517 4631
 7 12 Z  517 4543
 7 13 Z  517 4608
 7 14 Z  517 4575
 7 15 Z  517 4581
 7 16 Z  517 4590
 7 17 Z  517 4543
 7 18 Z  517 4608
 7 19 Z  517 4629
 7 20 Z  517 4660
 7 21 Z  517 4666
 7 22 Z  517 4639
 7 23 Z  517 4644
 7 24 Z  517 4616
 7 25 Z  517 4615
 7 26 Z  517 4555
 7 27 Z  517 4539
 7 28 Z  517 4637
 7 29 Z  517 4631
 7 30 Z  517 4602
 7 31 Z  517 4624
 7  1 F 0000  NaN
 7  2 F 0000  NaN
 7  3 F 0000  NaN
 7  4 F 0000  NaN
 7  5 F 0000  NaN
 7  6 F 0000  NaN
 7  7 F 0000  NaN
 7  8 F 0000  NaN
 7  9 F 0000  NaN
 7 10 F 0000  NaN
 7 11 F 0000  NaN
 7 12 F 0000  NaN
 7 13 F 0000  NaN
 7 14 F 0000  NaN
 7 15 F 0000  NaN
 7 16 F 0000  NaN
 7 17 F 0000  NaN
 7 18 F 0000  NaN
 7 19 F 0000  NaN
 7 20 F 0000  NaN
 7 21 F 0000  NaN
 7 22 F 0000  NaN
 7 23 F 0000  NaN
 7 24 F 0000  NaN
 7 25 F 0000  NaN
 7 26 F 0000  NaN
 7 27 F 0000  NaN
 7 28 F 0000  NaN
 7 29 F 0000  NaN
 7 30 F 0000  NaN
 7 31 F 0000  NaN
 8  1 X  -25 4576
 8  2 X  -25 4573
 8  3 X  -25 4600
 8  4 X  -25 4636
 8  5 X  -25 4618
 8  6 X  -25 4629
 8  7 X  -25 4640
 8  8 X  -25 4657
 8  9 X  -25 4619
 8 10 X  -25 4639
 8 11 X  -25 4620
 8 12 X  -25 4630
 8 13 X  -25 4589
 8 14 X  -25 4597
 8 15 X  -25 4582
 8 16 X  -25 4596
 8 17 X  -25 4596
 8 18 X  -25 4606
 8 19 X  -25 4596
 8 20 X  -25 4597
 8 21 X  -25 4593
 8 22 X  -25 4633
 8 23 X  -25 4651
 8 24 X  -25 4605
 8 25 X  -25 4593
 8 26 X  -25 4602
 8 27 X  -25 4601
 8 28 X  -25 4580
 8 29 X  -25 4611
 8 30 X  -25 4586
 8 31 X  -25 4560
 8  1 Y  -78 4473
 8  2 Y  -78 4454
 8  3 Y  -78 4438
 8  4 Y  -78 4454
 8  5 Y  -78 4449
 8  6 Y  -78 4439
 8  7 Y  -78 4414
 8  8 Y  -78 4411
 8  9 Y  -78 4445
 8 10 Y  -78 4463
 8 11 Y  -78 4437
 8 12 Y  -78 4422
 8 13 Y  -78 4476
 8 14 Y  -78 4449
 8 15 Y  -78 4453
 8 16 Y  -78 4461
 8 17 Y  -78 4461
 8 18 Y  -78 4467
 8 19 Y  -78 4457
 8 20 Y  -78 4453
 8 21 Y  -78 4435
 8 22 Y  -78 4441
 8 23 Y  -78 4450
 8 24 Y  -78 4537
 8 25 Y  -78 4453
 8 26 Y  -78 4432
 8 27 Y  -78 4459
 8 28 Y  -78 4461
 8 29 Y  -78 4453
 8 30 Y  -78 4458
 8 31 Y  -78 4475
 8  1 Z  517 4694
 8  2 Z  517 4652
 8  3 Z  517 4574
 8  4 Z  517 4593
 8  5 Z  517 4543
 8  6 Z  517 4546
 8  7 Z  517 4556
 8  8 Z  517 4545
 8  9 Z  517 4553
 8 10 Z  517 4585
 8 11 Z  517 4578
 8 12 Z  517 4546
 8 13 Z  517 4641
 8 14 Z  517 4645
 8 15 Z  517 4634
 8 16 Z  517 4641
 8 17 Z  517 4646
 8 18 Z  517 4632
 8 19 Z  517 4623
 8 20 Z  517 4604
 8 21 Z  517 4585
 8 22 Z  517 4608
 8 23 Z  517 4548
 8 24 Z  517 4674
 8 25 Z  517 4654
 8 26 Z  517 4654
 8 27 Z  517 4673
 8 28 Z  517 4656
 8 29 Z  517 4662
 8 30 Z  517 4630
 8 31 Z  517 4588
 8  1 F 0000  NaN
 8  2 F 0000  NaN
 8  3 F 0000  NaN
 8  4 F 0000  NaN
 8  5 F 0000  NaN
 8  6 F 0000  NaN
 8  7 F 0000  NaN
 8  8 F 0000  NaN
 8  9 F 0000  NaN
 8 10 F 0000  NaN
 8 11 F 0000  NaN
 8 12 F 0000  NaN
 8 13 F 0000  NaN
 8 14 F 0000  NaN
 8 15 F 0000  NaN
 8 16 F 0000  NaN
 8 17 F 0000  NaN
 8 18 F 0000  NaN
 8 19 F 0000  NaN
 8 20 F 0000  NaN
 8 21 F 0000  NaN
 8 22 F 0000  NaN
 8 23 F 0000  NaN
 8 24 F 0000  NaN
 8 25 F 0000  NaN
 8 26 F 0000  NaN
 8 27 F 0000  NaN
 8 28 F 0000  NaN
 8 29 F 0000  NaN
 8 30 F 0000  NaN
 8 31 F 0000  NaN
 9  1 X  -25 4633
 9  2 X  -25 4627
 9  3 X  -25 4634
 9  4 X  -25 4625
 9  5 X  -25 4620
 9  6 X  -25 4606
 9  7 X  -25 4634
 9  8 X  -25 4612
 9  9 X  -25 4601
 9 10 X  -25 4564
 9 11 X  -25 4615
 9 12 X  -25 4577
 9 13 X  -25 4642
 9 14 X  -25 4614
 9 15 X  -25 4605
 9 16 X  -25 4637
 9 17 X  -25 4625
 9 18 X  -25 4635
 9 19 X  -25 4622
 9 20 X  -25 4626
 9 21 X  -25 4627
 9 22 X  -25 4610
 9 23 X  -25 4623
 9 24 X  -25 4607
 9 25 X  -25 4604
 9 26 X  -25 4599
 9 27 X  -25 4619
 9 28 X  -25 4616
 9 29 X  -25 4604
 9 30 X  -25 4611
 9  1 Y  -78 4445
 9  2 Y  -78 4474
 9  3 Y  -78 4443
 9  4 Y  -78 4455
 9  5 Y  -78 4457
 9  6 Y  -78 4446
 9  7 Y  -78 4440
 9  8 Y  -78 4432
 9  9 Y  -78 4479
 9 10 Y  -78 4494
 9 11 Y  -78 4437
 9 12 Y  -78 4456
 9 13 Y  -78 4482
 9 14 Y  -78 4462
 9 15 Y  -78 4468
 9 16 Y  -78 4453
 9 17 Y  -78 4463
 9 18 Y  -78 4450
 9 19 Y  -78 4451
 9 20 Y  -78 4458
 9 21 Y  -78 4454
 9 22 Y  -78 4463
 9 23 Y  -78 4452
 9 24 Y  -78 4451
 9 25 Y  -78 4463
 9 26 Y  -78 4440
 9 27 Y  -78 4447
 9 28 Y  -78 4463
 9 29 Y  -78 4457
 9 30 Y  -78 4453
 9  1 Z  517 4627
 9  2 Z  517 4601
 9  3 Z  517 4630
 9  4 Z  517 4615
 9  5 Z  517 4600
 9  6 Z  517 4607
 9  7 Z  517 4624
 9  8 Z  517 4588
 9  9 Z  517 4550
 9 10 Z  517 4626
 9 11 Z  517 4645
 9 12 Z  517 4745
 9 13 Z  517 4675
 9 14 Z  517 4655
 9 15 Z  517 4666
 9 16 Z  517 4601
 9 17 Z  517 4613
 9 18 Z  517 4607
 9 19 Z  517 4596
 9 20 Z  517 4590
 9 21 Z  517 4589
 9 22 Z  517 4596
 9 23 Z  517 4625
 9 24 Z  517 4638
 9 25 Z  517 4644
 9 26 Z  517 4611
 9 27 Z  517 4616
 9 28 Z  517 4618
 9 29 Z  517 4609
 9 30 Z  517 4612
 9  1 F 0000  NaN
 9  2 F 0000  NaN
 9  3 F 0000  NaN
 9  4 F 0000  NaN
 9  5 F 0000  NaN
 9  6 F 0000  NaN
 9  7 F 0000  NaN
 9  8 F 0000  NaN
 9  9 F 0000  NaN
 9 10 F 0000  NaN
 9 11 F 0000  NaN
 9 12 F 0000  NaN
 9 13 F 0000  NaN
 9 14 F 0000  NaN
 9 15 F 0000  NaN
 9 16 F 0000  NaN
 9 17 F 0000  NaN
 9 18 F 0000  NaN
 9 19 F 0000  NaN
 9 20 F 0000  NaN
 9 21 F 0000  NaN
 9 22 F 0000  NaN
 9 23 F 0000  NaN
 9 24 F 0000  NaN
 9 25 F 0000  NaN
 9 26 F 0000  NaN
 9 27 F 0000  NaN
 9 28 F 0000  NaN
 9 29 F 0000  NaN
 9 30 F 0000  NaN
10  1 X  -25 4617
10  2 X  -25 4613
10  3 X  -25 4617
10  4 X  -25 4613
10  5 X  -25 4612
10  6 X  -25 4612
10  7 X  -25 4593
10  8 X  -25 4610
10  9 X  -25 4600
10 10 X  -25 4617
10 11 X  -25 4605
10 12 X  -25 4612
10 13 X  -25 4604
10 14 X  -25 4618
10 15 X  -25 4617
10 16 X  -25 4600
10 17 X  -25 4618
10 18 X  -25 4614
10 19 X  -25 4621
10 20 X  -25 4614
10 21 X  -25 4614
10 22 X  -25 4613
10 23 X  -25 4612
10 24 X  -25 4611
10 25 X  -25 4605
10 26 X  -25 4616
10 27 X  -25 4602
10 28 X  -25 4611
10 29 X  -25 4612
10 30 X  -25 4611
10 31 X  -25 4581
10  1 Y  -78 4456
10  2 Y  -78 4455
10  3 Y  -78 4452
10  4 Y  -78 4454
10  5 Y  -78 4450
10  6 Y  -78 4449
10  7 Y  -78 4453
10  8 Y  -78 4457
10  9 Y  -78 4446
10 10 Y  -78 4454
10 11 Y  -78 4446
10 12 Y  -78 4454
10 13 Y  -78 4449
10 14 Y  -78 4448
10 15 Y  -78 4450
10 16 Y  -78 4462
10 17 Y  -78 4463
10 18 Y  -78 4455
10 19 Y  -78 4460
10 20 Y  -78 4449
10 21 Y  -78 4447
10 22 Y  -78 4444
10 23 Y  -78 4453
10 24 Y  -78 4456
10 25 Y  -78 4466
10 26 Y  -78 4453
10 27 Y  -78 4459
10 28 Y  -78 4465
10 29 Y  -78 4453
10 30 Y  -78 4450
10 31 Y  -78 4471
10  1 Z  517 4630
10  2 Z  517 4629
10  3 Z  517 4619
10  4 Z  517 4610
10  5 Z  517 4610
10  6 Z  517 4607
10  7 Z  517 4630
10  8 Z  517 4650
10  9 Z  517 4640
10 10 Z  517 4651
10 11 Z  517 4629
10 12 Z  517 4635
10 13 Z  517 4619
10 14 Z  517 4625
10 15 Z  517 4615
10 16 Z  517 4614
10 17 Z  517 4626
10 18 Z  517 4623
10 19 Z  517 4622
10 20 Z  517 4621
10 21 Z  517 4617
10 22 Z  517 4628
10 23 Z  517 4621
10 24 Z  517 4617
10 25 Z  517 4631
10 26 Z  517 4621
10 27 Z  517 4621
10 28 Z  517 4620
10 29 Z  517 4614
10 30 Z  517 4624
10 31 Z  517 4624
10  1 F 0000  NaN
10  2 F 0000  NaN
10  3 F 0000  NaN
10  4 F 0000  NaN
10  5 F 0000  NaN
10  6 F 0000  NaN
10  7 F 0000  NaN
10  8 F 0000  NaN
10  9 F 0000  NaN
10 10 F 0000  NaN
10 11 F 0000  NaN
10 12 F 0000  NaN
10 13 F 0000  NaN
10 14 F 0000  NaN
10 15 F 0000  NaN
10 16 F 0000  NaN
10 17 F 0000  NaN
10 18 F 0000  NaN
10 19 F 0000  NaN
10 20 F 0000  NaN
10 21 F 0000  NaN
10 22 F 0000  NaN
10 23 F 0000  NaN
10 24 F 0000  NaN
10 25 F 0000  NaN
10 26 F 0000  NaN
10 27 F 0000  NaN
10 28 F 0000  NaN
10 29 F 0000  NaN
10 30 F 0000  NaN
10 31 F 0000  NaN
11  1 X  -25 4603
11  2 X  -25 4612
11  3 X  -25 4602
11  4 X  -25 4615
11  5 X  -25 4621
11  6 X  -25 4610
11  7 X  -25 4616
11  8 X  -25 4613
11  9 X  -25 4619
11 10 X  -25 4613
11 11 X  -25 4614
11 12 X  -25 4614
11 13 X  -25 4608
11 14 X  -25 4615
11 15 X  -25 4623
11 16 X  -25 4617
11 17 X  -25 4624
11 18 X  -25 4619
11 19 X  -25 4595
11 20 X  -25 4620
11 21 X  -25 4616
11 22 X  -25 4606
11 23 X  -25 4614
11 24 X  -25 4601
11 25 X  -25 4626
11 26 X  -25 4620
11 27 X  -25 4621
11 28 X  -25 4621
11 29 X  -25 4612
11 30 X  -25 4616
11  1 Y  -78 4448
11  2 Y  -78 4445
11  3 Y  -78 4452
11  4 Y  -78 4461
11  5 Y  -78 4452
11  6 Y  -78 4444
11  7 Y  -78 4450
11  8 Y  -78 4452
11  9 Y  -78 4449
11 10 Y  -78 4454
11 11 Y  -78 4458
11 12 Y  -78 4464
11 13 Y  -78 4462
11 14 Y  -78 4450
11 15 Y  -78 4460
11 16 Y  -78 4452
11 17 Y  -78 4452
11 18 Y  -78 4459
11 19 Y  -78 4452
11 20 Y  -78 4458
11 21 Y  -78 4452
11 22 Y  -78 4467
11 23 Y  -78 4458
11 24 Y  -78 4458
11 25 Y  -78 4454
11 26 Y  -78 4463
11 27 Y  -78 4453
11 28 Y  -78 4466
11 29 Y  -78 4452
11 30 Y  -78 4462
11  1 Z  517 4620
11  2 Z  517 4627
11  3 Z  517 4645
11  4 Z  517 4651
11  5 Z  517 4642
11  6 Z  517 4644
11  7 Z  517 4635
11  8 Z  517 4623
11  9 Z  517 4625
11 10 Z  517 4621
11 11 Z  517 4611
11 12 Z  517 4630
11 13 Z  517 4638
11 14 Z  517 4626
11 15 Z  517 4627
11 16 Z  517 4619
11 17 Z  517 4620
11 18 Z  517 4618
11 19 Z  517 4616
11 20 Z  517 4624
11 21 Z  517 4617
11 22 Z  517 4618
11 23 Z  517 4624
11 24 Z  517 4631
11 25 Z  517 4641
11 26 Z  517 4625
11 27 Z  517 4619
11 28 Z  517 4621
11 29 Z  517 4625
11 30 Z  517 4627
11  1 F 0000  NaN
11  2 F 0000  NaN
11  3 F 0000  NaN
11  4 F 0000  NaN
11  5 F 0000  NaN
11  6 F 0000  NaN
11  7 F 0000  NaN
11  8 F 0000  NaN
11  9 F 0000  NaN
11 10 F 0000  NaN
11 11 F 0000  NaN
11 12 F 0000  NaN
11 13 F 0000  NaN
11 14 F 0000  NaN
11 15 F 0000  NaN
11 16 F 0000  NaN
11 17 F 0000  NaN
11 18 F 0000  NaN
11 19 F 0000  NaN
11 20 F 0000  NaN
11 21 F 0000  NaN
11 22 F 0000  NaN
11 23 F 0000  NaN
11 24 F 0000  NaN
11 25 F 0000  NaN
11 26 F 0000  NaN
11 27 F 0000  NaN
11 28 F 0000  NaN
11 29 F 0000  NaN
11 30 F 0000  NaN
12  1 X  -25 4616
12  2 X  -25 4616
12  3 X  -25 4603
12  4 X  -25 4617
12  5 X  -25 4623
12  6 X  -25 4620
12  7 X  -25 4624
12  8 X  -25 4617
12  9 X  -25 4619
12 10 X  -25 4615
12 11 X  -25 4610
12 12 X  -25 4615
12 13 X  -25 4622
12 14 X  -25 4627
12 15 X  -25 4624
12 16 X  -25 4619
12 17 X  -25 4625
12 18 X  -25 4624
12 19 X  -25 4613
12 20 X  -25 4620
12 21 X  -25 4620
12 22 X  -25 4627
12 23 X  -25 4624
12 24 X  -25 4613
12 25 X  -25 4631
12 26 X  -25 4610
12 27 X  -25 4598
12 28 X  -25 4611
12 29 X  -25 4628
12 30 X  -25 4620
12 31 X  -25 4610
12  1 Y  -78 4447
12  2 Y  -78 4458
12  3 Y  -78 4455
12  4 Y  -78 4453
12  5 Y  -78 4454
12  6 Y  -78 4461
12  7 Y  -78 4453
12  8 Y  -78 4451
12  9 Y  -78 4448
12 10 Y  -78 4445
12 11 Y  -78 4455
12 12 Y  -78 4451
12 13 Y  -78 4457
12 14 Y  -78 4458
12 15 Y  -78 4453
12 16 Y  -78 4458
12 17 Y  -78 4462
12 18 Y  -78 4453
12 19 Y  -78 4452
12 20 Y  -78 4457
12 21 Y  -78 4464
12 22 Y  -78 4451
12 23 Y  -78 4455
12 24 Y  -78 4462
12 25 Y  -78 4464
12 26 Y  -78 4457
12 27 Y  -78 4450
12 28 Y  -78 4464
12 29 Y  -78 4461
12 30 Y  -78 4454
12 31 Y  -78 4461
12  1 Z  517 4631
12  2 Z  517 4636
12  3 Z  517 4628
12  4 Z  517 4628
12  5 Z  517 4618
12  6 Z  517 4617
12  7 Z  517 4615
12  8 Z  517 4613
12  9 Z  517 4613
12 10 Z  517 4619
12 11 Z  517 4635
12 12 Z  517 4635
12 13 Z  517 4625
12 14 Z  517 4619
12 15 Z  517 4619
12 16 Z  517 4617
12 17 Z  517 4615
12 18 Z  517 4610
12 19 Z  517 4609
12 20 Z  517 4628
12 21 Z  517 4623
12 22 Z  517 4622
12 23 Z  517 4615
12 24 Z  517 4612
12 25 Z  517 4618
12 26 Z  517 4612
12 27 Z  517 4623
12 28 Z  517 4631
12 29 Z  517 4634
12 30 Z  517 4629
12 31 Z  517 4635
12  1 F 0000  NaN
12  2 F 0000  NaN
12  3 F 0000  NaN
12  4 F 0000  NaN
12  5 F 0000  NaN
12  6 F 0000  NaN
12  7 F 0000  NaN
12  8 F 0000  NaN
12  9 F 0000  NaN
12 10 F 0000  NaN
12 11 F 0000  NaN
12 12 F 0000  NaN
12 13 F 0000  NaN
12 14 F 0000  NaN
12 15 F 0000  NaN
12 16 F 0000  NaN
12 17 F 0000  NaN
12 18 F 0000  NaN
12 19 F 0000  NaN
12 20 F 0000  NaN
12 21 F 0000  NaN
12 22 F 0000  NaN
12 23 F 0000  NaN
12 24 F 0000  NaN
12 25 F 0000  NaN
12 26 F 0000  NaN
12 27 F 0000  NaN
12 28 F 0000  NaN
12 29 F 0000  NaN
12 30 F 0000  NaN
12 31 F 0000  NaN
