 1  1 X  -19 4509
 1  2 X  -19 4506
 1  3 X  -19 4510
 1  4 X  -19 4510
 1  5 X  -19 4510
 1  6 X  -19 4507
 1  7 X  -19 4510
 1  8 X  -19 4505
 1  9 X  -19 4510
 1 10 X  -19 4512
 1 11 X  -19 4510
 1 12 X  -19 4512
 1 13 X  -19 4496
 1 14 X  -19 4513
 1 15 X  -19 4513
 1 16 X  -19 4505
 1 17 X  -19 4482
 1 18 X  -19 4502
 1 19 X  -19 4507
 1 20 X  -19 4526
 1 21 X  -19 4515
 1 22 X  -19 4512
 1 23 X  -19 4514
 1 24 X  -19 4516
 1 25 X  -19 4510
 1 26 X  -19 4485
 1 27 X  -19 4515
 1 28 X  -19 4508
 1 29 X  -19 4515
 1 30 X  -19 4513
 1 31 X  -19 4514
 1  1 Y  -77 4544
 1  2 Y  -76 4451
 1  3 Y  -77 4544
 1  4 Y  -77 4541
 1  5 Y  -77 4546
 1  6 Y  -77 4545
 1  7 Y  -77 4546
 1  8 Y  -77 4542
 1  9 Y  -77 4544
 1 10 Y  -77 4546
 1 11 Y  -77 4545
 1 12 Y  -77 4545
 1 13 Y  -77 4542
 1 14 Y  -76 4452
 1 15 Y  -76 4451
 1 16 Y  -77 4547
 1 17 Y  -76 4451
 1 18 Y  -77 4535
 1 19 Y  -77 4532
 1 20 Y  -77 4548
 1 21 Y  -77 4543
 1 22 Y  -77 4546
 1 23 Y  -77 4545
 1 24 Y  -77 4545
 1 25 Y  -77 4547
 1 26 Y  -77 4553
 1 27 Y  -77 4544
 1 28 Y  -77 4546
 1 29 Y  -76 4450
 1 30 Y  -77 4546
 1 31 Y  -77 4544
 1  1 Z  517 4520
 1  2 Z  517 4518
 1  3 Z  517 4515
 1  4 Z  517 4516
 1  5 Z  517 4515
 1  6 Z  517 4515
 1  7 Z  517 4516
 1  8 Z  517 4515
 1  9 Z  517 4520
 1 10 Z  517 4519
 1 11 Z  517 4515
 1 12 Z  517 4517
 1 13 Z  517 4522
 1 14 Z  517 4528
 1 15 Z  517 4522
 1 16 Z  517 4517
 1 17 Z  517 4516
 1 18 Z  517 4521
 1 19 Z  517 4517
 1 20 Z  518 4444
 1 21 Z  517 4529
 1 22 Z  517 4523
 1 23 Z  517 4520
 1 24 Z  517 4516
 1 25 Z  517 4521
 1 26 Z  517 4537
 1 27 Z  517 4532
 1 28 Z  517 4525
 1 29 Z  517 4525
 1 30 Z  517 4518
 1 31 Z  517 4515
 1  1 F  519 4469
 1  2 F  519 4466
 1  3 F  519 4464
 1  4 F  519 4465
 1  5 F  519 4463
 1  6 F  519 4464
 1  7 F  519 4465
 1  8 F  519 4464
 1  9 F  519 4469
 1 10 F  519 4468
 1 11 F  519 4464
 1 12 F  519 4466
 1 13 F  519 4471
 1 14 F  519 4476
 1 15 F  519 4471
 1 16 F  519 4466
 1 17 F  519 4463
 1 18 F  519 4470
 1 19 F  519 4467
 1 20 F  519 4494
 1 21 F  519 4478
 1 22 F  519 4472
 1 23 F  519 4469
 1 24 F  519 4466
 1 25 F  519 4470
 1 26 F  519 4485
 1 27 F  519 4481
 1 28 F  519 4474
 1 29 F  519 4474
 1 30 F  519 4467
 1 31 F  519 4464
 2  1 X  -19 4511
 2  2 X  -19 4512
 2  3 X  -19 4513
 2  4 X  -19 4509
 2  5 X  -19 4521
 2  6 X  -19 4514
 2  7 X  -19 4523
 2  8 X  -19 4518
 2  9 X  -19 4522
 2 10 X  -19 4513
 2 11 X  -19 4512
 2 12 X  -19 4511
 2 13 X  -19 4503
 2 14 X  -19 4523
 2 15 X  -19 4516
 2 16 X  -20 4604
 2 17 X  -19 4500
 2 18 X  -19 4514
 2 19 X  -19 4515
 2 20 X  -19 4520
 2 21 X  -19 4506
 2 22 X  -19 4508
 2 23 X  -19 4505
 2 24 X  -19 4518
 2 25 X  -19 4518
 2 26 X  -19 4511
 2 27 X  -19 4520
 2 28 X  -19 4519
 2  1 Y  -76 4450
 2  2 Y  -76 4452
 2  3 Y  -77 4552
 2  4 Y  -77 4552
 2  5 Y  -76 4452
 2  6 Y  -77 4544
 2  7 Y  -76 4454
 2  8 Y  -76 4455
 2  9 Y  -77 4545
 2 10 Y  -77 4545
 2 11 Y  -77 4543
 2 12 Y  -77 4546
 2 13 Y  -77 4529
 2 14 Y  -77 4560
 2 15 Y  -76 4450
 2 16 Y  -76 4453
 2 17 Y  -76 4465
 2 18 Y  -77 4544
 2 19 Y  -76 4458
 2 20 Y  -76 4465
 2 21 Y  -77 4545
 2 22 Y  -76 4456
 2 23 Y  -77 4547
 2 24 Y  -77 4552
 2 25 Y  -76 4448
 2 26 Y  -76 4461
 2 27 Y  -77 4551
 2 28 Y  -77 4541
 2  1 Z  517 4517
 2  2 Z  517 4526
 2  3 Z  517 4528
 2  4 Z  517 4517
 2  5 Z  517 4523
 2  6 Z  517 4509
 2  7 Z  517 4521
 2  8 Z  517 4520
 2  9 Z  517 4516
 2 10 Z  517 4516
 2 11 Z  517 4519
 2 12 Z  517 4512
 2 13 Z  517 4510
 2 14 Z  517 4532
 2 15 Z  517 4513
 2 16 Z  517 4506
 2 17 Z  517 4520
 2 18 Z  517 4511
 2 19 Z  517 4511
 2 20 Z  517 4529
 2 21 Z  517 4523
 2 22 Z  517 4528
 2 23 Z  517 4513
 2 24 Z  517 4515
 2 25 Z  517 4515
 2 26 Z  517 4518
 2 27 Z  517 4519
 2 28 Z  517 4508
 2  1 F  519 4466
 2  2 F  519 4475
 2  3 F  519 4477
 2  4 F  519 4466
 2  5 F  519 4472
 2  6 F  519 4459
 2  7 F  519 4470
 2  8 F  519 4469
 2  9 F  519 4466
 2 10 F  519 4465
 2 11 F  519 4468
 2 12 F  519 4461
 2 13 F  519 4460
 2 14 F  519 4481
 2 15 F  519 4462
 2 16 F  518 4554
 2 17 F  519 4468
 2 18 F  519 4460
 2 19 F  519 4459
 2 20 F  519 4477
 2 21 F  519 4471
 2 22 F  519 4476
 2 23 F  519 4461
 2 24 F  519 4464
 2 25 F  519 4464
 2 26 F  519 4466
 2 27 F  519 4468
 2 28 F  519 4458
 3  1 X  -19 4515
 3  2 X  -19 4504
 3  3 X  -19 4510
 3  4 X  -19 4517
 3  5 X  -19 4515
 3  6 X  -19 4521
 3  7 X  -19 4525
 3  8 X  -19 4514
 3  9 X  -19 4528
 3 10 X  -19 4515
 3 11 X  -19 4525
 3 12 X  -19 4522
 3 13 X  -19 4523
 3 14 X  -19 4525
 3 15 X  -19 4529
 3 16 X  -18 4439
 3 17 X  -19 4511
 3 18 X  -19 4515
 3 19 X  -19 4505
 3 20 X  -19 4525
 3 21 X  -19 4545
 3 22 X  -19 4509
 3 23 X  -19 4517
 3 24 X  -19 4528
 3 25 X  -19 4527
 3 26 X  -19 4528
 3 27 X  -19 4521
 3 28 X  -19 4525
 3 29 X  -19 4540
 3 30 X  -19 4525
 3 31 X  -19 4512
 3  1 Y  -76 4467
 3  2 Y  -77 4544
 3  3 Y  -76 4456
 3  4 Y  -76 4455
 3  5 Y  -77 4550
 3  6 Y  -77 4543
 3  7 Y  -76 4455
 3  8 Y  -77 4552
 3  9 Y  -76 4453
 3 10 Y  -77 4545
 3 11 Y  -77 4547
 3 12 Y  -76 4452
 3 13 Y  -76 4449
 3 14 Y  -76 4456
 3 15 Y  -77 4549
 3 16 Y  -76 4448
 3 17 Y  -75 4394
 3 18 Y  -77 4557
 3 19 Y  -77 4550
 3 20 Y  -76 4466
 3 21 Y  -77 4548
 3 22 Y  -76 4452
 3 23 Y  -76 4463
 3 24 Y  -77 4553
 3 25 Y  -77 4547
 3 26 Y  -77 4549
 3 27 Y  -77 4568
 3 28 Y  -77 4555
 3 29 Y  -76 4476
 3 30 Y  -77 4548
 3 31 Y  -76 4458
 3  1 Z  518 4453
 3  2 Z  517 4531
 3  3 Z  517 4536
 3  4 Z  517 4526
 3  5 Z  517 4524
 3  6 Z  517 4515
 3  7 Z  517 4510
 3  8 Z  517 4513
 3  9 Z  517 4510
 3 10 Z  517 4502
 3 11 Z  517 4514
 3 12 Z  517 4508
 3 13 Z  517 4506
 3 14 Z  517 4497
 3 15 Z  517 4502
 3 16 Z  517 4493
 3 17 Z  519 4373
 3 18 Z  518 4454
 3 19 Z  518 4437
 3 20 Z  518 4438
 3 21 Z  518 4451
 3 22 Z  517 4521
 3 23 Z  517 4525
 3 24 Z  517 4505
 3 25 Z  517 4502
 3 26 Z  517 4514
 3 27 Z  517 4532
 3 28 Z  517 4525
 3 29 Z  518 4452
 3 30 Z  518 4454
 3 31 Z  517 4525
 3  1 F  519 4501
 3  2 F  519 4480
 3  3 F  519 4484
 3  4 F  519 4475
 3  5 F  519 4472
 3  6 F  519 4465
 3  7 F  519 4459
 3  8 F  519 4462
 3  9 F  519 4459
 3 10 F  518 4551
 3 11 F  519 4464
 3 12 F  519 4457
 3 13 F  519 4456
 3 14 F  518 4546
 3 15 F  518 4552
 3 16 F  518 4543
 3 17 F  520 4420
 3 18 F  519 4502
 3 19 F  519 4485
 3 20 F  519 4487
 3 21 F  519 4501
 3 22 F  519 4470
 3 23 F  519 4473
 3 24 F  518 4554
 3 25 F  518 4552
 3 26 F  519 4463
 3 27 F  519 4481
 3 28 F  519 4474
 3 29 F  519 4501
 3 30 F  519 4504
 3 31 F  519 4473
 4  1 X  -19 4524
 4  2 X  -19 4520
 4  3 X  -19 4522
 4  4 X  -19 4535
 4  5 X  -19 4512
 4  6 X  -19 4524
 4  7 X  -19 4545
 4  8 X  -19 4536
 4  9 X  -18 4454
 4 10 X  -19 4538
 4 11 X  -19 4537
 4 12 X  -19 4536
 4 13 X  -19 4535
 4 14 X  -18 4468
 4 15 X  -19 4482
 4 16 X  -19 4507
 4 17 X  -19 4542
 4 18 X  -19 4540
 4 19 X  -19 4545
 4 20 X  -19 4547
 4 21 X  -19 4540
 4 22 X  -18 4454
 4 23 X  -19 4536
 4 24 X  -19 4532
 4 25 X  -19 4517
 4 26 X  -19 4531
 4 27 X  -19 4524
 4 28 X  -19 4533
 4 29 X  -19 4515
 4 30 X  -19 4485
 4  1 Y  -76 4468
 4  2 Y  -76 4457
 4  3 Y  -76 4460
 4  4 Y  -76 4460
 4  5 Y  -76 4466
 4  6 Y  -76 4459
 4  7 Y  -76 4455
 4  8 Y  -76 4450
 4  9 Y  -77 4538
 4 10 Y  -77 4546
 4 11 Y  -77 4552
 4 12 Y  -77 4548
 4 13 Y  -77 4540
 4 14 Y  -77 4542
 4 15 Y  -76 4474
 4 16 Y  -77 4550
 4 17 Y  -76 4461
 4 18 Y  -76 4451
 4 19 Y  -77 4544
 4 20 Y  -76 4460
 4 21 Y  -77 4542
 4 22 Y  -77 4538
 4 23 Y  -77 4543
 4 24 Y  -77 4559
 4 25 Y  -76 4473
 4 26 Y  -76 4471
 4 27 Y  -76 4469
 4 28 Y  -76 4474
 4 29 Y  -77 4563
 4 30 Y  -76 4459
 4  1 Z  517 4533
 4  2 Z  517 4512
 4  3 Z  517 4529
 4  4 Z  517 4511
 4  5 Z  517 4534
 4  6 Z  517 4528
 4  7 Z  518 4432
 4  8 Z  517 4485
 4  9 Z  516 4569
 4 10 Z  517 4488
 4 11 Z  517 4484
 4 12 Z  517 4485
 4 13 Z  517 4501
 4 14 Z  516 4542
 4 15 Z  517 4510
 4 16 Z  517 4486
 4 17 Z  517 4504
 4 18 Z  517 4483
 4 19 Z  517 4475
 4 20 Z  517 4487
 4 21 Z  517 4482
 4 22 Z  516 4562
 4 23 Z  517 4468
 4 24 Z  517 4507
 4 25 Z  517 4507
 4 26 Z  518 4439
 4 27 Z  517 4521
 4 28 Z  517 4524
 4 29 Z  517 4524
 4 30 Z  518 4448
 4  1 F  519 4482
 4  2 F  518 4561
 4  3 F  519 4478
 4  4 F  519 4460
 4  5 F  519 4482
 4  6 F  519 4477
 4  7 F  519 4482
 4  8 F  518 4535
 4  9 F  518 4520
 4 10 F  518 4539
 4 11 F  518 4534
 4 12 F  518 4535
 4 13 F  518 4551
 4 14 F  517 4594
 4 15 F  519 4456
 4 16 F  518 4535
 4 17 F  519 4453
 4 18 F  518 4533
 4 19 F  518 4525
 4 20 F  518 4537
 4 21 F  518 4533
 4 22 F  518 4514
 4 23 F  518 4518
 4 24 F  519 4457
 4 25 F  518 4555
 4 26 F  519 4487
 4 27 F  519 4470
 4 28 F  519 4472
 4 29 F  519 4472
 4 30 F  519 4495
 5  1 X  -19 4528
 5  2 X  -19 4522
 5  3 X  -19 4526
 5  4 X  -19 4529
 5  5 X  -19 4559
 5  6 X  -18 4472
 5  7 X  -18 4460
 5  8 X  -18 4473
 5  9 X  -18 4480
 5 10 X  -18 4481
 5 11 X  -18 4471
 5 12 X  -19 4532
 5 13 X  -18 4485
 5 14 X  -18 4469
 5 15 X  -19 4559
 5 16 X  -19 4539
 5 17 X  -19 4552
 5 18 X  -19 4492
 5 19 X  -18 4477
 5 20 X  -19 4510
 5 21 X  -19 4538
 5 22 X  -19 4539
 5 23 X  -19 4496
 5 24 X  -19 4514
 5 25 X  -19 4541
 5 26 X  -19 4534
 5 27 X  -19 4539
 5 28 X  -18 4454
 5 29 X  -19 4531
 5 30 X  -19 4511
 5 31 X  -19 4499
 5  1 Y  -76 4482
 5  2 Y  -76 4464
 5  3 Y  -76 4466
 5  4 Y  -76 4446
 5  5 Y  -76 4458
 5  6 Y  -77 4537
 5  7 Y  -77 4559
 5  8 Y  -76 4447
 5  9 Y  -77 4540
 5 10 Y  -76 4437
 5 11 Y  -77 4544
 5 12 Y  -77 4553
 5 13 Y  -76 4452
 5 14 Y  -76 4471
 5 15 Y  -77 4525
 5 16 Y  -77 4536
 5 17 Y  -76 4467
 5 18 Y  -77 4547
 5 19 Y  -76 4477
 5 20 Y  -76 4487
 5 21 Y  -77 4521
 5 22 Y  -76 4476
 5 23 Y  -76 4469
 5 24 Y  -76 4479
 5 25 Y  -76 4476
 5 26 Y  -76 4442
 5 27 Y  -76 4476
 5 28 Y  -77 4555
 5 29 Y  -76 4460
 5 30 Y  -76 4480
 5 31 Y  -76 4486
 5  1 Z  517 4513
 5  2 Z  518 4445
 5  3 Z  517 4508
 5  4 Z  517 4477
 5  5 Z  518 4416
 5  6 Z  516 4514
 5  7 Z  516 4534
 5  8 Z  516 4547
 5  9 Z  516 4537
 5 10 Z  516 4549
 5 11 Z  516 4541
 5 12 Z  517 4514
 5 13 Z  516 4535
 5 14 Z  516 4555
 5 15 Z  517 4489
 5 16 Z  516 4524
 5 17 Z  517 4455
 5 18 Z  518 4464
 5 19 Z  517 4472
 5 20 Z  518 4423
 5 21 Z  517 4468
 5 22 Z  517 4477
 5 23 Z  517 4546
 5 24 Z  518 4441
 5 25 Z  517 4502
 5 26 Z  517 4484
 5 27 Z  517 4510
 5 28 Z  517 4525
 5 29 Z  517 4504
 5 30 Z  517 4527
 5 31 Z  518 4444
 5  1 F  519 4461
 5  2 F  519 4494
 5  3 F  519 4457
 5  4 F  518 4527
 5  5 F  519 4466
 5  6 F  517 4566
 5  7 F  517 4584
 5  8 F  518 4499
 5  9 F  518 4490
 5 10 F  518 4502
 5 11 F  517 4593
 5 12 F  519 4464
 5 13 F  517 4587
 5 14 F  518 4505
 5 15 F  519 4441
 5 16 F  518 4476
 5 17 F  518 4505
 5 18 F  519 4512
 5 19 F  518 4523
 5 20 F  519 4469
 5 21 F  518 4520
 5 22 F  518 4526
 5 23 F  519 4493
 5 24 F  519 4489
 5 25 F  518 4551
 5 26 F  518 4535
 5 27 F  519 4459
 5 28 F  519 4476
 5 29 F  519 4453
 5 30 F  519 4474
 5 31 F  519 4490
 6  1 X  -17 4432
 6  2 X  -19 4563
 6  3 X  -19 4555
 6  4 X  -18 4468
 6  5 X  -18 4459
 6  6 X  -19 4569
 6  7 X  -18 4548
 6  8 X  -18 4452
 6  9 X  -19 4549
 6 10 X  -18 4490
 6 11 X  -18 4483
 6 12 X  -18 4471
 6 13 X  -18 4476
 6 14 X  -18 4465
 6 15 X  -19 4529
 6 16 X  -19 4491
 6 17 X  -19 4524
 6 18 X  -19 4544
 6 19 X  -19 4507
 6 20 X  -19 4530
 6 21 X  -19 4526
 6 22 X  -19 4536
 6 23 X  -19 4499
 6 24 X  -19 4553
 6 25 X  -18 4434
 6 26 X  -19 4518
 6 27 X  -19 4492
 6 28 X  -19 4517
 6 29 X  -18 4488
 6 30 X  -18 4456
 6  1 Y  -77 4507
 6  2 Y  -76 4461
 6  3 Y  -77 4540
 6  4 Y  -77 4528
 6  5 Y  -76 4454
 6  6 Y  -77 4569
 6  7 Y  -77 4528
 6  8 Y  -76 4457
 6  9 Y  -76 4487
 6 10 Y  -77 4547
 6 11 Y  -76 4467
 6 12 Y  -77 4542
 6 13 Y  -77 4538
 6 14 Y  -76 4439
 6 15 Y  -76 4462
 6 16 Y  -76 4480
 6 17 Y  -76 4469
 6 18 Y  -76 4475
 6 19 Y  -76 4489
 6 20 Y  -76 4488
 6 21 Y  -76 4486
 6 22 Y  -76 4468
 6 23 Y  -76 4467
 6 24 Y  -76 4489
 6 25 Y  -76 4464
 6 26 Y  -76 4475
 6 27 Y  -76 4484
 6 28 Y  -76 4501
 6 29 Y  -77 4549
 6 30 Y  -77 4549
 6  1 Z  516 4524
 6  2 Z  516 4558
 6  3 Z  516 4533
 6  4 Z  516 4567
 6  5 Z  517 4461
 6  6 Z  517 4480
 6  7 Z  515 4641
 6  8 Z  517 4489
 6  9 Z  517 4467
 6 10 Z  516 4564
 6 11 Z  516 4534
 6 12 Z  516 4552
 6 13 Z  516 4553
 6 14 Z  517 4446
 6 15 Z  517 4529
 6 16 Z  517 4544
 6 17 Z  518 4431
 6 18 Z  517 4490
 6 19 Z  518 4432
 6 20 Z  517 4522
 6 21 Z  518 4465
 6 22 Z  517 4527
 6 23 Z  517 4549
 6 24 Z  517 4498
 6 25 Z  517 4525
 6 26 Z  518 4431
 6 27 Z  518 4447
 6 28 Z  518 4460
 6 29 Z  516 4548
 6 30 Z  516 4552
 6  1 F  517 4581
 6  2 F  518 4508
 6  3 F  518 4485
 6  4 F  518 4519
 6  5 F  518 4512
 6  6 F  518 4530
 6  7 F  517 4598
 6  8 F  518 4539
 6  9 F  518 4516
 6 10 F  518 4517
 6 11 F  518 4485
 6 12 F  518 4504
 6 13 F  518 4506
 6 14 F  518 4498
 6 15 F  519 4478
 6 16 F  519 4490
 6 17 F  519 4479
 6 18 F  518 4539
 6 19 F  519 4478
 6 20 F  519 4470
 6 21 F  520 4412
 6 22 F  519 4476
 6 23 F  519 4497
 6 24 F  519 4446
 6 25 F  519 4474
 6 26 F  519 4479
 6 27 F  519 4493
 6 28 F  519 4507
 6 29 F  518 4501
 6 30 F  518 4503
 7  1 X  -18 4529
 7  2 X  -18 4481
 7  3 X  -18 4474
 7  4 X  -18 4477
 7  5 X  -17 4450
 7  6 X  -18 4478
 7  7 X  -19 4522
 7  8 X  -18 4496
 7  9 X  -18 4505
 7 10 X  -19 4586
 7 11 X  -19 4586
 7 12 X  -18 4470
 7 13 X  -20 4550
 7 14 X  -19 4551
 7 15 X  -18 4507
 7 16 X  -18 4489
 7 17 X  -19 4545
 7 18 X  -19 4506
 7 19 X  -18 4457
 7 20 X  -19 4545
 7 21 X  -18 4449
 7 22 X  -19 4542
 7 23 X  -19 4515
 7 24 X  -19 4533
 7 25 X  -19 4541
 7 26 X  -18 4489
 7 27 X  -18 4465
 7 28 X  -18 4510
 7 29 X  -18 4505
 7 30 X  -19 4564
 7 31 X  -18 4464
 7  1 Y  -77 4538
 7  2 Y  -76 4457
 7  3 Y  -76 4455
 7  4 Y  -76 4454
 7  5 Y  -77 4515
 7  6 Y  -76 4471
 7  7 Y  -76 4462
 7  8 Y  -76 4450
 7  9 Y  -76 4458
 7 10 Y  -76 4454
 7 11 Y  -76 4472
 7 12 Y  -76 4439
 7 13 Y  -76 4491
 7 14 Y  -76 4472
 7 15 Y  -76 4456
 7 16 Y  -76 4467
 7 17 Y  -76 4481
 7 18 Y  -75 4426
 7 19 Y  -76 4486
 7 20 Y  -77 4565
 7 21 Y  -76 4469
 7 22 Y  -76 4465
 7 23 Y  -76 4482
 7 24 Y  -76 4484
 7 25 Y  -77 4541
 7 26 Y  -76 4460
 7 27 Y  -76 4476
 7 28 Y  -77 4542
 7 29 Y  -76 4448
 7 30 Y  -76 4473
 7 31 Y  -76 4461
 7  1 Z  516 4551
 7  2 Z  517 4458
 7  3 Z  516 4533
 7  4 Z  516 4525
 7  5 Z  515 4574
 7  6 Z  516 4581
 7  7 Z  518 4460
 7  8 Z  516 4519
 7  9 Z  516 4546
 7 10 Z  516 4529
 7 11 Z  517 4475
 7 12 Z  517 4504
 7 13 Z  516 4577
 7 14 Z  517 4518
 7 15 Z  516 4538
 7 16 Z  516 4542
 7 17 Z  517 4497
 7 18 Z  518 4464
 7 19 Z  518 4423
 7 20 Z  517 4516
 7 21 Z  517 4490
 7 22 Z  517 4501
 7 23 Z  517 4527
 7 24 Z  517 4518
 7 25 Z  516 4561
 7 26 Z  515 4634
 7 27 Z  516 4559
 7 28 Z  516 4523
 7 29 Z  516 4545
 7 30 Z  517 4465
 7 31 Z  516 4523
 7  1 F  518 4506
 7  2 F  518 4509
 7  3 F  517 4585
 7  4 F  517 4577
 7  5 F  517 4532
 7  6 F  518 4533
 7  7 F  519 4508
 7  8 F  517 4572
 7  9 F  518 4499
 7 10 F  517 4582
 7 11 F  518 4527
 7 12 F  519 4456
 7 13 F  518 4521
 7 14 F  519 4467
 7 15 F  518 4491
 7 16 F  518 4494
 7 17 F  519 4446
 7 18 F  519 4509
 7 19 F  519 4472
 7 20 F  519 4466
 7 21 F  518 4540
 7 22 F  518 4550
 7 23 F  519 4474
 7 24 F  519 4465
 7 25 F  518 4512
 7 26 F  517 4587
 7 27 F  518 4509
 7 28 F  517 4577
 7 29 F  518 4498
 7 30 F  518 4515
 7 31 F  517 4574
 8  1 X  -18 4480
 8  2 X  -19 4543
 8  3 X  -19 4530
 8  4 X  -19 4565
 8  5 X  -18 4482
 8  6 X  -18 4488
 8  7 X  -18 4491
 8  8 X  -18 4483
 8  9 X  -19 4504
 8 10 X  -19 4549
 8 11 X  -18 4444
 8 12 X  -19 4540
 8 13 X  -19 4548
 8 14 X  -19 4525
 8 15 X  -18 4451
 8 16 X  -18 4454
 8 17 X  -18 4458
 8 18 X  -18 4450
 8 19 X  -19 4544
 8 20 X  -19 4540
 8 21 X  -18 4482
 8 22 X  -19 4562
 8 23 X  -18 4481
 8 24 X  -18 4519
 8 25 X  -18 4472
 8 26 X  -18 4470
 8 27 X  -19 4541
 8 28 X  -18 4463
 8 29 X  -19 4543
 8 30 X  -19 4539
 8 31 X  -18 4489
 8  1 Y  -76 4459
 8  2 Y  -76 4473
 8  3 Y  -76 4478
 8  4 Y  -76 4451
 8  5 Y  -77 4548
 8  6 Y  -77 4551
 8  7 Y  -76 4456
 8  8 Y  -76 4458
 8  9 Y  -76 4476
 8 10 Y  -76 4467
 8 11 Y  -76 4480
 8 12 Y  -76 4463
 8 13 Y  -76 4484
 8 14 Y  -76 4471
 8 15 Y  -76 4487
 8 16 Y  -76 4471
 8 17 Y  -76 4478
 8 18 Y  -76 4471
 8 19 Y  -76 4486
 8 20 Y  -76 4471
 8 21 Y  -76 4474
 8 22 Y  -77 4542
 8 23 Y  -76 4480
 8 24 Y  -76 4461
 8 25 Y  -76 4469
 8 26 Y  -77 4553
 8 27 Y  -76 4475
 8 28 Y  -77 4567
 8 29 Y  -76 4481
 8 30 Y  -77 4549
 8 31 Y  -76 4464
 8  1 Z  517 4465
 8  2 Z  517 4508
 8  3 Z  517 4518
 8  4 Z  516 4520
 8  5 Z  516 4569
 8  6 Z  517 4461
 8  7 Z  516 4548
 8  8 Z  516 4532
 8  9 Z  517 4533
 8 10 Z  518 4439
 8 11 Z  517 4515
 8 12 Z  517 4481
 8 13 Z  517 4486
 8 14 Z  518 4429
 8 15 Z  518 4436
 8 16 Z  518 4430
 8 17 Z  518 4425
 8 18 Z  517 4497
 8 19 Z  517 4525
 8 20 Z  517 4518
 8 21 Z  517 4490
 8 22 Z  517 4469
 8 23 Z  517 4498
 8 24 Z  516 4510
 8 25 Z  516 4563
 8 26 Z  516 4567
 8 27 Z  516 4543
 8 28 Z  517 4521
 8 29 Z  517 4529
 8 30 Z  516 4552
 8 31 Z  517 4473
 8  1 F  518 4517
 8  2 F  519 4457
 8  3 F  519 4466
 8  4 F  517 4571
 8  5 F  518 4521
 8  6 F  518 4514
 8  7 F  518 4501
 8  8 F  517 4583
 8  9 F  518 4580
 8 10 F  519 4488
 8 11 F  519 4463
 8 12 F  518 4530
 8 13 F  518 4534
 8 14 F  519 4478
 8 15 F  519 4485
 8 16 F  519 4479
 8 17 F  519 4474
 8 18 F  518 4547
 8 19 F  519 4474
 8 20 F  519 4467
 8 21 F  518 4541
 8 22 F  518 4521
 8 23 F  518 4549
 8 24 F  517 4564
 8 25 F  518 4514
 8 26 F  518 4518
 8 27 F  518 4492
 8 28 F  519 4471
 8 29 F  519 4477
 8 30 F  518 4502
 8 31 F  518 4525
 9  1 X  -19 4561
 9  2 X  -18 4491
 9  3 X  -19 4536
 9  4 X  -19 4547
 9  5 X  -19 4525
 9  6 X  -19 4537
 9  7 X  -18 4458
 9  8 X  -18 4475
 9  9 X  -18 4470
 9 10 X  -19 4546
 9 11 X  -19 4552
 9 12 X  -18 4452
 9 13 X  -19 4541
 9 14 X  -18 4462
 9 15 X  -19 4535
 9 16 X  -19 4550
 9 17 X  -18 4468
 9 18 X  -18 4453
 9 19 X  -18 4468
 9 20 X  -18 4466
 9 21 X  -18 4458
 9 22 X  -18 4466
 9 23 X  -19 4559
 9 24 X  -19 4553
 9 25 X  -18 4459
 9 26 X  -19 4553
 9 27 X  -18 4455
 9 28 X  -18 4455
 9 29 X  -18 4457
 9 30 X  -19 4549
 9  1 Y  -76 4475
 9  2 Y  -76 4493
 9  3 Y  -76 4482
 9  4 Y  -76 4474
 9  5 Y  -76 4482
 9  6 Y  -76 4481
 9  7 Y  -76 4457
 9  8 Y  -76 4470
 9  9 Y  -76 4469
 9 10 Y  -76 4481
 9 11 Y  -76 4489
 9 12 Y  -76 4459
 9 13 Y  -76 4486
 9 14 Y  -76 4476
 9 15 Y  -76 4475
 9 16 Y  -76 4480
 9 17 Y  -76 4465
 9 18 Y  -77 4562
 9 19 Y  -76 4473
 9 20 Y  -76 4478
 9 21 Y  -76 4469
 9 22 Y  -76 4471
 9 23 Y  -77 4558
 9 24 Y  -76 4498
 9 25 Y  -76 4473
 9 26 Y  -76 4469
 9 27 Y  -76 4469
 9 28 Y  -76 4467
 9 29 Y  -76 4468
 9 30 Y  -76 4475
 9  1 Z  517 4478
 9  2 Z  517 4497
 9  3 Z  518 4456
 9  4 Z  517 4505
 9  5 Z  517 4520
 9  6 Z  517 4515
 9  7 Z  517 4506
 9  8 Z  517 4473
 9  9 Z  517 4474
 9 10 Z  517 4498
 9 11 Z  517 4512
 9 12 Z  517 4504
 9 13 Z  518 4431
 9 14 Z  517 4506
 9 15 Z  517 4516
 9 16 Z  517 4512
 9 17 Z  517 4520
 9 18 Z  517 4483
 9 19 Z  517 4497
 9 20 Z  517 4505
 9 21 Z  517 4494
 9 22 Z  517 4504
 9 23 Z  517 4476
 9 24 Z  518 4424
 9 25 Z  517 4523
 9 26 Z  517 4512
 9 27 Z  517 4493
 9 28 Z  517 4500
 9 29 Z  517 4494
 9 30 Z  517 4518
 9  1 F  518 4528
 9  2 F  518 4547
 9  3 F  519 4504
 9  4 F  519 4454
 9  5 F  519 4467
 9  6 F  519 4463
 9  7 F  519 4456
 9  8 F  518 4524
 9  9 F  518 4524
 9 10 F  519 4446
 9 11 F  519 4461
 9 12 F  518 4554
 9 13 F  519 4479
 9 14 F  518 4555
 9 15 F  519 4465
 9 16 F  519 4461
 9 17 F  519 4471
 9 18 F  518 4533
 9 19 F  518 4547
 9 20 F  518 4555
 9 21 F  518 4544
 9 22 F  518 4555
 9 23 F  518 4526
 9 24 F  519 4472
 9 25 F  519 4473
 9 26 F  519 4461
 9 27 F  518 4543
 9 28 F  518 4550
 9 29 F  518 4544
 9 30 F  519 4467
10  1 X  -19 4542
10  2 X  -18 4437
10  3 X  -18 4461
10  4 X  -19 4553
10  5 X  -19 4553
10  6 X  -18 4458
10  7 X  -18 4465
10  8 X  -19 4551
10  9 X  -18 4482
10 10 X  -18 4471
10 11 X  -18 4468
10 12 X  -18 4458
10 13 X  -18 4457
10 14 X  -19 4536
10 15 X  -18 4474
10 16 X  -18 4455
10 17 X  -18 4460
10 18 X  -18 4464
10 19 X  -19 4558
10 20 X  -18 4456
10 21 X  -19 4560
10 22 X  -18 4458
10 23 X  -18 4465
10 24 X  -18 4456
10 25 X  -18 4460
10 26 X  -18 4457
10 27 X  -18 4462
10 28 X  -18 4462
10 29 X  -19 4556
10 30 X  -18 4446
10 31 X  -19 4555
10  1 Y  -76 4471
10  2 Y  -78 4634
10  3 Y  -77 4567
10  4 Y  -76 4474
10  5 Y  -76 4471
10  6 Y  -76 4469
10  7 Y  -76 4480
10  8 Y  -77 4549
10  9 Y  -76 4484
10 10 Y  -77 4569
10 11 Y  -76 4471
10 12 Y  -76 4476
10 13 Y  -76 4471
10 14 Y  -76 4471
10 15 Y  -76 4468
10 16 Y  -77 4574
10 17 Y  -76 4489
10 18 Y  -76 4470
10 19 Y  -76 4476
10 20 Y  -76 4469
10 21 Y  -76 4472
10 22 Y  -76 4474
10 23 Y  -76 4480
10 24 Y  -76 4476
10 25 Y  -76 4472
10 26 Y  -76 4477
10 27 Y  -76 4471
10 28 Y  -76 4475
10 29 Y  -76 4473
10 30 Y  -76 4477
10 31 Y  -76 4472
10  1 Z  517 4513
10  2 Z  519 4387
10  3 Z  517 4524
10  4 Z  517 4519
10  5 Z  517 4515
10  6 Z  517 4500
10  7 Z  517 4500
10  8 Z  517 4492
10  9 Z  518 4430
10 10 Z  517 4502
10 11 Z  517 4507
10 12 Z  517 4513
10 13 Z  517 4512
10 14 Z  517 4505
10 15 Z  517 4530
10 16 Z  517 4524
10 17 Z  517 4521
10 18 Z  517 4506
10 19 Z  517 4505
10 20 Z  517 4499
10 21 Z  517 4509
10 22 Z  517 4514
10 23 Z  517 4519
10 24 Z  517 4513
10 25 Z  517 4509
10 26 Z  517 4507
10 27 Z  517 4497
10 28 Z  517 4506
10 29 Z  517 4502
10 30 Z  517 4506
10 31 Z  517 4509
10  1 F  519 4462
10  2 F  520 4437
10  3 F  519 4474
10  4 F  519 4468
10  5 F  519 4464
10  6 F  518 4550
10  7 F  518 4550
10  8 F  518 4543
10  9 F  519 4480
10 10 F  519 4453
10 11 F  518 4557
10 12 F  519 4463
10 13 F  519 4462
10 14 F  519 4454
10 15 F  519 4481
10 16 F  519 4473
10 17 F  519 4470
10 18 F  518 4556
10 19 F  518 4554
10 20 F  518 4549
10 21 F  519 4458
10 22 F  519 4463
10 23 F  519 4468
10 24 F  519 4463
10 25 F  519 4458
10 26 F  519 4457
10 27 F  518 4547
10 28 F  519 4456
10 29 F  519 4451
10 30 F  519 4455
10 31 F  519 4458
11  1 X  -18 4463
11  2 X  -18 4462
11  3 X  -18 4466
11  4 X  -19 4554
11  5 X  -18 4467
11  6 X  -18 4460
11  7 X  -18 4474
11  8 X  -18 4465
11  9 X  -18 4480
11 10 X  -19 4544
11 11 X  -18 4472
11 12 X  -18 4466
11 13 X  -18 4462
11 14 X  -18 4457
11 15 X  -19 4549
11 16 X  -18 4468
11 17 X  -18 4470
11 18 X  -18 4468
11 19 X  -19 4555
11 20 X  -18 4470
11 21 X  -18 4465
11 22 X  -18 4465
11 23 X  -18 4476
11 24 X  -18 4465
11 25 X  -18 4466
11 26 X  -18 4468
11 27 X  -18 4469
11 28 X  -18 4464
11 29 X  -19 4561
11 30 X  -18 4457
11  1 Y  -76 4477
11  2 Y  -76 4472
11  3 Y  -76 4470
11  4 Y  -76 4480
11  5 Y  -76 4474
11  6 Y  -76 4468
11  7 Y  -76 4489
11  8 Y  -76 4472
11  9 Y  -76 4486
11 10 Y  -76 4468
11 11 Y  -76 4494
11 12 Y  -76 4472
11 13 Y  -76 4484
11 14 Y  -76 4477
11 15 Y  -77 4573
11 16 Y  -76 4476
11 17 Y  -76 4478
11 18 Y  -76 4477
11 19 Y  -76 4474
11 20 Y  -76 4481
11 21 Y  -76 4473
11 22 Y  -76 4472
11 23 Y  -76 4489
11 24 Y  -76 4477
11 25 Y  -76 4475
11 26 Y  -76 4475
11 27 Y  -76 4475
11 28 Y  -76 4474
11 29 Y  -76 4480
11 30 Y  -76 4474
11  1 Z  517 4518
11  2 Z  517 4512
11  3 Z  517 4511
11  4 Z  517 4508
11  5 Z  517 4505
11  6 Z  517 4500
11  7 Z  517 4526
11  8 Z  517 4514
11  9 Z  517 4531
11 10 Z  517 4521
11 11 Z  517 4538
11 12 Z  517 4516
11 13 Z  517 4511
11 14 Z  517 4507
11 15 Z  517 4513
11 16 Z  517 4522
11 17 Z  517 4518
11 18 Z  517 4513
11 19 Z  517 4505
11 20 Z  517 4512
11 21 Z  517 4506
11 22 Z  517 4505
11 23 Z  517 4518
11 24 Z  517 4508
11 25 Z  517 4506
11 26 Z  517 4503
11 27 Z  517 4500
11 28 Z  517 4497
11 29 Z  517 4499
11 30 Z  517 4505
11  1 F  519 4467
11  2 F  519 4462
11  3 F  519 4461
11  4 F  519 4457
11  5 F  519 4455
11  6 F  518 4550
11  7 F  519 4475
11  8 F  519 4464
11  9 F  519 4481
11 10 F  519 4470
11 11 F  519 4487
11 12 F  519 4466
11 13 F  519 4460
11 14 F  519 4456
11 15 F  519 4462
11 16 F  519 4471
11 17 F  519 4468
11 18 F  519 4462
11 19 F  519 4455
11 20 F  519 4462
11 21 F  519 4456
11 22 F  519 4455
11 23 F  519 4467
11 24 F  519 4458
11 25 F  519 4455
11 26 F  519 4453
11 27 F  518 4550
11 28 F  518 4547
11 29 F  518 4548
11 30 F  519 4455
12  1 X  -18 4484
12  2 X  -18 4470
12  3 X  -19 4557
12  4 X  -19 4559
12  5 X  -18 4472
12  6 X  -18 4464
12  7 X  -18 4470
12  8 X  -18 4463
12  9 X  -19 4559
12 10 X  -18 4482
12 11 X  -18 4468
12 12 X  -18 4470
12 13 X  -18 4472
12 14 X  -19 4551
12 15 X  -18 4464
12 16 X  -18 4471
12 17 X  -19 4566
12 18 X  -18 4470
12 19 X  -19 4556
12 20 X  -18 4463
12 21 X  -18 4478
12 22 X  -18 4473
12 23 X  -18 4472
12 24 X  -18 4470
12 25 X  -18 4464
12 26 X  -18 4476
12 27 X  -18 4472
12 28 X  -18 4474
12 29 X  -18 4474
12 30 X  -18 4479
12 31 X  -18 4474
12  1 Y  -76 4477
12  2 Y  -76 4477
12  3 Y  -76 4494
12  4 Y  -76 4470
12  5 Y  -76 4480
12  6 Y  -76 4476
12  7 Y  -76 4474
12  8 Y  -77 4571
12  9 Y  -76 4480
12 10 Y  -76 4480
12 11 Y  -76 4476
12 12 Y  -76 4479
12 13 Y  -76 4476
12 14 Y  -76 4482
12 15 Y  -76 4475
12 16 Y  -76 4478
12 17 Y  -76 4476
12 18 Y  -76 4480
12 19 Y  -76 4480
12 20 Y  -76 4474
12 21 Y  -76 4476
12 22 Y  -76 4478
12 23 Y  -76 4478
12 24 Y  -76 4476
12 25 Y  -76 4495
12 26 Y  -76 4482
12 27 Y  -76 4478
12 28 Y  -76 4477
12 29 Y  -76 4482
12 30 Y  -76 4483
12 31 Y  -76 4479
12  1 Z  517 4523
12  2 Z  517 4502
12  3 Z  517 4511
12  4 Z  517 4503
12  5 Z  517 4508
12  6 Z  517 4502
12  7 Z  517 4506
12  8 Z  517 4524
12  9 Z  517 4506
12 10 Z  517 4515
12 11 Z  517 4504
12 12 Z  517 4502
12 13 Z  517 4499
12 14 Z  517 4511
12 15 Z  517 4508
12 16 Z  517 4514
12 17 Z  517 4506
12 18 Z  517 4505
12 19 Z  517 4504
12 20 Z  517 4504
12 21 Z  517 4505
12 22 Z  517 4498
12 23 Z  517 4499
12 24 Z  517 4495
12 25 Z  517 4504
12 26 Z  517 4503
12 27 Z  517 4497
12 28 Z  517 4494
12 29 Z  517 4497
12 30 Z  517 4498
12 31 Z  517 4500
12  1 F  519 4474
12  2 F  519 4452
12  3 F  519 4460
12  4 F  519 4453
12  5 F  519 4458
12  6 F  518 4552
12  7 F  519 4456
12  8 F  519 4474
12  9 F  519 4455
12 10 F  519 4465
12 11 F  519 4454
12 12 F  519 4452
12 13 F  518 4549
12 14 F  519 4460
12 15 F  519 4458
12 16 F  519 4464
12 17 F  519 4456
12 18 F  519 4455
12 19 F  519 4453
12 20 F  519 4454
12 21 F  519 4456
12 22 F  518 4548
12 23 F  518 4549
12 24 F  518 4545
12 25 F  519 4453
12 26 F  519 4453
12 27 F  518 4547
12 28 F  518 4544
12 29 F  518 4547
12 30 F  518 4548
12 31 F  519 4451
