 1  1 X  -22 4529
 1  2 X  -22 4515
 1  3 X  -22 4531
 1  4 X  -22 4520
 1  5 X  -22 4518
 1  6 X  -22 4528
 1  7 X  -22 4529
 1  8 X  -22 4524
 1  9 X  -22 4528
 1 10 X  -22 4532
 1 11 X  -22 4526
 1 12 X  -22 4528
 1 13 X  -22 4522
 1 14 X  -22 4523
 1 15 X  -22 4521
 1 16 X  -22 4528
 1 17 X  -22 4523
 1 18 X  -22 4528
 1 19 X  -22 4523
 1 20 X  -22 4527
 1 21 X  -22 4521
 1 22 X  -22 4529
 1 23 X  -22 4531
 1 24 X  -22 4532
 1 25 X  -22 4529
 1 26 X  -22 4520
 1 27 X  -22 4523
 1 28 X  -22 4534
 1 29 X  -21 4437
 1 30 X  -22 4531
 1 31 X  -22 4527
 1  1 Y  -77 4432
 1  2 Y  -78 4518
 1  3 Y  -77 4433
 1  4 Y  -78 4530
 1  5 Y  -78 4528
 1  6 Y  -78 4529
 1  7 Y  -78 4525
 1  8 Y  -78 4528
 1  9 Y  -78 4528
 1 10 Y  -78 4519
 1 11 Y  -78 4527
 1 12 Y  -78 4524
 1 13 Y  -78 4524
 1 14 Y  -78 4523
 1 15 Y  -78 4520
 1 16 Y  -78 4524
 1 17 Y  -78 4530
 1 18 Y  -78 4526
 1 19 Y  -78 4520
 1 20 Y  -78 4522
 1 21 Y  -78 4528
 1 22 Y  -78 4527
 1 23 Y  -78 4526
 1 24 Y  -78 4524
 1 25 Y  -78 4522
 1 26 Y  -78 4544
 1 27 Y  -78 4524
 1 28 Y  -78 4528
 1 29 Y  -78 4530
 1 30 Y  -78 4525
 1 31 Y  -78 4535
 1  1 Z  518 4499
 1  2 Z  518 4487
 1  3 Z  518 4508
 1  4 Z  518 4493
 1  5 Z  518 4489
 1  6 Z  518 4494
 1  7 Z  518 4491
 1  8 Z  518 4487
 1  9 Z  518 4492
 1 10 Z  518 4493
 1 11 Z  518 4489
 1 12 Z  518 4487
 1 13 Z  518 4487
 1 14 Z  518 4484
 1 15 Z  518 4496
 1 16 Z  518 4488
 1 17 Z  518 4489
 1 18 Z  518 4485
 1 19 Z  518 4494
 1 20 Z  518 4488
 1 21 Z  518 4484
 1 22 Z  518 4484
 1 23 Z  518 4482
 1 24 Z  518 4483
 1 25 Z  518 4481
 1 26 Z  518 4495
 1 27 Z  518 4484
 1 28 Z  518 4486
 1 29 Z  518 4488
 1 30 Z  518 4485
 1 31 Z  518 4486
 1  1 F  519 4542
 1  2 F  519 4530
 1  3 F  520 4451
 1  4 F  519 4536
 1  5 F  519 4532
 1  6 F  519 4537
 1  7 F  519 4534
 1  8 F  519 4530
 1  9 F  519 4535
 1 10 F  519 4536
 1 11 F  519 4532
 1 12 F  519 4531
 1 13 F  519 4530
 1 14 F  519 4528
 1 15 F  519 4539
 1 16 F  519 4531
 1 17 F  519 4532
 1 18 F  519 4529
 1 19 F  520 4438
 1 20 F  519 4531
 1 21 F  519 4527
 1 22 F  519 4527
 1 23 F  519 4526
 1 24 F  519 4527
 1 25 F  519 4525
 1 26 F  519 4537
 1 27 F  519 4527
 1 28 F  519 4529
 1 29 F  519 4531
 1 30 F  519 4528
 1 31 F  519 4528
 2  1 X  -21 4438
 2  2 X  -22 4532
 2  3 X  -22 4520
 2  4 X  -22 4512
 2  5 X  -22 4529
 2  6 X  -22 4536
 2  7 X  -22 4537
 2  8 X  -22 4534
 2  9 X  -22 4531
 2 10 X  -22 4532
 2 11 X  -22 4532
 2 12 X  -22 4528
 2 13 X  -22 4526
 2 14 X  -21 4438
 2 15 X  -22 4529
 2 16 X  -22 4527
 2 17 X  -22 4532
 2 18 X  -22 4529
 2 19 X  -22 4535
 2 20 X  -22 4533
 2 21 X  -22 4538
 2 22 X  -22 4537
 2 23 X  -22 4525
 2 24 X  -21 4444
 2 25 X  -22 4540
 2 26 X  -22 4538
 2 27 X  -22 4532
 2 28 X  -22 4541
 2  1 Y  -78 4526
 2  2 Y  -78 4525
 2  3 Y  -78 4521
 2  4 Y  -77 4458
 2  5 Y  -78 4521
 2  6 Y  -78 4520
 2  7 Y  -78 4530
 2  8 Y  -78 4526
 2  9 Y  -78 4524
 2 10 Y  -78 4528
 2 11 Y  -78 4525
 2 12 Y  -78 4535
 2 13 Y  -78 4527
 2 14 Y  -77 4445
 2 15 Y  -78 4527
 2 16 Y  -78 4532
 2 17 Y  -78 4528
 2 18 Y  -78 4528
 2 19 Y  -78 4527
 2 20 Y  -78 4524
 2 21 Y  -78 4528
 2 22 Y  -78 4529
 2 23 Y  -78 4533
 2 24 Y  -78 4527
 2 25 Y  -78 4524
 2 26 Y  -78 4526
 2 27 Y  -77 4437
 2 28 Y  -78 4526
 2  1 Z  518 4490
 2  2 Z  518 4484
 2  3 Z  518 4486
 2  4 Z  518 4501
 2  5 Z  518 4498
 2  6 Z  518 4492
 2  7 Z  518 4490
 2  8 Z  518 4483
 2  9 Z  518 4484
 2 10 Z  518 4482
 2 11 Z  518 4480
 2 12 Z  518 4482
 2 13 Z  518 4481
 2 14 Z  518 4502
 2 15 Z  518 4508
 2 16 Z  518 4495
 2 17 Z  518 4491
 2 18 Z  518 4488
 2 19 Z  518 4480
 2 20 Z  518 4481
 2 21 Z  518 4476
 2 22 Z  518 4479
 2 23 Z  518 4481
 2 24 Z  518 4492
 2 25 Z  518 4485
 2 26 Z  518 4479
 2 27 Z  518 4484
 2 28 Z  518 4487
 2  1 F  519 4534
 2  2 F  519 4527
 2  3 F  519 4529
 2  4 F  519 4541
 2  5 F  520 4441
 2  6 F  519 4536
 2  7 F  519 4533
 2  8 F  519 4526
 2  9 F  519 4527
 2 10 F  519 4525
 2 11 F  519 4524
 2 12 F  519 4525
 2 13 F  519 4524
 2 14 F  520 4445
 2 15 F  520 4451
 2 16 F  519 4538
 2 17 F  519 4534
 2 18 F  519 4531
 2 19 F  519 4524
 2 20 F  519 4525
 2 21 F  519 4520
 2 22 F  519 4523
 2 23 F  519 4524
 2 24 F  520 4436
 2 25 F  519 4529
 2 26 F  519 4522
 2 27 F  519 4526
 2 28 F  519 4531
 3  1 X  -22 4540
 3  2 X  -22 4538
 3  3 X  -22 4528
 3  4 X  -22 4537
 3  5 X  -21 4441
 3  6 X  -22 4542
 3  7 X  -22 4538
 3  8 X  -22 4540
 3  9 X  -22 4538
 3 10 X  -22 4532
 3 11 X  -22 4528
 3 12 X  -22 4543
 3 13 X  -22 4538
 3 14 X  -22 4533
 3 15 X  -21 4449
 3 16 X  -22 4543
 3 17 X  -22 4537
 3 18 X  -22 4542
 3 19 X  -22 4543
 3 20 X  -22 4539
 3 21 X  -22 4526
 3 22 X  -21 4443
 3 23 X  -22 4544
 3 24 X  -21 4465
 3 25 X  -21 4454
 3 26 X  -21 4449
 3 27 X  -22 4528
 3 28 X  -22 4539
 3 29 X  -22 4548
 3 30 X  -22 4543
 3 31 X  -22 4546
 3  1 Y  -78 4523
 3  2 Y  -78 4528
 3  3 Y  -78 4522
 3  4 Y  -78 4531
 3  5 Y  -78 4524
 3  6 Y  -78 4524
 3  7 Y  -78 4524
 3  8 Y  -78 4536
 3  9 Y  -78 4529
 3 10 Y  -78 4535
 3 11 Y  -78 4526
 3 12 Y  -78 4511
 3 13 Y  -78 4530
 3 14 Y  -78 4533
 3 15 Y  -78 4527
 3 16 Y  -78 4526
 3 17 Y  -78 4526
 3 18 Y  -78 4530
 3 19 Y  -78 4528
 3 20 Y  -78 4529
 3 21 Y  -78 4520
 3 22 Y  -78 4525
 3 23 Y  -78 4525
 3 24 Y  -77 4433
 3 25 Y  -78 4527
 3 26 Y  -78 4527
 3 27 Y  -78 4533
 3 28 Y  -78 4525
 3 29 Y  -78 4531
 3 30 Y  -78 4530
 3 31 Y  -78 4528
 3  1 Z  518 4483
 3  2 Z  518 4482
 3  3 Z  518 4464
 3  4 Z  518 4494
 3  5 Z  518 4480
 3  6 Z  518 4481
 3  7 Z  518 4477
 3  8 Z  518 4482
 3  9 Z  518 4480
 3 10 Z  518 4482
 3 11 Z  518 4482
 3 12 Z  518 4483
 3 13 Z  518 4509
 3 14 Z  518 4495
 3 15 Z  518 4494
 3 16 Z  518 4478
 3 17 Z  518 4482
 3 18 Z  518 4479
 3 19 Z  518 4477
 3 20 Z  518 4467
 3 21 Z  517 4553
 3 22 Z  518 4485
 3 23 Z  518 4488
 3 24 Z  518 4491
 3 25 Z  518 4487
 3 26 Z  518 4481
 3 27 Z  518 4477
 3 28 Z  518 4474
 3 29 Z  518 4476
 3 30 Z  518 4478
 3 31 Z  518 4471
 3  1 F  519 4527
 3  2 F  519 4525
 3  3 F  519 4508
 3  4 F  519 4538
 3  5 F  519 4524
 3  6 F  519 4525
 3  7 F  519 4521
 3  8 F  519 4525
 3  9 F  519 4524
 3 10 F  519 4525
 3 11 F  519 4525
 3 12 F  519 4527
 3 13 F  520 4453
 3 14 F  519 4538
 3 15 F  519 4538
 3 16 F  519 4522
 3 17 F  519 4525
 3 18 F  519 4523
 3 19 F  519 4521
 3 20 F  519 4510
 3 21 F  519 4497
 3 22 F  519 4529
 3 23 F  519 4532
 3 24 F  519 4535
 3 25 F  519 4532
 3 26 F  519 4525
 3 27 F  519 4520
 3 28 F  519 4518
 3 29 F  519 4519
 3 30 F  519 4521
 3 31 F  519 4515
 4  1 X  -22 4542
 4  2 X  -22 4546
 4  3 X  -22 4538
 4  4 X  -22 4544
 4  5 X  -22 4548
 4  6 X  -22 4546
 4  7 X  -22 4544
 4  8 X  -22 4536
 4  9 X  -22 4534
 4 10 X  -22 4541
 4 11 X  -22 4546
 4 12 X  -22 4537
 4 13 X  -21 4446
 4 14 X  -22 4545
 4 15 X  -22 4534
 4 16 X  -21 4462
 4 17 X  -22 4551
 4 18 X  -21 4465
 4 19 X  -22 4557
 4 20 X  -21 4465
 4 21 X  -21 4454
 4 22 X  -22 4553
 4 23 X  -22 4553
 4 24 X  -22 4547
 4 25 X  -22 4550
 4 26 X  -21 4457
 4 27 X  -21 4467
 4 28 X  -22 4552
 4 29 X  -21 4465
 4 30 X  -21 4461
 4  1 Y  -78 4528
 4  2 Y  -78 4537
 4  3 Y  -78 4539
 4  4 Y  -78 4532
 4  5 Y  -78 4531
 4  6 Y  -78 4531
 4  7 Y  -78 4535
 4  8 Y  -78 4530
 4  9 Y  -77 4444
 4 10 Y  -77 4442
 4 11 Y  -78 4533
 4 12 Y  -78 4526
 4 13 Y  -78 4531
 4 14 Y  -77 4441
 4 15 Y  -78 4534
 4 16 Y  -77 4427
 4 17 Y  -78 4528
 4 18 Y  -78 4533
 4 19 Y  -78 4523
 4 20 Y  -78 4528
 4 21 Y  -78 4532
 4 22 Y  -78 4522
 4 23 Y  -78 4530
 4 24 Y  -78 4534
 4 25 Y  -78 4534
 4 26 Y  -78 4526
 4 27 Y  -78 4522
 4 28 Y  -78 4531
 4 29 Y  -78 4530
 4 30 Y  -78 4533
 4  1 Z  518 4469
 4  2 Z  518 4469
 4  3 Z  518 4479
 4  4 Z  518 4479
 4  5 Z  518 4471
 4  6 Z  518 4468
 4  7 Z  518 4471
 4  8 Z  518 4473
 4  9 Z  518 4490
 4 10 Z  518 4481
 4 11 Z  518 4481
 4 12 Z  518 4502
 4 13 Z  518 4486
 4 14 Z  518 4482
 4 15 Z  518 4498
 4 16 Z  518 4488
 4 17 Z  517 4541
 4 18 Z  518 4466
 4 19 Z  518 4462
 4 20 Z  517 4550
 4 21 Z  517 4555
 4 22 Z  518 4474
 4 23 Z  518 4468
 4 24 Z  517 4550
 4 25 Z  517 4555
 4 26 Z  517 4552
 4 27 Z  517 4557
 4 28 Z  518 4462
 4 29 Z  517 4554
 4 30 Z  517 4552
 4  1 F  519 4513
 4  2 F  519 4512
 4  3 F  519 4522
 4  4 F  519 4523
 4  5 F  519 4515
 4  6 F  519 4512
 4  7 F  519 4515
 4  8 F  519 4516
 4  9 F  520 4432
 4 10 F  519 4524
 4 11 F  519 4525
 4 12 F  519 4545
 4 13 F  519 4530
 4 14 F  519 4525
 4 15 F  520 4441
 4 16 F  519 4532
 4 17 F  519 4485
 4 18 F  519 4510
 4 19 F  519 4507
 4 20 F  519 4495
 4 21 F  519 4499
 4 22 F  519 4518
 4 23 F  519 4512
 4 24 F  519 4494
 4 25 F  519 4499
 4 26 F  519 4496
 4 27 F  519 4502
 4 28 F  519 4506
 4 29 F  519 4498
 4 30 F  519 4496
 5  1 X  -22 4547
 5  2 X  -21 4462
 5  3 X  -21 4466
 5  4 X  -21 4470
 5  5 X  -21 4462
 5  6 X  -22 4537
 5  7 X  -22 4548
 5  8 X  -21 4461
 5  9 X  -21 4455
 5 10 X  -22 4549
 5 11 X  -22 4550
 5 12 X  -22 4542
 5 13 X  -22 4555
 5 14 X  -22 4531
 5 15 X  -21 4476
 5 16 X  -21 4466
 5 17 X  -21 4477
 5 18 X  -21 4455
 5 19 X  -21 4453
 5 20 X  -21 4460
 5 21 X  -21 4484
 5 22 X  -21 4471
 5 23 X  -21 4475
 5 24 X  -21 4478
 5 25 X  -21 4477
 5 26 X  -21 4452
 5 27 X  -22 4550
 5 28 X  -21 4461
 5 29 X  -22 4546
 5 30 X  -22 4555
 5 31 X  -21 4465
 5  1 Y  -77 4449
 5  2 Y  -78 4514
 5  3 Y  -78 4528
 5  4 Y  -78 4537
 5  5 Y  -78 4534
 5  6 Y  -77 4437
 5  7 Y  -78 4538
 5  8 Y  -78 4546
 5  9 Y  -77 4450
 5 10 Y  -77 4445
 5 11 Y  -78 4549
 5 12 Y  -77 4444
 5 13 Y  -78 4538
 5 14 Y  -78 4533
 5 15 Y  -78 4528
 5 16 Y  -78 4532
 5 17 Y  -78 4526
 5 18 Y  -78 4526
 5 19 Y  -78 4532
 5 20 Y  -78 4537
 5 21 Y  -78 4526
 5 22 Y  -77 4454
 5 23 Y  -78 4524
 5 24 Y  -78 4521
 5 25 Y  -78 4522
 5 26 Y  -78 4541
 5 27 Y  -78 4537
 5 28 Y  -77 4448
 5 29 Y  -77 4462
 5 30 Y  -78 4535
 5 31 Y  -78 4519
 5  1 Z  518 4489
 5  2 Z  517 4559
 5  3 Z  518 4468
 5  4 Z  517 4560
 5  5 Z  517 4554
 5  6 Z  518 4479
 5  7 Z  518 4478
 5  8 Z  518 4496
 5  9 Z  518 4483
 5 10 Z  518 4494
 5 11 Z  518 4475
 5 12 Z  518 4493
 5 13 Z  518 4477
 5 14 Z  518 4458
 5 15 Z  517 4537
 5 16 Z  518 4453
 5 17 Z  517 4549
 5 18 Z  517 4559
 5 19 Z  518 4481
 5 20 Z  518 4474
 5 21 Z  517 4542
 5 22 Z  518 4460
 5 23 Z  517 4536
 5 24 Z  517 4539
 5 25 Z  517 4542
 5 26 Z  518 4460
 5 27 Z  518 4482
 5 28 Z  518 4478
 5 29 Z  518 4484
 5 30 Z  518 4478
 5 31 Z  517 4531
 5  1 F  520 4431
 5  2 F  519 4505
 5  3 F  519 4513
 5  4 F  519 4505
 5  5 F  519 4498
 5  6 F  519 4522
 5  7 F  519 4521
 5  8 F  520 4440
 5  9 F  519 4526
 5 10 F  519 4536
 5 11 F  519 4518
 5 12 F  519 4535
 5 13 F  519 4521
 5 14 F  519 4501
 5 15 F  519 4482
 5 16 F  519 4498
 5 17 F  519 4494
 5 18 F  519 4503
 5 19 F  519 4525
 5 20 F  519 4518
 5 21 F  519 4487
 5 22 F  519 4503
 5 23 F  519 4482
 5 24 F  519 4485
 5 25 F  519 4487
 5 26 F  519 4503
 5 27 F  519 4525
 5 28 F  519 4521
 5 29 F  519 4525
 5 30 F  519 4522
 5 31 F  519 4476
 6  1 X  -21 4492
 6  2 X  -21 4479
 6  3 X  -22 4541
 6  4 X  -22 4538
 6  5 X  -21 4468
 6  6 X  -22 4536
 6  7 X  -22 4544
 6  8 X  -22 4546
 6  9 X  -21 4467
 6 10 X  -21 4488
 6 11 X  -21 4469
 6 12 X  -21 4489
 6 13 X  -22 4554
 6 14 X  -21 4502
 6 15 X  -21 4470
 6 16 X  -21 4477
 6 17 X  -21 4508
 6 18 X  -21 4497
 6 19 X  -21 4483
 6 20 X  -22 4580
 6 21 X  -22 4546
 6 22 X  -22 4563
 6 23 X  -21 4452
 6 24 X  -22 4548
 6 25 X  -22 4540
 6 26 X  -22 4550
 6 27 X  -22 4522
 6 28 X  -22 4560
 6 29 X  -21 4476
 6 30 X  -22 4544
 6  1 Y  -78 4515
 6  2 Y  -78 4529
 6  3 Y  -77 4449
 6  4 Y  -77 4442
 6  5 Y  -77 4446
 6  6 Y  -77 4432
 6  7 Y  -77 4451
 6  8 Y  -77 4448
 6  9 Y  -77 4435
 6 10 Y  -78 4531
 6 11 Y  -78 4523
 6 12 Y  -78 4520
 6 13 Y  -77 4452
 6 14 Y  -78 4522
 6 15 Y  -78 4531
 6 16 Y  -78 4522
 6 17 Y  -78 4508
 6 18 Y  -78 4525
 6 19 Y  -78 4528
 6 20 Y  -78 4533
 6 21 Y  -77 4459
 6 22 Y  -78 4533
 6 23 Y  -78 4543
 6 24 Y  -77 4434
 6 25 Y  -78 4559
 6 26 Y  -78 4546
 6 27 Y  -77 4458
 6 28 Y  -77 4434
 6 29 Y  -78 4527
 6 30 Y  -77 4457
 6  1 Z  517 4531
 6  2 Z  517 4544
 6  3 Z  518 4464
 6  4 Z  518 4508
 6  5 Z  518 4478
 6  6 Z  518 4498
 6  7 Z  518 4503
 6  8 Z  518 4483
 6  9 Z  518 4475
 6 10 Z  517 4523
 6 11 Z  517 4523
 6 12 Z  517 4523
 6 13 Z  518 4452
 6 14 Z  516 4577
 6 15 Z  518 4449
 6 16 Z  517 4563
 6 17 Z  517 4531
 6 18 Z  517 4507
 6 19 Z  517 4526
 6 20 Z  517 4531
 6 21 Z  518 4508
 6 22 Z  518 4470
 6 23 Z  518 4469
 6 24 Z  518 4471
 6 25 Z  518 4471
 6 26 Z  518 4485
 6 27 Z  518 4507
 6 28 Z  517 4502
 6 29 Z  517 4540
 6 30 Z  518 4481
 6  1 F  519 4478
 6  2 F  519 4490
 6  3 F  519 4507
 6  4 F  520 4451
 6  5 F  519 4522
 6  6 F  519 4541
 6  7 F  519 4545
 6  8 F  519 4526
 6  9 F  519 4520
 6 10 F  518 4569
 6 11 F  519 4469
 6 12 F  519 4469
 6 13 F  519 4495
 6 14 F  518 4524
 6 15 F  519 4494
 6 16 F  519 4508
 6 17 F  519 4479
 6 18 F  518 4553
 6 19 F  519 4471
 6 20 F  519 4476
 6 21 F  520 4450
 6 22 F  519 4514
 6 23 F  519 4512
 6 24 F  519 4514
 6 25 F  519 4513
 6 26 F  519 4528
 6 27 F  519 4548
 6 28 F  519 4447
 6 29 F  519 4485
 6 30 F  519 4523
 7  1 X  -21 4465
 7  2 X  -21 4475
 7  3 X  -22 4540
 7  4 X  -22 4550
 7  5 X  -22 4547
 7  6 X  -21 4468
 7  7 X  -21 4470
 7  8 X  -21 4504
 7  9 X  -22 4552
 7 10 X  -21 4452
 7 11 X  -21 4463
 7 12 X  -21 4465
 7 13 X  -21 4476
 7 14 X  -21 4490
 7 15 X  -21 4486
 7 16 X  -21 4478
 7 17 X  -21 4481
 7 18 X  -21 4480
 7 19 X  -21 4492
 7 20 X  -21 4471
 7 21 X  -21 4492
 7 22 X  -21 4455
 7 23 X  -22 4542
 7 24 X  -22 4569
 7 25 X  -22 4551
 7 26 X  -21 4460
 7 27 X  -22 4547
 7 28 X  -21 4455
 7 29 X  -21 4470
 7 30 X  -22 4545
 7 31 X  -21 4470
 7  1 Y  -78 4538
 7  2 Y  -77 4434
 7  3 Y  -77 4449
 7  4 Y  -77 4450
 7  5 Y  -78 4545
 7  6 Y  -78 4535
 7  7 Y  -77 4441
 7  8 Y  -77 4444
 7  9 Y  -78 4538
 7 10 Y  -77 4440
 7 11 Y  -78 4543
 7 12 Y  -78 4540
 7 13 Y  -78 4532
 7 14 Y  -78 4527
 7 15 Y  -78 4538
 7 16 Y  -78 4532
 7 17 Y  -78 4532
 7 18 Y  -78 4529
 7 19 Y  -78 4529
 7 20 Y  -77 4462
 7 21 Y  -78 4539
 7 22 Y  -78 4543
 7 23 Y  -77 4465
 7 24 Y  -77 4456
 7 25 Y  -77 4453
 7 26 Y  -77 4448
 7 27 Y  -77 4459
 7 28 Y  -77 4453
 7 29 Y  -77 4438
 7 30 Y  -77 4454
 7 31 Y  -77 4454
 7  1 Z  517 4565
 7  2 Z  518 4465
 7  3 Z  518 4502
 7  4 Z  518 4505
 7  5 Z  518 4486
 7  6 Z  517 4561
 7  7 Z  517 4531
 7  8 Z  517 4513
 7  9 Z  517 4570
 7 10 Z  518 4500
 7 11 Z  518 4472
 7 12 Z  518 4467
 7 13 Z  517 4546
 7 14 Z  518 4441
 7 15 Z  518 4453
 7 16 Z  517 4553
 7 17 Z  517 4545
 7 18 Z  517 4550
 7 19 Z  517 4533
 7 20 Z  518 4483
 7 21 Z  517 4476
 7 22 Z  518 4521
 7 23 Z  519 4417
 7 24 Z  518 4480
 7 25 Z  518 4501
 7 26 Z  518 4483
 7 27 Z  518 4495
 7 28 Z  518 4497
 7 29 Z  518 4473
 7 30 Z  518 4485
 7 31 Z  518 4480
 7  1 F  519 4509
 7  2 F  519 4510
 7  3 F  519 4544
 7  4 F  520 4448
 7  5 F  519 4529
 7  6 F  519 4506
 7  7 F  518 4575
 7  8 F  518 4558
 7  9 F  519 4514
 7 10 F  519 4544
 7 11 F  519 4516
 7 12 F  519 4511
 7 13 F  519 4491
 7 14 F  519 4487
 7 15 F  519 4498
 7 16 F  519 4498
 7 17 F  519 4490
 7 18 F  519 4495
 7 19 F  519 4479
 7 20 F  519 4526
 7 21 F  518 4521
 7 22 F  520 4465
 7 23 F  520 4459
 7 24 F  519 4523
 7 25 F  520 4443
 7 26 F  519 4526
 7 27 F  519 4537
 7 28 F  520 4440
 7 29 F  519 4518
 7 30 F  519 4527
 7 31 F  519 4523
 8  1 X  -21 4464
 8  2 X  -21 4463
 8  3 X  -21 4490
 8  4 X  -21 4487
 8  5 X  -21 4497
 8  6 X  -21 4459
 8  7 X  -22 4566
 8  8 X  -21 4472
 8  9 X  -21 4473
 8 10 X  -21 4472
 8 11 X  -21 4477
 8 12 X  -21 4487
 8 13 X  -21 4494
 8 14 X  -21 4497
 8 15 X  -21 4486
 8 16 X  -21 4481
 8 17 X  -21 4468
 8 18 X  -21 4471
 8 19 X  -21 4464
 8 20 X  -21 4467
 8 21 X  -21 4471
 8 22 X  -21 4470
 8 23 X  -21 4471
 8 24 X  -21 4477
 8 25 X  -21 4470
 8 26 X  -21 4484
 8 27 X  -21 4460
 8 28 X  -21 4466
 8 29 X  -21 4478
 8 30 X  -21 4460
 8 31 X  -21 4478
 8  1 Y  -78 4548
 8  2 Y  -78 4530
 8  3 Y  -78 4529
 8  4 Y  -78 4544
 8  5 Y  -78 4522
 8  6 Y  -78 4547
 8  7 Y  -78 4542
 8  8 Y  -78 4538
 8  9 Y  -77 4447
 8 10 Y  -78 4535
 8 11 Y  -77 4444
 8 12 Y  -77 4435
 8 13 Y  -78 4538
 8 14 Y  -78 4532
 8 15 Y  -78 4540
 8 16 Y  -78 4539
 8 17 Y  -78 4543
 8 18 Y  -78 4542
 8 19 Y  -77 4470
 8 20 Y  -78 4547
 8 21 Y  -78 4551
 8 22 Y  -78 4546
 8 23 Y  -77 4450
 8 24 Y  -77 4443
 8 25 Y  -77 4447
 8 26 Y  -78 4541
 8 27 Y  -77 4448
 8 28 Y  -77 4448
 8 29 Y  -77 4448
 8 30 Y  -77 4463
 8 31 Y  -77 4448
 8  1 Z  517 4565
 8  2 Z  518 4465
 8  3 Z  517 4553
 8  4 Z  517 4542
 8  5 Z  518 4473
 8  6 Z  518 4486
 8  7 Z  517 4564
 8  8 Z  518 4472
 8  9 Z  518 4486
 8 10 Z  518 4471
 8 11 Z  517 4537
 8 12 Z  517 4539
 8 13 Z  517 4534
 8 14 Z  517 4551
 8 15 Z  517 4545
 8 16 Z  517 4550
 8 17 Z  518 4464
 8 18 Z  518 4462
 8 19 Z  518 4482
 8 20 Z  518 4500
 8 21 Z  518 4471
 8 22 Z  518 4478
 8 23 Z  518 4491
 8 24 Z  518 4475
 8 25 Z  518 4482
 8 26 Z  518 4481
 8 27 Z  517 4552
 8 28 Z  518 4481
 8 29 Z  518 4485
 8 30 Z  518 4491
 8 31 Z  518 4474
 8  1 F  519 4508
 8  2 F  519 4509
 8  3 F  519 4499
 8  4 F  519 4487
 8  5 F  519 4520
 8  6 F  519 4529
 8  7 F  519 4508
 8  8 F  519 4516
 8  9 F  519 4530
 8 10 F  519 4515
 8 11 F  519 4482
 8 12 F  519 4485
 8 13 F  519 4479
 8 14 F  519 4497
 8 15 F  519 4490
 8 16 F  519 4495
 8 17 F  519 4507
 8 18 F  519 4506
 8 19 F  519 4524
 8 20 F  519 4544
 8 21 F  519 4514
 8 22 F  519 4521
 8 23 F  519 4534
 8 24 F  519 4519
 8 25 F  519 4525
 8 26 F  519 4526
 8 27 F  519 4496
 8 28 F  519 4525
 8 29 F  519 4529
 8 30 F  520 4434
 8 31 F  519 4518
 9  1 X  -21 4477
 9  2 X  -21 4476
 9  3 X  -21 4472
 9  4 X  -21 4482
 9  5 X  -21 4472
 9  6 X  -21 4473
 9  7 X  -21 4473
 9  8 X  -21 4467
 9  9 X  -21 4474
 9 10 X  -21 4473
 9 11 X  -22 4577
 9 12 X  -21 4485
 9 13 X  -21 4474
 9 14 X  -21 4466
 9 15 X  -21 4480
 9 16 X  -21 4475
 9 17 X  -21 4475
 9 18 X  -21 4476
 9 19 X  -21 4480
 9 20 X  -21 4471
 9 21 X  -21 4478
 9 22 X  -21 4481
 9 23 X  -21 4475
 9 24 X  -21 4474
 9 25 X  -21 4477
 9 26 X  -21 4469
 9 27 X  -21 4485
 9 28 X  -21 4488
 9 29 X  -21 4480
 9 30 X  -21 4464
 9  1 Y  -77 4448
 9  2 Y  -78 4537
 9  3 Y  -78 4538
 9  4 Y  -78 4545
 9  5 Y  -78 4545
 9  6 Y  -78 4545
 9  7 Y  -77 4444
 9  8 Y  -78 4545
 9  9 Y  -78 4541
 9 10 Y  -78 4534
 9 11 Y  -77 4461
 9 12 Y  -78 4541
 9 13 Y  -77 4464
 9 14 Y  -78 4545
 9 15 Y  -78 4547
 9 16 Y  -77 4445
 9 17 Y  -78 4544
 9 18 Y  -78 4541
 9 19 Y  -77 4446
 9 20 Y  -78 4538
 9 21 Y  -77 4452
 9 22 Y  -77 4456
 9 23 Y  -78 4544
 9 24 Y  -78 4545
 9 25 Y  -78 4543
 9 26 Y  -78 4541
 9 27 Y  -77 4450
 9 28 Y  -77 4446
 9 29 Y  -77 4447
 9 30 Y  -77 4446
 9  1 Z  518 4466
 9  2 Z  518 4467
 9  3 Z  518 4466
 9  4 Z  518 4474
 9  5 Z  518 4477
 9  6 Z  518 4480
 9  7 Z  518 4473
 9  8 Z  518 4484
 9  9 Z  518 4476
 9 10 Z  517 4542
 9 11 Z  517 4559
 9 12 Z  518 4454
 9 13 Z  518 4474
 9 14 Z  518 4472
 9 15 Z  518 4488
 9 16 Z  518 4492
 9 17 Z  518 4493
 9 18 Z  518 4486
 9 19 Z  518 4477
 9 20 Z  518 4474
 9 21 Z  518 4488
 9 22 Z  518 4473
 9 23 Z  518 4481
 9 24 Z  518 4477
 9 25 Z  518 4474
 9 26 Z  518 4478
 9 27 Z  518 4464
 9 28 Z  518 4465
 9 29 Z  518 4475
 9 30 Z  518 4486
 9  1 F  519 4510
 9  2 F  519 4512
 9  3 F  519 4510
 9  4 F  519 4518
 9  5 F  519 4521
 9  6 F  519 4524
 9  7 F  519 4517
 9  8 F  519 4527
 9  9 F  519 4520
 9 10 F  519 4486
 9 11 F  519 4502
 9 12 F  519 4499
 9 13 F  519 4517
 9 14 F  519 4516
 9 15 F  519 4532
 9 16 F  519 4536
 9 17 F  519 4537
 9 18 F  519 4530
 9 19 F  519 4521
 9 20 F  519 4518
 9 21 F  519 4532
 9 22 F  519 4517
 9 23 F  519 4525
 9 24 F  519 4521
 9 25 F  519 4518
 9 26 F  519 4522
 9 27 F  519 4508
 9 28 F  519 4510
 9 29 F  519 4519
 9 30 F  520 4430
10  1 X  -21 4474
10  2 X  -21 4478
10  3 X  -21 4475
10  4 X  -21 4476
10  5 X  -21 4478
10  6 X  -21 4480
10  7 X  -21 4477
10  8 X  -21 4478
10  9 X  -21 4481
10 10 X  -21 4483
10 11 X  -21 4481
10 12 X  -21 4477
10 13 X  -21 4477
10 14 X  -21 4483
10 15 X  -21 4479
10 16 X  -21 4485
10 17 X  -21 4483
10 18 X  -21 4483
10 19 X  -21 4479
10 20 X  -21 4482
10 21 X  -21 4483
10 22 X  -21 4479
10 23 X  -21 4494
10 24 X  -22 4570
10 25 X  -21 4486
10 26 X  -21 4481
10 27 X  -21 4488
10 28 X  -21 4486
10 29 X  -21 4472
10 30 X  -21 4500
10 31 X  -21 4479
10  1 Y  -78 4546
10  2 Y  -78 4544
10  3 Y  -78 4545
10  4 Y  -78 4546
10  5 Y  -78 4543
10  6 Y  -78 4546
10  7 Y  -78 4543
10  8 Y  -78 4543
10  9 Y  -78 4548
10 10 Y  -78 4545
10 11 Y  -77 4447
10 12 Y  -77 4448
10 13 Y  -77 4450
10 14 Y  -78 4546
10 15 Y  -77 4447
10 16 Y  -78 4545
10 17 Y  -78 4544
10 18 Y  -77 4451
10 19 Y  -77 4448
10 20 Y  -78 4543
10 21 Y  -78 4546
10 22 Y  -78 4543
10 23 Y  -77 4449
10 24 Y  -78 4541
10 25 Y  -78 4549
10 26 Y  -78 4545
10 27 Y  -78 4547
10 28 Y  -77 4454
10 29 Y  -77 4446
10 30 Y  -78 4548
10 31 Y  -78 4542
10  1 Z  518 4490
10  2 Z  518 4480
10  3 Z  518 4480
10  4 Z  518 4479
10  5 Z  518 4475
10  6 Z  518 4480
10  7 Z  518 4471
10  8 Z  518 4477
10  9 Z  518 4468
10 10 Z  518 4464
10 11 Z  518 4478
10 12 Z  518 4482
10 13 Z  518 4480
10 14 Z  518 4477
10 15 Z  518 4473
10 16 Z  518 4481
10 17 Z  518 4476
10 18 Z  518 4472
10 19 Z  518 4473
10 20 Z  518 4472
10 21 Z  518 4475
10 22 Z  518 4490
10 23 Z  518 4495
10 24 Z  518 4471
10 25 Z  518 4481
10 26 Z  518 4477
10 27 Z  518 4479
10 28 Z  518 4474
10 29 Z  518 4488
10 30 Z  518 4491
10 31 Z  518 4476
10  1 F  519 4534
10  2 F  519 4524
10  3 F  519 4524
10  4 F  519 4523
10  5 F  519 4519
10  6 F  519 4524
10  7 F  519 4515
10  8 F  519 4521
10  9 F  519 4512
10 10 F  519 4508
10 11 F  519 4522
10 12 F  519 4526
10 13 F  519 4524
10 14 F  519 4521
10 15 F  519 4517
10 16 F  519 4526
10 17 F  519 4521
10 18 F  519 4516
10 19 F  519 4517
10 20 F  519 4517
10 21 F  519 4519
10 22 F  519 4534
10 23 F  519 4540
10 24 F  519 4516
10 25 F  519 4526
10 26 F  519 4521
10 27 F  519 4523
10 28 F  519 4518
10 29 F  519 4531
10 30 F  519 4536
10 31 F  519 4520
11  1 X  -21 4487
11  2 X  -21 4485
11  3 X  -21 4484
11  4 X  -21 4486
11  5 X  -21 4488
11  6 X  -21 4486
11  7 X  -21 4485
11  8 X  -22 4568
11  9 X  -21 4491
11 10 X  -21 4485
11 11 X  -21 4488
11 12 X  -21 4486
11 13 X  -21 4482
11 14 X  -21 4476
11 15 X  -21 4482
11 16 X  -21 4482
11 17 X  -21 4488
11 18 X  -21 4491
11 19 X  -21 4488
11 20 X  -21 4487
11 21 X  -21 4486
11 22 X  -21 4484
11 23 X  -21 4488
11 24 X  -22 4573
11 25 X  -21 4494
11 26 X  -21 4480
11 27 X  -21 4492
11 28 X  -21 4488
11 29 X  -21 4489
11 30 X  -21 4494
11  1 Y  -78 4544
11  2 Y  -77 4449
11  3 Y  -78 4544
11  4 Y  -78 4546
11  5 Y  -78 4546
11  6 Y  -78 4546
11  7 Y  -78 4544
11  8 Y  -77 4453
11  9 Y  -77 4452
11 10 Y  -78 4546
11 11 Y  -78 4545
11 12 Y  -78 4544
11 13 Y  -78 4543
11 14 Y  -77 4453
11 15 Y  -78 4552
11 16 Y  -77 4447
11 17 Y  -78 4547
11 18 Y  -77 4451
11 19 Y  -78 4546
11 20 Y  -78 4548
11 21 Y  -78 4543
11 22 Y  -78 4548
11 23 Y  -78 4547
11 24 Y  -78 4546
11 25 Y  -77 4453
11 26 Y  -77 4465
11 27 Y  -78 4548
11 28 Y  -77 4450
11 29 Y  -78 4545
11 30 Y  -77 4450
11  1 Z  518 4481
11  2 Z  518 4478
11  3 Z  518 4475
11  4 Z  518 4474
11  5 Z  518 4473
11  6 Z  518 4474
11  7 Z  518 4471
11  8 Z  518 4476
11  9 Z  518 4479
11 10 Z  518 4476
11 11 Z  518 4475
11 12 Z  518 4473
11 13 Z  518 4471
11 14 Z  518 4475
11 15 Z  518 4477
11 16 Z  518 4473
11 17 Z  518 4474
11 18 Z  518 4472
11 19 Z  518 4474
11 20 Z  518 4474
11 21 Z  518 4484
11 22 Z  518 4479
11 23 Z  518 4474
11 24 Z  518 4472
11 25 Z  518 4480
11 26 Z  518 4486
11 27 Z  518 4476
11 28 Z  518 4473
11 29 Z  518 4471
11 30 Z  518 4475
11  1 F  519 4525
11  2 F  519 4522
11  3 F  519 4519
11  4 F  519 4519
11  5 F  519 4518
11  6 F  519 4518
11  7 F  519 4515
11  8 F  519 4519
11  9 F  519 4523
11 10 F  519 4520
11 11 F  519 4520
11 12 F  519 4518
11 13 F  519 4516
11 14 F  519 4519
11 15 F  519 4521
11 16 F  519 4517
11 17 F  519 4519
11 18 F  519 4516
11 19 F  519 4518
11 20 F  519 4518
11 21 F  519 4529
11 22 F  519 4523
11 23 F  519 4518
11 24 F  519 4516
11 25 F  519 4524
11 26 F  519 4529
11 27 F  519 4520
11 28 F  519 4517
11 29 F  519 4516
11 30 F  519 4520
12  1 X  -21 4492
12  2 X  -21 4493
12  3 X  -21 4491
12  4 X  -21 4492
12  5 X  -21 4486
12  6 X  -21 4493
12  7 X  -21 4488
12  8 X  -21 4492
12  9 X  -21 4492
12 10 X  -21 4491
12 11 X  -21 4493
12 12 X  -21 4493
12 13 X  -21 4486
12 14 X  -21 4502
12 15 X  -21 4491
12 16 X  -21 4492
12 17 X  -21 4495
12 18 X  -21 4497
12 19 X  -21 4493
12 20 X  -21 4493
12 21 X  -21 4494
12 22 X  -21 4493
12 23 X  -21 4493
12 24 X  -21 4497
12 25 X  -21 4492
12 26 X  -21 4496
12 27 X  -21 4494
12 28 X  -21 4495
12 29 X  -21 4497
12 30 X  -21 4497
12 31 X  -21 4498
12  1 Y  -78 4546
12  2 Y  -77 4448
12  3 Y  -78 4548
12  4 Y  -78 4548
12  5 Y  -77 4449
12  6 Y  -78 4545
12  7 Y  -78 4548
12  8 Y  -78 4548
12  9 Y  -77 4451
12 10 Y  -78 4548
12 11 Y  -78 4548
12 12 Y  -78 4549
12 13 Y  -77 4451
12 14 Y  -77 4452
12 15 Y  -78 4548
12 16 Y  -77 4451
12 17 Y  -77 4452
12 18 Y  -77 4452
12 19 Y  -78 4551
12 20 Y  -78 4552
12 21 Y  -78 4547
12 22 Y  -77 4449
12 23 Y  -78 4549
12 24 Y  -78 4550
12 25 Y  -78 4548
12 26 Y  -78 4550
12 27 Y  -77 4456
12 28 Y  -77 4452
12 29 Y  -77 4450
12 30 Y  -77 4451
12 31 Y  -77 4452
12  1 Z  518 4472
12  2 Z  518 4471
12  3 Z  518 4469
12  4 Z  518 4468
12  5 Z  518 4467
12  6 Z  518 4474
12  7 Z  518 4471
12  8 Z  518 4470
12  9 Z  518 4470
12 10 Z  518 4468
12 11 Z  518 4469
12 12 Z  518 4469
12 13 Z  518 4467
12 14 Z  518 4476
12 15 Z  518 4470
12 16 Z  518 4473
12 17 Z  518 4473
12 18 Z  518 4474
12 19 Z  518 4473
12 20 Z  518 4472
12 21 Z  518 4469
12 22 Z  518 4468
12 23 Z  518 4467
12 24 Z  518 4470
12 25 Z  518 4467
12 26 Z  518 4470
12 27 Z  518 4470
12 28 Z  518 4470
12 29 Z  518 4469
12 30 Z  518 4467
12 31 Z  518 4467
12  1 F  519 4517
12  2 F  519 4516
12  3 F  519 4513
12  4 F  519 4513
12  5 F  519 4511
12  6 F  519 4519
12  7 F  519 4516
12  8 F  519 4515
12  9 F  519 4515
12 10 F  519 4513
12 11 F  519 4514
12 12 F  519 4514
12 13 F  519 4511
12 14 F  519 4521
12 15 F  519 4514
12 16 F  519 4518
12 17 F  519 4518
12 18 F  519 4518
12 19 F  519 4518
12 20 F  519 4516
12 21 F  519 4514
12 22 F  519 4513
12 23 F  519 4512
12 24 F  519 4515
12 25 F  519 4511
12 26 F  519 4515
12 27 F  519 4514
12 28 F  519 4514
12 29 F  519 4513
12 30 F  519 4512
12 31 F  519 4512
