 1  1 X   13  482
 1  2 X   13  482
 1  3 X   13  492
 1  4 X   13  481
 1  5 X   13  475
 1  6 X   13  477
 1  7 X   13  481
 1  8 X   13  465
 1  9 X   13  478
 1 10 X   13  475
 1 11 X   13  466
 1 12 X   13  494
 1 13 X   13  483
 1 14 X   13  482
 1 15 X   13  473
 1 16 X   13  474
 1 17 X   13  479
 1 18 X   13  486
 1 19 X   13  479
 1 20 X   13  466
 1 21 X   13  459
 1 22 X   13  472
 1 23 X   13  461
 1 24 X   13  457
 1 25 X   13  473
 1 26 X   13  491
 1 27 X   13  486
 1 28 X   13  475
 1 29 X   13  483
 1 30 X   13  489
 1 31 X   13  461
 1  1 Y  -34  -54
 1  2 Y  -34  -59
 1  3 Y  -34  -52
 1  4 Y  -34  -51
 1  5 Y  -34  -53
 1  6 Y  -34  -53
 1  7 Y  -34  -57
 1  8 Y  -34  -59
 1  9 Y  -34  -45
 1 10 Y  -34  -49
 1 11 Y  -34  -48
 1 12 Y  -34  -50
 1 13 Y  -34  -51
 1 14 Y  -34  -60
 1 15 Y  -34  -41
 1 16 Y  -34  -41
 1 17 Y  -34  -57
 1 18 Y  -34  -56
 1 19 Y  -34  -56
 1 20 Y  -34  -46
 1 21 Y  -34  -23
 1 22 Y  -34  -53
 1 23 Y  -34  -48
 1 24 Y  -34  -35
 1 25 Y  -34  -58
 1 26 Y  -34  -39
 1 27 Y  -34  -53
 1 28 Y  -34  -48
 1 29 Y  -34  -61
 1 30 Y  -34  -57
 1 31 Y  -34  -27
 1  1 Z  558  507
 1  2 Z  558  504
 1  3 Z  558  514
 1  4 Z  558  516
 1  5 Z  558  513
 1  6 Z  558  511
 1  7 Z  558  511
 1  8 Z  558  510
 1  9 Z  558  511
 1 10 Z  558  506
 1 11 Z  558  508
 1 12 Z  558  513
 1 13 Z  558  507
 1 14 Z  558  512
 1 15 Z  558  512
 1 16 Z  558  506
 1 17 Z  558  506
 1 18 Z  558  501
 1 19 Z  558  504
 1 20 Z  558  501
 1 21 Z  558  524
 1 22 Z  558  521
 1 23 Z  558  513
 1 24 Z  558  519
 1 25 Z  558  513
 1 26 Z  558  521
 1 27 Z  558  516
 1 28 Z  558  506
 1 29 Z  558  499
 1 30 Z  558  505
 1 31 Z  558  511
 2  1 X   13  490
 2  2 X   13  489
 2  3 X   13  488
 2  4 X   13  488
 2  5 X   13  484
 2  6 X   13  485
 2  7 X   13  490
 2  8 X   13  485
 2  9 X   13  480
 2 10 X   13  486
 2 11 X   13  497
 2 12 X   13  479
 2 13 X   13  468
 2 14 X   13  479
 2 15 X   13  494
 2 16 X   13  485
 2 17 X   13  483
 2 18 X   13  485
 2 19 X   13  487
 2 20 X   13  489
 2 21 X   13  487
 2 22 X   13  474
 2 23 X   13  490
 2 24 X   13  495
 2 25 X   13  486
 2 26 X   13  469
 2 27 X   13  500
 2 28 X   13  483
 2  1 Y  -34  -64
 2  2 Y  -34  -58
 2  3 Y  -34  -54
 2  4 Y  -34  -53
 2  5 Y  -34  -52
 2  6 Y  -34  -54
 2  7 Y  -34  -55
 2  8 Y  -34  -56
 2  9 Y  -34  -49
 2 10 Y  -34  -45
 2 11 Y  -34  -51
 2 12 Y  -34  -62
 2 13 Y  -34  -63
 2 14 Y  -34  -25
 2 15 Y  -34  -44
 2 16 Y  -34  -52
 2 17 Y  -34  -43
 2 18 Y  -34  -48
 2 19 Y  -34  -46
 2 20 Y  -34  -49
 2 21 Y  -34  -46
 2 22 Y  -34  -46
 2 23 Y  -34  -39
 2 24 Y  -34  -50
 2 25 Y  -34  -50
 2 26 Y  -34  -44
 2 27 Y  -34  -50
 2 28 Y  -34  -48
 2  1 Z  558  521
 2  2 Z  558  515
 2  3 Z  558  510
 2  4 Z  558  504
 2  5 Z  558  499
 2  6 Z  558  503
 2  7 Z  558  506
 2  8 Z  558  507
 2  9 Z  558  498
 2 10 Z  558  502
 2 11 Z  558  509
 2 12 Z  558  499
 2 13 Z  558  517
 2 14 Z  558  530
 2 15 Z  558  520
 2 16 Z  558  510
 2 17 Z  558  512
 2 18 Z  558  505
 2 19 Z  558  507
 2 20 Z  558  511
 2 21 Z  558  503
 2 22 Z  558  504
 2 23 Z  558  518
 2 24 Z  558  506
 2 25 Z  558  508
 2 26 Z  558  498
 2 27 Z  558  497
 2 28 Z  558  491
 3  1 X   13  490
 3  2 X   13  482
 3  3 X   13  480
 3  4 X   13  471
 3  5 X   13  495
 3  6 X   13  487
 3  7 X   13  490
 3  8 X   13  486
 3  9 X   13  499
 3 10 X   13  491
 3 11 X   13  499
 3 12 X   13  471
 3 13 X   13  501
 3 14 X   13  498
 3 15 X   13  496
 3 16 X   13  492
 3 17 X   13  485
 3 18 X   13  496
 3 19 X   13  464
 3 20 X   13  496
 3 21 X   13  526
 3 22 X   13  463
 3 23 X   13  512
 3 24 X   13  504
 3 25 X   13  512
 3 26 X   13  498
 3 27 X   13  494
 3 28 X   13  502
 3 29 X   13  514
 3 30 X   13  494
 3 31 X   13  486
 3  1 Y  -34  -58
 3  2 Y  -34  -48
 3  3 Y  -34  -46
 3  4 Y  -34  -60
 3  5 Y  -34  -62
 3  6 Y  -34  -55
 3  7 Y  -34  -47
 3  8 Y  -34  -54
 3  9 Y  -34  -45
 3 10 Y  -34  -51
 3 11 Y  -34  -59
 3 12 Y  -34  -36
 3 13 Y  -34  -49
 3 14 Y  -34  -33
 3 15 Y  -34  -41
 3 16 Y  -34  -49
 3 17 Y  -34  -41
 3 18 Y  -34  -52
 3 19 Y  -34  -43
 3 20 Y  -34  -29
 3 21 Y  -34  -55
 3 22 Y  -34  -27
 3 23 Y  -34  -30
 3 24 Y  -34  -48
 3 25 Y  -34  -55
 3 26 Y  -34  -52
 3 27 Y  -34  -93
 3 28 Y  -34    0
 3 29 Y  -34  -49
 3 30 Y  -34  -43
 3 31 Y  -34  -38
 3  1 Z  558  490
 3  2 Z  558  492
 3  3 Z  558  497
 3  4 Z  558  496
 3  5 Z  558  502
 3  6 Z  558  506
 3  7 Z  558  493
 3  8 Z  558  491
 3  9 Z  558  499
 3 10 Z  558  494
 3 11 Z  558  490
 3 12 Z  558  493
 3 13 Z  558  524
 3 14 Z  558  521
 3 15 Z  558  517
 3 16 Z  558  491
 3 17 Z  558  492
 3 18 Z  558  502
 3 19 Z  558  516
 3 20 Z  558  522
 3 21 Z  558  479
 3 22 Z  558  527
 3 23 Z  558  538
 3 24 Z  558  509
 3 25 Z  558  519
 3 26 Z  558  487
 3 27 Z  558  450
 3 28 Z  558  516
 3 29 Z  558  505
 3 30 Z  558  494
 3 31 Z  558  565
 4  1 X   13  483
 4  2 X   13  504
 4  3 X   13  500
 4  4 X   13  502
 4  5 X   13  534
 4  6 X   13  494
 4  7 X   13  496
 4  8 X   13  511
 4  9 X   13  511
 4 10 X   13  508
 4 11 X   13  437
 4 12 X   13  479
 4 13 X   13  467
 4 14 X   13  507
 4 15 X   13  512
 4 16 X   13  490
 4 17 X   13  502
 4 18 X   13  515
 4 19 X   13  496
 4 20 X   13  515
 4 21 X   13  498
 4 22 X   13  512
 4 23 X   13  553
 4 24 X   13  555
 4 25 X   13  545
 4 26 X   13  532
 4 27 X   13  550
 4 28 X   13  588
 4 29 X   13  534
 4 30 X   13  535
 4  1 Y  -34  -20
 4  2 Y  -34  -41
 4  3 Y  -34  -47
 4  4 Y  -34  -41
 4  5 Y  -34  -59
 4  6 Y  -34  -28
 4  7 Y  -34  -13
 4  8 Y  -34   -5
 4  9 Y  -34   -4
 4 10 Y  -34  -44
 4 11 Y  -34    6
 4 12 Y  -34  -37
 4 13 Y  -34   42
 4 14 Y  -34  -62
 4 15 Y  -34  -35
 4 16 Y  -34  -41
 4 17 Y  -34  -41
 4 18 Y  -34  -57
 4 19 Y  -34  -48
 4 20 Y  -34  -53
 4 21 Y  -34  -26
 4 22 Y  -34  -32
 4 23 Y  -34  -75
 4 24 Y  -34  -64
 4 25 Y  -34  -45
 4 26 Y  -34  -63
 4 27 Y  -34  -59
 4 28 Y  -34  -99
 4 29 Y  -34  -69
 4 30 Y  -34  -57
 4  1 Z  558  553
 4  2 Z  558  550
 4  3 Z  558  489
 4  4 Z  558  432
 4  5 Z  558  484
 4  6 Z  558  526
 4  7 Z  558  531
 4  8 Z  558  552
 4  9 Z  558  511
 4 10 Z  558  501
 4 11 Z  558  527
 4 12 Z  558  715
 4 13 Z  558  621
 4 14 Z  558  555
 4 15 Z  558  515
 4 16 Z  558  545
 4 17 Z  558  522
 4 18 Z  558  543
 4 19 Z  558  554
 4 20 Z  558  533
 4 21 Z  558  535
 4 22 Z  558  509
 4 23 Z  558  461
 4 24 Z  558  412
 4 25 Z  558  401
 4 26 Z  558  427
 4 27 Z  558  388
 4 28 Z  558  360
 4 29 Z  558  476
 4 30 Z  558  458
 5  1 X   13  516
 5  2 X   13  530
 5  3 X   13  559
 5  4 X   13  548
 5  5 X   13  512
 5  6 X   13  505
 5  7 X   13  524
 5  8 X   13  495
 5  9 X   13  509
 5 10 X   13  519
 5 11 X   13  492
 5 12 X   13  491
 5 13 X   13  499
 5 14 X   13  505
 5 15 X   13  538
 5 16 X   13  517
 5 17 X   13  501
 5 18 X   13  548
 5 19 X   13  597
 5 20 X   13  556
 5 21 X   13  571
 5 22 X   13  513
 5 23 X   13  564
 5 24 X   13  608
 5 25 X   13  575
 5 26 X   13  575
 5 27 X   13  573
 5 28 X   13  548
 5 29 X   13  585
 5 30 X   13  564
 5 31 X   13  588
 5  1 Y  -34  -71
 5  2 Y  -34  -50
 5  3 Y  -34  -65
 5  4 Y  -34  -60
 5  5 Y  -34  -54
 5  6 Y  -34  -30
 5  7 Y  -34  -26
 5  8 Y  -34  -35
 5  9 Y  -34  -41
 5 10 Y  -34  -45
 5 11 Y  -34  -16
 5 12 Y  -34  -41
 5 13 Y  -34  -17
 5 14 Y  -34  -56
 5 15 Y  -34  -37
 5 16 Y  -34  -70
 5 17 Y  -34  -40
 5 18 Y  -34  -76
 5 19 Y  -34  -83
 5 20 Y  -34  -57
 5 21 Y  -34  -52
 5 22 Y  -34  -49
 5 23 Y  -34  -67
 5 24 Y  -34  -81
 5 25 Y  -34  -42
 5 26 Y  -34  -83
 5 27 Y  -34  -68
 5 28 Y  -34  -43
 5 29 Y  -34  -48
 5 30 Y  -34  -65
 5 31 Y  -34  -87
 5  1 Z  558  450
 5  2 Z  558  442
 5  3 Z  558  383
 5  4 Z  558  389
 5  5 Z  558  433
 5  6 Z  558  507
 5  7 Z  558  506
 5  8 Z  558  521
 5  9 Z  558  477
 5 10 Z  558  527
 5 11 Z  558  546
 5 12 Z  558  462
 5 13 Z  558  473
 5 14 Z  558  520
 5 15 Z  558  491
 5 16 Z  558  537
 5 17 Z  558  508
 5 18 Z  558  431
 5 19 Z  558  378
 5 20 Z  558  427
 5 21 Z  558  394
 5 22 Z  558  503
 5 23 Z  558  357
 5 24 Z  558  326
 5 25 Z  558  347
 5 26 Z  558  413
 5 27 Z  558  332
 5 28 Z  558  371
 5 29 Z  558  357
 5 30 Z  558  383
 5 31 Z  558  419
 6  1 X   13  577
 6  2 X   13  486
 6  3 X   13  526
 6  4 X   13  507
 6  5 X   13  484
 6  6 X   13  494
 6  7 X   13  512
 6  8 X   13  487
 6  9 X   13  469
 6 10 X   13  521
 6 11 X   13  504
 6 12 X   13  452
 6 13 X   13  538
 6 14 X   13  474
 6 15 X   13  593
 6 16 X   13  566
 6 17 X   13  541
 6 18 X   13  569
 6 19 X   13  571
 6 20 X   13  596
 6 21 X   13  550
 6 22 X   13  599
 6 23 X   13  633
 6 24 X   13  587
 6 25 X   13  584
 6 26 X   13  528
 6 27 X   13  529
 6 28 X   13  510
 6 29 X   13  507
 6 30 X   13  500
 6  1 Y  -34  -66
 6  2 Y  -34  -24
 6  3 Y  -34  -70
 6  4 Y  -34  -33
 6  5 Y  -34  -47
 6  6 Y  -34  -18
 6  7 Y  -34  -13
 6  8 Y  -34  -14
 6  9 Y  -34  -23
 6 10 Y  -34  -53
 6 11 Y  -34  -38
 6 12 Y  -34  -30
 6 13 Y  -34  -26
 6 14 Y  -34  -39
 6 15 Y  -34  -89
 6 16 Y  -34  -63
 6 17 Y  -34  -12
 6 18 Y  -34  -46
 6 19 Y  -34 -101
 6 20 Y  -34  -44
 6 21 Y  -34  -47
 6 22 Y  -34  -87
 6 23 Y  -34  -89
 6 24 Y  -34  -70
 6 25 Y  -34  -77
 6 26 Y  -34   -6
 6 27 Y  -34  -74
 6 28 Y  -34  -38
 6 29 Y  -34  -40
 6 30 Y  -34  -11
 6  1 Z  558  379
 6  2 Z  558  567
 6  3 Z  558  462
 6  4 Z  558  506
 6  5 Z  558  518
 6  6 Z  558  541
 6  7 Z  558  586
 6  8 Z  558  543
 6  9 Z  558  536
 6 10 Z  558  483
 6 11 Z  558  493
 6 12 Z  558  507
 6 13 Z  558  534
 6 14 Z  558  555
 6 15 Z  558  377
 6 16 Z  558  390
 6 17 Z  558  421
 6 18 Z  558  437
 6 19 Z  558  353
 6 20 Z  558  412
 6 21 Z  558  415
 6 22 Z  558  311
 6 23 Z  558  312
 6 24 Z  558  353
 6 25 Z  558  400
 6 26 Z  558  430
 6 27 Z  558  461
 6 28 Z  558  490
 6 29 Z  558  493
 6 30 Z  558  529
 7  1 X   13  476
 7  2 X   13  469
 7  3 X   13  490
 7  4 X   13  503
 7  5 X   13  501
 7  6 X   13  496
 7  7 X   13  552
 7  8 X   13  488
 7  9 X   13  523
 7 10 X   13  534
 7 11 X   13  496
 7 12 X   13  577
 7 13 X   13  548
 7 14 X   13  572
 7 15 X   13  549
 7 16 X   13  600
 7 17 X   13  601
 7 18 X   13  583
 7 19 X   13  580
 7 20 X   13  588
 7 21 X   13  595
 7 22 X   13  576
 7 23 X   13  558
 7 24 X   13  537
 7 25 X   13  540
 7 26 X   13  521
 7 27 X   13  534
 7 28 X   13  515
 7 29 X   13  533
 7 30 X   13  489
 7 31 X   13  507
 7  1 Y  -34  -14
 7  2 Y  -34  -31
 7  3 Y  -34  -17
 7  4 Y  -34  -31
 7  5 Y  -34  -48
 7  6 Y  -34   -3
 7  7 Y  -34  -34
 7  8 Y  -34  -45
 7  9 Y  -34  -63
 7 10 Y  -34  -23
 7 11 Y  -34  -29
 7 12 Y  -34  -46
 7 13 Y  -34  -70
 7 14 Y  -34  -68
 7 15 Y  -34  -20
 7 16 Y  -34  -72
 7 17 Y  -34  -69
 7 18 Y  -34  -56
 7 19 Y  -34  -52
 7 20 Y  -34  -56
 7 21 Y  -34  -64
 7 22 Y  -34  -59
 7 23 Y  -34  -43
 7 24 Y  -34  -19
 7 25 Y  -34  -13
 7 26 Y  -34  -51
 7 27 Y  -34  -28
 7 28 Y  -34  -41
 7 29 Y  -34  -32
 7 30 Y  -34  -24
 7 31 Y  -34  -11
 7  1 Z  558  546
 7  2 Z  558  546
 7  3 Z  558  535
 7  4 Z  558  478
 7  5 Z  558  500
 7  6 Z  558  540
 7  7 Z  558  446
 7  8 Z  558  501
 7  9 Z  558  459
 7 10 Z  558  444
 7 11 Z  558  549
 7 12 Z  558  344
 7 13 Z  558  378
 7 14 Z  558  437
 7 15 Z  558  402
 7 16 Z  558  327
 7 17 Z  558  350
 7 18 Z  558  383
 7 19 Z  558  362
 7 20 Z  558  366
 7 21 Z  558  365
 7 22 Z  558  399
 7 23 Z  558  416
 7 24 Z  558  470
 7 25 Z  558  527
 7 26 Z  558  529
 7 27 Z  558  484
 7 28 Z  558  513
 7 29 Z  558  518
 7 30 Z  558  509
 7 31 Z  558  546
 8  1 X   13  516
 8  2 X   13  529
 8  3 X   13  524
 8  4 X   13  509
 8  5 X   13  568
 8  6 X   13  546
 8  7 X   13  549
 8  8 X   13  567
 8  9 X   13  550
 8 10 X   13  513
 8 11 X   13  506
 8 12 X   13  484
 8 13 X   13  586
 8 14 X   13  570
 8 15 X   13  568
 8 16 X   13  580
 8 17 X   13  544
 8 18 X   13  513
 8 19 X   13  528
 8 20 X   13  522
 8 21 X   13  487
 8 22 X   13  510
 8 23 X   13  528
 8 24 X   13  535
 8 25 X   13  518
 8 26 X   13  517
 8 27 X   13  510
 8 28 X   13  527
 8 29 X   13  549
 8 30 X   13  545
 8 31 X   13  543
 8  1 Y  -34  -15
 8  2 Y  -34  -36
 8  3 Y  -34  -28
 8  4 Y  -34   -1
 8  5 Y  -34  -57
 8  6 Y  -34  -13
 8  7 Y  -34  -69
 8  8 Y  -34  -53
 8  9 Y  -34  -41
 8 10 Y  -34  -48
 8 11 Y  -34  -37
 8 12 Y  -34  -22
 8 13 Y  -34  -76
 8 14 Y  -34  -33
 8 15 Y  -34  -55
 8 16 Y  -34  -50
 8 17 Y  -34   -6
 8 18 Y  -34  -27
 8 19 Y  -34  -36
 8 20 Y  -34  -40
 8 21 Y  -34   -9
 8 22 Y  -34  -13
 8 23 Y  -34  -39
 8 24 Y  -34  -43
 8 25 Y  -34  -33
 8 26 Y  -34    0
 8 27 Y  -34  -23
 8 28 Y  -34  -22
 8 29 Y  -34  -32
 8 30 Y  -34   -3
 8 31 Y  -34  -44
 8  1 Z  558  559
 8  2 Z  558  472
 8  3 Z  558  564
 8  4 Z  558  514
 8  5 Z  558  471
 8  6 Z  558  450
 8  7 Z  558  454
 8  8 Z  558  416
 8  9 Z  558  403
 8 10 Z  558  467
 8 11 Z  558  506
 8 12 Z  558  509
 8 13 Z  558  371
 8 14 Z  558  383
 8 15 Z  558  398
 8 16 Z  558  399
 8 17 Z  558  370
 8 18 Z  558  539
 8 19 Z  558  509
 8 20 Z  558  495
 8 21 Z  558  507
 8 22 Z  558  493
 8 23 Z  558  524
 8 24 Z  558  488
 8 25 Z  558  518
 8 26 Z  558  544
 8 27 Z  558  486
 8 28 Z  558  551
 8 29 Z  558  493
 8 30 Z  558  542
 8 31 Z  558  508
 9  1 X   13  548
 9  2 X   13  530
 9  3 X   13  539
 9  4 X   13  546
 9  5 X   13  532
 9  6 X   13  557
 9  7 X   13  521
 9  8 X   13  544
 9  9 X   13  554
 9 10 X   13  518
 9 11 X   13  515
 9 12 X   13  559
 9 13 X   13  562
 9 14 X   13  522
 9 15 X   13  499
 9 16 X   13  511
 9 17 X   13  538
 9 18 X   13  515
 9 19 X   13  529
 9 20 X   13  520
 9 21 X   13  514
 9 22 X   13  540
 9 23 X   13  515
 9 24 X   13  525
 9 25 X   13  445
 9 26 X   13  542
 9 27 X   13  505
 9 28 X   13  544
 9 29 X   13  500
 9 30 X   13  510
 9  1 Y  -34  -57
 9  2 Y  -34  -25
 9  3 Y  -34  -52
 9  4 Y  -34  -51
 9  5 Y  -34  -26
 9  6 Y  -34  -40
 9  7 Y  -34  -49
 9  8 Y  -34  -44
 9  9 Y  -34  -43
 9 10 Y  -34  -33
 9 11 Y  -34  -32
 9 12 Y  -34  -50
 9 13 Y  -34  -27
 9 14 Y  -34  -43
 9 15 Y  -34  -27
 9 16 Y  -34  -31
 9 17 Y  -34  -35
 9 18 Y  -34  -41
 9 19 Y  -34  -44
 9 20 Y  -34  -30
 9 21 Y  -34  -32
 9 22 Y  -34  -22
 9 23 Y  -34  -16
 9 24 Y  -34  -28
 9 25 Y  -34   15
 9 26 Y  -34  -45
 9 27 Y  -34  -31
 9 28 Y  -34  -38
 9 29 Y  -34  -53
 9 30 Y  -34  -36
 9  1 Z  558  457
 9  2 Z  558  474
 9  3 Z  558  432
 9  4 Z  558  462
 9  5 Z  558  446
 9  6 Z  558  460
 9  7 Z  558  488
 9  8 Z  558  449
 9  9 Z  558  454
 9 10 Z  558  489
 9 11 Z  558  477
 9 12 Z  558  427
 9 13 Z  558  469
 9 14 Z  558  470
 9 15 Z  558  510
 9 16 Z  558  504
 9 17 Z  558  498
 9 18 Z  558  502
 9 19 Z  558  518
 9 20 Z  558  513
 9 21 Z  558  514
 9 22 Z  558  479
 9 23 Z  558  507
 9 24 Z  558  543
 9 25 Z  558  552
 9 26 Z  558  531
 9 27 Z  558  464
 9 28 Z  558  474
 9 29 Z  558  539
 9 30 Z  558  530
10  1 X   13  555
10  2 X   13  540
10  3 X   13  540
10  4 X   13  546
10  5 X   13  531
10  6 X   13  533
10  7 X   13  529
10  8 X   13  521
10  9 X   13  550
10 10 X   13  539
10 11 X   13  512
10 12 X   13  550
10 13 X   13  543
10 14 X   13  523
10 15 X   13  542
10 16 X   13  542
10 17 X   13  543
10 18 X   13  528
10 19 X   13  511
10 20 X   13  531
10 21 X   13  502
10 22 X   13  484
10 23 X   13  547
10 24 X   13  541
10 25 X   13  523
10 26 X   13  537
10 27 X   13  552
10 28 X   13  546
10 29 X   13  529
10 30 X   13  551
10 31 X   13  513
10  1 Y  -34   -7
10  2 Y  -34  -46
10  3 Y  -34    6
10  4 Y  -34  -38
10  5 Y  -34  -36
10  6 Y  -34  -31
10  7 Y  -34  -39
10  8 Y  -34  -33
10  9 Y  -34  -22
10 10 Y  -34  -24
10 11 Y  -34  -10
10 12 Y  -34  -18
10 13 Y  -34  -47
10 14 Y  -34  -31
10 15 Y  -34  -43
10 16 Y  -34  -32
10 17 Y  -34  -45
10 18 Y  -34  -37
10 19 Y  -34  -26
10 20 Y  -34  -31
10 21 Y  -34  -35
10 22 Y  -34  -19
10 23 Y  -34  -40
10 24 Y  -34  -43
10 25 Y  -34  -33
10 26 Y  -34  -40
10 27 Y  -34  -44
10 28 Y  -34  -28
10 29 Y  -34  -18
10 30 Y  -34  -30
10 31 Y  -34  -47
10  1 Z  558  515
10  2 Z  558  509
10  3 Z  558  546
10  4 Z  558  548
10  5 Z  558  520
10  6 Z  558  524
10  7 Z  558  531
10  8 Z  558  482
10  9 Z  558  528
10 10 Z  558  487
10 11 Z  558  495
10 12 Z  558  540
10 13 Z  558  526
10 14 Z  558  523
10 15 Z  558  523
10 16 Z  558  510
10 17 Z  558  517
10 18 Z  558  516
10 19 Z  558  498
10 20 Z  558  497
10 21 Z  558  499
10 22 Z  558  556
10 23 Z  558  545
10 24 Z  558  534
10 25 Z  558  539
10 26 Z  558  524
10 27 Z  558  482
10 28 Z  558  536
10 29 Z  558  536
10 30 Z  558  531
10 31 Z  558  514
11  1 X   13  541
11  2 X   13  538
11  3 X   13  536
11  4 X   13  538
11  5 X   13  485
11  6 X   13  466
11  7 X   13  518
11  8 X   13  547
11  9 X   13  529
11 10 X   13  532
11 11 X   13  541
11 12 X   13  540
11 13 X   13  531
11 14 X   13  540
11 15 X   13  525
11 16 X   13  550
11 17 X   13  536
11 18 X   13  531
11 19 X   13  521
11 20 X   13  567
11 21 X   13  551
11 22 X   13  538
11 23 X   13  533
11 24 X   13  587
11 25 X   13  529
11 26 X   13  540
11 27 X   13  537
11 28 X   13  541
11 29 X   13  544
11 30 X   13  542
11  1 Y  -34  -31
11  2 Y  -34  -34
11  3 Y  -34  -36
11  4 Y  -34  -17
11  5 Y  -34  -48
11  6 Y  -34 -147
11  7 Y  -34  -35
11  8 Y  -34  -40
11  9 Y  -34  -38
11 10 Y  -34  -43
11 11 Y  -34  -36
11 12 Y  -34  -37
11 13 Y  -34  -40
11 14 Y  -34  -35
11 15 Y  -34  -32
11 16 Y  -34  -24
11 17 Y  -34  -25
11 18 Y  -34  -32
11 19 Y  -34  -38
11 20 Y  -34  -65
11 21 Y  -34  -26
11 22 Y  -34  -32
11 23 Y  -34  -24
11 24 Y  -34   -1
11 25 Y  -34  -30
11 26 Y  -34  -37
11 27 Y  -34  -38
11 28 Y  -34  -38
11 29 Y  -34  -35
11 30 Y  -34  -37
11  1 Z  558  537
11  2 Z  558  526
11  3 Z  558  526
11  4 Z  558  522
11  5 Z  558  515
11  6 Z  558  682
11  7 Z  558  594
11  8 Z  558  553
11  9 Z  558  540
11 10 Z  558  537
11 11 Z  558  540
11 12 Z  558  528
11 13 Z  558  522
11 14 Z  558  524
11 15 Z  558  519
11 16 Z  558  525
11 17 Z  558  528
11 18 Z  558  524
11 19 Z  558  522
11 20 Z  558  526
11 21 Z  558  511
11 22 Z  558  516
11 23 Z  558  520
11 24 Z  558  611
11 25 Z  558  565
11 26 Z  558  551
11 27 Z  558  538
11 28 Z  558  533
11 29 Z  558  530
11 30 Z  558  524
12  1 X   13  548
12  2 X   13  541
12  3 X   13  531
12  4 X   13  537
12  5 X   13  541
12  6 X   13  532
12  7 X   13  536
12  8 X   13  544
12  9 X   13  543
12 10 X   13  546
12 11 X   13  543
12 12 X   13  536
12 13 X   13  550
12 14 X   13  536
12 15 X   13  554
12 16 X   13  548
12 17 X   13  539
12 18 X   13  546
12 19 X   13  548
12 20 X   13  547
12 21 X   13  525
12 22 X   13  552
12 23 X   13  550
12 24 X   13  543
12 25 X   13  543
12 26 X   13  533
12 27 X   13  536
12 28 X   13  548
12 29 X   13  547
12 30 X   13  549
12 31 X   13  517
12  1 Y  -34  -34
12  2 Y  -34  -36
12  3 Y  -34  -31
12  4 Y  -34  -36
12  5 Y  -34  -40
12  6 Y  -34  -26
12  7 Y  -34  -26
12  8 Y  -34  -26
12  9 Y  -34  -37
12 10 Y  -34  -31
12 11 Y  -34  -37
12 12 Y  -34  -15
12 13 Y  -34  -45
12 14 Y  -34  -26
12 15 Y  -34  -29
12 16 Y  -34  -27
12 17 Y  -34  -13
12 18 Y  -34  -26
12 19 Y  -34  -32
12 20 Y  -34  -30
12 21 Y  -34  -33
12 22 Y  -34  -31
12 23 Y  -34  -31
12 24 Y  -34  -14
12 25 Y  -34  -38
12 26 Y  -34  -33
12 27 Y  -34  -19
12 28 Y  -34  -38
12 29 Y  -34  -32
12 30 Y  -34  -36
12 31 Y  -34  -24
12  1 Z  558  523
12  2 Z  558  517
12  3 Z  558  518
12  4 Z  558  526
12  5 Z  558  530
12  6 Z  558  524
12  7 Z  558  523
12  8 Z  558  524
12  9 Z  558  520
12 10 Z  558  514
12 11 Z  558  514
12 12 Z  558  529
12 13 Z  558  525
12 14 Z  558  518
12 15 Z  558  514
12 16 Z  558  513
12 17 Z  558  529
12 18 Z  558  528
12 19 Z  558  524
12 20 Z  558  518
12 21 Z  558  525
12 22 Z  558  531
12 23 Z  558  523
12 24 Z  558  536
12 25 Z  558  531
12 26 Z  558  524
12 27 Z  558  531
12 28 Z  558  514
12 29 Z  558  508
12 30 Z  558  541
12 31 Z  558  545
