 1  1 X  -21 4498
 1  2 X  -21 4496
 1  3 X  -21 4503
 1  4 X  -21 4500
 1  5 X  -21 4493
 1  6 X  -21 4501
 1  7 X  -21 4497
 1  8 X  -21 4498
 1  9 X  -21 4498
 1 10 X  -21 4496
 1 11 X  -21 4497
 1 12 X  -21 4497
 1 13 X  -21 4489
 1 14 X  -21 4495
 1 15 X  -21 4497
 1 16 X  -21 4500
 1 17 X  -21 4500
 1 18 X  -21 4496
 1 19 X  -21 4501
 1 20 X  -22 4580
 1 21 X  -21 4508
 1 22 X  -21 4498
 1 23 X  -21 4502
 1 24 X  -21 4498
 1 25 X  -21 4501
 1 26 X  -21 4503
 1 27 X  -21 4501
 1 28 X  -21 4502
 1 29 X  -21 4503
 1 30 X  -21 4500
 1 31 X  -21 4493
 1  1 Y  -78 4550
 1  2 Y  -78 4549
 1  3 Y  -77 4460
 1  4 Y  -77 4454
 1  5 Y  -77 4454
 1  6 Y  -78 4548
 1  7 Y  -78 4550
 1  8 Y  -78 4551
 1  9 Y  -77 4453
 1 10 Y  -77 4456
 1 11 Y  -77 4462
 1 12 Y  -78 4548
 1 13 Y  -78 4552
 1 14 Y  -77 4451
 1 15 Y  -78 4550
 1 16 Y  -77 4455
 1 17 Y  -77 4452
 1 18 Y  -77 4456
 1 19 Y  -77 4453
 1 20 Y  -78 4554
 1 21 Y  -77 4459
 1 22 Y  -77 4451
 1 23 Y  -77 4452
 1 24 Y  -77 4458
 1 25 Y  -77 4453
 1 26 Y  -78 4550
 1 27 Y  -77 4451
 1 28 Y  -78 4551
 1 29 Y  -78 4552
 1 30 Y  -78 4551
 1 31 Y  -78 4556
 1  1 Z  518 4466
 1  2 Z  518 4465
 1  3 Z  518 4477
 1  4 Z  518 4471
 1  5 Z  518 4468
 1  6 Z  518 4472
 1  7 Z  518 4470
 1  8 Z  518 4470
 1  9 Z  518 4469
 1 10 Z  518 4466
 1 11 Z  518 4473
 1 12 Z  518 4471
 1 13 Z  518 4474
 1 14 Z  518 4471
 1 15 Z  518 4470
 1 16 Z  518 4471
 1 17 Z  518 4469
 1 18 Z  518 4466
 1 19 Z  518 4466
 1 20 Z  518 4468
 1 21 Z  518 4480
 1 22 Z  518 4473
 1 23 Z  518 4478
 1 24 Z  518 4480
 1 25 Z  518 4475
 1 26 Z  518 4475
 1 27 Z  518 4469
 1 28 Z  518 4470
 1 29 Z  518 4471
 1 30 Z  518 4471
 1 31 Z  518 4477
 2  1 X  -21 4490
 2  2 X  -21 4499
 2  3 X  -21 4497
 2  4 X  -21 4499
 2  5 X  -21 4500
 2  6 X  -21 4489
 2  7 X  -21 4498
 2  8 X  -21 4504
 2  9 X  -21 4502
 2 10 X  -21 4502
 2 11 X  -21 4505
 2 12 X  -21 4504
 2 13 X  -21 4497
 2 14 X  -21 4503
 2 15 X  -21 4482
 2 16 X  -21 4505
 2 17 X  -21 4505
 2 18 X  -21 4498
 2 19 X  -21 4506
 2 20 X  -21 4506
 2 21 X  -21 4503
 2 22 X  -21 4497
 2 23 X  -21 4511
 2 24 X  -21 4505
 2 25 X  -21 4506
 2 26 X  -21 4510
 2 27 X  -21 4505
 2 28 X  -21 4506
 2  1 Y  -77 4463
 2  2 Y  -78 4545
 2  3 Y  -78 4563
 2  4 Y  -78 4550
 2  5 Y  -77 4456
 2  6 Y  -77 4461
 2  7 Y  -78 4552
 2  8 Y  -78 4548
 2  9 Y  -77 4453
 2 10 Y  -78 4556
 2 11 Y  -78 4552
 2 12 Y  -77 4459
 2 13 Y  -77 4455
 2 14 Y  -78 4554
 2 15 Y  -77 4452
 2 16 Y  -78 4544
 2 17 Y  -78 4540
 2 18 Y  -77 4457
 2 19 Y  -77 4457
 2 20 Y  -78 4551
 2 21 Y  -78 4550
 2 22 Y  -78 4545
 2 23 Y  -78 4549
 2 24 Y  -78 4549
 2 25 Y  -78 4545
 2 26 Y  -78 4554
 2 27 Y  -77 4455
 2 28 Y  -77 4453
 2  1 Z  518 4478
 2  2 Z  518 4484
 2  3 Z  518 4488
 2  4 Z  518 4479
 2  5 Z  518 4473
 2  6 Z  518 4471
 2  7 Z  518 4475
 2  8 Z  518 4480
 2  9 Z  518 4477
 2 10 Z  518 4480
 2 11 Z  518 4480
 2 12 Z  518 4483
 2 13 Z  518 4477
 2 14 Z  518 4481
 2 15 Z  518 4487
 2 16 Z  518 4476
 2 17 Z  518 4478
 2 18 Z  518 4466
 2 19 Z  518 4466
 2 20 Z  518 4470
 2 21 Z  517 4556
 2 22 Z  518 4464
 2 23 Z  518 4474
 2 24 Z  518 4467
 2 25 Z  518 4470
 2 26 Z  518 4468
 2 27 Z  518 4464
 2 28 Z  518 4461
 3  1 X  -21 4511
 3  2 X  -21 4505
 3  3 X  -21 4496
 3  4 X  -21 4512
 3  5 X  -21 4511
 3  6 X  -21 4501
 3  7 X  -21 4508
 3  8 X  -21 4508
 3  9 X  -21 4501
 3 10 X  -21 4487
 3 11 X  -21 4517
 3 12 X  -21 4506
 3 13 X  -21 4499
 3 14 X  -21 4503
 3 15 X  -21 4511
 3 16 X  -21 4513
 3 17 X  -21 4519
 3 18 X  -21 4512
 3 19 X  -21 4512
 3 20 X  -21 4518
 3 21 X  -21 4516
 3 22 X  -21 4517
 3 23 X  -21 4516
 3 24 X  -21 4509
 3 25 X  -21 4511
 3 26 X  -21 4525
 3 27 X  -21 4521
 3 28 X  -21 4527
 3 29 X  -21 4506
 3 30 X  -21 4497
 3 31 X  -21 4517
 3  1 Y  -77 4457
 3  2 Y  -77 4464
 3  3 Y  -77 4460
 3  4 Y  -77 4463
 3  5 Y  -77 4466
 3  6 Y  -78 4552
 3  7 Y  -77 4460
 3  8 Y  -77 4464
 3  9 Y  -77 4464
 3 10 Y  -77 4468
 3 11 Y  -78 4559
 3 12 Y  -77 4462
 3 13 Y  -77 4460
 3 14 Y  -77 4468
 3 15 Y  -77 4458
 3 16 Y  -78 4555
 3 17 Y  -78 4548
 3 18 Y  -78 4546
 3 19 Y  -78 4555
 3 20 Y  -77 4462
 3 21 Y  -77 4454
 3 22 Y  -77 4454
 3 23 Y  -77 4455
 3 24 Y  -77 4460
 3 25 Y  -77 4462
 3 26 Y  -77 4455
 3 27 Y  -78 4550
 3 28 Y  -77 4459
 3 29 Y  -78 4563
 3 30 Y  -77 4459
 3 31 Y  -78 4557
 3  1 Z  518 4477
 3  2 Z  518 4470
 3  3 Z  518 4473
 3  4 Z  518 4478
 3  5 Z  518 4478
 3  6 Z  518 4471
 3  7 Z  518 4479
 3  8 Z  518 4479
 3  9 Z  518 4483
 3 10 Z  518 4471
 3 11 Z  518 4493
 3 12 Z  518 4493
 3 13 Z  518 4484
 3 14 Z  518 4486
 3 15 Z  517 4558
 3 16 Z  518 4461
 3 17 Z  518 4473
 3 18 Z  518 4460
 3 19 Z  517 4555
 3 20 Z  518 4467
 3 21 Z  518 4461
 3 22 Z  518 4463
 3 23 Z  518 4460
 3 24 Z  517 4551
 3 25 Z  518 4478
 3 26 Z  517 4552
 3 27 Z  517 4560
 3 28 Z  518 4454
 3 29 Z  518 4466
 3 30 Z  518 4478
 3 31 Z  517 4549
 4  1 X  -21 4508
 4  2 X  -21 4513
 4  3 X  -21 4501
 4  4 X  -21 4509
 4  5 X  -21 4493
 4  6 X  -21 4521
 4  7 X  -21 4504
 4  8 X  -21 4510
 4  9 X  -21 4513
 4 10 X  -21 4512
 4 11 X  -21 4478
 4 12 X  -21 4518
 4 13 X  -21 4532
 4 14 X  -21 4513
 4 15 X  -21 4535
 4 16 X  -21 4531
 4 17 X  -21 4509
 4 18 X  -21 4536
 4 19 X  -21 4515
 4 20 X  -21 4506
 4 21 X  -21 4537
 4 22 X  -21 4538
 4 23 X  -21 4523
 4 24 X  -21 4536
 4 25 X  -21 4525
 4 26 X  -21 4529
 4 27 X  -21 4522
 4 28 X  -21 4543
 4 29 X  -21 4517
 4 30 X  -21 4522
 4  1 Y  -77 4470
 4  2 Y  -77 4456
 4  3 Y  -77 4468
 4  4 Y  -78 4556
 4  5 Y  -76 4422
 4  6 Y  -77 4495
 4  7 Y  -78 4578
 4  8 Y  -78 4540
 4  9 Y  -77 4462
 4 10 Y  -77 4456
 4 11 Y  -77 4480
 4 12 Y  -78 4546
 4 13 Y  -77 4456
 4 14 Y  -79 4625
 4 15 Y  -78 4552
 4 16 Y  -78 4553
 4 17 Y  -77 4455
 4 18 Y  -78 4544
 4 19 Y  -77 4467
 4 20 Y  -77 4482
 4 21 Y  -77 4450
 4 22 Y  -78 4546
 4 23 Y  -78 4532
 4 24 Y  -78 4561
 4 25 Y  -77 4453
 4 26 Y  -77 4454
 4 27 Y  -77 4462
 4 28 Y  -77 4455
 4 29 Y  -78 4556
 4 30 Y  -77 4471
 4  1 Z  518 4487
 4  2 Z  518 4507
 4  3 Z  518 4473
 4  4 Z  518 4480
 4  5 Z  519 4459
 4  6 Z  518 4529
 4  7 Z  518 4516
 4  8 Z  518 4502
 4  9 Z  518 4511
 4 10 Z  518 4475
 4 11 Z  518 4504
 4 12 Z  518 4517
 4 13 Z  517 4557
 4 14 Z  518 4462
 4 15 Z  518 4459
 4 16 Z  517 4551
 4 17 Z  518 4468
 4 18 Z  517 4539
 4 19 Z  518 4472
 4 20 Z  518 4478
 4 21 Z  518 4470
 4 22 Z  517 4512
 4 23 Z  517 4555
 4 24 Z  518 4470
 4 25 Z  518 4464
 4 26 Z  517 4556
 4 27 Z  518 4495
 4 28 Z  517 4516
 4 29 Z  517 4541
 4 30 Z  518 4458
 5  1 X  -21 4529
 5  2 X  -21 4495
 5  3 X  -21 4516
 5  4 X  -21 4530
 5  5 X  -21 4513
 5  6 X  -21 4532
 5  7 X  -21 4525
 5  8 X  -21 4533
 5  9 X  -21 4509
 5 10 X  -21 4524
 5 11 X  -21 4540
 5 12 X  -20 4448
 5 13 X  -21 4537
 5 14 X  -20 4456
 5 15 X  -21 4540
 5 16 X  -21 4531
 5 17 X  -21 4512
 5 18 X  -21 4534
 5 19 X  -21 4541
 5 20 X  -21 4553
 5 21 X  -21 4554
 5 22 X  -20 4466
 5 23 X  -20 4472
 5 24 X  -21 4535
 5 25 X  -21 4537
 5 26 X  -21 4515
 5 27 X  -21 4535
 5 28 X  -21 4513
 5 29 X  -20 4467
 5 30 X  -21 4475
 5 31 X  -21 4543
 5  1 Y  -77 4458
 5  2 Y  -77 4481
 5  3 Y  -77 4467
 5  4 Y  -78 4573
 5  5 Y  -77 4466
 5  6 Y  -77 4468
 5  7 Y  -77 4472
 5  8 Y  -78 4553
 5  9 Y  -77 4473
 5 10 Y  -77 4461
 5 11 Y  -77 4454
 5 12 Y  -77 4471
 5 13 Y  -78 4555
 5 14 Y  -77 4454
 5 15 Y  -78 4549
 5 16 Y  -77 4467
 5 17 Y  -77 4468
 5 18 Y  -77 4488
 5 19 Y  -78 4550
 5 20 Y  -78 4547
 5 21 Y  -78 4554
 5 22 Y  -78 4541
 5 23 Y  -78 4542
 5 24 Y  -77 4469
 5 25 Y  -77 4473
 5 26 Y  -77 4482
 5 27 Y  -77 4472
 5 28 Y  -77 4486
 5 29 Y  -77 4471
 5 30 Y  -77 4466
 5 31 Y  -77 4462
 5  1 Z  517 4543
 5  2 Z  518 4474
 5  3 Z  518 4497
 5  4 Z  518 4507
 5  5 Z  518 4464
 5  6 Z  517 4550
 5  7 Z  518 4471
 5  8 Z  518 4460
 5  9 Z  518 4485
 5 10 Z  518 4473
 5 11 Z  517 4514
 5 12 Z  517 4541
 5 13 Z  517 4541
 5 14 Z  517 4514
 5 15 Z  518 4460
 5 16 Z  517 4531
 5 17 Z  518 4486
 5 18 Z  518 4520
 5 19 Z  517 4483
 5 20 Z  517 4504
 5 21 Z  517 4540
 5 22 Z  517 4524
 5 23 Z  517 4506
 5 24 Z  518 4454
 5 25 Z  517 4555
 5 26 Z  518 4481
 5 27 Z  518 4464
 5 28 Z  518 4509
 5 29 Z  517 4537
 5 30 Z  518 4524
 5 31 Z  518 4461
 6  1 X  -21 4500
 6  2 X  -21 4525
 6  3 X  -21 4538
 6  4 X  -21 4526
 6  5 X  -21 4507
 6  6 X  -21 4522
 6  7 X  -20 4464
 6  8 X  -21 4552
 6  9 X  -21 4548
 6 10 X  -20 4468
 6 11 X  -20 4457
 6 12 X  -20 4459
 6 13 X  -21 4512
 6 14 X  -21 4529
 6 15 X  -21 4550
 6 16 X  -21 4582
 6 17 X  -20 4476
 6 18 X  -20 4467
 6 19 X  -21 4554
 6 20 X  -21 4552
 6 21 X  -20 4499
 6 22 X  -21 4542
 6 23 X  -21 4547
 6 24 X  -21 4547
 6 25 X  -21 4543
 6 26 X  -21 4512
 6 27 X  -21 4538
 6 28 X  -21 4528
 6 29 X  -21 4504
 6 30 X  -21 4532
 6  1 Y  -77 4479
 6  2 Y  -77 4463
 6  3 Y  -77 4466
 6  4 Y  -77 4470
 6  5 Y  -78 4564
 6  6 Y  -77 4476
 6  7 Y  -77 4465
 6  8 Y  -77 4455
 6  9 Y  -77 4457
 6 10 Y  -78 4535
 6 11 Y  -77 4458
 6 12 Y  -77 4451
 6 13 Y  -77 4483
 6 14 Y  -77 4455
 6 15 Y  -78 4558
 6 16 Y  -77 4451
 6 17 Y  -77 4449
 6 18 Y  -77 4461
 6 19 Y  -77 4460
 6 20 Y  -77 4454
 6 21 Y  -78 4525
 6 22 Y  -77 4471
 6 23 Y  -77 4470
 6 24 Y  -77 4470
 6 25 Y  -77 4483
 6 26 Y  -77 4481
 6 27 Y  -77 4471
 6 28 Y  -77 4475
 6 29 Y  -77 4475
 6 30 Y  -77 4485
 6  1 Z  518 4512
 6  2 Z  517 4559
 6  3 Z  518 4489
 6  4 Z  518 4511
 6  5 Z  518 4497
 6  6 Z  518 4475
 6  7 Z  517 4528
 6  8 Z  517 4529
 6  9 Z  517 4533
 6 10 Z  517 4519
 6 11 Z  517 4521
 6 12 Z  517 4513
 6 13 Z  518 4475
 6 14 Z  517 4560
 6 15 Z  516 4598
 6 16 Z  517 4494
 6 17 Z  517 4513
 6 18 Z  517 4503
 6 19 Z  517 4526
 6 20 Z  517 4516
 6 21 Z  517 4493
 6 22 Z  517 4529
 6 23 Z  517 4541
 6 24 Z  516 4610
 6 25 Z  518 4452
 6 26 Z  518 4510
 6 27 Z  518 4494
 6 28 Z  518 4460
 6 29 Z  518 4502
 6 30 Z  518 4480
 7  1 X  -21 4525
 7  2 X  -20 4445
 7  3 X  -21 4522
 7  4 X  -21 4536
 7  5 X  -21 4514
 7  6 X  -21 4530
 7  7 X  -21 4522
 7  8 X  -21 4542
 7  9 X  -20 4477
 7 10 X  -20 4483
 7 11 X  -21 4550
 7 12 X  -21 4525
 7 13 X  -21 4520
 7 14 X  -21 4550
 7 15 X  -20 4505
 7 16 X  -21 4549
 7 17 X  -21 4548
 7 18 X  -21 4543
 7 19 X  -21 4526
 7 20 X  -21 4504
 7 21 X  -21 4554
 7 22 X  -20 4482
 7 23 X  -21 4514
 7 24 X  -21 4511
 7 25 X  -21 4535
 7 26 X  -21 4531
 7 27 X  -21 4527
 7 28 X  -21 4544
 7 29 X  -21 4534
 7 30 X  -21 4524
 7 31 X  -21 4543
 7  1 Y  -77 4474
 7  2 Y  -78 4550
 7  3 Y  -77 4476
 7  4 Y  -77 4471
 7  5 Y  -77 4489
 7  6 Y  -78 4560
 7  7 Y  -77 4479
 7  8 Y  -78 4552
 7  9 Y  -77 4450
 7 10 Y  -78 4547
 7 11 Y  -77 4464
 7 12 Y  -77 4476
 7 13 Y  -77 4472
 7 14 Y  -78 4553
 7 15 Y  -78 4550
 7 16 Y  -77 4465
 7 17 Y  -77 4459
 7 18 Y  -77 4464
 7 19 Y  -77 4469
 7 20 Y  -77 4479
 7 21 Y  -77 4474
 7 22 Y  -77 4469
 7 23 Y  -77 4502
 7 24 Y  -77 4462
 7 25 Y  -77 4480
 7 26 Y  -77 4464
 7 27 Y  -77 4470
 7 28 Y  -77 4470
 7 29 Y  -77 4480
 7 30 Y  -77 4478
 7 31 Y  -77 4474
 7  1 Z  517 4571
 7  2 Z  517 4561
 7  3 Z  518 4481
 7  4 Z  518 4460
 7  5 Z  518 4481
 7  6 Z  517 4554
 7  7 Z  518 4483
 7  8 Z  517 4534
 7  9 Z  517 4483
 7 10 Z  517 4501
 7 11 Z  517 4525
 7 12 Z  518 4456
 7 13 Z  518 4473
 7 14 Z  517 4516
 7 15 Z  516 4577
 7 16 Z  517 4541
 7 17 Z  517 4530
 7 18 Z  517 4530
 7 19 Z  518 4458
 7 20 Z  518 4488
 7 21 Z  517 4537
 7 22 Z  517 4518
 7 23 Z  519 4425
 7 24 Z  517 4528
 7 25 Z  518 4462
 7 26 Z  518 4461
 7 27 Z  518 4504
 7 28 Z  517 4560
 7 29 Z  518 4498
 7 30 Z  518 4484
 7 31 Z  518 4461
 8  1 X  -21 4530
 8  2 X  -21 4540
 8  3 X  -22 4578
 8  4 X  -21 4504
 8  5 X  -20 4455
 8  6 X  -21 4547
 8  7 X  -20 4449
 8  8 X  -21 4537
 8  9 X  -21 4552
 8 10 X  -20 4468
 8 11 X  -20 4472
 8 12 X  -20 4471
 8 13 X  -21 4522
 8 14 X  -21 4523
 8 15 X  -20 4449
 8 16 X  -21 4562
 8 17 X  -21 4543
 8 18 X  -20 4467
 8 19 X  -20 4456
 8 20 X  -20 4449
 8 21 X  -20 4444
 8 22 X  -21 4531
 8 23 X  -21 4530
 8 24 X  -21 4526
 8 25 X  -20 4454
 8 26 X  -21 4550
 8 27 X  -20 4450
 8 28 X  -20 4446
 8 29 X  -21 4535
 8 30 X  -21 4536
 8 31 X  -21 4522
 8  1 Y  -77 4473
 8  2 Y  -77 4468
 8  3 Y  -77 4467
 8  4 Y  -77 4499
 8  5 Y  -78 4558
 8  6 Y  -77 4494
 8  7 Y  -77 4463
 8  8 Y  -77 4477
 8  9 Y  -78 4561
 8 10 Y  -78 4552
 8 11 Y  -77 4457
 8 12 Y  -77 4461
 8 13 Y  -77 4482
 8 14 Y  -77 4494
 8 15 Y  -77 4460
 8 16 Y  -77 4479
 8 17 Y  -77 4462
 8 18 Y  -77 4464
 8 19 Y  -77 4469
 8 20 Y  -77 4472
 8 21 Y  -77 4468
 8 22 Y  -77 4480
 8 23 Y  -77 4471
 8 24 Y  -78 4568
 8 25 Y  -77 4479
 8 26 Y  -77 4484
 8 27 Y  -77 4479
 8 28 Y  -77 4476
 8 29 Y  -77 4474
 8 30 Y  -77 4472
 8 31 Y  -77 4480
 8  1 Z  518 4464
 8  2 Z  518 4453
 8  3 Z  519 4410
 8  4 Z  518 4524
 8  5 Z  518 4474
 8  6 Z  517 4573
 8  7 Z  517 4558
 8  8 Z  517 4562
 8  9 Z  517 4542
 8 10 Z  517 4518
 8 11 Z  517 4507
 8 12 Z  517 4527
 8 13 Z  518 4490
 8 14 Z  518 4494
 8 15 Z  517 4547
 8 16 Z  517 4519
 8 17 Z  517 4517
 8 18 Z  517 4532
 8 19 Z  518 4453
 8 20 Z  517 4547
 8 21 Z  517 4558
 8 22 Z  518 4485
 8 23 Z  518 4474
 8 24 Z  518 4476
 8 25 Z  518 4464
 8 26 Z  518 4494
 8 27 Z  517 4571
 8 28 Z  518 4481
 8 29 Z  518 4479
 8 30 Z  518 4475
 8 31 Z  518 4483
 9  1 X  -21 4509
 9  2 X  -21 4534
 9  3 X  -21 4541
 9  4 X  -21 4537
 9  5 X  -21 4534
 9  6 X  -20 4461
 9  7 X  -21 4561
 9  8 X  -21 4538
 9  9 X  -21 4536
 9 10 X  -21 4539
 9 11 X  -21 4540
 9 12 X  -21 4535
 9 13 X  -21 4539
 9 14 X  -21 4546
 9 15 X  -21 4545
 9 16 X  -21 4526
 9 17 X  -20 4450
 9 18 X  -21 4548
 9 19 X  -21 4548
 9 20 X  -21 4552
 9 21 X  -20 4454
 9 22 X  -21 4546
 9 23 X  -21 4526
 9 24 X  -21 4535
 9 25 X  -21 4546
 9 26 X  -21 4536
 9 27 X  -21 4529
 9 28 X  -20 4453
 9 29 X  -20 4455
 9 30 X  -21 4541
 9  1 Y  -77 4488
 9  2 Y  -77 4488
 9  3 Y  -77 4472
 9  4 Y  -77 4474
 9  5 Y  -77 4475
 9  6 Y  -77 4472
 9  7 Y  -77 4470
 9  8 Y  -77 4490
 9  9 Y  -77 4482
 9 10 Y  -77 4472
 9 11 Y  -77 4474
 9 12 Y  -77 4479
 9 13 Y  -77 4477
 9 14 Y  -78 4559
 9 15 Y  -78 4567
 9 16 Y  -77 4483
 9 17 Y  -77 4484
 9 18 Y  -77 4476
 9 19 Y  -77 4476
 9 20 Y  -77 4472
 9 21 Y  -77 4469
 9 22 Y  -77 4467
 9 23 Y  -77 4480
 9 24 Y  -77 4484
 9 25 Y  -77 4476
 9 26 Y  -77 4482
 9 27 Y  -77 4471
 9 28 Y  -77 4488
 9 29 Y  -77 4481
 9 30 Y  -77 4475
 9  1 Z  518 4488
 9  2 Z  518 4485
 9  3 Z  518 4478
 9  4 Z  518 4463
 9  5 Z  518 4477
 9  6 Z  518 4474
 9  7 Z  517 4538
 9  8 Z  518 4456
 9  9 Z  518 4472
 9 10 Z  518 4478
 9 11 Z  518 4473
 9 12 Z  518 4482
 9 13 Z  518 4469
 9 14 Z  517 4528
 9 15 Z  518 4474
 9 16 Z  518 4463
 9 17 Z  518 4473
 9 18 Z  518 4468
 9 19 Z  518 4455
 9 20 Z  518 4463
 9 21 Z  518 4465
 9 22 Z  517 4556
 9 23 Z  518 4485
 9 24 Z  518 4477
 9 25 Z  518 4471
 9 26 Z  518 4474
 9 27 Z  518 4465
 9 28 Z  518 4486
 9 29 Z  518 4489
 9 30 Z  518 4474
10  1 X  -21 4547
10  2 X  -21 4547
10  3 X  -21 4551
10  4 X  -21 4547
10  5 X  -20 4456
10  6 X  -21 4542
10  7 X  -20 4455
10  8 X  -20 4454
10  9 X  -21 4548
10 10 X  -21 4543
10 11 X  -21 4528
10 12 X  -20 4455
10 13 X  -20 4455
10 14 X  -20 4452
10 15 X  -21 4546
10 16 X  -21 4544
10 17 X  -20 4465
10 18 X  -21 4544
10 19 X  -20 4449
10 20 X  -21 4545
10 21 X  -21 4546
10 22 X  -20 4457
10 23 X  -21 4543
10 24 X  -20 4449
10 25 X  -21 4548
10 26 X  -21 4545
10 27 X  -21 4553
10 28 X  -21 4551
10 29 X  -20 4454
10 30 X  -21 4552
10 31 X  -21 4551
10  1 Y  -77 4474
10  2 Y  -77 4473
10  3 Y  -77 4474
10  4 Y  -77 4474
10  5 Y  -77 4485
10  6 Y  -77 4489
10  7 Y  -77 4480
10  8 Y  -78 4564
10  9 Y  -77 4476
10 10 Y  -77 4468
10 11 Y  -77 4503
10 12 Y  -77 4467
10 13 Y  -77 4473
10 14 Y  -77 4472
10 15 Y  -77 4470
10 16 Y  -77 4465
10 17 Y  -77 4480
10 18 Y  -77 4471
10 19 Y  -77 4474
10 20 Y  -77 4477
10 21 Y  -77 4474
10 22 Y  -77 4476
10 23 Y  -77 4488
10 24 Y  -77 4482
10 25 Y  -77 4480
10 26 Y  -77 4469
10 27 Y  -77 4473
10 28 Y  -77 4480
10 29 Y  -77 4475
10 30 Y  -77 4475
10 31 Y  -77 4476
10  1 Z  518 4476
10  2 Z  518 4473
10  3 Z  518 4466
10  4 Z  518 4459
10  5 Z  517 4550
10  6 Z  517 4549
10  7 Z  518 4456
10  8 Z  518 4466
10  9 Z  518 4466
10 10 Z  517 4552
10 11 Z  518 4471
10 12 Z  518 4477
10 13 Z  518 4468
10 14 Z  518 4466
10 15 Z  518 4466
10 16 Z  518 4459
10 17 Z  518 4474
10 18 Z  518 4475
10 19 Z  518 4485
10 20 Z  518 4481
10 21 Z  518 4463
10 22 Z  518 4476
10 23 Z  518 4490
10 24 Z  518 4488
10 25 Z  518 4487
10 26 Z  518 4479
10 27 Z  518 4472
10 28 Z  518 4468
10 29 Z  518 4472
10 30 Z  518 4466
10 31 Z  518 4468
11  1 X  -20 4455
11  2 X  -20 4454
11  3 X  -20 4453
11  4 X  -20 4460
11  5 X  -20 4455
11  6 X  -20 4455
11  7 X  -20 4454
11  8 X  -21 4543
11  9 X  -20 4460
11 10 X  -21 4549
11 11 X  -21 4540
11 12 X  -20 4460
11 13 X  -21 4548
11 14 X  -21 4545
11 15 X  -20 4459
11 16 X  -21 4558
11 17 X  -20 4458
11 18 X  -20 4458
11 19 X  -20 4462
11 20 X  -20 4458
11 21 X  -20 4455
11 22 X  -20 4461
11 23 X  -21 4551
11 24 X  -21 4549
11 25 X  -20 4462
11 26 X  -20 4458
11 27 X  -21 4549
11 28 X  -21 4550
11 29 X  -20 4458
11 30 X  -20 4459
11  1 Y  -77 4471
11  2 Y  -77 4479
11  3 Y  -77 4476
11  4 Y  -77 4478
11  5 Y  -77 4481
11  6 Y  -77 4475
11  7 Y  -77 4472
11  8 Y  -77 4474
11  9 Y  -77 4475
11 10 Y  -77 4473
11 11 Y  -77 4485
11 12 Y  -77 4481
11 13 Y  -77 4478
11 14 Y  -77 4478
11 15 Y  -77 4473
11 16 Y  -77 4476
11 17 Y  -77 4475
11 18 Y  -77 4473
11 19 Y  -77 4478
11 20 Y  -77 4476
11 21 Y  -77 4482
11 22 Y  -77 4478
11 23 Y  -77 4476
11 24 Y  -77 4479
11 25 Y  -77 4477
11 26 Y  -77 4477
11 27 Y  -77 4475
11 28 Y  -77 4469
11 29 Y  -77 4483
11 30 Y  -77 4476
11  1 Z  518 4459
11  2 Z  518 4459
11  3 Z  518 4464
11  4 Z  518 4465
11  5 Z  518 4462
11  6 Z  518 4460
11  7 Z  518 4459
11  8 Z  517 4552
11  9 Z  518 4461
11 10 Z  518 4459
11 11 Z  518 4467
11 12 Z  518 4490
11 13 Z  518 4476
11 14 Z  518 4475
11 15 Z  518 4479
11 16 Z  518 4476
11 17 Z  518 4471
11 18 Z  518 4469
11 19 Z  518 4467
11 20 Z  518 4467
11 21 Z  518 4467
11 22 Z  518 4467
11 23 Z  518 4468
11 24 Z  518 4467
11 25 Z  518 4466
11 26 Z  518 4460
11 27 Z  518 4462
11 28 Z  518 4465
11 29 Z  518 4464
11 30 Z  518 4464
12  1 X  -20 4458
12  2 X  -20 4463
12  3 X  -20 4463
12  4 X  -20 4459
12  5 X  -20 4461
12  6 X  -20 4460
12  7 X  -21 4550
12  8 X  -21 4552
12  9 X  -20 4465
12 10 X  -20 4462
12 11 X  -20 4462
12 12 X  -21 4552
12 13 X  -21 4558
12 14 X  -21 4548
12 15 X  -20 4464
12 16 X  -20 4464
12 17 X  -20 4460
12 18 X  -20 4464
12 19 X  -20 4465
12 20 X  -20 4462
12 21 X  -20 4463
12 22 X  -20 4466
12 23 X  -20 4466
12 24 X  -20 4464
12 25 X  -20 4461
12 26 X  -20 4466
12 27 X  -20 4462
12 28 X  -21 4548
12 29 X  -20 4463
12 30 X  -21 4560
12 31 X  -20 4464
12  1 Y  -77 4476
12  2 Y  -77 4472
12  3 Y  -77 4477
12  4 Y  -77 4478
12  5 Y  -77 4476
12  6 Y  -77 4478
12  7 Y  -77 4478
12  8 Y  -77 4476
12  9 Y  -77 4477
12 10 Y  -77 4479
12 11 Y  -77 4476
12 12 Y  -77 4475
12 13 Y  -77 4472
12 14 Y  -77 4480
12 15 Y  -77 4480
12 16 Y  -77 4482
12 17 Y  -77 4477
12 18 Y  -77 4479
12 19 Y  -77 4475
12 20 Y  -77 4487
12 21 Y  -77 4480
12 22 Y  -77 4479
12 23 Y  -77 4479
12 24 Y  -77 4485
12 25 Y  -77 4483
12 26 Y  -77 4477
12 27 Y  -77 4476
12 28 Y  -77 4490
12 29 Y  -77 4483
12 30 Y  -77 4487
12 31 Y  -77 4486
12  1 Z  518 4460
12  2 Z  518 4464
12  3 Z  518 4460
12  4 Z  518 4457
12  5 Z  518 4457
12  6 Z  518 4457
12  7 Z  518 4459
12  8 Z  518 4460
12  9 Z  518 4460
12 10 Z  518 4460
12 11 Z  518 4458
12 12 Z  518 4457
12 13 Z  518 4465
12 14 Z  518 4471
12 15 Z  518 4473
12 16 Z  518 4470
12 17 Z  518 4463
12 18 Z  518 4463
12 19 Z  518 4462
12 20 Z  518 4472
12 21 Z  518 4467
12 22 Z  518 4462
12 23 Z  518 4462
12 24 Z  518 4460
12 25 Z  518 4458
12 26 Z  518 4460
12 27 Z  518 4458
12 28 Z  518 4462
12 29 Z  518 4464
12 30 Z  518 4461
12 31 Z  518 4464
