 1  1 X  -24 4524
 1  2 X  -24 4526
 1  3 X  -24 4523
 1  4 X  -24 4528
 1  5 X  -24 4520
 1  6 X  -24 4525
 1  7 X  -24 4528
 1  8 X  -24 4527
 1  9 X  -24 4529
 1 10 X  -24 4519
 1 11 X  -24 4526
 1 12 X  -24 4525
 1 13 X  -24 4523
 1 14 X  -24 4528
 1 15 X  -24 4527
 1 16 X  -24 4527
 1 17 X  -24 4532
 1 18 X  -24 4527
 1 19 X  -24 4518
 1 20 X  -24 4521
 1 21 X  -24 4535
 1 22 X  -24 4531
 1 23 X  -24 4532
 1 24 X  -24 4538
 1 25 X  -24 4511
 1 26 X  -24 4514
 1 27 X  -24 4525
 1 28 X  -24 4528
 1 29 X  -24 4535
 1 30 X  -24 4531
 1 31 X  -24 4530
 1  1 Y  -78 4448
 1  2 Y  -78 4459
 1  3 Y  -78 4457
 1  4 Y  -78 4457
 1  5 Y  -78 4459
 1  6 Y  -78 4464
 1  7 Y  -78 4456
 1  8 Y  -78 4464
 1  9 Y  -78 4455
 1 10 Y  -78 4458
 1 11 Y  -78 4459
 1 12 Y  -78 4453
 1 13 Y  -78 4456
 1 14 Y  -78 4457
 1 15 Y  -78 4453
 1 16 Y  -78 4468
 1 17 Y  -78 4457
 1 18 Y  -78 4462
 1 19 Y  -78 4462
 1 20 Y  -78 4462
 1 21 Y  -78 4460
 1 22 Y  -78 4466
 1 23 Y  -78 4459
 1 24 Y  -78 4459
 1 25 Y  -78 4445
 1 26 Y  -78 4459
 1 27 Y  -78 4459
 1 28 Y  -78 4456
 1 29 Y  -78 4457
 1 30 Y  -78 4458
 1 31 Y  -78 4457
 1  1 Z  518 4512
 1  2 Z  518 4515
 1  3 Z  518 4512
 1  4 Z  518 4510
 1  5 Z  518 4510
 1  6 Z  518 4516
 1  7 Z  518 4519
 1  8 Z  518 4515
 1  9 Z  518 4513
 1 10 Z  518 4508
 1 11 Z  518 4510
 1 12 Z  518 4511
 1 13 Z  518 4507
 1 14 Z  518 4510
 1 15 Z  518 4508
 1 16 Z  518 4516
 1 17 Z  518 4519
 1 18 Z  518 4515
 1 19 Z  518 4512
 1 20 Z  518 4510
 1 21 Z  518 4519
 1 22 Z  518 4514
 1 23 Z  518 4520
 1 24 Z  518 4522
 1 25 Z  518 4507
 1 26 Z  518 4547
 1 27 Z  518 4538
 1 28 Z  518 4527
 1 29 Z  518 4518
 1 30 Z  518 4518
 1 31 Z  518 4510
 1  1 F 0000  NaN
 1  2 F 0000  NaN
 1  3 F 0000  NaN
 1  4 F 0000  NaN
 1  5 F 0000  NaN
 1  6 F 0000  NaN
 1  7 F 0000  NaN
 1  8 F 0000  NaN
 1  9 F 0000  NaN
 1 10 F 0000  NaN
 1 11 F 0000  NaN
 1 12 F 0000  NaN
 1 13 F 0000  NaN
 1 14 F 0000  NaN
 1 15 F 0000  NaN
 1 16 F 0000  NaN
 1 17 F 0000  NaN
 1 18 F 0000  NaN
 1 19 F 0000  NaN
 1 20 F 0000  NaN
 1 21 F 0000  NaN
 1 22 F 0000  NaN
 1 23 F 0000  NaN
 1 24 F 0000  NaN
 1 25 F 0000  NaN
 1 26 F 0000  NaN
 1 27 F 0000  NaN
 1 28 F 0000  NaN
 1 29 F 0000  NaN
 1 30 F 0000  NaN
 1 31 F 0000  NaN
 2  1 X  -24 4535
 2  2 X  -24 4526
 2  3 X  -24 4525
 2  4 X  -24 4539
 2  5 X  -24 4536
 2  6 X  -24 4533
 2  7 X  -24 4529
 2  8 X  -24 4538
 2  9 X  -24 4534
 2 10 X  -24 4532
 2 11 X  -24 4537
 2 12 X  -24 4537
 2 13 X  -24 4527
 2 14 X  -24 4535
 2 15 X  -24 4526
 2 16 X  -24 4537
 2 17 X  -24 4538
 2 18 X  -24 4534
 2 19 X  -24 4525
 2 20 X  -24 4521
 2 21 X  -24 4535
 2 22 X  -24 4533
 2 23 X  -24 4541
 2 24 X  -24 4539
 2 25 X  -24 4538
 2 26 X  -24 4519
 2 27 X  -24 4537
 2 28 X  -24 4535
 2  1 Y  -78 4461
 2  2 Y  -78 4457
 2  3 Y  -78 4457
 2  4 Y  -78 4455
 2  5 Y  -78 4455
 2  6 Y  -78 4475
 2  7 Y  -78 4455
 2  8 Y  -78 4456
 2  9 Y  -78 4458
 2 10 Y  -78 4452
 2 11 Y  -78 4457
 2 12 Y  -78 4454
 2 13 Y  -78 4459
 2 14 Y  -78 4456
 2 15 Y  -78 4458
 2 16 Y  -78 4457
 2 17 Y  -78 4457
 2 18 Y  -78 4459
 2 19 Y  -78 4455
 2 20 Y  -78 4482
 2 21 Y  -78 4474
 2 22 Y  -78 4468
 2 23 Y  -78 4459
 2 24 Y  -78 4465
 2 25 Y  -78 4454
 2 26 Y  -78 4467
 2 27 Y  -78 4452
 2 28 Y  -78 4463
 2  1 Z  518 4512
 2  2 Z  518 4511
 2  3 Z  518 4506
 2  4 Z  518 4514
 2  5 Z  518 4512
 2  6 Z  518 4532
 2  7 Z  518 4518
 2  8 Z  518 4513
 2  9 Z  518 4506
 2 10 Z  518 4507
 2 11 Z  518 4508
 2 12 Z  518 4509
 2 13 Z  518 4507
 2 14 Z  518 4504
 2 15 Z  518 4507
 2 16 Z  518 4512
 2 17 Z  518 4509
 2 18 Z  518 4504
 2 19 Z  518 4507
 2 20 Z  518 4529
 2 21 Z  518 4543
 2 22 Z  518 4539
 2 23 Z  518 4526
 2 24 Z  518 4522
 2 25 Z  518 4515
 2 26 Z  518 4514
 2 27 Z  518 4510
 2 28 Z  518 4505
 2  1 F 0000  NaN
 2  2 F 0000  NaN
 2  3 F 0000  NaN
 2  4 F 0000  NaN
 2  5 F 0000  NaN
 2  6 F 0000  NaN
 2  7 F 0000  NaN
 2  8 F 0000  NaN
 2  9 F 0000  NaN
 2 10 F 0000  NaN
 2 11 F 0000  NaN
 2 12 F 0000  NaN
 2 13 F 0000  NaN
 2 14 F 0000  NaN
 2 15 F 0000  NaN
 2 16 F 0000  NaN
 2 17 F 0000  NaN
 2 18 F 0000  NaN
 2 19 F 0000  NaN
 2 20 F 0000  NaN
 2 21 F 0000  NaN
 2 22 F 0000  NaN
 2 23 F 0000  NaN
 2 24 F 0000  NaN
 2 25 F 0000  NaN
 2 26 F 0000  NaN
 2 27 F 0000  NaN
 2 28 F 0000  NaN
 3  1 X  -24 4541
 3  2 X  -24 4539
 3  3 X  -24 4537
 3  4 X  -24 4540
 3  5 X  -24 4539
 3  6 X  -24 4512
 3  7 X  -24 4549
 3  8 X  -24 4532
 3  9 X  -24 4533
 3 10 X  -24 4533
 3 11 X  -24 4546
 3 12 X  -24 4540
 3 13 X  -24 4540
 3 14 X  -24 4539
 3 15 X  -24 4537
 3 16 X  -24 4544
 3 17 X  -24 4540
 3 18 X  -24 4512
 3 19 X  -24 4530
 3 20 X  -24 4541
 3 21 X  -24 4529
 3 22 X  -24 4541
 3 23 X  -24 4546
 3 24 X  -24 4529
 3 25 X  -24 4544
 3 26 X  -24 4531
 3 27 X  -24 4545
 3 28 X  -24 4551
 3 29 X  -24 4538
 3 30 X  -24 4544
 3 31 X  -24 4545
 3  1 Y  -78 4463
 3  2 Y  -78 4458
 3  3 Y  -78 4461
 3  4 Y  -78 4457
 3  5 Y  -78 4456
 3  6 Y  -78 4462
 3  7 Y  -78 4452
 3  8 Y  -78 4457
 3  9 Y  -78 4456
 3 10 Y  -78 4456
 3 11 Y  -78 4464
 3 12 Y  -78 4463
 3 13 Y  -78 4458
 3 14 Y  -78 4453
 3 15 Y  -78 4460
 3 16 Y  -78 4471
 3 17 Y  -78 4459
 3 18 Y  -78 4477
 3 19 Y  -78 4455
 3 20 Y  -78 4458
 3 21 Y  -78 4475
 3 22 Y  -78 4455
 3 23 Y  -78 4461
 3 24 Y  -78 4460
 3 25 Y  -78 4463
 3 26 Y  -78 4474
 3 27 Y  -78 4453
 3 28 Y  -78 4458
 3 29 Y  -78 4454
 3 30 Y  -78 4454
 3 31 Y  -78 4473
 3  1 Z  518 4510
 3  2 Z  518 4507
 3  3 Z  518 4508
 3  4 Z  518 4502
 3  5 Z  518 4503
 3  6 Z  518 4508
 3  7 Z  518 4518
 3  8 Z  518 4507
 3  9 Z  518 4491
 3 10 Z  518 4502
 3 11 Z  518 4516
 3 12 Z  518 4510
 3 13 Z  518 4510
 3 14 Z  518 4491
 3 15 Z  518 4497
 3 16 Z  518 4504
 3 17 Z  518 4501
 3 18 Z  518 4524
 3 19 Z  518 4544
 3 20 Z  518 4545
 3 21 Z  518 4519
 3 22 Z  518 4528
 3 23 Z  518 4529
 3 24 Z  518 4523
 3 25 Z  518 4517
 3 26 Z  518 4517
 3 27 Z  518 4497
 3 28 Z  518 4503
 3 29 Z  518 4498
 3 30 Z  518 4490
 3 31 Z  518 4498
 3  1 F 0000  NaN
 3  2 F 0000  NaN
 3  3 F 0000  NaN
 3  4 F 0000  NaN
 3  5 F 0000  NaN
 3  6 F 0000  NaN
 3  7 F 0000  NaN
 3  8 F 0000  NaN
 3  9 F 0000  NaN
 3 10 F 0000  NaN
 3 11 F 0000  NaN
 3 12 F 0000  NaN
 3 13 F 0000  NaN
 3 14 F 0000  NaN
 3 15 F 0000  NaN
 3 16 F 0000  NaN
 3 17 F 0000  NaN
 3 18 F 0000  NaN
 3 19 F 0000  NaN
 3 20 F 0000  NaN
 3 21 F 0000  NaN
 3 22 F 0000  NaN
 3 23 F 0000  NaN
 3 24 F 0000  NaN
 3 25 F 0000  NaN
 3 26 F 0000  NaN
 3 27 F 0000  NaN
 3 28 F 0000  NaN
 3 29 F 0000  NaN
 3 30 F 0000  NaN
 3 31 F 0000  NaN
 4  1 X  -24 4548
 4  2 X  -24 4543
 4  3 X  -24 4547
 4  4 X  -24 4534
 4  5 X  -24 4577
 4  6 X  -24 4553
 4  7 X  -24 4553
 4  8 X  -24 4547
 4  9 X  -24 4552
 4 10 X  -24 4558
 4 11 X  -24 4552
 4 12 X  -24 4552
 4 13 X  -24 4524
 4 14 X  -24 4537
 4 15 X  -24 4534
 4 16 X  -24 4555
 4 17 X  -24 4544
 4 18 X  -24 4543
 4 19 X  -24 4546
 4 20 X  -24 4554
 4 21 X  -24 4563
 4 22 X  -24 4577
 4 23 X  -24 4563
 4 24 X  -24 4568
 4 25 X  -24 4567
 4 26 X  -24 4559
 4 27 X  -24 4549
 4 28 X  -24 4571
 4 29 X  -24 4558
 4 30 X  -24 4557
 4  1 Y  -78 4457
 4  2 Y  -78 4455
 4  3 Y  -78 4452
 4  4 Y  -78 4468
 4  5 Y  -78 4476
 4  6 Y  -78 4464
 4  7 Y  -78 4463
 4  8 Y  -78 4462
 4  9 Y  -78 4440
 4 10 Y  -78 4475
 4 11 Y  -78 4460
 4 12 Y  -78 4456
 4 13 Y  -78 4469
 4 14 Y  -78 4499
 4 15 Y  -78 4478
 4 16 Y  -78 4474
 4 17 Y  -78 4465
 4 18 Y  -78 4454
 4 19 Y  -78 4460
 4 20 Y  -78 4474
 4 21 Y  -78 4458
 4 22 Y  -78 4472
 4 23 Y  -78 4465
 4 24 Y  -78 4441
 4 25 Y  -78 4456
 4 26 Y  -78 4448
 4 27 Y  -78 4472
 4 28 Y  -78 4454
 4 29 Y  -78 4458
 4 30 Y  -78 4459
 4  1 Z  518 4496
 4  2 Z  518 4499
 4  3 Z  518 4485
 4  4 Z  518 4477
 4  5 Z  518 4511
 4  6 Z  518 4511
 4  7 Z  518 4491
 4  8 Z  518 4478
 4  9 Z  518 4494
 4 10 Z  518 4502
 4 11 Z  518 4498
 4 12 Z  518 4490
 4 13 Z  518 4538
 4 14 Z  518 4568
 4 15 Z  518 4564
 4 16 Z  518 4537
 4 17 Z  518 4538
 4 18 Z  518 4520
 4 19 Z  518 4524
 4 20 Z  518 4510
 4 21 Z  518 4490
 4 22 Z  518 4532
 4 23 Z  518 4504
 4 24 Z  518 4497
 4 25 Z  518 4477
 4 26 Z  518 4502
 4 27 Z  518 4505
 4 28 Z  518 4483
 4 29 Z  518 4474
 4 30 Z  518 4493
 4  1 F 0000  NaN
 4  2 F 0000  NaN
 4  3 F 0000  NaN
 4  4 F 0000  NaN
 4  5 F 0000  NaN
 4  6 F 0000  NaN
 4  7 F 0000  NaN
 4  8 F 0000  NaN
 4  9 F 0000  NaN
 4 10 F 0000  NaN
 4 11 F 0000  NaN
 4 12 F 0000  NaN
 4 13 F 0000  NaN
 4 14 F 0000  NaN
 4 15 F 0000  NaN
 4 16 F 0000  NaN
 4 17 F 0000  NaN
 4 18 F 0000  NaN
 4 19 F 0000  NaN
 4 20 F 0000  NaN
 4 21 F 0000  NaN
 4 22 F 0000  NaN
 4 23 F 0000  NaN
 4 24 F 0000  NaN
 4 25 F 0000  NaN
 4 26 F 0000  NaN
 4 27 F 0000  NaN
 4 28 F 0000  NaN
 4 29 F 0000  NaN
 4 30 F 0000  NaN
 5  1 X  -24 4567
 5  2 X  -24 4559
 5  3 X  -24 4544
 5  4 X  -24 4556
 5  5 X  -24 4583
 5  6 X  -24 4562
 5  7 X  -24 4584
 5  8 X  -24 4572
 5  9 X  -24 4558
 5 10 X  -24 4544
 5 11 X  -24 4550
 5 12 X  -24 4564
 5 13 X  -24 4561
 5 14 X  -24 4557
 5 15 X  -24 4551
 5 16 X  -24 4545
 5 17 X  -24 4576
 5 18 X  -24 4556
 5 19 X  -24 4559
 5 20 X  -24 4582
 5 21 X  -24 4565
 5 22 X  -24 4562
 5 23 X  -24 4571
 5 24 X  -24 4581
 5 25 X  -24 4553
 5 26 X  -24 4539
 5 27 X  -24 4547
 5 28 X  -24 4562
 5 29 X  -24 4537
 5 30 X  -24 4547
 5 31 X  -24 4571
 5  1 Y  -78 4454
 5  2 Y  -78 4469
 5  3 Y  -78 4467
 5  4 Y  -78 4486
 5  5 Y  -78 4444
 5  6 Y  -78 4475
 5  7 Y  -78 4476
 5  8 Y  -78 4441
 5  9 Y  -78 4464
 5 10 Y  -78 4449
 5 11 Y  -78 4460
 5 12 Y  -78 4477
 5 13 Y  -78 4470
 5 14 Y  -78 4457
 5 15 Y  -78 4470
 5 16 Y  -78 4471
 5 17 Y  -78 4450
 5 18 Y  -78 4473
 5 19 Y  -78 4456
 5 20 Y  -78 4459
 5 21 Y  -78 4451
 5 22 Y  -78 4456
 5 23 Y  -78 4453
 5 24 Y  -78 4460
 5 25 Y  -78 4457
 5 26 Y  -78 4469
 5 27 Y  -78 4479
 5 28 Y  -78 4472
 5 29 Y  -78 4469
 5 30 Y  -78 4474
 5 31 Y  -78 4476
 5  1 Z  518 4485
 5  2 Z  518 4479
 5  3 Z  518 4496
 5  4 Z  518 4498
 5  5 Z  518 4473
 5  6 Z  518 4476
 5  7 Z  518 4499
 5  8 Z  518 4469
 5  9 Z  518 4481
 5 10 Z  518 4482
 5 11 Z  518 4528
 5 12 Z  518 4527
 5 13 Z  518 4513
 5 14 Z  518 4503
 5 15 Z  518 4517
 5 16 Z  518 4506
 5 17 Z  518 4456
 5 18 Z  518 4467
 5 19 Z  518 4495
 5 20 Z  518 4471
 5 21 Z  518 4446
 5 22 Z  518 4445
 5 23 Z  518 4484
 5 24 Z  518 4449
 5 25 Z  518 4487
 5 26 Z  518 4509
 5 27 Z  518 4516
 5 28 Z  518 4484
 5 29 Z  518 4528
 5 30 Z  518 4506
 5 31 Z  518 4508
 5  1 F 0000  NaN
 5  2 F 0000  NaN
 5  3 F 0000  NaN
 5  4 F 0000  NaN
 5  5 F 0000  NaN
 5  6 F 0000  NaN
 5  7 F 0000  NaN
 5  8 F 0000  NaN
 5  9 F 0000  NaN
 5 10 F 0000  NaN
 5 11 F 0000  NaN
 5 12 F 0000  NaN
 5 13 F 0000  NaN
 5 14 F 0000  NaN
 5 15 F 0000  NaN
 5 16 F 0000  NaN
 5 17 F 0000  NaN
 5 18 F 0000  NaN
 5 19 F 0000  NaN
 5 20 F 0000  NaN
 5 21 F 0000  NaN
 5 22 F 0000  NaN
 5 23 F 0000  NaN
 5 24 F 0000  NaN
 5 25 F 0000  NaN
 5 26 F 0000  NaN
 5 27 F 0000  NaN
 5 28 F 0000  NaN
 5 29 F 0000  NaN
 5 30 F 0000  NaN
 5 31 F 0000  NaN
 6  1 X  -24 4595
 6  2 X  -24 4602
 6  3 X  -24 4567
 6  4 X  -24 4592
 6  5 X  -24 4573
 6  6 X  -24 4548
 6  7 X  -24 4552
 6  8 X  -24 4544
 6  9 X  -24 4544
 6 10 X  -24 4549
 6 11 X  -24 4548
 6 12 X  -24 4554
 6 13 X  -24 4546
 6 14 X  -24 4599
 6 15 X  -24 4602
 6 16 X  -24 4568
 6 17 X  -24 4595
 6 18 X  -24 4598
 6 19 X  -24 4580
 6 20 X  -24 4581
 6 21 X  -24 4547
 6 22 X  -24 4550
 6 23 X  -24 4582
 6 24 X  -24 4568
 6 25 X  -24 4546
 6 26 X  -24 4556
 6 27 X  -24 4580
 6 28 X  -24 4602
 6 29 X  -24 4578
 6 30 X  -24 4594
 6  1 Y  -78 4457
 6  2 Y  -78 4453
 6  3 Y  -78 4463
 6  4 Y  -78 4452
 6  5 Y  -78 4456
 6  6 Y  -78 4502
 6  7 Y  -78 4469
 6  8 Y  -78 4480
 6  9 Y  -78 4463
 6 10 Y  -78 4479
 6 11 Y  -78 4476
 6 12 Y  -78 4483
 6 13 Y  -78 4462
 6 14 Y  -78 4443
 6 15 Y  -78 4472
 6 16 Y  -78 4461
 6 17 Y  -78 4471
 6 18 Y  -78 4471
 6 19 Y  -78 4455
 6 20 Y  -78 4453
 6 21 Y  -78 4483
 6 22 Y  -78 4488
 6 23 Y  -78 4460
 6 24 Y  -78 4469
 6 25 Y  -78 4461
 6 26 Y  -78 4470
 6 27 Y  -78 4454
 6 28 Y  -78 4465
 6 29 Y  -78 4471
 6 30 Y  -78 4474
 6  1 Z  518 4396
 6  2 Z  518 4421
 6  3 Z  518 4479
 6  4 Z  518 4449
 6  5 Z  518 4444
 6  6 Z  518 4507
 6  7 Z  518 4538
 6  8 Z  518 4537
 6  9 Z  518 4516
 6 10 Z  518 4514
 6 11 Z  518 4524
 6 12 Z  518 4518
 6 13 Z  518 4513
 6 14 Z  518 4433
 6 15 Z  518 4407
 6 16 Z  518 4480
 6 17 Z  518 4468
 6 18 Z  518 4469
 6 19 Z  518 4478
 6 20 Z  518 4468
 6 21 Z  518 4491
 6 22 Z  518 4515
 6 23 Z  518 4472
 6 24 Z  518 4471
 6 25 Z  518 4501
 6 26 Z  518 4498
 6 27 Z  518 4437
 6 28 Z  518 4418
 6 29 Z  518 4456
 6 30 Z  518 4456
 6  1 F 0000  NaN
 6  2 F 0000  NaN
 6  3 F 0000  NaN
 6  4 F 0000  NaN
 6  5 F 0000  NaN
 6  6 F 0000  NaN
 6  7 F 0000  NaN
 6  8 F 0000  NaN
 6  9 F 0000  NaN
 6 10 F 0000  NaN
 6 11 F 0000  NaN
 6 12 F 0000  NaN
 6 13 F 0000  NaN
 6 14 F 0000  NaN
 6 15 F 0000  NaN
 6 16 F 0000  NaN
 6 17 F 0000  NaN
 6 18 F 0000  NaN
 6 19 F 0000  NaN
 6 20 F 0000  NaN
 6 21 F 0000  NaN
 6 22 F 0000  NaN
 6 23 F 0000  NaN
 6 24 F 0000  NaN
 6 25 F 0000  NaN
 6 26 F 0000  NaN
 6 27 F 0000  NaN
 6 28 F 0000  NaN
 6 29 F 0000  NaN
 6 30 F 0000  NaN
 7  1 X  -24 4585
 7  2 X  -24 4582
 7  3 X  -24 4577
 7  4 X  -24 4543
 7  5 X  -24 4555
 7  6 X  -24 4557
 7  7 X  -24 4567
 7  8 X  -24 4548
 7  9 X  -24 4540
 7 10 X  -24 4568
 7 11 X  -24 4609
 7 12 X  -24 4593
 7 13 X  -24 4616
 7 14 X  -24 4553
 7 15 X  -24 4599
 7 16 X  -24 4606
 7 17 X  -24 4588
 7 18 X  -24 4583
 7 19 X  -24 4580
 7 20 X  -24 4585
 7 21 X  -24 4579
 7 22 X  -24 4571
 7 23 X  -24 4573
 7 24 X  -24 4580
 7 25 X  -24 4587
 7 26 X  -24 4573
 7 27 X  -24 4576
 7 28 X  -24 4607
 7 29 X  -24 4595
 7 30 X  -24 4588
 7 31 X  -24 4543
 7  1 Y  -78 4459
 7  2 Y  -78 4458
 7  3 Y  -78 4455
 7  4 Y  -78 4483
 7  5 Y  -78 4457
 7  6 Y  -78 4484
 7  7 Y  -78 4488
 7  8 Y  -78 4472
 7  9 Y  -78 4479
 7 10 Y  -78 4495
 7 11 Y  -78 4440
 7 12 Y  -78 4470
 7 13 Y  -78 4448
 7 14 Y  -78 4505
 7 15 Y  -78 4445
 7 16 Y  -78 4456
 7 17 Y  -78 4473
 7 18 Y  -78 4463
 7 19 Y  -78 4454
 7 20 Y  -78 4476
 7 21 Y  -78 4461
 7 22 Y  -78 4463
 7 23 Y  -78 4484
 7 24 Y  -78 4484
 7 25 Y  -78 4456
 7 26 Y  -78 4460
 7 27 Y  -78 4447
 7 28 Y  -78 4457
 7 29 Y  -78 4460
 7 30 Y  -78 4460
 7 31 Y  -78 4495
 7  1 Z  518 4461
 7  2 Z  518 4455
 7  3 Z  518 4454
 7  4 Z  518 4486
 7  5 Z  518 4527
 7  6 Z  518 4531
 7  7 Z  518 4512
 7  8 Z  518 4507
 7  9 Z  518 4526
 7 10 Z  518 4506
 7 11 Z  518 4370
 7 12 Z  518 4477
 7 13 Z  518 4454
 7 14 Z  518 4494
 7 15 Z  518 4445
 7 16 Z  518 4449
 7 17 Z  518 4455
 7 18 Z  518 4460
 7 19 Z  518 4468
 7 20 Z  518 4460
 7 21 Z  518 4461
 7 22 Z  518 4495
 7 23 Z  518 4521
 7 24 Z  518 4482
 7 25 Z  518 4444
 7 26 Z  518 4475
 7 27 Z  518 4439
 7 28 Z  518 4483
 7 29 Z  518 4470
 7 30 Z  518 4456
 7 31 Z  518 4553
 7  1 F 0000  NaN
 7  2 F 0000  NaN
 7  3 F 0000  NaN
 7  4 F 0000  NaN
 7  5 F 0000  NaN
 7  6 F 0000  NaN
 7  7 F 0000  NaN
 7  8 F 0000  NaN
 7  9 F 0000  NaN
 7 10 F 0000  NaN
 7 11 F 0000  NaN
 7 12 F 0000  NaN
 7 13 F 0000  NaN
 7 14 F 0000  NaN
 7 15 F 0000  NaN
 7 16 F 0000  NaN
 7 17 F 0000  NaN
 7 18 F 0000  NaN
 7 19 F 0000  NaN
 7 20 F 0000  NaN
 7 21 F 0000  NaN
 7 22 F 0000  NaN
 7 23 F 0000  NaN
 7 24 F 0000  NaN
 7 25 F 0000  NaN
 7 26 F 0000  NaN
 7 27 F 0000  NaN
 7 28 F 0000  NaN
 7 29 F 0000  NaN
 7 30 F 0000  NaN
 7 31 F 0000  NaN
 8  1 X  -24 4568
 8  2 X  -24 4554
 8  3 X  -24 4549
 8  4 X  -24 4555
 8  5 X  -24 4561
 8  6 X  -24 4558
 8  7 X  -24 4602
 8  8 X  -24 4596
 8  9 X  -24 4583
 8 10 X  -24 4580
 8 11 X  -24 4590
 8 12 X  -24 4581
 8 13 X  -24 4578
 8 14 X  -24 4581
 8 15 X  -24 4576
 8 16 X  -24 4571
 8 17 X  -24 4556
 8 18 X  -24 4574
 8 19 X  -24 4534
 8 20 X  -24 4606
 8 21 X  -24 4609
 8 22 X  -24 4594
 8 23 X  -24 4580
 8 24 X  -24 4577
 8 25 X  -24 4581
 8 26 X  -24 4572
 8 27 X  -24 4569
 8 28 X  -24 4557
 8 29 X  -24 4567
 8 30 X  -24 4567
 8 31 X  -24 4536
 8  1 Y  -78 4478
 8  2 Y  -78 4474
 8  3 Y  -78 4473
 8  4 Y  -78 4485
 8  5 Y  -78 4477
 8  6 Y  -78 4478
 8  7 Y  -78 4488
 8  8 Y  -78 4474
 8  9 Y  -78 4465
 8 10 Y  -78 4453
 8 11 Y  -78 4471
 8 12 Y  -78 4472
 8 13 Y  -78 4461
 8 14 Y  -78 4479
 8 15 Y  -78 4462
 8 16 Y  -78 4466
 8 17 Y  -78 4469
 8 18 Y  -78 4477
 8 19 Y  -78 4491
 8 20 Y  -78 4454
 8 21 Y  -78 4460
 8 22 Y  -78 4499
 8 23 Y  -78 4463
 8 24 Y  -78 4477
 8 25 Y  -78 4466
 8 26 Y  -78 4468
 8 27 Y  -78 4496
 8 28 Y  -78 4480
 8 29 Y  -78 4492
 8 30 Y  -78 4466
 8 31 Y  -78 4496
 8  1 Z  518 4497
 8  2 Z  518 4551
 8  3 Z  518 4516
 8  4 Z  518 4542
 8  5 Z  518 4509
 8  6 Z  518 4516
 8  7 Z  518 4417
 8  8 Z  518 4459
 8  9 Z  518 4451
 8 10 Z  518 4445
 8 11 Z  518 4460
 8 12 Z  518 4470
 8 13 Z  518 4471
 8 14 Z  518 4468
 8 15 Z  518 4468
 8 16 Z  518 4503
 8 17 Z  518 4497
 8 18 Z  518 4542
 8 19 Z  518 4474
 8 20 Z  518 4436
 8 21 Z  518 4434
 8 22 Z  518 4480
 8 23 Z  518 4491
 8 24 Z  518 4487
 8 25 Z  518 4475
 8 26 Z  518 4494
 8 27 Z  518 4536
 8 28 Z  518 4522
 8 29 Z  518 4542
 8 30 Z  518 4491
 8 31 Z  518 4535
 8  1 F 0000  NaN
 8  2 F 0000  NaN
 8  3 F 0000  NaN
 8  4 F 0000  NaN
 8  5 F 0000  NaN
 8  6 F 0000  NaN
 8  7 F 0000  NaN
 8  8 F 0000  NaN
 8  9 F 0000  NaN
 8 10 F 0000  NaN
 8 11 F 0000  NaN
 8 12 F 0000  NaN
 8 13 F 0000  NaN
 8 14 F 0000  NaN
 8 15 F 0000  NaN
 8 16 F 0000  NaN
 8 17 F 0000  NaN
 8 18 F 0000  NaN
 8 19 F 0000  NaN
 8 20 F 0000  NaN
 8 21 F 0000  NaN
 8 22 F 0000  NaN
 8 23 F 0000  NaN
 8 24 F 0000  NaN
 8 25 F 0000  NaN
 8 26 F 0000  NaN
 8 27 F 0000  NaN
 8 28 F 0000  NaN
 8 29 F 0000  NaN
 8 30 F 0000  NaN
 8 31 F 0000  NaN
 9  1 X  -24 4558
 9  2 X  -24 4571
 9  3 X  -24 4582
 9  4 X  -24 4590
 9  5 X  -24 4594
 9  6 X  -24 4581
 9  7 X  -24 4590
 9  8 X  -24 4577
 9  9 X  -24 4580
 9 10 X  -24 4577
 9 11 X  -24 4570
 9 12 X  -24 4571
 9 13 X  -24 4579
 9 14 X  -24 4585
 9 15 X  -24 4570
 9 16 X  -24 4570
 9 17 X  -24 4577
 9 18 X  -24 4571
 9 19 X  -24 4592
 9 20 X  -24 4583
 9 21 X  -24 4581
 9 22 X  -24 4577
 9 23 X  -24 4562
 9 24 X  -24 4588
 9 25 X  -24 4573
 9 26 X  -24 4567
 9 27 X  -24 4573
 9 28 X  -24 4571
 9 29 X  -24 4576
 9 30 X  -24 4567
 9  1 Y  -78 4482
 9  2 Y  -78 4463
 9  3 Y  -78 4474
 9  4 Y  -78 4455
 9  5 Y  -78 4485
 9  6 Y  -78 4486
 9  7 Y  -78 4487
 9  8 Y  -78 4469
 9  9 Y  -78 4464
 9 10 Y  -78 4484
 9 11 Y  -78 4479
 9 12 Y  -78 4473
 9 13 Y  -78 4477
 9 14 Y  -78 4479
 9 15 Y  -78 4472
 9 16 Y  -78 4465
 9 17 Y  -78 4477
 9 18 Y  -78 4468
 9 19 Y  -78 4479
 9 20 Y  -78 4464
 9 21 Y  -78 4475
 9 22 Y  -78 4468
 9 23 Y  -78 4469
 9 24 Y  -78 4483
 9 25 Y  -78 4485
 9 26 Y  -78 4469
 9 27 Y  -78 4476
 9 28 Y  -78 4476
 9 29 Y  -78 4473
 9 30 Y  -78 4491
 9  1 Z  518 4504
 9  2 Z  518 4478
 9  3 Z  518 4490
 9  4 Z  518 4473
 9  5 Z  518 4499
 9  6 Z  518 4489
 9  7 Z  518 4488
 9  8 Z  518 4509
 9  9 Z  518 4493
 9 10 Z  518 4507
 9 11 Z  518 4520
 9 12 Z  518 4514
 9 13 Z  518 4523
 9 14 Z  518 4508
 9 15 Z  518 4513
 9 16 Z  518 4488
 9 17 Z  518 4493
 9 18 Z  518 4507
 9 19 Z  518 4500
 9 20 Z  518 4497
 9 21 Z  518 4501
 9 22 Z  518 4492
 9 23 Z  518 4494
 9 24 Z  518 4520
 9 25 Z  518 4520
 9 26 Z  518 4523
 9 27 Z  518 4521
 9 28 Z  518 4518
 9 29 Z  518 4508
 9 30 Z  518 4539
 9  1 F 0000  NaN
 9  2 F 0000  NaN
 9  3 F 0000  NaN
 9  4 F 0000  NaN
 9  5 F 0000  NaN
 9  6 F 0000  NaN
 9  7 F 0000  NaN
 9  8 F 0000  NaN
 9  9 F 0000  NaN
 9 10 F 0000  NaN
 9 11 F 0000  NaN
 9 12 F 0000  NaN
 9 13 F 0000  NaN
 9 14 F 0000  NaN
 9 15 F 0000  NaN
 9 16 F 0000  NaN
 9 17 F 0000  NaN
 9 18 F 0000  NaN
 9 19 F 0000  NaN
 9 20 F 0000  NaN
 9 21 F 0000  NaN
 9 22 F 0000  NaN
 9 23 F 0000  NaN
 9 24 F 0000  NaN
 9 25 F 0000  NaN
 9 26 F 0000  NaN
 9 27 F 0000  NaN
 9 28 F 0000  NaN
 9 29 F 0000  NaN
 9 30 F 0000  NaN
10  1 X  -24 4598
10  2 X  -24 4574
10  3 X  -24 4581
10  4 X  -24 4575
10  5 X  -24 4575
10  6 X  -24 4583
10  7 X  -24 4564
10  8 X  -24 4578
10  9 X  -24 4578
10 10 X  -24 4578
10 11 X  -24 4576
10 12 X  -24 4574
10 13 X  -24 4572
10 14 X  -24 4573
10 15 X  -24 4575
10 16 X  -24 4577
10 17 X  -24 4578
10 18 X  -24 4584
10 19 X  -24 4579
10 20 X  -24 4563
10 21 X  -24 4556
10 22 X  -24 4572
10 23 X  -24 4576
10 24 X  -24 4580
10 25 X  -24 4583
10 26 X  -24 4576
10 27 X  -24 4571
10 28 X  -24 4568
10 29 X  -24 4578
10 30 X  -24 4583
10 31 X  -24 4568
10  1 Y  -78 4485
10  2 Y  -78 4473
10  3 Y  -78 4476
10  4 Y  -78 4473
10  5 Y  -78 4468
10  6 Y  -78 4476
10  7 Y  -78 4473
10  8 Y  -78 4480
10  9 Y  -78 4474
10 10 Y  -78 4471
10 11 Y  -78 4474
10 12 Y  -78 4470
10 13 Y  -78 4471
10 14 Y  -78 4477
10 15 Y  -78 4480
10 16 Y  -78 4479
10 17 Y  -78 4473
10 18 Y  -78 4473
10 19 Y  -78 4477
10 20 Y  -78 4481
10 21 Y  -78 4470
10 22 Y  -78 4470
10 23 Y  -78 4471
10 24 Y  -78 4480
10 25 Y  -78 4477
10 26 Y  -78 4481
10 27 Y  -78 4465
10 28 Y  -78 4472
10 29 Y  -78 4476
10 30 Y  -78 4482
10 31 Y  -78 4470
10  1 Z  518 4532
10  2 Z  518 4505
10  3 Z  518 4505
10  4 Z  518 4499
10  5 Z  518 4499
10  6 Z  518 4505
10  7 Z  518 4509
10  8 Z  518 4517
10  9 Z  518 4512
10 10 Z  518 4512
10 11 Z  518 4499
10 12 Z  518 4499
10 13 Z  518 4518
10 14 Z  518 4529
10 15 Z  518 4518
10 16 Z  518 4511
10 17 Z  518 4504
10 18 Z  518 4504
10 19 Z  518 4501
10 20 Z  518 4518
10 21 Z  518 4517
10 22 Z  518 4523
10 23 Z  518 4515
10 24 Z  518 4518
10 25 Z  518 4510
10 26 Z  518 4507
10 27 Z  518 4499
10 28 Z  518 4507
10 29 Z  518 4533
10 30 Z  518 4524
10 31 Z  518 4510
10  1 F 0000  NaN
10  2 F 0000  NaN
10  3 F 0000  NaN
10  4 F 0000  NaN
10  5 F 0000  NaN
10  6 F 0000  NaN
10  7 F 0000  NaN
10  8 F 0000  NaN
10  9 F 0000  NaN
10 10 F 0000  NaN
10 11 F 0000  NaN
10 12 F 0000  NaN
10 13 F 0000  NaN
10 14 F 0000  NaN
10 15 F 0000  NaN
10 16 F 0000  NaN
10 17 F 0000  NaN
10 18 F 0000  NaN
10 19 F 0000  NaN
10 20 F 0000  NaN
10 21 F 0000  NaN
10 22 F 0000  NaN
10 23 F 0000  NaN
10 24 F 0000  NaN
10 25 F 0000  NaN
10 26 F 0000  NaN
10 27 F 0000  NaN
10 28 F 0000  NaN
10 29 F 0000  NaN
10 30 F 0000  NaN
10 31 F 0000  NaN
11  1 X  -24 4575
11  2 X  -24 4568
11  3 X  -24 4586
11  4 X  -24 4577
11  5 X  -24 4580
11  6 X  -24 4584
11  7 X  -24 4582
11  8 X  -24 4581
11  9 X  -24 4571
11 10 X  -24 4589
11 11 X  -24 4582
11 12 X  -24 4588
11 13 X  -24 4588
11 14 X  -24 4576
11 15 X  -24 4581
11 16 X  -24 4589
11 17 X  -24 4590
11 18 X  -24 4578
11 19 X  -24 4584
11 20 X  -24 4582
11 21 X  -24 4584
11 22 X  -24 4573
11 23 X  -24 4571
11 24 X  -24 4588
11 25 X  -24 4567
11 26 X  -24 4592
11 27 X  -24 4589
11 28 X  -24 4581
11 29 X  -24 4586
11 30 X  -24 4600
11  1 Y  -78 4473
11  2 Y  -78 4484
11  3 Y  -78 4485
11  4 Y  -78 4476
11  5 Y  -78 4486
11  6 Y  -78 4476
11  7 Y  -78 4474
11  8 Y  -78 4473
11  9 Y  -78 4456
11 10 Y  -78 4489
11 11 Y  -78 4485
11 12 Y  -78 4478
11 13 Y  -78 4473
11 14 Y  -78 4471
11 15 Y  -78 4472
11 16 Y  -78 4468
11 17 Y  -78 4480
11 18 Y  -78 4482
11 19 Y  -78 4481
11 20 Y  -78 4477
11 21 Y  -78 4475
11 22 Y  -78 4469
11 23 Y  -78 4483
11 24 Y  -78 4477
11 25 Y  -78 4477
11 26 Y  -78 4475
11 27 Y  -78 4483
11 28 Y  -78 4484
11 29 Y  -78 4456
11 30 Y  -78 4508
11  1 Z  518 4509
11  2 Z  518 4518
11  3 Z  518 4517
11  4 Z  518 4515
11  5 Z  518 4512
11  6 Z  518 4512
11  7 Z  518 4509
11  8 Z  518 4505
11  9 Z  518 4503
11 10 Z  518 4543
11 11 Z  518 4539
11 12 Z  518 4523
11 13 Z  518 4516
11 14 Z  518 4509
11 15 Z  518 4514
11 16 Z  518 4523
11 17 Z  518 4529
11 18 Z  518 4521
11 19 Z  518 4523
11 20 Z  518 4509
11 21 Z  518 4507
11 22 Z  518 4498
11 23 Z  518 4511
11 24 Z  518 4536
11 25 Z  518 4527
11 26 Z  518 4536
11 27 Z  518 4524
11 28 Z  518 4518
11 29 Z  518 4524
11 30 Z  518 4561
11  1 F 0000  NaN
11  2 F 0000  NaN
11  3 F 0000  NaN
11  4 F 0000  NaN
11  5 F 0000  NaN
11  6 F 0000  NaN
11  7 F 0000  NaN
11  8 F 0000  NaN
11  9 F 0000  NaN
11 10 F 0000  NaN
11 11 F 0000  NaN
11 12 F 0000  NaN
11 13 F 0000  NaN
11 14 F 0000  NaN
11 15 F 0000  NaN
11 16 F 0000  NaN
11 17 F 0000  NaN
11 18 F 0000  NaN
11 19 F 0000  NaN
11 20 F 0000  NaN
11 21 F 0000  NaN
11 22 F 0000  NaN
11 23 F 0000  NaN
11 24 F 0000  NaN
11 25 F 0000  NaN
11 26 F 0000  NaN
11 27 F 0000  NaN
11 28 F 0000  NaN
11 29 F 0000  NaN
11 30 F 0000  NaN
12  1 X  -24 4581
12  2 X  -24 4586
12  3 X  -24 4583
12  4 X  -24 4584
12  5 X  -24 4586
12  6 X  -24 4568
12  7 X  -24 4564
12  8 X  -24 4604
12  9 X  -24 4562
12 10 X  -24 4569
12 11 X  -24 4588
12 12 X  -24 4566
12 13 X  -24 4583
12 14 X  -24 4542
12 15 X  -24 4583
12 16 X  -24 4588
12 17 X  -24 4589
12 18 X  -24 4587
12 19 X  -24 4583
12 20 X  -24 4572
12 21 X  -24 4587
12 22 X  -24 4585
12 23 X  -24 4584
12 24 X  -24 4582
12 25 X  -24 4594
12 26 X  -24 4589
12 27 X  -24 4592
12 28 X  -24 4589
12 29 X  -24 4587
12 30 X  -24 4590
12 31 X  -24 4589
12  1 Y  -78 4476
12  2 Y  -78 4479
12  3 Y  -78 4476
12  4 Y  -78 4475
12  5 Y  -78 4477
12  6 Y  -78 4486
12  7 Y  -78 4461
12  8 Y  -78 4455
12  9 Y  -78 4476
12 10 Y  -78 4482
12 11 Y  -78 4466
12 12 Y  -78 4483
12 13 Y  -78 4476
12 14 Y  -78 4533
12 15 Y  -78 4490
12 16 Y  -78 4466
12 17 Y  -78 4474
12 18 Y  -78 4470
12 19 Y  -78 4492
12 20 Y  -78 4473
12 21 Y  -78 4491
12 22 Y  -78 4484
12 23 Y  -78 4489
12 24 Y  -78 4480
12 25 Y  -78 4476
12 26 Y  -78 4481
12 27 Y  -78 4478
12 28 Y  -78 4476
12 29 Y  -78 4478
12 30 Y  -78 4478
12 31 Y  -78 4477
12  1 Z  518 4520
12  2 Z  518 4517
12  3 Z  518 4514
12  4 Z  518 4511
12  5 Z  518 4508
12  6 Z  518 4520
12  7 Z  518 4524
12  8 Z  518 4556
12  9 Z  518 4525
12 10 Z  518 4539
12 11 Z  518 4535
12 12 Z  518 4553
12 13 Z  518 4547
12 14 Z  518 4579
12 15 Z  518 4654
12 16 Z  518 4549
12 17 Z  518 4531
12 18 Z  518 4530
12 19 Z  518 4535
12 20 Z  518 4560
12 21 Z  518 4559
12 22 Z  518 4552
12 23 Z  518 4542
12 24 Z  518 4532
12 25 Z  518 4534
12 26 Z  518 4522
12 27 Z  518 4518
12 28 Z  518 4515
12 29 Z  518 4512
12 30 Z  518 4513
12 31 Z  518 4513
12  1 F 0000  NaN
12  2 F 0000  NaN
12  3 F 0000  NaN
12  4 F 0000  NaN
12  5 F 0000  NaN
12  6 F 0000  NaN
12  7 F 0000  NaN
12  8 F 0000  NaN
12  9 F 0000  NaN
12 10 F 0000  NaN
12 11 F 0000  NaN
12 12 F 0000  NaN
12 13 F 0000  NaN
12 14 F 0000  NaN
12 15 F 0000  NaN
12 16 F 0000  NaN
12 17 F 0000  NaN
12 18 F 0000  NaN
12 19 F 0000  NaN
12 20 F 0000  NaN
12 21 F 0000  NaN
12 22 F 0000  NaN
12 23 F 0000  NaN
12 24 F 0000  NaN
12 25 F 0000  NaN
12 26 F 0000  NaN
12 27 F 0000  NaN
12 28 F 0000  NaN
12 29 F 0000  NaN
12 30 F 0000  NaN
12 31 F 0000  NaN
