 1  1 X   14  449
 1  2 X   14  435
 1  3 X   14  456
 1  4 X   14  446
 1  5 X   14  449
 1  6 X   14  451
 1  7 X   14  444
 1  8 X   14  456
 1  9 X   14  450
 1 10 X   14  427
 1 11 X   14  457
 1 12 X   14  456
 1 13 X   14  459
 1 14 X   14  450
 1 15 X   14  446
 1 16 X   14  463
 1 17 X   14  451
 1 18 X   14  465
 1 19 X   14  428
 1 20 X   14  442
 1 21 X   14  449
 1 22 X   14  456
 1 23 X   14  440
 1 24 X   14  452
 1 25 X   14  437
 1 26 X   14  446
 1 27 X   14  453
 1 28 X   14  444
 1 29 X   14  455
 1 30 X   14  450
 1 31 X   14  447
 1  1 Y  -33 -131
 1  2 Y  -33 -127
 1  3 Y  -33 -133
 1  4 Y  -33 -136
 1  5 Y  -33 -133
 1  6 Y  -33 -136
 1  7 Y  -33 -126
 1  8 Y  -33 -133
 1  9 Y  -33 -132
 1 10 Y  -33 -118
 1 11 Y  -33 -141
 1 12 Y  -33 -143
 1 13 Y  -33 -133
 1 14 Y  -33 -128
 1 15 Y  -33 -124
 1 16 Y  -33 -137
 1 17 Y  -33 -130
 1 18 Y  -33 -133
 1 19 Y  -33 -121
 1 20 Y  -33 -131
 1 21 Y  -33 -126
 1 22 Y  -33 -126
 1 23 Y  -33 -133
 1 24 Y  -33 -136
 1 25 Y  -33 -117
 1 26 Y  -33 -128
 1 27 Y  -33 -134
 1 28 Y  -33 -122
 1 29 Y  -33 -130
 1 30 Y  -33 -127
 1 31 Y  -33 -135
 1  1 Z  558  527
 1  2 Z  558  526
 1  3 Z  558  521
 1  4 Z  558  522
 1  5 Z  558  519
 1  6 Z  558  509
 1  7 Z  558  508
 1  8 Z  558  513
 1  9 Z  558  505
 1 10 Z  558  512
 1 11 Z  558  533
 1 12 Z  558  530
 1 13 Z  558  524
 1 14 Z  558  511
 1 15 Z  558  515
 1 16 Z  558  519
 1 17 Z  558  511
 1 18 Z  558  515
 1 19 Z  558  505
 1 20 Z  558  526
 1 21 Z  558  522
 1 22 Z  558  517
 1 23 Z  558  517
 1 24 Z  558  516
 1 25 Z  558  514
 1 26 Z  558  519
 1 27 Z  558  521
 1 28 Z  558  517
 1 29 Z  558  516
 1 30 Z  558  512
 1 31 Z  558  511
 2  1 X   14  456
 2  2 X   14  473
 2  3 X   14  454
 2  4 X   14  449
 2  5 X   14  434
 2  6 X   14  458
 2  7 X   14  459
 2  8 X   14  443
 2  9 X   14  456
 2 10 X   14  461
 2 11 X   14  452
 2 12 X   14  459
 2 13 X   14  458
 2 14 X   14  462
 2 15 X   14  454
 2 16 X   14  462
 2 17 X   14  451
 2 18 X   14  437
 2 19 X   14  460
 2 20 X   14  459
 2 21 X   14  457
 2 22 X   14  448
 2 23 X   14  456
 2 24 X   14  456
 2 25 X   14  451
 2 26 X   14  456
 2 27 X   14  455
 2 28 X   14  458
 2  1 Y  -33 -119
 2  2 Y  -33 -122
 2  3 Y  -33 -126
 2  4 Y  -33 -128
 2  5 Y  -33 -142
 2  6 Y  -33 -118
 2  7 Y  -33 -128
 2  8 Y  -33 -124
 2  9 Y  -33 -136
 2 10 Y  -33 -136
 2 11 Y  -33 -129
 2 12 Y  -33 -143
 2 13 Y  -33 -112
 2 14 Y  -33 -131
 2 15 Y  -33 -129
 2 16 Y  -33 -128
 2 17 Y  -33 -120
 2 18 Y  -33 -129
 2 19 Y  -33 -134
 2 20 Y  -33 -121
 2 21 Y  -33 -120
 2 22 Y  -33 -133
 2 23 Y  -33 -124
 2 24 Y  -33 -122
 2 25 Y  -33 -122
 2 26 Y  -33 -121
 2 27 Y  -33 -120
 2 28 Y  -33 -151
 2  1 Z  558  526
 2  2 Z  558  533
 2  3 Z  558  519
 2  4 Z  558  518
 2  5 Z  558  509
 2  6 Z  558  527
 2  7 Z  558  527
 2  8 Z  558  513
 2  9 Z  558  523
 2 10 Z  558  513
 2 11 Z  558  515
 2 12 Z  558  521
 2 13 Z  558  520
 2 14 Z  558  512
 2 15 Z  558  515
 2 16 Z  558  509
 2 17 Z  558  518
 2 18 Z  558  513
 2 19 Z  558  507
 2 20 Z  558  511
 2 21 Z  558  519
 2 22 Z  558  504
 2 23 Z  558  518
 2 24 Z  558  512
 2 25 Z  558  509
 2 26 Z  558  507
 2 27 Z  558  513
 2 28 Z  558  509
 3  1 X   14  470
 3  2 X   14  454
 3  3 X   14  443
 3  4 X   14  463
 3  5 X   14  456
 3  6 X   14  451
 3  7 X   14  468
 3  8 X   14  475
 3  9 X   14  467
 3 10 X   14  468
 3 11 X   14  464
 3 12 X   14  460
 3 13 X   14  466
 3 14 X   14  466
 3 15 X   14  466
 3 16 X   14  471
 3 17 X   14  467
 3 18 X   14  458
 3 19 X   14  466
 3 20 X   14  483
 3 21 X   14  447
 3 22 X   14  468
 3 23 X   14  442
 3 24 X   14  483
 3 25 X   14  454
 3 26 X   14  465
 3 27 X   14  468
 3 28 X   14  473
 3 29 X   14  470
 3 30 X   14  472
 3 31 X   14  462
 3  1 Y  -33 -139
 3  2 Y  -33 -127
 3  3 Y  -33 -124
 3  4 Y  -33 -137
 3  5 Y  -33 -133
 3  6 Y  -33 -115
 3  7 Y  -33 -124
 3  8 Y  -33 -130
 3  9 Y  -33 -113
 3 10 Y  -33 -132
 3 11 Y  -33 -136
 3 12 Y  -33 -118
 3 13 Y  -33 -136
 3 14 Y  -33 -127
 3 15 Y  -33 -137
 3 16 Y  -33 -123
 3 17 Y  -33 -133
 3 18 Y  -33 -146
 3 19 Y  -33 -139
 3 20 Y  -33 -126
 3 21 Y  -33 -120
 3 22 Y  -33 -137
 3 23 Y  -33  -89
 3 24 Y  -33  -92
 3 25 Y  -33 -114
 3 26 Y  -33 -126
 3 27 Y  -33 -136
 3 28 Y  -33 -135
 3 29 Y  -33 -130
 3 30 Y  -33 -102
 3 31 Y  -33 -117
 3  1 Z  558  513
 3  2 Z  558  527
 3  3 Z  558  504
 3  4 Z  558  500
 3  5 Z  558  498
 3  6 Z  558  500
 3  7 Z  558  514
 3  8 Z  558  505
 3  9 Z  558  495
 3 10 Z  558  496
 3 11 Z  558  511
 3 12 Z  558  492
 3 13 Z  558  481
 3 14 Z  558  485
 3 15 Z  558  486
 3 16 Z  558  483
 3 17 Z  558  466
 3 18 Z  558  518
 3 19 Z  558  552
 3 20 Z  558  463
 3 21 Z  558  512
 3 22 Z  558  533
 3 23 Z  558  523
 3 24 Z  558  541
 3 25 Z  558  578
 3 26 Z  558  485
 3 27 Z  558  494
 3 28 Z  558  492
 3 29 Z  558  488
 3 30 Z  558  478
 3 31 Z  558  465
 4  1 X   14  480
 4  2 X   14  496
 4  3 X   14  478
 4  4 X   14  494
 4  5 X   14  474
 4  6 X   14  484
 4  7 X   14  486
 4  8 X   14  478
 4  9 X   14  483
 4 10 X   14  489
 4 11 X   14  483
 4 12 X   14  483
 4 13 X   14  491
 4 14 X   14  490
 4 15 X   14  464
 4 16 X   14  472
 4 17 X   14  478
 4 18 X   14  508
 4 19 X   14  454
 4 20 X   14  503
 4 21 X   14  518
 4 22 X   14  516
 4 23 X   14  488
 4 24 X   14  505
 4 25 X   14  488
 4 26 X   14  482
 4 27 X   14  498
 4 28 X   14  514
 4 29 X   14  500
 4 30 X   14  526
 4  1 Y  -33 -131
 4  2 Y  -33 -138
 4  3 Y  -33 -140
 4  4 Y  -33 -130
 4  5 Y  -33 -147
 4  6 Y  -33 -139
 4  7 Y  -33 -123
 4  8 Y  -33 -142
 4  9 Y  -33 -135
 4 10 Y  -33 -130
 4 11 Y  -33 -137
 4 12 Y  -33 -135
 4 13 Y  -33  -97
 4 14 Y  -33 -131
 4 15 Y  -33 -109
 4 16 Y  -33 -127
 4 17 Y  -33  -92
 4 18 Y  -33 -104
 4 19 Y  -33  -99
 4 20 Y  -33 -132
 4 21 Y  -33 -154
 4 22 Y  -33 -164
 4 23 Y  -33 -105
 4 24 Y  -33 -123
 4 25 Y  -33 -133
 4 26 Y  -33 -153
 4 27 Y  -33 -145
 4 28 Y  -33 -133
 4 29 Y  -33 -131
 4 30 Y  -33 -142
 4  1 Z  558  486
 4  2 Z  558  505
 4  3 Z  558  497
 4  4 Z  558  494
 4  5 Z  558  447
 4  6 Z  558  438
 4  7 Z  558  487
 4  8 Z  558  452
 4  9 Z  558  457
 4 10 Z  558  421
 4 11 Z  558  420
 4 12 Z  558  419
 4 13 Z  558  479
 4 14 Z  558  499
 4 15 Z  558  470
 4 16 Z  558  499
 4 17 Z  558  473
 4 18 Z  558  506
 4 19 Z  558  548
 4 20 Z  558  498
 4 21 Z  558  428
 4 22 Z  558  429
 4 23 Z  558  490
 4 24 Z  558  422
 4 25 Z  558  463
 4 26 Z  558  455
 4 27 Z  558  405
 4 28 Z  558  469
 4 29 Z  558  412
 4 30 Z  558  438
 5  1 X   14  529
 5  2 X   14  511
 5  3 X   14  506
 5  4 X   14  492
 5  5 X   14  503
 5  6 X   14  466
 5  7 X   14  458
 5  8 X   14  477
 5  9 X   14  451
 5 10 X   14  473
 5 11 X   14  473
 5 12 X   14  501
 5 13 X   14  513
 5 14 X   14  482
 5 15 X   14  481
 5 16 X   14  470
 5 17 X   14  498
 5 18 X   14  443
 5 19 X   14  525
 5 20 X   14  562
 5 21 X   14  494
 5 22 X   14  545
 5 23 X   14  559
 5 24 X   14  580
 5 25 X   14  571
 5 26 X   14  537
 5 27 X   14  540
 5 28 X   14  513
 5 29 X   14  514
 5 30 X   14  566
 5 31 X   14  524
 5  1 Y  -33 -145
 5  2 Y  -33 -137
 5  3 Y  -33 -140
 5  4 Y  -33 -141
 5  5 Y  -33 -149
 5  6 Y  -33  -93
 5  7 Y  -33 -103
 5  8 Y  -33 -128
 5  9 Y  -33  -97
 5 10 Y  -33 -153
 5 11 Y  -33  -72
 5 12 Y  -33 -124
 5 13 Y  -33 -128
 5 14 Y  -33 -111
 5 15 Y  -33 -122
 5 16 Y  -33 -122
 5 17 Y  -33 -122
 5 18 Y  -33 -105
 5 19 Y  -33 -141
 5 20 Y  -33 -133
 5 21 Y  -33 -154
 5 22 Y  -33 -135
 5 23 Y  -33 -128
 5 24 Y  -33 -165
 5 25 Y  -33 -165
 5 26 Y  -33 -133
 5 27 Y  -33 -107
 5 28 Y  -33 -128
 5 29 Y  -33 -143
 5 30 Y  -33 -130
 5 31 Y  -33 -137
 5  1 Z  558  400
 5  2 Z  558  455
 5  3 Z  558  421
 5  4 Z  558  401
 5  5 Z  558  419
 5  6 Z  558  458
 5  7 Z  558  501
 5  8 Z  558  456
 5  9 Z  558  534
 5 10 Z  558  499
 5 11 Z  558  459
 5 12 Z  558  510
 5 13 Z  558  490
 5 14 Z  558  519
 5 15 Z  558  520
 5 16 Z  558  524
 5 17 Z  558  501
 5 18 Z  558  526
 5 19 Z  558  494
 5 20 Z  558  378
 5 21 Z  558  517
 5 22 Z  558  373
 5 23 Z  558  360
 5 24 Z  558  464
 5 25 Z  558  393
 5 26 Z  558  361
 5 27 Z  558  426
 5 28 Z  558  408
 5 29 Z  558  471
 5 30 Z  558  405
 5 31 Z  558  418
 6  1 X   14  494
 6  2 X   14  454
 6  3 X   14  448
 6  4 X   14  520
 6  5 X   14  480
 6  6 X   14  475
 6  7 X   14  456
 6  8 X   14  480
 6  9 X   14  491
 6 10 X   14  500
 6 11 X   14  449
 6 12 X   14  458
 6 13 X   14  468
 6 14 X   14  453
 6 15 X   14  476
 6 16 X   14  526
 6 17 X   14  574
 6 18 X   14  527
 6 19 X   14  553
 6 20 X   14  554
 6 21 X   14  529
 6 22 X   14  530
 6 23 X   14  604
 6 24 X   14  545
 6 25 X   14  522
 6 26 X   14  514
 6 27 X   14  555
 6 28 X   14  503
 6 29 X   14  433
 6 30 X   14  461
 6  1 Y  -33 -139
 6  2 Y  -33 -121
 6  3 Y  -33 -112
 6  4 Y  -33 -144
 6  5 Y  -33 -112
 6  6 Y  -33  -96
 6  7 Y  -33 -106
 6  8 Y  -33 -106
 6  9 Y  -33 -101
 6 10 Y  -33  -83
 6 11 Y  -33  -89
 6 12 Y  -33 -101
 6 13 Y  -33 -116
 6 14 Y  -33 -107
 6 15 Y  -33 -112
 6 16 Y  -33 -129
 6 17 Y  -33 -164
 6 18 Y  -33 -120
 6 19 Y  -33 -140
 6 20 Y  -33 -152
 6 21 Y  -33 -140
 6 22 Y  -33 -138
 6 23 Y  -33 -148
 6 24 Y  -33 -155
 6 25 Y  -33 -146
 6 26 Y  -33 -120
 6 27 Y  -33 -146
 6 28 Y  -33 -133
 6 29 Y  -33  -97
 6 30 Y  -33 -105
 6  1 Z  558  447
 6  2 Z  558  503
 6  3 Z  558  580
 6  4 Z  558  481
 6  5 Z  558  513
 6  6 Z  558  533
 6  7 Z  558  533
 6  8 Z  558  496
 6  9 Z  558  520
 6 10 Z  558  516
 6 11 Z  558  561
 6 12 Z  558  547
 6 13 Z  558  514
 6 14 Z  558  534
 6 15 Z  558  525
 6 16 Z  558  391
 6 17 Z  558  379
 6 18 Z  558  350
 6 19 Z  558  302
 6 20 Z  558  376
 6 21 Z  558  375
 6 22 Z  558  329
 6 23 Z  558  400
 6 24 Z  558  344
 6 25 Z  558  382
 6 26 Z  558  389
 6 27 Z  558  403
 6 28 Z  558  413
 6 29 Z  558  533
 6 30 Z  558  527
 7  1 X   14  472
 7  2 X   14  485
 7  3 X   14  484
 7  4 X   14  487
 7  5 X   14  464
 7  6 X   14  485
 7  7 X   14  505
 7  8 X   14  461
 7  9 X   14  457
 7 10 X   14  491
 7 11 X   14  470
 7 12 X   14  528
 7 13 X   14  538
 7 14 X   14  540
 7 15 X   14  483
 7 16 X   14  514
 7 17 X   14  570
 7 18 X   14  565
 7 19 X   14  442
 7 20 X   14  489
 7 21 X   14  537
 7 22 X   14  543
 7 23 X   14  496
 7 24 X   14  508
 7 25 X   14  449
 7 26 X   14  471
 7 27 X   14  510
 7 28 X   14  454
 7 29 X   14  461
 7 30 X   14  436
 7 31 X   14  490
 7  1 Y  -33 -105
 7  2 Y  -33 -115
 7  3 Y  -33  -96
 7  4 Y  -33 -118
 7  5 Y  -33  -90
 7  6 Y  -33 -135
 7  7 Y  -33 -102
 7  8 Y  -33 -106
 7  9 Y  -33 -110
 7 10 Y  -33 -126
 7 11 Y  -33 -109
 7 12 Y  -33 -103
 7 13 Y  -33 -133
 7 14 Y  -33 -142
 7 15 Y  -33 -127
 7 16 Y  -33 -122
 7 17 Y  -33 -137
 7 18 Y  -33 -147
 7 19 Y  -33 -146
 7 20 Y  -33 -150
 7 21 Y  -33 -114
 7 22 Y  -33 -110
 7 23 Y  -33 -123
 7 24 Y  -33 -110
 7 25 Y  -33 -101
 7 26 Y  -33 -143
 7 27 Y  -33 -122
 7 28 Y  -33 -110
 7 29 Y  -33  -90
 7 30 Y  -33  -90
 7 31 Y  -33  -66
 7  1 Z  558  535
 7  2 Z  558  508
 7  3 Z  558  508
 7  4 Z  558  514
 7  5 Z  558  509
 7  6 Z  558  457
 7  7 Z  558  469
 7  8 Z  558  547
 7  9 Z  558  522
 7 10 Z  558  490
 7 11 Z  558  521
 7 12 Z  558  404
 7 13 Z  558  404
 7 14 Z  558  390
 7 15 Z  558  463
 7 16 Z  558  378
 7 17 Z  558  320
 7 18 Z  558  455
 7 19 Z  558  524
 7 20 Z  558  425
 7 21 Z  558  435
 7 22 Z  558  393
 7 23 Z  558  440
 7 24 Z  558  508
 7 25 Z  558  545
 7 26 Z  558  468
 7 27 Z  558  493
 7 28 Z  558  571
 7 29 Z  558  568
 7 30 Z  558  546
 7 31 Z  558  533
 8  1 X   14  498
 8  2 X   14  432
 8  3 X   14  487
 8  4 X   14  485
 8  5 X   14  441
 8  6 X   14  474
 8  7 X   14  518
 8  8 X   14  509
 8  9 X   14  494
 8 10 X   14  523
 8 11 X   14  522
 8 12 X   14  547
 8 13 X   14  545
 8 14 X   14  518
 8 15 X   14  543
 8 16 X   14  621
 8 17 X   14  549
 8 18 X   14  510
 8 19 X   14  491
 8 20 X   14  460
 8 21 X   14  531
 8 22 X   14  446
 8 23 X   14  427
 8 24 X   14  473
 8 25 X   14  486
 8 26 X   14  474
 8 27 X   14  497
 8 28 X   14  468
 8 29 X   14  493
 8 30 X   14  510
 8 31 X   14  514
 8  1 Y  -33  -62
 8  2 Y  -33  -89
 8  3 Y  -33 -104
 8  4 Y  -33 -130
 8  5 Y  -33  -80
 8  6 Y  -33 -105
 8  7 Y  -33 -131
 8  8 Y  -33 -133
 8  9 Y  -33  -96
 8 10 Y  -33 -139
 8 11 Y  -33 -100
 8 12 Y  -33 -112
 8 13 Y  -33 -143
 8 14 Y  -33  -98
 8 15 Y  -33  -99
 8 16 Y  -33 -119
 8 17 Y  -33 -123
 8 18 Y  -33 -161
 8 19 Y  -33 -102
 8 20 Y  -33 -126
 8 21 Y  -33  -94
 8 22 Y  -33 -111
 8 23 Y  -33  -98
 8 24 Y  -33  -99
 8 25 Y  -33 -103
 8 26 Y  -33  -88
 8 27 Y  -33 -122
 8 28 Y  -33 -117
 8 29 Y  -33  -77
 8 30 Y  -33 -109
 8 31 Y  -33  -84
 8  1 Z  558  596
 8  2 Z  558  579
 8  3 Z  558  611
 8  4 Z  558  548
 8  5 Z  558  576
 8  6 Z  558  540
 8  7 Z  558  487
 8  8 Z  558  474
 8  9 Z  558  459
 8 10 Z  558  447
 8 11 Z  558  437
 8 12 Z  558  388
 8 13 Z  558  404
 8 14 Z  558  403
 8 15 Z  558  400
 8 16 Z  558  345
 8 17 Z  558  390
 8 18 Z  558  443
 8 19 Z  558  521
 8 20 Z  558  535
 8 21 Z  558  521
 8 22 Z  558  577
 8 23 Z  558  566
 8 24 Z  558  556
 8 25 Z  558  546
 8 26 Z  558  523
 8 27 Z  558  497
 8 28 Z  558  537
 8 29 Z  558  546
 8 30 Z  558  494
 8 31 Z  558  492
 9  1 X   14  494
 9  2 X   14  527
 9  3 X   14  501
 9  4 X   14  535
 9  5 X   14  512
 9  6 X   14  527
 9  7 X   14  479
 9  8 X   14  515
 9  9 X   14  472
 9 10 X   14  501
 9 11 X   14  505
 9 12 X   14  531
 9 13 X   14  531
 9 14 X   14  519
 9 15 X   14  516
 9 16 X   14  501
 9 17 X   14  504
 9 18 X   14  502
 9 19 X   14  488
 9 20 X   14  486
 9 21 X   14  507
 9 22 X   14  500
 9 23 X   14  500
 9 24 X   14  484
 9 25 X   14  499
 9 26 X   14  488
 9 27 X   14  492
 9 28 X   14  496
 9 29 X   14  499
 9 30 X   14  514
 9  1 Y  -33 -125
 9  2 Y  -33 -125
 9  3 Y  -33 -164
 9  4 Y  -33  -88
 9  5 Y  -33 -105
 9  6 Y  -33 -113
 9  7 Y  -33  -91
 9  8 Y  -33 -178
 9  9 Y  -33 -130
 9 10 Y  -33  -82
 9 11 Y  -33 -113
 9 12 Y  -33 -119
 9 13 Y  -33 -119
 9 14 Y  -33 -113
 9 15 Y  -33 -130
 9 16 Y  -33 -103
 9 17 Y  -33  -92
 9 18 Y  -33  -98
 9 19 Y  -33  -97
 9 20 Y  -33 -106
 9 21 Y  -33 -111
 9 22 Y  -33 -108
 9 23 Y  -33 -116
 9 24 Y  -33  -87
 9 25 Y  -33 -127
 9 26 Y  -33 -115
 9 27 Y  -33 -102
 9 28 Y  -33 -124
 9 29 Y  -33 -125
 9 30 Y  -33 -101
 9  1 Z  558  527
 9  2 Z  558  521
 9  3 Z  558  458
 9  4 Z  558  447
 9  5 Z  558  451
 9  6 Z  558  476
 9  7 Z  558  467
 9  8 Z  558  502
 9  9 Z  558  450
 9 10 Z  558  482
 9 11 Z  558  478
 9 12 Z  558  458
 9 13 Z  558  489
 9 14 Z  558  479
 9 15 Z  558  472
 9 16 Z  558  557
 9 17 Z  558  534
 9 18 Z  558  552
 9 19 Z  558  521
 9 20 Z  558  543
 9 21 Z  558  521
 9 22 Z  558  512
 9 23 Z  558  498
 9 24 Z  558  534
 9 25 Z  558  499
 9 26 Z  558  525
 9 27 Z  558  551
 9 28 Z  558  532
 9 29 Z  558  465
 9 30 Z  558  494
10  1 X   14  467
10  2 X   14  528
10  3 X   14  469
10  4 X   14  528
10  5 X   14  500
10  6 X   14  506
10  7 X   14  492
10  8 X   14  522
10  9 X   14  500
10 10 X   14  516
10 11 X   14  510
10 12 X   14  505
10 13 X   14  502
10 14 X   14  522
10 15 X   14  492
10 16 X   14  481
10 17 X   14  496
10 18 X   14  487
10 19 X   14  494
10 20 X   14  505
10 21 X   14  504
10 22 X   14  506
10 23 X   14  497
10 24 X   14  490
10 25 X   14  516
10 26 X   14  492
10 27 X   14  485
10 28 X   14  509
10 29 X   14  511
10 30 X   14  506
10 31 X   14  504
10  1 Y  -33  -76
10  2 Y  -33 -123
10  3 Y  -33 -119
10  4 Y  -33 -101
10  5 Y  -33  -98
10  6 Y  -33 -132
10  7 Y  -33 -115
10  8 Y  -33 -108
10  9 Y  -33  -96
10 10 Y  -33 -103
10 11 Y  -33 -118
10 12 Y  -33 -114
10 13 Y  -33 -115
10 14 Y  -33  -64
10 15 Y  -33  -93
10 16 Y  -33 -115
10 17 Y  -33 -117
10 18 Y  -33 -113
10 19 Y  -33 -116
10 20 Y  -33 -101
10 21 Y  -33 -103
10 22 Y  -33 -104
10 23 Y  -33 -122
10 24 Y  -33  -99
10 25 Y  -33 -114
10 26 Y  -33  -90
10 27 Y  -33 -125
10 28 Y  -33 -130
10 29 Y  -33 -111
10 30 Y  -33 -117
10 31 Y  -33 -101
10  1 Z  558  522
10  2 Z  558  543
10  3 Z  558  517
10  4 Z  558  564
10  5 Z  558  526
10  6 Z  558  524
10  7 Z  558  519
10  8 Z  558  531
10  9 Z  558  514
10 10 Z  558  514
10 11 Z  558  505
10 12 Z  558  504
10 13 Z  558  493
10 14 Z  558  549
10 15 Z  558  551
10 16 Z  558  546
10 17 Z  558  549
10 18 Z  558  538
10 19 Z  558  547
10 20 Z  558  543
10 21 Z  558  543
10 22 Z  558  539
10 23 Z  558  518
10 24 Z  558  539
10 25 Z  558  565
10 26 Z  558  538
10 27 Z  558  536
10 28 Z  558  540
10 29 Z  558  532
10 30 Z  558  539
10 31 Z  558  536
11  1 X   14  507
11  2 X   14  499
11  3 X   14  501
11  4 X   14  499
11  5 X   14  509
11  6 X   14  493
11  7 X   14  511
11  8 X   14  513
11  9 X   14  517
11 10 X   14  523
11 11 X   14  510
11 12 X   14  500
11 13 X   14  508
11 14 X   14  509
11 15 X   14  504
11 16 X   14  512
11 17 X   14  501
11 18 X   14  502
11 19 X   14  511
11 20 X   14  484
11 21 X   14  504
11 22 X   14  499
11 23 X   14  513
11 24 X   14  502
11 25 X   14  516
11 26 X   14  514
11 27 X   14  541
11 28 X   14  501
11 29 X   14  509
11 30 X   14  505
11  1 Y  -33 -119
11  2 Y  -33 -117
11  3 Y  -33 -111
11  4 Y  -33 -114
11  5 Y  -33 -117
11  6 Y  -33 -113
11  7 Y  -33 -106
11  8 Y  -33 -114
11  9 Y  -33 -123
11 10 Y  -33 -116
11 11 Y  -33 -107
11 12 Y  -33 -108
11 13 Y  -33 -115
11 14 Y  -33 -115
11 15 Y  -33 -109
11 16 Y  -33 -117
11 17 Y  -33 -119
11 18 Y  -33 -105
11 19 Y  -33 -118
11 20 Y  -33 -124
11 21 Y  -33  -86
11 22 Y  -33 -102
11 23 Y  -33 -115
11 24 Y  -33 -105
11 25 Y  -33 -100
11 26 Y  -33 -119
11 27 Y  -33 -112
11 28 Y  -33 -112
11 29 Y  -33 -119
11 30 Y  -33 -113
11  1 Z  558  518
11  2 Z  558  531
11  3 Z  558  535
11  4 Z  558  535
11  5 Z  558  545
11  6 Z  558  541
11  7 Z  558  541
11  8 Z  558  525
11  9 Z  558  521
11 10 Z  558  556
11 11 Z  558  544
11 12 Z  558  539
11 13 Z  558  534
11 14 Z  558  538
11 15 Z  558  534
11 16 Z  558  530
11 17 Z  558  530
11 18 Z  558  536
11 19 Z  558  539
11 20 Z  558  536
11 21 Z  558  554
11 22 Z  558  553
11 23 Z  558  550
11 24 Z  558  544
11 25 Z  558  547
11 26 Z  558  524
11 27 Z  558  551
11 28 Z  558  532
11 29 Z  558  537
11 30 Z  558  541
12  1 X   14  509
12  2 X   14  509
12  3 X   14  514
12  4 X   14  506
12  5 X   14  520
12  6 X   14  515
12  7 X   14  510
12  8 X   14  505
12  9 X   14  514
12 10 X   14  515
12 11 X   14  521
12 12 X   14  517
12 13 X   14  517
12 14 X   14  499
12 15 X   14  517
12 16 X   14  520
12 17 X   14  519
12 18 X   14  522
12 19 X   14  495
12 20 X   14  498
12 21 X   14  522
12 22 X   14  519
12 23 X   14  522
12 24 X   14  497
12 25 X   14  505
12 26 X   14  519
12 27 X   14  518
12 28 X   14  532
12 29 X   14  515
12 30 X   14  520
12 31 X   14  531
12  1 Y  -33 -109
12  2 Y  -33 -109
12  3 Y  -33 -106
12  4 Y  -33 -103
12  5 Y  -33 -114
12  6 Y  -33 -114
12  7 Y  -33 -111
12  8 Y  -33 -107
12  9 Y  -33 -113
12 10 Y  -33 -110
12 11 Y  -33 -110
12 12 Y  -33 -110
12 13 Y  -33 -114
12 14 Y  -33 -110
12 15 Y  -33 -111
12 16 Y  -33 -111
12 17 Y  -33 -108
12 18 Y  -33 -112
12 19 Y  -33  -93
12 20 Y  -33 -122
12 21 Y  -33 -120
12 22 Y  -33 -113
12 23 Y  -33 -106
12 24 Y  -33  -96
12 25 Y  -33 -105
12 26 Y  -33  -97
12 27 Y  -33 -105
12 28 Y  -33 -107
12 29 Y  -33 -110
12 30 Y  -33 -111
12 31 Y  -33 -110
12  1 Z  558  547
12  2 Z  558  535
12  3 Z  558  533
12  4 Z  558  527
12  5 Z  558  529
12  6 Z  558  525
12  7 Z  558  531
12  8 Z  558  532
12  9 Z  558  529
12 10 Z  558  527
12 11 Z  558  524
12 12 Z  558  521
12 13 Z  558  519
12 14 Z  558  521
12 15 Z  558  530
12 16 Z  558  525
12 17 Z  558  521
12 18 Z  558  511
12 19 Z  558  518
12 20 Z  558  537
12 21 Z  558  548
12 22 Z  558  529
12 23 Z  558  548
12 24 Z  558  539
12 25 Z  558  534
12 26 Z  558  533
12 27 Z  558  553
12 28 Z  558  554
12 29 Z  558  538
12 30 Z  558  538
12 31 Z  558  537
