   1960.00   2.8867E+01   2.1759E+01   2.4533E+01   8.8234E-01  -3.2629E-01  -1.5294E+00   7.2202E-02  -2.6700E-02   2.5031E-01
   1960.08   2.9030E+01   2.1783E+01   2.4672E+01   1.3334E+00  -4.9331E-01  -2.3096E+00   1.0911E-01  -4.0368E-02   3.7800E-01
   1960.17   2.9183E+01   2.1807E+01   2.4785E+01   1.7517E+00  -6.4822E-01  -3.0333E+00   1.4334E-01  -5.3044E-02   4.9643E-01
   1960.25   2.9327E+01   2.1830E+01   2.4873E+01   2.1373E+00  -7.9102E-01  -3.7003E+00   1.7489E-01  -6.4729E-02   6.0560E-01
   1960.33   2.9461E+01   2.1853E+01   2.4935E+01   2.4902E+00  -9.2171E-01  -4.3108E+00   2.0377E-01  -7.5424E-02   7.0551E-01
   1960.42   2.9586E+01   2.1874E+01   2.4971E+01   2.8104E+00  -1.0403E+00  -4.8648E+00   2.2997E-01  -8.5127E-02   7.9617E-01
   1960.50   2.9701E+01   2.1895E+01   2.4982E+01   3.0979E+00  -1.1468E+00  -5.3621E+00   2.5350E-01  -9.3839E-02   8.7757E-01
   1960.58   2.9807E+01   2.1915E+01   2.4967E+01   3.3527E+00  -1.2411E+00  -5.8029E+00   2.7435E-01  -1.0156E-01   9.4971E-01
   1960.67   2.9903E+01   2.1934E+01   2.4927E+01   3.5747E+00  -1.3234E+00  -6.1872E+00   2.9252E-01  -1.0829E-01   1.0126E+00
   1960.75   2.9990E+01   2.1952E+01   2.4861E+01   3.7641E+00  -1.3935E+00  -6.5148E+00   3.0802E-01  -1.1403E-01   1.0662E+00
   1960.83   3.0067E+01   2.1969E+01   2.4769E+01   3.9208E+00  -1.4515E+00  -6.7859E+00   3.2084E-01  -1.1878E-01   1.1106E+00
   1960.92   3.0135E+01   2.1986E+01   2.4652E+01   4.0447E+00  -1.4974E+00  -7.0005E+00   3.3098E-01  -1.2253E-01   1.1457E+00
   1961.00   3.0193E+01   2.2002E+01   2.4509E+01   4.1360E+00  -1.5312E+00  -7.1585E+00   3.3845E-01  -1.2530E-01   1.1716E+00
   1961.08   3.0241E+01   2.2016E+01   2.4341E+01   4.1946E+00  -1.5529E+00  -7.2599E+00   3.4324E-01  -1.2708E-01   1.1882E+00
   1961.17   3.0280E+01   2.2031E+01   2.4147E+01   4.2204E+00  -1.5625E+00  -7.3047E+00   3.4536E-01  -1.2786E-01   1.1955E+00
   1961.25   3.0310E+01   2.2044E+01   2.3928E+01   4.2135E+00  -1.5600E+00  -7.2930E+00   3.4480E-01  -1.2765E-01   1.1936E+00
   1961.33   3.0330E+01   2.2056E+01   2.3683E+01   4.1740E+00  -1.5453E+00  -7.2247E+00   3.4156E-01  -1.2645E-01   1.1824E+00
   1961.42   3.0341E+01   2.2068E+01   2.3412E+01   4.1017E+00  -1.5186E+00  -7.0998E+00   3.3564E-01  -1.2426E-01   1.1620E+00
   1961.50   3.0342E+01   2.2079E+01   2.3116E+01   3.9967E+00  -1.4797E+00  -6.9184E+00   3.2705E-01  -1.2108E-01   1.1323E+00
   1961.58   3.0333E+01   2.2089E+01   2.2795E+01   3.8590E+00  -1.4287E+00  -6.6804E+00   3.1579E-01  -1.1691E-01   1.0933E+00
   1961.67   3.0315E+01   2.2098E+01   2.2447E+01   3.6887E+00  -1.3656E+00  -6.3859E+00   3.0184E-01  -1.1175E-01   1.0451E+00
   1961.75   3.0288E+01   2.2107E+01   2.2074E+01   3.4856E+00  -1.2904E+00  -6.0347E+00   2.8523E-01  -1.0560E-01   9.8765E-01
   1961.83   3.0251E+01   2.2114E+01   2.1676E+01   3.2498E+00  -1.2031E+00  -5.6271E+00   2.6593E-01  -9.8453E-02   9.2093E-01
   1961.92   3.0204E+01   2.2121E+01   2.1252E+01   2.9813E+00  -1.1037E+00  -5.1628E+00   2.4396E-01  -9.0318E-02   8.4495E-01
   1962.00   3.0148E+01   2.2127E+01   2.0803E+01   2.6801E+00  -9.9219E-01  -4.6420E+00   2.1931E-01  -8.1191E-02   7.5971E-01
   1962.08   3.0090E+01   2.2126E+01   2.0350E+01   2.3724E+00  -8.7827E-01  -4.1100E+00   1.9413E-01  -7.1869E-02   6.7265E-01
   1962.17   3.0036E+01   2.2114E+01   1.9919E+01   2.0845E+00  -7.7169E-01  -3.6122E+00   1.7058E-01  -6.3148E-02   5.9118E-01
   1962.25   2.9987E+01   2.2090E+01   1.9508E+01   1.8165E+00  -6.7244E-01  -3.1487E+00   1.4864E-01  -5.5026E-02   5.1532E-01
   1962.33   2.9943E+01   2.2054E+01   1.9118E+01   1.5682E+00  -5.8052E-01  -2.7194E+00   1.2833E-01  -4.7504E-02   4.4505E-01
   1962.42   2.9904E+01   2.2007E+01   1.8749E+01   1.3397E+00  -4.9594E-01  -2.3242E+00   1.0963E-01  -4.0583E-02   3.8039E-01
   1962.50   2.9869E+01   2.1947E+01   1.8400E+01   1.1311E+00  -4.1869E-01  -1.9634E+00   9.2556E-02  -3.4262E-02   3.2132E-01
   1962.58   2.9840E+01   2.1876E+01   1.8072E+01   9.4221E-01  -3.4878E-01  -1.6367E+00   7.7101E-02  -2.8541E-02   2.6786E-01
   1962.67   2.9815E+01   2.1793E+01   1.7764E+01   7.7314E-01  -2.8620E-01  -1.3442E+00   6.3267E-02  -2.3420E-02   2.2000E-01
   1962.75   2.9795E+01   2.1698E+01   1.7477E+01   6.2388E-01  -2.3096E-01  -1.0860E+00   5.1052E-02  -1.8899E-02   1.7773E-01
   1962.83   2.9779E+01   2.1591E+01   1.7211E+01   4.9441E-01  -1.8305E-01  -8.6197E-01   4.0458E-02  -1.4979E-02   1.4107E-01
   1962.92   2.9769E+01   2.1472E+01   1.6965E+01   3.8474E-01  -1.4247E-01  -6.7217E-01   3.1483E-02  -1.1658E-02   1.1001E-01
   1963.00   2.9763E+01   2.1342E+01   1.6740E+01   2.9487E-01  -1.0923E-01  -5.1660E-01   2.4129E-02  -8.9381E-03   8.4547E-02
   1963.08   2.9762E+01   2.1199E+01   1.6536E+01   2.2480E-01  -8.3319E-02  -3.9524E-01   1.8396E-02  -6.8180E-03   6.4685E-02
   1963.17   2.9765E+01   2.1045E+01   1.6352E+01   1.7453E-01  -6.4745E-02  -3.0810E-01   1.4282E-02  -5.2981E-03   5.0424E-02
   1963.25   2.9774E+01   2.0879E+01   1.6189E+01   1.4406E-01  -5.3504E-02  -2.5518E-01   1.1788E-02  -4.3783E-03   4.1763E-02
   1963.33   2.9787E+01   2.0701E+01   1.6047E+01   1.3339E-01  -4.9598E-02  -2.3648E-01   1.0915E-02  -4.0586E-03   3.8703E-02
   1963.42   2.9805E+01   2.0512E+01   1.5925E+01   1.4252E-01  -5.3026E-02  -2.5200E-01   1.1662E-02  -4.3392E-03   4.1242E-02
   1963.50   2.9828E+01   2.0310E+01   1.5824E+01   1.7144E-01  -6.3788E-02  -3.0174E-01   1.4029E-02  -5.2198E-03   4.9383E-02
   1963.58   2.9856E+01   2.0097E+01   1.5743E+01   2.2017E-01  -8.1885E-02  -3.8569E-01   1.8016E-02  -6.7007E-03   6.3123E-02
   1963.67   2.9888E+01   1.9872E+01   1.5683E+01   2.8869E-01  -1.0732E-01  -5.0387E-01   2.3624E-02  -8.7816E-03   8.2464E-02
   1963.75   2.9925E+01   1.9635E+01   1.5644E+01   3.7702E-01  -1.4008E-01  -6.5627E-01   3.0852E-02  -1.1463E-02   1.0741E-01
   1963.83   2.9967E+01   1.9386E+01   1.5625E+01   4.8514E-01  -1.8018E-01  -8.4288E-01   3.9700E-02  -1.4744E-02   1.3795E-01
   1963.92   3.0014E+01   1.9125E+01   1.5627E+01   6.1307E-01  -2.2761E-01  -1.0637E+00   5.0168E-02  -1.8625E-02   1.7409E-01
   1964.00   3.0066E+01   1.8853E+01   1.5650E+01   7.6079E-01  -2.8238E-01  -1.3188E+00   6.2256E-02  -2.3107E-02   2.1583E-01
   1964.08   3.0117E+01   1.8580E+01   1.5685E+01   9.0705E-01  -3.3661E-01  -1.5713E+00   7.4224E-02  -2.7545E-02   2.5717E-01
   1964.17   3.0161E+01   1.8319E+01   1.5724E+01   1.0306E+00  -3.8243E-01  -1.7847E+00   8.4333E-02  -3.1294E-02   2.9209E-01
   1964.25   3.0200E+01   1.8070E+01   1.5766E+01   1.1314E+00  -4.1985E-01  -1.9589E+00   9.2582E-02  -3.4356E-02   3.2059E-01
   1964.33   3.0232E+01   1.7832E+01   1.5813E+01   1.2095E+00  -4.4886E-01  -2.0939E+00   9.8971E-02  -3.6730E-02   3.4268E-01
   1964.42   3.0258E+01   1.7606E+01   1.5863E+01   1.2648E+00  -4.6946E-01  -2.1896E+00   1.0350E-01  -3.8416E-02   3.5836E-01
   1964.50   3.0279E+01   1.7392E+01   1.5918E+01   1.2975E+00  -4.8165E-01  -2.2462E+00   1.0617E-01  -3.9414E-02   3.6762E-01
   1964.58   3.0293E+01   1.7189E+01   1.5976E+01   1.3074E+00  -4.8544E-01  -2.2636E+00   1.0698E-01  -3.9724E-02   3.7046E-01
   1964.67   3.0300E+01   1.6998E+01   1.6038E+01   1.2945E+00  -4.8082E-01  -2.2418E+00   1.0593E-01  -3.9345E-02   3.6690E-01
   1964.75   3.0302E+01   1.6818E+01   1.6103E+01   1.2590E+00  -4.6779E-01  -2.1808E+00   1.0302E-01  -3.8279E-02   3.5691E-01
   1964.83   3.0298E+01   1.6650E+01   1.6173E+01   1.2007E+00  -4.4635E-01  -2.0806E+00   9.8253E-02  -3.6525E-02   3.4051E-01
   1964.92   3.0287E+01   1.6494E+01   1.6246E+01   1.1197E+00  -4.1651E-01  -1.9412E+00   9.1624E-02  -3.4083E-02   3.1770E-01
   1965.00   3.0270E+01   1.6349E+01   1.6324E+01   1.0160E+00  -3.7826E-01  -1.7626E+00   8.3136E-02  -3.0953E-02   2.8847E-01
   1965.08   3.0247E+01   1.6216E+01   1.6405E+01   8.8950E-01  -3.3161E-01  -1.5448E+00   7.2788E-02  -2.7135E-02   2.5283E-01
   1965.17   3.0218E+01   1.6095E+01   1.6490E+01   7.4031E-01  -2.7654E-01  -1.2878E+00   6.0580E-02  -2.2629E-02   2.1077E-01
   1965.25   3.0183E+01   1.5985E+01   1.6579E+01   5.6840E-01  -2.1307E-01  -9.9167E-01   4.6512E-02  -1.7436E-02   1.6230E-01
   1965.33   3.0142E+01   1.5887E+01   1.6672E+01   3.7376E-01  -1.4119E-01  -6.5629E-01   3.0585E-02  -1.1554E-02   1.0741E-01
   1965.42   3.0094E+01   1.5800E+01   1.6769E+01   1.5640E-01  -6.0905E-02  -2.8172E-01   1.2798E-02  -4.9839E-03   4.6107E-02
   1965.50   3.0041E+01   1.5725E+01   1.6869E+01  -8.3696E-02   2.7788E-02   1.3205E-01  -6.8489E-03   2.2739E-03  -2.1611E-02
   1965.58   2.9981E+01   1.5662E+01   1.6974E+01  -3.4651E-01   1.2489E-01   5.8501E-01  -2.8355E-02   1.0220E-02  -9.5743E-02
   1965.67   2.9915E+01   1.5610E+01   1.7082E+01  -6.3206E-01   2.3040E-01   1.0772E+00  -5.1722E-02   1.8853E-02  -1.7629E-01
   1965.75   2.9843E+01   1.5570E+01   1.7194E+01  -9.4033E-01   3.4431E-01   1.6085E+00  -7.6947E-02   2.8175E-02  -2.6325E-01
   1965.83   2.9765E+01   1.5541E+01   1.7310E+01  -1.2713E+00   4.6663E-01   2.1791E+00  -1.0403E-01   3.8185E-02  -3.5663E-01
   1965.92   2.9680E+01   1.5524E+01   1.7430E+01  -1.6251E+00   5.9736E-01   2.7888E+00  -1.3298E-01   4.8882E-02  -4.5642E-01
   1966.00   2.9590E+01   1.5519E+01   1.7553E+01  -2.0015E+00   7.3650E-01   3.4378E+00  -1.6378E-01   6.0268E-02  -5.6263E-01
   1966.08   2.9504E+01   1.5514E+01   1.7690E+01  -2.3731E+00   8.7384E-01   4.0783E+00  -1.9419E-01   7.1506E-02  -6.6746E-01
   1966.17   2.9436E+01   1.5500E+01   1.7849E+01  -2.7122E+00   9.9916E-01   4.6629E+00  -2.2194E-01   8.1762E-02  -7.6313E-01
   1966.25   2.9384E+01   1.5476E+01   1.8030E+01  -3.0188E+00   1.1125E+00   5.1914E+00  -2.4703E-01   9.1035E-02  -8.4964E-01
   1966.33   2.9349E+01   1.5442E+01   1.8234E+01  -3.2929E+00   1.2138E+00   5.6640E+00  -2.6946E-01   9.9326E-02  -9.2698E-01
   1966.42   2.9331E+01   1.5398E+01   1.8459E+01  -3.5346E+00   1.3031E+00   6.0806E+00  -2.8923E-01   1.0663E-01  -9.9516E-01
   1966.50   2.9329E+01   1.5344E+01   1.8707E+01  -3.7437E+00   1.3804E+00   6.4412E+00  -3.0635E-01   1.1296E-01  -1.0542E+00
   1966.58   2.9344E+01   1.5281E+01   1.8977E+01  -3.9204E+00   1.4457E+00   6.7459E+00  -3.2081E-01   1.1830E-01  -1.1040E+00
   1966.67   2.9376E+01   1.5207E+01   1.9270E+01  -4.0646E+00   1.4990E+00   6.9945E+00  -3.3261E-01   1.2266E-01  -1.1447E+00
   1966.75   2.9425E+01   1.5124E+01   1.9584E+01  -4.1763E+00   1.5403E+00   7.1871E+00  -3.4175E-01   1.2604E-01  -1.1763E+00
   1966.83   2.9490E+01   1.5030E+01   1.9921E+01  -4.2556E+00   1.5695E+00   7.3238E+00  -3.4823E-01   1.2844E-01  -1.1986E+00
   1966.92   2.9572E+01   1.4927E+01   2.0280E+01  -4.3023E+00   1.5868E+00   7.4045E+00  -3.5206E-01   1.2985E-01  -1.2118E+00
   1967.00   2.9670E+01   1.4814E+01   2.0662E+01  -4.3166E+00   1.5920E+00   7.4291E+00  -3.5323E-01   1.3028E-01  -1.2159E+00
   1967.08   2.9786E+01   1.4691E+01   2.1065E+01  -4.2984E+00   1.5853E+00   7.3978E+00  -3.5174E-01   1.2972E-01  -1.2107E+00
   1967.17   2.9918E+01   1.4559E+01   2.1491E+01  -4.2477E+00   1.5665E+00   7.3106E+00  -3.4759E-01   1.2819E-01  -1.1965E+00
   1967.25   3.0067E+01   1.4416E+01   2.1939E+01  -4.1645E+00   1.5358E+00   7.1673E+00  -3.4079E-01   1.2567E-01  -1.1730E+00
   1967.33   3.0232E+01   1.4264E+01   2.2409E+01  -4.0489E+00   1.4930E+00   6.9680E+00  -3.3132E-01   1.2217E-01  -1.1404E+00
   1967.42   3.0414E+01   1.4101E+01   2.2902E+01  -3.9008E+00   1.4382E+00   6.7127E+00  -3.1920E-01   1.1769E-01  -1.0986E+00
   1967.50   3.0613E+01   1.3929E+01   2.3417E+01  -3.7202E+00   1.3714E+00   6.4015E+00  -3.0442E-01   1.1222E-01  -1.0477E+00
   1967.58   3.0829E+01   1.3747E+01   2.3953E+01  -3.5071E+00   1.2926E+00   6.0343E+00  -2.8698E-01   1.0577E-01  -9.8757E-01
   1967.67   3.1062E+01   1.3555E+01   2.4513E+01  -3.2615E+00   1.2018E+00   5.6111E+00  -2.6689E-01   9.8344E-02  -9.1831E-01
   1967.75   3.1311E+01   1.3353E+01   2.5094E+01  -2.9834E+00   1.0990E+00   5.1319E+00  -2.4414E-01   8.9931E-02  -8.3988E-01
   1967.83   3.1577E+01   1.3141E+01   2.5698E+01  -2.6729E+00   9.8417E-01   4.5967E+00  -2.1872E-01   8.0535E-02  -7.5229E-01
   1967.92   3.1859E+01   1.2920E+01   2.6324E+01  -2.3299E+00   8.5734E-01   4.0055E+00  -1.9066E-01   7.0157E-02  -6.5554E-01
   1968.00   3.2158E+01   1.2688E+01   2.6972E+01  -1.9544E+00   7.1851E-01   3.3583E+00  -1.5993E-01   5.8796E-02  -5.4962E-01
   1968.08   3.2461E+01   1.2462E+01   2.7614E+01  -1.5715E+00   5.7693E-01   2.6983E+00  -1.2859E-01   4.7210E-02  -4.4161E-01
   1968.17   3.2755E+01   1.2255E+01   2.8224E+01  -1.2062E+00   4.4187E-01   2.0688E+00  -9.8701E-02   3.6159E-02  -3.3858E-01
   1968.25   3.3038E+01   1.2068E+01   2.8800E+01  -8.5849E-01   3.1334E-01   1.4696E+00  -7.0251E-02   2.5641E-02  -2.4052E-01
   1968.33   3.3313E+01   1.1900E+01   2.9344E+01  -5.2846E-01   1.9133E-01   9.0083E-01  -4.3244E-02   1.5657E-02  -1.4743E-01
   1968.42   3.3578E+01   1.1752E+01   2.9854E+01  -2.1605E-01   7.5844E-02   3.6246E-01  -1.7679E-02   6.2063E-03  -5.9320E-02
   1968.50   3.3833E+01   1.1624E+01   3.0331E+01   7.8727E-02  -3.3121E-02  -1.4552E-01   6.4423E-03  -2.7103E-03   2.3816E-02
   1968.58   3.4079E+01   1.1515E+01   3.0775E+01   3.5588E-01  -1.3556E-01  -6.2310E-01   2.9121E-02  -1.1093E-02   1.0198E-01
   1968.67   3.4315E+01   1.1426E+01   3.1186E+01   6.1539E-01  -2.3148E-01  -1.0703E+00   5.0358E-02  -1.8942E-02   1.7516E-01
   1968.75   3.4541E+01   1.1356E+01   3.1563E+01   8.5728E-01  -3.2088E-01  -1.4871E+00   7.0152E-02  -2.6258E-02   2.4338E-01
   1968.83   3.4759E+01   1.1306E+01   3.1908E+01   1.0815E+00  -4.0376E-01  -1.8735E+00   8.8503E-02  -3.3039E-02   3.0661E-01
   1968.92   3.4966E+01   1.1276E+01   3.2219E+01   1.2882E+00  -4.8011E-01  -2.2295E+00   1.0541E-01  -3.9287E-02   3.6488E-01
   1969.00   3.5164E+01   1.1265E+01   3.2498E+01   1.4772E+00  -5.4994E-01  -2.5551E+00   1.2088E-01  -4.5002E-02   4.1816E-01
   1969.08   3.5353E+01   1.1274E+01   3.2743E+01   1.6485E+00  -6.1324E-01  -2.8503E+00   1.3490E-01  -5.0182E-02   4.6647E-01
   1969.17   3.5532E+01   1.1303E+01   3.2955E+01   1.8023E+00  -6.7003E-01  -3.1151E+00   1.4748E-01  -5.4829E-02   5.0981E-01
   1969.25   3.5702E+01   1.1351E+01   3.3134E+01   1.9384E+00  -7.2029E-01  -3.3495E+00   1.5862E-01  -5.8942E-02   5.4818E-01
   1969.33   3.5862E+01   1.1419E+01   3.3280E+01   2.0569E+00  -7.6403E-01  -3.5535E+00   1.6831E-01  -6.2521E-02   5.8156E-01
   1969.42   3.6012E+01   1.1506E+01   3.3392E+01   2.1577E+00  -8.0124E-01  -3.7271E+00   1.7657E-01  -6.5566E-02   6.0998E-01
   1969.50   3.6153E+01   1.1614E+01   3.3472E+01   2.2409E+00  -8.3194E-01  -3.8703E+00   1.8338E-01  -6.8078E-02   6.3342E-01
   1969.58   3.6285E+01   1.1740E+01   3.3519E+01   2.3065E+00  -8.5611E-01  -3.9831E+00   1.8875E-01  -7.0056E-02   6.5188E-01
   1969.67   3.6406E+01   1.1887E+01   3.3532E+01   2.3545E+00  -8.7376E-01  -4.0655E+00   1.9267E-01  -7.1500E-02   6.6537E-01
   1969.75   3.6519E+01   1.2053E+01   3.3512E+01   2.3848E+00  -8.8488E-01  -4.1176E+00   1.9515E-01  -7.2410E-02   6.7388E-01
   1969.83   3.6622E+01   1.2238E+01   3.3459E+01   2.3975E+00  -8.8949E-01  -4.1392E+00   1.9619E-01  -7.2787E-02   6.7742E-01
   1969.92   3.6715E+01   1.2444E+01   3.3373E+01   2.3926E+00  -8.8757E-01  -4.1304E+00   1.9579E-01  -7.2630E-02   6.7599E-01
   1970.00   3.6799E+01   1.2669E+01   3.3254E+01   2.3701E+00  -8.7912E-01  -4.0912E+00   1.9394E-01  -7.1939E-02   6.6957E-01
   1970.08   3.6873E+01   1.2908E+01   3.3118E+01   2.3329E+00  -8.6530E-01  -4.0269E+00   1.9090E-01  -7.0808E-02   6.5905E-01
   1970.17   3.6937E+01   1.3158E+01   3.2980E+01   2.2841E+00  -8.4722E-01  -3.9426E+00   1.8691E-01  -6.9328E-02   6.4525E-01
   1970.25   3.6991E+01   1.3418E+01   3.2842E+01   2.2236E+00  -8.2489E-01  -3.8384E+00   1.8196E-01  -6.7501E-02   6.2820E-01
   1970.33   3.7035E+01   1.3688E+01   3.2703E+01   2.1516E+00  -7.9831E-01  -3.7143E+00   1.7606E-01  -6.5326E-02   6.0788E-01
   1970.42   3.7069E+01   1.3968E+01   3.2562E+01   2.0679E+00  -7.6748E-01  -3.5702E+00   1.6921E-01  -6.2803E-02   5.8431E-01
   1970.50   3.7093E+01   1.4259E+01   3.2421E+01   1.9725E+00  -7.3240E-01  -3.4062E+00   1.6141E-01  -5.9933E-02   5.5747E-01
   1970.58   3.7107E+01   1.4559E+01   3.2278E+01   1.8656E+00  -6.9308E-01  -3.2223E+00   1.5266E-01  -5.6715E-02   5.2736E-01
   1970.67   3.7111E+01   1.4869E+01   3.2135E+01   1.7470E+00  -6.4950E-01  -3.0184E+00   1.4296E-01  -5.3149E-02   4.9400E-01
   1970.75   3.7105E+01   1.5190E+01   3.1990E+01   1.6168E+00  -6.0167E-01  -2.7946E+00   1.3231E-01  -4.9235E-02   4.5737E-01
   1970.83   3.7089E+01   1.5521E+01   3.1844E+01   1.4750E+00  -5.4959E-01  -2.5509E+00   1.2070E-01  -4.4973E-02   4.1748E-01
   1970.92   3.7064E+01   1.5861E+01   3.1698E+01   1.3215E+00  -4.9326E-01  -2.2872E+00   1.0814E-01  -4.0364E-02   3.7433E-01
   1971.00   3.7028E+01   1.6212E+01   3.1550E+01   1.1565E+00  -4.3268E-01  -2.0036E+00   9.4634E-02  -3.5407E-02   3.2791E-01
   1971.08   3.6982E+01   1.6573E+01   3.1401E+01   9.7976E-01  -3.6786E-01  -1.7001E+00   8.0174E-02  -3.0102E-02   2.7824E-01
   1971.17   3.6926E+01   1.6944E+01   3.1252E+01   7.9142E-01  -2.9878E-01  -1.3766E+00   6.4762E-02  -2.4449E-02   2.2530E-01
   1971.25   3.6860E+01   1.7325E+01   3.1101E+01   5.9146E-01  -2.2545E-01  -1.0332E+00   4.8399E-02  -1.8449E-02   1.6910E-01
   1971.33   3.6784E+01   1.7717E+01   3.0949E+01   3.7987E-01  -1.4787E-01  -6.6988E-01   3.1085E-02  -1.2100E-02   1.0963E-01
   1971.42   3.6698E+01   1.8118E+01   3.0796E+01   1.5665E-01  -6.6044E-02  -2.8661E-01   1.2819E-02  -5.4044E-03   4.6907E-02
   1971.50   3.6602E+01   1.8529E+01   3.0642E+01  -7.8192E-02   2.0034E-02   1.1659E-01  -6.3985E-03   1.6394E-03  -1.9081E-02
   1971.58   3.6496E+01   1.8951E+01   3.0487E+01  -3.2466E-01   1.1036E-01   5.3973E-01  -2.6567E-02   9.0310E-03  -8.8332E-02
   1971.67   3.6380E+01   1.9383E+01   3.0331E+01  -5.8276E-01   2.0494E-01   9.8279E-01  -4.7688E-02   1.6770E-02  -1.6084E-01
   1971.75   3.6254E+01   1.9824E+01   3.0174E+01  -8.5249E-01   3.0377E-01   1.4458E+00  -6.9759E-02   2.4857E-02  -2.3662E-01
   1971.83   3.6118E+01   2.0276E+01   3.0016E+01  -1.1338E+00   4.0685E-01   1.9287E+00  -9.2782E-02   3.3292E-02  -3.1566E-01
   1971.92   3.5972E+01   2.0738E+01   2.9857E+01  -1.4268E+00   5.1417E-01   2.4316E+00  -1.1676E-01   4.2075E-02  -3.9796E-01
   1972.00   3.5816E+01   2.1210E+01   2.9697E+01  -1.7314E+00   6.2575E-01   2.9544E+00  -1.4168E-01   5.1206E-02  -4.8352E-01
   1972.08   3.5660E+01   2.1685E+01   2.9542E+01  -2.0250E+00   7.3331E-01   3.4583E+00  -1.6571E-01   6.0007E-02  -5.6600E-01
   1972.17   3.5514E+01   2.2156E+01   2.9399E+01  -2.2850E+00   8.2857E-01   3.9047E+00  -1.8699E-01   6.7802E-02  -6.3904E-01
   1972.25   3.5378E+01   2.2623E+01   2.9267E+01  -2.5114E+00   9.1154E-01   4.2933E+00  -2.0551E-01   7.4592E-02  -7.0265E-01
   1972.33   3.5253E+01   2.3085E+01   2.9148E+01  -2.7042E+00   9.8222E-01   4.6243E+00  -2.2129E-01   8.0376E-02  -7.5682E-01
   1972.42   3.5137E+01   2.3544E+01   2.9040E+01  -2.8634E+00   1.0406E+00   4.8977E+00  -2.3431E-01   8.5153E-02  -8.0157E-01
   1972.50   3.5032E+01   2.3998E+01   2.8944E+01  -2.9890E+00   1.0867E+00   5.1135E+00  -2.4459E-01   8.8925E-02  -8.3687E-01
   1972.58   3.4937E+01   2.4448E+01   2.8859E+01  -3.0810E+00   1.1205E+00   5.2716E+00  -2.5212E-01   9.1691E-02  -8.6275E-01
   1972.67   3.4852E+01   2.4894E+01   2.8786E+01  -3.1393E+00   1.1420E+00   5.3720E+00  -2.5689E-01   9.3451E-02  -8.7919E-01
   1972.75   3.4777E+01   2.5336E+01   2.8725E+01  -3.1641E+00   1.1512E+00   5.4148E+00  -2.5892E-01   9.4206E-02  -8.8620E-01
   1972.83   3.4713E+01   2.5773E+01   2.8676E+01  -3.1552E+00   1.1482E+00   5.4000E+00  -2.5819E-01   9.3954E-02  -8.8377E-01
   1972.92   3.4658E+01   2.6207E+01   2.8639E+01  -3.1127E+00   1.1328E+00   5.3276E+00  -2.5472E-01   9.2696E-02  -8.7191E-01
   1973.00   3.4614E+01   2.6636E+01   2.8613E+01  -3.0366E+00   1.1051E+00   5.1975E+00  -2.4849E-01   9.0432E-02  -8.5062E-01
   1973.08   3.4580E+01   2.7061E+01   2.8599E+01  -2.9270E+00   1.0652E+00   5.0097E+00  -2.3951E-01   8.7163E-02  -8.1989E-01
   1973.17   3.4556E+01   2.7482E+01   2.8596E+01  -2.7837E+00   1.0129E+00   4.7643E+00  -2.2779E-01   8.2888E-02  -7.7973E-01
   1973.25   3.4542E+01   2.7899E+01   2.8605E+01  -2.6068E+00   9.4838E-01   4.4613E+00  -2.1331E-01   7.7606E-02  -7.3014E-01
   1973.33   3.4538E+01   2.8312E+01   2.8626E+01  -2.3962E+00   8.7155E-01   4.1006E+00  -1.9609E-01   7.1319E-02  -6.7111E-01
   1973.42   3.4545E+01   2.8720E+01   2.8659E+01  -2.1521E+00   7.8242E-01   3.6823E+00  -1.7611E-01   6.4026E-02  -6.0265E-01
   1973.50   3.4562E+01   2.9124E+01   2.8704E+01  -1.8744E+00   6.8101E-01   3.2064E+00  -1.5338E-01   5.5727E-02  -5.2475E-01
   1973.58   3.4588E+01   2.9525E+01   2.8760E+01  -1.5631E+00   5.6730E-01   2.6728E+00  -1.2791E-01   4.6422E-02  -4.3743E-01
   1973.67   3.4625E+01   2.9921E+01   2.8828E+01  -1.2181E+00   4.4129E-01   2.0815E+00  -9.9678E-02   3.6111E-02  -3.4066E-01
   1973.75   3.4672E+01   3.0312E+01   2.8908E+01  -8.3955E-01   3.0300E-01   1.4326E+00  -6.8701E-02   2.4794E-02  -2.3447E-01
   1973.83   3.4729E+01   3.0700E+01   2.8999E+01  -4.2739E-01   1.5241E-01   7.2613E-01  -3.4973E-02   1.2472E-02  -1.1884E-01
   1973.92   3.4797E+01   3.1084E+01   2.9102E+01   1.8384E-02  -1.0469E-02  -3.8030E-02   1.5044E-03  -8.5671E-04   6.2240E-03
   1974.00   3.4874E+01   3.1463E+01   2.9217E+01   4.9777E-01  -1.8564E-01  -8.5983E-01   4.0732E-02  -1.5191E-02   1.4072E-01
   1974.08   3.4949E+01   3.1840E+01   2.9325E+01   9.7297E-01  -3.5931E-01  -1.6745E+00   7.9619E-02  -2.9402E-02   2.7405E-01
   1974.17   3.5008E+01   3.2216E+01   2.9408E+01   1.4062E+00  -5.1767E-01  -2.4173E+00   1.1507E-01  -4.2361E-02   3.9562E-01
   1974.25   3.5051E+01   3.2591E+01   2.9466E+01   1.7975E+00  -6.6074E-01  -3.0883E+00   1.4709E-01  -5.4068E-02   5.0543E-01
   1974.33   3.5078E+01   3.2964E+01   2.9499E+01   2.1469E+00  -7.8849E-01  -3.6873E+00   1.7568E-01  -6.4523E-02   6.0347E-01
   1974.42   3.5089E+01   3.3338E+01   2.9507E+01   2.4543E+00  -9.0095E-01  -4.2145E+00   2.0083E-01  -7.3725E-02   6.8975E-01
   1974.50   3.5084E+01   3.3710E+01   2.9490E+01   2.7197E+00  -9.9810E-01  -4.6698E+00   2.2256E-01  -8.1675E-02   7.6427E-01
   1974.58   3.5063E+01   3.4081E+01   2.9448E+01   2.9432E+00  -1.0799E+00  -5.0533E+00   2.4084E-01  -8.8373E-02   8.2702E-01
   1974.67   3.5027E+01   3.4451E+01   2.9380E+01   3.1247E+00  -1.1465E+00  -5.3648E+00   2.5570E-01  -9.3818E-02   8.7801E-01
   1974.75   3.4975E+01   3.4820E+01   2.9288E+01   3.2643E+00  -1.1977E+00  -5.6045E+00   2.6712E-01  -9.8011E-02   9.1724E-01
   1974.83   3.4906E+01   3.5188E+01   2.9170E+01   3.3620E+00  -1.2337E+00  -5.7724E+00   2.7511E-01  -1.0095E-01   9.4471E-01
   1974.92   3.4822E+01   3.5556E+01   2.9028E+01   3.4176E+00  -1.2543E+00  -5.8683E+00   2.7967E-01  -1.0264E-01   9.6041E-01
   1975.00   3.4722E+01   3.5922E+01   2.8860E+01   3.4314E+00  -1.2596E+00  -5.8924E+00   2.8079E-01  -1.0308E-01   9.6435E-01
   1975.08   3.4606E+01   3.6288E+01   2.8668E+01   3.4031E+00  -1.2497E+00  -5.8446E+00   2.7848E-01  -1.0226E-01   9.5653E-01
   1975.17   3.4475E+01   3.6652E+01   2.8450E+01   3.3329E+00  -1.2244E+00  -5.7249E+00   2.7274E-01  -1.0019E-01   9.3694E-01
   1975.25   3.4327E+01   3.7016E+01   2.8207E+01   3.2208E+00  -1.1838E+00  -5.5334E+00   2.6356E-01  -9.6872E-02   9.0559E-01
   1975.33   3.4164E+01   3.7378E+01   2.7939E+01   3.0667E+00  -1.1279E+00  -5.2699E+00   2.5095E-01  -9.2300E-02   8.6248E-01
   1975.42   3.3984E+01   3.7740E+01   2.7646E+01   2.8707E+00  -1.0568E+00  -4.9346E+00   2.3491E-01  -8.6475E-02   8.0761E-01
   1975.50   3.3789E+01   3.8101E+01   2.7328E+01   2.6327E+00  -9.7027E-01  -4.5275E+00   2.1543E-01  -7.9397E-02   7.4097E-01
   1975.58   3.3578E+01   3.8460E+01   2.6985E+01   2.3527E+00  -8.6848E-01  -4.0484E+00   1.9252E-01  -7.1068E-02   6.6257E-01
   1975.67   3.3351E+01   3.8819E+01   2.6617E+01   2.0308E+00  -7.5138E-01  -3.4975E+00   1.6618E-01  -6.1486E-02   5.7241E-01
   1975.75   3.3108E+01   3.9177E+01   2.6224E+01   1.6669E+00  -6.1899E-01  -2.8747E+00   1.3641E-01  -5.0652E-02   4.7048E-01
   1975.83   3.2849E+01   3.9534E+01   2.5806E+01   1.2611E+00  -4.7129E-01  -2.1801E+00   1.0320E-01  -3.8565E-02   3.5679E-01
   1975.92   3.2575E+01   3.9890E+01   2.5363E+01   8.1337E-01  -3.0828E-01  -1.4135E+00   6.6558E-02  -2.5227E-02   2.3134E-01
   1976.00   3.2284E+01   4.0245E+01   2.4894E+01   3.2365E-01  -1.2998E-01  -5.7512E-01   2.6485E-02  -1.0636E-02   9.4125E-02
   1976.08   3.1987E+01   4.0597E+01   2.4416E+01  -1.6724E-01   4.8782E-02   2.6534E-01  -1.3685E-02   3.9918E-03  -4.3425E-02
   1976.17   3.1691E+01   4.0945E+01   2.3944E+01  -6.1851E-01   2.1314E-01   1.0380E+00  -5.0613E-02   1.7441E-02  -1.6988E-01
   1976.25   3.1397E+01   4.1288E+01   2.3477E+01  -1.0302E+00   3.6310E-01   1.7429E+00  -8.4300E-02   2.9712E-02  -2.8525E-01
   1976.33   3.1105E+01   4.1627E+01   2.3016E+01  -1.4022E+00   4.9865E-01   2.3800E+00  -1.1474E-01   4.0805E-02  -3.8952E-01
   1976.42   3.0814E+01   4.1961E+01   2.2561E+01  -1.7347E+00   6.1981E-01   2.9494E+00  -1.4195E-01   5.0719E-02  -4.8270E-01
   1976.50   3.0526E+01   4.2291E+01   2.2112E+01  -2.0275E+00   7.2656E-01   3.4510E+00  -1.6591E-01   5.9455E-02  -5.6479E-01
   1976.58   3.0239E+01   4.2616E+01   2.1668E+01  -2.2807E+00   8.1892E-01   3.8848E+00  -1.8663E-01   6.7012E-02  -6.3578E-01
   1976.67   2.9954E+01   4.2936E+01   2.1230E+01  -2.4943E+00   8.9687E-01   4.2508E+00  -2.0411E-01   7.3391E-02  -6.9569E-01
   1976.75   2.9670E+01   4.3252E+01   2.0798E+01  -2.6683E+00   9.6042E-01   4.5490E+00  -2.1835E-01   7.8592E-02  -7.4450E-01
   1976.83   2.9389E+01   4.3563E+01   2.0371E+01  -2.8026E+00   1.0096E+00   4.7795E+00  -2.2934E-01   8.2614E-02  -7.8222E-01
   1976.92   2.9109E+01   4.3870E+01   1.9950E+01  -2.8974E+00   1.0443E+00   4.9422E+00  -2.3710E-01   8.5458E-02  -8.0884E-01
   1977.00   2.8831E+01   4.4172E+01   1.9535E+01  -2.9526E+00   1.0647E+00   5.0371E+00  -2.4161E-01   8.7123E-02  -8.2437E-01
   1977.08   2.8554E+01   4.4470E+01   1.9126E+01  -2.9681E+00   1.0706E+00   5.0642E+00  -2.4288E-01   8.7610E-02  -8.2882E-01
   1977.17   2.8280E+01   4.4763E+01   1.8722E+01  -2.9440E+00   1.0622E+00   5.0236E+00  -2.4091E-01   8.6918E-02  -8.2216E-01
   1977.25   2.8007E+01   4.5052E+01   1.8324E+01  -2.8803E+00   1.0393E+00   4.9152E+00  -2.3570E-01   8.5049E-02  -8.0442E-01
   1977.33   2.7736E+01   4.5336E+01   1.7932E+01  -2.7770E+00   1.0021E+00   4.7390E+00  -2.2724E-01   8.2000E-02  -7.7558E-01
   1977.42   2.7467E+01   4.5615E+01   1.7545E+01  -2.6341E+00   9.5042E-01   4.4950E+00  -2.1555E-01   7.7774E-02  -7.3565E-01
   1977.50   2.7200E+01   4.5890E+01   1.7164E+01  -2.4516E+00   8.8437E-01   4.1832E+00  -2.0061E-01   7.2369E-02  -6.8463E-01
   1977.58   2.6934E+01   4.6160E+01   1.6789E+01  -2.2294E+00   8.0392E-01   3.8037E+00  -1.8243E-01   6.5785E-02  -6.2252E-01
   1977.67   2.6670E+01   4.6426E+01   1.6420E+01  -1.9676E+00   7.0907E-01   3.3564E+00  -1.6101E-01   5.8023E-02  -5.4931E-01
   1977.75   2.6408E+01   4.6687E+01   1.6056E+01  -1.6663E+00   5.9981E-01   2.8413E+00  -1.3635E-01   4.9083E-02  -4.6501E-01
   1977.83   2.6148E+01   4.6944E+01   1.5698E+01  -1.3253E+00   4.7616E-01   2.2585E+00  -1.0845E-01   3.8964E-02  -3.6962E-01
   1977.92   2.5889E+01   4.7196E+01   1.5346E+01  -9.4469E-01   3.3810E-01   1.6078E+00  -7.7305E-02   2.7667E-02  -2.6314E-01
   1978.00   2.5632E+01   4.7444E+01   1.5000E+01  -5.2448E-01   1.8565E-01   8.8941E-01  -4.2919E-02   1.5192E-02  -1.4556E-01
   1978.08   2.5373E+01   4.7680E+01   1.4659E+01  -1.0325E-01   3.2782E-02   1.6920E-01  -8.4493E-03   2.6825E-03  -2.7691E-02
   1978.17   2.5107E+01   4.7899E+01   1.4326E+01   2.8040E-01  -1.0650E-01  -4.8684E-01   2.2946E-02  -8.7150E-03   7.9676E-02
   1978.25   2.4835E+01   4.8099E+01   1.4000E+01   6.2649E-01  -2.3220E-01  -1.0787E+00   5.1266E-02  -1.9001E-02   1.7654E-01
   1978.33   2.4556E+01   4.8282E+01   1.3681E+01   9.3500E-01  -3.4432E-01  -1.6064E+00   7.6511E-02  -2.8176E-02   2.6290E-01
   1978.42   2.4270E+01   4.8447E+01   1.3368E+01   1.2059E+00  -4.4286E-01  -2.0699E+00   9.8682E-02  -3.6239E-02   3.3876E-01
   1978.50   2.3977E+01   4.8594E+01   1.3063E+01   1.4393E+00  -5.2781E-01  -2.4692E+00   1.1778E-01  -4.3191E-02   4.0411E-01
   1978.58   2.3678E+01   4.8724E+01   1.2764E+01   1.6351E+00  -5.9918E-01  -2.8044E+00   1.3380E-01  -4.9031E-02   4.5896E-01
   1978.67   2.3372E+01   4.8835E+01   1.2473E+01   1.7933E+00  -6.5697E-01  -3.0753E+00   1.4675E-01  -5.3760E-02   5.0331E-01
   1978.75   2.3060E+01   4.8929E+01   1.2188E+01   1.9140E+00  -7.0118E-01  -3.2821E+00   1.5662E-01  -5.7378E-02   5.3716E-01
   1978.83   2.2741E+01   4.9005E+01   1.1910E+01   1.9970E+00  -7.3180E-01  -3.4248E+00   1.6342E-01  -5.9884E-02   5.6050E-01
   1978.92   2.2415E+01   4.9062E+01   1.1640E+01   2.0425E+00  -7.4885E-01  -3.5032E+00   1.6714E-01  -6.1278E-02   5.7334E-01
   1979.00   2.2083E+01   4.9102E+01   1.1376E+01   2.0504E+00  -7.5231E-01  -3.5175E+00   1.6779E-01  -6.1561E-02   5.7567E-01
   1979.08   2.1744E+01   4.9125E+01   1.1119E+01   2.0208E+00  -7.4218E-01  -3.4676E+00   1.6536E-01  -6.0733E-02   5.6750E-01
   1979.17   2.1398E+01   4.9129E+01   1.0869E+01   1.9536E+00  -7.1848E-01  -3.3535E+00   1.5986E-01  -5.8793E-02   5.4883E-01
   1979.25   2.1046E+01   4.9115E+01   1.0626E+01   1.8488E+00  -6.8119E-01  -3.1752E+00   1.5129E-01  -5.5742E-02   5.1966E-01
   1979.33   2.0687E+01   4.9084E+01   1.0390E+01   1.7064E+00  -6.3033E-01  -2.9328E+00   1.3964E-01  -5.1580E-02   4.7998E-01
   1979.42   2.0321E+01   4.9035E+01   1.0161E+01   1.5265E+00  -5.6587E-01  -2.6261E+00   1.2491E-01  -4.6306E-02   4.2980E-01
   1979.50   1.9949E+01   4.8968E+01   9.9385E+00   1.3089E+00  -4.8784E-01  -2.2553E+00   1.0711E-01  -3.9920E-02   3.6911E-01
   1979.58   1.9570E+01   4.8883E+01   9.7233E+00   1.0539E+00  -3.9623E-01  -1.8204E+00   8.6238E-02  -3.2423E-02   2.9792E-01
   1979.67   1.9184E+01   4.8780E+01   9.5150E+00   7.6120E-01  -2.9103E-01  -1.3212E+00   6.2289E-02  -2.3815E-02   2.1623E-01
   1979.75   1.8792E+01   4.8659E+01   9.3136E+00   4.3096E-01  -1.7225E-01  -7.5790E-01   3.5266E-02  -1.4095E-02   1.2404E-01
   1979.83   1.8393E+01   4.8521E+01   9.1192E+00   6.3152E-02  -3.9888E-02  -1.3040E-01   5.1678E-03  -3.2640E-03   2.1341E-02
   1979.92   1.7987E+01   4.8365E+01   8.9317E+00  -3.4223E-01   1.0606E-01   5.6128E-01  -2.8005E-02   8.6786E-03  -9.1860E-02
   1980.00   1.7575E+01   4.8190E+01   8.7511E+00  -7.8519E-01   2.6558E-01   1.3171E+00  -6.4252E-02   2.1733E-02  -2.1556E-01
   1980.08   1.7168E+01   4.8012E+01   8.5802E+00  -1.2297E+00   4.2571E-01   2.0758E+00  -1.0063E-01   3.4836E-02  -3.3972E-01
   1980.17   1.6777E+01   4.7842E+01   8.4216E+00  -1.6399E+00   5.7345E-01   2.7757E+00  -1.3419E-01   4.6926E-02  -4.5428E-01
   1980.25   1.6403E+01   4.7680E+01   8.2752E+00  -2.0157E+00   7.0881E-01   3.4171E+00  -1.6495E-01   5.8002E-02  -5.5924E-01
   1980.33   1.6046E+01   4.7528E+01   8.1412E+00  -2.3571E+00   8.3178E-01   3.9997E+00  -1.9289E-01   6.8065E-02  -6.5460E-01
   1980.42   1.5705E+01   4.7384E+01   8.0195E+00  -2.6642E+00   9.4237E-01   4.5238E+00  -2.1801E-01   7.7114E-02  -7.4036E-01
   1980.50   1.5381E+01   4.7249E+01   7.9101E+00  -2.9368E+00   1.0406E+00   4.9891E+00  -2.4032E-01   8.5151E-02  -8.1653E-01
   1980.58   1.5074E+01   4.7123E+01   7.8129E+00  -3.1751E+00   1.1264E+00   5.3959E+00  -2.5982E-01   9.2173E-02  -8.8309E-01
   1980.67   1.4784E+01   4.7005E+01   7.7281E+00  -3.3790E+00   1.1998E+00   5.7440E+00  -2.7651E-01   9.8183E-02  -9.4006E-01
   1980.75   1.4510E+01   4.6896E+01   7.6556E+00  -3.5486E+00   1.2609E+00   6.0334E+00  -2.9038E-01   1.0318E-01  -9.8743E-01
   1980.83   1.4252E+01   4.6796E+01   7.5954E+00  -3.6837E+00   1.3096E+00   6.2642E+00  -3.0144E-01   1.0716E-01  -1.0252E+00
   1980.92   1.4012E+01   4.6705E+01   7.5475E+00  -3.7845E+00   1.3458E+00   6.4363E+00  -3.0969E-01   1.1013E-01  -1.0534E+00
   1981.00   1.3788E+01   4.6622E+01   7.5119E+00  -3.8509E+00   1.3697E+00   6.5498E+00  -3.1512E-01   1.1209E-01  -1.0719E+00
   1981.08   1.3580E+01   4.6548E+01   7.4885E+00  -3.8829E+00   1.3813E+00   6.6046E+00  -3.1774E-01   1.1303E-01  -1.0809E+00
   1981.17   1.3390E+01   4.6483E+01   7.4775E+00  -3.8805E+00   1.3804E+00   6.6008E+00  -3.1755E-01   1.1296E-01  -1.0803E+00
   1981.25   1.3216E+01   4.6427E+01   7.4788E+00  -3.8438E+00   1.3671E+00   6.5384E+00  -3.1454E-01   1.1187E-01  -1.0701E+00
   1981.33   1.3059E+01   4.6379E+01   7.4924E+00  -3.7727E+00   1.3415E+00   6.4173E+00  -3.0872E-01   1.0978E-01  -1.0503E+00
   1981.42   1.2918E+01   4.6340E+01   7.5183E+00  -3.6672E+00   1.3035E+00   6.2375E+00  -3.0009E-01   1.0666E-01  -1.0208E+00
   1981.50   1.2794E+01   4.6310E+01   7.5565E+00  -3.5273E+00   1.2531E+00   5.9991E+00  -2.8864E-01   1.0254E-01  -9.8182E-01
   1981.58   1.2687E+01   4.6289E+01   7.6070E+00  -3.3531E+00   1.1903E+00   5.7021E+00  -2.7438E-01   9.7402E-02  -9.3320E-01
   1981.67   1.2596E+01   4.6276E+01   7.6698E+00  -3.1445E+00   1.1151E+00   5.3464E+00  -2.5731E-01   9.1251E-02  -8.7499E-01
   1981.75   1.2522E+01   4.6272E+01   7.7449E+00  -2.9015E+00   1.0276E+00   4.9320E+00  -2.3743E-01   8.4086E-02  -8.0718E-01
   1981.83   1.2465E+01   4.6277E+01   7.8323E+00  -2.6241E+00   9.2762E-01   4.4590E+00  -2.1473E-01   7.5908E-02  -7.2977E-01
   1981.92   1.2424E+01   4.6291E+01   7.9320E+00  -2.3123E+00   8.1530E-01   3.9274E+00  -1.8922E-01   6.6716E-02  -6.4276E-01
   1982.00   1.2400E+01   4.6313E+01   8.0440E+00  -1.9662E+00   6.9059E-01   3.3371E+00  -1.6089E-01   5.6511E-02  -5.4615E-01
   1982.08   1.2377E+01   4.6338E+01   8.1617E+00  -1.6099E+00   5.6226E-01   2.7296E+00  -1.3174E-01   4.6010E-02  -4.4672E-01
   1982.17   1.2341E+01   4.6358E+01   8.2783E+00  -1.2679E+00   4.3907E-01   2.1462E+00  -1.0375E-01   3.5929E-02  -3.5125E-01
   1982.25   1.2291E+01   4.6374E+01   8.3939E+00  -9.3992E-01   3.2101E-01   1.5870E+00  -7.6914E-02   2.6269E-02  -2.5974E-01
   1982.33   1.2226E+01   4.6386E+01   8.5085E+00  -6.2616E-01   2.0810E-01   1.0520E+00  -5.1239E-02   1.7029E-02  -1.7218E-01
   1982.42   1.2148E+01   4.6394E+01   8.6221E+00  -3.2655E-01   1.0032E-01   5.4124E-01  -2.6722E-02   8.2091E-03  -8.8579E-02
   1982.50   1.2056E+01   4.6398E+01   8.7346E+00  -4.1104E-02  -2.3218E-03   5.4604E-02  -3.3636E-03  -1.8999E-04  -8.9366E-03
   1982.58   1.1951E+01   4.6397E+01   8.8461E+00   2.3018E-01  -9.9824E-02  -4.0785E-01   1.8836E-02  -8.1687E-03   6.6749E-02
   1982.67   1.1831E+01   4.6393E+01   8.9566E+00   4.8731E-01  -1.9219E-01  -8.4612E-01   3.9877E-02  -1.5727E-02   1.3848E-01
   1982.75   1.1697E+01   4.6384E+01   9.0661E+00   7.3028E-01  -2.7942E-01  -1.2602E+00   5.9759E-02  -2.2865E-02   2.0625E-01
   1982.83   1.1550E+01   4.6371E+01   9.1746E+00   9.5908E-01  -3.6150E-01  -1.6501E+00   7.8482E-02  -2.9582E-02   2.7006E-01
   1982.92   1.1389E+01   4.6354E+01   9.2820E+00   1.1737E+00  -4.3845E-01  -2.0159E+00   9.6047E-02  -3.5879E-02   3.2992E-01
   1983.00   1.1213E+01   4.6332E+01   9.3884E+00   1.3742E+00  -5.1027E-01  -2.3574E+00   1.1245E-01  -4.1755E-02   3.8582E-01
   1983.08   1.1024E+01   4.6306E+01   9.4938E+00   1.5605E+00  -5.7694E-01  -2.6748E+00   1.2770E-01  -4.7211E-02   4.3776E-01
   1983.17   1.0821E+01   4.6277E+01   9.5982E+00   1.7327E+00  -6.3848E-01  -2.9680E+00   1.4179E-01  -5.2247E-02   4.8574E-01
   1983.25   1.0605E+01   4.6243E+01   9.7015E+00   1.8907E+00  -6.9487E-01  -3.2370E+00   1.5472E-01  -5.6862E-02   5.2977E-01
   1983.33   1.0374E+01   4.6205E+01   9.8039E+00   2.0346E+00  -7.4613E-01  -3.4819E+00   1.6649E-01  -6.1056E-02   5.6984E-01
   1983.42   1.0129E+01   4.6162E+01   9.9052E+00   2.1643E+00  -7.9226E-01  -3.7025E+00   1.7710E-01  -6.4831E-02   6.0596E-01
   1983.50   9.8709E+00   4.6116E+01   1.0005E+01   2.2798E+00  -8.3324E-01  -3.8990E+00   1.8656E-01  -6.8184E-02   6.3811E-01
   1983.58   9.5986E+00   4.6065E+01   1.0105E+01   2.3812E+00  -8.6909E-01  -4.0713E+00   1.9485E-01  -7.1118E-02   6.6631E-01
   1983.67   9.3124E+00   4.6010E+01   1.0203E+01   2.4684E+00  -8.9979E-01  -4.2194E+00   2.0199E-01  -7.3630E-02   6.9055E-01
   1983.75   9.0124E+00   4.5951E+01   1.0300E+01   2.5414E+00  -9.2536E-01  -4.3434E+00   2.0797E-01  -7.5723E-02   7.1084E-01
   1983.83   8.6985E+00   4.5888E+01   1.0396E+01   2.6003E+00  -9.4579E-01  -4.4431E+00   2.1278E-01  -7.7395E-02   7.2717E-01
   1983.92   8.3707E+00   4.5820E+01   1.0492E+01   2.6450E+00  -9.6109E-01  -4.5187E+00   2.1644E-01  -7.8646E-02   7.3954E-01
   1984.00   8.0291E+00   4.5749E+01   1.0586E+01   2.6756E+00  -9.7124E-01  -4.5701E+00   2.1895E-01  -7.9477E-02   7.4795E-01
   1984.08   7.6879E+00   4.5674E+01   1.0682E+01   2.6986E+00  -9.7865E-01  -4.6086E+00   2.2083E-01  -8.0083E-02   7.5424E-01
   1984.17   7.3616E+00   4.5596E+01   1.0784E+01   2.7205E+00  -9.8569E-01  -4.6452E+00   2.2262E-01  -8.0660E-02   7.6024E-01
   1984.25   7.0501E+00   4.5517E+01   1.0891E+01   2.7414E+00  -9.9238E-01  -4.6802E+00   2.2433E-01  -8.1207E-02   7.6596E-01
   1984.33   6.7534E+00   4.5434E+01   1.1004E+01   2.7613E+00  -9.9870E-01  -4.7134E+00   2.2596E-01  -8.1724E-02   7.7139E-01
   1984.42   6.4716E+00   4.5350E+01   1.1123E+01   2.7801E+00  -1.0047E+00  -4.7448E+00   2.2750E-01  -8.2212E-02   7.7654E-01
   1984.50   6.2047E+00   4.5263E+01   1.1246E+01   2.7979E+00  -1.0103E+00  -4.7745E+00   2.2896E-01  -8.2670E-02   7.8139E-01
   1984.58   5.9525E+00   4.5173E+01   1.1376E+01   2.8147E+00  -1.0155E+00  -4.8024E+00   2.3033E-01  -8.3098E-02   7.8596E-01
   1984.67   5.7153E+00   4.5081E+01   1.1511E+01   2.8305E+00  -1.0204E+00  -4.8286E+00   2.3162E-01  -8.3497E-02   7.9024E-01
   1984.75   5.4928E+00   4.4987E+01   1.1651E+01   2.8452E+00  -1.0249E+00  -4.8530E+00   2.3282E-01  -8.3867E-02   7.9424E-01
   1984.83   5.2852E+00   4.4890E+01   1.1797E+01   2.8588E+00  -1.0290E+00  -4.8756E+00   2.3394E-01  -8.4207E-02   7.9795E-01
   1984.92   5.0925E+00   4.4791E+01   1.1948E+01   2.8715E+00  -1.0328E+00  -4.8965E+00   2.3497E-01  -8.4517E-02   8.0137E-01
   1985.00   4.9145E+00   4.4689E+01   1.2105E+01   2.8831E+00  -1.0363E+00  -4.9157E+00   2.3592E-01  -8.4798E-02   8.0451E-01
   1985.08   4.7515E+00   4.4585E+01   1.2267E+01   2.8937E+00  -1.0393E+00  -4.9331E+00   2.3679E-01  -8.5049E-02   8.0735E-01
   1985.17   4.6032E+00   4.4478E+01   1.2435E+01   2.9032E+00  -1.0420E+00  -4.9487E+00   2.3757E-01  -8.5270E-02   8.0992E-01
   1985.25   4.4698E+00   4.4369E+01   1.2608E+01   2.9117E+00  -1.0444E+00  -4.9626E+00   2.3827E-01  -8.5462E-02   8.1219E-01
   1985.33   4.3513E+00   4.4258E+01   1.2787E+01   2.9192E+00  -1.0464E+00  -4.9748E+00   2.3888E-01  -8.5625E-02   8.1418E-01
   1985.42   4.2475E+00   4.4144E+01   1.2971E+01   2.9256E+00  -1.0480E+00  -4.9852E+00   2.3940E-01  -8.5757E-02   8.1588E-01
   1985.50   4.1587E+00   4.4027E+01   1.3161E+01   2.9310E+00  -1.0493E+00  -4.9938E+00   2.3985E-01  -8.5861E-02   8.1729E-01
   1985.58   4.0846E+00   4.3909E+01   1.3356E+01   2.9354E+00  -1.0502E+00  -5.0007E+00   2.4020E-01  -8.5934E-02   8.1842E-01
   1985.67   4.0254E+00   4.3787E+01   1.3557E+01   2.9387E+00  -1.0507E+00  -5.0058E+00   2.4048E-01  -8.5978E-02   8.1926E-01
   1985.75   3.9811E+00   4.3664E+01   1.3763E+01   2.9410E+00  -1.0509E+00  -5.0092E+00   2.4067E-01  -8.5993E-02   8.1981E-01
   1985.83   3.9515E+00   4.3538E+01   1.3975E+01   2.9423E+00  -1.0507E+00  -5.0108E+00   2.4077E-01  -8.5978E-02   8.2008E-01
   1985.92   3.9369E+00   4.3409E+01   1.4192E+01   2.9425E+00  -1.0501E+00  -5.0107E+00   2.4079E-01  -8.5933E-02   8.2006E-01
   1986.00   3.9370E+00   4.3278E+01   1.4415E+01   2.9417E+00  -1.0492E+00  -5.0088E+00   2.4072E-01  -8.5859E-02   8.1975E-01
   1986.08   3.9454E+00   4.3147E+01   1.4634E+01   2.9307E+00  -1.0448E+00  -4.9896E+00   2.3982E-01  -8.5493E-02   8.1660E-01
   1986.17   3.9552E+00   4.3020E+01   1.4843E+01   2.9003E+00  -1.0335E+00  -4.9375E+00   2.3733E-01  -8.4573E-02   8.0808E-01
   1986.25   3.9666E+00   4.2895E+01   1.5040E+01   2.8504E+00  -1.0155E+00  -4.8525E+00   2.3325E-01  -8.3098E-02   7.9416E-01
   1986.33   3.9795E+00   4.2773E+01   1.5225E+01   2.7811E+00  -9.9071E-01  -4.7346E+00   2.2758E-01  -8.1070E-02   7.7486E-01
   1986.42   3.9939E+00   4.2655E+01   1.5399E+01   2.6924E+00  -9.5915E-01  -4.5837E+00   2.2032E-01  -7.8488E-02   7.5018E-01
   1986.50   4.0098E+00   4.2539E+01   1.5562E+01   2.5842E+00  -9.2082E-01  -4.4000E+00   2.1147E-01  -7.5351E-02   7.2011E-01
   1986.58   4.0272E+00   4.2426E+01   1.5713E+01   2.4567E+00  -8.7572E-01  -4.1834E+00   2.0103E-01  -7.1660E-02   6.8465E-01
   1986.67   4.0462E+00   4.2317E+01   1.5853E+01   2.3097E+00  -8.2384E-01  -3.9338E+00   1.8900E-01  -6.7415E-02   6.4381E-01
   1986.75   4.0666E+00   4.2210E+01   1.5982E+01   2.1432E+00  -7.6520E-01  -3.6514E+00   1.7538E-01  -6.2616E-02   5.9759E-01
   1986.83   4.0886E+00   4.2107E+01   1.6099E+01   1.9574E+00  -6.9978E-01  -3.3360E+00   1.6017E-01  -5.7263E-02   5.4597E-01
   1986.92   4.1121E+00   4.2006E+01   1.6205E+01   1.7521E+00  -6.2759E-01  -2.9878E+00   1.4338E-01  -5.1356E-02   4.8898E-01
   1987.00   4.1371E+00   4.1908E+01   1.6300E+01   1.5274E+00  -5.4863E-01  -2.6066E+00   1.2499E-01  -4.4895E-02   4.2660E-01
   1987.08   4.1636E+00   4.1814E+01   1.6383E+01   1.2833E+00  -4.6290E-01  -2.1925E+00   1.0501E-01  -3.7879E-02   3.5883E-01
   1987.17   4.1917E+00   4.1722E+01   1.6454E+01   1.0198E+00  -3.7040E-01  -1.7456E+00   8.3448E-02  -3.0310E-02   2.8568E-01
   1987.25   4.2212E+00   4.1634E+01   1.6515E+01   7.3680E-01  -2.7112E-01  -1.2657E+00   6.0292E-02  -2.2186E-02   2.0714E-01
   1987.33   4.2523E+00   4.1548E+01   1.6564E+01   4.3441E-01  -1.6508E-01  -7.5290E-01   3.5548E-02  -1.3508E-02   1.2322E-01
   1987.42   4.2849E+00   4.1465E+01   1.6601E+01   1.1259E-01  -5.2259E-02  -2.0722E-01   9.2132E-03  -4.2764E-03   3.3913E-02
   1987.50   4.3190E+00   4.1386E+01   1.6627E+01  -2.2865E-01   6.7330E-02   3.7137E-01  -1.8711E-02   5.5096E-03  -6.0779E-02
   1987.58   4.3546E+00   4.1309E+01   1.6642E+01  -5.8932E-01   1.9369E-01   9.8287E-01  -4.8224E-02   1.5850E-02  -1.6086E-01
   1987.67   4.3917E+00   4.1236E+01   1.6645E+01  -9.6941E-01   3.2682E-01   1.6273E+00  -7.9327E-02   2.6744E-02  -2.6632E-01
   1987.75   4.4304E+00   4.1165E+01   1.6637E+01  -1.3689E+00   4.6673E-01   2.3046E+00  -1.1202E-01   3.8192E-02  -3.7717E-01
   1987.83   4.4705E+00   4.1098E+01   1.6618E+01  -1.7879E+00   6.1340E-01   3.0148E+00  -1.4630E-01   5.0195E-02  -4.9340E-01
   1987.92   4.5122E+00   4.1033E+01   1.6587E+01  -2.2262E+00   7.6685E-01   3.7579E+00  -1.8217E-01   6.2751E-02  -6.1502E-01
   1988.00   4.5554E+00   4.0971E+01   1.6545E+01  -2.6840E+00   9.2707E-01   4.5339E+00  -2.1963E-01   7.5862E-02  -7.4202E-01
   1988.08   4.5997E+00   4.0908E+01   1.6499E+01  -3.1318E+00   1.0838E+00   5.2930E+00  -2.5628E-01   8.8685E-02  -8.6625E-01
   1988.17   4.6448E+00   4.0838E+01   1.6455E+01  -3.5402E+00   1.2267E+00   5.9852E+00  -2.8969E-01   1.0038E-01  -9.7954E-01
   1988.25   4.6906E+00   4.0762E+01   1.6413E+01  -3.9091E+00   1.3558E+00   6.6106E+00  -3.1988E-01   1.1095E-01  -1.0819E+00
   1988.33   4.7372E+00   4.0679E+01   1.6375E+01  -4.2386E+00   1.4711E+00   7.1692E+00  -3.4685E-01   1.2038E-01  -1.1733E+00
   1988.42   4.7846E+00   4.0589E+01   1.6339E+01  -4.5287E+00   1.5727E+00   7.6610E+00  -3.7059E-01   1.2869E-01  -1.2538E+00
   1988.50   4.8327E+00   4.0493E+01   1.6305E+01  -4.7794E+00   1.6604E+00   8.0859E+00  -3.9110E-01   1.3587E-01  -1.3233E+00
   1988.58   4.8816E+00   4.0390E+01   1.6275E+01  -4.9907E+00   1.7343E+00   8.4440E+00  -4.0839E-01   1.4192E-01  -1.3820E+00
   1988.67   4.9312E+00   4.0281E+01   1.6247E+01  -5.1625E+00   1.7945E+00   8.7353E+00  -4.2245E-01   1.4684E-01  -1.4296E+00
   1988.75   4.9816E+00   4.0165E+01   1.6221E+01  -5.2949E+00   1.8408E+00   8.9597E+00  -4.3329E-01   1.5064E-01  -1.4664E+00
   1988.83   5.0328E+00   4.0043E+01   1.6198E+01  -5.3879E+00   1.8734E+00   9.1174E+00  -4.4090E-01   1.5330E-01  -1.4922E+00
   1988.92   5.0847E+00   3.9914E+01   1.6178E+01  -5.4415E+00   1.8922E+00   9.2082E+00  -4.4528E-01   1.5484E-01  -1.5070E+00
   1989.00   5.1374E+00   3.9778E+01   1.6161E+01  -5.4557E+00   1.8971E+00   9.2322E+00  -4.4644E-01   1.5524E-01  -1.5109E+00
   1989.08   5.1908E+00   3.9636E+01   1.6146E+01  -5.4304E+00   1.8883E+00   9.1893E+00  -4.4437E-01   1.5452E-01  -1.5039E+00
   1989.17   5.2450E+00   3.9487E+01   1.6134E+01  -5.3657E+00   1.8657E+00   9.0797E+00  -4.3908E-01   1.5267E-01  -1.4860E+00
   1989.25   5.3000E+00   3.9332E+01   1.6124E+01  -5.2616E+00   1.8293E+00   8.9032E+00  -4.3056E-01   1.4969E-01  -1.4571E+00
   1989.33   5.3557E+00   3.9170E+01   1.6117E+01  -5.1180E+00   1.7791E+00   8.6599E+00  -4.1881E-01   1.4558E-01  -1.4173E+00
   1989.42   5.4122E+00   3.9002E+01   1.6113E+01  -4.9351E+00   1.7151E+00   8.3497E+00  -4.0384E-01   1.4035E-01  -1.3665E+00
   1989.50   5.4694E+00   3.8827E+01   1.6111E+01  -4.7127E+00   1.6373E+00   7.9728E+00  -3.8564E-01   1.3398E-01  -1.3048E+00
   1989.58   5.5274E+00   3.8646E+01   1.6112E+01  -4.4509E+00   1.5457E+00   7.5290E+00  -3.6422E-01   1.2649E-01  -1.2322E+00
   1989.67   5.5861E+00   3.8458E+01   1.6116E+01  -4.1497E+00   1.4403E+00   7.0184E+00  -3.3957E-01   1.1786E-01  -1.1486E+00
   1989.75   5.6456E+00   3.8263E+01   1.6122E+01  -3.8090E+00   1.3212E+00   6.4409E+00  -3.1170E-01   1.0811E-01  -1.0541E+00
   1989.83   5.7059E+00   3.8062E+01   1.6131E+01  -3.4290E+00   1.1882E+00   5.7967E+00  -2.8060E-01   9.7231E-02  -9.4868E-01
   1989.92   5.7669E+00   3.7854E+01   1.6142E+01  -3.0095E+00   1.0414E+00   5.0856E+00  -2.4627E-01   8.5222E-02  -8.3231E-01
   1990.00   5.8287E+00   3.7640E+01   1.6157E+01  -2.5506E+00   8.8089E-01   4.3076E+00  -2.0872E-01   7.2083E-02  -7.0499E-01
   1990.08   5.8936E+00   3.7433E+01   1.6169E+01  -2.0846E+00   7.1785E-01   3.5177E+00  -1.7058E-01   5.8742E-02  -5.7572E-01
   1990.17   5.9639E+00   3.7249E+01   1.6176E+01  -1.6439E+00   5.6366E-01   2.7707E+00  -1.3452E-01   4.6124E-02  -4.5346E-01
   1990.25   6.0397E+00   3.7087E+01   1.6178E+01  -1.2285E+00   4.1829E-01   2.0665E+00  -1.0053E-01   3.4229E-02  -3.3821E-01
   1990.33   6.1209E+00   3.6947E+01   1.6174E+01  -8.3841E-01   2.8177E-01   1.4052E+00  -6.8607E-02   2.3057E-02  -2.2997E-01
   1990.42   6.2075E+00   3.6829E+01   1.6165E+01  -4.7358E-01   1.5408E-01   7.8671E-01  -3.8753E-02   1.2608E-02  -1.2875E-01
   1990.50   6.2995E+00   3.6733E+01   1.6150E+01  -1.3404E-01   3.5227E-02   2.1109E-01  -1.0969E-02   2.8826E-03  -3.4547E-02
   1990.58   6.3970E+00   3.6660E+01   1.6129E+01   1.8021E-01  -7.4790E-02  -3.2168E-01   1.4747E-02  -6.1201E-03   5.2646E-02
   1990.67   6.5000E+00   3.6608E+01   1.6103E+01   4.6918E-01  -1.7597E-01  -8.1159E-01   3.8393E-02  -1.4400E-02   1.3282E-01
   1990.75   6.6084E+00   3.6579E+01   1.6072E+01   7.3286E-01  -2.6832E-01  -1.2586E+00   5.9970E-02  -2.1956E-02   2.0599E-01
   1990.83   6.7222E+00   3.6572E+01   1.6035E+01   9.7126E-01  -3.5182E-01  -1.6628E+00   7.9478E-02  -2.8790E-02   2.7214E-01
   1990.92   6.8414E+00   3.6588E+01   1.5992E+01   1.1844E+00  -4.2650E-01  -2.0242E+00   9.6917E-02  -3.4900E-02   3.3128E-01
   1991.00   6.9661E+00   3.6625E+01   1.5944E+01   1.3722E+00  -4.9233E-01  -2.3427E+00   1.1229E-01  -4.0288E-02   3.8340E-01
   1991.08   7.0962E+00   3.6685E+01   1.5891E+01   1.5347E+00  -5.4933E-01  -2.6183E+00   1.2559E-01  -4.4952E-02   4.2851E-01
   1991.17   7.2318E+00   3.6767E+01   1.5831E+01   1.6720E+00  -5.9749E-01  -2.8511E+00   1.3682E-01  -4.8893E-02   4.6661E-01
   1991.25   7.3728E+00   3.6871E+01   1.5767E+01   1.7839E+00  -6.3682E-01  -3.0410E+00   1.4598E-01  -5.2111E-02   4.9769E-01
   1991.33   7.5192E+00   3.6997E+01   1.5696E+01   1.8706E+00  -6.6731E-01  -3.1881E+00   1.5307E-01  -5.4606E-02   5.2176E-01
   1991.42   7.6711E+00   3.7145E+01   1.5621E+01   1.9320E+00  -6.8897E-01  -3.2923E+00   1.5810E-01  -5.6379E-02   5.3882E-01
   1991.50   7.8284E+00   3.7316E+01   1.5539E+01   1.9681E+00  -7.0179E-01  -3.3536E+00   1.6105E-01  -5.7428E-02   5.4886E-01
   1991.58   7.9911E+00   3.7508E+01   1.5453E+01   1.9789E+00  -7.0577E-01  -3.3721E+00   1.6193E-01  -5.7753E-02   5.5189E-01
   1991.67   8.1593E+00   3.7723E+01   1.5360E+01   1.9644E+00  -7.0092E-01  -3.3478E+00   1.6075E-01  -5.7356E-02   5.4790E-01
   1991.75   8.3329E+00   3.7960E+01   1.5262E+01   1.9247E+00  -6.8723E-01  -3.2806E+00   1.5750E-01  -5.6236E-02   5.3690E-01
   1991.83   8.5120E+00   3.8219E+01   1.5159E+01   1.8596E+00  -6.6470E-01  -3.1705E+00   1.5217E-01  -5.4393E-02   5.1889E-01
   1991.92   8.6965E+00   3.8501E+01   1.5050E+01   1.7693E+00  -6.3334E-01  -3.0176E+00   1.4478E-01  -5.1826E-02   4.9386E-01
   1992.00   8.8864E+00   3.8804E+01   1.4936E+01   1.6537E+00  -5.9314E-01  -2.8218E+00   1.3532E-01  -4.8537E-02   4.6182E-01
   1992.08   9.0779E+00   3.9117E+01   1.4825E+01   1.5317E+00  -5.5068E-01  -2.6152E+00   1.2534E-01  -4.5062E-02   4.2800E-01
   1992.17   9.2672E+00   3.9424E+01   1.4726E+01   1.4222E+00  -5.1253E-01  -2.4297E+00   1.1638E-01  -4.1941E-02   3.9765E-01
   1992.25   9.4543E+00   3.9727E+01   1.4640E+01   1.3253E+00  -4.7870E-01  -2.2654E+00   1.0845E-01  -3.9172E-02   3.7076E-01
   1992.33   9.6391E+00   4.0025E+01   1.4566E+01   1.2410E+00  -4.4917E-01  -2.1223E+00   1.0155E-01  -3.6756E-02   3.4734E-01
   1992.42   9.8216E+00   4.0318E+01   1.4504E+01   1.1691E+00  -4.2396E-01  -2.0004E+00   9.5671E-02  -3.4693E-02   3.2738E-01
   1992.50   1.0002E+01   4.0606E+01   1.4455E+01   1.1099E+00  -4.0307E-01  -1.8996E+00   9.0821E-02  -3.2983E-02   3.1089E-01
   1992.58   1.0180E+01   4.0889E+01   1.4418E+01   1.0631E+00  -3.8648E-01  -1.8200E+00   8.6997E-02  -3.1626E-02   2.9786E-01
   1992.67   1.0356E+01   4.1168E+01   1.4393E+01   1.0290E+00  -3.7421E-01  -1.7616E+00   8.4200E-02  -3.0621E-02   2.8830E-01
   1992.75   1.0529E+01   4.1442E+01   1.4381E+01   1.0073E+00  -3.6625E-01  -1.7243E+00   8.2430E-02  -2.9970E-02   2.8220E-01
   1992.83   1.0701E+01   4.1711E+01   1.4381E+01   9.9823E-01  -3.6260E-01  -1.7082E+00   8.1685E-02  -2.9671E-02   2.7957E-01
   1992.92   1.0870E+01   4.1975E+01   1.4394E+01   1.0017E+00  -3.6326E-01  -1.7133E+00   8.1968E-02  -2.9726E-02   2.8039E-01
   1993.00   1.1037E+01   4.2235E+01   1.4419E+01   1.0177E+00  -3.6824E-01  -1.7395E+00   8.3277E-02  -3.0133E-02   2.8469E-01
   1993.08   1.1201E+01   4.2489E+01   1.4456E+01   1.0462E+00  -3.7753E-01  -1.7869E+00   8.5612E-02  -3.0893E-02   2.9245E-01
   1993.17   1.1364E+01   4.2739E+01   1.4506E+01   1.0873E+00  -3.9113E-01  -1.8555E+00   8.8974E-02  -3.2006E-02   3.0367E-01
   1993.25   1.1524E+01   4.2984E+01   1.4568E+01   1.1409E+00  -4.0904E-01  -1.9452E+00   9.3362E-02  -3.3472E-02   3.1836E-01
   1993.33   1.1682E+01   4.3225E+01   1.4642E+01   1.2071E+00  -4.3127E-01  -2.0562E+00   9.8777E-02  -3.5291E-02   3.3651E-01
   1993.42   1.1837E+01   4.3460E+01   1.4729E+01   1.2858E+00  -4.5780E-01  -2.1882E+00   1.0522E-01  -3.7462E-02   3.5813E-01
   1993.50   1.1991E+01   4.3691E+01   1.4828E+01   1.3771E+00  -4.8865E-01  -2.3415E+00   1.1269E-01  -3.9987E-02   3.8321E-01
   1993.58   1.2142E+01   4.3917E+01   1.4939E+01   1.4809E+00  -5.2382E-01  -2.5159E+00   1.2118E-01  -4.2864E-02   4.1176E-01
   1993.67   1.2291E+01   4.4138E+01   1.5063E+01   1.5972E+00  -5.6329E-01  -2.7115E+00   1.3070E-01  -4.6094E-02   4.4377E-01
   1993.75   1.2438E+01   4.4354E+01   1.5199E+01   1.7261E+00  -6.0708E-01  -2.9283E+00   1.4125E-01  -4.9678E-02   4.7924E-01
   1993.83   1.2582E+01   4.4565E+01   1.5347E+01   1.8676E+00  -6.5518E-01  -3.1662E+00   1.5282E-01  -5.3614E-02   5.1818E-01
   1993.92   1.2724E+01   4.4772E+01   1.5508E+01   2.0215E+00  -7.0759E-01  -3.4253E+00   1.6542E-01  -5.7903E-02   5.6059E-01
   1994.00   1.2864E+01   4.4974E+01   1.5681E+01   2.1881E+00  -7.6432E-01  -3.7056E+00   1.7905E-01  -6.2545E-02   6.0645E-01
   1994.08   1.2999E+01   4.5175E+01   1.5859E+01   2.3533E+00  -8.2060E-01  -3.9836E+00   1.9257E-01  -6.7150E-02   6.5196E-01
   1994.17   1.3127E+01   4.5379E+01   1.6033E+01   2.5032E+00  -8.7167E-01  -4.2360E+00   2.0484E-01  -7.1329E-02   6.9326E-01
   1994.25   1.3248E+01   4.5587E+01   1.6202E+01   2.6380E+00  -9.1755E-01  -4.4627E+00   2.1587E-01  -7.5083E-02   7.3037E-01
   1994.33   1.3361E+01   4.5798E+01   1.6368E+01   2.7575E+00  -9.5821E-01  -4.6638E+00   2.2565E-01  -7.8411E-02   7.6329E-01
   1994.42   1.3467E+01   4.6012E+01   1.6531E+01   2.8618E+00  -9.9368E-01  -4.8393E+00   2.3418E-01  -8.1313E-02   7.9200E-01
   1994.50   1.3566E+01   4.6229E+01   1.6689E+01   2.9509E+00  -1.0239E+00  -4.9891E+00   2.4148E-01  -8.3789E-02   8.1652E-01
   1994.58   1.3658E+01   4.6450E+01   1.6844E+01   3.0248E+00  -1.0490E+00  -5.1133E+00   2.4752E-01  -8.5839E-02   8.3684E-01
   1994.67   1.3742E+01   4.6674E+01   1.6994E+01   3.0835E+00  -1.0688E+00  -5.2118E+00   2.5232E-01  -8.7464E-02   8.5297E-01
   1994.75   1.3819E+01   4.6901E+01   1.7141E+01   3.1269E+00  -1.0835E+00  -5.2847E+00   2.5588E-01  -8.8663E-02   8.6490E-01
   1994.83   1.3888E+01   4.7131E+01   1.7284E+01   3.1551E+00  -1.0929E+00  -5.3320E+00   2.5819E-01  -8.9436E-02   8.7263E-01
   1994.92   1.3951E+01   4.7364E+01   1.7423E+01   3.1682E+00  -1.0972E+00  -5.3536E+00   2.5925E-01  -8.9783E-02   8.7617E-01
   1995.00   1.4006E+01   4.7601E+01   1.7559E+01   3.1659E+00  -1.0962E+00  -5.3495E+00   2.5907E-01  -8.9704E-02   8.7551E-01
   1995.08   1.4053E+01   4.7841E+01   1.7691E+01   3.1485E+00  -1.0900E+00  -5.3199E+00   2.5764E-01  -8.9199E-02   8.7065E-01
   1995.17   1.4094E+01   4.8084E+01   1.7818E+01   3.1159E+00  -1.0787E+00  -5.2645E+00   2.5497E-01  -8.8269E-02   8.6160E-01
   1995.25   1.4127E+01   4.8331E+01   1.7942E+01   3.0680E+00  -1.0621E+00  -5.1836E+00   2.5106E-01  -8.6912E-02   8.4835E-01
   1995.33   1.4153E+01   4.8580E+01   1.8062E+01   3.0049E+00  -1.0403E+00  -5.0770E+00   2.4589E-01  -8.5130E-02   8.3090E-01
   1995.42   1.4171E+01   4.8833E+01   1.8179E+01   2.9266E+00  -1.0133E+00  -4.9447E+00   2.3949E-01  -8.2922E-02   8.0926E-01
   1995.50   1.4183E+01   4.9090E+01   1.8291E+01   2.8331E+00  -9.8115E-01  -4.7868E+00   2.3183E-01  -8.0288E-02   7.8342E-01
   1995.58   1.4187E+01   4.9349E+01   1.8400E+01   2.7244E+00  -9.4376E-01  -4.6033E+00   2.2294E-01  -7.7229E-02   7.5338E-01
   1995.67   1.4183E+01   4.9612E+01   1.8505E+01   2.6004E+00  -9.0117E-01  -4.3941E+00   2.1279E-01  -7.3743E-02   7.1915E-01
   1995.75   1.4173E+01   4.9878E+01   1.8606E+01   2.4613E+00  -8.5337E-01  -4.1593E+00   2.0141E-01  -6.9832E-02   6.8072E-01
   1995.83   1.4155E+01   5.0147E+01   1.8703E+01   2.3069E+00  -8.0037E-01  -3.8989E+00   1.8877E-01  -6.5495E-02   6.3809E-01
   1995.92   1.4130E+01   5.0419E+01   1.8797E+01   2.1373E+00  -7.4216E-01  -3.6128E+00   1.7489E-01  -6.0732E-02   5.9127E-01
   1996.00   1.4097E+01   5.0695E+01   1.8886E+01   1.9524E+00  -6.7875E-01  -3.3010E+00   1.5977E-01  -5.5543E-02   5.4025E-01
   1996.08   1.4061E+01   5.0964E+01   1.8976E+01   1.7594E+00  -6.1259E-01  -2.9756E+00   1.4398E-01  -5.0129E-02   4.8699E-01
   1996.17   1.4022E+01   5.1216E+01   1.9071E+01   1.5653E+00  -5.4613E-01  -2.6483E+00   1.2809E-01  -4.4690E-02   4.3343E-01
   1996.25   1.3982E+01   5.1452E+01   1.9170E+01   1.3701E+00  -4.7937E-01  -2.3193E+00   1.1212E-01  -3.9227E-02   3.7958E-01
   1996.33   1.3941E+01   5.1672E+01   1.9274E+01   1.1738E+00  -4.1231E-01  -1.9885E+00   9.6052E-02  -3.3740E-02   3.2543E-01
   1996.42   1.3898E+01   5.1875E+01   1.9382E+01   9.7636E-01  -3.4495E-01  -1.6558E+00   7.9896E-02  -2.8227E-02   2.7099E-01
   1996.50   1.3853E+01   5.2061E+01   1.9495E+01   7.7782E-01  -2.7729E-01  -1.3214E+00   6.3649E-02  -2.2691E-02   2.1626E-01
   1996.58   1.3807E+01   5.2232E+01   1.9613E+01   5.7816E-01  -2.0933E-01  -9.8520E-01   4.7311E-02  -1.7130E-02   1.6124E-01
   1996.67   1.3760E+01   5.2385E+01   1.9735E+01   3.7738E-01  -1.4107E-01  -6.4720E-01   3.0882E-02  -1.1544E-02   1.0592E-01
   1996.75   1.3710E+01   5.2522E+01   1.9862E+01   1.7550E-01  -7.2510E-02  -3.0741E-01   1.4361E-02  -5.9335E-03   5.0311E-02
   1996.83   1.3660E+01   5.2643E+01   1.9993E+01  -2.7492E-02  -3.6509E-03   3.4174E-02  -2.2497E-03  -2.9875E-04  -5.5930E-03
   1996.92   1.3607E+01   5.2747E+01   2.0129E+01  -2.3160E-01   6.5508E-02   3.7755E-01  -1.8952E-02   5.3606E-03  -6.1790E-02
   1997.00   1.3554E+01   5.2835E+01   2.0270E+01  -4.3682E-01   1.3497E-01   7.2272E-01  -3.5745E-02   1.1044E-02  -1.1828E-01
   1997.08   1.3498E+01   5.2906E+01   2.0415E+01  -6.4314E-01   2.0473E-01   1.0697E+00  -5.2629E-02   1.6753E-02  -1.7506E-01
   1997.17   1.3442E+01   5.2961E+01   2.0565E+01  -8.5058E-01   2.7478E-01   1.4184E+00  -6.9604E-02   2.2486E-02  -2.3214E-01
   1997.25   1.3383E+01   5.2999E+01   2.0720E+01  -1.0591E+00   3.4514E-01   1.7690E+00  -8.6670E-02   2.8243E-02  -2.8951E-01
   1997.33   1.3323E+01   5.3021E+01   2.0879E+01  -1.2688E+00   4.1580E-01   2.1213E+00  -1.0383E-01   3.4025E-02  -3.4717E-01
   1997.42   1.3262E+01   5.3026E+01   2.1042E+01  -1.4796E+00   4.8676E-01   2.4754E+00  -1.2107E-01   3.9832E-02  -4.0513E-01
   1997.50   1.3199E+01   5.3015E+01   2.1211E+01  -1.6915E+00   5.5801E-01   2.8314E+00  -1.3841E-01   4.5663E-02  -4.6338E-01
   1997.58   1.3134E+01   5.2987E+01   2.1384E+01  -1.9045E+00   6.2957E-01   3.1891E+00  -1.5584E-01   5.1518E-02  -5.2192E-01
   1997.67   1.3068E+01   5.2943E+01   2.1561E+01  -2.1186E+00   7.0143E-01   3.5486E+00  -1.7336E-01   5.7398E-02  -5.8076E-01
   1997.75   1.3001E+01   5.2883E+01   2.1743E+01  -2.3338E+00   7.7359E-01   3.9099E+00  -1.9098E-01   6.3303E-02  -6.3989E-01
   1997.83   1.2932E+01   5.2806E+01   2.1930E+01  -2.5501E+00   8.4604E-01   4.2729E+00  -2.0868E-01   6.9232E-02  -6.9931E-01
   1997.92   1.2861E+01   5.2712E+01   2.2121E+01  -2.7676E+00   9.1880E-01   4.6378E+00  -2.2647E-01   7.5186E-02  -7.5903E-01
   1998.00   1.2789E+01   5.2602E+01   2.2317E+01  -2.9861E+00   9.9185E-01   5.0045E+00  -2.4436E-01   8.1164E-02  -8.1904E-01
   1998.08   1.2719E+01   5.2485E+01   2.2514E+01  -3.1923E+00   1.0607E+00   5.3503E+00  -2.6123E-01   8.6800E-02  -8.7564E-01
   1998.17   1.2656E+01   5.2370E+01   2.2709E+01  -3.3726E+00   1.1209E+00   5.6527E+00  -2.7598E-01   9.1728E-02  -9.2513E-01
   1998.25   1.2599E+01   5.2258E+01   2.2902E+01  -3.5270E+00   1.1725E+00   5.9117E+00  -2.8861E-01   9.5947E-02  -9.6751E-01
   1998.33   1.2548E+01   5.2148E+01   2.3092E+01  -3.6555E+00   1.2154E+00   6.1272E+00  -2.9913E-01   9.9457E-02  -1.0028E+00
   1998.42   1.2504E+01   5.2040E+01   2.3280E+01  -3.7581E+00   1.2496E+00   6.2993E+00  -3.0753E-01   1.0226E-01  -1.0309E+00
   1998.50   1.2467E+01   5.1935E+01   2.3466E+01  -3.8348E+00   1.2752E+00   6.4279E+00  -3.1381E-01   1.0435E-01  -1.0520E+00
   1998.58   1.2435E+01   5.1832E+01   2.3649E+01  -3.8857E+00   1.2921E+00   6.5131E+00  -3.1797E-01   1.0574E-01  -1.0659E+00
   1998.67   1.2411E+01   5.1731E+01   2.3830E+01  -3.9107E+00   1.3004E+00   6.5549E+00  -3.2001E-01   1.0641E-01  -1.0728E+00
   1998.75   1.2392E+01   5.1633E+01   2.4009E+01  -3.9097E+00   1.3000E+00   6.5532E+00  -3.1994E-01   1.0638E-01  -1.0725E+00
   1998.83   1.2380E+01   5.1537E+01   2.4186E+01  -3.8829E+00   1.2910E+00   6.5081E+00  -3.1774E-01   1.0564E-01  -1.0651E+00
   1998.92   1.2375E+01   5.1444E+01   2.4360E+01  -3.8302E+00   1.2732E+00   6.4195E+00  -3.1343E-01   1.0419E-01  -1.0506E+00
   1999.00   1.2376E+01   5.1352E+01   2.4532E+01  -3.7517E+00   1.2469E+00   6.2875E+00  -3.0700E-01   1.0203E-01  -1.0290E+00
   1999.08   1.2383E+01   5.1264E+01   2.4702E+01  -3.6472E+00   1.2118E+00   6.1121E+00  -2.9845E-01   9.9165E-02  -1.0003E+00
   1999.17   1.2397E+01   5.1177E+01   2.4869E+01  -3.5169E+00   1.1681E+00   5.8932E+00  -2.8779E-01   9.5589E-02  -9.6448E-01
   1999.25   1.2417E+01   5.1093E+01   2.5034E+01  -3.3606E+00   1.1158E+00   5.6308E+00  -2.7500E-01   9.1306E-02  -9.2155E-01
   1999.33   1.2444E+01   5.1011E+01   2.5197E+01  -3.1785E+00   1.0548E+00   5.3251E+00  -2.6010E-01   8.6313E-02  -8.7151E-01
   1999.42   1.2477E+01   5.0932E+01   2.5358E+01  -2.9705E+00   9.8511E-01   4.9759E+00  -2.4308E-01   8.0612E-02  -8.1435E-01
   1999.50   1.2516E+01   5.0855E+01   2.5516E+01  -2.7366E+00   9.0678E-01   4.5832E+00  -2.2394E-01   7.4202E-02  -7.5009E-01
   1999.58   1.2562E+01   5.0780E+01   2.5672E+01  -2.4768E+00   8.1979E-01   4.1471E+00  -2.0268E-01   6.7084E-02  -6.7872E-01
   1999.67   1.2615E+01   5.0708E+01   2.5826E+01  -2.1911E+00   7.2415E-01   3.6676E+00  -1.7930E-01   5.9257E-02  -6.0024E-01
   1999.75   1.2673E+01   5.0638E+01   2.5977E+01  -1.8796E+00   6.1984E-01   3.1446E+00  -1.5381E-01   5.0722E-02  -5.1465E-01
   1999.83   1.2739E+01   5.0571E+01   2.6126E+01  -1.5422E+00   5.0688E-01   2.5782E+00  -1.2619E-01   4.1478E-02  -4.2195E-01
   1999.92   1.2810E+01   5.0505E+01   2.6273E+01  -1.1788E+00   3.8525E-01   1.9683E+00  -9.6464E-02   3.1525E-02  -3.2214E-01
   2000.00   1.2888E+01   5.0443E+01   2.6418E+01  -7.8962E-01   2.5497E-01   1.3150E+00  -6.4615E-02   2.0864E-02  -2.1522E-01
   2000.08   1.2968E+01   5.0384E+01   2.6562E+01  -4.0379E-01   1.2579E-01   6.6741E-01  -3.3043E-02   1.0294E-02  -1.0923E-01
   2000.17   1.3045E+01   5.0334E+01   2.6709E+01  -5.0639E-02   7.4959E-03   7.4546E-02  -4.1438E-03   6.1339E-04  -1.2200E-02
   2000.25   1.3119E+01   5.0290E+01   2.6857E+01   2.6985E-01  -9.9925E-02  -4.6354E-01   2.2082E-02  -8.1769E-03   7.5864E-02
   2000.33   1.3190E+01   5.0253E+01   2.7008E+01   5.5767E-01  -1.9647E-01  -9.4686E-01   4.5635E-02  -1.6077E-02   1.5496E-01
   2000.42   1.3258E+01   5.0224E+01   2.7160E+01   8.1283E-01  -2.8214E-01  -1.3754E+00   6.6514E-02  -2.3087E-02   2.2510E-01
   2000.50   1.3324E+01   5.0202E+01   2.7315E+01   1.0353E+00  -3.5693E-01  -1.7492E+00   8.4721E-02  -2.9208E-02   2.8627E-01
   2000.58   1.3386E+01   5.0187E+01   2.7471E+01   1.2251E+00  -4.2084E-01  -2.0682E+00   1.0025E-01  -3.4438E-02   3.3848E-01
   2000.67   1.3445E+01   5.0179E+01   2.7630E+01   1.3823E+00  -4.7388E-01  -2.3324E+00   1.1311E-01  -3.8778E-02   3.8173E-01
   2000.75   1.3502E+01   5.0178E+01   2.7790E+01   1.5068E+00  -5.1604E-01  -2.5419E+00   1.2330E-01  -4.2228E-02   4.1601E-01
   2000.83   1.3556E+01   5.0185E+01   2.7953E+01   1.5986E+00  -5.4733E-01  -2.6966E+00   1.3082E-01  -4.4788E-02   4.4132E-01
   2000.92   1.3607E+01   5.0198E+01   2.8118E+01   1.6578E+00  -5.6774E-01  -2.7965E+00   1.3566E-01  -4.6458E-02   4.5768E-01
   2001.00   1.3655E+01   5.0219E+01   2.8284E+01   1.6843E+00  -5.7727E-01  -2.8416E+00   1.3783E-01  -4.7238E-02   4.6507E-01
   2001.08   1.3700E+01   5.0247E+01   2.8453E+01   1.6781E+00  -5.7592E-01  -2.8320E+00   1.3732E-01  -4.7128E-02   4.6349E-01
   2001.17   1.3742E+01   5.0282E+01   2.8623E+01   1.6393E+00  -5.6370E-01  -2.7676E+00   1.3414E-01  -4.6128E-02   4.5295E-01
   2001.25   1.3781E+01   5.0325E+01   2.8796E+01   1.5678E+00  -5.4060E-01  -2.6485E+00   1.2829E-01  -4.4238E-02   4.3345E-01
   2001.33   1.3817E+01   5.0374E+01   2.8970E+01   1.4636E+00  -5.0663E-01  -2.4745E+00   1.1977E-01  -4.1457E-02   4.0498E-01
   2001.42   1.3851E+01   5.0431E+01   2.9147E+01   1.3268E+00  -4.6177E-01  -2.2458E+00   1.0857E-01  -3.7787E-02   3.6755E-01
   2001.50   1.3881E+01   5.0495E+01   2.9326E+01   1.1573E+00  -4.0605E-01  -1.9623E+00   9.4700E-02  -3.3227E-02   3.2116E-01
   2001.58   1.3909E+01   5.0566E+01   2.9506E+01   9.5510E-01  -3.3944E-01  -1.6241E+00   7.8156E-02  -2.7777E-02   2.6580E-01
   2001.67   1.3934E+01   5.0644E+01   2.9689E+01   7.2027E-01  -2.6196E-01  -1.2311E+00   5.8940E-02  -2.1436E-02   2.0148E-01
   2001.75   1.3955E+01   5.0729E+01   2.9874E+01   4.5277E-01  -1.7360E-01  -7.8326E-01   3.7050E-02  -1.4206E-02   1.2819E-01
   2001.83   1.3974E+01   5.0822E+01   3.0060E+01   1.5261E-01  -7.4365E-02  -2.8069E-01   1.2488E-02  -6.0853E-03   4.5939E-02
   2001.92   1.3990E+01   5.0921E+01   3.0249E+01  -1.8023E-01   3.5747E-02   2.7664E-01  -1.4748E-02   2.9252E-03  -4.5276E-02
   2002.00   1.4004E+01   5.1028E+01   3.0440E+01  -5.4572E-01   1.5674E-01   8.8875E-01  -4.4657E-02   1.2826E-02  -1.4545E-01
   2002.08   1.4012E+01   5.1132E+01   3.0622E+01  -9.1065E-01   2.7759E-01   1.5000E+00  -7.4519E-02   2.2715E-02  -2.4549E-01
   2002.17   1.4014E+01   5.1223E+01   3.0785E+01  -1.2418E+00   3.8729E-01   2.0546E+00  -1.0162E-01   3.1692E-02  -3.3626E-01
   2002.25   1.4010E+01   5.1301E+01   3.0929E+01  -1.5391E+00   4.8585E-01   2.5527E+00  -1.2595E-01   3.9757E-02  -4.1778E-01
   2002.33   1.3999E+01   5.1366E+01   3.1053E+01  -1.8026E+00   5.7325E-01   2.9942E+00  -1.4751E-01   4.6909E-02  -4.9004E-01
   2002.42   1.3983E+01   5.1417E+01   3.1159E+01  -2.0324E+00   6.4951E-01   3.3792E+00  -1.6631E-01   5.3149E-02  -5.5304E-01
   2002.50   1.3959E+01   5.1456E+01   3.1246E+01  -2.2283E+00   7.1461E-01   3.7076E+00  -1.8234E-01   5.8477E-02  -6.0678E-01
   2002.58   1.3930E+01   5.1481E+01   3.1313E+01  -2.3904E+00   7.6857E-01   3.9794E+00  -1.9561E-01   6.2893E-02  -6.5127E-01
   2002.67   1.3894E+01   5.1493E+01   3.1362E+01  -2.5188E+00   8.1138E-01   4.1946E+00  -2.0611E-01   6.6396E-02  -6.8650E-01
   2002.75   1.3852E+01   5.1493E+01   3.1391E+01  -2.6133E+00   8.4304E-01   4.3533E+00  -2.1385E-01   6.8986E-02  -7.1247E-01
   2002.83   1.3803E+01   5.1479E+01   3.1401E+01  -2.6741E+00   8.6355E-01   4.4555E+00  -2.1882E-01   7.0665E-02  -7.2919E-01
   2002.92   1.3748E+01   5.1452E+01   3.1393E+01  -2.7010E+00   8.7292E-01   4.5010E+00  -2.2102E-01   7.1431E-02  -7.3664E-01
   2003.00   1.3687E+01   5.1412E+01   3.1365E+01  -2.6941E+00   8.7113E-01   4.4900E+00  -2.2046E-01   7.1285E-02  -7.3484E-01
   2003.08   1.3619E+01   5.1359E+01   3.1317E+01  -2.6535E+00   8.5819E-01   4.4225E+00  -2.1713E-01   7.0226E-02  -7.2379E-01
   2003.17   1.3545E+01   5.1292E+01   3.1251E+01  -2.5790E+00   8.3411E-01   4.2984E+00  -2.1104E-01   6.8256E-02  -7.0347E-01
   2003.25   1.3464E+01   5.1213E+01   3.1166E+01  -2.4707E+00   7.9888E-01   4.1177E+00  -2.0218E-01   6.5372E-02  -6.7390E-01
   2003.33   1.3378E+01   5.1121E+01   3.1062E+01  -2.3287E+00   7.5249E-01   3.8804E+00  -1.9056E-01   6.1577E-02  -6.3507E-01
   2003.42   1.3284E+01   5.1015E+01   3.0938E+01  -2.1528E+00   6.9496E-01   3.5866E+00  -1.7617E-01   5.6869E-02  -5.8698E-01
   2003.50   1.3185E+01   5.0897E+01   3.0796E+01  -1.9432E+00   6.2628E-01   3.2362E+00  -1.5901E-01   5.1249E-02  -5.2964E-01
   2003.58   1.3079E+01   5.0765E+01   3.0634E+01  -1.6997E+00   5.4645E-01   2.8292E+00  -1.3909E-01   4.4716E-02  -4.6304E-01
   2003.67   1.2967E+01   5.0620E+01   3.0453E+01  -1.4225E+00   4.5547E-01   2.3657E+00  -1.1640E-01   3.7272E-02  -3.8718E-01
   2003.75   1.2849E+01   5.0463E+01   3.0253E+01  -1.1114E+00   3.5335E-01   1.8457E+00  -9.0947E-02   2.8915E-02  -3.0206E-01
   2003.83   1.2724E+01   5.0292E+01   3.0035E+01  -7.6655E-01   2.4007E-01   1.2690E+00  -6.2727E-02   1.9645E-02  -2.0769E-01
   2003.92   1.2592E+01   5.0108E+01   2.9796E+01  -3.8790E-01   1.1565E-01   6.3581E-01  -3.1742E-02   9.4633E-03  -1.0406E-01
   2004.00   1.2455E+01   4.9911E+01   2.9539E+01   2.4557E-02  -1.9929E-02  -5.3966E-02   2.0095E-03  -1.6308E-03   8.8321E-03
   2004.08   1.2324E+01   4.9710E+01   2.9275E+01   4.4011E-01  -1.5655E-01  -7.4895E-01   3.6015E-02  -1.2810E-02   1.2257E-01
   2004.17   1.2213E+01   4.9516E+01   2.9015E+01   8.2808E-01  -2.8410E-01  -1.3978E+00   6.7762E-02  -2.3248E-02   2.2877E-01
   2004.25   1.2122E+01   4.9327E+01   2.8759E+01   1.1884E+00  -4.0259E-01  -2.0005E+00   9.7251E-02  -3.2944E-02   3.2741E-01
   2004.33   1.2051E+01   4.9145E+01   2.8507E+01   1.5212E+00  -5.1202E-01  -2.5571E+00   1.2448E-01  -4.1898E-02   4.1850E-01
   2004.42   1.2000E+01   4.8968E+01   2.8260E+01   1.8264E+00  -6.1238E-01  -3.0676E+00   1.4945E-01  -5.0111E-02   5.0204E-01
   2004.50   1.1968E+01   4.8798E+01   2.8017E+01   2.1040E+00  -7.0368E-01  -3.5319E+00   1.7217E-01  -5.7582E-02   5.7804E-01
   2004.58   1.1957E+01   4.8634E+01   2.7778E+01   2.3540E+00  -7.8591E-01  -3.9501E+00   1.9263E-01  -6.4311E-02   6.4648E-01
   2004.67   1.1965E+01   4.8475E+01   2.7544E+01   2.5764E+00  -8.5908E-01  -4.3222E+00   2.1083E-01  -7.0299E-02   7.0737E-01
   2004.75   1.1993E+01   4.8323E+01   2.7313E+01   2.7712E+00  -9.2319E-01  -4.6481E+00   2.2677E-01  -7.5545E-02   7.6072E-01
   2004.83   1.2041E+01   4.8177E+01   2.7088E+01   2.9384E+00  -9.7823E-01  -4.9279E+00   2.4045E-01  -8.0049E-02   8.0651E-01
   2004.92   1.2109E+01   4.8037E+01   2.6866E+01   3.0780E+00  -1.0242E+00  -5.1616E+00   2.5187E-01  -8.3812E-02   8.4475E-01
   2005.00   1.2197E+01   4.7903E+01   2.6649E+01   3.1900E+00  -1.0611E+00  -5.3491E+00   2.6104E-01  -8.6833E-02   8.7544E-01
   2005.08   1.2305E+01   4.7775E+01   2.6436E+01   3.2745E+00  -1.0890E+00  -5.4905E+00   2.6795E-01  -8.9112E-02   8.9859E-01
   2005.17   1.2433E+01   4.7653E+01   2.6228E+01   3.3313E+00  -1.1078E+00  -5.5858E+00   2.7260E-01  -9.0650E-02   9.1418E-01
   2005.25   1.2580E+01   4.7537E+01   2.6023E+01   3.3605E+00  -1.1175E+00  -5.6350E+00   2.7499E-01  -9.1446E-02   9.2222E-01
   2005.33   1.2748E+01   4.7428E+01   2.5823E+01   3.3622E+00  -1.1182E+00  -5.6380E+00   2.7513E-01  -9.1500E-02   9.2272E-01
   2005.42   1.2935E+01   4.7324E+01   2.5628E+01   3.3362E+00  -1.1098E+00  -5.5949E+00   2.7300E-01  -9.0812E-02   9.1566E-01
   2005.50   1.3142E+01   4.7226E+01   2.5436E+01   3.2827E+00  -1.0923E+00  -5.5056E+00   2.6862E-01  -8.9383E-02   9.0105E-01
   2005.58   1.3369E+01   4.7135E+01   2.5249E+01   3.2015E+00  -1.0658E+00  -5.3702E+00   2.6198E-01  -8.7212E-02   8.7890E-01
   2005.67   1.3616E+01   4.7049E+01   2.5067E+01   3.0928E+00  -1.0302E+00  -5.1887E+00   2.5309E-01  -8.4300E-02   8.4919E-01
   2005.75   1.3883E+01   4.6969E+01   2.4888E+01   2.9565E+00  -9.8552E-01  -4.9611E+00   2.4193E-01  -8.0645E-02   8.1193E-01
   2005.83   1.4170E+01   4.6896E+01   2.4714E+01   2.7926E+00  -9.3180E-01  -4.6873E+00   2.2852E-01  -7.6250E-02   7.6713E-01
   2005.92   1.4476E+01   4.6829E+01   2.4544E+01   2.6011E+00  -8.6902E-01  -4.3674E+00   2.1285E-01  -7.1112E-02   7.1477E-01
   2006.00   1.4803E+01   4.6767E+01   2.4379E+01   2.3820E+00  -7.9717E-01  -4.0014E+00   1.9492E-01  -6.5233E-02   6.5486E-01
   2006.08   1.5130E+01   4.6718E+01   2.4215E+01   2.1572E+00  -7.2345E-01  -3.6259E+00   1.7653E-01  -5.9200E-02   5.9342E-01
   2006.17   1.5439E+01   4.6686E+01   2.4052E+01   1.9489E+00  -6.5506E-01  -3.2778E+00   1.5948E-01  -5.3603E-02   5.3644E-01
   2006.25   1.5729E+01   4.6672E+01   2.3889E+01   1.7570E+00  -5.9198E-01  -2.9570E+00   1.4378E-01  -4.8442E-02   4.8394E-01
   2006.33   1.6002E+01   4.6676E+01   2.3725E+01   1.5815E+00  -5.3423E-01  -2.6635E+00   1.2942E-01  -4.3716E-02   4.3591E-01
   2006.42   1.6256E+01   4.6698E+01   2.3562E+01   1.4224E+00  -4.8180E-01  -2.3973E+00   1.1640E-01  -3.9426E-02   3.9235E-01
   2006.50   1.6491E+01   4.6738E+01   2.3399E+01   1.2797E+00  -4.3469E-01  -2.1585E+00   1.0472E-01  -3.5570E-02   3.5326E-01
   2006.58   1.6709E+01   4.6795E+01   2.3235E+01   1.1534E+00  -3.9290E-01  -1.9470E+00   9.4381E-02  -3.2151E-02   3.1865E-01
   2006.67   1.6908E+01   4.6870E+01   2.3072E+01   1.0435E+00  -3.5643E-01  -1.7628E+00   8.5386E-02  -2.9167E-02   2.8850E-01
   2006.75   1.7088E+01   4.6963E+01   2.2909E+01   9.4993E-01  -3.2528E-01  -1.6059E+00   7.7733E-02  -2.6618E-02   2.6283E-01
   2006.83   1.7251E+01   4.7074E+01   2.2745E+01   8.7280E-01  -2.9946E-01  -1.4764E+00   7.1422E-02  -2.4505E-02   2.4163E-01
   2006.92   1.7395E+01   4.7203E+01   2.2582E+01   8.1208E-01  -2.7896E-01  -1.3742E+00   6.6453E-02  -2.2827E-02   2.2490E-01
   2007.00   1.7521E+01   4.7349E+01   2.2419E+01   7.6775E-01  -2.6378E-01  -1.2993E+00   6.2825E-02  -2.1585E-02   2.1264E-01
   2007.08   1.7628E+01   4.7514E+01   2.2255E+01   7.3981E-01  -2.5392E-01  -1.2517E+00   6.0539E-02  -2.0778E-02   2.0485E-01
   2007.17   1.7717E+01   4.7696E+01   2.2092E+01   7.2828E-01  -2.4938E-01  -1.2314E+00   5.9595E-02  -2.0407E-02   2.0154E-01
   2007.25   1.7788E+01   4.7896E+01   2.1929E+01   7.3314E-01  -2.5016E-01  -1.2385E+00   5.9993E-02  -2.0471E-02   2.0269E-01
   2007.33   1.7840E+01   4.8113E+01   2.1765E+01   7.5441E-01  -2.5627E-01  -1.2729E+00   6.1733E-02  -2.0971E-02   2.0832E-01
   2007.42   1.7875E+01   4.8349E+01   2.1602E+01   7.9206E-01  -2.6770E-01  -1.3346E+00   6.4815E-02  -2.1906E-02   2.1842E-01
   2007.50   1.7891E+01   4.8602E+01   2.1439E+01   8.4612E-01  -2.8445E-01  -1.4236E+00   6.9238E-02  -2.3276E-02   2.3299E-01
   2007.58   1.7888E+01   4.8874E+01   2.1275E+01   9.1658E-01  -3.0652E-01  -1.5400E+00   7.5004E-02  -2.5082E-02   2.5203E-01
   2007.67   1.7867E+01   4.9162E+01   2.1112E+01   1.0034E+00  -3.3391E-01  -1.6836E+00   8.2111E-02  -2.7324E-02   2.7554E-01
   2007.75   1.7828E+01   4.9469E+01   2.0949E+01   1.1067E+00  -3.6662E-01  -1.8546E+00   9.0560E-02  -3.0001E-02   3.0353E-01
   2007.83   1.7771E+01   4.9794E+01   2.0785E+01   1.2263E+00  -4.0466E-01  -2.0529E+00   1.0035E-01  -3.3113E-02   3.3599E-01
   2007.92   1.7695E+01   5.0136E+01   2.0622E+01   1.3624E+00  -4.4801E-01  -2.2786E+00   1.1148E-01  -3.6661E-02   3.7291E-01
   2008.00   1.7601E+01   5.0496E+01   2.0459E+01   1.5148E+00  -4.9669E-01  -2.5315E+00   1.2396E-01  -4.0644E-02   4.1431E-01
   2008.08   1.7496E+01   5.0862E+01   2.0299E+01   1.6643E+00  -5.4448E-01  -2.7796E+00   1.3619E-01  -4.4555E-02   4.5492E-01
   2008.17   1.7386E+01   5.1221E+01   2.0148E+01   1.7914E+00  -5.8518E-01  -2.9906E+00   1.4659E-01  -4.7885E-02   4.8945E-01
   2008.25   1.7272E+01   5.1572E+01   2.0006E+01   1.8962E+00  -6.1877E-01  -3.1646E+00   1.5516E-01  -5.0634E-02   5.1792E-01
   2008.33   1.7154E+01   5.1916E+01   1.9871E+01   1.9786E+00  -6.4527E-01  -3.3014E+00   1.6191E-01  -5.2803E-02   5.4032E-01
   2008.42   1.7032E+01   5.2253E+01   1.9745E+01   2.0387E+00  -6.6468E-01  -3.4012E+00   1.6683E-01  -5.4391E-02   5.5665E-01
   2008.50   1.6905E+01   5.2584E+01   1.9627E+01   2.0764E+00  -6.7699E-01  -3.4640E+00   1.6991E-01  -5.5398E-02   5.6692E-01
   2008.58   1.6775E+01   5.2907E+01   1.9517E+01   2.0918E+00  -6.8220E-01  -3.4896E+00   1.7117E-01  -5.5825E-02   5.7112E-01
   2008.67   1.6639E+01   5.3223E+01   1.9416E+01   2.0848E+00  -6.8031E-01  -3.4782E+00   1.7060E-01  -5.5670E-02   5.6925E-01
   2008.75   1.6500E+01   5.3531E+01   1.9322E+01   2.0555E+00  -6.7133E-01  -3.4297E+00   1.6820E-01  -5.4935E-02   5.6131E-01
   2008.83   1.6356E+01   5.3833E+01   1.9237E+01   2.0039E+00  -6.5526E-01  -3.3442E+00   1.6398E-01  -5.3620E-02   5.4731E-01
   2008.92   1.6209E+01   5.4128E+01   1.9160E+01   1.9299E+00  -6.3208E-01  -3.2215E+00   1.5792E-01  -5.1724E-02   5.2724E-01
   2009.00   1.6056E+01   5.4415E+01   1.9092E+01   1.8335E+00  -6.0181E-01  -3.0618E+00   1.5004E-01  -4.9246E-02   5.0110E-01
   2009.08   1.5900E+01   5.4696E+01   1.9032E+01   1.7148E+00  -5.6444E-01  -2.8651E+00   1.4032E-01  -4.6189E-02   4.6890E-01
   2009.17   1.5739E+01   5.4969E+01   1.8979E+01   1.5737E+00  -5.1998E-01  -2.6312E+00   1.2878E-01  -4.2550E-02   4.3063E-01
   2009.25   1.5574E+01   5.5235E+01   1.8936E+01   1.4104E+00  -4.6842E-01  -2.3603E+00   1.1541E-01  -3.8331E-02   3.8629E-01
   2009.33   1.5405E+01   5.5494E+01   1.8900E+01   1.2246E+00  -4.0977E-01  -2.0523E+00   1.0021E-01  -3.3531E-02   3.3588E-01
   2009.42   1.5232E+01   5.5747E+01   1.8873E+01   1.0165E+00  -3.4401E-01  -1.7072E+00   8.3182E-02  -2.8151E-02   2.7941E-01
   2009.50   1.5054E+01   5.5992E+01   1.8854E+01   7.8608E-01  -2.7116E-01  -1.3251E+00   6.4325E-02  -2.2189E-02   2.1687E-01
   2009.58   1.4872E+01   5.6229E+01   1.8843E+01   5.3329E-01  -1.9122E-01  -9.0591E-01   4.3639E-02  -1.5647E-02   1.4826E-01
   2009.67   1.4686E+01   5.6460E+01   1.8840E+01   2.5815E-01  -1.0418E-01  -4.4963E-01   2.1125E-02  -8.5247E-03   7.3587E-02
   2009.75   1.4495E+01   5.6684E+01   1.8846E+01  -3.9327E-02  -1.0037E-02   4.3714E-02  -3.2181E-03  -8.2133E-04  -7.1543E-03
   2009.83   1.4301E+01   5.6900E+01   1.8860E+01  -3.5916E-01   9.1198E-02   5.7413E-01  -2.9390E-02   7.4628E-03  -9.3963E-02
   2009.92   1.4102E+01   5.7110E+01   1.8882E+01  -7.0133E-01   1.9953E-01   1.1416E+00  -5.7390E-02   1.6328E-02  -1.8684E-01
   2010.00   1.3898E+01   5.7312E+01   1.8912E+01  -1.0659E+00   3.1496E-01   1.7462E+00  -8.7220E-02   2.5773E-02  -2.8578E-01
   2010.08   1.3701E+01   5.7507E+01   1.8942E+01  -1.4260E+00   4.2903E-01   2.3435E+00  -1.1669E-01   3.5107E-02  -3.8354E-01
   2010.17   1.3519E+01   5.7695E+01   1.8964E+01  -1.7550E+00   5.3328E-01   2.8892E+00  -1.4362E-01   4.3638E-02  -4.7286E-01
   2010.25   1.3353E+01   5.7874E+01   1.8977E+01  -2.0530E+00   6.2771E-01   3.3834E+00  -1.6800E-01   5.1366E-02  -5.5374E-01
   2010.33   1.3203E+01   5.8046E+01   1.8982E+01  -2.3198E+00   7.1233E-01   3.8261E+00  -1.8983E-01   5.8291E-02  -6.2617E-01
   2010.42   1.3069E+01   5.8209E+01   1.8977E+01  -2.5555E+00   7.8714E-01   4.2171E+00  -2.0912E-01   6.4412E-02  -6.9017E-01
   2010.50   1.2951E+01   5.8365E+01   1.8965E+01  -2.7601E+00   8.5213E-01   4.5566E+00  -2.2586E-01   6.9730E-02  -7.4574E-01
   2010.58   1.2849E+01   5.8514E+01   1.8944E+01  -2.9336E+00   9.0730E-01   4.8445E+00  -2.4006E-01   7.4245E-02  -7.9286E-01
   2010.67   1.2762E+01   5.8654E+01   1.8914E+01  -3.0760E+00   9.5266E-01   5.0809E+00  -2.5171E-01   7.7956E-02  -8.3154E-01
   2010.75   1.2692E+01   5.8787E+01   1.8875E+01  -3.1873E+00   9.8820E-01   5.2657E+00  -2.6082E-01   8.0865E-02  -8.6178E-01
   2010.83   1.2637E+01   5.8912E+01   1.8828E+01  -3.2674E+00   1.0139E+00   5.3989E+00  -2.6738E-01   8.2970E-02  -8.8359E-01
   2010.92   1.2598E+01   5.9029E+01   1.8773E+01  -3.3165E+00   1.0298E+00   5.4806E+00  -2.7139E-01   8.4271E-02  -8.9695E-01
   2011.00   1.2575E+01   5.9138E+01   1.8709E+01  -3.3345E+00   1.0359E+00   5.5107E+00  -2.7286E-01   8.4770E-02  -9.0188E-01
   2011.08   1.2567E+01   5.9239E+01   1.8636E+01  -3.3213E+00   1.0322E+00   5.4892E+00  -2.7178E-01   8.4465E-02  -8.9836E-01
   2011.17   1.2576E+01   5.9333E+01   1.8555E+01  -3.2770E+00   1.0187E+00   5.4161E+00  -2.6816E-01   8.3358E-02  -8.8641E-01
   2011.25   1.2601E+01   5.9419E+01   1.8465E+01  -3.2017E+00   9.9531E-01   5.2915E+00  -2.6199E-01   8.1446E-02  -8.6602E-01
   2011.33   1.2641E+01   5.9497E+01   1.8366E+01  -3.0952E+00   9.6214E-01   5.1154E+00  -2.5328E-01   7.8732E-02  -8.3719E-01
   2011.42   1.2697E+01   5.9568E+01   1.8259E+01  -2.9576E+00   9.1915E-01   4.8876E+00  -2.4202E-01   7.5214E-02  -7.9992E-01
   2011.50   1.2769E+01   5.9630E+01   1.8144E+01  -2.7889E+00   8.6635E-01   4.6084E+00  -2.2822E-01   7.0894E-02  -7.5421E-01
   2011.58   1.2857E+01   5.9685E+01   1.8020E+01  -2.5891E+00   8.0373E-01   4.2775E+00  -2.1187E-01   6.5769E-02  -7.0006E-01
   2011.67   1.2961E+01   5.9732E+01   1.7887E+01  -2.3582E+00   7.3129E-01   3.8951E+00  -1.9297E-01   5.9842E-02  -6.3747E-01
   2011.75   1.3080E+01   5.9771E+01   1.7746E+01  -2.0962E+00   6.4904E-01   3.4611E+00  -1.7153E-01   5.3112E-02  -5.6644E-01
   2011.83   1.3216E+01   5.9802E+01   1.7596E+01  -1.8031E+00   5.5698E-01   2.9755E+00  -1.4755E-01   4.5578E-02  -4.8698E-01
   2011.92   1.3367E+01   5.9826E+01   1.7437E+01  -1.4788E+00   4.5510E-01   2.4384E+00  -1.2101E-01   3.7241E-02  -3.9907E-01
   2012.00   1.3534E+01   5.9842E+01   1.7270E+01  -1.1235E+00   3.4340E-01   1.8497E+00  -9.1937E-02   2.8100E-02  -3.0272E-01
