   1960.00   3.3949E+01   2.6777E+01   1.7416E+01   9.8939E-01  -3.2298E-01  -1.4632E+00   8.0962E-02  -2.6429E-02   2.3947E-01
   1960.08   3.4088E+01   2.6815E+01   1.7521E+01   1.4950E+00  -4.8833E-01  -2.2096E+00   1.2234E-01  -3.9960E-02   3.6162E-01
   1960.17   3.4219E+01   2.6852E+01   1.7603E+01   1.9640E+00  -6.4168E-01  -2.9018E+00   1.6071E-01  -5.2509E-02   4.7491E-01
   1960.25   3.4341E+01   2.6891E+01   1.7662E+01   2.3962E+00  -7.8305E-01  -3.5399E+00   1.9609E-01  -6.4078E-02   5.7935E-01
   1960.33   3.4455E+01   2.6929E+01   1.7697E+01   2.7919E+00  -9.1243E-01  -4.1239E+00   2.2846E-01  -7.4665E-02   6.7493E-01
   1960.42   3.4560E+01   2.6967E+01   1.7709E+01   3.1508E+00  -1.0298E+00  -4.6538E+00   2.5783E-01  -8.4271E-02   7.6165E-01
   1960.50   3.4657E+01   2.7006E+01   1.7697E+01   3.4731E+00  -1.1352E+00  -5.1296E+00   2.8421E-01  -9.2896E-02   8.3952E-01
   1960.58   3.4745E+01   2.7045E+01   1.7663E+01   3.7587E+00  -1.2286E+00  -5.5513E+00   3.0758E-01  -1.0054E-01   9.0853E-01
   1960.67   3.4825E+01   2.7084E+01   1.7605E+01   4.0077E+00  -1.3101E+00  -5.9189E+00   3.2795E-01  -1.0720E-01   9.6869E-01
   1960.75   3.4897E+01   2.7123E+01   1.7523E+01   4.2200E+00  -1.3795E+00  -6.2323E+00   3.4533E-01  -1.1288E-01   1.0200E+00
   1960.83   3.4960E+01   2.7163E+01   1.7419E+01   4.3957E+00  -1.4369E+00  -6.4917E+00   3.5970E-01  -1.1758E-01   1.0624E+00
   1960.92   3.5014E+01   2.7203E+01   1.7291E+01   4.5346E+00  -1.4824E+00  -6.6969E+00   3.7107E-01  -1.2130E-01   1.0960E+00
   1961.00   3.5060E+01   2.7243E+01   1.7139E+01   4.6369E+00  -1.5158E+00  -6.8480E+00   3.7944E-01  -1.2404E-01   1.1208E+00
   1961.08   3.5098E+01   2.7283E+01   1.6965E+01   4.7026E+00  -1.5373E+00  -6.9450E+00   3.8482E-01  -1.2580E-01   1.1366E+00
   1961.17   3.5127E+01   2.7323E+01   1.6767E+01   4.7316E+00  -1.5468E+00  -6.9879E+00   3.8719E-01  -1.2657E-01   1.1437E+00
   1961.25   3.5148E+01   2.7363E+01   1.6546E+01   4.7239E+00  -1.5443E+00  -6.9767E+00   3.8656E-01  -1.2637E-01   1.1418E+00
   1961.33   3.5160E+01   2.7404E+01   1.6301E+01   4.6796E+00  -1.5298E+00  -6.9114E+00   3.8293E-01  -1.2518E-01   1.1311E+00
   1961.42   3.5164E+01   2.7445E+01   1.6033E+01   4.5986E+00  -1.5033E+00  -6.7920E+00   3.7630E-01  -1.2302E-01   1.1116E+00
   1961.50   3.5159E+01   2.7486E+01   1.5742E+01   4.4809E+00  -1.4648E+00  -6.6184E+00   3.6667E-01  -1.1987E-01   1.0832E+00
   1961.58   3.5146E+01   2.7527E+01   1.5427E+01   4.3265E+00  -1.4144E+00  -6.3908E+00   3.5404E-01  -1.1574E-01   1.0459E+00
   1961.67   3.5125E+01   2.7569E+01   1.5090E+01   4.1356E+00  -1.3519E+00  -6.1090E+00   3.3841E-01  -1.1063E-01   9.9981E-01
   1961.75   3.5095E+01   2.7610E+01   1.4728E+01   3.9079E+00  -1.2775E+00  -5.7731E+00   3.1978E-01  -1.0453E-01   9.4484E-01
   1961.83   3.5056E+01   2.7652E+01   1.4344E+01   3.6436E+00  -1.1910E+00  -5.3832E+00   2.9815E-01  -9.7461E-02   8.8101E-01
   1961.92   3.5009E+01   2.7694E+01   1.3936E+01   3.3426E+00  -1.0926E+00  -4.9391E+00   2.7352E-01  -8.9407E-02   8.0833E-01
   1962.00   3.4954E+01   2.7736E+01   1.3505E+01   3.0049E+00  -9.8218E-01  -4.4408E+00   2.4589E-01  -8.0372E-02   7.2679E-01
   1962.08   3.4897E+01   2.7772E+01   1.3072E+01   2.6600E+00  -8.6940E-01  -3.9319E+00   2.1767E-01  -7.1143E-02   6.4350E-01
   1962.17   3.4844E+01   2.7794E+01   1.2659E+01   2.3373E+00  -7.6388E-01  -3.4558E+00   1.9127E-01  -6.2508E-02   5.6557E-01
   1962.25   3.4796E+01   2.7803E+01   1.2266E+01   2.0368E+00  -6.6562E-01  -3.0123E+00   1.6668E-01  -5.4468E-02   4.9300E-01
   1962.33   3.4753E+01   2.7799E+01   1.1893E+01   1.7585E+00  -5.7462E-01  -2.6016E+00   1.4390E-01  -4.7022E-02   4.2579E-01
   1962.42   3.4715E+01   2.7781E+01   1.1539E+01   1.5024E+00  -4.9089E-01  -2.2237E+00   1.2294E-01  -4.0170E-02   3.6393E-01
   1962.50   3.4681E+01   2.7750E+01   1.1206E+01   1.2685E+00  -4.1441E-01  -1.8784E+00   1.0380E-01  -3.3912E-02   3.0743E-01
   1962.58   3.4652E+01   2.7706E+01   1.0892E+01   1.0568E+00  -3.4520E-01  -1.5659E+00   8.6477E-02  -2.8248E-02   2.5628E-01
   1962.67   3.4628E+01   2.7649E+01   1.0598E+01   8.6725E-01  -2.8325E-01  -1.2862E+00   7.0967E-02  -2.3178E-02   2.1050E-01
   1962.75   3.4608E+01   2.7578E+01   1.0324E+01   6.9991E-01  -2.2856E-01  -1.0391E+00   5.7274E-02  -1.8703E-02   1.7007E-01
   1962.83   3.4593E+01   2.7494E+01   1.0070E+01   5.5476E-01  -1.8113E-01  -8.2485E-01   4.5396E-02  -1.4822E-02   1.3500E-01
   1962.92   3.4582E+01   2.7396E+01   9.8354E+00   4.3181E-01  -1.4096E-01  -6.4328E-01   3.5335E-02  -1.1535E-02   1.0528E-01
   1963.00   3.4577E+01   2.7286E+01   9.6209E+00   3.3106E-01  -1.0805E-01  -4.9445E-01   2.7090E-02  -8.8419E-03   8.0922E-02
   1963.08   3.4576E+01   2.7162E+01   9.4262E+00   2.5249E-01  -8.2404E-02  -3.7835E-01   2.0661E-02  -6.7432E-03   6.1921E-02
   1963.17   3.4580E+01   2.7024E+01   9.2515E+00   1.9612E-01  -6.4019E-02  -2.9499E-01   1.6049E-02  -5.2387E-03   4.8278E-02
   1963.25   3.4588E+01   2.6874E+01   9.0965E+00   1.6195E-01  -5.2894E-02  -2.4435E-01   1.3252E-02  -4.3283E-03   3.9991E-02
   1963.33   3.4601E+01   2.6710E+01   8.9614E+00   1.4996E-01  -4.9031E-02  -2.2646E-01   1.2272E-02  -4.0122E-03   3.7062E-02
   1963.42   3.4619E+01   2.6533E+01   8.8462E+00   1.6017E-01  -5.2428E-02  -2.4129E-01   1.3107E-02  -4.2902E-03   3.9490E-02
   1963.50   3.4642E+01   2.6342E+01   8.7508E+00   1.9258E-01  -6.3087E-02  -2.8886E-01   1.5759E-02  -5.1624E-03   4.7275E-02
   1963.58   3.4669E+01   2.6138E+01   8.6753E+00   2.4718E-01  -8.1007E-02  -3.6916E-01   2.0227E-02  -6.6288E-03   6.0417E-02
   1963.67   3.4701E+01   2.5921E+01   8.6196E+00   3.2397E-01  -1.0619E-01  -4.8220E-01   2.6511E-02  -8.6894E-03   7.8917E-02
   1963.75   3.4737E+01   2.5691E+01   8.5838E+00   4.2296E-01  -1.3863E-01  -6.2797E-01   3.4611E-02  -1.1344E-02   1.0277E-01
   1963.83   3.4778E+01   2.5447E+01   8.5678E+00   5.4414E-01  -1.7833E-01  -8.0647E-01   4.4527E-02  -1.4593E-02   1.3199E-01
   1963.92   3.4824E+01   2.5190E+01   8.5717E+00   6.8751E-01  -2.2530E-01  -1.0177E+00   5.6259E-02  -1.8436E-02   1.6656E-01
   1964.00   3.4875E+01   2.4919E+01   8.5954E+00   8.5308E-01  -2.7952E-01  -1.2617E+00   6.9808E-02  -2.2873E-02   2.0649E-01
   1964.08   3.4925E+01   2.4648E+01   8.6306E+00   1.0170E+00  -3.3322E-01  -1.5033E+00   8.3222E-02  -2.7267E-02   2.4603E-01
   1964.17   3.4971E+01   2.4389E+01   8.6689E+00   1.1555E+00  -3.7858E-01  -1.7074E+00   9.4552E-02  -3.0980E-02   2.7943E-01
   1964.25   3.5011E+01   2.4141E+01   8.7102E+00   1.2685E+00  -4.1563E-01  -1.8740E+00   1.0380E-01  -3.4011E-02   3.0670E-01
   1964.33   3.5045E+01   2.3905E+01   8.7546E+00   1.3560E+00  -4.4435E-01  -2.0031E+00   1.1096E-01  -3.6361E-02   3.2783E-01
   1964.42   3.5075E+01   2.3680E+01   8.8020E+00   1.4180E+00  -4.6474E-01  -2.0947E+00   1.1604E-01  -3.8030E-02   3.4282E-01
   1964.50   3.5099E+01   2.3467E+01   8.8526E+00   1.4546E+00  -4.7682E-01  -2.1489E+00   1.1903E-01  -3.9018E-02   3.5168E-01
   1964.58   3.5118E+01   2.3266E+01   8.9062E+00   1.4657E+00  -4.8056E-01  -2.1655E+00   1.1994E-01  -3.9325E-02   3.5441E-01
   1964.67   3.5132E+01   2.3076E+01   8.9628E+00   1.4514E+00  -4.7598E-01  -2.1447E+00   1.1877E-01  -3.8950E-02   3.5100E-01
   1964.75   3.5140E+01   2.2899E+01   9.0226E+00   1.4116E+00  -4.6308E-01  -2.0863E+00   1.1551E-01  -3.7894E-02   3.4145E-01
   1964.83   3.5144E+01   2.2732E+01   9.0854E+00   1.3463E+00  -4.4186E-01  -1.9905E+00   1.1017E-01  -3.6157E-02   3.2577E-01
   1964.92   3.5142E+01   2.2578E+01   9.1512E+00   1.2555E+00  -4.1230E-01  -1.8572E+00   1.0274E-01  -3.3739E-02   3.0395E-01
   1965.00   3.5135E+01   2.2435E+01   9.2202E+00   1.1393E+00  -3.7443E-01  -1.6864E+00   9.3228E-02  -3.0640E-02   2.7599E-01
   1965.08   3.5122E+01   2.2304E+01   9.2922E+00   9.9759E-01  -3.2823E-01  -1.4781E+00   8.1633E-02  -2.6859E-02   2.4190E-01
   1965.17   3.5105E+01   2.2184E+01   9.3672E+00   8.3043E-01  -2.7370E-01  -1.2323E+00   6.7954E-02  -2.2397E-02   2.0168E-01
   1965.25   3.5082E+01   2.2076E+01   9.4454E+00   6.3779E-01  -2.1085E-01  -9.4902E-01   5.2191E-02  -1.7254E-02   1.5532E-01
   1965.33   3.5054E+01   2.1980E+01   9.5266E+00   4.1969E-01  -1.3968E-01  -6.2825E-01   3.4343E-02  -1.1430E-02   1.0282E-01
   1965.42   3.5021E+01   2.1895E+01   9.6109E+00   1.7612E-01  -6.0183E-02  -2.6999E-01   1.4412E-02  -4.9248E-03   4.4187E-02
   1965.50   3.4982E+01   2.1822E+01   9.6982E+00  -9.2922E-02   2.7640E-02   1.2576E-01  -7.6038E-03   2.2618E-03  -2.0581E-02
   1965.58   3.4938E+01   2.1761E+01   9.7886E+00  -3.8743E-01   1.2379E-01   5.5900E-01  -3.1704E-02   1.0130E-02  -9.1486E-02
   1965.67   3.4889E+01   2.1712E+01   9.8821E+00  -7.0741E-01   2.2826E-01   1.0297E+00  -5.7888E-02   1.8678E-02  -1.6853E-01
   1965.75   3.4835E+01   2.1674E+01   9.9787E+00  -1.0529E+00   3.4105E-01   1.5380E+00  -8.6156E-02   2.7909E-02  -2.5170E-01
   1965.83   3.4776E+01   2.1648E+01   1.0078E+01  -1.4238E+00   4.6218E-01   2.0837E+00  -1.1651E-01   3.7820E-02  -3.4101E-01
   1965.92   3.4711E+01   2.1633E+01   1.0181E+01  -1.8202E+00   5.9162E-01   2.6669E+00  -1.4894E-01   4.8412E-02  -4.3646E-01
   1966.00   3.4641E+01   2.1630E+01   1.0287E+01  -2.2420E+00   7.2939E-01   3.2876E+00  -1.8346E-01   5.9686E-02  -5.3804E-01
   1966.08   3.4578E+01   2.1628E+01   1.0404E+01  -2.6584E+00   8.6538E-01   3.9002E+00  -2.1754E-01   7.0814E-02  -6.3831E-01
   1966.17   3.4533E+01   2.1617E+01   1.0542E+01  -3.0384E+00   9.8947E-01   4.4593E+00  -2.4863E-01   8.0969E-02  -7.2982E-01
   1966.25   3.4505E+01   2.1597E+01   1.0700E+01  -3.3820E+00   1.1017E+00   4.9649E+00  -2.7675E-01   9.0151E-02  -8.1256E-01
   1966.33   3.4496E+01   2.1568E+01   1.0878E+01  -3.6892E+00   1.2020E+00   5.4169E+00  -3.0189E-01   9.8360E-02  -8.8654E-01
   1966.42   3.4505E+01   2.1530E+01   1.1077E+01  -3.9600E+00   1.2904E+00   5.8154E+00  -3.2405E-01   1.0560E-01  -9.5175E-01
   1966.50   3.4532E+01   2.1482E+01   1.1295E+01  -4.1944E+00   1.3670E+00   6.1603E+00  -3.4323E-01   1.1186E-01  -1.0082E+00
   1966.58   3.4577E+01   2.1425E+01   1.1534E+01  -4.3924E+00   1.4316E+00   6.4517E+00  -3.5943E-01   1.1715E-01  -1.0559E+00
   1966.67   3.4640E+01   2.1360E+01   1.1794E+01  -4.5540E+00   1.4844E+00   6.6895E+00  -3.7265E-01   1.2147E-01  -1.0948E+00
   1966.75   3.4721E+01   2.1284E+01   1.2073E+01  -4.6792E+00   1.5252E+00   6.8737E+00  -3.8290E-01   1.2481E-01  -1.1250E+00
   1966.83   3.4820E+01   2.1200E+01   1.2373E+01  -4.7680E+00   1.5542E+00   7.0044E+00  -3.9016E-01   1.2718E-01  -1.1464E+00
   1966.92   3.4937E+01   2.1107E+01   1.2693E+01  -4.8204E+00   1.5713E+00   7.0816E+00  -3.9445E-01   1.2858E-01  -1.1590E+00
   1967.00   3.5073E+01   2.1004E+01   1.3034E+01  -4.8364E+00   1.5765E+00   7.1052E+00  -3.9576E-01   1.2901E-01  -1.1628E+00
   1967.08   3.5226E+01   2.0892E+01   1.3394E+01  -4.8160E+00   1.5698E+00   7.0753E+00  -3.9409E-01   1.2846E-01  -1.1579E+00
   1967.17   3.5398E+01   2.0771E+01   1.3775E+01  -4.7592E+00   1.5513E+00   6.9918E+00  -3.8945E-01   1.2694E-01  -1.1443E+00
   1967.25   3.5587E+01   2.0641E+01   1.4176E+01  -4.6660E+00   1.5208E+00   6.8547E+00  -3.8182E-01   1.2445E-01  -1.1219E+00
   1967.33   3.5795E+01   2.0501E+01   1.4598E+01  -4.5364E+00   1.4784E+00   6.6642E+00  -3.7122E-01   1.2098E-01  -1.0907E+00
   1967.42   3.6020E+01   2.0353E+01   1.5039E+01  -4.3704E+00   1.4242E+00   6.4200E+00  -3.5763E-01   1.1654E-01  -1.0507E+00
   1967.50   3.6264E+01   2.0195E+01   1.5501E+01  -4.1680E+00   1.3580E+00   6.1223E+00  -3.4107E-01   1.1113E-01  -1.0020E+00
   1967.58   3.6526E+01   2.0028E+01   1.5984E+01  -3.9292E+00   1.2800E+00   5.7711E+00  -3.2153E-01   1.0474E-01  -9.4450E-01
   1967.67   3.6806E+01   1.9852E+01   1.6486E+01  -3.6541E+00   1.1901E+00   5.3663E+00  -2.9901E-01   9.7387E-02  -8.7825E-01
   1967.75   3.7104E+01   1.9666E+01   1.7009E+01  -3.3425E+00   1.0883E+00   4.9080E+00  -2.7352E-01   8.9056E-02  -8.0324E-01
   1967.83   3.7420E+01   1.9472E+01   1.7552E+01  -2.9945E+00   9.7461E-01   4.3961E+00  -2.4504E-01   7.9752E-02  -7.1946E-01
   1967.92   3.7754E+01   1.9268E+01   1.8116E+01  -2.6101E+00   8.4902E-01   3.8306E+00  -2.1359E-01   6.9476E-02  -6.2692E-01
   1968.00   3.8106E+01   1.9055E+01   1.8699E+01  -2.1893E+00   7.1155E-01   3.2116E+00  -1.7916E-01   5.8226E-02  -5.2562E-01
   1968.08   3.8461E+01   1.8847E+01   1.9277E+01  -1.7603E+00   5.7136E-01   2.5804E+00  -1.4404E-01   4.6754E-02  -4.2231E-01
   1968.17   3.8804E+01   1.8658E+01   1.9823E+01  -1.3509E+00   4.3763E-01   1.9782E+00  -1.1055E-01   3.5811E-02  -3.2376E-01
   1968.25   3.9134E+01   1.8487E+01   2.0338E+01  -9.6133E-01   3.1036E-01   1.4052E+00  -7.8666E-02   2.5397E-02  -2.2997E-01
   1968.33   3.9452E+01   1.8335E+01   2.0821E+01  -5.9150E-01   1.8954E-01   8.6115E-01  -4.8402E-02   1.5510E-02  -1.4094E-01
   1968.42   3.9757E+01   1.8201E+01   2.1272E+01  -2.4142E-01   7.5187E-02   3.4622E-01  -1.9756E-02   6.1525E-03  -5.6662E-02
   1968.50   4.0050E+01   1.8086E+01   2.1691E+01   8.8892E-02  -3.2710E-02  -1.3964E-01   7.2741E-03  -2.6767E-03   2.2854E-02
   1968.58   4.0331E+01   1.7990E+01   2.2079E+01   3.9945E-01  -1.3415E-01  -5.9643E-01   3.2687E-02  -1.0977E-02   9.7612E-02
   1968.67   4.0599E+01   1.7913E+01   2.2435E+01   6.9026E-01  -2.2913E-01  -1.0241E+00   5.6484E-02  -1.8750E-02   1.6761E-01
   1968.75   4.0855E+01   1.7854E+01   2.2759E+01   9.6130E-01  -3.1765E-01  -1.4228E+00   7.8664E-02  -2.5993E-02   2.3285E-01
   1968.83   4.1098E+01   1.7813E+01   2.3052E+01   1.2126E+00  -3.9971E-01  -1.7923E+00   9.9227E-02  -3.2709E-02   2.9334E-01
   1968.92   4.1329E+01   1.7792E+01   2.3313E+01   1.4441E+00  -4.7532E-01  -2.1328E+00   1.1817E-01  -3.8895E-02   3.4906E-01
   1969.00   4.1547E+01   1.7789E+01   2.3542E+01   1.6559E+00  -5.4446E-01  -2.4442E+00   1.3550E-01  -4.4553E-02   4.0003E-01
   1969.08   4.1754E+01   1.7804E+01   2.3739E+01   1.8479E+00  -6.0715E-01  -2.7266E+00   1.5122E-01  -4.9683E-02   4.4623E-01
   1969.17   4.1947E+01   1.7839E+01   2.3905E+01   2.0202E+00  -6.6338E-01  -2.9798E+00   1.6531E-01  -5.4284E-02   4.8768E-01
   1969.25   4.2129E+01   1.7892E+01   2.4039E+01   2.1727E+00  -7.1315E-01  -3.2040E+00   1.7779E-01  -5.8357E-02   5.2437E-01
   1969.33   4.2298E+01   1.7963E+01   2.4142E+01   2.3055E+00  -7.5646E-01  -3.3991E+00   1.8866E-01  -6.1901E-02   5.5631E-01
   1969.42   4.2454E+01   1.8054E+01   2.4213E+01   2.4185E+00  -7.9331E-01  -3.5652E+00   1.9790E-01  -6.4917E-02   5.8348E-01
   1969.50   4.2598E+01   1.8163E+01   2.4252E+01   2.5117E+00  -8.2371E-01  -3.7022E+00   2.0553E-01  -6.7404E-02   6.0590E-01
   1969.58   4.2730E+01   1.8290E+01   2.4259E+01   2.5852E+00  -8.4764E-01  -3.8101E+00   2.1155E-01  -6.9363E-02   6.2356E-01
   1969.67   4.2849E+01   1.8436E+01   2.4235E+01   2.6389E+00  -8.6512E-01  -3.8889E+00   2.1594E-01  -7.0793E-02   6.3646E-01
   1969.75   4.2956E+01   1.8601E+01   2.4179E+01   2.6729E+00  -8.7614E-01  -3.9386E+00   2.1872E-01  -7.1695E-02   6.4460E-01
   1969.83   4.3051E+01   1.8785E+01   2.4091E+01   2.6871E+00  -8.8070E-01  -3.9593E+00   2.1989E-01  -7.2068E-02   6.4798E-01
   1969.92   4.3133E+01   1.8987E+01   2.3971E+01   2.6816E+00  -8.7880E-01  -3.9509E+00   2.1943E-01  -7.1913E-02   6.4661E-01
   1970.00   4.3202E+01   1.9208E+01   2.3820E+01   2.6563E+00  -8.7044E-01  -3.9134E+00   2.1736E-01  -7.1229E-02   6.4047E-01
   1970.08   4.3261E+01   1.9442E+01   2.3654E+01   2.6146E+00  -8.5675E-01  -3.8519E+00   2.1395E-01  -7.0109E-02   6.3040E-01
   1970.17   4.3309E+01   1.9685E+01   2.3491E+01   2.5599E+00  -8.3885E-01  -3.7713E+00   2.0948E-01  -6.8644E-02   6.1721E-01
   1970.25   4.3347E+01   1.9936E+01   2.3329E+01   2.4922E+00  -8.1675E-01  -3.6716E+00   2.0393E-01  -6.6835E-02   6.0090E-01
   1970.33   4.3375E+01   2.0196E+01   2.3170E+01   2.4114E+00  -7.9043E-01  -3.5529E+00   1.9733E-01  -6.4681E-02   5.8147E-01
   1970.42   4.3393E+01   2.0464E+01   2.3012E+01   2.3176E+00  -7.5990E-01  -3.4151E+00   1.8965E-01  -6.2183E-02   5.5891E-01
   1970.50   4.3401E+01   2.0740E+01   2.2857E+01   2.2108E+00  -7.2516E-01  -3.2582E+00   1.8091E-01  -5.9341E-02   5.3325E-01
   1970.58   4.3399E+01   2.1025E+01   2.2705E+01   2.0910E+00  -6.8622E-01  -3.0823E+00   1.7111E-01  -5.6154E-02   5.0446E-01
   1970.67   4.3386E+01   2.1318E+01   2.2554E+01   1.9582E+00  -6.4307E-01  -2.8874E+00   1.6024E-01  -5.2622E-02   4.7255E-01
   1970.75   4.3364E+01   2.1620E+01   2.2405E+01   1.8123E+00  -5.9570E-01  -2.6733E+00   1.4830E-01  -4.8746E-02   4.3752E-01
   1970.83   4.3331E+01   2.1930E+01   2.2259E+01   1.6534E+00  -5.4413E-01  -2.4402E+00   1.3530E-01  -4.4526E-02   3.9937E-01
   1970.92   4.3288E+01   2.2248E+01   2.2115E+01   1.4815E+00  -4.8835E-01  -2.1881E+00   1.2123E-01  -3.9962E-02   3.5810E-01
   1971.00   4.3236E+01   2.2575E+01   2.1973E+01   1.2966E+00  -4.2836E-01  -1.9169E+00   1.0610E-01  -3.5052E-02   3.1372E-01
   1971.08   4.3173E+01   2.2910E+01   2.1833E+01   1.0987E+00  -3.6416E-01  -1.6266E+00   8.9904E-02  -2.9799E-02   2.6621E-01
   1971.17   4.3099E+01   2.3254E+01   2.1695E+01   8.8769E-01  -2.9575E-01  -1.3173E+00   7.2640E-02  -2.4201E-02   2.1559E-01
   1971.25   4.3016E+01   2.3606E+01   2.1560E+01   6.6370E-01  -2.2313E-01  -9.8889E-01   5.4311E-02  -1.8259E-02   1.6184E-01
   1971.33   4.2923E+01   2.3966E+01   2.1427E+01   4.2669E-01  -1.4630E-01  -6.4143E-01   3.4916E-02  -1.1972E-02   1.0498E-01
   1971.42   4.2819E+01   2.4335E+01   2.1296E+01   1.7665E-01  -6.5263E-02  -2.7492E-01   1.4456E-02  -5.3405E-03   4.4994E-02
   1971.50   4.2706E+01   2.4712E+01   2.1167E+01  -8.6404E-02   1.9983E-02   1.1065E-01  -7.0705E-03   1.6352E-03  -1.8109E-02
   1971.58   4.2582E+01   2.5098E+01   2.1040E+01  -3.6248E-01   1.0944E-01   5.1529E-01  -2.9662E-02   8.9554E-03  -8.4332E-02
   1971.67   4.2448E+01   2.5492E+01   2.0915E+01  -6.5158E-01   2.0310E-01   9.3898E-01  -5.3319E-02   1.6620E-02  -1.5367E-01
   1971.75   4.2304E+01   2.5894E+01   2.0793E+01  -9.5371E-01   3.0098E-01   1.3817E+00  -7.8042E-02   2.4629E-02  -2.2614E-01
   1971.83   4.2150E+01   2.6305E+01   2.0673E+01  -1.2689E+00   4.0306E-01   1.8436E+00  -1.0383E-01   3.2982E-02  -3.0172E-01
   1971.92   4.1986E+01   2.6724E+01   2.0555E+01  -1.5970E+00   5.0935E-01   2.3244E+00  -1.3068E-01   4.1680E-02  -3.8042E-01
   1972.00   4.1812E+01   2.7152E+01   2.0439E+01  -1.9382E+00   6.1985E-01   2.8244E+00  -1.5860E-01   5.0723E-02  -4.6224E-01
   1972.08   4.1638E+01   2.7582E+01   2.0328E+01  -2.2671E+00   7.2637E-01   3.3063E+00  -1.8552E-01   5.9439E-02  -5.4111E-01
   1972.17   4.1474E+01   2.8011E+01   2.0226E+01  -2.5583E+00   8.2071E-01   3.7331E+00  -2.0935E-01   6.7159E-02  -6.1096E-01
   1972.25   4.1321E+01   2.8438E+01   2.0132E+01  -2.8119E+00   9.0288E-01   4.1047E+00  -2.3010E-01   7.3883E-02  -6.7178E-01
   1972.33   4.1178E+01   2.8862E+01   2.0046E+01  -3.0279E+00   9.7288E-01   4.4213E+00  -2.4777E-01   7.9611E-02  -7.2359E-01
   1972.42   4.1046E+01   2.9285E+01   1.9968E+01  -3.2062E+00   1.0307E+00   4.6827E+00  -2.6236E-01   8.4343E-02  -7.6638E-01
   1972.50   4.0925E+01   2.9705E+01   1.9899E+01  -3.3468E+00   1.0763E+00   4.8890E+00  -2.7387E-01   8.8078E-02  -8.0014E-01
   1972.58   4.0813E+01   3.0124E+01   1.9838E+01  -3.4499E+00   1.1098E+00   5.0402E+00  -2.8230E-01   9.0817E-02  -8.2489E-01
   1972.67   4.0713E+01   3.0540E+01   1.9785E+01  -3.5153E+00   1.1311E+00   5.1363E+00  -2.8765E-01   9.2560E-02  -8.4061E-01
   1972.75   4.0622E+01   3.0954E+01   1.9740E+01  -3.5430E+00   1.1402E+00   5.1773E+00  -2.8993E-01   9.3307E-02  -8.4732E-01
   1972.83   4.0543E+01   3.1366E+01   1.9704E+01  -3.5331E+00   1.1372E+00   5.1631E+00  -2.8912E-01   9.3057E-02  -8.4500E-01
   1972.92   4.0473E+01   3.1776E+01   1.9676E+01  -3.4856E+00   1.1220E+00   5.0938E+00  -2.8522E-01   9.1811E-02  -8.3366E-01
   1973.00   4.0414E+01   3.2185E+01   1.9656E+01  -3.4004E+00   1.0946E+00   4.9694E+00  -2.7825E-01   8.9569E-02  -8.1330E-01
   1973.08   4.0366E+01   3.2591E+01   1.9644E+01  -3.2776E+00   1.0550E+00   4.7899E+00  -2.6820E-01   8.6331E-02  -7.8392E-01
   1973.17   4.0328E+01   3.2994E+01   1.9641E+01  -3.1171E+00   1.0032E+00   4.5553E+00  -2.5507E-01   8.2096E-02  -7.4553E-01
   1973.25   4.0301E+01   3.3396E+01   1.9646E+01  -2.9190E+00   9.3933E-01   4.2656E+00  -2.3886E-01   7.6866E-02  -6.9810E-01
   1973.33   4.0284E+01   3.3796E+01   1.9659E+01  -2.6832E+00   8.6323E-01   3.9207E+00  -2.1957E-01   7.0639E-02  -6.4166E-01
   1973.42   4.0277E+01   3.4194E+01   1.9681E+01  -2.4098E+00   7.7496E-01   3.5207E+00  -1.9720E-01   6.3415E-02  -5.7620E-01
   1973.50   4.0281E+01   3.4590E+01   1.9710E+01  -2.0988E+00   6.7452E-01   3.0656E+00  -1.7174E-01   5.5196E-02  -5.0172E-01
   1973.58   4.0296E+01   3.4983E+01   1.9748E+01  -1.7501E+00   5.6190E-01   2.5554E+00  -1.4321E-01   4.5980E-02  -4.1822E-01
   1973.67   4.0321E+01   3.5375E+01   1.9795E+01  -1.3638E+00   4.3710E-01   1.9900E+00  -1.1160E-01   3.5768E-02  -3.2569E-01
   1973.75   4.0356E+01   3.5764E+01   1.9849E+01  -9.3983E-01   3.0014E-01   1.3696E+00  -7.6907E-02   2.4560E-02  -2.2415E-01
   1973.83   4.0402E+01   3.6152E+01   1.9912E+01  -4.7823E-01   1.5099E-01   6.9401E-01  -3.9134E-02   1.2356E-02  -1.1358E-01
   1973.92   4.0459E+01   3.6537E+01   1.9983E+01   2.1016E-02  -1.0321E-02  -3.6683E-02   1.7197E-03  -8.4459E-04   6.0036E-03
   1974.00   4.0525E+01   3.6920E+01   2.0062E+01   5.5790E-01  -1.8381E-01  -8.2250E-01   4.5653E-02  -1.5041E-02   1.3461E-01
   1974.08   4.0590E+01   3.7301E+01   2.0135E+01   1.0901E+00  -3.5581E-01  -1.6015E+00   8.9205E-02  -2.9116E-02   2.6210E-01
   1974.17   4.0639E+01   3.7679E+01   2.0186E+01   1.5754E+00  -5.1265E-01  -2.3118E+00   1.2891E-01  -4.1951E-02   3.7835E-01
   1974.25   4.0672E+01   3.8054E+01   2.0216E+01   2.0136E+00  -6.5434E-01  -2.9534E+00   1.6477E-01  -5.3545E-02   4.8335E-01
   1974.33   4.0690E+01   3.8426E+01   2.0225E+01   2.4049E+00  -7.8087E-01  -3.5262E+00   1.9679E-01  -6.3899E-02   5.7710E-01
   1974.42   4.0693E+01   3.8795E+01   2.0212E+01   2.7492E+00  -8.9224E-01  -4.0303E+00   2.2496E-01  -7.3013E-02   6.5960E-01
   1974.50   4.0680E+01   3.9161E+01   2.0178E+01   3.0465E+00  -9.8846E-01  -4.4657E+00   2.4929E-01  -8.0886E-02   7.3086E-01
   1974.58   4.0652E+01   3.9524E+01   2.0122E+01   3.2968E+00  -1.0695E+00  -4.8324E+00   2.6978E-01  -8.7519E-02   7.9087E-01
   1974.67   4.0608E+01   3.9883E+01   2.0045E+01   3.5001E+00  -1.1354E+00  -5.1303E+00   2.8642E-01  -9.2912E-02   8.3963E-01
   1974.75   4.0549E+01   4.0240E+01   1.9946E+01   3.6565E+00  -1.1862E+00  -5.3595E+00   2.9921E-01  -9.7065E-02   8.7714E-01
   1974.83   4.0475E+01   4.0595E+01   1.9826E+01   3.7658E+00  -1.2218E+00  -5.5200E+00   3.0816E-01  -9.9977E-02   9.0341E-01
   1974.92   4.0384E+01   4.0946E+01   1.9685E+01   3.8282E+00  -1.2422E+00  -5.6118E+00   3.1327E-01  -1.0165E-01   9.1843E-01
   1975.00   4.0279E+01   4.1294E+01   1.9522E+01   3.8436E+00  -1.2475E+00  -5.6348E+00   3.1453E-01  -1.0208E-01   9.2220E-01
   1975.08   4.0158E+01   4.1639E+01   1.9338E+01   3.8121E+00  -1.2376E+00  -5.5892E+00   3.1194E-01  -1.0127E-01   9.1473E-01
   1975.17   4.0022E+01   4.1981E+01   1.9132E+01   3.7335E+00  -1.2126E+00  -5.4748E+00   3.0551E-01  -9.9224E-02   8.9600E-01
   1975.25   3.9870E+01   4.2320E+01   1.8905E+01   3.6079E+00  -1.1724E+00  -5.2916E+00   2.9524E-01  -9.5935E-02   8.6603E-01
   1975.33   3.9703E+01   4.2656E+01   1.8657E+01   3.4354E+00  -1.1170E+00  -5.0398E+00   2.8112E-01  -9.1405E-02   8.2481E-01
   1975.42   3.9520E+01   4.2989E+01   1.8387E+01   3.2159E+00  -1.0465E+00  -4.7192E+00   2.6316E-01  -8.5636E-02   7.7235E-01
   1975.50   3.9322E+01   4.3320E+01   1.8096E+01   2.9494E+00  -9.6084E-01  -4.3299E+00   2.4135E-01  -7.8626E-02   7.0864E-01
   1975.58   3.9108E+01   4.3647E+01   1.7783E+01   2.6359E+00  -8.6002E-01  -3.8719E+00   2.1570E-01  -7.0376E-02   6.3368E-01
   1975.67   3.8879E+01   4.3971E+01   1.7449E+01   2.2755E+00  -7.4405E-01  -3.3451E+00   1.8620E-01  -6.0886E-02   5.4747E-01
   1975.75   3.8635E+01   4.4293E+01   1.7094E+01   1.8680E+00  -6.1292E-01  -2.7497E+00   1.5286E-01  -5.0155E-02   4.5001E-01
   1975.83   3.8375E+01   4.4611E+01   1.6717E+01   1.4136E+00  -4.6663E-01  -2.0855E+00   1.1568E-01  -3.8184E-02   3.4131E-01
   1975.92   3.8100E+01   4.4926E+01   1.6318E+01   9.1220E-01  -3.0518E-01  -1.3526E+00   7.4645E-02  -2.4973E-02   2.2136E-01
   1976.00   3.7809E+01   4.5239E+01   1.5899E+01   3.6380E-01  -1.2858E-01  -5.5093E-01   2.9770E-02  -1.0522E-02   9.0166E-02
   1976.08   3.7511E+01   4.5548E+01   1.5471E+01  -1.8590E-01   4.8469E-02   2.5267E-01  -1.5212E-02   3.9662E-03  -4.1352E-02
   1976.17   3.7215E+01   4.5855E+01   1.5050E+01  -6.9125E-01   2.1125E-01   9.9147E-01  -5.6565E-02   1.7287E-02  -1.6226E-01
   1976.25   3.6921E+01   4.6158E+01   1.4635E+01  -1.1522E+00   3.5978E-01   1.6655E+00  -9.4288E-02   2.9441E-02  -2.7257E-01
   1976.33   3.6628E+01   4.6459E+01   1.4225E+01  -1.5689E+00   4.9403E-01   2.2747E+00  -1.2838E-01   4.0427E-02  -3.7227E-01
   1976.42   3.6337E+01   4.6757E+01   1.3822E+01  -1.9412E+00   6.1403E-01   2.8190E+00  -1.5885E-01   5.0246E-02  -4.6137E-01
   1976.50   3.6047E+01   4.7052E+01   1.3424E+01  -2.2691E+00   7.1976E-01   3.2986E+00  -1.8568E-01   5.8898E-02  -5.3986E-01
   1976.58   3.5760E+01   4.7344E+01   1.3033E+01  -2.5526E+00   8.1123E-01   3.7134E+00  -2.0888E-01   6.6383E-02  -6.0774E-01
   1976.67   3.5473E+01   4.7633E+01   1.2647E+01  -2.7919E+00   8.8844E-01   4.0634E+00  -2.2846E-01   7.2701E-02  -6.6502E-01
   1976.75   3.5189E+01   4.7919E+01   1.2267E+01  -2.9867E+00   9.5138E-01   4.3486E+00  -2.4440E-01   7.7852E-02  -7.1169E-01
   1976.83   3.4906E+01   4.8203E+01   1.1894E+01  -3.1372E+00   1.0001E+00   4.5690E+00  -2.5672E-01   8.1835E-02  -7.4776E-01
   1976.92   3.4625E+01   4.8483E+01   1.1526E+01  -3.2434E+00   1.0345E+00   4.7245E+00  -2.6540E-01   8.4652E-02  -7.7322E-01
   1977.00   3.4346E+01   4.8761E+01   1.1165E+01  -3.3051E+00   1.0546E+00   4.8153E+00  -2.7046E-01   8.6301E-02  -7.8808E-01
   1977.08   3.4068E+01   4.9035E+01   1.0809E+01  -3.3226E+00   1.0605E+00   4.8413E+00  -2.7189E-01   8.6783E-02  -7.9233E-01
   1977.17   3.3791E+01   4.9307E+01   1.0459E+01  -3.2956E+00   1.0521E+00   4.8024E+00  -2.6968E-01   8.6097E-02  -7.8597E-01
   1977.25   3.3517E+01   4.9576E+01   1.0116E+01  -3.2244E+00   1.0295E+00   4.6988E+00  -2.6385E-01   8.4245E-02  -7.6901E-01
   1977.33   3.3244E+01   4.9842E+01   9.7780E+00  -3.1087E+00   9.9261E-01   4.5304E+00  -2.5439E-01   8.1225E-02  -7.4144E-01
   1977.42   3.2973E+01   5.0105E+01   9.4463E+00  -2.9487E+00   9.4144E-01   4.2971E+00  -2.4130E-01   7.7039E-02  -7.0327E-01
   1977.50   3.2703E+01   5.0365E+01   9.1205E+00  -2.7444E+00   8.7602E-01   3.9991E+00  -2.2457E-01   7.1685E-02  -6.5449E-01
   1977.58   3.2435E+01   5.0622E+01   8.8008E+00  -2.4957E+00   7.9633E-01   3.6362E+00  -2.0422E-01   6.5164E-02  -5.9511E-01
   1977.67   3.2169E+01   5.0876E+01   8.4870E+00  -2.2026E+00   7.0238E-01   3.2086E+00  -1.8024E-01   5.7476E-02  -5.2512E-01
   1977.75   3.1904E+01   5.1127E+01   8.1792E+00  -1.8652E+00   5.9416E-01   2.7162E+00  -1.5263E-01   4.8620E-02  -4.4453E-01
   1977.83   3.1641E+01   5.1376E+01   7.8774E+00  -1.4834E+00   4.7168E-01   2.1589E+00  -1.2139E-01   3.8598E-02  -3.5333E-01
   1977.92   3.1380E+01   5.1621E+01   7.5815E+00  -1.0573E+00   3.3494E-01   1.5368E+00  -8.6516E-02   2.7408E-02  -2.5152E-01
   1978.00   3.1120E+01   5.1864E+01   7.2917E+00  -5.8677E-01   1.8393E-01   8.4998E-01  -4.8016E-02   1.5051E-02  -1.3911E-01
   1978.08   3.0859E+01   5.2097E+01   7.0092E+00  -1.1514E-01   3.2520E-02   1.6140E-01  -9.4217E-03   2.6611E-03  -2.6415E-02
   1978.17   3.0594E+01   5.2316E+01   6.7355E+00   3.1443E-01  -1.0544E-01  -4.6582E-01   2.5730E-02  -8.6280E-03   7.6237E-02
   1978.25   3.0324E+01   5.2518E+01   6.4706E+00   7.0194E-01  -2.2994E-01  -1.0317E+00   5.7440E-02  -1.8816E-02   1.6885E-01
   1978.33   3.0050E+01   5.2705E+01   6.2144E+00   1.0474E+00  -3.4099E-01  -1.5362E+00   8.5707E-02  -2.7904E-02   2.5142E-01
   1978.42   2.9771E+01   5.2877E+01   5.9670E+00   1.3508E+00  -4.3859E-01  -1.9794E+00   1.1053E-01  -3.5890E-02   3.2395E-01
   1978.50   2.9488E+01   5.3034E+01   5.7284E+00   1.6121E+00  -5.2273E-01  -2.3612E+00   1.3192E-01  -4.2776E-02   3.8643E-01
   1978.58   2.9201E+01   5.3174E+01   5.4986E+00   1.8313E+00  -5.9343E-01  -2.6816E+00   1.4986E-01  -4.8560E-02   4.3888E-01
   1978.67   2.8909E+01   5.3300E+01   5.2776E+00   2.0085E+00  -6.5066E-01  -2.9407E+00   1.6435E-01  -5.3244E-02   4.8128E-01
   1978.75   2.8613E+01   5.3410E+01   5.0653E+00   2.1436E+00  -6.9445E-01  -3.1385E+00   1.7541E-01  -5.6827E-02   5.1365E-01
   1978.83   2.8312E+01   5.3505E+01   4.8618E+00   2.2366E+00  -7.2478E-01  -3.2749E+00   1.8303E-01  -5.9309E-02   5.3597E-01
   1978.92   2.8008E+01   5.3584E+01   4.6671E+00   2.2876E+00  -7.4165E-01  -3.3499E+00   1.8720E-01  -6.0690E-02   5.4825E-01
   1979.00   2.7698E+01   5.3648E+01   4.4811E+00   2.2965E+00  -7.4508E-01  -3.3636E+00   1.8793E-01  -6.0970E-02   5.5048E-01
   1979.08   2.7385E+01   5.3696E+01   4.3039E+00   2.2634E+00  -7.3505E-01  -3.3159E+00   1.8521E-01  -6.0149E-02   5.4268E-01
   1979.17   2.7067E+01   5.3729E+01   4.1356E+00   2.1882E+00  -7.1157E-01  -3.2069E+00   1.7906E-01  -5.8228E-02   5.2484E-01
   1979.25   2.6744E+01   5.3747E+01   3.9759E+00   2.0709E+00  -6.7463E-01  -3.0365E+00   1.6946E-01  -5.5205E-02   4.9695E-01
   1979.33   2.6417E+01   5.3749E+01   3.8251E+00   1.9116E+00  -6.2424E-01  -2.8047E+00   1.5642E-01  -5.1082E-02   4.5902E-01
   1979.42   2.6086E+01   5.3736E+01   3.6830E+00   1.7101E+00  -5.6040E-01  -2.5116E+00   1.3994E-01  -4.5857E-02   4.1106E-01
   1979.50   2.5751E+01   5.3707E+01   3.5497E+00   1.4667E+00  -4.8310E-01  -2.1572E+00   1.2002E-01  -3.9532E-02   3.5305E-01
   1979.58   2.5411E+01   5.3663E+01   3.4252E+00   1.1811E+00  -3.9235E-01  -1.7414E+00   9.6652E-02  -3.2106E-02   2.8500E-01
   1979.67   2.5067E+01   5.3603E+01   3.3095E+00   8.5352E-01  -2.8815E-01  -1.2642E+00   6.9844E-02  -2.3579E-02   2.0690E-01
   1979.75   2.4718E+01   5.3529E+01   3.2025E+00   4.8384E-01  -1.7049E-01  -7.2570E-01   3.9593E-02  -1.3951E-02   1.1877E-01
   1979.83   2.4365E+01   5.3438E+01   3.1043E+00   7.2106E-02  -3.9381E-02  -1.2583E-01   5.9004E-03  -3.2226E-03   2.0593E-02
   1979.92   2.4007E+01   5.3332E+01   3.0149E+00  -3.8170E-01   1.0518E-01   5.3540E-01  -3.1234E-02   8.6071E-03  -8.7624E-02
   1980.00   2.3646E+01   5.3211E+01   2.9343E+00  -8.7757E-01   2.6320E-01   1.2580E+00  -7.1812E-02   2.1538E-02  -2.0588E-01
   1980.08   2.3290E+01   5.3086E+01   2.8619E+00  -1.3752E+00   4.2181E-01   1.9832E+00  -1.1254E-01   3.4517E-02  -3.2457E-01
   1980.17   2.2950E+01   5.2968E+01   2.7971E+00  -1.8344E+00   5.6815E-01   2.6524E+00  -1.5011E-01   4.6492E-02  -4.3409E-01
   1980.25   2.2626E+01   5.2856E+01   2.7400E+00  -2.2551E+00   7.0223E-01   3.2655E+00  -1.8454E-01   5.7463E-02  -5.3443E-01
   1980.33   2.2318E+01   5.2753E+01   2.6905E+00  -2.6373E+00   8.2404E-01   3.8225E+00  -2.1581E-01   6.7431E-02  -6.2559E-01
   1980.42   2.2026E+01   5.2656E+01   2.6486E+00  -2.9810E+00   9.3358E-01   4.3235E+00  -2.4394E-01   7.6395E-02  -7.0758E-01
   1980.50   2.1750E+01   5.2566E+01   2.6144E+00  -3.2863E+00   1.0309E+00   4.7683E+00  -2.6892E-01   8.4355E-02  -7.8039E-01
   1980.58   2.1491E+01   5.2484E+01   2.5878E+00  -3.5530E+00   1.1159E+00   5.1572E+00  -2.9075E-01   9.1311E-02  -8.4403E-01
   1980.67   2.1247E+01   5.2408E+01   2.5688E+00  -3.7813E+00   1.1886E+00   5.4899E+00  -3.0943E-01   9.7264E-02  -8.9849E-01
   1980.75   2.1020E+01   5.2340E+01   2.5575E+00  -3.9711E+00   1.2491E+00   5.7666E+00  -3.2496E-01   1.0221E-01  -9.4377E-01
   1980.83   2.0808E+01   5.2279E+01   2.5539E+00  -4.1224E+00   1.2973E+00   5.9873E+00  -3.3734E-01   1.0616E-01  -9.7988E-01
   1980.92   2.0613E+01   5.2225E+01   2.5579E+00  -4.2352E+00   1.3332E+00   6.1518E+00  -3.4657E-01   1.0910E-01  -1.0068E+00
   1981.00   2.0433E+01   5.2178E+01   2.5695E+00  -4.3096E+00   1.3569E+00   6.2603E+00  -3.5265E-01   1.1103E-01  -1.0246E+00
   1981.08   2.0270E+01   5.2138E+01   2.5887E+00  -4.3454E+00   1.3683E+00   6.3128E+00  -3.5559E-01   1.1197E-01  -1.0332E+00
   1981.17   2.0123E+01   5.2106E+01   2.6156E+00  -4.3428E+00   1.3674E+00   6.3091E+00  -3.5537E-01   1.1190E-01  -1.0326E+00
   1981.25   1.9991E+01   5.2080E+01   2.6502E+00  -4.3017E+00   1.3543E+00   6.2494E+00  -3.5201E-01   1.1082E-01  -1.0228E+00
   1981.33   1.9876E+01   5.2062E+01   2.6924E+00  -4.2221E+00   1.3289E+00   6.1337E+00  -3.4550E-01   1.0875E-01  -1.0038E+00
   1981.42   1.9777E+01   5.2051E+01   2.7422E+00  -4.1040E+00   1.2912E+00   5.9618E+00  -3.3584E-01   1.0566E-01  -9.7572E-01
   1981.50   1.9694E+01   5.2047E+01   2.7996E+00  -3.9475E+00   1.2413E+00   5.7340E+00  -3.2302E-01   1.0158E-01  -9.3842E-01
   1981.58   1.9627E+01   5.2050E+01   2.8647E+00  -3.7525E+00   1.1791E+00   5.4500E+00  -3.0706E-01   9.6488E-02  -8.9195E-01
   1981.67   1.9576E+01   5.2060E+01   2.9375E+00  -3.5189E+00   1.1047E+00   5.1100E+00  -2.8796E-01   9.0394E-02  -8.3630E-01
   1981.75   1.9541E+01   5.2078E+01   3.0179E+00  -3.2469E+00   1.0179E+00   4.7139E+00  -2.6570E-01   8.3297E-02  -7.7147E-01
   1981.83   1.9523E+01   5.2102E+01   3.1059E+00  -2.9364E+00   9.1892E-01   4.2617E+00  -2.4029E-01   7.5196E-02  -6.9747E-01
   1981.92   1.9520E+01   5.2134E+01   3.2015E+00  -2.5875E+00   8.0766E-01   3.7535E+00  -2.1173E-01   6.6091E-02  -6.1430E-01
   1982.00   1.9533E+01   5.2173E+01   3.3048E+00  -2.2000E+00   6.8412E-01   3.1892E+00  -1.8003E-01   5.5982E-02  -5.2194E-01
   1982.08   1.9546E+01   5.2213E+01   3.4139E+00  -1.8012E+00   5.5700E-01   2.6084E+00  -1.4739E-01   4.5580E-02  -4.2690E-01
   1982.17   1.9541E+01   5.2247E+01   3.5268E+00  -1.4183E+00   4.3497E-01   2.0508E+00  -1.1606E-01   3.5594E-02  -3.3563E-01
   1982.25   1.9519E+01   5.2277E+01   3.6435E+00  -1.0512E+00   3.1803E-01   1.5162E+00  -8.6023E-02   2.6024E-02  -2.4815E-01
   1982.33   1.9479E+01   5.2301E+01   3.7641E+00  -7.0002E-01   2.0618E-01   1.0048E+00  -5.7283E-02   1.6871E-02  -1.6445E-01
   1982.42   1.9422E+01   5.2320E+01   3.8886E+00  -3.6465E-01   9.9413E-02   5.1651E-01  -2.9840E-02   8.1350E-03  -8.4532E-02
   1982.50   1.9347E+01   5.2334E+01   4.0169E+00  -4.5139E-02  -2.2604E-03   5.1322E-02  -3.6938E-03  -1.8497E-04  -8.3993E-03
   1982.58   1.9255E+01   5.2342E+01   4.1491E+00   2.5852E-01  -9.8844E-02  -3.9075E-01   2.1155E-02  -8.0885E-03   6.3950E-02
   1982.67   1.9146E+01   5.2346E+01   4.2851E+00   5.4633E-01  -1.9034E-01  -8.0971E-01   4.4707E-02  -1.5575E-02   1.3252E-01
   1982.75   1.9019E+01   5.2344E+01   4.4250E+00   8.1829E-01  -2.7674E-01  -1.2055E+00   6.6961E-02  -2.2646E-02   1.9730E-01
   1982.83   1.8874E+01   5.2337E+01   4.5687E+00   1.0744E+00  -3.5806E-01  -1.5783E+00   8.7918E-02  -2.9300E-02   2.5830E-01
   1982.92   1.8712E+01   5.2325E+01   4.7163E+00   1.3146E+00  -4.3428E-01  -1.9279E+00   1.0758E-01  -3.5538E-02   3.1552E-01
   1983.00   1.8533E+01   5.2308E+01   4.8677E+00   1.5391E+00  -5.0542E-01  -2.2544E+00   1.2594E-01  -4.1359E-02   3.6895E-01
   1983.08   1.8336E+01   5.2285E+01   5.0230E+00   1.7476E+00  -5.7147E-01  -2.5577E+00   1.4301E-01  -4.6763E-02   4.1860E-01
   1983.17   1.8122E+01   5.2258E+01   5.1821E+00   1.9403E+00  -6.3242E-01  -2.8380E+00   1.5878E-01  -5.1751E-02   4.6447E-01
   1983.25   1.7891E+01   5.2225E+01   5.3451E+00   2.1171E+00  -6.8829E-01  -3.0951E+00   1.7325E-01  -5.6323E-02   5.0655E-01
   1983.33   1.7642E+01   5.2187E+01   5.5119E+00   2.2781E+00  -7.3907E-01  -3.3292E+00   1.8642E-01  -6.0478E-02   5.4485E-01
   1983.42   1.7375E+01   5.2144E+01   5.6826E+00   2.4233E+00  -7.8476E-01  -3.5401E+00   1.9830E-01  -6.4217E-02   5.7937E-01
   1983.50   1.7091E+01   5.2095E+01   5.8571E+00   2.5526E+00  -8.2536E-01  -3.7279E+00   2.0888E-01  -6.7539E-02   6.1011E-01
   1983.58   1.6790E+01   5.2042E+01   6.0355E+00   2.6660E+00  -8.6086E-01  -3.8926E+00   2.1816E-01  -7.0445E-02   6.3706E-01
   1983.67   1.6471E+01   5.1983E+01   6.2178E+00   2.7636E+00  -8.9128E-01  -4.0341E+00   2.2615E-01  -7.2934E-02   6.6023E-01
   1983.75   1.6135E+01   5.1919E+01   6.4039E+00   2.8453E+00  -9.1661E-01  -4.1526E+00   2.3283E-01  -7.5007E-02   6.7961E-01
   1983.83   1.5781E+01   5.1850E+01   6.5938E+00   2.9112E+00  -9.3685E-01  -4.2479E+00   2.3823E-01  -7.6663E-02   6.9521E-01
   1983.92   1.5410E+01   5.1775E+01   6.7876E+00   2.9612E+00  -9.5201E-01  -4.3201E+00   2.4232E-01  -7.7903E-02   7.0703E-01
   1984.00   1.5021E+01   5.1696E+01   6.9853E+00   2.9954E+00  -9.6207E-01  -4.3692E+00   2.4512E-01  -7.8726E-02   7.1507E-01
   1984.08   1.4632E+01   5.1611E+01   7.1857E+00   3.0211E+00  -9.6940E-01  -4.4059E+00   2.4722E-01  -7.9327E-02   7.2108E-01
   1984.17   1.4260E+01   5.1523E+01   7.3877E+00   3.0456E+00  -9.7638E-01  -4.4409E+00   2.4922E-01  -7.9898E-02   7.2681E-01
   1984.25   1.3904E+01   5.1430E+01   7.5914E+00   3.0690E+00  -9.8300E-01  -4.4743E+00   2.5114E-01  -8.0440E-02   7.3227E-01
   1984.33   1.3566E+01   5.1333E+01   7.7968E+00   3.0912E+00  -9.8927E-01  -4.5060E+00   2.5295E-01  -8.0952E-02   7.3745E-01
   1984.42   1.3243E+01   5.1232E+01   8.0038E+00   3.1122E+00  -9.9517E-01  -4.5360E+00   2.5468E-01  -8.1435E-02   7.4236E-01
   1984.50   1.2938E+01   5.1127E+01   8.2124E+00   3.1321E+00  -1.0007E+00  -4.5643E+00   2.5630E-01  -8.1889E-02   7.4700E-01
   1984.58   1.2650E+01   5.1017E+01   8.4227E+00   3.1509E+00  -1.0059E+00  -4.5910E+00   2.5784E-01  -8.2314E-02   7.5136E-01
   1984.67   1.2378E+01   5.0904E+01   8.6347E+00   3.1685E+00  -1.0107E+00  -4.6159E+00   2.5928E-01  -8.2709E-02   7.5545E-01
   1984.75   1.2123E+01   5.0786E+01   8.8483E+00   3.1849E+00  -1.0152E+00  -4.6392E+00   2.6062E-01  -8.3075E-02   7.5926E-01
   1984.83   1.1884E+01   5.0663E+01   9.0635E+00   3.2001E+00  -1.0193E+00  -4.6609E+00   2.6187E-01  -8.3412E-02   7.6280E-01
   1984.92   1.1663E+01   5.0537E+01   9.2804E+00   3.2143E+00  -1.0231E+00  -4.6808E+00   2.6302E-01  -8.3720E-02   7.6607E-01
   1985.00   1.1458E+01   5.0406E+01   9.4990E+00   3.2272E+00  -1.0265E+00  -4.6991E+00   2.6408E-01  -8.3998E-02   7.6906E-01
   1985.08   1.1270E+01   5.0271E+01   9.7192E+00   3.2390E+00  -1.0295E+00  -4.7157E+00   2.6505E-01  -8.4247E-02   7.7177E-01
   1985.17   1.1098E+01   5.0132E+01   9.9410E+00   3.2497E+00  -1.0322E+00  -4.7306E+00   2.6592E-01  -8.4466E-02   7.7422E-01
   1985.25   1.0944E+01   4.9989E+01   1.0165E+01   3.2591E+00  -1.0345E+00  -4.7439E+00   2.6670E-01  -8.4656E-02   7.7638E-01
   1985.33   1.0806E+01   4.9841E+01   1.0390E+01   3.2675E+00  -1.0365E+00  -4.7554E+00   2.6738E-01  -8.4817E-02   7.7828E-01
   1985.42   1.0684E+01   4.9690E+01   1.0616E+01   3.2747E+00  -1.0381E+00  -4.7653E+00   2.6797E-01  -8.4949E-02   7.7990E-01
   1985.50   1.0580E+01   4.9534E+01   1.0845E+01   3.2807E+00  -1.0394E+00  -4.7736E+00   2.6846E-01  -8.5051E-02   7.8124E-01
   1985.58   1.0492E+01   4.9374E+01   1.1075E+01   3.2855E+00  -1.0403E+00  -4.7801E+00   2.6886E-01  -8.5124E-02   7.8232E-01
   1985.67   1.0421E+01   4.9209E+01   1.1307E+01   3.2892E+00  -1.0408E+00  -4.7850E+00   2.6916E-01  -8.5168E-02   7.8311E-01
   1985.75   1.0367E+01   4.9041E+01   1.1540E+01   3.2918E+00  -1.0410E+00  -4.7882E+00   2.6937E-01  -8.5183E-02   7.8364E-01
   1985.83   1.0329E+01   4.8868E+01   1.1775E+01   3.2932E+00  -1.0408E+00  -4.7897E+00   2.6948E-01  -8.5168E-02   7.8389E-01
   1985.92   1.0308E+01   4.8691E+01   1.2012E+01   3.2934E+00  -1.0402E+00  -4.7895E+00   2.6950E-01  -8.5124E-02   7.8386E-01
   1986.00   1.0304E+01   4.8509E+01   1.2250E+01   3.2925E+00  -1.0393E+00  -4.7877E+00   2.6943E-01  -8.5050E-02   7.8356E-01
   1986.08   1.0309E+01   4.8329E+01   1.2483E+01   3.2801E+00  -1.0349E+00  -4.7693E+00   2.6841E-01  -8.4688E-02   7.8055E-01
   1986.17   1.0313E+01   4.8154E+01   1.2703E+01   3.2460E+00  -1.0238E+00  -4.7195E+00   2.6562E-01  -8.3776E-02   7.7240E-01
   1986.25   1.0317E+01   4.7985E+01   1.2911E+01   3.1902E+00  -1.0059E+00  -4.6382E+00   2.6106E-01  -8.2316E-02   7.5910E-01
   1986.33   1.0321E+01   4.7821E+01   1.3106E+01   3.1127E+00  -9.8137E-01  -4.5255E+00   2.5471E-01  -8.0306E-02   7.4065E-01
   1986.42   1.0326E+01   4.7663E+01   1.3288E+01   3.0134E+00  -9.5011E-01  -4.3814E+00   2.4659E-01  -7.7748E-02   7.1706E-01
   1986.50   1.0330E+01   4.7511E+01   1.3458E+01   2.8924E+00  -9.1214E-01  -4.2058E+00   2.3668E-01  -7.4641E-02   6.8832E-01
   1986.58   1.0334E+01   4.7364E+01   1.3615E+01   2.7496E+00  -8.6746E-01  -3.9987E+00   2.2500E-01  -7.0984E-02   6.5443E-01
   1986.67   1.0339E+01   4.7223E+01   1.3760E+01   2.5851E+00  -8.1607E-01  -3.7602E+00   2.1154E-01  -6.6779E-02   6.1540E-01
   1986.75   1.0343E+01   4.7087E+01   1.3892E+01   2.3989E+00  -7.5797E-01  -3.4903E+00   1.9631E-01  -6.2025E-02   5.7122E-01
   1986.83   1.0347E+01   4.6958E+01   1.4011E+01   2.1910E+00  -6.9316E-01  -3.1889E+00   1.7929E-01  -5.6722E-02   5.2190E-01
   1986.92   1.0352E+01   4.6833E+01   1.4118E+01   1.9613E+00  -6.2165E-01  -2.8561E+00   1.6050E-01  -5.0870E-02   4.6743E-01
   1987.00   1.0356E+01   4.6715E+01   1.4212E+01   1.7099E+00  -5.4342E-01  -2.4918E+00   1.3992E-01  -4.4469E-02   4.0781E-01
   1987.08   1.0360E+01   4.6602E+01   1.4294E+01   1.4368E+00  -4.5849E-01  -2.0961E+00   1.1757E-01  -3.7519E-02   3.4305E-01
   1987.17   1.0364E+01   4.6495E+01   1.4363E+01   1.1419E+00  -3.6685E-01  -1.6690E+00   9.3445E-02  -3.0020E-02   2.7315E-01
   1987.25   1.0369E+01   4.6393E+01   1.4419E+01   8.2535E-01  -2.6850E-01  -1.2104E+00   6.7538E-02  -2.1972E-02   1.9809E-01
   1987.33   1.0373E+01   4.6297E+01   1.4463E+01   4.8702E-01  -1.6345E-01  -7.2036E-01   3.9853E-02  -1.3375E-02   1.1789E-01
   1987.42   1.0377E+01   4.6207E+01   1.4494E+01   1.2697E-01  -5.1681E-02  -1.9888E-01   1.0390E-02  -4.2291E-03   3.2549E-02
   1987.50   1.0382E+01   4.6122E+01   1.4513E+01  -2.5481E-01   6.6793E-02   3.5404E-01  -2.0851E-02   5.4657E-03  -5.7942E-02
   1987.58   1.0386E+01   4.6043E+01   1.4519E+01  -6.5832E-01   1.9198E-01   9.3840E-01  -5.3871E-02   1.5709E-02  -1.5358E-01
   1987.67   1.0390E+01   4.5969E+01   1.4512E+01  -1.0836E+00   3.2387E-01   1.5542E+00  -8.8668E-02   2.6502E-02  -2.5436E-01
   1987.75   1.0395E+01   4.5901E+01   1.4493E+01  -1.5305E+00   4.6246E-01   2.2015E+00  -1.2524E-01   3.7844E-02  -3.6029E-01
   1987.83   1.0399E+01   4.5839E+01   1.4461E+01  -1.9992E+00   6.0777E-01   2.8801E+00  -1.6360E-01   4.9734E-02  -4.7137E-01
   1987.92   1.0403E+01   4.5783E+01   1.4416E+01  -2.4897E+00   7.5979E-01   3.5903E+00  -2.0373E-01   6.2174E-02  -5.8759E-01
   1988.00   1.0408E+01   4.5732E+01   1.4359E+01  -3.0018E+00   9.1851E-01   4.3319E+00  -2.4564E-01   7.5162E-02  -7.0896E-01
   1988.08   1.0413E+01   4.5680E+01   1.4297E+01  -3.5028E+00   1.0738E+00   5.0572E+00  -2.8664E-01   8.7866E-02  -8.2767E-01
   1988.17   1.0420E+01   4.5622E+01   1.4239E+01  -3.9597E+00   1.2153E+00   5.7187E+00  -3.2402E-01   9.9452E-02  -9.3593E-01
   1988.25   1.0430E+01   4.5557E+01   1.4183E+01  -4.3725E+00   1.3433E+00   6.3164E+00  -3.5780E-01   1.0992E-01  -1.0337E+00
   1988.33   1.0441E+01   4.5486E+01   1.4131E+01  -4.7411E+00   1.4575E+00   6.8502E+00  -3.8797E-01   1.1927E-01  -1.1211E+00
   1988.42   1.0454E+01   4.5408E+01   1.4083E+01  -5.0657E+00   1.5581E+00   7.3201E+00  -4.1453E-01   1.2750E-01  -1.1980E+00
   1988.50   1.0470E+01   4.5323E+01   1.4037E+01  -5.3461E+00   1.6450E+00   7.7262E+00  -4.3748E-01   1.3461E-01  -1.2645E+00
   1988.58   1.0487E+01   4.5231E+01   1.3995E+01  -5.5825E+00   1.7183E+00   8.0684E+00  -4.5682E-01   1.4061E-01  -1.3205E+00
   1988.67   1.0507E+01   4.5132E+01   1.3956E+01  -5.7748E+00   1.7778E+00   8.3468E+00  -4.7255E-01   1.4548E-01  -1.3660E+00
   1988.75   1.0528E+01   4.5027E+01   1.3921E+01  -5.9229E+00   1.8238E+00   8.5613E+00  -4.8467E-01   1.4924E-01  -1.4011E+00
   1988.83   1.0552E+01   4.4915E+01   1.3888E+01  -6.0269E+00   1.8560E+00   8.7119E+00  -4.9319E-01   1.5188E-01  -1.4258E+00
   1988.92   1.0577E+01   4.4797E+01   1.3859E+01  -6.0869E+00   1.8746E+00   8.7987E+00  -4.9809E-01   1.5340E-01  -1.4400E+00
   1989.00   1.0605E+01   4.4672E+01   1.3833E+01  -6.1027E+00   1.8795E+00   8.8216E+00  -4.9939E-01   1.5380E-01  -1.4438E+00
   1989.08   1.0634E+01   4.4540E+01   1.3811E+01  -6.0744E+00   1.8708E+00   8.7807E+00  -4.9707E-01   1.5309E-01  -1.4371E+00
   1989.17   1.0666E+01   4.4401E+01   1.3792E+01  -6.0021E+00   1.8484E+00   8.6759E+00  -4.9115E-01   1.5126E-01  -1.4199E+00
   1989.25   1.0700E+01   4.4256E+01   1.3776E+01  -5.8856E+00   1.8123E+00   8.5072E+00  -4.8162E-01   1.4830E-01  -1.3923E+00
   1989.33   1.0735E+01   4.4104E+01   1.3763E+01  -5.7250E+00   1.7626E+00   8.2747E+00  -4.6848E-01   1.4423E-01  -1.3542E+00
   1989.42   1.0773E+01   4.3945E+01   1.3754E+01  -5.5203E+00   1.6992E+00   7.9783E+00  -4.5173E-01   1.3905E-01  -1.3057E+00
   1989.50   1.0812E+01   4.3779E+01   1.3748E+01  -5.2715E+00   1.6221E+00   7.6181E+00  -4.3137E-01   1.3274E-01  -1.2468E+00
   1989.58   1.0854E+01   4.3607E+01   1.3745E+01  -4.9786E+00   1.5314E+00   7.1940E+00  -4.0740E-01   1.2532E-01  -1.1774E+00
   1989.67   1.0898E+01   4.3428E+01   1.3745E+01  -4.6416E+00   1.4270E+00   6.7060E+00  -3.7982E-01   1.1677E-01  -1.0975E+00
   1989.75   1.0944E+01   4.3242E+01   1.3749E+01  -4.2605E+00   1.3089E+00   6.1542E+00  -3.4864E-01   1.0711E-01  -1.0072E+00
   1989.83   1.0991E+01   4.3050E+01   1.3756E+01  -3.8353E+00   1.1772E+00   5.5386E+00  -3.1384E-01   9.6332E-02  -9.0644E-01
   1989.92   1.1041E+01   4.2851E+01   1.3766E+01  -3.3660E+00   1.0318E+00   4.8590E+00  -2.7544E-01   8.4435E-02  -7.9523E-01
   1990.00   1.1093E+01   4.2645E+01   1.3780E+01  -2.8526E+00   8.7277E-01   4.1156E+00  -2.3343E-01   7.1419E-02  -6.7357E-01
   1990.08   1.1149E+01   4.2446E+01   1.3791E+01  -2.3312E+00   7.1126E-01   3.3608E+00  -1.9077E-01   5.8202E-02  -5.5003E-01
   1990.17   1.1211E+01   4.2265E+01   1.3795E+01  -1.8382E+00   5.5850E-01   2.6469E+00  -1.5042E-01   4.5702E-02  -4.3320E-01
   1990.25   1.1279E+01   4.2104E+01   1.3791E+01  -1.3734E+00   4.1449E-01   1.9740E+00  -1.1239E-01   3.3918E-02  -3.2306E-01
   1990.33   1.1353E+01   4.1962E+01   1.3780E+01  -9.3699E-01   2.7924E-01   1.3420E+00  -7.6674E-02   2.2850E-02  -2.1963E-01
   1990.42   1.1434E+01   4.1839E+01   1.3761E+01  -5.2882E-01   1.5274E-01   7.5096E-01  -4.3274E-02   1.2499E-02  -1.2290E-01
   1990.50   1.1521E+01   4.1735E+01   1.3734E+01  -1.4895E-01   3.4997E-02   2.0089E-01  -1.2188E-02   2.8638E-03  -3.2877E-02
   1990.58   1.1614E+01   4.1650E+01   1.3700E+01   2.0264E-01  -7.3994E-02  -3.0824E-01   1.6582E-02  -6.0549E-03   5.0446E-02
   1990.67   1.1713E+01   4.1584E+01   1.3659E+01   5.2593E-01  -1.7423E-01  -7.7641E-01   4.3037E-02  -1.4257E-02   1.2707E-01
   1990.75   1.1819E+01   4.1538E+01   1.3610E+01   8.2094E-01  -2.6571E-01  -1.2036E+00   6.7178E-02  -2.1743E-02   1.9699E-01
   1990.83   1.1931E+01   4.1510E+01   1.3553E+01   1.0877E+00  -3.4844E-01  -1.5899E+00   8.9003E-02  -2.8513E-02   2.6020E-01
   1990.92   1.2049E+01   4.1502E+01   1.3489E+01   1.3261E+00  -4.2242E-01  -1.9352E+00   1.0851E-01  -3.4567E-02   3.1672E-01
   1991.00   1.2173E+01   4.1513E+01   1.3417E+01   1.5362E+00  -4.8764E-01  -2.2396E+00   1.2571E-01  -3.9904E-02   3.6653E-01
   1991.08   1.2303E+01   4.1543E+01   1.3338E+01   1.7181E+00  -5.4411E-01  -2.5030E+00   1.4059E-01  -4.4525E-02   4.0964E-01
   1991.17   1.2439E+01   4.1592E+01   1.3251E+01   1.8716E+00  -5.9182E-01  -2.7254E+00   1.5316E-01  -4.8429E-02   4.4604E-01
   1991.25   1.2582E+01   4.1660E+01   1.3157E+01   1.9969E+00  -6.3078E-01  -2.9069E+00   1.6341E-01  -5.1617E-02   4.7575E-01
   1991.33   1.2731E+01   4.1747E+01   1.3055E+01   2.0939E+00  -6.6099E-01  -3.0475E+00   1.7134E-01  -5.4089E-02   4.9875E-01
   1991.42   1.2886E+01   4.1854E+01   1.2945E+01   2.1626E+00  -6.8244E-01  -3.1471E+00   1.7696E-01  -5.5844E-02   5.1505E-01
   1991.50   1.3048E+01   4.1979E+01   1.2828E+01   2.2029E+00  -6.9514E-01  -3.2057E+00   1.8027E-01  -5.6884E-02   5.2465E-01
   1991.58   1.3215E+01   4.2124E+01   1.2703E+01   2.2151E+00  -6.9909E-01  -3.2234E+00   1.8126E-01  -5.7206E-02   5.2754E-01
   1991.67   1.3389E+01   4.2288E+01   1.2571E+01   2.1989E+00  -6.9428E-01  -3.2001E+00   1.7993E-01  -5.6813E-02   5.2374E-01
   1991.75   1.3569E+01   4.2471E+01   1.2431E+01   2.1544E+00  -6.8071E-01  -3.1359E+00   1.7630E-01  -5.5703E-02   5.1323E-01
   1991.83   1.3755E+01   4.2673E+01   1.2284E+01   2.0816E+00  -6.5840E-01  -3.0307E+00   1.7034E-01  -5.3877E-02   4.9601E-01
   1991.92   1.3947E+01   4.2894E+01   1.2129E+01   1.9806E+00  -6.2733E-01  -2.8846E+00   1.6207E-01  -5.1335E-02   4.7210E-01
   1992.00   1.4146E+01   4.3135E+01   1.1967E+01   1.8512E+00  -5.8750E-01  -2.6975E+00   1.5149E-01  -4.8076E-02   4.4148E-01
   1992.08   1.4346E+01   4.3384E+01   1.1807E+01   1.7148E+00  -5.4544E-01  -2.5001E+00   1.4032E-01  -4.4634E-02   4.0917E-01
   1992.17   1.4542E+01   4.3630E+01   1.1661E+01   1.5923E+00  -5.0765E-01  -2.3229E+00   1.3030E-01  -4.1541E-02   3.8016E-01
   1992.25   1.4735E+01   4.3875E+01   1.1527E+01   1.4839E+00  -4.7413E-01  -2.1659E+00   1.2143E-01  -3.8798E-02   3.5447E-01
   1992.33   1.4924E+01   4.4118E+01   1.1407E+01   1.3895E+00  -4.4488E-01  -2.0291E+00   1.1370E-01  -3.6405E-02   3.3209E-01
   1992.42   1.5109E+01   4.4359E+01   1.1300E+01   1.3092E+00  -4.1991E-01  -1.9126E+00   1.0713E-01  -3.4361E-02   3.1301E-01
   1992.50   1.5291E+01   4.4598E+01   1.1205E+01   1.2428E+00  -3.9921E-01  -1.8163E+00   1.0170E-01  -3.2667E-02   2.9725E-01
   1992.58   1.5469E+01   4.4835E+01   1.1124E+01   1.1905E+00  -3.8278E-01  -1.7402E+00   9.7421E-02  -3.1323E-02   2.8480E-01
   1992.67   1.5644E+01   4.5070E+01   1.1057E+01   1.1522E+00  -3.7063E-01  -1.6843E+00   9.4289E-02  -3.0328E-02   2.7565E-01
   1992.75   1.5815E+01   4.5303E+01   1.1002E+01   1.1280E+00  -3.6274E-01  -1.6487E+00   9.2305E-02  -2.9683E-02   2.6982E-01
   1992.83   1.5983E+01   4.5534E+01   1.0960E+01   1.1178E+00  -3.5913E-01  -1.6332E+00   9.1468E-02  -2.9388E-02   2.6730E-01
   1992.92   1.6147E+01   4.5763E+01   1.0931E+01   1.1216E+00  -3.5979E-01  -1.6380E+00   9.1780E-02  -2.9442E-02   2.6808E-01
   1993.00   1.6307E+01   4.5990E+01   1.0916E+01   1.1394E+00  -3.6473E-01  -1.6631E+00   9.3240E-02  -2.9846E-02   2.7218E-01
   1993.08   1.6464E+01   4.6214E+01   1.0914E+01   1.1713E+00  -3.7394E-01  -1.7083E+00   9.5848E-02  -3.0600E-02   2.7959E-01
   1993.17   1.6617E+01   4.6437E+01   1.0924E+01   1.2172E+00  -3.8742E-01  -1.7738E+00   9.9604E-02  -3.1703E-02   2.9030E-01
   1993.25   1.6767E+01   4.6658E+01   1.0948E+01   1.2771E+00  -4.0517E-01  -1.8595E+00   1.0451E-01  -3.3155E-02   3.0433E-01
   1993.33   1.6913E+01   4.6877E+01   1.0985E+01   1.3511E+00  -4.2720E-01  -1.9654E+00   1.1056E-01  -3.4958E-02   3.2166E-01
   1993.42   1.7055E+01   4.7094E+01   1.1035E+01   1.4391E+00  -4.5350E-01  -2.0916E+00   1.1776E-01  -3.7110E-02   3.4231E-01
   1993.50   1.7194E+01   4.7309E+01   1.1099E+01   1.5411E+00  -4.8407E-01  -2.2380E+00   1.2611E-01  -3.9612E-02   3.6627E-01
   1993.58   1.7329E+01   4.7522E+01   1.1175E+01   1.6571E+00  -5.1891E-01  -2.4046E+00   1.3560E-01  -4.2463E-02   3.9353E-01
   1993.67   1.7461E+01   4.7733E+01   1.1264E+01   1.7872E+00  -5.5803E-01  -2.5914E+00   1.4624E-01  -4.5664E-02   4.2411E-01
   1993.75   1.7589E+01   4.7942E+01   1.1367E+01   1.9313E+00  -6.0142E-01  -2.7984E+00   1.5804E-01  -4.9214E-02   4.5799E-01
   1993.83   1.7713E+01   4.8148E+01   1.1482E+01   2.0894E+00  -6.4908E-01  -3.0257E+00   1.7098E-01  -5.3115E-02   4.9519E-01
   1993.92   1.7834E+01   4.8353E+01   1.1611E+01   2.2615E+00  -7.0102E-01  -3.2732E+00   1.8506E-01  -5.7364E-02   5.3570E-01
   1994.00   1.7951E+01   4.8556E+01   1.1753E+01   2.4477E+00  -7.5722E-01  -3.5409E+00   2.0030E-01  -6.1964E-02   5.7951E-01
   1994.08   1.8063E+01   4.8759E+01   1.1900E+01   2.6324E+00  -8.1299E-01  -3.8065E+00   2.1541E-01  -6.6527E-02   6.2298E-01
   1994.17   1.8166E+01   4.8965E+01   1.2044E+01   2.8001E+00  -8.6360E-01  -4.0476E+00   2.2913E-01  -7.0669E-02   6.6244E-01
   1994.25   1.8263E+01   4.9173E+01   1.2186E+01   2.9507E+00  -9.0905E-01  -4.2642E+00   2.4146E-01  -7.4388E-02   6.9788E-01
   1994.33   1.8351E+01   4.9384E+01   1.2325E+01   3.0844E+00  -9.4935E-01  -4.4563E+00   2.5240E-01  -7.7686E-02   7.2932E-01
   1994.42   1.8432E+01   4.9598E+01   1.2462E+01   3.2010E+00  -9.8449E-01  -4.6239E+00   2.6194E-01  -8.0561E-02   7.5675E-01
   1994.50   1.8505E+01   4.9814E+01   1.2595E+01   3.3006E+00  -1.0145E+00  -4.7670E+00   2.7009E-01  -8.3015E-02   7.8017E-01
   1994.58   1.8570E+01   5.0033E+01   1.2726E+01   3.3832E+00  -1.0393E+00  -4.8856E+00   2.7685E-01  -8.5047E-02   7.9959E-01
   1994.67   1.8628E+01   5.0254E+01   1.2854E+01   3.4488E+00  -1.0590E+00  -4.9797E+00   2.8221E-01  -8.6657E-02   8.1499E-01
   1994.75   1.8678E+01   5.0478E+01   1.2980E+01   3.4973E+00  -1.0735E+00  -5.0494E+00   2.8619E-01  -8.7845E-02   8.2638E-01
   1994.83   1.8720E+01   5.0704E+01   1.3103E+01   3.5289E+00  -1.0829E+00  -5.0945E+00   2.8877E-01  -8.8610E-02   8.3377E-01
   1994.92   1.8755E+01   5.0933E+01   1.3223E+01   3.5434E+00  -1.0871E+00  -5.1151E+00   2.8996E-01  -8.8954E-02   8.3714E-01
   1995.00   1.8782E+01   5.1165E+01   1.3341E+01   3.5409E+00  -1.0861E+00  -5.1112E+00   2.8975E-01  -8.8877E-02   8.3651E-01
   1995.08   1.8801E+01   5.1399E+01   1.3456E+01   3.5214E+00  -1.0800E+00  -5.0829E+00   2.8816E-01  -8.8377E-02   8.3187E-01
   1995.17   1.8812E+01   5.1636E+01   1.3568E+01   3.4849E+00  -1.0687E+00  -5.0300E+00   2.8517E-01  -8.7455E-02   8.2322E-01
   1995.25   1.8816E+01   5.1875E+01   1.3677E+01   3.4313E+00  -1.0523E+00  -4.9527E+00   2.8079E-01  -8.6111E-02   8.1056E-01
   1995.33   1.8812E+01   5.2117E+01   1.3784E+01   3.3608E+00  -1.0307E+00  -4.8508E+00   2.7501E-01  -8.4345E-02   7.9389E-01
   1995.42   1.8800E+01   5.2362E+01   1.3888E+01   3.2732E+00  -1.0040E+00  -4.7244E+00   2.6785E-01  -8.2158E-02   7.7321E-01
   1995.50   1.8781E+01   5.2609E+01   1.3990E+01   3.1686E+00  -9.7211E-01  -4.5736E+00   2.5929E-01  -7.9548E-02   7.4852E-01
   1995.58   1.8754E+01   5.2859E+01   1.4089E+01   3.0470E+00  -9.3507E-01  -4.3983E+00   2.4934E-01  -7.6517E-02   7.1982E-01
   1995.67   1.8719E+01   5.3111E+01   1.4185E+01   2.9084E+00  -8.9286E-01  -4.1984E+00   2.3800E-01  -7.3063E-02   6.8712E-01
   1995.75   1.8676E+01   5.3366E+01   1.4278E+01   2.7528E+00  -8.4551E-01  -3.9741E+00   2.2526E-01  -6.9188E-02   6.5040E-01
   1995.83   1.8626E+01   5.3624E+01   1.4369E+01   2.5801E+00  -7.9299E-01  -3.7253E+00   2.1113E-01  -6.4891E-02   6.0968E-01
   1995.92   1.8568E+01   5.3884E+01   1.4457E+01   2.3905E+00  -7.3532E-01  -3.4519E+00   1.9561E-01  -6.0172E-02   5.6495E-01
   1996.00   1.8502E+01   5.4146E+01   1.4543E+01   2.1838E+00  -6.7249E-01  -3.1541E+00   1.7870E-01  -5.5031E-02   5.1620E-01
   1996.08   1.8432E+01   5.4402E+01   1.4630E+01   1.9680E+00  -6.0694E-01  -2.8432E+00   1.6104E-01  -4.9666E-02   4.6532E-01
   1996.17   1.8360E+01   5.4643E+01   1.4724E+01   1.7509E+00  -5.4109E-01  -2.5306E+00   1.4328E-01  -4.4278E-02   4.1415E-01
   1996.25   1.8286E+01   5.4868E+01   1.4824E+01   1.5326E+00  -4.7494E-01  -2.2162E+00   1.2542E-01  -3.8865E-02   3.6271E-01
   1996.33   1.8210E+01   5.5077E+01   1.4931E+01   1.3131E+00  -4.0850E-01  -1.9002E+00   1.0745E-01  -3.3427E-02   3.1098E-01
   1996.42   1.8133E+01   5.5270E+01   1.5045E+01   1.0923E+00  -3.4175E-01  -1.5824E+00   8.9386E-02  -2.7966E-02   2.5898E-01
   1996.50   1.8053E+01   5.5448E+01   1.5165E+01   8.7034E-01  -2.7471E-01  -1.2630E+00   7.1220E-02  -2.2480E-02   2.0670E-01
   1996.58   1.7972E+01   5.5610E+01   1.5292E+01   6.4710E-01  -2.0738E-01  -9.4179E-01   5.2952E-02  -1.6970E-02   1.5413E-01
   1996.67   1.7889E+01   5.5756E+01   1.5426E+01   4.2262E-01  -1.3974E-01  -6.1891E-01   3.4583E-02  -1.1435E-02   1.0129E-01
   1996.75   1.7805E+01   5.5887E+01   1.5566E+01   1.9690E-01  -7.1809E-02  -2.9433E-01   1.6113E-02  -5.8762E-03   4.8171E-02
   1996.83   1.7718E+01   5.6002E+01   1.5712E+01  -3.0050E-02  -3.5795E-03   3.1956E-02  -2.4590E-03  -2.9291E-04  -5.2300E-03
   1996.92   1.7630E+01   5.6101E+01   1.5865E+01  -2.5824E-01   6.4947E-02   3.5995E-01  -2.1132E-02   5.3147E-03  -5.8910E-02
   1997.00   1.7540E+01   5.6185E+01   1.6025E+01  -4.8767E-01   1.3377E-01   6.8966E-01  -3.9906E-02   1.0947E-02  -1.1287E-01
   1997.08   1.7448E+01   5.6253E+01   1.6191E+01  -7.1834E-01   2.0289E-01   1.0211E+00  -5.8782E-02   1.6603E-02  -1.6711E-01
   1997.17   1.7355E+01   5.6305E+01   1.6364E+01  -9.5025E-01   2.7231E-01   1.3542E+00  -7.7759E-02   2.2283E-02  -2.2163E-01
   1997.25   1.7259E+01   5.6341E+01   1.6544E+01  -1.1834E+00   3.4203E-01   1.6890E+00  -9.6838E-02   2.7988E-02  -2.7642E-01
   1997.33   1.7162E+01   5.6362E+01   1.6730E+01  -1.4178E+00   4.1204E-01   2.0255E+00  -1.1602E-01   3.3717E-02  -3.3150E-01
   1997.42   1.7063E+01   5.6367E+01   1.6922E+01  -1.6534E+00   4.8235E-01   2.3638E+00  -1.3530E-01   3.9471E-02  -3.8686E-01
   1997.50   1.6962E+01   5.6357E+01   1.7121E+01  -1.8903E+00   5.5296E-01   2.7037E+00  -1.5468E-01   4.5249E-02  -4.4249E-01
   1997.58   1.6860E+01   5.6331E+01   1.7327E+01  -2.1284E+00   6.2387E-01   3.0454E+00  -1.7416E-01   5.1051E-02  -4.9841E-01
   1997.67   1.6755E+01   5.6289E+01   1.7540E+01  -2.3677E+00   6.9507E-01   3.3887E+00  -1.9375E-01   5.6878E-02  -5.5460E-01
   1997.75   1.6649E+01   5.6231E+01   1.7759E+01  -2.6083E+00   7.6657E-01   3.7338E+00  -2.1344E-01   6.2729E-02  -6.1108E-01
   1997.83   1.6541E+01   5.6158E+01   1.7984E+01  -2.8501E+00   8.3837E-01   4.0806E+00  -2.3322E-01   6.8604E-02  -6.6783E-01
   1997.92   1.6431E+01   5.6069E+01   1.8216E+01  -3.0931E+00   9.1046E-01   4.4291E+00  -2.5311E-01   7.4503E-02  -7.2486E-01
   1998.00   1.6320E+01   5.5965E+01   1.8455E+01  -3.3374E+00   9.8285E-01   4.7793E+00  -2.7310E-01   8.0427E-02  -7.8218E-01
   1998.08   1.6212E+01   5.5852E+01   1.8694E+01  -3.5679E+00   1.0511E+00   5.1096E+00  -2.9196E-01   8.6012E-02  -8.3623E-01
   1998.17   1.6112E+01   5.5740E+01   1.8929E+01  -3.7694E+00   1.1108E+00   5.3984E+00  -3.0845E-01   9.0895E-02  -8.8350E-01
   1998.25   1.6020E+01   5.5627E+01   1.9160E+01  -3.9419E+00   1.1619E+00   5.6457E+00  -3.2257E-01   9.5076E-02  -9.2398E-01
   1998.33   1.5937E+01   5.5515E+01   1.9385E+01  -4.0856E+00   1.2044E+00   5.8515E+00  -3.3432E-01   9.8554E-02  -9.5766E-01
   1998.42   1.5862E+01   5.5402E+01   1.9606E+01  -4.2003E+00   1.2383E+00   6.0159E+00  -3.4371E-01   1.0133E-01  -9.8456E-01
   1998.50   1.5795E+01   5.5290E+01   1.9822E+01  -4.2860E+00   1.2637E+00   6.1387E+00  -3.5073E-01   1.0341E-01  -1.0047E+00
   1998.58   1.5737E+01   5.5177E+01   2.0033E+01  -4.3429E+00   1.2804E+00   6.2201E+00  -3.5538E-01   1.0478E-01  -1.0180E+00
   1998.67   1.5687E+01   5.5065E+01   2.0240E+01  -4.3708E+00   1.2886E+00   6.2599E+00  -3.5766E-01   1.0545E-01  -1.0245E+00
   1998.75   1.5645E+01   5.4953E+01   2.0442E+01  -4.3697E+00   1.2882E+00   6.2583E+00  -3.5758E-01   1.0542E-01  -1.0242E+00
   1998.83   1.5611E+01   5.4840E+01   2.0639E+01  -4.3398E+00   1.2792E+00   6.2152E+00  -3.5512E-01   1.0468E-01  -1.0172E+00
   1998.92   1.5586E+01   5.4728E+01   2.0831E+01  -4.2809E+00   1.2617E+00   6.1306E+00  -3.5030E-01   1.0324E-01  -1.0033E+00
   1999.00   1.5569E+01   5.4615E+01   2.1019E+01  -4.1930E+00   1.2356E+00   6.0045E+00  -3.4312E-01   1.0111E-01  -9.8271E-01
   1999.08   1.5561E+01   5.4503E+01   2.1202E+01  -4.0762E+00   1.2008E+00   5.8370E+00  -3.3356E-01   9.8266E-02  -9.5528E-01
   1999.17   1.5560E+01   5.4390E+01   2.1380E+01  -3.9305E+00   1.1576E+00   5.6279E+00  -3.2164E-01   9.4723E-02  -9.2107E-01
   1999.25   1.5568E+01   5.4278E+01   2.1554E+01  -3.7559E+00   1.1057E+00   5.3774E+00  -3.0734E-01   9.0478E-02  -8.8006E-01
   1999.33   1.5585E+01   5.4166E+01   2.1723E+01  -3.5523E+00   1.0452E+00   5.0853E+00  -2.9069E-01   8.5531E-02  -8.3227E-01
   1999.42   1.5609E+01   5.4053E+01   2.1887E+01  -3.3198E+00   9.7619E-01   4.7518E+00  -2.7166E-01   7.9882E-02  -7.7768E-01
   1999.50   1.5642E+01   5.3941E+01   2.2046E+01  -3.0583E+00   8.9857E-01   4.3768E+00  -2.5026E-01   7.3531E-02  -7.1631E-01
   1999.58   1.5683E+01   5.3828E+01   2.2201E+01  -2.7679E+00   8.1238E-01   3.9603E+00  -2.2650E-01   6.6477E-02  -6.4814E-01
   1999.67   1.5733E+01   5.3716E+01   2.2351E+01  -2.4486E+00   7.1760E-01   3.5023E+00  -2.0037E-01   5.8722E-02  -5.7319E-01
   1999.75   1.5791E+01   5.3604E+01   2.2496E+01  -2.1004E+00   6.1425E-01   3.0028E+00  -1.7187E-01   5.0264E-02  -4.9144E-01
   1999.83   1.5857E+01   5.3491E+01   2.2637E+01  -1.7232E+00   5.0231E-01   2.4618E+00  -1.4101E-01   4.1104E-02  -4.0290E-01
   1999.92   1.5931E+01   5.3379E+01   2.2773E+01  -1.3171E+00   3.8179E-01   1.8794E+00  -1.0778E-01   3.1242E-02  -3.0758E-01
   2000.00   1.6014E+01   5.3266E+01   2.2904E+01  -8.8201E-01   2.5270E-01   1.2554E+00  -7.2175E-02   2.0678E-02  -2.0546E-01
   2000.08   1.6100E+01   5.3159E+01   2.3034E+01  -4.5074E-01   1.2470E-01   6.3686E-01  -3.6884E-02   1.0204E-02  -1.0423E-01
   2000.17   1.6182E+01   5.3060E+01   2.3167E+01  -5.5980E-02   7.4766E-03   7.0626E-02  -4.5808E-03   6.1181E-04  -1.1559E-02
   2000.25   1.6262E+01   5.2970E+01   2.3303E+01   3.0227E-01  -9.8966E-02  -4.4330E-01   2.4735E-02  -8.0984E-03   7.2551E-02
   2000.33   1.6340E+01   5.2890E+01   2.3442E+01   6.2401E-01  -1.9463E-01  -9.0492E-01   5.1063E-02  -1.5927E-02   1.4810E-01
   2000.42   1.6414E+01   5.2819E+01   2.3583E+01   9.0924E-01  -2.7952E-01  -1.3142E+00   7.4403E-02  -2.2873E-02   2.1509E-01
   2000.50   1.6486E+01   5.2757E+01   2.3728E+01   1.1580E+00  -3.5363E-01  -1.6712E+00   9.4756E-02  -2.8937E-02   2.7352E-01
   2000.58   1.6554E+01   5.2704E+01   2.3875E+01   1.3702E+00  -4.1696E-01  -1.9759E+00   1.1212E-01  -3.4120E-02   3.2338E-01
   2000.67   1.6620E+01   5.2660E+01   2.4025E+01   1.5459E+00  -4.6951E-01  -2.2283E+00   1.2650E-01  -3.8420E-02   3.6469E-01
   2000.75   1.6684E+01   5.2626E+01   2.4178E+01   1.6850E+00  -5.1129E-01  -2.4284E+00   1.3789E-01  -4.1839E-02   3.9743E-01
   2000.83   1.6744E+01   5.2600E+01   2.4334E+01   1.7877E+00  -5.4228E-01  -2.5762E+00   1.4629E-01  -4.4375E-02   4.2162E-01
   2000.92   1.6802E+01   5.2584E+01   2.4492E+01   1.8539E+00  -5.6250E-01  -2.6716E+00   1.5170E-01  -4.6030E-02   4.3724E-01
   2001.00   1.6857E+01   5.2577E+01   2.4654E+01   1.8835E+00  -5.7195E-01  -2.7148E+00   1.5413E-01  -4.6803E-02   4.4431E-01
   2001.08   1.6909E+01   5.2579E+01   2.4818E+01   1.8767E+00  -5.7061E-01  -2.7056E+00   1.5357E-01  -4.6693E-02   4.4281E-01
   2001.17   1.6958E+01   5.2590E+01   2.4985E+01   1.8333E+00  -5.5850E-01  -2.6442E+00   1.5002E-01  -4.5702E-02   4.3275E-01
   2001.25   1.7005E+01   5.2611E+01   2.5156E+01   1.7534E+00  -5.3560E-01  -2.5304E+00   1.4349E-01  -4.3829E-02   4.1413E-01
   2001.33   1.7049E+01   5.2640E+01   2.5328E+01   1.6371E+00  -5.0193E-01  -2.3643E+00   1.3396E-01  -4.1073E-02   3.8695E-01
   2001.42   1.7090E+01   5.2679E+01   2.5504E+01   1.4842E+00  -4.5749E-01  -2.1460E+00   1.2145E-01  -3.7436E-02   3.5121E-01
   2001.50   1.7128E+01   5.2727E+01   2.5683E+01   1.2948E+00  -4.0226E-01  -1.8753E+00   1.0595E-01  -3.2917E-02   3.0691E-01
   2001.58   1.7163E+01   5.2784E+01   2.5864E+01   1.0688E+00  -3.3626E-01  -1.5523E+00   8.7464E-02  -2.7516E-02   2.5405E-01
   2001.67   1.7196E+01   5.2850E+01   2.6048E+01   8.0641E-01  -2.5948E-01  -1.1770E+00   6.5989E-02  -2.1233E-02   1.9262E-01
   2001.75   1.7226E+01   5.2925E+01   2.6235E+01   5.0748E-01  -1.7192E-01  -7.4936E-01   4.1527E-02  -1.4068E-02   1.2264E-01
   2001.83   1.7253E+01   5.3009E+01   2.6425E+01   1.7203E-01  -7.3582E-02  -2.6944E-01   1.4077E-02  -6.0213E-03   4.4097E-02
   2001.92   1.7277E+01   5.3103E+01   2.6618E+01  -1.9993E-01   3.5532E-02   2.6278E-01  -1.6360E-02   2.9076E-03  -4.3008E-02
   2002.00   1.7299E+01   5.3206E+01   2.6814E+01  -6.0840E-01   1.5542E-01   8.4732E-01  -4.9785E-02   1.2718E-02  -1.3867E-01
   2002.08   1.7315E+01   5.3307E+01   2.7002E+01  -1.0162E+00   2.7518E-01   1.4310E+00  -8.3159E-02   2.2518E-02  -2.3420E-01
   2002.17   1.7325E+01   5.3396E+01   2.7172E+01  -1.3863E+00   3.8389E-01   1.9607E+00  -1.1344E-01   3.1414E-02  -3.2089E-01
   2002.25   1.7327E+01   5.3474E+01   2.7325E+01  -1.7186E+00   4.8155E-01   2.4363E+00  -1.4063E-01   3.9406E-02  -3.9873E-01
   2002.33   1.7322E+01   5.3539E+01   2.7459E+01  -2.0131E+00   5.6816E-01   2.8580E+00  -1.6474E-01   4.6493E-02  -4.6774E-01
   2002.42   1.7310E+01   5.3592E+01   2.7576E+01  -2.2699E+00   6.4373E-01   3.2256E+00  -1.8575E-01   5.2677E-02  -5.2790E-01
   2002.50   1.7290E+01   5.3633E+01   2.7675E+01  -2.4889E+00   7.0825E-01   3.5392E+00  -2.0367E-01   5.7956E-02  -5.7923E-01
   2002.58   1.7264E+01   5.3662E+01   2.7756E+01  -2.6701E+00   7.6171E-01   3.7988E+00  -2.1849E-01   6.2331E-02  -6.2171E-01
   2002.67   1.7230E+01   5.3678E+01   2.7819E+01  -2.8135E+00   8.0413E-01   4.0044E+00  -2.3023E-01   6.5803E-02  -6.5536E-01
   2002.75   1.7189E+01   5.3683E+01   2.7865E+01  -2.9192E+00   8.3551E-01   4.1560E+00  -2.3888E-01   6.8370E-02  -6.8017E-01
   2002.83   1.7141E+01   5.3676E+01   2.7893E+01  -2.9871E+00   8.5583E-01   4.2535E+00  -2.4444E-01   7.0033E-02  -6.9613E-01
   2002.92   1.7085E+01   5.3656E+01   2.7902E+01  -3.0172E+00   8.6511E-01   4.2970E+00  -2.4690E-01   7.0792E-02  -7.0326E-01
   2003.00   1.7023E+01   5.3625E+01   2.7894E+01  -3.0096E+00   8.6333E-01   4.2866E+00  -2.4628E-01   7.0647E-02  -7.0154E-01
   2003.08   1.6953E+01   5.3581E+01   2.7868E+01  -2.9642E+00   8.5051E-01   4.2221E+00  -2.4256E-01   6.9598E-02  -6.9099E-01
   2003.17   1.6876E+01   5.3526E+01   2.7825E+01  -2.8810E+00   8.2664E-01   4.1036E+00  -2.3575E-01   6.7645E-02  -6.7159E-01
   2003.25   1.6792E+01   5.3458E+01   2.7763E+01  -2.7600E+00   7.9173E-01   3.9311E+00  -2.2586E-01   6.4787E-02  -6.4336E-01
   2003.33   1.6701E+01   5.3378E+01   2.7684E+01  -2.6013E+00   7.4576E-01   3.7045E+00  -2.1287E-01   6.1026E-02  -6.0629E-01
   2003.42   1.6602E+01   5.3287E+01   2.7586E+01  -2.4048E+00   6.8875E-01   3.4240E+00  -1.9679E-01   5.6361E-02  -5.6037E-01
   2003.50   1.6497E+01   5.3183E+01   2.7471E+01  -2.1706E+00   6.2069E-01   3.0894E+00  -1.7762E-01   5.0791E-02  -5.0562E-01
   2003.58   1.6384E+01   5.3067E+01   2.7338E+01  -1.8985E+00   5.4158E-01   2.7008E+00  -1.5536E-01   4.4318E-02  -4.4202E-01
   2003.67   1.6264E+01   5.2939E+01   2.7187E+01  -1.5887E+00   4.5142E-01   2.2583E+00  -1.3001E-01   3.6940E-02  -3.6959E-01
   2003.75   1.6137E+01   5.2799E+01   2.7019E+01  -1.2411E+00   3.5022E-01   1.7617E+00  -1.0156E-01   2.8658E-02  -2.8831E-01
   2003.83   1.6002E+01   5.2646E+01   2.6832E+01  -8.5580E-01   2.3796E-01   1.2110E+00  -7.0030E-02   1.9473E-02  -1.9820E-01
   2003.92   1.5861E+01   5.2482E+01   2.6628E+01  -4.3268E-01   1.1466E-01   6.0641E-01  -3.5406E-02   9.3827E-03  -9.9245E-02
   2004.00   1.5712E+01   5.2306E+01   2.6406E+01   2.8208E-02  -1.9689E-02  -5.2241E-02   2.3083E-03  -1.6112E-03   8.5499E-03
   2004.08   1.5570E+01   5.2125E+01   2.6175E+01   4.9257E-01  -1.5507E-01  -7.1587E-01   4.0307E-02  -1.2690E-02   1.1716E-01
   2004.17   1.5451E+01   5.1946E+01   2.5943E+01   9.2609E-01  -2.8147E-01  -1.3354E+00   7.5782E-02  -2.3033E-02   2.1856E-01
   2004.25   1.5354E+01   5.1771E+01   2.5711E+01   1.3288E+00  -3.9889E-01  -1.9110E+00   1.0873E-01  -3.2642E-02   3.1275E-01
   2004.33   1.5278E+01   5.1598E+01   2.5479E+01   1.7006E+00  -5.0733E-01  -2.4425E+00   1.3916E-01  -4.1515E-02   3.9974E-01
   2004.42   1.5225E+01   5.1427E+01   2.5246E+01   2.0417E+00  -6.0679E-01  -2.9299E+00   1.6707E-01  -4.9654E-02   4.7951E-01
   2004.50   1.5193E+01   5.1260E+01   2.5014E+01   2.3519E+00  -6.9726E-01  -3.3733E+00   1.9245E-01  -5.7057E-02   5.5207E-01
   2004.58   1.5184E+01   5.1095E+01   2.4780E+01   2.6312E+00  -7.7875E-01  -3.7726E+00   2.1531E-01  -6.3725E-02   6.1743E-01
   2004.67   1.5197E+01   5.0933E+01   2.4547E+01   2.8797E+00  -8.5126E-01  -4.1279E+00   2.3565E-01  -6.9659E-02   6.7557E-01
   2004.75   1.5231E+01   5.0773E+01   2.4313E+01   3.0974E+00  -9.1479E-01  -4.4391E+00   2.5346E-01  -7.4857E-02   7.2651E-01
   2004.83   1.5288E+01   5.0616E+01   2.4079E+01   3.2843E+00  -9.6933E-01  -4.7063E+00   2.6875E-01  -7.9321E-02   7.7024E-01
   2004.92   1.5367E+01   5.0462E+01   2.3844E+01   3.4403E+00  -1.0149E+00  -4.9295E+00   2.8152E-01  -8.3049E-02   8.0676E-01
   2005.00   1.5467E+01   5.0310E+01   2.3609E+01   3.5655E+00  -1.0515E+00  -5.1085E+00   2.9177E-01  -8.6043E-02   8.3607E-01
   2005.08   1.5590E+01   5.0161E+01   2.3374E+01   3.6599E+00  -1.0791E+00  -5.2436E+00   2.9949E-01  -8.8301E-02   8.5817E-01
   2005.17   1.5735E+01   5.0015E+01   2.3138E+01   3.7234E+00  -1.0977E+00  -5.3346E+00   3.0469E-01  -8.9825E-02   8.7306E-01
   2005.25   1.5902E+01   4.9872E+01   2.2903E+01   3.7561E+00  -1.1073E+00  -5.3815E+00   3.0736E-01  -9.0613E-02   8.8074E-01
   2005.33   1.6090E+01   4.9731E+01   2.2666E+01   3.7579E+00  -1.1080E+00  -5.3844E+00   3.0751E-01  -9.0667E-02   8.8121E-01
   2005.42   1.6301E+01   4.9592E+01   2.2430E+01   3.7289E+00  -1.0997E+00  -5.3432E+00   3.0514E-01  -8.9986E-02   8.7448E-01
   2005.50   1.6534E+01   4.9457E+01   2.2193E+01   3.6691E+00  -1.0823E+00  -5.2580E+00   3.0025E-01  -8.8569E-02   8.6053E-01
   2005.58   1.6788E+01   4.9324E+01   2.1956E+01   3.5785E+00  -1.0561E+00  -5.1288E+00   2.9283E-01  -8.6418E-02   8.3938E-01
   2005.67   1.7065E+01   4.9194E+01   2.1718E+01   3.4570E+00  -1.0208E+00  -4.9555E+00   2.8289E-01  -8.3531E-02   8.1102E-01
   2005.75   1.7364E+01   4.9067E+01   2.1480E+01   3.3047E+00  -9.7653E-01  -4.7381E+00   2.7043E-01  -7.9910E-02   7.7544E-01
   2005.83   1.7685E+01   4.8942E+01   2.1242E+01   3.1216E+00  -9.2329E-01  -4.4767E+00   2.5544E-01  -7.5553E-02   7.3266E-01
   2005.92   1.8027E+01   4.8820E+01   2.1004E+01   2.9076E+00  -8.6107E-01  -4.1713E+00   2.3793E-01  -7.0462E-02   6.8267E-01
   2006.00   1.8392E+01   4.8700E+01   2.0765E+01   2.6628E+00  -7.8987E-01  -3.8217E+00   2.1790E-01  -6.4635E-02   6.2547E-01
   2006.08   1.8758E+01   4.8593E+01   2.0528E+01   2.4117E+00  -7.1681E-01  -3.4633E+00   1.9735E-01  -5.8657E-02   5.6680E-01
   2006.17   1.9104E+01   4.8508E+01   2.0294E+01   2.1790E+00  -6.4903E-01  -3.1309E+00   1.7830E-01  -5.3111E-02   5.1240E-01
   2006.25   1.9429E+01   4.8445E+01   2.0065E+01   1.9645E+00  -5.8653E-01  -2.8245E+00   1.6076E-01  -4.7996E-02   4.6227E-01
   2006.33   1.9734E+01   4.8404E+01   1.9839E+01   1.7684E+00  -5.2929E-01  -2.5443E+00   1.4471E-01  -4.3312E-02   4.1640E-01
   2006.42   2.0019E+01   4.8385E+01   1.9618E+01   1.5906E+00  -4.7733E-01  -2.2902E+00   1.3016E-01  -3.9060E-02   3.7481E-01
   2006.50   2.0285E+01   4.8388E+01   1.9400E+01   1.4311E+00  -4.3065E-01  -2.0621E+00   1.1711E-01  -3.5240E-02   3.3748E-01
   2006.58   2.0529E+01   4.8413E+01   1.9186E+01   1.2899E+00  -3.8924E-01  -1.8601E+00   1.0556E-01  -3.1852E-02   3.0443E-01
   2006.67   2.0754E+01   4.8460E+01   1.8976E+01   1.1671E+00  -3.5310E-01  -1.6842E+00   9.5504E-02  -2.8895E-02   2.7564E-01
   2006.75   2.0959E+01   4.8529E+01   1.8769E+01   1.0626E+00  -3.2224E-01  -1.5344E+00   8.6950E-02  -2.6369E-02   2.5112E-01
   2006.83   2.1143E+01   4.8620E+01   1.8567E+01   9.7634E-01  -2.9665E-01  -1.4107E+00   7.9895E-02  -2.4275E-02   2.3087E-01
   2006.92   2.1308E+01   4.8732E+01   1.8368E+01   9.0845E-01  -2.7634E-01  -1.3130E+00   7.4338E-02  -2.2613E-02   2.1489E-01
   2007.00   2.1452E+01   4.8867E+01   1.8173E+01   8.5886E-01  -2.6130E-01  -1.2414E+00   7.0281E-02  -2.1382E-02   2.0318E-01
   2007.08   2.1576E+01   4.9024E+01   1.7982E+01   8.2760E-01  -2.5154E-01  -1.1960E+00   6.7723E-02  -2.0583E-02   1.9573E-01
   2007.17   2.1680E+01   4.9203E+01   1.7795E+01   8.1465E-01  -2.4705E-01  -1.1766E+00   6.6663E-02  -2.0216E-02   1.9256E-01
   2007.25   2.1764E+01   4.9404E+01   1.7612E+01   8.2002E-01  -2.4783E-01  -1.1833E+00   6.7102E-02  -2.0280E-02   1.9365E-01
   2007.33   2.1827E+01   4.9627E+01   1.7433E+01   8.4370E-01  -2.5389E-01  -1.2160E+00   6.9040E-02  -2.0776E-02   1.9902E-01
   2007.42   2.1871E+01   4.9872E+01   1.7257E+01   8.8570E-01  -2.6522E-01  -1.2749E+00   7.2477E-02  -2.1703E-02   2.0865E-01
   2007.50   2.1894E+01   5.0139E+01   1.7085E+01   9.4602E-01  -2.8182E-01  -1.3598E+00   7.7413E-02  -2.3062E-02   2.2255E-01
   2007.58   2.1897E+01   5.0428E+01   1.6917E+01   1.0247E+00  -3.0370E-01  -1.4708E+00   8.3848E-02  -2.4852E-02   2.4072E-01
   2007.67   2.1881E+01   5.0740E+01   1.6753E+01   1.1216E+00  -3.3086E-01  -1.6079E+00   9.1782E-02  -2.7074E-02   2.6316E-01
   2007.75   2.1843E+01   5.1073E+01   1.6593E+01   1.2369E+00  -3.6329E-01  -1.7711E+00   1.0121E-01  -2.9728E-02   2.8987E-01
   2007.83   2.1786E+01   5.1428E+01   1.6437E+01   1.3705E+00  -4.0099E-01  -1.9604E+00   1.1215E-01  -3.2813E-02   3.2084E-01
   2007.92   2.1709E+01   5.1805E+01   1.6284E+01   1.5224E+00  -4.4397E-01  -2.1758E+00   1.2458E-01  -3.6330E-02   3.5609E-01
   2008.00   2.1612E+01   5.2204E+01   1.6136E+01   1.6926E+00  -4.9222E-01  -2.4172E+00   1.3851E-01  -4.0278E-02   3.9560E-01
   2008.08   2.1502E+01   5.2609E+01   1.5994E+01   1.8595E+00  -5.3959E-01  -2.6540E+00   1.5216E-01  -4.4155E-02   4.3436E-01
   2008.17   2.1387E+01   5.3006E+01   1.5861E+01   2.0014E+00  -5.7993E-01  -2.8554E+00   1.6378E-01  -4.7456E-02   4.6732E-01
   2008.25   2.1267E+01   5.3394E+01   1.5738E+01   2.1184E+00  -6.1323E-01  -3.0214E+00   1.7335E-01  -5.0181E-02   4.9449E-01
   2008.33   2.1143E+01   5.3774E+01   1.5625E+01   2.2105E+00  -6.3950E-01  -3.1521E+00   1.8088E-01  -5.2330E-02   5.1587E-01
   2008.42   2.1014E+01   5.4144E+01   1.5521E+01   2.2776E+00  -6.5873E-01  -3.2473E+00   1.8637E-01  -5.3904E-02   5.3146E-01
   2008.50   2.0880E+01   5.4506E+01   1.5426E+01   2.3197E+00  -6.7093E-01  -3.3072E+00   1.8982E-01  -5.4903E-02   5.4126E-01
   2008.58   2.0741E+01   5.4859E+01   1.5341E+01   2.3369E+00  -6.7610E-01  -3.3317E+00   1.9123E-01  -5.5326E-02   5.4527E-01
   2008.67   2.0597E+01   5.5203E+01   1.5265E+01   2.3291E+00  -6.7423E-01  -3.3208E+00   1.9059E-01  -5.5173E-02   5.4349E-01
   2008.75   2.0448E+01   5.5539E+01   1.5199E+01   2.2964E+00  -6.6533E-01  -3.2746E+00   1.8791E-01  -5.4444E-02   5.3592E-01
   2008.83   2.0295E+01   5.5865E+01   1.5142E+01   2.2387E+00  -6.4940E-01  -3.1929E+00   1.8319E-01  -5.3140E-02   5.2256E-01
   2008.92   2.0137E+01   5.6183E+01   1.5095E+01   2.1561E+00  -6.2643E-01  -3.0759E+00   1.7643E-01  -5.1261E-02   5.0340E-01
   2009.00   1.9974E+01   5.6492E+01   1.5058E+01   2.0485E+00  -5.9643E-01  -2.9235E+00   1.6763E-01  -4.8806E-02   4.7846E-01
   2009.08   1.9806E+01   5.6793E+01   1.5029E+01   1.9160E+00  -5.5939E-01  -2.7357E+00   1.5678E-01  -4.5775E-02   4.4772E-01
   2009.17   1.9633E+01   5.7084E+01   1.5011E+01   1.7585E+00  -5.1532E-01  -2.5125E+00   1.4390E-01  -4.2169E-02   4.1120E-01
   2009.25   1.9455E+01   5.7367E+01   1.5001E+01   1.5760E+00  -4.6421E-01  -2.2539E+00   1.2897E-01  -3.7987E-02   3.6888E-01
   2009.33   1.9273E+01   5.7641E+01   1.5001E+01   1.3686E+00  -4.0607E-01  -1.9600E+00   1.1199E-01  -3.3229E-02   3.2077E-01
   2009.42   1.9086E+01   5.7906E+01   1.5011E+01   1.1363E+00  -3.4090E-01  -1.6307E+00   9.2981E-02  -2.7896E-02   2.6687E-01
   2009.50   1.8894E+01   5.8163E+01   1.5030E+01   8.7896E-01  -2.6869E-01  -1.2659E+00   7.1925E-02  -2.1987E-02   2.0718E-01
   2009.58   1.8697E+01   5.8410E+01   1.5059E+01   5.9670E-01  -1.8945E-01  -8.6585E-01   4.8828E-02  -1.5503E-02   1.4171E-01
   2009.67   1.8495E+01   5.8649E+01   1.5097E+01   2.8949E-01  -1.0318E-01  -4.3037E-01   2.3689E-02  -8.4430E-03   7.0435E-02
   2009.75   1.8289E+01   5.8879E+01   1.5145E+01  -4.2680E-02  -9.8681E-03   4.0489E-02  -3.4925E-03  -8.0751E-04  -6.6264E-03
   2009.83   1.8077E+01   5.9101E+01   1.5202E+01  -3.9980E-01   9.0475E-02   5.4673E-01  -3.2716E-02   7.4036E-03  -8.9478E-02
   2009.92   1.7861E+01   5.9313E+01   1.5268E+01  -7.8187E-01   1.9785E-01   1.0884E+00  -6.3981E-02   1.6190E-02  -1.7812E-01
   2010.00   1.7640E+01   5.9517E+01   1.5344E+01  -1.1889E+00   3.1226E-01   1.6654E+00  -9.7288E-02   2.5553E-02  -2.7255E-01
   2010.08   1.7425E+01   5.9711E+01   1.5419E+01  -1.5910E+00   4.2533E-01   2.2355E+00  -1.3020E-01   3.4805E-02  -3.6586E-01
   2010.17   1.7228E+01   5.9896E+01   1.5482E+01  -1.9584E+00   5.2866E-01   2.7563E+00  -1.6026E-01   4.3260E-02  -4.5110E-01
   2010.25   1.7048E+01   6.0071E+01   1.5533E+01  -2.2911E+00   6.2226E-01   3.2280E+00  -1.8748E-01   5.0920E-02  -5.2830E-01
   2010.33   1.6885E+01   6.0236E+01   1.5572E+01  -2.5890E+00   7.0614E-01   3.6504E+00  -2.1186E-01   5.7784E-02  -5.9743E-01
   2010.42   1.6740E+01   6.0391E+01   1.5599E+01  -2.8522E+00   7.8028E-01   4.0237E+00  -2.3340E-01   6.3851E-02  -6.5852E-01
   2010.50   1.6612E+01   6.0536E+01   1.5614E+01  -3.0807E+00   8.4470E-01   4.3477E+00  -2.5210E-01   6.9122E-02  -7.1155E-01
   2010.58   1.6501E+01   6.0672E+01   1.5618E+01  -3.2744E+00   8.9939E-01   4.6225E+00  -2.6795E-01   7.3597E-02  -7.5652E-01
   2010.67   1.6408E+01   6.0798E+01   1.5609E+01  -3.4334E+00   9.4434E-01   4.8481E+00  -2.8096E-01   7.7276E-02  -7.9345E-01
   2010.75   1.6332E+01   6.0914E+01   1.5589E+01  -3.5577E+00   9.7957E-01   5.0245E+00  -2.9113E-01   8.0159E-02  -8.2231E-01
   2010.83   1.6274E+01   6.1020E+01   1.5556E+01  -3.6472E+00   1.0051E+00   5.1517E+00  -2.9846E-01   8.2245E-02  -8.4313E-01
   2010.92   1.6233E+01   6.1116E+01   1.5512E+01  -3.7020E+00   1.0208E+00   5.2296E+00  -3.0294E-01   8.3536E-02  -8.5588E-01
   2011.00   1.6209E+01   6.1203E+01   1.5456E+01  -3.7221E+00   1.0269E+00   5.2584E+00  -3.0458E-01   8.4030E-02  -8.6059E-01
   2011.08   1.6203E+01   6.1279E+01   1.5388E+01  -3.7074E+00   1.0232E+00   5.2379E+00  -3.0338E-01   8.3728E-02  -8.5724E-01
   2011.17   1.6214E+01   6.1346E+01   1.5308E+01  -3.6580E+00   1.0098E+00   5.1682E+00  -2.9934E-01   8.2629E-02  -8.4583E-01
   2011.25   1.6242E+01   6.1403E+01   1.5216E+01  -3.5739E+00   9.8662E-01   5.0493E+00  -2.9245E-01   8.0735E-02  -8.2637E-01
   2011.33   1.6288E+01   6.1450E+01   1.5112E+01  -3.4550E+00   9.5374E-01   4.8812E+00  -2.8273E-01   7.8045E-02  -7.9886E-01
   2011.42   1.6351E+01   6.1488E+01   1.4997E+01  -3.3014E+00   9.1113E-01   4.6639E+00  -2.7016E-01   7.4558E-02  -7.6329E-01
   2011.50   1.6431E+01   6.1515E+01   1.4869E+01  -3.1131E+00   8.5879E-01   4.3973E+00  -2.5475E-01   7.0275E-02  -7.1967E-01
   2011.58   1.6529E+01   6.1533E+01   1.4730E+01  -2.8900E+00   7.9672E-01   4.0816E+00  -2.3649E-01   6.5196E-02  -6.6800E-01
   2011.67   1.6644E+01   6.1541E+01   1.4578E+01  -2.6322E+00   7.2492E-01   3.7166E+00  -2.1540E-01   5.9321E-02  -6.0827E-01
   2011.75   1.6777E+01   6.1539E+01   1.4415E+01  -2.3397E+00   6.4340E-01   3.3025E+00  -1.9146E-01   5.2649E-02  -5.4048E-01
   2011.83   1.6927E+01   6.1527E+01   1.4240E+01  -2.0124E+00   5.5214E-01   2.8391E+00  -1.6468E-01   4.5182E-02  -4.6464E-01
   2011.92   1.7094E+01   6.1505E+01   1.4053E+01  -1.6504E+00   4.5115E-01   2.3265E+00  -1.3506E-01   3.6918E-02  -3.8075E-01
   2012.00   1.7279E+01   6.1474E+01   1.3854E+01  -1.2537E+00   3.4044E-01   1.7646E+00  -1.0259E-01   2.7858E-02  -2.8880E-01
