ALE,1996,13,10,82
HIS,1959,496,437,-1760
HIS,1963,99999,99999,99999
HIS,1967,0,0,-70
CCS,1963,0,0,-65
THL,1955,99999,99999,99999
THL,1989,99999,99999,99999
THU,1947,99999,99999,99999
MBC,1996,-8,0,44
RES,1996,0,0,-7
BJN,1951,99999,99999,99999
DIK,1950,30,-163,73
DIK,1953,-198,139,187
DIK,1963,0,0,-87
DIK,1977,0,0,30
DIK,1997,99999,99999,99999
VYK,1954,12,-1,-19
TIK,1946,0,0,200
TIK,1963,0,0,-52
TIK,1975,-2,-8,-35
TRO,2006,76,-8,-25
GDH,1976,-40,36,-275
GDH,1990,4,-4,15
CBB,1996,0,-12,30
ABK,1965,99999,99999,99999
MMK,1961,-149,-209,270
MMK,1965,0,0,-30
SOD,1914,99999,99999,99999
SOD,1946,13,25,124
CMO,1948,-22,49,-100
CMO,1988,4,2,-33
CMO,1997,-2,-55,-63
OUL,2007,21,-19,-9
IQA,2007,40,-170,-245
YKC,1996,449,-165,311
SRE,1942,-230,-73,135
SRE,1953,0,0,150
SRE,1961,0,0,185
DOB,1952,99999,99999,99999
DOB,1999,11,15,9
YAK,1965,-34,22,-32
NAQ,1989,2,10,30
NAQ,1994,-1,0,-2
LER,1934,0,0,-144
LER,1990,-5,1,8
LER,1996,0,0,-8
LER,2004,-1,0,-2
LER,2008,5,-6,1
LER,2014,4,0,0
MGD,1966,-1078,1087,1190
LNN,1947,79,-4,-103
LNN,1963,-16,-6,-15
UPS,1998,148,66,-38
SLU,1878,36,-29,404
FCC,1996,0,0,10
SIT,1940,-37,6,-30
SIT,1988,2,1,5
SVD,1932,-28,-571,628
SVD,1956,11,3,33
SVD,1967,-10,-2,-47
ARS,1973,-604,220,-347
RSV,1907,125,4,-249
KZN,1914,24,-23,0
KZN,1952,13,2,35
KZN,1970,10,2,-14
BFE,1980,-131,194,265
MOS,1966,-10,-1,-16
ESK,1990,-11,1,-22
ESK,1994,8,-1,23
ESK,2004,-1,0,-3
PBQ,1985,156,-267,4
PBQ,1996,-16,-6,-91
NVS,1972,-6,-1,-5
NVS,2004,0,3,0
MEA,1996,0,0,17
HLP,2006,-2,-8,9
MNK,1977,3,-36,0
STO,1964,-6,25,-3
WNG,1939,36,-193,-11
WNG,2004,2,3,-2
PET,1973,99999,99999,99999
PET,2009,-1,6,20
WIT,1938,240,-216,-309
ZUY,1915,181,7,-251
ZUY,1952,13,0,39
IRT,1959,-288,77,330
IRT,1977,-4,9,-8
DBN,1899,5,-9,-73
NGK,1996,-4,0,0
VAL,1997,21,-5,32
BYH,1817,99999,99999,99999
ABN,1925,-162,109,134
HAD,1957,247,542,-56
HAD,1980,0,0,6
HAD,1990,6,-1,-23
KIV,1964,-43,104,10
MAB,1932,-47,-309,0
MAB,1991,99999,99999,99999
BMK,1925,99999,99999,99999
PRU,1946,99999,99999,99999
PRU,1956,-10,3,-22
PRU,1959,0,0,-10
LVV,1952,99999,99999,99999
LVV,1969,0,0,-36
KGD,1975,-3,25,0
KGD,1977,-25,187,0
GLN,1996,-11,0,-43
BDV,1998,-4,-3,2
VLJ,1901,132,148,-96
VIC,1996,11,10,-35
WIK,1955,99999,99999,99999
NEW,1988,7,2,0
WIA,1929,99999,99999,99999
MAS,1927,7,55,0
FUR,1939,-21,-14,-14
CLF,1936,-387,-96,278
CLF,1957,35,-4,72
CLF,1968,-2,-18,11
CLF,1983,0,-9,1
HRB,1890,99999,99999,99999
YSS,1941,99999,99999,99999
YSS,1958,69,-12,120
YSS,1970,192,-25,-273
YSS,1972,-11,-62,24
YSS,1978,10,8,-9
THY,1955,-326,163,456
THY,1979,-12,0,-7
ODE,1936,99999,99999,99999
ODE,1956,9,0,18
ODE,1967,-10,0,-23
ODA,1899,99999,99999,99999
OTT,1996,2,0,8
CNH,1979,-26,4,-188
MMB,1963,9,-2,-19
AGN,1899,114,159,363
VOR,1951,99999,99999,99999
VLA,1958,-38,198,200
VLA,1965,0,0,33
AAA,1967,-14,-1,7
PAG,1962,-7,0,-12
PAG,1964,0,3,0
TFS,1938,443,-135,229
TFS,1954,13,1,15
TFS,1958,28,3,42
TFS,1988,27,2,-32
KAS,1905,-43,126,-510
KEL,1936,-50,-64,50
KEL,1952,-3,0,-5
KEL,1957,0,0,-30
TKT,1964,-4,-47,115
TKT,1968,0,0,-25
EBR,2012,93,23,-113
COI,2006,99999,99999,99999
BJI,1957,99999,99999,99999
BJI,1976,-28,3,-44
SPT,1981,-151,48,317
MIZ,1990,-12,2,35
FRD,1956,-470,-192,413
FRD,1988,1,6,2
FRD,1997,1,0,0
DEK,1935,99999,99999,99999
PEG,1959,99999,99999,99999
PEG,1987,99999,99999,99999
SFS,2005,148,-31,-189
SFS,1991,316,26,-341
SFS,1964,99999,99999,99999
SFS,1970,0,0,70
KAK,1913,268,23,-481
KAK,1948,1,6,0
KAK,1958,-11,19,44
LZH,2008,-4,-2,-1
LZH,2011,1,-2,-1
SSO,1954,99999,99999,99999
HTY,1967,99999,99999,99999
HTY,1981,-118,-365,-78
TUC,1988,8,2,-65
TUC,1996,10,233,-186
BGY,1989,202,153,-57
BGY,2004,201,152,-58
AMT,1995,-201,-152,58
LKP,1908,-143,225,-126
SSH,1933,119,-111,-10
SAB,1964,99999,99999,99999
MLT,1960,-149,35,375
GUI,1993,2612,970,-394
JAI,1980,53,-1,90
JAI,2003,99999,99999,99999
TAP,1951,99999,99999,99999
UJJ,1980,83,-1,25
HVN,1980,99999,99999,99999
HVN,1988,99999,99999,99999
AUT,1927,-160,109,-132
TCN,1972,99999,99999,99999
HON,1961,244,88,421
HON,1988,-1,4,0
HON,1947,-219,-602,237
TEO,1914,99999,99999,99999
TAC,1889,99999,99999,99999
CUA,1903,99999,99999,99999
ABG,1904,556,-580,-612
ABG,1978,82,-1,103
ABG,1991,-128,0,-113
SJG,1926,-330,-42,-797
SJG,1965,83,-207,257
SJG,1988,1,1,7
HYB,1970,2,70,0
HYB,1973,-2,-70,0
HYB,1983,0,0,-22
ANO,1910,99999,99999,99999
MBO,1955,0,0,48
Admin,0,30460,-8142,10114
ARS-data_from_repeat_stations.dat,0,38869,361,10019
bash-git-prompt,0,35837,1159,7238
bggm_sv,1964,40029,-1609,6204
bggm_SV_1909mid,1969,40277,-1831,4118
bggm_SV_1909start,1973,35980,753,957
BGGMToolUTMTesting,1977,40018,-2018,-406
BGS_poster_template.pptx,,37817,1377,-16
cdf37_0-dist,,32032,-2767,-7947
cdf37_0-dist-all.tar.gz,,32118,-2475,-8367
David_IAGA,,31995,-235,-9293
denoisedSV.pptx,,32029,-138,-9337
Downloads,,27671,-7507,9071
ES-all-2018.txt,,37165,665,-23983
ga2019.rpt,,23995,-4920,-21346
GVO,,23849,-4876,-21580
IAGA_SummerSchool2019,,22793,-3680,-22949
igrf_bggm_1909-1910,,22687,-3367,-24930
jumps.sh,,31169,5640,-18805
MagPySV,,31052,6045,-19221
MI2020_Southampton.pptx,,30046,5830,-18890
MMA_F,,29567,5796,-19415
Navigating Under the Seabed.pptx,,19918,-4337,-28327
ncei_order_2020-01-16T18_09_45.470Z.tar.gz,,14408,-2780,-26228
oamfile_jul20.dat,,20919,-6236,-29396
PCA_validation.zip,,24205,-4472,-6497
robots.txt,,12293,-3657,-25520
scratch,,23924,-1209,-53476
temp,,23159,-1134,-53774
test.txt,,13735,-6320,-29762
Thumbs.db,,13034,-5765,-29249
tmp,,9788,-4355,-24018
Untitled.ipynb,,23305,4993,-53778
wdc_RSHungary_2016.dat,,22770,3267,-55981
wdc_RSHungary_2018.dat,,20040,2026,-17941
WP2000.pptx,,19841,8041,-54776
Admin,,19278,8405,-53570
ARS-data_from_repeat_stations.dat,,11865,-11149,-33499
bash-git-prompt,,11326,-14847,-44695
bggm_sv,,12978,-9768,-45672
bggm_SV_1909mid,,18737,1132,-42643
bggm_SV_1909start,,18379,976,-21837
BGGMToolUTMTesting,,2522,-13500,-21706
BGS_poster_template.pptx,,1961,-13643,-60295
cdf37_0-dist,,1632,-13827,-59783
cdf37_0-dist-all.tar.gz,,36,-20,-59032
David_IAGA,,29,25,-35
denoisedSV.pptx,,-2,-32,-125
Downloads,,0,0,318
ES-all-2018.txt,,-1009,-440,-3
ga2019.rpt,,-1175,-451,-70257
GVO,,-1555,-365,-70027
IAGA_SummerSchool2019,,12319,-14435,-69585
igrf_bggm_1909-1910,,18461,-6225,-43145
jumps.sh,,18242,-6139,-38468
MagPySV,,15430,-10953,-37336
MI2020_Southampton.pptx,,18563,-4070,-40857
MMA_F,,16780,-8656,-35212
Navigating Under the Seabed.pptx,,16686,-8668,-39831
ncei_order_2020-01-16T18_09_45.470Z.tar.gz,,16456,-8627,-38871
oamfile_jul20.dat,,-8938,3884,-37010
PCA_validation.zip,,-9952,4362,-69474
robots.txt,,-5651,-10971,-66839
scratch,,-6128,-11229,-61323
temp,,-6163,-11336,-60082
test.txt,,5452,15322,-59675
Thumbs.db,,,,-58121
tmp,,,,
Untitled.ipynb,,,,
wdc_RSHungary_2016.dat,,,,
wdc_RSHungary_2018.dat,,,,
WP2000.pptx,,,,
Admin,,,,
ARS-data_from_repeat_stations.dat,,,,
bash-git-prompt,,,,
bggm_sv,,,,
bggm_SV_1909mid,,,,
bggm_SV_1909start,,,,
BGGMToolUTMTesting,,,,
BGS_poster_template.pptx,,,,
cdf37_0-dist,,,,
cdf37_0-dist-all.tar.gz,,,,
David_IAGA,,,,
denoisedSV.pptx,,,,
Downloads,,,,
ES-all-2018.txt,,,,
ga2019.rpt,,,,
GVO,,,,
IAGA_SummerSchool2019,,,,
igrf_bggm_1909-1910,,,,
jumps.sh,,,,
MagPySV,,,,
MI2020_Southampton.pptx,,,,
MMA_F,,,,
Navigating Under the Seabed.pptx,,,,
ncei_order_2020-01-16T18_09_45.470Z.tar.gz,,,,
oamfile_jul20.dat,,,,
PCA_validation.zip,,,,
robots.txt,,,,
scratch,,,,
temp,,,,
test.txt,,,,
Thumbs.db,,,,
tmp,,,,
Untitled.ipynb,,,,
wdc_RSHungary_2016.dat,,,,
wdc_RSHungary_2018.dat,,,,
WP2000.pptx,,,,
DRV,,,,
DRV,,,,
DRV,,,,
DRV,,,,
